63	1	414.3717	145.8853	0
63	2	755.7472	149.0443	0
63	3	412.6981	148.6475	0
63	4	509.5006	129.8509	0
63	5	134.0136	173.8922	0
63	6	573.4848	170.3275	0
63	7	401.4236	163.8975	0
63	8	394.7167	199.9082	0
63	9	786.8054	134.6187	0
63	10	243.6533	166.638	0
63	11	777.6901	117.8391	0
63	12	696.6313	127.7282	0
63	13	457.0766	125.071	0
63	14	701.1575	146.4022	0
63	15	734.395	130.8143	0
63	16	547.9564	143.2572	0
63	17	644.7984	144.3956	0
63	18	707.5999	127.6331	0
63	19	287.9271	177.3448	0
63	20	484.933	177.5711	0
63	21	-87.34559	192.1528	0
63	22	-5.522913	200.0121	0
63	23	520.864	138.282	0
63	24	718.0922	129.1847	0
63	25	336.847	194.6191	0
63	26	687.7783	140.4919	0
63	27	756.7308	154.131	0
63	28	15.58681	156.137	0
63	29	683.0206	126.3307	0
63	30	645.5178	123.9826	0
63	31	184.5277	193.4264	0
63	32	735.6581	120.9309	0
63	33	763.3603	119.3151	0
63	34	352.2588	147.5947	0
63	35	-190.1267	240.5965	0
63	36	335.6055	158.5533	0
63	37	461.9729	133.5041	0
63	38	242.5099	234.5463	0
63	39	674.9022	135.1889	0
63	40	815.1036	130.5735	0
63	41	406.3777	147.2746	0
63	42	356.1782	170.8884	0
63	43	475.8189	153.9344	0
64	1	414.4178	145.8847	0
64	2	755.7007	149.032	0
64	3	412.6857	148.6396	0
64	4	509.4995	129.8551	0
64	5	133.8765	173.9384	0
64	6	573.4789	170.3239	0
64	7	401.3873	163.8871	0
64	8	394.7396	199.8901	0
64	9	786.8	134.6163	0
64	10	243.7299	166.6239	0
64	11	777.6401	117.8345	0
64	12	696.6387	127.7289	0
64	13	457.0709	125.0857	0
64	14	701.157	146.4042	0
64	15	734.3809	130.8076	0
64	16	547.9545	143.2484	0
64	17	644.8146	144.3922	0
64	18	707.6108	127.6337	0
64	19	288.007	177.3426	0
64	20	484.914	177.5522	0
64	21	-87.3437	192.1534	0
64	22	-5.528289	200.0126	0
64	23	520.8904	138.2757	0
64	24	718.093	129.1834	0
64	25	336.8657	194.6139	0
64	26	687.7859	140.495	0
64	27	756.6586	154.1206	0
64	28	15.67873	156.1248	0
64	29	682.9996	126.3253	0
64	30	645.4894	123.978	0
64	31	184.5109	193.4036	0
64	32	735.6642	120.9312	0
64	33	763.3731	119.3149	0
64	34	352.2591	147.5927	0
64	35	-190.091	240.5963	0
64	36	335.6029	158.5375	0
64	37	462.0288	133.5046	0
64	38	242.4983	234.5572	0
64	39	674.9112	135.1895	0
64	40	815.0871	130.5669	0
64	41	406.3769	147.2781	0
64	42	356.218	170.888	0
64	43	475.8364	153.933	0
65	1	414.4606	145.8817	0
65	2	755.6535	149.0202	0
65	3	412.6719	148.6332	0
65	4	509.4967	129.8619	0
65	5	133.7282	173.9821	0
65	6	573.5337	170.3239	0
65	7	401.353	163.8771	0
65	8	394.7615	199.8711	0
65	9	786.8494	134.6171	0
65	10	243.7983	166.6065	0
65	11	777.5964	117.83	0
65	12	696.6458	127.7292	0
65	13	457.06	125.1018	0
65	14	701.144	146.4021	0
65	15	734.3575	130.8024	0
65	16	547.9529	143.2392	0
65	17	644.824	144.3875	0
65	18	707.6214	127.6336	0
65	19	288.0874	177.3355	0
65	20	484.8873	177.5324	0
65	21	-87.34196	192.1534	0
65	22	-5.533514	200.016	0
65	23	520.9081	138.2672	0
65	24	718.0942	129.1822	0
65	25	336.8849	194.6096	0
65	26	687.7943	140.4984	0
65	27	756.5889	154.1104	0
65	28	15.76239	156.1132	0
65	29	682.9735	126.3189	0
65	30	645.462	123.9738	0
65	31	184.4806	193.3814	0
65	32	735.6701	120.9313	0
65	33	763.3862	119.3149	0
65	34	352.2995	147.5931	0
65	35	-190.0491	240.5953	0
65	36	335.5959	158.5214	0
65	37	462.0817	133.5035	0
65	38	242.4651	234.5777	0
65	39	674.9196	135.1905	0
65	40	815.0587	130.5592	0
65	41	406.3793	147.281	0
65	42	356.2711	170.8864	0
65	43	475.8831	153.9326	0
66	1	414.4992	145.8766	0
66	2	755.6039	149.0094	0
66	3	412.6562	148.6269	0
66	4	509.4977	129.8706	0
66	5	133.5806	174.0128	0
66	6	573.5822	170.321	0
66	7	401.3227	163.8698	0
66	8	394.7662	199.8502	0
66	9	786.8849	134.616	0
66	10	243.8509	166.5915	0
66	11	777.5626	117.8263	0
66	12	696.6526	127.729	0
66	13	457.0417	125.1166	0
66	14	701.1774	146.4025	0
66	15	734.335	130.7966	0
66	16	547.9371	143.2281	0
66	17	644.8257	144.3812	0
66	18	707.6327	127.6328	0
66	19	288.1661	177.3235	0
66	20	484.8647	177.5137	0
66	21	-87.33887	192.1538	0
66	22	-5.539238	200.0202	0
66	23	520.9146	138.26	0
66	24	718.0966	129.1812	0
66	25	336.9092	194.6045	0
66	26	687.8049	140.5013	0
66	27	756.5302	154.1017	0
66	28	15.83782	156.101	0
66	29	682.9492	126.3127	0
66	30	645.4322	123.9699	0
66	31	184.4493	193.361	0
66	32	735.6763	120.9309	0
66	33	763.3976	119.3157	0
66	34	352.3405	147.592	0
66	35	-189.9804	240.5836	0
66	36	335.5926	158.5064	0
66	37	462.1267	133.4994	0
66	38	242.4157	234.6088	0
66	39	674.9273	135.1909	0
66	40	815.0203	130.5529	0
66	41	406.386	147.282	0
66	42	356.3223	170.8815	0
66	43	475.9262	153.93	0
67	1	414.5333	145.87	0
67	2	755.5534	149.0005	0
67	3	412.636	148.6211	0
67	4	509.5023	129.8798	0
67	5	133.4668	174.0284	0
67	6	573.6196	170.3139	0
67	7	401.2999	163.8644	0
67	8	394.7555	199.8264	0
67	9	786.9012	134.6118	0
67	10	243.9018	166.576	0
67	11	777.5394	117.8236	0
67	12	696.6603	127.7285	0
67	13	457.0163	125.1253	0
67	14	701.2094	146.4019	0
67	15	734.3008	130.7888	0
67	16	547.9072	143.214	0
67	17	644.8201	144.3755	0
67	18	707.6447	127.6322	0
67	19	288.2417	177.3076	0
67	20	484.8392	177.4954	0
67	21	-87.32926	192.1541	0
67	22	-5.549142	200.0255	0
67	23	520.9169	138.252	0
67	24	718.0995	129.1802	0
67	25	336.9348	194.6004	0
67	26	687.817	140.504	0
67	27	756.4859	154.095	0
67	28	15.89314	156.0854	0
67	29	682.9244	126.3068	0
67	30	645.3983	123.9659	0
67	31	184.4161	193.3462	0
67	32	735.6832	120.9304	0
67	33	763.4017	119.3151	0
67	34	352.3792	147.5885	0
67	35	-189.9074	240.571	0
67	36	335.5853	158.4918	0
67	37	462.1651	133.4935	0
67	38	242.3587	234.6489	0
67	39	674.9348	135.191	0
67	40	814.9825	130.5461	0
67	41	406.3972	147.2833	0
67	42	356.3705	170.8736	0
67	43	475.9627	153.9247	0
68	1	414.5607	145.8613	0
68	2	755.5052	148.9925	0
68	3	412.6121	148.6153	0
68	4	509.5102	129.89	0
68	5	133.4103	174.0333	0
68	6	573.6473	170.3038	0
68	7	401.2868	163.8621	0
68	8	394.7403	199.8025	0
68	9	786.9017	134.6058	0
68	10	243.9313	166.5582	0
68	11	777.5286	117.8228	0
68	12	696.6683	127.7282	0
68	13	456.9917	125.1281	0
68	14	701.231	146.3988	0
68	15	734.2576	130.7789	0
68	16	547.8733	143.1992	0
68	17	644.8098	144.3694	0
68	18	707.6581	127.632	0
68	19	288.3105	177.2872	0
68	20	484.8103	177.4789	0
68	21	-87.31194	192.1539	0
68	22	-5.565965	200.032	0
68	23	520.9102	138.2431	0
68	24	718.103	129.1799	0
68	25	336.9557	194.599	0
68	26	687.8306	140.5056	0
68	27	756.4584	154.0909	0
68	28	15.93358	156.0677	0
68	29	682.8982	126.3015	0
68	30	645.3665	123.9617	0
68	31	184.3895	193.3358	0
68	32	735.6908	120.9302	0
68	33	763.4014	119.3138	0
68	34	352.4157	147.5836	0
68	35	-189.8358	240.5602	0
68	36	335.5743	158.4793	0
68	37	462.196	133.4853	0
68	38	242.2976	234.6925	0
68	39	674.9427	135.1906	0
68	40	814.9308	130.5365	0
68	41	406.4077	147.2854	0
68	42	356.415	170.8632	0
68	43	475.9935	153.9173	0
69	1	414.5772	145.854	0
69	2	755.4539	148.9849	0
69	3	412.5897	148.6098	0
69	4	509.5168	129.9029	0
69	5	133.4136	174.0281	0
69	6	573.6647	170.2908	0
69	7	401.2833	163.8633	0
69	8	394.7287	199.78	0
69	9	786.8864	134.5976	0
69	10	243.9431	166.5369	0
69	11	777.528	117.8237	0
69	12	696.6769	127.7281	0
69	13	456.9763	125.1283	0
69	14	701.2416	146.394	0
69	15	734.2148	130.7688	0
69	16	547.8434	143.1855	0
69	17	644.7954	144.3629	0
69	18	707.6711	127.6318	0
69	19	288.3629	177.2685	0
69	20	484.7798	177.4651	0
69	21	-87.29502	192.1539	0
69	22	-5.588112	200.0385	0
69	23	520.8886	138.231	0
69	24	718.108	129.1804	0
69	25	336.9703	194.6003	0
69	26	687.8467	140.5067	0
69	27	756.4481	154.0906	0
69	28	15.97158	156.0503	0
69	29	682.8713	126.2973	0
69	30	645.3398	123.9583	0
69	31	184.3726	193.332	0
69	32	735.6976	120.9301	0
69	33	763.4016	119.3128	0
69	34	352.4489	147.577	0
69	35	-189.7535	240.5482	0
69	36	335.5611	158.469	0
69	37	462.2156	133.4764	0
69	38	242.2325	234.7423	0
69	39	674.9512	135.1902	0
69	40	814.8696	130.5247	0
69	41	406.4173	147.2863	0
69	42	356.453	170.8503	0
69	43	476.017	153.9076	0
70	1	414.5923	145.8459	0
70	2	755.3977	148.9774	0
70	3	412.5703	148.6056	0
70	4	509.52	129.9171	0
70	5	133.5049	174.0284	0
70	6	573.6709	170.2765	0
70	7	401.2834	163.8656	0
70	8	394.7125	199.758	0
70	9	786.8575	134.5881	0
70	10	243.9482	166.5152	0
70	11	777.5322	117.825	0
70	12	696.6859	127.728	0
70	13	456.9724	125.1262	0
70	14	701.243	146.3875	0
70	15	734.1736	130.7596	0
70	16	547.8102	143.1722	0
70	17	644.7706	144.3541	0
70	18	707.6848	127.6319	0
70	19	288.4114	177.2497	0
70	20	484.747	177.4521	0
70	21	-87.27661	192.1547	0
70	22	-5.606627	200.0447	0
70	23	520.8602	138.2178	0
70	24	718.1127	129.1817	0
70	25	336.9712	194.6057	0
70	26	687.8624	140.5083	0
70	27	756.451	154.0925	0
70	28	16.01047	156.0338	0
70	29	682.8451	126.2935	0
70	30	645.3198	123.9556	0
70	31	184.3663	193.3344	0
70	32	735.7056	120.93	0
70	33	763.4039	119.3119	0
70	34	352.4755	147.5697	0
70	35	-189.6621	240.5365	0
70	36	335.5437	158.4587	0
70	37	462.2264	133.4688	0
70	38	242.1566	234.8005	0
70	39	674.9607	135.1901	0
70	40	814.8104	130.5129	0
70	41	406.4264	147.2865	0
70	42	356.4791	170.839	0
70	43	476.0308	153.8987	0
71	1	414.596	145.8365	0
71	2	755.3458	148.9698	0
71	3	412.556	148.6026	0
71	4	509.5183	129.9322	0
71	5	133.6082	174.0241	0
71	6	573.6647	170.2632	0
71	7	401.284	163.8684	0
71	8	394.6927	199.7384	0
71	9	786.8178	134.5803	0
71	10	243.958	166.4948	0
71	11	777.5371	117.8265	0
71	12	696.6945	127.728	0
71	13	457.0189	125.1272	0
71	14	701.2349	146.3792	0
71	15	734.1302	130.7509	0
71	16	547.7732	143.1609	0
71	17	644.7404	144.3443	0
71	18	707.6967	127.6326	0
71	19	288.442	177.2301	0
71	20	484.7076	177.4399	0
71	21	-87.24744	192.1514	0
71	22	-5.616431	200.0491	0
71	23	520.8357	138.2054	0
71	24	718.1183	129.1839	0
71	25	336.959	194.6165	0
71	26	687.8766	140.5092	0
71	27	756.4573	154.095	0
71	28	16.04359	156.0183	0
71	29	682.8168	126.2899	0
71	30	645.3081	123.954	0
71	31	184.3618	193.3391	0
71	32	735.7121	120.9303	0
71	33	763.4055	119.311	0
71	34	352.4946	147.5631	0
71	35	-189.5961	240.5312	0
71	36	335.5175	158.4489	0
71	37	462.2324	133.4605	0
71	38	242.0713	234.8625	0
71	39	674.9702	135.19	0
71	40	814.7522	130.502	0
71	41	406.436	147.2858	0
71	42	356.5036	170.8267	0
71	43	476.0388	153.8891	0
72	1	414.5871	145.8245	0
72	2	755.3035	148.964	0
72	3	412.5482	148.6015	0
72	4	509.5089	129.9449	0
72	5	133.7169	174.0134	0
72	6	573.6569	170.2492	0
72	7	401.2842	163.8718	0
72	8	394.6708	199.7219	0
72	9	786.7781	134.5718	0
72	10	243.9625	166.475	0
72	11	777.5439	117.8282	0
72	12	696.702	127.7286	0
72	13	457.0634	125.127	0
72	14	701.2166	146.3723	0
72	15	734.0843	130.7437	0
72	16	547.7366	143.1517	0
72	17	644.713	144.3351	0
72	18	707.7023	127.632	0
72	19	288.4511	177.2058	0
72	20	484.6625	177.4279	0
72	21	-87.2131	192.1467	0
72	22	-5.615187	200.0517	0
72	23	520.8085	138.1934	0
72	24	718.1276	129.1871	0
72	25	336.9313	194.6352	0
72	26	687.8905	140.5101	0
72	27	756.4648	154.0981	0
72	28	16.07176	156.0054	0
72	29	682.7856	126.2862	0
72	30	645.3045	123.9543	0
72	31	184.3565	193.3448	0
72	32	735.7162	120.9303	0
72	33	763.4083	119.3112	0
72	34	352.5112	147.556	0
72	35	-189.5531	240.5316	0
72	36	335.4879	158.4394	0
72	37	462.221	133.4489	0
72	38	241.9741	234.9268	0
72	39	674.9803	135.19	0
72	40	814.6913	130.4918	0
72	41	406.4467	147.2853	0
72	42	356.5151	170.8133	0
72	43	476.0398	153.8792	0
73	1	414.5731	145.8118	0
73	2	755.2724	148.9593	0
73	3	412.5464	148.6023	0
73	4	509.4936	129.9513	0
73	5	133.8302	173.9984	0
73	6	573.6322	170.2324	0
73	7	401.2827	163.8755	0
73	8	394.6441	199.7057	0
73	9	786.7224	134.5601	0
73	10	243.9624	166.4579	0
73	11	777.5515	117.8296	0
73	12	696.7047	127.7278	0
73	13	457.1019	125.1245	0
73	14	701.199	146.3651	0
73	15	734.0411	130.7378	0
73	16	547.6976	143.1426	0
73	17	644.6844	144.3262	0
73	18	707.7036	127.6304	0
73	19	288.4487	177.1804	0
73	20	484.6209	177.4167	0
73	21	-87.17906	192.1425	0
73	22	-5.608468	200.0547	0
73	23	520.7783	138.1831	0
73	24	718.14	129.1929	0
73	25	336.8994	194.6604	0
73	26	687.9044	140.5096	0
73	27	756.4751	154.1016	0
73	28	16.09185	155.994	0
73	29	682.7562	126.2824	0
73	30	645.3061	123.9552	0
73	31	184.3479	193.3519	0
73	32	735.7168	120.9295	0
73	33	763.4141	119.3122	0
73	34	352.5158	147.5469	0
73	35	-189.5644	240.5414	0
73	36	335.4608	158.4309	0
73	37	462.198	133.4351	0
73	38	241.8676	234.984	0
73	39	674.9891	135.1905	0
73	40	814.6285	130.4836	0
73	41	406.4604	147.2852	0
73	42	356.5126	170.797	0
73	43	476.0264	153.8663	0
74	1	414.5622	145.8001	0
74	2	755.2548	148.9569	0
74	3	412.5467	148.6037	0
74	4	509.4787	129.9532	0
74	5	133.9447	173.9789	0
74	6	573.5948	170.2133	0
74	7	401.2813	163.879	0
74	8	394.6086	199.6905	0
74	9	786.6555	134.546	0
74	10	243.9577	166.4435	0
74	11	777.5613	117.8311	0
74	12	696.7058	127.7268	0
74	13	457.1351	125.1206	0
74	14	701.1717	146.3564	0
74	15	733.9958	130.7319	0
74	16	547.6509	143.134	0
74	17	644.6537	144.3183	0
74	18	707.7054	127.6291	0
74	19	288.4518	177.1563	0
74	20	484.5857	177.4086	0
74	21	-87.14397	192.1385	0
74	22	-5.602894	200.057	0
74	23	520.747	138.1747	0
74	24	718.1603	129.2004	0
74	25	336.8664	194.6907	0
74	26	687.9194	140.5086	0
74	27	756.4863	154.1049	0
74	28	16.10374	155.9831	0
74	29	682.7319	126.2795	0
74	30	645.3088	123.9565	0
74	31	184.3336	193.3597	0
74	32	735.7175	120.9288	0
74	33	763.4196	119.314	0
74	34	352.5113	147.5361	0
74	35	-189.6455	240.5641	0
74	36	335.4366	158.4244	0
74	37	462.1767	133.4215	0
74	38	241.767	235.0231	0
74	39	674.9941	135.1901	0
74	40	814.5696	130.4766	0
74	41	406.477	147.2849	0
74	42	356.5038	170.7801	0
74	43	476.0048	153.8521	0
75	1	414.5483	145.7886	0
75	2	755.2501	148.9574	0
75	3	412.5471	148.6054	0
75	4	509.4683	129.9528	0
75	5	134.0486	173.9565	0
75	6	573.5577	170.1944	0
75	7	401.2822	163.8822	0
75	8	394.5694	199.676	0
75	9	786.5914	134.532	0
75	10	243.9472	166.4295	0
75	11	777.571	117.8322	0
75	12	696.7072	127.726	0
75	13	457.1625	125.1152	0
75	14	701.134	146.3455	0
75	15	733.9456	130.7262	0
75	16	547.6021	143.1254	0
75	17	644.6227	144.3119	0
75	18	707.7092	127.6279	0
75	19	288.4512	177.1328	0
75	20	484.5601	177.4027	0
75	21	-87.10007	192.1339	0
75	22	-5.598514	200.0591	0
75	23	520.7141	138.1666	0
75	24	718.1888	129.2089	0
75	25	336.8351	194.7233	0
75	26	687.9364	140.5085	0
75	27	756.5005	154.1084	0
75	28	16.10367	155.9724	0
75	29	682.7141	126.2771	0
75	30	645.3121	123.9578	0
75	31	184.3172	193.3679	0
75	32	735.7189	120.9283	0
75	33	763.4282	119.3166	0
75	34	352.506	147.5254	0
75	35	-189.8037	240.6045	0
75	36	335.4199	158.4202	0
75	37	462.1557	133.4088	0
75	38	241.6986	235.0427	0
75	39	674.9959	135.1888	0
75	40	814.5084	130.4697	0
75	41	406.4936	147.2849	0
75	42	356.4985	170.7643	0
75	43	475.9863	153.8386	0
76	1	414.5315	145.7788	0
76	2	755.2534	148.9589	0
76	3	412.5474	148.6074	0
76	4	509.4799	129.9518	0
76	5	134.1363	173.9367	0
76	6	573.522	170.1765	0
76	7	401.2867	163.8841	0
76	8	394.5338	199.6635	0
76	9	786.5281	134.5189	0
76	10	243.9246	166.4161	0
76	11	777.5822	117.8324	0
76	12	696.7102	127.7252	0
76	13	457.1813	125.1086	0
76	14	701.0942	146.334	0
76	15	733.897	130.7203	0
76	16	547.559	143.1175	0
76	17	644.5917	144.3058	0
76	18	707.7128	127.6267	0
76	19	288.4455	177.1117	0
76	20	484.5462	177.4005	0
76	21	-87.06493	192.1318	0
76	22	-5.595976	200.0598	0
76	23	520.6755	138.1591	0
76	24	718.2247	129.2178	0
76	25	336.7986	194.7624	0
76	26	687.9528	140.5084	0
76	27	756.5145	154.1111	0
76	28	16.09822	155.9619	0
76	29	682.7037	126.2758	0
76	30	645.3157	123.9593	0
76	31	184.3074	193.3749	0
76	32	735.7209	120.9277	0
76	33	763.4426	119.3206	0
76	34	352.5016	147.5154	0
76	35	-190.0145	240.6606	0
76	36	335.4118	158.4194	0
76	37	462.1309	133.3971	0
76	38	241.6695	235.0439	0
76	39	674.9979	135.1876	0
76	40	814.4418	130.4629	0
76	41	406.5096	147.2857	0
76	42	356.4898	170.7488	0
76	43	475.9661	153.8255	0
77	1	414.5132	145.7708	0
77	2	755.2584	148.9609	0
77	3	412.5466	148.6094	0
77	4	509.5192	129.9521	0
77	5	134.2174	173.9164	0
77	6	573.4825	170.1595	0
77	7	401.2958	163.8855	0
77	8	394.5036	199.6544	0
77	9	786.4619	134.5068	0
77	10	243.8963	166.4031	0
77	11	777.5935	117.8329	0
77	12	696.7129	127.7245	0
77	13	457.1903	125.1035	0
77	14	701.0576	146.3235	0
77	15	733.856	130.7153	0
77	16	547.524	143.1113	0
77	17	644.5577	144.3002	0
77	18	707.7173	127.6266	0
77	19	288.4348	177.0941	0
77	20	484.5434	177.4019	0
77	21	-87.03811	192.1317	0
77	22	-5.593438	200.0598	0
77	23	520.6318	138.1515	0
77	24	718.2642	129.229	0
77	25	336.754	194.8055	0
77	26	687.9718	140.5083	0
77	27	756.5309	154.112	0
77	28	16.08829	155.9534	0
77	29	682.7007	126.2762	0
77	30	645.32	123.9604	0
77	31	184.3062	193.3791	0
77	32	735.7233	120.9276	0
77	33	763.4634	119.327	0
77	34	352.4942	147.5059	0
77	35	-190.2717	240.7302	0
77	36	335.4108	158.4209	0
77	37	462.1029	133.3878	0
77	38	241.7075	235.0393	0
77	39	675.001	135.1866	0
77	40	814.3788	130.456	0
77	41	406.5239	147.2842	0
77	42	356.4779	170.7351	0
77	43	475.9428	153.8137	0
78	1	414.4919	145.7629	0
78	2	755.2649	148.9633	0
78	3	412.5461	148.6113	0
78	4	509.5548	129.9511	0
78	5	134.2708	173.8924	0
78	6	573.4403	170.1449	0
78	7	401.3057	163.8874	0
78	8	394.4828	199.6487	0
78	9	786.3932	134.4969	0
78	10	243.8695	166.3916	0
78	11	777.6041	117.8339	0
78	12	696.7163	127.7246	0
78	13	457.1981	125.0978	0
78	14	701.0186	146.3133	0
78	15	733.8249	130.7112	0
78	16	547.5002	143.1071	0
78	17	644.5201	144.2944	0
78	18	707.7243	127.6274	0
78	19	288.4197	177.0773	0
78	20	484.5449	177.4045	0
78	21	-87.0303	192.1346	0
78	22	-5.588162	200.0608	0
78	23	520.5917	138.144	0
78	24	718.3022	129.2416	0
78	25	336.7004	194.8516	0
78	26	687.9876	140.5087	0
78	27	756.5474	154.1134	0
78	28	16.07582	155.947	0
78	29	682.7023	126.277	0
78	30	645.3254	123.9616	0
78	31	184.3165	193.3824	0
78	32	735.7266	120.928	0
78	33	763.496	119.3352	0
78	34	352.4845	147.498	0
78	35	-190.5483	240.8018	0
78	36	335.4112	158.4232	0
78	37	462.0742	133.3795	0
78	38	241.7936	235.0346	0
78	39	675.0047	135.1855	0
78	40	814.3266	130.4502	0
78	41	406.5374	147.2815	0
78	42	356.4636	170.7238	0
78	43	475.9178	153.804	0
79	1	414.4643	145.7555	0
79	2	755.2726	148.966	0
79	3	412.5471	148.6131	0
79	4	509.5834	129.9483	0
79	5	134.3036	173.8647	0
79	6	573.3987	170.1322	0
79	7	401.3145	163.8886	0
79	8	394.4727	199.6477	0
79	9	786.3286	134.4884	0
79	10	243.8435	166.3829	0
79	11	777.614	117.8342	0
79	12	696.7209	127.7253	0
79	13	457.1916	125.0897	0
79	14	700.9767	146.3046	0
79	15	733.8056	130.7086	0
79	16	547.4892	143.1062	0
79	17	644.4855	144.2888	0
79	18	707.7301	127.6293	0
79	19	288.3939	177.0617	0
79	20	484.5468	177.4077	0
79	21	-87.05523	192.1417	0
79	22	-5.572385	200.0611	0
79	23	520.5582	138.1384	0
79	24	718.3373	129.2555	0
79	25	336.6365	194.8959	0
79	26	688	140.5091	0
79	27	756.5622	154.1152	0
79	28	16.06564	155.9434	0
79	29	682.7048	126.2781	0
79	30	645.3315	123.9624	0
79	31	184.3286	193.3865	0
79	32	735.7301	120.929	0
79	33	763.5388	119.3437	0
79	34	352.4729	147.4912	0
79	35	-190.8651	240.8885	0
79	36	335.411	158.426	0
79	37	462.0403	133.3715	0
79	38	241.8837	235.0232	0
79	39	675.0087	135.1852	0
79	40	814.288	130.4454	0
79	41	406.5515	147.2791	0
79	42	356.4456	170.7127	0
79	43	475.8912	153.795	0
80	1	414.4328	145.7481	0
80	2	755.2822	148.9684	0
80	3	412.5504	148.6139	0
80	4	509.6065	129.9441	0
80	5	134.3313	173.8372	0
80	6	573.3528	170.12	0
80	7	401.3229	163.8896	0
80	8	394.4714	199.6498	0
80	9	786.2611	134.4801	0
80	10	243.8249	166.3772	0
80	11	777.6237	117.8342	0
80	12	696.7249	127.7267	0
80	13	457.1745	125.0794	0
80	14	700.9369	146.2974	0
80	15	733.7984	130.7086	0
80	16	547.4888	143.1076	0
80	17	644.4572	144.2846	0
80	18	707.7375	127.6321	0
80	19	288.3585	177.0463	0
80	20	484.549	177.4116	0
80	21	-87.11391	192.1547	0
80	22	-5.553821	200.0612	0
80	23	520.5341	138.1343	0
80	24	718.3654	129.2681	0
80	25	336.5652	194.9288	0
80	26	688.0034	140.5067	0
80	27	756.5765	154.1162	0
80	28	16.05969	155.9437	0
80	29	682.708	126.2794	0
80	30	645.3393	123.9626	0
80	31	184.3393	193.389	0
80	32	735.7344	120.9303	0
80	33	763.5906	119.3531	0
80	34	352.4576	147.4846	0
80	35	-191.2142	240.9851	0
80	36	335.4097	158.4293	0
80	37	461.9981	133.3635	0
80	38	241.9746	235.0032	0
80	39	675.0141	135.1856	0
80	40	814.2648	130.4426	0
80	41	406.5672	147.2769	0
80	42	356.4203	170.7024	0
80	43	475.8596	153.7866	0
81	1	414.4038	145.7412	0
81	2	755.2927	148.9707	0
81	3	412.5566	148.6147	0
81	4	509.6228	129.9382	0
81	5	134.3629	173.8113	0
81	6	573.2995	170.1082	0
81	7	401.3311	163.8893	0
81	8	394.4719	199.6532	0
81	9	786.1875	134.472	0
81	10	243.8154	166.3761	0
81	11	777.634	117.8335	0
81	12	696.7302	127.7287	0
81	13	457.1563	125.0688	0
81	14	700.8958	146.2903	0
81	15	733.8003	130.7097	0
81	16	547.4919	143.1098	0
81	17	644.4367	144.2814	0
81	18	707.7488	127.6367	0
81	19	288.325	177.0318	0
81	20	484.55	177.4157	0
81	21	-87.20081	192.1744	0
81	22	-5.533763	200.0615	0
81	23	520.5212	138.1327	0
81	24	718.3827	129.2755	0
81	25	336.5043	194.9468	0
81	26	688.0063	140.5041	0
81	27	756.5906	154.1163	0
81	28	16.05477	155.9458	0
81	29	682.7116	126.2808	0
81	30	645.3472	123.9632	0
81	31	184.3489	193.3911	0
81	32	735.7413	120.9324	0
81	33	763.6459	119.3652	0
81	34	352.436	147.4781	0
81	35	-191.5865	241.0878	0
81	36	335.4061	158.4324	0
81	37	461.957	133.3554	0
81	38	242.064	234.9774	0
81	39	675.0185	135.1869	0
81	40	814.257	130.4428	0
81	41	406.586	147.2745	0
81	42	356.3901	170.6923	0
81	43	475.8219	153.7781	0
82	1	414.3789	145.736	0
82	2	755.3042	148.9722	0
82	3	412.563	148.6158	0
82	4	509.6305	129.9324	0
82	5	134.3874	173.7865	0
82	6	573.2469	170.0968	0
82	7	401.3404	163.8889	0
82	8	394.472	199.6572	0
82	9	786.1178	134.4637	0
82	10	243.8133	166.3781	0
82	11	777.6449	117.8327	0
82	12	696.7376	127.7322	0
82	13	457.1401	125.0593	0
82	14	700.8501	146.2836	0
82	15	733.8046	130.7113	0
82	16	547.4951	143.1124	0
82	17	644.4255	144.2799	0
82	18	707.7646	127.6441	0
82	19	288.293	177.0211	0
82	20	484.552	177.4201	0
82	21	-87.30801	192.1997	0
82	22	-5.511517	200.0617	0
82	23	520.5186	138.1338	0
82	24	718.3887	129.278	0
82	25	336.4701	194.9533	0
82	26	688.0103	140.5022	0
82	27	756.6061	154.1156	0
82	28	16.04922	155.9486	0
82	29	682.7161	126.2818	0
82	30	645.3544	123.9638	0
82	31	184.358	193.3913	0
82	32	735.751	120.9358	0
82	33	763.6992	119.3787	0
82	34	352.4133	147.4717	0
82	35	-191.9775	241.1898	0
82	36	335.4033	158.4359	0
82	37	461.921	133.3489	0
82	38	242.1482	234.9456	0
82	39	675.0231	135.189	0
82	40	814.2604	130.4442	0
82	41	406.6033	147.2737	0
82	42	356.3619	170.6831	0
82	43	475.7863	153.7699	0
83	1	414.3612	145.7324	0
83	2	755.317	148.973	0
83	3	412.5687	148.6164	0
83	4	509.6335	129.9272	0
83	5	134.4057	173.765	0
83	6	573.2015	170.0875	0
83	7	401.3516	163.889	0
83	8	394.4717	199.6622	0
83	9	786.0601	134.4568	0
83	10	243.8124	166.3811	0
83	11	777.6569	117.8325	0
83	12	696.7487	127.7374	0
83	13	457.1207	125.0502	0
83	14	700.8036	146.277	0
83	15	733.8098	130.7132	0
83	16	547.4992	143.1154	0
83	17	644.4231	144.2805	0
83	18	707.7908	127.6536	0
83	19	288.2686	177.0135	0
83	20	484.5559	177.4238	0
83	21	-87.42815	192.2265	0
83	22	-5.478021	200.0564	0
83	23	520.5204	138.1357	0
83	24	718.3867	129.2783	0
83	25	336.4622	194.9481	0
83	26	688.0169	140.5001	0
83	27	756.6224	154.1156	0
83	28	16.04113	155.9519	0
83	29	682.7213	126.2829	0
83	30	645.3613	123.9641	0
83	31	184.3683	193.3914	0
83	32	735.7661	120.9404	0
83	33	763.7485	119.3932	0
83	34	352.3925	147.4665	0
83	35	-192.3551	241.2721	0
83	36	335.4039	158.4386	0
83	37	461.8926	133.3436	0
83	38	242.2167	234.9151	0
83	39	675.0298	135.1925	0
83	40	814.2665	130.4461	0
83	41	406.6194	147.2744	0
83	42	356.3369	170.6763	0
83	43	475.7557	153.7637	0
84	1	414.352	145.7314	0
84	2	755.3293	148.9742	0
84	3	412.5741	148.6169	0
84	4	509.6313	129.9214	0
84	5	134.4164	173.7467	0
84	6	573.1665	170.0805	0
84	7	401.3658	163.8889	0
84	8	394.4694	199.6672	0
84	9	786.0174	134.4513	0
84	10	243.8104	166.3848	0
84	11	777.6678	117.8323	0
84	12	696.7667	127.744	0
84	13	457.0983	125.0429	0
84	14	700.7632	146.2709	0
84	15	733.8166	130.7153	0
84	16	547.5024	143.118	0
84	17	644.4252	144.2819	0
84	18	707.8263	127.6637	0
84	19	288.2545	177.0106	0
84	20	484.563	177.426	0
84	21	-87.56164	192.2572	0
84	22	-5.442535	200.0505	0
84	23	520.5226	138.138	0
84	24	718.3818	129.2766	0
84	25	336.5352	194.9482	0
84	26	688.0239	140.4986	0
84	27	756.6393	154.1156	0
84	28	16.02834	155.9557	0
84	29	682.7271	126.2836	0
84	30	645.3681	123.9638	0
84	31	184.3833	193.3922	0
84	32	735.7867	120.9456	0
84	33	763.787	119.4052	0
84	34	352.375	147.4624	0
84	35	-192.6498	241.323	0
84	36	335.4089	158.4395	0
84	37	461.8752	133.3407	0
84	38	242.2787	234.8827	0
84	39	675.0386	135.1983	0
84	40	814.2744	130.4484	0
84	41	406.6287	147.2769	0
84	42	356.3188	170.6716	0
84	43	475.7328	153.7591	0
85	1	414.3503	145.7325	0
85	2	755.3406	148.9751	0
85	3	412.5796	148.6165	0
85	4	509.6167	129.9129	0
85	5	134.4181	173.7288	0
85	6	573.1445	170.0764	0
85	7	401.3812	163.8888	0
85	8	394.4684	199.6729	0
85	9	785.9918	134.448	0
85	10	243.8058	166.3893	0
85	11	777.6798	117.8323	0
85	12	696.7903	127.7506	0
85	13	457.0754	125.0369	0
85	14	700.7317	146.2661	0
85	15	733.8241	130.717	0
85	16	547.5075	143.1211	0
85	17	644.428	144.2835	0
85	18	707.87	127.6749	0
85	19	288.2509	177.0121	0
85	20	484.5742	177.4276	0
85	21	-87.71234	192.2937	0
85	22	-5.407547	200.0456	0
85	23	520.5254	138.1406	0
85	24	718.4158	129.2773	0
85	25	336.6105	194.9435	0
85	26	688.0319	140.4988	0
85	27	756.6566	154.1155	0
85	28	16.01132	155.9591	0
85	29	682.734	126.2839	0
85	30	645.3755	123.9631	0
85	31	184.4079	193.3919	0
85	32	735.8117	120.9504	0
85	33	763.8116	119.4106	0
85	34	352.3635	147.46	0
85	35	-192.8069	241.3448	0
85	36	335.4182	158.4408	0
85	37	461.8693	133.3411	0
85	38	242.325	234.8511	0
85	39	675.054	135.2058	0
85	40	814.2844	130.4509	0
85	41	406.6275	147.2814	0
85	42	356.309	170.6703	0
85	43	475.7195	153.7569	0
86	1	414.3508	145.7344	0
86	2	755.3515	148.9759	0
86	3	412.5857	148.6161	0
86	4	509.5948	129.9031	0
86	5	134.4035	173.7117	0
86	6	573.1362	170.0764	0
86	7	401.3958	163.8891	0
86	8	394.4705	199.6774	0
86	9	785.9834	134.4482	0
86	10	243.7975	166.3935	0
86	11	777.6899	117.8328	0
86	12	696.8187	127.7585	0
86	13	457.0488	125.0309	0
86	14	700.7108	146.2629	0
86	15	733.8335	130.7189	0
86	16	547.5141	143.1235	0
86	17	644.4318	144.2854	0
86	18	707.9164	127.6889	0
86	19	288.2505	177.0154	0
86	20	484.5854	177.4299	0
86	21	-87.87379	192.3329	0
86	22	-5.366636	200.0403	0
86	23	520.5273	138.1432	0
86	24	718.4423	129.2769	0
86	25	336.6818	194.9324	0
86	26	688.0401	140.5005	0
86	27	756.6729	154.1156	0
86	28	15.99614	155.9627	0
86	29	682.7411	126.2845	0
86	30	645.3836	123.9629	0
86	31	184.433	193.3921	0
86	32	735.8402	120.9569	0
86	33	763.8205	119.4117	0
86	34	352.3586	147.4601	0
86	35	-192.82	241.3346	0
86	36	335.4264	158.4426	0
86	37	461.8702	133.3428	0
86	38	242.3474	234.8148	0
86	39	675.0759	135.2141	0
86	40	814.2961	130.4529	0
86	41	406.6173	147.2891	0
86	42	356.3068	170.6717	0
86	43	475.7159	153.7578	0
87	1	414.3513	145.7366	0
87	2	755.3626	148.9757	0
87	3	412.5932	148.6161	0
87	4	509.5756	129.8938	0
87	5	134.3828	173.6951	0
87	6	573.1375	170.0785	0
87	7	401.4093	163.8888	0
87	8	394.4772	199.6796	0
87	9	785.9873	134.45	0
87	10	243.7896	166.3983	0
87	11	777.6946	117.8327	0
87	12	696.8479	127.7681	0
87	13	457.0151	125.025	0
87	14	700.7015	146.2622	0
87	15	733.8431	130.7203	0
87	16	547.524	143.1242	0
87	17	644.4356	144.2874	0
87	18	707.9605	127.7046	0
87	19	288.2499	177.0193	0
87	20	484.5955	177.4312	0
87	21	-88.04739	192.3736	0
87	22	-5.319803	200.0349	0
87	23	520.5304	138.1457	0
87	24	718.4579	129.2745	0
87	25	336.7496	194.9168	0
87	26	688.0481	140.5039	0
87	27	756.687	154.1166	0
87	28	15.9879	155.9652	0
87	29	682.7475	126.2851	0
87	30	645.3922	123.9628	0
87	31	184.4589	193.3927	0
87	32	735.868	120.9645	0
87	33	763.8157	119.4109	0
87	34	352.3579	147.4613	0
87	35	-192.6866	241.3326	0
87	36	335.4341	158.4436	0
87	37	461.8724	133.345	0
87	38	242.355	234.7773	0
87	39	675.1033	135.2231	0
87	40	814.3099	130.455	0
87	41	406.6006	147.3015	0
87	42	356.3066	170.674	0
87	43	475.7168	153.7596	0
88	1	414.3516	145.7392	0
88	2	755.3747	148.9751	0
88	3	412.6024	148.6159	0
88	4	509.5555	129.8849	0
88	5	134.3607	173.6812	0
88	6	573.1407	170.0814	0
88	7	401.4216	163.8858	0
88	8	394.4883	199.6818	0
88	9	785.9942	134.4523	0
88	10	243.7869	166.402	0
88	11	777.694	117.8316	0
88	12	696.8749	127.7787	0
88	13	456.9809	125.0189	0
88	14	700.7018	146.2633	0
88	15	733.8546	130.7205	0
88	16	547.5366	143.1252	0
88	17	644.4406	144.2892	0
88	18	708.0004	127.7214	0
88	19	288.2473	177.0243	0
88	20	484.6051	177.4323	0
88	21	-88.22308	192.4088	0
88	22	-5.284516	200.0328	0
88	23	520.535	138.1479	0
88	24	718.4639	129.2711	0
88	25	336.8125	194.8967	0
88	26	688.0604	140.5093	0
88	27	756.6905	154.1144	0
88	28	15.98768	155.9665	0
88	29	682.7536	126.2854	0
88	30	645.4019	123.9627	0
88	31	184.4875	193.3908	0
88	32	735.8942	120.9728	0
88	33	763.8232	119.41	0
88	34	352.3578	147.463	0
88	35	-192.5035	241.3211	0
88	36	335.4408	158.4438	0
88	37	461.8745	133.3477	0
88	38	242.3664	234.7414	0
88	39	675.1328	135.2343	0
88	40	814.3237	130.4565	0
88	41	406.5845	147.3173	0
88	42	356.3063	170.6768	0
88	43	475.7184	153.7619	0
89	1	414.3505	145.7417	0
89	2	755.3877	148.9751	0
89	3	412.6123	148.6159	0
89	4	509.5327	129.877	0
89	5	134.3369	173.6707	0
89	6	573.1446	170.0849	0
89	7	401.4344	163.8828	0
89	8	394.4985	199.6845	0
89	9	786.0026	134.4549	0
89	10	243.7905	166.4035	0
89	11	777.6938	117.8306	0
89	12	696.8987	127.7898	0
89	13	456.9507	125.0137	0
89	14	700.7056	146.2649	0
89	15	733.8661	130.7213	0
89	16	547.548	143.127	0
89	17	644.4464	144.2909	0
89	18	708.03	127.7356	0
89	19	288.241	177.0295	0
89	20	484.615	177.4322	0
89	21	-88.37717	192.4313	0
89	22	-5.25973	200.0334	0
89	23	520.5422	138.1489	0
89	24	718.4609	129.2662	0
89	25	336.8644	194.8734	0
89	26	688.0756	140.5191	0
89	27	756.6904	154.1115	0
89	28	15.99355	155.9681	0
89	29	682.7598	126.2852	0
89	30	645.4103	123.9628	0
89	31	184.5213	193.3838	0
89	32	735.9155	120.9806	0
89	33	763.8603	119.4106	0
89	34	352.3573	147.4651	0
89	35	-192.2895	241.2961	0
89	36	335.4478	158.4434	0
89	37	461.8757	133.3506	0
89	38	242.3749	234.7061	0
89	39	675.1605	135.2468	0
89	40	814.3387	130.4569	0
89	41	406.5696	147.3338	0
89	42	356.3054	170.6802	0
89	43	475.72	153.7646	0
90	1	414.35	145.7442	0
90	2	755.4001	148.9751	0
90	3	412.6216	148.6162	0
90	4	509.5082	129.8707	0
90	5	134.3198	173.6644	0
90	6	573.149	170.0889	0
90	7	401.4479	163.8804	0
90	8	394.5079	199.6862	0
90	9	786.0134	134.4579	0
90	10	243.8006	166.4053	0
90	11	777.6952	117.83	0
90	12	696.9149	127.7983	0
90	13	456.9261	125.0094	0
90	14	700.7098	146.2669	0
90	15	733.8766	130.7224	0
90	16	547.5587	143.1277	0
90	17	644.4533	144.2919	0
90	18	708.0466	127.743	0
90	19	288.234	177.035	0
90	20	484.6259	177.4319	0
90	21	-88.47417	192.4418	0
90	22	-5.260626	200.0382	0
90	23	520.5527	138.1499	0
90	24	718.4493	129.2604	0
90	25	336.9009	194.8525	0
90	26	688.1006	140.5325	0
90	27	756.6911	154.109	0
90	28	15.99828	155.9698	0
90	29	682.7666	126.2845	0
90	30	645.4174	123.9632	0
90	31	184.5561	193.377	0
90	32	735.9293	120.9849	0
90	33	763.887	119.4101	0
90	34	352.3559	147.4674	0
90	35	-192.044	241.2596	0
90	36	335.4556	158.4433	0
90	37	461.8765	133.3529	0
90	38	242.3777	234.6734	0
90	39	675.1851	135.2603	0
90	40	814.3533	130.4579	0
90	41	406.5568	147.3522	0
90	42	356.3024	170.6837	0
90	43	475.7208	153.7677	0
91	1	414.3517	145.7464	0
91	2	755.4143	148.975	0
91	3	412.6301	148.6159	0
91	4	509.4835	129.8649	0
91	5	134.3111	173.6639	0
91	6	573.1535	170.0928	0
91	7	401.4646	163.8776	0
91	8	394.5167	199.687	0
91	9	786.0261	134.4604	0
91	10	243.8097	166.4077	0
91	11	777.6964	117.8291	0
91	12	696.9225	127.8021	0
91	13	456.9103	125.0067	0
91	14	700.7158	146.2692	0
91	15	733.8866	130.7229	0
91	16	547.5688	143.1279	0
91	17	644.4619	144.2926	0
91	18	708.0505	127.7451	0
91	19	288.2312	177.0397	0
91	20	484.6389	177.4323	0
91	21	-88.50423	192.4417	0
91	22	-5.293873	200.0486	0
91	23	520.5633	138.1514	0
91	24	718.4299	129.2558	0
91	25	336.9352	194.8314	0
91	26	688.1388	140.5485	0
91	27	756.6946	154.1066	0
91	28	16.00256	155.971	0
91	29	682.7742	126.2843	0
91	30	645.4203	123.9624	0
91	31	184.5914	193.3713	0
91	32	735.9348	120.9862	0
91	33	763.8987	119.4077	0
91	34	352.3534	147.4694	0
91	35	-191.7809	241.214	0
91	36	335.4667	158.4434	0
91	37	461.8791	133.3554	0
91	38	242.3748	234.645	0
91	39	675.2029	135.2722	0
91	40	814.3666	130.459	0
91	41	406.54	147.375	0
91	42	356.2998	170.6874	0
91	43	475.7219	153.7704	0
92	1	414.3566	145.7472	0
92	2	755.426	148.9753	0
92	3	412.6377	148.6142	0
92	4	509.4546	129.8595	0
92	5	134.3077	173.6668	0
92	6	573.1599	170.0969	0
92	7	401.4821	163.8757	0
92	8	394.5261	199.6871	0
92	9	786.041	134.463	0
92	10	243.818	166.4091	0
92	11	777.6984	117.8292	0
92	12	696.923	127.8031	0
92	13	456.9037	125.0067	0
92	14	700.722	146.2713	0
92	15	733.8965	130.7226	0
92	16	547.5796	143.1272	0
92	17	644.4704	144.2937	0
92	18	708.0446	127.7447	0
92	19	288.2345	177.0423	0
92	20	484.6539	177.4321	0
92	21	-88.46302	192.439	0
92	22	-5.364198	200.0674	0
92	23	520.5728	138.1522	0
92	24	718.4108	129.2507	0
92	25	336.9474	194.8076	0
92	26	688.1881	140.5648	0
92	27	756.6971	154.1041	0
92	28	16.00577	155.9709	0
92	29	682.7817	126.2842	0
92	30	645.4227	123.9613	0
92	31	184.6347	193.3645	0
92	32	735.9337	120.9862	0
92	33	763.899	119.4043	0
92	34	352.352	147.4716	0
92	35	-191.5194	241.1608	0
92	36	335.4811	158.4432	0
92	37	461.8847	133.357	0
92	38	242.3657	234.6188	0
92	39	675.2118	135.2791	0
92	40	814.3793	130.4596	0
92	41	406.5174	147.4001	0
92	42	356.3	170.6905	0
92	43	475.7247	153.773	0
93	1	414.3651	145.7482	0
93	2	755.4354	148.9757	0
93	3	412.6457	148.6127	0
93	4	509.4203	129.8539	0
93	5	134.3045	173.6708	0
93	6	573.1682	170.1	0
93	7	401.4969	163.8755	0
93	8	394.5367	199.6876	0
93	9	786.0559	134.4648	0
93	10	243.8249	166.4095	0
93	11	777.7028	117.83	0
93	12	696.9166	127.8023	0
93	13	456.9041	125.0079	0
93	14	700.7301	146.2737	0
93	15	733.9073	130.7219	0
93	16	547.591	143.1268	0
93	17	644.4781	144.2943	0
93	18	708.0511	127.7435	0
93	19	288.2451	177.0443	0
93	20	484.6701	177.4321	0
93	21	-88.37911	192.4368	0
93	22	-5.458511	200.0938	0
93	23	520.582	138.1527	0
93	24	718.3808	129.2437	0
93	25	336.9423	194.7804	0
93	26	688.2444	140.5851	0
93	27	756.7015	154.1034	0
93	28	16.00925	155.9702	0
93	29	682.7901	126.2841	0
93	30	645.4254	123.9607	0
93	31	184.6777	193.3596	0
93	32	735.9276	120.985	0
93	33	763.8873	119.399	0
93	34	352.3531	147.4732	0
93	35	-191.2841	241.1111	0
93	36	335.4954	158.4434	0
93	37	461.8945	133.3575	0
93	38	242.3464	234.5944	0
93	39	675.2126	135.2815	0
93	40	814.3923	130.4592	0
93	41	406.4869	147.4268	0
93	42	356.304	170.692	0
93	43	475.7301	153.7746	0
94	1	414.3732	145.7498	0
94	2	755.4365	148.9738	0
94	3	412.6543	148.6115	0
94	4	509.3881	129.8482	0
94	5	134.2986	173.6756	0
94	6	573.1796	170.1014	0
94	7	401.5074	163.877	0
94	8	394.5502	199.688	0
94	9	786.0728	134.4653	0
94	10	243.8321	166.4091	0
94	11	777.7074	117.8315	0
94	12	696.9304	127.8021	0
94	13	456.9058	125.0096	0
94	14	700.7385	146.2755	0
94	15	733.9188	130.7215	0
94	16	547.6049	143.1267	0
94	17	644.4855	144.2949	0
94	18	708.0913	127.7439	0
94	19	288.2562	177.0471	0
94	20	484.685	177.4325	0
94	21	-88.28076	192.4304	0
94	22	-5.570792	200.1264	0
94	23	520.5914	138.1521	0
94	24	718.343	129.2348	0
94	25	336.9334	194.7535	0
94	26	688.2992	140.6083	0
94	27	756.7092	154.1042	0
94	28	16.01431	155.9701	0
94	29	682.7974	126.2841	0
94	30	645.4296	123.96	0
94	31	184.7113	193.3583	0
94	32	735.9507	120.9856	0
94	33	763.8654	119.394	0
94	34	352.3575	147.4738	0
94	35	-191.0532	241.0595	0
94	36	335.5091	158.4443	0
94	37	461.906	133.3588	0
94	38	242.3148	234.5708	0
94	39	675.2084	135.2816	0
94	40	814.4063	130.4583	0
94	41	406.4467	147.4498	0
94	42	356.3125	170.6934	0
94	43	475.739	153.7757	0
95	1	414.3807	145.7505	0
95	2	755.4367	148.9716	0
95	3	412.6648	148.61	0
95	4	509.3606	129.8438	0
95	5	134.2878	173.6814	0
95	6	573.193	170.1032	0
95	7	401.5093	163.8807	0
95	8	394.5668	199.6878	0
95	9	786.0889	134.4666	0
95	10	243.8401	166.4091	0
95	11	777.7147	117.8336	0
95	12	696.9559	127.8022	0
95	13	456.9074	125.0116	0
95	14	700.7488	146.2761	0
95	15	733.9308	130.7214	0
95	16	547.6199	143.1266	0
95	17	644.4931	144.2946	0
95	18	708.1224	127.743	0
95	19	288.2661	177.0487	0
95	20	484.6976	177.4317	0
95	21	-88.16849	192.4188	0
95	22	-5.693376	200.1614	0
95	23	520.6017	138.1513	0
95	24	718.3061	129.226	0
95	25	336.9285	194.7279	0
95	26	688.3495	140.6338	0
95	27	756.7167	154.1068	0
95	28	16.0266	155.97	0
95	29	682.8035	126.2845	0
95	30	645.434	123.9594	0
95	31	184.7315	193.3609	0
95	32	735.9685	120.9856	0
95	33	763.8378	119.3894	0
95	34	352.3645	147.4748	0
95	35	-190.866	241.0054	0
95	36	335.5229	158.4426	0
95	37	461.9162	133.3599	0
95	38	242.283	234.5489	0
95	39	675.2094	135.2804	0
95	40	814.4213	130.4579	0
95	41	406.4022	147.4631	0
95	42	356.3209	170.6954	0
95	43	475.7487	153.7772	0
96	1	414.3877	145.7508	0
96	2	755.4377	148.9701	0
96	3	412.6755	148.6093	0
96	4	509.3397	129.8402	0
96	5	134.2716	173.6869	0
96	6	573.2049	170.1052	0
96	7	401.5032	163.8875	0
96	8	394.5832	199.6878	0
96	9	786.1036	134.4678	0
96	10	243.853	166.4094	0
96	11	777.7275	117.8367	0
96	12	696.9749	127.8012	0
96	13	456.9086	125.0138	0
96	14	700.7598	146.277	0
96	15	733.9432	130.7213	0
96	16	547.6354	143.1266	0
96	17	644.5015	144.294	0
96	18	708.1395	127.74	0
96	19	288.2748	177.0501	0
96	20	484.7074	177.428	0
96	21	-88.04864	192.4036	0
96	22	-5.832084	200.2031	0
96	23	520.614	138.1511	0
96	24	718.2703	129.2179	0
96	25	336.9182	194.7032	0
96	26	688.3906	140.6584	0
96	27	756.7294	154.1118	0
96	28	16.0424	155.9698	0
96	29	682.8054	126.2837	0
96	30	645.4387	123.9597	0
96	31	184.724	193.3689	0
96	32	735.9791	120.9844	0
96	33	763.8073	119.3843	0
96	34	352.3705	147.4759	0
96	35	-190.7135	240.9455	0
96	36	335.5368	158.4398	0
96	37	461.9258	133.3606	0
96	38	242.2513	234.5332	0
96	39	675.2402	135.2807	0
96	40	814.4358	130.4578	0
96	41	406.3673	147.4683	0
96	42	356.3285	170.6965	0
96	43	475.7573	153.7782	0
97	1	414.395	145.7502	0
97	2	755.4406	148.9682	0
97	3	412.6848	148.6094	0
97	4	509.3276	129.8384	0
97	5	134.2568	173.693	0
97	6	573.2162	170.1065	0
97	7	401.4884	163.8991	0
97	8	394.5991	199.6886	0
97	9	786.1177	134.4685	0
97	10	243.8711	166.4092	0
97	11	777.7456	117.842	0
97	12	696.985	127.799	0
97	13	456.9089	125.0155	0
97	14	700.77	146.2783	0
97	15	733.9548	130.7213	0
97	16	547.6495	143.1275	0
97	17	644.5109	144.2939	0
97	18	708.1459	127.7356	0
97	19	288.2832	177.0501	0
97	20	484.7178	177.4245	0
97	21	-87.92541	192.3844	0
97	22	-5.987068	200.2499	0
97	23	520.6274	138.151	0
97	24	718.2325	129.2102	0
97	25	336.9031	194.6813	0
97	26	688.4152	140.6754	0
97	27	756.7487	154.1207	0
97	28	16.059	155.9698	0
97	29	682.807	126.2827	0
97	30	645.4436	123.9606	0
97	31	184.6876	193.3845	0
97	32	735.9829	120.9826	0
97	33	763.7635	119.3762	0
97	34	352.3763	147.4766	0
97	35	-190.5823	240.8858	0
97	36	335.5509	158.4373	0
97	37	461.9348	133.3602	0
97	38	242.2255	234.5221	0
97	39	675.2649	135.28	0
97	40	814.4509	130.4576	0
97	41	406.3472	147.4681	0
97	42	356.3355	170.6972	0
97	43	475.7655	153.7791	0
63	1	413.9228	138.1164	0
63	2	752.8242	146.3987	0
63	3	411.431	147.0219	0
63	4	509.7915	124.8341	0
63	5	133.6718	174.8748	0
63	6	573.0078	166.6532	0
63	7	401.8167	166.4931	0
63	8	391.8138	183.9702	0
63	9	787.6765	139.3419	0
63	10	246.5797	164.3188	0
63	11	773.3368	125.256	0
63	12	699.1404	117.5086	0
63	13	457.0042	133.5666	0
63	14	703.1137	143.7586	0
63	15	733.7796	131.454	0
63	16	547.5452	158.6665	0
63	17	647.8119	131.9654	0
63	18	707.2877	128.9393	0
63	19	290.9878	186.8239	0
63	20	485.8304	169.8092	0
63	21	-84.65781	190.5958	0
63	22	-8.020665	203.8909	0
63	23	522.3831	143.4964	0
63	24	718.1626	135.269	0
63	25	334.4052	187.4998	0
63	26	688.9774	148.1839	0
63	27	759.5502	146.6123	0
63	28	17.73796	155.5022	0
63	29	683.6934	115.2194	0
63	30	646.045	120.5495	0
63	31	185.6048	194.9525	0
63	32	738.3145	111.2837	0
63	33	760.2055	131.3314	0
63	34	354.3404	138.9012	0
63	35	-184.4338	256.4177	0
63	36	337.4718	150.7108	0
63	37	459.3802	138.4491	0
63	38	236.9045	224.9401	0
63	39	677.0408	126.8593	0
63	40	814.0605	138.9938	0
63	41	408.3376	161.0395	0
63	42	357.0069	155.9201	0
63	43	477.9373	144.8118	0
64	1	413.9122	138.1291	0
64	2	752.8425	146.4073	0
64	3	411.4387	147.0229	0
64	4	509.8284	124.8347	0
64	5	133.6574	174.8807	0
64	6	573.0248	166.6392	0
64	7	401.8149	166.4964	0
64	8	391.8309	183.9707	0
64	9	787.6359	139.3328	0
64	10	246.5662	164.3049	0
64	11	773.3204	125.2539	0
64	12	699.1518	117.5081	0
64	13	457.0113	133.5677	0
64	14	703.1536	143.7766	0
64	15	733.7862	131.4561	0
64	16	547.5493	158.6586	0
64	17	647.798	131.9588	0
64	18	707.2964	128.9412	0
64	19	291.058	186.8177	0
64	20	485.8268	169.8192	0
64	21	-84.6721	190.6008	0
64	22	-8.033655	203.8965	0
64	23	522.3851	143.4999	0
64	24	718.1711	135.2727	0
64	25	334.3893	187.4762	0
64	26	688.9894	148.1846	0
64	27	759.565	146.6132	0
64	28	17.76787	155.4997	0
64	29	683.6782	115.2158	0
64	30	646.0556	120.5493	0
64	31	185.5755	194.9661	0
64	32	738.3229	111.2834	0
64	33	760.2161	131.335	0
64	34	354.3524	138.8993	0
64	35	-184.3769	256.4069	0
64	36	337.4816	150.7128	0
64	37	459.3802	138.4646	0
64	38	236.8973	224.9408	0
64	39	677.0505	126.8603	0
64	40	814.0125	138.9839	0
64	41	408.3415	161.041	0
64	42	356.9672	155.9082	0
64	43	477.9096	144.8245	0
65	1	413.9014	138.1454	0
65	2	752.8715	146.4187	0
65	3	411.4409	147.025	0
65	4	509.8712	124.8347	0
65	5	133.6407	174.8868	0
65	6	573.0296	166.6249	0
65	7	401.8144	166.5001	0
65	8	391.8517	183.9706	0
65	9	787.5798	139.3203	0
65	10	246.54	164.2915	0
65	11	773.3137	125.2537	0
65	12	699.1627	117.508	0
65	13	457.0178	133.5681	0
65	14	703.189	143.7953	0
65	15	733.7939	131.4579	0
65	16	547.5482	158.6503	0
65	17	647.7737	131.9507	0
65	18	707.3058	128.9429	0
65	19	291.1263	186.8066	0
65	20	485.8199	169.8352	0
65	21	-84.6928	190.6057	0
65	22	-8.038483	203.8993	0
65	23	522.3843	143.5059	0
65	24	718.1837	135.2785	0
65	25	334.3699	187.4563	0
65	26	689.002	148.1841	0
65	27	759.5674	146.6106	0
65	28	17.80463	155.4971	0
65	29	683.6578	115.2115	0
65	30	646.0649	120.5494	0
65	31	185.5153	194.9898	0
65	32	738.3318	111.2825	0
65	33	760.2316	131.3407	0
65	34	354.3644	138.8977	0
65	35	-184.3171	256.3953	0
65	36	337.4905	150.7138	0
65	37	459.3765	138.4832	0
65	38	236.8953	224.9453	0
65	39	677.0597	126.8609	0
65	40	813.9625	138.9746	0
65	41	408.3492	161.0422	0
65	42	356.9294	155.8968	0
65	43	477.8843	144.8295	0
66	1	413.8858	138.1646	0
66	2	752.9122	146.4319	0
66	3	411.4379	147.0286	0
66	4	509.9078	124.8328	0
66	5	133.6302	174.892	0
66	6	573.0234	166.6108	0
66	7	401.8168	166.5031	0
66	8	391.872	183.9709	0
66	9	787.5171	139.3064	0
66	10	246.5109	164.2784	0
66	11	773.3147	125.2545	0
66	12	699.1752	117.5079	0
66	13	457.0237	133.5681	0
66	14	703.2136	143.8108	0
66	15	733.8029	131.4597	0
66	16	547.5423	158.6417	0
66	17	647.7366	131.9397	0
66	18	707.3169	128.9435	0
66	19	291.192	186.7919	0
66	20	485.8169	169.856	0
66	21	-84.71465	190.6112	0
66	22	-8.03261	203.9019	0
66	23	522.3827	143.5152	0
66	24	718.2036	135.2859	0
66	25	334.3445	187.4369	0
66	26	689.0154	148.1835	0
66	27	759.5674	146.6075	0
66	28	17.83377	155.4964	0
66	29	683.626	115.2046	0
66	30	646.0728	120.5498	0
66	31	185.4401	195.0221	0
66	32	738.3415	111.282	0
66	33	760.256	131.3478	0
66	34	354.3785	138.8962	0
66	35	-184.2587	256.3853	0
66	36	337.4984	150.7144	0
66	37	459.368	138.5036	0
66	38	236.8939	224.9509	0
66	39	677.0688	126.8605	0
66	40	813.91	138.9668	0
66	41	408.3576	161.0438	0
66	42	356.8952	155.8884	0
66	43	477.8684	144.8297	0
67	1	413.8644	138.1858	0
67	2	752.9624	146.4459	0
67	3	411.429	147.0349	0
67	4	509.9373	124.8294	0
67	5	133.6279	174.8948	0
67	6	573.0129	166.5964	0
67	7	401.8231	166.5042	0
67	8	391.8913	183.9721	0
67	9	787.4592	139.2933	0
67	10	246.4828	164.2676	0
67	11	773.3183	125.2556	0
67	12	699.1856	117.5082	0
67	13	457.0302	133.5675	0
67	14	703.2263	143.8189	0
67	15	733.8124	131.4609	0
67	16	547.5244	158.6306	0
67	17	647.6956	131.9279	0
67	18	707.3291	128.9442	0
67	19	291.2526	186.7729	0
67	20	485.8177	169.8782	0
67	21	-84.72819	190.6157	0
67	22	-8.027085	203.9052	0
67	23	522.386	143.5269	0
67	24	718.2286	135.2933	0
67	25	334.306	187.4185	0
67	26	689.0306	148.1835	0
67	27	759.5683	146.6052	0
67	28	17.85649	155.4972	0
67	29	683.5894	115.1966	0
67	30	646.076	120.5489	0
67	31	185.3548	195.061	0
67	32	738.3517	111.2818	0
67	33	760.2875	131.3554	0
67	34	354.3953	138.8947	0
67	35	-184.1895	256.374	0
67	36	337.5063	150.7139	0
67	37	459.3523	138.5245	0
67	38	236.8898	224.9581	0
67	39	677.079	126.8596	0
67	40	813.8609	138.9603	0
67	41	408.3651	161.0447	0
67	42	356.8694	155.8822	0
67	43	477.8802	144.8278	0
68	1	413.8354	138.2067	0
68	2	753.0184	146.4631	0
68	3	411.4191	147.0435	0
68	4	509.9603	124.8247	0
68	5	133.6363	174.897	0
68	6	572.9838	166.5783	0
68	7	401.833	166.5057	0
68	8	391.9091	183.9684	0
68	9	787.399	139.2807	0
68	10	246.4573	164.2593	0
68	11	773.3224	125.257	0
68	12	699.1934	117.5085	0
68	13	457.0371	133.5671	0
68	14	703.228	143.8218	0
68	15	733.8233	131.4614	0
68	16	547.4999	158.6184	0
68	17	647.6586	131.9171	0
68	18	707.3408	128.9454	0
68	19	291.2997	186.7547	0
68	20	485.823	169.9028	0
68	21	-84.73362	190.6176	0
68	22	-8.022108	203.9073	0
68	23	522.3937	143.5393	0
68	24	718.2594	135.3016	0
68	25	334.2623	187.4009	0
68	26	689.0452	148.1834	0
68	27	759.5723	146.6026	0
68	28	17.86204	155.5	0
68	29	683.5562	115.1891	0
68	30	646.0788	120.5479	0
68	31	185.2655	195.1028	0
68	32	738.3619	111.2816	0
68	33	760.3253	131.3639	0
68	34	354.4097	138.8946	0
68	35	-184.1129	256.3629	0
68	36	337.5148	150.7133	0
68	37	459.3273	138.5407	0
68	38	236.8811	224.967	0
68	39	677.0901	126.8593	0
68	40	813.8103	138.9538	0
68	41	408.3721	161.0455	0
68	42	356.8543	155.8797	0
68	43	477.9364	144.8278	0
69	1	413.7982	138.2214	0
69	2	753.0732	146.4824	0
69	3	411.41	147.054	0
69	4	509.9752	124.818	0
69	5	133.6459	174.9001	0
69	6	572.9425	166.5581	0
69	7	401.8419	166.5077	0
69	8	391.9263	183.9632	0
69	9	787.3363	139.2694	0
69	10	246.44	164.2545	0
69	11	773.3282	125.2585	0
69	12	699.195	117.5074	0
69	13	457.0459	133.567	0
69	14	703.2198	143.8211	0
69	15	733.8343	131.4623	0
69	16	547.4782	158.6068	0
69	17	647.6189	131.9066	0
69	18	707.3514	128.9459	0
69	19	291.3417	186.7367	0
69	20	485.8265	169.933	0
69	21	-84.72923	190.6197	0
69	22	-8.018524	203.9084	0
69	23	522.4049	143.5535	0
69	24	718.2921	135.3122	0
69	25	334.2223	187.3855	0
69	26	689.0617	148.1835	0
69	27	759.5756	146.6004	0
69	28	17.84161	155.5052	0
69	29	683.5214	115.182	0
69	30	646.0821	120.5472	0
69	31	185.1635	195.153	0
69	32	738.372	111.2817	0
69	33	760.3652	131.3745	0
69	34	354.4226	138.8954	0
69	35	-184.0567	256.3576	0
69	36	337.5265	150.7134	0
69	37	459.2985	138.5487	0
69	38	236.869	224.9762	0
69	39	677.1016	126.8591	0
69	40	813.7554	138.9476	0
69	41	408.3792	161.0453	0
69	42	356.8501	155.8811	0
69	43	477.9886	144.8257	0
70	1	413.7621	138.2281	0
70	2	753.1245	146.5033	0
70	3	411.4026	147.0639	0
70	4	509.9789	124.8129	0
70	5	133.6544	174.9018	0
70	6	572.9037	166.5385	0
70	7	401.8502	166.5088	0
70	8	391.9438	183.9587	0
70	9	787.2744	139.2604	0
70	10	246.4325	164.2544	0
70	11	773.3344	125.2597	0
70	12	699.1968	117.5063	0
70	13	457.0563	133.5669	0
70	14	703.2363	143.8204	0
70	15	733.8442	131.4633	0
70	16	547.4551	158.5956	0
70	17	647.576	131.8977	0
70	18	707.3619	128.9462	0
70	19	291.3703	186.7186	0
70	20	485.8249	169.9657	0
70	21	-84.7256	190.6223	0
70	22	-8.01504	203.9085	0
70	23	522.4144	143.5708	0
70	24	718.3234	135.3239	0
70	25	334.1864	187.3739	0
70	26	689.0754	148.184	0
70	27	759.5811	146.6001	0
70	28	17.79375	155.5146	0
70	29	683.4844	115.176	0
70	30	646.0871	120.5464	0
70	31	185.0474	195.2085	0
70	32	738.3807	111.2823	0
70	33	760.4034	131.3862	0
70	34	354.4283	138.8975	0
70	35	-184.0203	256.3574	0
70	36	337.5424	150.7133	0
70	37	459.2765	138.5513	0
70	38	236.8608	224.985	0
70	39	677.1139	126.8589	0
70	40	813.7025	138.9414	0
70	41	408.387	161.0448	0
70	42	356.8496	155.8838	0
70	43	478.0323	144.8204	0
71	1	413.7381	138.2301	0
71	2	753.1673	146.5229	0
71	3	411.3946	147.0766	0
71	4	509.9822	124.8075	0
71	5	133.6613	174.9031	0
71	6	572.8647	166.5198	0
71	7	401.8579	166.509	0
71	8	391.9642	183.9543	0
71	9	787.2142	139.2519	0
71	10	246.4309	164.2568	0
71	11	773.3425	125.261	0
71	12	699.1992	117.5056	0
71	13	457.0667	133.567	0
71	14	703.2725	143.8201	0
71	15	733.8538	131.4638	0
71	16	547.4296	158.5854	0
71	17	647.5342	131.8907	0
71	18	707.3726	128.9456	0
71	19	291.3795	186.6964	0
71	20	485.8155	170.0005	0
71	21	-84.72266	190.624	0
71	22	-8.010511	203.9092	0
71	23	522.4202	143.5897	0
71	24	718.3514	135.3362	0
71	25	334.1614	187.3665	0
71	26	689.0847	148.1837	0
71	27	759.5895	146.6014	0
71	28	17.72467	155.5286	0
71	29	683.4473	115.1714	0
71	30	646.0923	120.546	0
71	31	184.9183	195.2677	0
71	32	738.3835	111.2818	0
71	33	760.4385	131.3985	0
71	34	354.4245	138.901	0
71	35	-184.0302	256.3659	0
71	36	337.5588	150.7133	0
71	37	459.2627	138.5498	0
71	38	236.86	224.9914	0
71	39	677.1254	126.8589	0
71	40	813.6579	138.936	0
71	41	408.3965	161.0449	0
71	42	356.8494	155.8871	0
71	43	478.0689	144.8128	0
72	1	413.7228	138.2275	0
72	2	753.1958	146.5356	0
72	3	411.3832	147.0912	0
72	4	509.974	124.8004	0
72	5	133.6674	174.9029	0
72	6	572.8218	166.5023	0
72	7	401.8664	166.5085	0
72	8	391.9886	183.9492	0
72	9	787.15	139.244	0
72	10	246.43	164.26	0
72	11	773.3503	125.2621	0
72	12	699.2033	117.5049	0
72	13	457.0763	133.5676	0
72	14	703.2997	143.818	0
72	15	733.8633	131.4635	0
72	16	547.4031	158.5771	0
72	17	647.4914	131.8836	0
72	18	707.3843	128.9448	0
72	19	291.3772	186.6728	0
72	20	485.7948	170.0312	0
72	21	-84.72157	190.6247	0
72	22	-8.000159	203.9098	0
72	23	522.4201	143.6094	0
72	24	718.3721	135.3466	0
72	25	334.1492	187.3651	0
72	26	689.087	148.1813	0
72	27	759.5986	146.6048	0
72	28	17.6417	155.5461	0
72	29	683.4107	115.1669	0
72	30	646.0977	120.5464	0
72	31	184.7762	195.3251	0
72	32	738.3839	111.281	0
72	33	760.4655	131.4086	0
72	34	354.4115	138.9071	0
72	35	-184.097	256.3865	0
72	36	337.5746	150.7141	0
72	37	459.2937	138.5495	0
72	38	236.8691	224.9954	0
72	39	677.1353	126.8595	0
72	40	813.6249	138.9317	0
72	41	408.4083	161.0448	0
72	42	356.8484	155.8911	0
72	43	478.0972	144.8025	0
73	1	413.7691	138.228	0
73	2	753.208	146.5411	0
73	3	411.3678	147.1072	0
73	4	509.9535	124.7907	0
73	5	133.6741	174.9027	0
73	6	572.7767	166.4875	0
73	7	401.8758	166.5085	0
73	8	392.01	183.9469	0
73	9	787.0818	139.2359	0
73	10	246.4275	164.264	0
73	11	773.3594	125.2622	0
73	12	699.2076	117.5046	0
73	13	457.0842	133.5668	0
73	14	703.3141	143.8137	0
73	15	733.874	131.4627	0
73	16	547.3759	158.5692	0
73	17	647.4429	131.877	0
73	18	707.3973	128.9445	0
73	19	291.3792	186.6504	0
73	20	485.7659	170.0507	0
73	21	-84.72083	190.6247	0
73	22	-7.980948	203.9095	0
73	23	522.4111	143.6257	0
73	24	718.3837	135.3519	0
73	25	334.1476	187.3675	0
73	26	689.0897	148.1789	0
73	27	759.6146	146.6105	0
73	28	17.54956	155.5647	0
73	29	683.3707	115.1628	0
73	30	646.1035	120.5475	0
73	31	184.6305	195.3683	0
73	32	738.3846	111.2804	0
73	33	760.4819	131.4135	0
73	34	354.3924	138.9163	0
73	35	-184.2293	256.4234	0
73	36	337.5902	150.7134	0
73	37	459.3445	138.5492	0
73	38	236.8822	224.9994	0
73	39	677.1392	126.8584	0
73	40	813.6042	138.929	0
73	41	408.4213	161.0448	0
73	42	356.8448	155.8952	0
73	43	478.1137	144.792	0
74	1	413.823	138.2276	0
74	2	753.2078	146.5424	0
74	3	411.347	147.1228	0
74	4	509.9288	124.7802	0
74	5	133.6854	174.9032	0
74	6	572.7316	166.4744	0
74	7	401.888	166.5086	0
74	8	392.03	183.9469	0
74	9	787.0198	139.2279	0
74	10	246.4218	164.2687	0
74	11	773.3687	125.2627	0
74	12	699.2129	117.5053	0
74	13	457.0912	133.5654	0
74	14	703.3188	143.8077	0
74	15	733.8855	131.4624	0
74	16	547.345	158.562	0
74	17	647.3922	131.8704	0
74	18	707.4096	128.9445	0
74	19	291.3788	186.6284	0
74	20	485.7396	170.0597	0
74	21	-84.71933	190.6252	0
74	22	-7.962434	203.9096	0
74	23	522.3956	143.6344	0
74	24	718.3864	135.3538	0
74	25	334.1483	187.3714	0
74	26	689.0938	148.177	0
74	27	759.6379	146.6207	0
74	28	17.44698	155.5865	0
74	29	683.3271	115.1585	0
74	30	646.1082	120.5492	0
74	31	184.5128	195.3922	0
74	32	738.3871	111.2798	0
74	33	760.4875	131.415	0
74	34	354.3731	138.9279	0
74	35	-184.4046	256.4742	0
74	36	337.6059	150.7105	0
74	37	459.3908	138.5467	0
74	38	236.8937	225.0027	0
74	39	677.1415	126.857	0
74	40	813.5966	138.9289	0
74	41	408.4335	161.045	0
74	42	356.8411	155.8993	0
74	43	478.1226	144.7823	0
75	1	413.8386	138.227	0
75	2	753.2037	146.5418	0
75	3	411.3394	147.1268	0
75	4	509.9226	124.7772	0
75	5	133.6908	174.9032	0
75	6	572.7172	166.4705	0
75	7	401.8922	166.5085	0
75	8	392.0342	183.9475	0
75	9	787.0035	139.226	0
75	10	246.4192	164.2701	0
75	11	773.3712	125.263	0
75	12	699.2146	117.5056	0
75	13	457.0934	133.5649	0
75	14	703.3179	143.8055	0
75	15	733.8893	131.4623	0
75	16	547.3344	158.5597	0
75	17	647.378	131.8683	0
75	18	707.4138	128.9444	0
75	19	291.3777	186.6223	0
75	20	485.7338	170.0609	0
75	21	-84.71804	190.6254	0
75	22	-7.956362	203.9097	0
75	23	522.3907	143.6357	0
75	24	718.3861	135.354	0
75	25	334.1483	187.3727	0
75	26	689.0956	148.1764	0
75	27	759.6472	146.6248	0
75	28	17.41324	155.5939	0
75	29	683.3147	115.1572	0
75	30	646.1096	120.5498	0
75	31	184.4875	195.3964	0
75	32	738.3877	111.2797	0
75	33	760.4878	131.4152	0
75	34	354.367	138.9316	0
75	35	-184.4641	256.4919	0
75	36	337.6107	150.7096	0
75	37	459.4031	138.5454	0
75	38	236.8969	225.0036	0
75	39	677.1423	126.8566	0
75	40	813.5964	138.9292	0
75	41	408.437	161.0453	0
75	42	356.8405	155.9004	0
75	43	478.125	144.7794	0
76	1	413.8536	138.226	0
76	2	753.1979	146.5408	0
76	3	411.3316	147.1302	0
76	4	509.9166	124.7744	0
76	5	133.6973	174.9032	0
76	6	572.7023	166.4667	0
76	7	401.8966	166.5085	0
76	8	392.0374	183.9485	0
76	9	786.9885	139.2242	0
76	10	246.4166	164.2712	0
76	11	773.3737	125.2633	0
76	12	699.2161	117.506	0
76	13	457.0955	133.5646	0
76	14	703.3163	143.8031	0
76	15	733.8927	131.4623	0
76	16	547.3236	158.5575	0
76	17	647.3645	131.8662	0
76	18	707.4183	128.9444	0
76	19	291.3763	186.6162	0
76	20	485.7285	170.0615	0
76	21	-84.716	190.6255	0
76	22	-7.95029	203.9099	0
76	23	522.3861	143.6367	0
76	24	718.3847	135.3539	0
76	25	334.1483	187.3742	0
76	26	689.0973	148.1757	0
76	27	759.6571	146.6291	0
76	28	17.3784	155.6016	0
76	29	683.3028	115.1558	0
76	30	646.1111	120.5504	0
76	31	184.4678	195.3994	0
76	32	738.3882	111.2795	0
76	33	760.4866	131.415	0
76	34	354.3614	138.9352	0
76	35	-184.5271	256.5106	0
76	36	337.6155	150.7087	0
76	37	459.4151	138.544	0
76	38	236.9001	225.0047	0
76	39	677.1432	126.8564	0
76	40	813.5972	138.9295	0
76	41	408.4405	161.0453	0
76	42	356.8402	155.9015	0
76	43	478.1257	144.7765	0
63	1	413.3941	138.5881	0
63	2	755.4905	142.1454	0
63	3	411.3113	134.5032	0
63	4	507.9204	135.0899	0
63	5	136.5672	182.8536	0
63	6	575.7436	164.8089	0
63	7	399.839	155.8227	0
63	8	394.3702	180.3929	0
63	9	787.7403	136.1823	0
63	10	243.9793	177.8276	0
63	11	775.929	119.4265	0
63	12	699.948	121.9241	0
63	13	457.0387	138.1956	0
63	14	700.6775	143.4148	0
63	15	731.5387	137.8336	0
63	16	550.1474	152.1034	0
63	17	649.0202	134.5425	0
63	18	708.1734	126.0554	0
63	19	290.5675	194.5857	0
63	20	487.1402	169.9724	0
63	21	-92.27848	184.8171	0
63	22	-14.15077	186.1099	0
63	23	522.8119	135.4632	0
63	24	715.293	133.2025	0
63	25	337.6887	195.7008	0
63	26	686.8184	154.1948	0
63	27	758.2106	163.1945	0
63	28	21.96857	163.5452	0
63	29	683.2758	118.0564	0
63	30	647.0066	115.8096	0
63	31	187.7135	200.0903	0
63	32	738.3118	110.5221	0
63	33	759.5062	134.0593	0
63	34	352.7754	134.0347	0
63	35	-190.3198	256.8696	0
63	36	337.0272	146.9621	0
63	37	458.9807	145.1297	0
63	38	237.8314	218.0468	0
63	39	677.4696	128.3688	0
63	40	811.5021	140.1001	0
63	41	407.0355	153.2941	0
63	42	358.5923	159.3623	0
63	43	477.94	145.0717	0
64	1	413.3799	138.5987	0
64	2	755.5265	142.1581	0
64	3	411.3583	134.501	0
64	4	507.9281	135.09	0
64	5	136.5614	182.8579	0
64	6	575.7599	164.8094	0
64	7	399.8378	155.8265	0
64	8	394.3895	180.3919	0
64	9	787.7491	136.1849	0
64	10	243.9972	177.8247	0
64	11	775.9395	119.4291	0
64	12	699.9807	121.925	0
64	13	457.065	138.1958	0
64	14	700.6847	143.4146	0
64	15	731.5447	137.8353	0
64	16	550.1628	152.1191	0
64	17	649.0407	134.5389	0
64	18	708.2121	126.0562	0
64	19	290.5747	194.5882	0
64	20	487.0954	169.9594	0
64	21	-92.15854	184.797	0
64	22	-14.14326	186.1134	0
64	23	522.7921	135.4598	0
64	24	715.3015	133.2027	0
64	25	337.6541	195.6892	0
64	26	686.8187	154.199	0
64	27	758.2224	163.1953	0
64	28	21.96397	163.5473	0
64	29	683.2359	118.0522	0
64	30	646.9938	115.8062	0
64	31	187.7016	200.0979	0
64	32	738.3098	110.5196	0
64	33	759.5084	134.0587	0
64	34	352.7907	134.0351	0
64	35	-190.2399	256.8578	0
64	36	337.0262	146.9657	0
64	37	458.9776	145.1415	0
64	38	237.7927	218.0235	0
64	39	677.4662	128.3694	0
64	40	811.5132	140.0994	0
64	41	407.0433	153.2939	0
64	42	358.5891	159.3661	0
64	43	477.926	145.0958	0
65	1	413.3669	138.6119	0
65	2	755.5742	142.1718	0
65	3	411.4005	134.4968	0
65	4	507.9355	135.0907	0
65	5	136.5642	182.8599	0
65	6	575.7729	164.8091	0
65	7	399.8395	155.8298	0
65	8	394.4073	180.3867	0
65	9	787.7596	136.1879	0
65	10	244.0194	177.8215	0
65	11	775.9547	119.4336	0
65	12	700.0085	121.9252	0
65	13	457.0971	138.1956	0
65	14	700.6863	143.4126	0
65	15	731.5521	137.8371	0
65	16	550.1771	152.1381	0
65	17	649.0526	134.5338	0
65	18	708.2491	126.0562	0
65	19	290.5681	194.5944	0
65	20	487.0436	169.9464	0
65	21	-92.06143	184.776	0
65	22	-14.13748	186.1158	0
65	23	522.7842	135.4598	0
65	24	715.3073	133.2029	0
65	25	337.6269	195.6807	0
65	26	686.8078	154.1983	0
65	27	758.2346	163.1951	0
65	28	21.95884	163.55	0
65	29	683.2006	118.048	0
65	30	646.9818	115.8023	0
65	31	187.6974	200.1035	0
65	32	738.299	110.5157	0
65	33	759.5115	134.0589	0
65	34	352.8018	134.0367	0
65	35	-190.181	256.8519	0
65	36	337.0223	146.9693	0
65	37	458.9768	145.1549	0
65	38	237.7547	218.0068	0
65	39	677.4688	128.3707	0
65	40	811.5253	140.0992	0
65	41	407.0518	153.2933	0
65	42	358.5885	159.3696	0
65	43	477.9017	145.1138	0
66	1	413.3555	138.6248	0
66	2	755.6323	142.187	0
66	3	411.4382	134.4911	0
66	4	507.9393	135.0924	0
66	5	136.5734	182.8623	0
66	6	575.7802	164.8056	0
66	7	399.8456	155.8314	0
66	8	394.4256	180.3815	0
66	9	787.7725	136.1904	0
66	10	244.0435	177.8187	0
66	11	775.978	119.4398	0
66	12	700.0272	121.9237	0
66	13	457.1258	138.1937	0
66	14	700.6882	143.4108	0
66	15	731.5598	137.8386	0
66	16	550.1876	152.1587	0
66	17	649.0543	134.5269	0
66	18	708.2741	126.0539	0
66	19	290.5485	194.6057	0
66	20	486.9964	169.9342	0
66	21	-91.98589	184.7508	0
66	22	-14.1332	186.118	0
66	23	522.7851	135.4613	0
66	24	715.3083	133.2016	0
66	25	337.6102	195.6768	0
66	26	686.8246	154.1971	0
66	27	758.2481	163.1947	0
66	28	21.95086	163.5532	0
66	29	683.1725	118.0447	0
66	30	646.9587	115.7965	0
66	31	187.7023	200.1064	0
66	32	738.2792	110.5131	0
66	33	759.5155	134.0599	0
66	34	352.8032	134.0396	0
66	35	-190.1407	256.851	0
66	36	337.0183	146.9728	0
66	37	458.974	145.1715	0
66	38	237.726	217.9957	0
66	39	677.4725	128.3724	0
66	40	811.5366	140.0991	0
66	41	407.0617	153.2932	0
66	42	358.5923	159.3718	0
66	43	477.8741	145.1227	0
67	1	413.3526	138.6289	0
67	2	755.6508	142.1924	0
67	3	411.4483	134.489	0
67	4	507.9397	135.0931	0
67	5	136.5757	182.8633	0
67	6	575.7825	164.8045	0
67	7	399.8485	155.8318	0
67	8	394.4311	180.3802	0
67	9	787.7769	136.1912	0
67	10	244.0487	177.8183	0
67	11	775.9871	119.442	0
67	12	700.0309	121.9231	0
67	13	457.1337	138.1929	0
67	14	700.6887	143.4104	0
67	15	731.5624	137.8387	0
67	16	550.1896	152.1651	0
67	17	649.0533	134.5247	0
67	18	708.2788	126.053	0
67	19	290.5404	194.6103	0
67	20	486.9836	169.9313	0
67	21	-91.96667	184.743	0
67	22	-14.1327	186.1181	0
67	23	522.7859	135.462	0
67	24	715.3087	133.2013	0
67	25	337.6075	195.6767	0
67	26	686.8375	154.1972	0
67	27	758.2524	163.1947	0
67	28	21.94757	163.5542	0
67	29	683.1657	118.0439	0
67	30	646.9497	115.7943	0
67	31	187.7058	200.1074	0
67	32	738.2736	110.5122	0
67	33	759.5168	134.0603	0
67	34	352.8017	134.0407	0
67	35	-190.1358	256.8521	0
67	36	337.0176	146.9738	0
67	37	458.9724	145.1768	0
67	38	237.7196	217.9937	0
67	39	677.4736	128.3729	0
67	40	811.5399	140.099	0
67	41	407.0652	153.2932	0
67	42	358.5946	159.3722	0
67	43	477.8668	145.1239	0
