20	1	2220.434	379.1516	0
20	2	989.2509	175.8052	2
20	3	991.1549	175.0579	2
20	4	-226.2521	287.872	0
21	1	2217.367	379.1134	0
21	2	988.3201	176.1797	2
21	3	990.8175	175.1523	2
21	4	-225.5519	288.0808	0
22	1	2213.909	379.0703	0
22	2	988.0273	176.3013	2
22	3	990.3951	175.2477	2
22	4	-224.7557	288.3165	0
23	1	2210.115	379.023	0
23	2	987.6151	176.4739	2
23	3	989.8964	175.345	2
23	4	-223.8793	288.5768	0
24	1	2206.027	378.9721	0
24	2	987.1068	176.6873	2
24	3	989.3286	175.4452	2
24	4	-222.9251	288.8577	0
25	1	2201.687	378.918	0
25	2	986.521	176.9329	2
25	3	988.6975	175.5496	2
25	4	-221.9041	289.1574	0
26	1	2197.128	378.8611	0
26	2	985.8916	177.2042	2
26	3	988.0085	175.6598	2
26	4	-220.8248	289.4743	0
27	1	2192.38	378.802	0
27	2	985.2263	177.4951	2
27	3	987.2665	175.7771	2
27	4	-219.6855	289.8051	0
28	1	2187.469	378.7408	0
28	2	984.5308	177.8005	2
28	3	986.2158	175.9512	2
28	4	-218.4921	290.1484	0
29	1	2182.416	378.6779	0
29	2	983.807	178.117	2
29	3	984.9306	176.1779	2
29	4	-217.2417	290.5015	0
30	1	2177.242	378.6134	0
30	2	983.0544	178.4426	2
30	3	983.4584	176.4528	2
30	4	-215.9384	290.8635	0
31	1	2171.963	378.5476	0
31	2	982.2712	178.7766	2
31	3	981.8405	176.7715	2
31	4	-214.5856	291.2333	0
32	1	2166.593	378.4807	0
32	2	981.4742	179.1195	2
32	3	981.2994	176.8972	2
32	4	-213.1785	291.6086	0
33	1	2161.145	378.4128	0
33	2	980.6646	179.4648	2
33	3	980.532	177.0884	2
33	4	-211.7198	291.9887	0
34	1	2155.629	378.3441	0
34	2	979.842	179.8127	2
34	3	979.5829	177.3386	2
34	4	-210.2103	292.3728	0
35	1	2150.056	378.2746	0
35	2	979.0052	180.1631	2
35	3	978.4727	177.6407	2
35	4	-208.6457	292.7588	0
36	1	2144.433	378.2045	0
36	2	978.1517	180.5165	2
36	3	977.2374	177.9904	2
36	4	-207.0267	293.1461	0
37	1	2138.767	378.1339	0
37	2	977.2985	180.8734	2
37	3	976.793	178.1271	2
37	4	-205.3535	293.5342	0
38	1	2133.065	378.0628	0
38	2	976.4458	181.2336	2
38	3	976.1558	178.3334	2
38	4	-203.6223	293.9211	0
39	1	2127.332	377.9914	0
39	2	975.5925	181.597	2
39	3	975.347	178.6011	2
39	4	-201.8333	294.3065	0
40	1	2121.572	377.9196	0
40	2	974.7359	181.9633	2
40	3	974.3849	178.9232	2
40	4	-199.9835	294.6888	0
41	1	2115.79	377.8476	0
41	2	973.8931	182.3333	2
41	3	973.3046	179.2948	2
41	4	-198.0728	295.0677	0
42	1	2109.988	377.7753	0
42	2	973.0574	182.7069	2
42	3	972.9069	179.4391	2
42	4	-196.1007	295.4424	0
43	1	2104.17	377.7027	0
43	2	972.2272	183.0838	2
43	3	972.3163	179.6557	2
43	4	-194.0656	295.812	0
44	1	2098.338	377.6301	0
44	2	971.3999	183.4637	2
44	3	971.554	179.9358	2
44	4	-191.9673	296.1758	0
45	1	2092.495	377.5572	0
45	2	970.594	183.8474	2
45	3	970.6581	180.2733	2
45	4	-189.8044	296.5331	0
46	1	2086.642	377.4843	0
46	2	969.8057	184.2343	2
46	3	969.6415	180.6618	2
46	4	-187.5766	296.8832	0
47	1	2080.782	377.4113	0
47	2	969.0323	184.6248	2
47	3	969.2585	180.8124	2
47	4	-185.2839	297.2256	0
20	1	1790.387	304.0547	0
20	2	986.164	175.3469	0
20	3	-359.4698	310.253	2
20	4	-379.2874	309.6959	2
21	1	1786.997	303.4698	0
21	2	985.5049	175.6222	0
21	3	-354.7321	310.3862	2
21	4	-380.4769	309.6624	2
22	1	1783.197	302.8143	0
22	2	984.7602	175.9349	0
22	3	-350.4066	310.5078	2
22	4	-380.9156	309.6501	2
23	1	1779.052	302.0992	0
23	2	983.9373	176.2812	0
23	3	-346.4747	310.6184	2
23	4	-380.6959	309.6562	2
24	1	1774.619	301.3343	0
24	2	983.0427	176.6575	0
24	3	-342.9076	310.7187	2
24	4	-379.8907	309.6789	2
25	1	1769.945	300.528	0
25	2	982.761	176.7839	0
25	3	-339.6691	310.8097	2
25	4	-378.5457	309.7167	2
26	1	1765.073	299.6875	0
26	2	982.3565	176.9688	0
26	3	-336.7188	310.8926	2
26	4	-376.7116	309.7682	2
27	1	1760.038	298.819	0
27	2	981.8428	177.205	0
27	3	-334.0135	310.9687	2
27	4	-374.4409	309.8321	2
28	1	1754.874	297.928	0
28	2	981.2316	177.4868	0
28	3	-331.5103	311.0391	2
28	4	-371.6961	309.9092	2
29	1	1749.605	297.0191	0
29	2	980.5323	177.809	0
29	3	-329.1646	311.105	2
29	4	-368.6374	309.9952	2
30	1	1744.256	296.0963	0
30	2	979.7529	178.1672	0
30	3	-326.9352	311.1676	2
30	4	-365.3173	310.0885	2
31	1	1738.846	295.1629	0
31	2	978.9194	178.5587	0
31	3	-324.7838	311.2281	2
31	4	-361.7857	310.1878	2
32	1	1733.392	294.222	0
32	2	978.6483	178.692	0
32	3	-322.6755	311.2874	2
32	4	-358.089	310.2917	2
33	1	1727.908	293.2759	0
33	2	978.2567	178.8866	0
33	3	-320.58	311.3463	2
33	4	-354.2701	310.399	2
34	1	1722.407	292.3268	0
34	2	977.7582	179.1354	0
34	3	-318.4712	311.4056	2
34	4	-350.3675	310.5088	2
35	1	1716.898	291.3764	0
35	2	977.164	179.4319	0
35	3	-316.3269	311.4659	2
35	4	-346.4152	310.6199	2
36	1	1711.391	290.4264	0
36	2	976.4832	179.7711	0
36	3	-314.1294	311.5276	2
36	4	-342.443	310.7315	2
37	1	1705.893	289.4779	0
37	2	975.7236	180.1481	0
37	3	-311.865	311.5913	2
37	4	-338.4761	310.843	2
38	1	1700.411	288.5322	0
38	2	974.9113	180.56	0
38	3	-309.5236	311.6571	2
38	4	-334.5352	310.9538	2
39	1	1694.949	287.59	0
39	2	974.6463	180.7005	0
39	3	-307.0987	311.7253	2
39	4	-330.6367	311.0634	2
40	1	1689.513	286.6521	0
40	2	974.2639	180.9055	0
40	3	-304.5862	311.7959	2
40	4	-326.7934	311.1714	2
41	1	1684.106	285.7193	0
41	2	973.7771	181.1674	0
41	3	-301.9853	311.869	2
41	4	-323.0143	311.2777	2
42	1	1678.731	284.7919	0
42	2	973.1965	181.4796	0
42	3	-298.9727	311.9537	2
42	4	-319.3009	311.3821	2
43	1	1673.39	283.8705	0
43	2	972.531	181.8365	0
43	3	-295.5783	312.0491	2
43	4	-315.6492	311.4847	2
44	1	1668.086	282.9554	0
44	2	971.8083	182.2342	0
44	3	-291.8572	312.1537	2
44	4	-312.0494	311.5859	2
45	1	1662.82	282.0471	0
45	2	971.0315	182.6685	0
45	3	-287.881	312.2655	2
45	4	-308.4898	311.686	2
46	1	1657.593	281.1454	0
46	2	970.7747	182.8167	0
46	3	-283.727	312.3823	2
46	4	-304.9573	311.7853	2
47	1	1652.407	280.2508	0
47	2	970.4026	183.0328	0
47	3	-279.4729	312.5019	2
47	4	-301.4384	311.8842	2
48	1	1647.263	279.3633	0
48	2	969.9289	183.3088	0
48	3	-275.4669	312.6145	2
48	4	-297.9249	311.9829	2
49	1	1642.161	278.4831	0
49	2	969.3864	183.6382	0
49	3	-271.666	312.7214	2
49	4	-294.412	312.0817	2
50	1	1637.102	277.6102	0
50	2	968.7839	184.0156	0
50	3	-268.0322	312.8235	2
50	4	-290.8981	312.1805	2
51	1	1632.085	276.7447	0
51	2	968.1303	184.4355	0
51	3	-264.5332	312.9219	2
51	4	-287.3833	312.2792	2
52	1	1627.111	275.8866	0
52	2	967.4339	184.894	0
52	3	-261.1411	313.0173	2
52	4	-283.8694	312.3781	2
53	1	1622.18	275.0359	0
53	2	967.2144	185.0507	0
53	3	-257.8325	313.1103	2
53	4	-280.3587	312.4767	2
54	1	1617.292	274.1927	0
54	2	966.9254	185.2794	0
54	3	-254.5873	313.2015	2
54	4	-276.8544	312.5752	2
55	1	1612.447	273.3567	0
55	2	966.5776	185.5715	0
55	3	-251.3886	313.2914	2
55	4	-273.3595	312.6734	2
56	1	1607.644	272.5282	0
56	2	966.181	185.9199	0
56	3	-248.2224	313.3804	2
56	4	-269.877	312.7713	2
57	1	1602.883	271.707	0
57	2	965.7448	186.3182	0
57	3	-244.7677	313.4776	2
57	4	-266.4054	312.8689	2
58	1	1598.165	270.893	0
58	2	965.2781	186.7615	0
58	3	-241.0785	313.5813	2
58	4	-262.9404	312.9663	2
59	1	1593.489	270.0862	0
59	2	964.811	187.2457	0
59	3	-237.2147	313.6899	2
59	4	-259.4758	313.0637	2
60	1	1588.854	269.2866	0
60	2	964.3494	187.7671	0
60	3	-233.5162	313.7939	2
60	4	-256.0083	313.1612	2
61	1	1584.26	268.4941	0
61	2	964.2405	187.9364	0
61	3	-229.9526	313.8941	2
61	4	-252.5369	313.2588	2
62	1	1579.707	267.7086	0
62	2	964.1026	188.1818	0
62	3	-226.4971	313.9913	2
62	4	-249.0621	313.3564	2
20	1	1965.736	425.9349	0
20	2	983.9323	174.9092	0
20	3	-1064.317	430.8484	2
20	4	-1103.87	431.5685	2
21	1	1960.331	424.4335	0
21	2	983.2828	175.1822	0
21	3	-1054.917	430.6772	2
21	4	-1106.256	431.612	2
22	1	1954.295	422.757	0
22	2	982.5486	175.4924	0
22	3	-1046.353	430.5213	2
22	4	-1107.137	431.6281	2
23	1	1947.737	420.9355	0
23	2	981.7375	175.8358	0
23	3	-1038.584	430.3799	2
23	4	-1106.697	431.6201	2
24	1	1940.754	418.9957	0
24	2	980.8558	176.2089	0
24	3	-1031.548	430.2519	2
24	4	-1105.082	431.5908	2
25	1	1933.426	416.9602	0
25	2	980.5785	176.3342	0
25	3	-1025.171	430.1358	2
25	4	-1102.385	431.5417	2
26	1	1925.824	414.8487	0
26	2	980.1799	176.5176	0
26	3	-1019.37	430.0303	2
26	4	-1098.71	431.4749	2
27	1	1918.009	412.6781	0
27	2	979.6741	176.7518	0
27	3	-1014.059	429.9337	2
27	4	-1094.166	431.3923	2
28	1	1910.033	410.4626	0
28	2	979.072	177.0313	0
28	3	-1009.149	429.8443	2
28	4	-1088.678	431.2924	2
29	1	1901.939	408.2146	0
29	2	978.3835	177.3506	0
29	3	-1004.554	429.7607	2
29	4	-1082.572	431.1813	2
30	1	1893.766	405.9442	0
30	2	977.616	177.7058	0
30	3	-1000.191	429.6813	2
30	4	-1075.954	431.0609	2
31	1	1885.544	403.6604	0
31	2	976.7762	178.0931	0
31	3	-995.9858	429.6048	2
31	4	-1068.925	430.933	2
32	1	1877.299	401.3705	0
32	2	976.5067	178.2251	0
32	3	-991.8691	429.5299	2
32	4	-1061.581	430.7993	2
33	1	1869.056	399.0807	0
33	2	976.119	178.418	0
33	3	-987.781	429.4556	2
33	4	-1054.008	430.6616	2
34	1	1860.831	396.7962	0
34	2	975.6266	178.6645	0
34	3	-983.6711	429.3808	2
34	4	-1046.282	430.5209	2
35	1	1852.64	394.5211	0
35	2	975.0403	178.9584	0
35	3	-979.496	429.3048	2
35	4	-1038.474	430.3788	2
36	1	1844.497	392.2592	0
36	2	974.369	179.2944	0
36	3	-975.2222	429.2271	2
36	4	-1030.64	430.2363	2
37	1	1836.412	390.0134	0
37	2	973.6203	179.6681	0
37	3	-970.8226	429.1471	2
37	4	-1022.832	430.0942	2
38	1	1828.392	387.786	0
38	2	972.8201	180.0763	0
38	3	-966.2786	429.0644	2
38	4	-1015.089	429.9534	2
39	1	1820.447	385.5789	0
39	2	972.5596	180.2155	0
39	3	-961.5772	428.9788	2
39	4	-1007.444	429.8142	2
40	1	1812.58	383.3938	0
40	2	972.1835	180.4187	0
40	3	-956.7121	428.8904	2
40	4	-999.9209	429.6773	2
41	1	1804.796	381.2319	0
41	2	971.7049	180.6782	0
41	3	-951.6813	428.7988	2
41	4	-992.5372	429.543	2
42	1	1797.099	379.0939	0
42	2	971.1341	180.9876	0
42	3	-945.8625	428.6929	2
42	4	-985.2945	429.4112	2
43	1	1789.492	376.9809	0
43	2	970.48	181.3413	0
43	3	-939.316	428.5738	2
43	4	-978.184	429.2818	2
44	1	1781.975	374.893	0
44	2	969.7697	181.7354	0
44	3	-932.1512	428.4434	2
44	4	-971.1873	429.1545	2
45	1	1774.551	372.8309	0
45	2	969.0067	182.1658	0
45	3	-924.5083	428.3043	2
45	4	-964.2799	429.0289	2
46	1	1767.22	370.7946	0
46	2	968.7543	182.3126	0
46	3	-916.5396	428.1592	2
46	4	-957.4366	428.9044	2
47	1	1759.983	368.7843	0
47	2	968.3895	182.5267	0
47	3	-908.3938	428.0109	2
47	4	-950.631	428.7805	2
48	1	1752.839	366.8	0
48	2	967.9257	182.8002	0
48	3	-900.7392	427.8716	2
48	4	-943.847	428.6571	2
49	1	1745.788	364.8415	0
49	2	967.3754	183.126	0
49	3	-893.4894	427.7397	2
49	4	-937.0757	428.5339	2
50	1	1738.83	362.9088	0
50	2	966.7704	183.4992	0
50	3	-886.5707	427.6137	2
50	4	-930.3134	428.4109	2
51	1	1731.964	361.0016	0
51	2	966.1193	183.9148	0
51	3	-879.9194	427.4926	2
51	4	-923.5606	428.288	2
52	1	1725.188	359.1197	0
52	2	965.4299	184.3685	0
52	3	-873.4818	427.3755	2
52	4	-916.8206	428.1654	2
53	1	1718.503	357.2628	0
53	2	965.2167	184.5236	0
53	3	-867.2125	427.2614	2
53	4	-910.0978	428.0432	2
54	1	1711.907	355.4307	0
54	2	964.9174	184.7496	0
54	3	-861.0722	427.1496	2
54	4	-903.3986	427.9213	2
55	1	1705.399	353.623	0
55	2	964.5659	185.0383	0
55	3	-855.0294	427.0396	2
55	4	-896.7277	427.7999	2
56	1	1698.977	351.8392	0
56	2	964.1713	185.3828	0
56	3	-849.0569	426.9309	2
56	4	-890.0914	427.6791	2
57	1	1692.641	350.0792	0
57	2	963.7428	185.7769	0
57	3	-842.5494	426.8124	2
57	4	-883.487	427.559	2
58	1	1686.388	348.3425	0
58	2	963.2884	186.2155	0
58	3	-835.612	426.6861	2
58	4	-876.9058	427.4393	2
59	1	1680.218	346.6287	0
59	2	962.8165	186.694	0
59	3	-828.3589	426.5541	2
59	4	-870.3354	427.3197	2
60	1	1674.129	344.9374	0
60	2	962.3565	187.2094	0
60	3	-821.4283	426.4279	2
60	4	-863.7707	427.2003	2
61	1	1668.12	343.2684	0
61	2	962.2537	187.3769	0
61	3	-814.7612	426.3065	2
61	4	-857.2089	427.081	2
62	1	1662.19	341.6212	0
62	2	962.127	187.6198	0
62	3	-808.3073	426.1891	2
62	4	-850.6516	426.9617	2
63	1	1656.337	339.9954	0
63	2	961.9819	187.9292	0
63	3	-802.0237	426.0747	2
63	4	-844.102	426.8426	2
64	1	1650.559	338.3906	0
64	2	961.8247	188.2974	0
64	3	-795.8736	425.9627	2
64	4	-837.5645	426.7236	2
65	1	1644.857	336.8065	0
65	2	961.6613	188.718	0
65	3	-789.8261	425.8526	2
65	4	-831.044	426.605	2
66	1	1639.226	335.2428	0
66	2	961.5194	189.1863	0
66	3	-783.3021	425.7338	2
66	4	-824.5387	426.4867	2
67	1	1633.668	333.6989	0
67	2	961.4023	189.6975	0
67	3	-776.4016	425.6081	2
67	4	-818.041	426.3685	2
68	1	1628.181	332.1747	0
68	2	961.3137	190.2477	0
68	3	-769.7578	425.4872	2
68	4	-811.5484	426.2504	2
69	1	1622.762	330.6697	0
69	2	961.3219	190.4282	0
69	3	-763.3223	425.37	2
69	4	-805.0611	426.1324	2
70	1	1617.412	329.1836	0
70	2	961.3741	190.6891	0
70	3	-757.053	425.2558	2
70	4	-798.5813	426.0145	2
21	1	1620.102	341.4359	2
21	2	1653.909	341.4008	2
21	3	1020.016	188.3092	3
21	4	1022.469	186.9534	3
21	5	-387.9503	295.2936	0
22	1	1614.444	341.4417	2
22	2	1654.487	341.4002	2
22	3	1019.73	188.4681	3
22	4	1021.999	187.0709	3
22	5	-373.9834	294.0795	0
23	1	1609.305	341.4471	2
23	2	1654.198	341.4005	2
23	3	1019.332	188.6931	3
23	4	1021.426	187.1895	3
23	5	-358.8426	292.7637	0
24	1	1604.648	341.4519	2
24	2	1653.137	341.4016	2
24	3	1018.842	188.9711	3
24	4	1020.76	187.3109	3
24	5	-353.5386	292.3033	0
25	1	1600.423	341.4563	2
25	2	1651.366	341.4035	2
25	3	1018.278	189.291	3
25	4	1020.012	187.437	3
25	5	-345.8316	291.6346	0
26	1	1596.577	341.4604	2
26	2	1648.952	341.406	2
26	3	1017.652	189.6436	3
26	4	1019.19	187.5699	3
26	5	-336.0956	290.7903	0
27	1	1593.054	341.464	2
27	2	1645.964	341.4091	2
27	3	1016.974	190.0212	3
27	4	1017.987	187.7687	3
27	5	-324.6665	289.8	0
28	1	1589.795	341.4674	2
28	2	1642.355	341.4129	2
28	3	1016.249	190.4183	3
28	4	1016.488	188.0346	3
28	5	-311.8448	288.69	0
29	1	1586.744	341.4706	2
29	2	1638.336	341.4171	2
29	3	1015.5	190.8326	3
29	4	1014.772	188.3636	3
29	5	-297.8978	287.4843	0
19	1	2264.402	429.3553	0
19	2	1143.74	187.5799	0
19	3	-236.042	282.9322	0
20	1	2261.083	429.2568	0
20	2	1144.181	187.6805	0
20	3	-235.5535	283.0982	0
21	1	2257.194	429.1414	0
21	2	1144.699	187.7988	0
21	3	-234.9802	283.2936	0
22	1	2252.811	429.0113	0
22	2	1145.286	187.9326	0
22	3	-234.3341	283.5151	0
23	1	2248.003	428.8686	0
23	2	1145.931	188.0799	0
23	3	-233.6245	283.7599	0
24	1	2242.828	428.7149	0
24	2	1146.629	188.2391	0
24	3	-232.8588	284.0251	0
25	1	2237.335	428.5519	0
25	2	1147.373	188.4089	0
25	3	-232.0451	284.3089	0
26	1	2231.569	428.3807	0
26	2	1148.157	188.5879	0
26	3	-231.1887	284.6093	0
27	1	2225.568	428.2026	0
27	2	1148.978	188.7753	0
27	3	-230.2942	284.9246	0
28	1	2219.365	428.0185	0
28	2	1149.831	188.9698	0
28	3	-229.3648	285.2534	0
29	1	2212.988	427.8292	0
29	2	1150.712	189.171	0
29	3	-228.4036	285.5942	0
30	1	2206.462	427.6354	0
30	2	1151.619	189.3779	0
30	3	-227.4129	285.9461	0
31	1	2199.807	427.4379	0
31	2	1152.549	189.5901	0
31	3	-226.3938	286.3079	0
32	1	2193.044	427.2371	0
32	2	1153.499	189.8071	0
32	3	-225.3478	286.6787	0
33	1	2186.187	427.0336	0
33	2	1154.469	190.0283	0
33	3	-224.2757	287.0578	0
34	1	2179.25	426.8276	0
34	2	1155.455	190.2534	0
34	3	-223.1724	287.4435	0
35	1	2172.247	426.6198	0
35	2	1156.457	190.4821	0
35	3	-222.0416	287.8356	0
36	1	2165.186	426.4102	0
36	2	1157.474	190.7139	0
36	3	-220.8849	288.2341	0
37	1	2158.077	426.1991	0
37	2	1158.503	190.9489	0
37	3	-219.7038	288.6387	0
19	1	1692.728	297.3131	0
19	2	1030.166	182.1238	0
19	3	-1077.17	453.6815	0
20	1	1690.231	296.8401	0
20	2	1029.535	182.3894	0
20	3	-1070.271	452.8253	0
21	1	1687.318	296.2883	0
21	2	1028.802	182.7035	0
21	3	-1062.223	451.8266	0
22	1	1684.053	295.6697	0
22	2	1027.978	183.0607	0
22	3	-1053.202	450.7072	0
23	1	1680.49	294.9948	0
23	2	1027.07	183.4565	0
23	3	-1043.362	449.486	0
24	1	1676.678	294.2728	0
24	2	1026.084	183.8869	0
24	3	-1032.835	448.1797	0
25	1	1672.66	293.5115	0
25	2	1025.754	184.0309	0
25	3	-1021.738	446.8026	0
26	1	1668.47	292.7178	0
26	2	1025.293	184.2422	0
26	3	-1010.17	445.367	0
27	1	1664.14	291.8976	0
27	2	1024.715	184.5126	0
27	3	-998.2184	443.8838	0
28	1	1659.697	291.056	0
28	2	1024.032	184.8353	0
28	3	-985.9558	442.362	0
29	1	1655.163	290.1972	0
29	2	1023.255	185.2046	0
29	3	-973.4466	440.8096	0
30	1	1650.56	289.3252	0
30	2	1022.392	185.6154	0
30	3	-960.7452	439.2334	0
31	1	1645.903	288.4429	0
31	2	1021.448	186.0637	0
31	3	-947.8992	437.6392	0
32	1	1641.207	287.5534	0
32	2	1021.146	186.217	0
32	3	-934.9473	436.0319	0
33	1	1636.484	286.6588	0
33	2	1020.713	186.4408	0
33	3	-921.9252	434.4159	0
34	1	1631.745	285.7611	0
34	2	1020.163	186.7269	0
34	3	-908.8606	432.7946	0
35	1	1626.999	284.8621	0
35	2	1019.508	187.0681	0
35	3	-895.7791	431.1712	0
36	1	1622.254	283.9632	0
36	2	1018.758	187.4584	0
36	3	-882.7018	429.5483	0
37	1	1617.515	283.0656	0
37	2	1017.922	187.8925	0
37	3	-869.6458	427.9281	0
38	1	1612.789	282.1703	0
38	2	1017.026	188.3672	0
38	3	-856.626	426.3123	0
39	1	1608.08	281.2783	0
39	2	1016.734	188.5294	0
39	3	-843.6556	424.7027	0
40	1	1603.392	280.3902	0
40	2	1016.312	188.7661	0
40	3	-830.7446	423.1005	0
41	1	1598.728	279.5066	0
41	2	1015.775	189.0684	0
41	3	-817.9019	421.5068	0
42	1	1594.09	278.6281	0
42	2	1015.135	189.4288	0
42	3	-805.1352	419.9224	0
43	1	1589.481	277.7551	0
43	2	1014.4	189.841	0
43	3	-792.45	418.3482	0
44	1	1584.903	276.8879	0
44	2	1013.602	190.3006	0
44	3	-779.8513	416.7847	0
45	1	1580.357	276.0267	0
45	2	1012.743	190.8028	0
45	3	-767.3436	415.2325	0
46	1	1575.844	275.1719	0
46	2	1012.458	190.9745	0
46	3	-754.9296	413.692	0
19	1	2423.46	410.6383	0
19	2	1089.986	179.5442	0
19	3	-1386.623	485.8053	0
20	1	2416.808	409.504	0
20	2	1090.361	179.6281	0
20	3	-1382.531	485.6711	0
21	1	2409.069	408.1841	0
21	2	1090.802	179.7266	0
21	3	-1377.737	485.5137	0
22	1	2400.42	406.7093	0
22	2	1091.301	179.8379	0
22	3	-1372.336	485.3364	0
23	1	2391.017	405.1057	0
23	2	1091.849	179.9605	0
23	3	-1366.411	485.1418	0
24	1	2380.993	403.3963	0
24	2	1092.443	180.093	0
24	3	-1360.034	484.9325	0
25	1	2370.466	401.6011	0
25	2	1093.074	180.2341	0
25	3	-1353.268	484.7104	0
26	1	2359.536	399.7371	0
26	2	1093.741	180.3829	0
26	3	-1346.166	484.4772	0
27	1	2348.288	397.8189	0
27	2	1094.438	180.5386	0
27	3	-1338.776	484.2346	0
28	1	2336.797	395.8592	0
28	2	1095.161	180.7002	0
28	3	-1331.137	483.9839	0
29	1	2325.124	393.8686	0
29	2	1095.909	180.8672	0
29	3	-1323.287	483.7262	0
30	1	2313.324	391.8563	0
30	2	1096.678	181.039	0
30	3	-1315.254	483.4625	0
31	1	2301.442	389.8299	0
31	2	1097.466	181.2151	0
31	3	-1307.066	483.1936	0
32	1	2289.515	387.7959	0
32	2	1098.272	181.3951	0
32	3	-1298.744	482.9204	0
33	1	2277.576	385.7599	0
33	2	1099.093	181.5784	0
33	3	-1290.31	482.6435	0
34	1	2265.652	383.7264	0
34	2	1099.928	181.765	0
34	3	-1281.779	482.3635	0
35	1	2253.765	381.6993	0
35	2	1100.776	181.9544	0
35	3	-1273.168	482.0808	0
36	1	2241.935	379.6819	0
36	2	1101.636	182.1465	0
36	3	-1264.488	481.7959	0
37	1	2230.177	377.6766	0
37	2	1102.506	182.3409	0
37	3	-1255.75	481.509	0
38	1	2218.502	375.6858	0
38	2	1103.387	182.5376	0
38	3	-1246.966	481.2206	0
39	1	2206.924	373.7112	0
39	2	1104.276	182.7364	0
39	3	-1238.141	480.9309	0
40	1	2195.448	371.7542	0
40	2	1105.175	182.9371	0
40	3	-1229.285	480.6402	0
41	1	2184.083	369.816	0
41	2	1106.081	183.1396	0
41	3	-1220.403	480.3487	0
42	1	2172.833	367.8975	0
42	2	1106.996	183.3438	0
42	3	-1211.5	480.0564	0
43	1	2161.703	365.9993	0
43	2	1107.917	183.5497	0
43	3	-1202.582	479.7636	0
44	1	2150.695	364.1222	0
44	2	1108.846	183.7571	0
44	3	-1193.651	479.4704	0
45	1	2139.812	362.2662	0
45	2	1109.781	183.9661	0
45	3	-1184.713	479.177	0
46	1	2129.056	360.4319	0
46	2	1110.723	184.1765	0
46	3	-1175.768	478.8834	0
47	1	2118.427	358.6192	0
47	2	1111.671	184.3882	0
47	3	-1166.821	478.5897	0
19	1	2408.122	526.6882	0
19	2	983.3705	175.792	0
19	3	-740.7604	421.7289	0
20	1	2403.321	526.3981	0
20	2	982.8131	176.0298	0
20	3	-735.1662	421.0049	0
21	1	2397.701	526.0585	0
21	2	982.1534	176.3104	0
21	3	-728.6381	420.1599	0
22	1	2391.374	525.676	0
22	2	981.4208	176.6296	0
22	3	-721.3177	419.2124	0
23	1	2384.439	525.257	0
23	2	980.6212	176.9835	0
23	3	-713.3285	418.1783	0
24	1	2376.984	524.8064	0
24	2	979.7596	177.3683	0
24	3	-704.7775	417.0716	0
25	1	2369.081	524.3289	0
25	2	979.476	177.4973	0
25	3	-695.7587	415.9042	0
26	1	2360.795	523.8281	0
26	2	979.063	177.6855	0
26	3	-686.3518	414.6866	0
27	1	2352.183	523.3076	0
27	2	978.5357	177.926	0
27	3	-676.6266	413.4279	0
28	1	2343.293	522.7704	0
28	2	977.9059	178.2127	0
28	3	-666.643	412.1356	0
29	1	2334.167	522.2189	0
29	2	977.2034	178.5411	0
29	3	-656.4523	410.8166	0
30	1	2324.84	521.6553	0
30	2	976.434	178.9069	0
30	3	-646.0985	409.4765	0
31	1	2315.346	521.0815	0
31	2	975.6025	179.306	0
31	3	-635.6199	408.1202	0
32	1	2305.71	520.4992	0
32	2	975.3248	179.4418	0
32	3	-625.0488	406.7519	0
33	1	2295.956	519.9097	0
33	2	974.9207	179.64	0
33	3	-614.413	405.3753	0
34	1	2286.104	519.3143	0
34	2	974.4243	179.8937	0
34	3	-603.7359	403.9933	0
35	1	2276.172	518.7141	0
35	2	973.8448	180.1967	0
35	3	-593.0378	402.6086	0
36	1	2266.176	518.11	0
36	2	973.1899	180.5435	0
36	3	-582.3361	401.2234	0
37	1	2256.127	517.5027	0
37	2	972.4658	180.9293	0
37	3	-571.6449	399.8396	0
38	1	2246.038	516.8929	0
38	2	971.6775	181.3503	0
38	3	-560.9765	398.4587	0
19	1	2826.472	477.0406	0
19	2	1150.52	178.6376	0
19	3	-1021.402	470.8514	0
20	1	2822.323	476.8801	0
20	2	1150.86	178.7195	0
20	3	-1014.189	469.8743	0
21	1	2817.461	476.6921	0
21	2	1151.259	178.8157	0
21	3	-1005.781	468.735	0
22	1	2811.986	476.4803	0
22	2	1151.711	178.9245	0
22	3	-996.3601	467.4587	0
23	1	2805.98	476.248	0
23	2	1152.208	179.0443	0
23	3	-986.0895	466.0673	0
24	1	2799.517	475.9979	0
24	2	1152.745	179.1737	0
24	3	-975.11	464.5797	0
25	1	2792.662	475.7327	0
25	2	1153.317	179.3116	0
25	3	-963.543	463.0126	0
26	1	2785.469	475.4545	0
26	2	1153.92	179.4571	0
26	3	-951.4936	461.3801	0
27	1	2777.985	475.165	0
27	2	1154.551	179.6091	0
27	3	-939.0524	459.6946	0
28	1	2770.253	474.8658	0
28	2	1155.206	179.767	0
28	3	-926.2978	457.9666	0
29	1	2762.308	474.5585	0
29	2	1155.883	179.9302	0
29	3	-913.297	456.2053	0
30	1	2754.18	474.2441	0
30	2	1156.579	180.0979	0
30	3	-900.1067	454.4182	0
31	1	2745.898	473.9237	0
31	2	1157.292	180.2699	0
31	3	-886.7764	452.6122	0
32	1	2737.484	473.5982	0
32	2	1158.021	180.4456	0
32	3	-873.3473	450.7928	0
33	1	2728.959	473.2685	0
33	2	1158.765	180.6248	0
33	3	-859.856	448.965	0
34	1	2720.339	472.935	0
34	2	1159.521	180.8069	0
34	3	-846.3315	447.1327	0
35	1	2711.64	472.5985	0
35	2	1160.288	180.9919	0
35	3	-832.8005	445.2995	0
36	1	2702.874	472.2594	0
36	2	1161.066	181.1794	0
36	3	-819.2841	443.4683	0
37	1	2694.054	471.9182	0
37	2	1161.854	181.3693	0
37	3	-805.801	441.6416	0
38	1	2685.188	471.5753	0
38	2	1162.65	181.5613	0
38	3	-792.3665	439.8215	0
39	1	2676.286	471.2309	0
39	2	1163.455	181.7554	0
39	3	-778.9929	438.0096	0
40	1	2667.354	470.8854	0
40	2	1164.268	181.9513	0
40	3	-765.6917	436.2076	0
41	1	2658.399	470.539	0
41	2	1165.088	182.149	0
41	3	-752.4711	434.4165	0
42	1	2649.427	470.1919	0
42	2	1165.915	182.3483	0
42	3	-739.3389	432.6373	0
43	1	2640.441	469.8443	0
43	2	1166.749	182.5493	0
43	3	-726.3009	430.8708	0
44	1	2631.447	469.4963	0
44	2	1167.589	182.7517	0
44	3	-713.3619	429.1179	0
45	1	2622.447	469.1482	0
45	2	1168.435	182.9556	0
45	3	-700.5259	427.3788	0
46	1	2613.444	468.8	0
46	2	1169.287	183.1608	0
46	3	-687.7958	425.6541	0
47	1	2604.442	468.4517	0
47	2	1170.144	183.3675	0
47	3	-675.1742	423.9442	0
48	1	2595.442	468.1036	0
48	2	1171.006	183.5754	0
48	3	-662.6627	422.2491	0
49	1	2586.446	467.7556	0
49	2	1171.874	183.7846	0
49	3	-650.2623	420.5691	0
50	1	2577.457	467.4079	0
50	2	1172.747	183.9951	0
50	3	-637.9737	418.9042	0
51	1	2568.475	467.0604	0
51	2	1173.625	184.2067	0
51	3	-625.798	417.2546	0
52	1	2559.502	466.7133	0
52	2	1174.509	184.4196	0
52	3	-613.7349	415.6203	0
53	1	2550.538	466.3666	0
53	2	1175.396	184.6336	0
53	3	-601.7845	414.0013	0
54	1	2541.586	466.0203	0
54	2	1176.29	184.8488	0
54	3	-589.9462	412.3974	0
55	1	2532.644	465.6743	0
55	2	1177.187	185.0652	0
55	3	-578.2194	410.8087	0
56	1	2523.715	465.3289	0
56	2	1178.09	185.2828	0
56	3	-566.6038	409.235	0
57	1	2514.798	464.984	0
57	2	1178.997	185.5015	0
57	3	-555.0987	407.6762	0
58	1	2505.895	464.6396	0
58	2	1179.909	185.7213	0
58	3	-543.7025	406.1323	0
59	1	2497.006	464.2957	0
59	2	1180.826	185.9423	0
59	3	-532.4148	404.603	0
60	1	2488.13	463.9524	0
60	2	1181.748	186.1644	0
60	3	-521.2342	403.0883	0
61	1	2479.269	463.6096	0
61	2	1182.674	186.3876	0
61	3	-510.1602	401.588	0
62	1	2470.422	463.2674	0
62	2	1183.605	186.6121	0
62	3	-499.1909	400.1018	0
63	1	2461.59	462.9257	0
63	2	1184.541	186.8376	0
63	3	-488.3256	398.6298	0
64	1	2452.773	462.5846	0
64	2	1185.481	187.0644	0
64	3	-477.5632	397.1717	0
65	1	2443.971	462.2441	0
65	2	1186.427	187.2923	0
65	3	-466.9019	395.7273	0
66	1	2435.185	461.9043	0
66	2	1187.377	187.5212	0
66	3	-456.3409	394.2965	0
67	1	2426.414	461.5649	0
67	2	1188.332	187.7515	0
67	3	-445.879	392.8791	0
68	1	2417.658	461.2262	0
68	2	1189.292	187.9828	0
68	3	-435.5147	391.4749	0
69	1	2408.918	460.8881	0
69	2	1190.256	188.2153	0
69	3	-425.2467	390.0838	0
70	1	2400.193	460.5506	0
70	2	1191.226	188.449	0
70	3	-411.2402	388.0967	0
71	1	2391.483	460.2137	0
71	2	1192.201	188.684	0
71	3	-394.1571	385.6176	0
72	1	2382.79	459.8774	0
72	2	1193.181	188.9201	0
72	3	-374.5913	382.7396	0
73	1	2374.112	459.5417	0
73	2	1194.165	189.1574	0
73	3	-353.0648	379.5452	0
74	1	2365.45	459.2066	0
74	2	1195.155	189.3959	0
74	3	-330.0496	376.1228	0
75	1	2356.803	458.8722	0
75	2	1196.149	189.6357	0
75	3	-322.1501	374.9428	0
76	1	2348.172	458.5383	0
76	2	1197.149	189.8767	0
76	3	-310.7133	373.2323	0
77	1	2339.556	458.205	0
77	2	1198.154	190.1189	0
77	3	-296.3419	371.0819	0
78	1	2330.957	457.8723	0
78	2	1199.164	190.3624	0
78	3	-279.5766	368.5729	0
79	1	2322.373	457.5403	0
79	2	1200.179	190.6071	0
79	3	-260.8944	365.7768	0
80	1	2313.804	457.2088	0
80	2	1201.2	190.8531	0
80	3	-240.7106	362.7563	0
81	1	2305.251	456.8779	0
81	2	1202.226	191.1004	0
81	3	-219.3824	359.5649	0
82	1	2296.713	456.5477	0
82	2	1203.257	191.3489	0
82	3	-212.3824	358.5182	0
83	1	2288.191	456.218	0
83	2	1204.293	191.5987	0
83	3	-202.2457	357.0029	0
84	1	2279.684	455.8889	0
84	2	1205.335	191.8499	0
84	3	-189.4996	355.098	0
85	1	2271.193	455.5604	0
85	2	1206.383	192.1023	0
85	3	-174.6166	352.8741	0
86	1	2262.717	455.2326	0
86	2	1207.436	192.3561	0
86	3	-158.0135	350.3938	0
20	1	1955.212	361.9835	2
20	2	2006.705	372.6326	2
20	3	1164.178	188.0969	0
20	4	-697.419	314.4786	0
21	1	1943.519	359.5652	2
21	2	2009.935	373.3007	2
21	3	1163.572	188.1499	0
21	4	-695.4969	314.5227	0
22	1	1933.039	357.3979	2
22	2	2011.131	373.5479	2
22	3	1162.887	188.2097	0
22	4	-693.3287	314.5725	0
23	1	1923.671	355.4606	2
23	2	2010.532	373.4241	2
23	3	1162.134	188.2755	0
23	4	-690.9471	314.6272	0
24	1	1915.299	353.7292	2
24	2	2008.342	372.9711	2
24	3	1161.322	188.3463	0
24	4	-688.3797	314.6861	0
25	1	1907.801	352.1785	2
25	2	2004.699	372.2179	2
25	3	1160.458	188.4218	0
25	4	-685.6508	314.7488	0
26	1	1901.053	350.7831	2
26	2	1999.766	371.1975	2
26	3	1159.549	188.5012	0
26	4	-682.7817	314.8147	0
27	1	1894.935	349.5178	2
27	2	1993.712	369.9456	2
27	3	1158.6	188.584	0
27	4	-679.7906	314.8834	0
28	1	1889.331	348.3587	2
28	2	1986.471	368.448	2
28	3	1157.616	188.67	0
28	4	-676.6934	314.9544	0
29	1	1884.129	347.2829	2
29	2	1978.501	366.7997	2
29	3	1156.601	188.7586	0
29	4	-673.5035	315.0277	0
30	1	1879.229	346.2694	2
30	2	1969.964	365.0343	2
30	3	1155.559	188.8495	0
30	4	-670.2332	315.1028	0
31	1	1874.539	345.2996	2
31	2	1961.012	363.183	2
31	3	1154.494	188.9426	0
31	4	-666.8925	315.1795	0
32	1	1869.982	344.3571	2
32	2	1951.782	361.2741	2
32	3	1153.408	189.0374	0
32	4	-663.4905	315.2576	0
33	1	1865.488	343.4277	2
33	2	1942.392	359.3322	2
33	3	1152.303	189.1339	0
33	4	-660.0347	315.3369	0
34	1	1861.001	342.4999	2
34	2	1932.947	357.3788	2
34	3	1151.182	189.2319	0
34	4	-656.5323	315.4174	0
35	1	1856.477	341.5642	2
35	2	1923.532	355.4318	2
35	3	1150.046	189.331	0
35	4	-652.9887	315.4987	0
36	1	1851.878	340.613	2
36	2	1914.22	353.5059	2
36	3	1148.897	189.4313	0
36	4	-649.4093	315.5809	0
37	1	1847.178	339.6412	2
37	2	1905.065	351.6126	2
37	3	1147.736	189.5327	0
37	4	-645.798	315.6638	0
38	1	1842.361	338.6449	2
38	2	1896.112	349.761	2
38	3	1146.564	189.635	0
38	4	-642.159	315.7474	0
39	1	1837.416	337.6222	2
39	2	1887.39	347.9572	2
39	3	1145.383	189.7382	0
39	4	-638.4952	315.8315	0
40	1	1832.339	336.5723	2
40	2	1878.92	346.2056	2
40	3	1144.193	189.842	0
40	4	-634.81	315.9161	0
41	1	1827.133	335.4957	2
41	2	1870.713	344.5083	2
41	3	1142.274	189.8826	0
41	4	-631.1054	316.0012	0
42	1	1821.165	334.2614	2
42	2	1862.764	342.8645	2
42	3	1139.725	189.8679	0
42	4	-627.3839	316.0866	0
43	1	1814.52	332.8871	2
43	2	1855.056	341.2704	2
43	3	1136.634	189.8057	0
43	4	-623.647	316.1724	0
44	1	1807.328	331.3999	2
44	2	1847.561	339.7203	2
44	3	1133.088	189.7007	0
44	4	-619.8965	316.2585	0
45	1	1799.75	329.8325	2
45	2	1840.249	338.2082	2
45	3	1129.152	189.5592	0
45	4	-616.1339	316.3449	0
46	1	1791.947	328.2189	2
46	2	1833.088	336.7271	2
46	3	1124.887	189.3865	0
46	4	-612.3604	316.4316	0
47	1	1784.076	326.591	2
47	2	1826.047	335.271	2
47	3	1120.344	189.1875	0
47	4	-608.577	316.5184	0
48	1	1776.771	325.0804	2
48	2	1819.107	333.8358	2
48	3	1115.574	188.9645	0
48	4	-604.7845	316.6055	0
49	1	1769.935	323.6666	2
49	2	1812.257	332.4192	2
49	3	1110.618	188.7214	0
49	4	-600.9836	316.6928	0
50	1	1763.484	322.3324	2
50	2	1805.492	331.0201	2
50	3	1109.089	188.6375	0
50	4	-597.1753	316.7802	0
51	1	1757.348	321.0635	2
51	2	1798.811	329.6385	2
51	3	1106.928	188.5148	0
51	4	-593.3601	316.8679	0
52	1	1751.47	319.848	2
52	2	1792.215	328.2744	2
52	3	1104.846	188.4965	0
52	4	-589.5385	316.9556	0
53	1	1745.802	318.6758	2
53	2	1785.708	326.9285	2
53	3	1102.828	188.5685	0
53	4	-585.7106	317.0435	0
54	1	1740.305	317.5389	2
54	2	1779.292	325.6017	2
54	3	1100.86	188.7194	0
54	4	-581.8773	317.1315	0
55	1	1734.945	316.4304	2
55	2	1772.972	324.2947	2
55	3	1098.93	188.9391	0
55	4	-578.0387	317.2196	0
56	1	1729.696	315.345	2
56	2	1766.751	323.0081	2
56	3	1097.029	189.2197	0
56	4	-574.1954	317.3079	0
57	1	1724.033	314.1737	2
57	2	1760.624	321.741	2
57	3	1095.171	189.5554	0
57	4	-570.3468	317.3962	0
58	1	1718.056	312.9376	2
58	2	1754.582	320.4915	2
58	3	1093.346	189.9399	0
58	4	-566.494	317.4847	0
59	1	1711.874	311.6592	2
59	2	1748.612	319.2568	2
59	3	1092.879	190.0868	0
59	4	-562.6368	317.5732	0
60	1	1706.03	310.4506	2
60	2	1742.707	318.0356	2
60	3	1092.265	190.3069	0
60	4	-558.7756	317.6619	0
61	1	1700.466	309.2998	2
61	2	1736.865	316.8275	2
61	3	1091.52	190.5913	0
61	4	-554.9101	317.7506	0
62	1	1695.132	308.1967	2
62	2	1731.086	315.6322	2
62	3	1090.658	190.9326	0
62	4	-551.0407	317.8395	0
63	1	1689.987	307.1328	2
63	2	1725.371	314.4503	2
63	3	1089.69	191.3245	0
63	4	-547.1677	317.9284	0
64	1	1684.998	306.1009	2
64	2	1719.723	313.2824	2
64	3	1088.648	191.763	0
64	4	-543.2907	318.0174	0
65	1	1680.136	305.0955	2
65	2	1714.146	312.129	2
65	3	1087.537	192.2433	0
65	4	-539.4105	318.1065	0
66	1	1674.939	304.0207	2
66	2	1708.636	310.9895	2
66	3	1087.179	192.4078	0
66	4	-535.5264	318.1957	0
67	1	1669.496	302.895	2
67	2	1703.187	309.8625	2
67	3	1086.664	192.6485	0
67	4	-531.6389	318.2849	0
68	1	1664.306	301.8218	2
68	2	1697.794	308.7473	2
68	3	1086.008	192.9562	0
68	4	-527.7479	318.3743	0
69	1	1659.327	300.792	2
69	2	1692.458	307.6437	2
69	3	1085.227	193.3233	0
69	4	-523.8533	318.4637	0
70	1	1654.52	299.7979	2
70	2	1687.179	306.5519	2
70	3	1084.357	193.7445	0
70	4	-519.9556	318.5532	0
71	1	1649.856	298.8333	2
71	2	1681.959	305.4725	2
71	3	1083.404	194.2142	0
71	4	-516.0545	318.6428	0
72	1	1645.309	297.893	2
72	2	1676.802	304.4058	2
72	3	1082.375	194.7275	0
72	4	-512.15	318.7325	0
73	1	1640.439	296.8857	2
73	2	1671.703	303.3513	2
73	3	1082.031	194.9025	0
73	4	-508.2423	318.8222	0
74	1	1635.333	295.8298	2
74	2	1666.655	302.3074	2
74	3	1081.531	195.158	0
74	4	-504.3311	318.912	0
75	1	1630.467	294.8235	2
75	2	1661.656	301.2734	2
75	3	1080.892	195.4843	0
75	4	-500.417	319.0019	0
76	1	1625.799	293.8582	2
76	2	1656.704	300.2494	2
76	3	1080.129	195.8734	0
76	4	-496.4992	319.0918	0
77	1	1621.296	292.9269	2
77	2	1651.8	299.2354	2
77	3	1079.277	196.3198	0
77	4	-492.5784	319.1819	0
78	1	1616.928	292.0236	2
78	2	1646.947	298.2317	2
78	3	1078.344	196.8174	0
78	4	-488.6543	319.2719	0
79	1	1612.672	291.1433	2
79	2	1642.148	297.2391	2
79	3	1077.335	197.3612	0
79	4	-484.727	319.3621	0
80	1	1608.118	290.2016	2
80	2	1637.399	296.257	2
80	3	1076.996	197.5469	0
80	4	-480.7964	319.4523	0
81	1	1603.349	289.2152	2
81	2	1632.694	295.284	2
81	3	1076.503	197.8176	0
81	4	-476.8628	319.5427	0
82	1	1598.802	288.2749	2
82	2	1628.031	294.3196	2
82	3	1075.898	198.1647	0
82	4	-472.9257	319.6331	0
83	1	1594.44	287.3728	2
83	2	1623.409	293.3637	2
83	3	1075.192	198.5795	0
83	4	-468.9855	319.7235	0
84	1	1590.23	286.5022	2
84	2	1618.829	292.4166	2
84	3	1074.393	199.0546	0
84	4	-465.0422	319.8141	0
85	1	1586.145	285.6574	2
85	2	1614.294	291.4788	2
85	3	1073.509	199.5838	0
85	4	-461.0955	319.9047	0
86	1	1582.163	284.834	2
86	2	1609.807	290.5507	2
86	3	1072.544	200.1619	0
86	4	-457.1456	319.9954	0
87	1	1577.905	283.9533	2
87	2	1605.365	289.632	2
87	3	1072.239	200.3605	0
87	4	-453.1927	320.0862	0
88	1	1573.445	283.0309	2
88	2	1600.962	288.7215	2
88	3	1071.803	200.6505	0
88	4	-449.2365	320.177	0
21	1	1912.837	463.4095	2
21	2	1972.575	466.2318	2
21	3	1070.587	174.0235	0
21	4	-104.187	283.0389	3
21	5	-137.0182	283.8255	3
22	1	1902.928	462.9413	2
22	2	1973.604	466.2803	2
22	3	1071.018	174.1204	0
22	4	-101.1099	282.9937	3
22	5	-141.804	284.4511	3
23	1	1893.953	462.5172	2
23	2	1973.089	466.2559	2
23	3	1071.493	174.2271	0
23	4	-96.79266	282.9159	3
23	5	-146.9194	285.1669	3
24	1	1885.836	462.1336	2
24	2	1971.2	466.1666	2
24	3	1072.006	174.3423	0
24	4	-91.61665	282.8282	3
24	5	-151.1424	285.8445	3
25	1	1878.488	461.7864	2
25	2	1968.048	466.0176	2
25	3	1072.552	174.465	0
25	4	-85.90678	282.7426	3
25	5	-154.1086	286.4351	3
26	1	1871.81	461.4709	2
26	2	1963.755	465.8147	2
26	3	1073.128	174.5944	0
26	4	-79.76504	282.6598	3
26	5	-155.9454	286.9429	3
27	1	1865.703	461.1822	2
27	2	1958.451	465.564	2
27	3	1073.73	174.7297	0
27	4	-73.27266	282.5803	3
27	5	-156.7748	287.374	3
28	1	1860.064	460.9157	2
28	2	1952.051	465.2615	2
28	3	1074.355	174.8701	0
28	4	-66.49474	282.5039	3
28	5	-156.7086	287.7348	3
29	1	1854.791	460.6665	2
29	2	1944.938	464.9254	2
29	3	1075.001	175.0153	0
29	4	-59.48395	282.43	3
29	5	-155.8516	288.0327	3
30	1	1849.788	460.4301	2
30	2	1937.239	464.5616	2
30	3	1075.665	175.1644	0
30	4	-52.28379	282.3576	3
30	5	-154.2963	288.2738	3
31	1	1844.969	460.2023	2
31	2	1929.072	464.1757	2
31	3	1076.345	175.3173	0
31	4	-44.92915	282.2859	3
31	5	-152.1263	288.4637	3
32	1	1840.255	459.9796	2
32	2	1920.551	463.7729	2
32	3	1077.04	175.4734	0
32	4	-37.44916	282.2139	3
32	5	-149.4186	288.6087	3
33	1	1835.579	459.7585	2
33	2	1911.775	463.3582	2
33	3	1077.748	175.6327	0
33	4	-29.86738	282.141	3
33	5	-146.2406	288.7139	3
34	1	1830.88	459.5365	2
34	2	1902.837	462.9358	2
34	3	1078.468	175.7944	0
34	4	-22.2039	282.0664	3
34	5	-142.6539	288.7848	3
35	1	1826.111	459.3111	2
35	2	1893.815	462.5095	2
35	3	1079.199	175.9587	0
35	4	-14.47471	281.9896	3
35	5	-136.6164	288.6084	3
36	1	1821.233	459.0805	2
36	2	1884.778	462.0824	2
36	3	1079.941	176.1252	0
36	4	-6.694439	281.9097	3
36	5	-128.4888	288.221	3
37	1	1816.216	458.8434	2
37	2	1875.783	461.6573	2
37	3	1080.691	176.2938	0
37	4	1.124892	281.8258	3
37	5	-118.8859	287.7671	3
38	1	1811.038	458.5987	2
38	2	1866.877	461.2365	2
38	3	1081.449	176.4642	0
38	4	8.972571	281.7372	3
38	5	-108.0434	287.2603	3
39	1	1805.686	458.3458	2
39	2	1858.096	460.8215	2
39	3	1082.215	176.6364	0
39	4	16.83963	281.6435	3
39	5	-103.9821	287.0868	3
23	1	2331.208	406.4766	2
23	2	2473.874	432.1418	2
23	3	1220.083	200.327	3
23	4	1200.764	195.7954	3
23	5	1210.607	198.103	3
23	6	-814.2136	360.2021	4
23	7	-861.1181	359.9414	4
24	1	2317.644	404.0365	2
24	2	2470.232	431.4866	2
24	3	1222.024	200.7822	3
24	4	1200.276	195.6809	3
24	5	1211.108	198.2203	3
24	6	-809.3433	360.2292	4
24	7	-860.0109	359.9476	4
25	1	2305.523	401.8561	2
25	2	2464.182	430.3982	2
25	3	1223.743	201.1855	3
25	4	1200.062	195.6309	3
25	5	1211.72	198.3636	3
25	6	-804.9247	360.2538	4
25	7	-858.1618	359.9579	4
26	1	2294.638	399.8979	2
26	2	2455.996	428.9256	2
26	3	1225.269	201.5435	3
26	4	1200.078	195.6347	3
26	5	1212.432	198.5303	3
26	6	-800.9019	360.2762	4
26	7	-855.6405	359.9719	4
27	1	2284.786	398.1255	2
27	2	2445.969	427.1216	2
27	3	1226.63	201.8625	3
27	4	1200.289	195.684	3
27	5	1213.232	198.7179	3
27	6	-797.2156	360.2967	4
27	7	-852.5213	359.9893	4
28	1	2275.777	396.5047	2
28	2	2433.996	424.9679	2
28	3	1227.849	202.1486	3
28	4	1200.674	195.7745	3
28	5	1214.11	198.9236	3
28	6	-793.806	360.3156	4
28	7	-848.7518	360.0103	4
29	1	2267.427	395.0027	2
29	2	2420.847	422.6025	2
29	3	1228.952	202.4073	3
29	4	1201.219	195.9022	3
29	5	1215.085	199.1522	3
29	6	-790.6127	360.3334	4
29	7	-844.5538	360.0336	4
30	1	2259.573	393.5897	2
30	2	2406.799	420.0751	2
30	3	1229.96	202.6437	3
30	4	1201.908	196.0637	3
30	5	1216.144	199.4003	3
30	6	-787.5791	360.3503	4
30	7	-840.0003	360.0589	4
31	1	2252.067	392.2394	2
31	2	2392.103	417.4315	2
31	3	1230.894	202.8627	3
31	4	1202.754	196.2621	3
31	5	1217.239	199.657	3
31	6	-784.653	360.3666	4
31	7	-835.16	360.0859	4
32	1	2244.781	390.9288	2
32	2	2376.99	414.7126	2
32	3	1231.771	203.0684	3
32	4	1203.739	196.493	3
32	5	1218.364	199.9206	3
32	6	-781.7868	360.3825	4
32	7	-830.097	360.114	4
33	1	2237.607	389.6382	2
33	2	2361.656	411.9542	2
33	3	1232.608	203.2646	3
33	4	1204.845	196.7524	3
33	5	1219.442	200.1732	3
33	6	-778.9393	360.3983	4
33	7	-824.8707	360.1431	4
34	1	2230.454	388.3514	2
34	2	2346.273	409.1869	2
34	3	1233.417	203.4542	3
34	4	1206.06	197.0373	3
34	5	1220.479	200.4161	3
34	6	-776.0745	360.4143	4
34	7	-819.5339	360.1727	4
35	1	2223.249	387.0552	2
35	2	2330.982	406.4361	2
35	3	1234.206	203.6394	3
35	4	1207.371	197.3446	3
35	5	1221.485	200.652	3
35	6	-773.1632	360.4305	4
35	7	-814.134	360.2028	4
36	1	2215.935	385.7394	2
36	2	2315.897	403.7224	2
36	3	1234.986	203.8221	3
36	4	1208.734	197.6642	3
36	5	1222.532	200.8975	3
36	6	-770.181	360.4471	4
36	7	-808.7112	360.2329	4
37	1	2208.471	384.3967	2
37	2	2301.107	401.0617	2
37	3	1235.761	204.004	3
37	4	1210.139	197.9936	3
37	5	1223.619	201.152	3
37	6	-767.1093	360.4642	4
37	7	-803.2998	360.263	4
38	1	2200.83	383.0221	2
38	2	2286.679	398.4661	2
38	3	1236.539	204.1864	3
38	4	1211.577	198.3307	3
38	5	1224.741	201.4149	3
38	6	-763.9346	360.4818	4
38	7	-797.9283	360.2929	4
39	1	2192.997	381.613	2
39	2	2272.66	395.944	2
39	3	1237.325	204.3707	3
39	4	1213.039	198.6738	3
39	5	1225.896	201.6855	3
39	6	-760.6478	360.5001	4
39	7	-792.6187	360.3224	4
40	1	2184.968	380.1685	2
40	2	2259.078	393.5008	2
40	3	1238.123	204.5579	3
40	4	1214.521	199.0212	3
40	5	1227.08	201.9631	3
40	6	-757.2444	360.519	4
40	7	-787.3882	360.3515	4
41	1	2176.745	378.6893	2
41	2	2245.95	391.1391	2
41	3	1238.938	204.7491	3
41	4	1216.015	199.3716	3
41	5	1228.291	202.2468	3
41	6	-753.7235	360.5386	4
41	7	-782.2493	360.3801	4
42	1	2167.335	376.9964	2
42	2	2233.264	388.857	2
42	3	1239.773	204.9449	3
42	4	1217.517	199.7238	3
42	5	1229.526	202.536	3
42	6	-749.6472	360.5612	4
42	7	-777.204	360.4082	4
43	1	2156.874	375.1145	2
43	2	2220.989	386.6486	2
43	3	1240.631	205.1462	3
43	4	1219.022	200.0767	3
43	5	1230.782	202.8301	3
43	6	-745.0571	360.5868	4
43	7	-772.2452	360.4357	4
44	1	2145.575	373.0819	2
44	2	2209.079	384.5061	2
44	3	1241.515	205.3533	3
44	4	1220.528	200.4299	3
44	5	1232.056	203.1284	3
44	6	-740.0291	360.6148	4
44	7	-767.3613	360.4629	4
45	1	2133.693	370.9444	2
45	2	2197.484	382.4202	2
45	3	1242.532	205.5922	3
45	4	1222.031	200.7823	3
45	5	1233.347	203.4305	3
45	6	-734.6599	360.6446	4
45	7	-762.5353	360.4897	4
46	1	2121.488	368.7486	2
46	2	2186.151	380.3814	2
46	3	1243.665	205.8578	3
46	4	1223.529	201.1338	3
46	5	1234.654	203.7366	3
46	6	-729.056	360.6757	4
46	7	-757.7495	360.5164	4
47	1	2109.199	366.5381	2
47	2	2175.031	378.381	2
47	3	1244.893	206.1463	3
47	4	1225.021	201.4837	3
47	5	1235.979	204.0466	3
47	6	-723.3211	360.7076	4
47	7	-752.9853	360.5429	4
48	1	2097.822	364.4912	2
48	2	2164.092	376.4131	2
48	3	1246.204	206.454	3
48	4	1226.505	201.8318	3
48	5	1237.323	204.361	3
48	6	-717.9259	360.7376	4
48	7	-748.2321	360.5694	4
49	1	2087.194	362.5793	2
49	2	2153.316	374.4746	2
49	3	1247.583	206.778	3
49	4	1227.981	202.178	3
49	5	1238.687	204.6799	3
49	6	-712.8107	360.7661	4
49	7	-743.4828	360.5958	4
50	1	2077.183	360.7785	2
50	2	2142.694	372.5637	2
50	3	1249.021	207.1155	3
50	4	1229.448	202.5223	3
50	5	1240.072	205.0037	3
50	6	-707.924	360.7932	4
50	7	-738.7359	360.6222	4
51	1	2067.679	359.0687	2
51	2	2132.224	370.6801	2
51	3	1250.507	207.4647	3
51	4	1230.804	202.8405	3
51	5	1241.478	205.3322	3
51	6	-703.2221	360.8194	4
51	7	-733.991	360.6485	4
52	1	2058.59	357.4336	2
52	2	2121.906	368.824	2
52	3	1252.034	207.8235	3
52	4	1232.063	203.1359	3
52	5	1242.904	205.665	3
52	6	-698.6674	360.8447	4
52	7	-729.2506	360.675	4
53	1	2049.84	355.8594	2
53	2	2111.745	366.996	2
53	3	1253.596	208.1906	3
53	4	1233.342	203.4362	3
53	5	1244.347	206.0019	3
53	6	-694.2273	360.8694	4
53	7	-724.5181	360.7013	4
54	1	2041.365	354.3349	2
54	2	2101.745	365.1971	2
54	3	1255.186	208.5645	3
54	4	1234.64	203.741	3
54	5	1245.808	206.3427	3
54	6	-689.8752	360.8936	4
54	7	-719.7975	360.7275	4
55	1	2033.115	352.8508	2
55	2	2091.913	363.4283	2
55	3	1256.801	208.9442	3
55	4	1235.958	204.0506	3
55	5	1247.286	206.6873	3
55	6	-685.5882	360.9174	4
55	7	-715.0923	360.7537	4
56	1	2025.048	351.3996	2
56	2	2082.25	361.6901	2
56	3	1258.437	209.329	3
56	4	1237.295	204.3647	3
56	5	1248.781	207.0354	3
56	6	-681.3475	360.941	4
56	7	-710.4078	360.7798	4
57	1	2016.357	349.836	2
57	2	2072.752	359.9812	2
57	3	1260.09	209.718	3
57	4	1238.651	204.6833	3
57	5	1250.292	207.3871	3
57	6	-676.7235	360.9667	4
57	7	-705.7411	360.8057	4
58	1	2007.199	348.1886	2
58	2	2063.4	358.2989	2
58	3	1261.758	210.1107	3
58	4	1240.026	205.0063	3
58	5	1251.819	207.7425	3
58	6	-671.7889	360.9942	4
58	7	-701.0865	360.8316	4
59	1	1997.745	346.4878	2
59	2	2054.175	356.6393	2
59	3	1263.439	210.5067	3
59	4	1241.418	205.3337	3
59	5	1253.363	208.1014	3
59	6	-666.6251	361.0229	4
59	7	-696.4358	360.8575	4
60	1	1988.821	344.8824	2
60	2	2045.066	355.0007	2
60	3	1265.131	210.9054	3
60	4	1242.829	205.6652	3
60	5	1254.924	208.4637	3
60	6	-661.6862	361.0504	4
60	7	-691.7845	360.8834	4
61	1	1980.338	343.3562	2
61	2	2036.068	353.3821	2
61	3	1266.834	211.3068	3
61	4	1244.257	206.001	3
61	5	1256.502	208.8297	3
61	6	-656.9301	361.0768	4
61	7	-687.1308	360.9093	4
62	1	1972.217	341.8955	2
62	2	2027.182	351.7834	2
62	3	1268.545	211.7106	3
62	4	1245.702	206.3409	3
62	5	1258.097	209.1991	3
62	6	-652.322	361.1024	4
62	7	-682.4761	360.9352	4
63	1	1964.397	340.4887	2
63	2	2018.409	350.2051	2
63	3	1270.265	212.1166	3
63	4	1247.163	206.6849	3
63	5	1259.709	209.5721	3
63	6	-647.8315	361.1273	4
63	7	-677.8228	360.961	4
64	1	1956.824	339.1263	2
64	2	2009.752	348.6479	2
64	3	1271.993	212.5248	3
64	4	1248.641	207.0328	3
64	5	1261.339	209.9485	3
64	6	-643.4325	361.1518	4
64	7	-673.1736	360.9869	4
65	1	1949.454	337.8004	2
65	2	2001.217	347.1125	2
65	3	1273.728	212.9351	3
65	4	1250.135	207.3848	3
65	5	1262.986	210.3284	3
65	6	-639.1033	361.1759	4
65	7	-668.5326	361.0127	4
