17	1	422.2144	364.7747	0
18	1	422.1768	364.8053	0
18	2	437.5892	82.4447	0
19	1	422.144	364.8342	0
19	2	437.552	82.45999	0
19	3	396.7625	366.312	0
20	1	422.121	364.8597	0
20	2	437.5168	82.47885	0
20	3	396.7115	366.2935	0
20	4	346.4014	267.4535	0
21	1	422.106	364.8795	0
21	2	437.4839	82.50348	0
21	3	396.6598	366.279	0
21	4	346.4323	267.4618	0
21	5	558.2435	521.1534	0
22	1	422.106	364.8795	0
22	2	437.4839	82.50348	0
22	3	396.6598	366.279	0
22	4	346.4323	267.4618	0
22	5	558.2435	521.1534	0
22	6	519.228	262.8771	0
17	1	423.6925	365.8413	0
18	1	423.7939	365.8584	0
18	2	439.6545	83.86349	0
19	1	423.8983	365.8817	0
19	2	439.6196	83.83139	0
19	3	395.6731	364.5132	0
20	1	423.9963	365.9133	0
20	2	439.5769	83.80283	0
20	3	395.6339	364.5251	0
20	4	347.9553	266.7385	0
21	1	424.076	365.9492	0
21	2	439.5286	83.77957	0
21	3	395.5979	364.5386	0
21	4	347.9121	266.7506	0
21	5	559.1943	523.6339	0
22	1	424.1225	365.9773	0
22	2	439.4801	83.76581	0
22	3	395.565	364.5533	0
22	4	347.8713	266.7646	0
22	5	559.2	523.6323	0
22	6	518.6887	261.2329	0
23	1	424.1325	365.9921	0
23	2	439.4312	83.75287	0
23	3	395.5341	364.5724	0
23	4	347.8351	266.7801	0
23	5	559.2084	523.6312	0
23	6	518.7112	261.2481	0
23	7	495.5757	374.1517	0
24	1	424.1242	365.9745	0
24	2	439.3844	83.74905	0
24	3	395.5053	364.596	0
24	4	347.8008	266.7994	0
24	5	559.2202	523.6317	0
24	6	518.7047	261.2564	0
24	7	495.5806	374.1457	0
24	8	570.062	378.0912	0
25	1	424.113	365.9265	0
25	2	439.3373	83.75494	0
25	3	395.4802	364.6182	0
25	4	347.7686	266.8243	0
25	5	559.2346	523.6326	0
25	6	518.7013	261.2199	0
25	7	495.5858	374.1393	0
25	8	570.0527	378.0811	0
25	9	431.5603	52.86929	0
26	1	424.0895	365.8801	0
26	2	439.2922	83.76462	0
26	3	395.4628	364.6379	0
26	4	347.74	266.8492	0
26	5	559.2474	523.6315	0
26	6	518.687	261.1836	0
26	7	495.5912	374.1322	0
26	8	570.0425	378.0355	0
26	9	431.5231	52.8959	0
27	1	424.0895	365.8801	0
27	2	439.2922	83.76462	0
27	3	395.4628	364.6379	0
27	4	347.74	266.8492	0
27	5	559.2474	523.6315	0
27	6	518.687	261.1836	0
27	7	495.5912	374.1322	0
27	8	570.0425	378.0355	0
27	9	431.5231	52.8959	0
27	10	524.999	473.4104	0
17	1	423.7805	362.3714	0
18	1	423.8089	362.379	0
18	2	438.1071	85.0972	0
19	1	423.85	362.389	0
19	2	438.0997	85.08377	0
19	3	395.7691	366.2092	0
20	1	423.9033	362.3985	0
20	2	438.0903	85.04578	0
20	3	395.7556	366.1989	0
20	4	344.2683	268.2196	0
21	1	423.9633	362.4073	0
21	2	438.0707	85.00909	0
21	3	395.7429	366.188	0
21	4	344.2744	268.2185	0
21	5	560.2507	521.9064	0
22	1	424.0323	362.4154	0
22	2	438.0391	84.97601	0
22	3	395.7284	366.1742	0
22	4	344.2819	268.2176	0
22	5	560.1948	521.8901	0
22	6	519.7352	261.4835	0
23	1	424.1085	362.4262	0
23	2	437.9994	84.94617	0
23	3	395.713	366.1592	0
23	4	344.293	268.2171	0
23	5	560.1433	521.8812	0
23	6	519.7447	261.4829	0
23	7	495.6326	374.616	0
24	1	424.1874	362.4404	0
24	2	437.9521	84.92087	0
24	3	395.7036	366.1465	0
24	4	344.3069	268.2183	0
24	5	560.0919	521.8868	0
24	6	519.7571	261.4839	0
24	7	495.6271	374.6053	0
24	8	565.1089	376.4991	0
25	1	424.2677	362.4597	0
25	2	437.9045	84.90344	0
25	3	395.6996	366.137	0
25	4	344.3232	268.2187	0
25	5	560.0422	521.9013	0
25	6	519.7722	261.4845	0
25	7	495.6292	374.6001	0
25	8	565.1013	376.511	0
25	9	432.0739	54.39285	0
26	1	424.3413	362.4852	0
26	2	437.8545	84.89038	0
26	3	395.7073	366.1346	0
26	4	344.3362	268.2167	0
26	5	559.9943	521.913	0
26	6	519.7846	261.483	0
26	7	495.6452	374.6019	0
26	8	565.0992	376.5166	0
26	9	432.0815	54.38855	0
27	1	424.3413	362.4852	0
27	2	437.8545	84.89038	0
27	3	395.7073	366.1346	0
27	4	344.3362	268.2167	0
27	5	559.9943	521.913	0
27	6	519.7846	261.483	0
27	7	495.6452	374.6019	0
27	8	565.0992	376.5166	0
27	9	432.0815	54.38855	0
27	10	523.0276	472.3151	0
17	1	424.476	361.3593	0
18	1	424.4796	361.3546	0
18	2	437.5179	85.22375	0
19	1	424.4833	361.3499	0
19	2	437.4861	85.23947	0
19	3	396.5789	365.0353	0
20	1	424.4873	361.3446	0
20	2	437.4564	85.26062	0
20	3	396.5483	364.9955	0
20	4	346.2523	267.3093	0
21	1	424.4907	361.3379	0
21	2	437.4295	85.28305	0
21	3	396.5062	364.9594	0
21	4	346.257	267.3029	0
21	5	559.5352	521.7376	0
22	1	424.491	361.3295	0
22	2	437.4078	85.30289	0
22	3	396.4544	364.9278	0
22	4	346.2621	267.2957	0
22	5	559.4916	521.7508	0
22	6	518.9796	261.967	0
23	1	424.491	361.3295	0
23	2	437.4078	85.30289	0
23	3	396.4544	364.9278	0
23	4	346.2621	267.2957	0
23	5	559.4916	521.7508	0
23	6	518.9796	261.967	0
23	7	498.2174	376.7665	0
17	1	423.8114	364.3259	0
18	1	423.8152	364.3185	0
18	2	437.8845	80.9726	0
19	1	423.8157	364.3093	0
19	2	437.9773	80.98785	0
19	3	395.7221	365.6115	0
20	1	423.8169	364.2998	0
20	2	438.0733	81.00848	0
20	3	395.7279	365.6111	0
20	4	345.7055	267.5832	0
21	1	423.8171	364.2907	0
21	2	438.1682	81.03534	0
21	3	395.7348	365.6104	0
21	4	345.7118	267.582	0
21	5	559.066	523.4971	0
22	1	423.8113	364.2826	0
22	2	438.2516	81.06683	0
22	3	395.7445	365.6099	0
22	4	345.7207	267.5812	0
22	5	559.0516	523.5176	0
22	6	516.9998	260.9828	0
23	1	423.8008	364.275	0
23	2	438.3095	81.09503	0
23	3	395.7572	365.6109	0
23	4	345.733	267.5818	0
23	5	559.0444	523.5306	0
23	6	517.0007	260.9842	0
23	7	495.7502	374.7153	0
24	1	423.7907	364.2673	0
24	2	438.3355	81.112	0
24	3	395.7724	365.612	0
24	4	345.748	267.5828	0
24	5	559.0435	523.535	0
24	6	517.0048	260.9834	0
24	7	495.7549	374.7086	0
24	8	568.1378	378.2044	0
25	1	423.7815	364.2585	0
25	2	438.3272	81.12033	0
25	3	395.7858	365.6112	0
25	4	345.7623	267.5821	0
25	5	559.0477	523.5348	0
25	6	517.0098	260.9827	0
25	7	495.7598	374.7023	0
25	8	568.1243	378.1944	0
25	9	432.8194	51.35764	0
26	1	423.7692	364.2477	0
26	2	438.323	81.07681	0
26	3	395.7963	365.6077	0
26	4	345.7735	267.5786	0
26	5	559.0533	523.5338	0
26	6	517.0173	260.9821	0
26	7	495.7651	374.6959	0
26	8	568.1114	378.1839	0
26	9	432.766	51.32718	0
27	1	423.7592	364.2375	0
27	2	438.3059	81.03384	0
27	3	395.8032	365.6002	0
27	4	345.7813	267.5712	0
27	5	559.0611	523.533	0
27	6	517.0273	260.9829	0
27	7	495.7706	374.6887	0
27	8	568.099	378.1717	0
27	9	432.7105	51.30466	0
27	10	523.8996	474.6436	0
28	1	423.7532	364.2279	0
28	2	438.2762	80.99463	0
28	3	395.8087	365.5918	0
28	4	345.787	267.5626	0
28	5	559.0718	523.5333	0
28	6	517.0394	260.9834	0
28	7	495.7747	374.6793	0
28	8	568.0831	378.1574	0
28	9	432.6529	51.29013	0
28	10	523.845	474.645	0
28	11	284.9908	-49.94611	0
29	1	423.7522	364.2221	0
29	2	438.2344	80.95932	0
29	3	395.8137	365.5845	0
29	4	345.7924	267.5549	0
29	5	559.0851	523.5345	0
29	6	517.0496	260.9822	0
29	7	495.775	374.6676	0
29	8	568.0721	378.145	0
29	9	432.5982	51.27872	0
29	10	523.7914	474.6574	0
29	11	284.9606	-49.92273	0
29	12	286.3913	37.01846	0
30	1	423.762	364.2222	0
30	2	438.1832	80.92825	0
30	3	395.8188	365.5775	0
30	4	345.7978	267.5478	0
30	5	559.0984	523.5344	0
30	6	517.0577	260.9785	0
30	7	495.7759	374.6559	0
30	8	568.0661	378.1335	0
30	9	432.5437	51.27985	0
30	10	523.7403	474.6704	0
30	11	284.9338	-49.90118	0
30	12	286.3859	37.02777	0
30	13	344.3994	320.8646	0
31	1	423.7842	364.2274	0
31	2	438.1267	80.90393	0
31	3	395.8239	365.5709	0
31	4	345.8033	267.5412	0
31	5	559.1086	523.532	0
31	6	517.0628	260.972	0
31	7	495.7756	374.6445	0
31	8	568.0681	378.128	0
31	9	432.4899	51.28964	0
31	10	523.6892	474.6821	0
31	11	284.9146	-49.8819	0
31	12	286.3873	37.03	0
31	13	344.3857	320.854	0
31	14	416.4132	112.4685	0
32	1	423.8192	364.237	0
32	2	438.0701	80.89029	0
32	3	395.8295	365.5636	0
32	4	345.8091	267.5339	0
32	5	559.1161	523.5264	0
32	6	517.0673	260.9656	0
32	7	495.7674	374.6343	0
32	8	568.0853	378.1299	0
32	9	432.4384	51.2991	0
32	10	523.6395	474.6971	0
32	11	284.9018	-49.86725	0
32	12	286.3928	37.02948	0
32	13	344.3731	320.8425	0
32	14	416.3703	112.4851	0
32	15	360.5677	48.14676	0
33	1	423.8658	364.246	0
33	2	438.016	80.87683	0
33	3	395.8348	365.5545	0
33	4	345.8151	267.5253	0
33	5	559.1211	523.5184	0
33	6	517.0716	260.9598	0
33	7	495.7544	374.6248	0
33	8	568.1189	378.1389	0
33	9	432.387	51.30844	0
33	10	523.5913	474.7137	0
33	11	284.8958	-49.8584	0
33	12	286.3995	37.02902	0
33	13	344.3571	320.8281	0
33	14	416.33	112.5048	0
33	15	360.5659	48.1362	0
33	16	445.7729	256.3625	0
34	1	423.9217	364.2542	0
34	2	437.9632	80.87561	0
34	3	395.8355	365.5428	0
34	4	345.8169	267.5141	0
34	5	559.1257	523.5115	0
34	6	517.0762	260.9545	0
34	7	495.7418	374.6147	0
34	8	568.1678	378.151	0
34	9	432.3371	51.32126	0
34	10	523.5488	474.7318	0
34	11	284.8957	-49.85547	0
34	12	286.4094	37.02884	0
34	13	344.3429	320.8136	0
34	14	416.2923	112.5307	0
34	15	360.5546	48.12659	0
34	16	445.7398	256.3886	0
34	17	388.7804	148.5299	0
35	1	423.9854	364.2611	0
35	2	437.9103	80.88437	0
35	3	395.8371	365.5302	0
35	4	345.8188	267.5012	0
35	5	559.1303	523.505	0
35	6	517.0811	260.9491	0
35	7	495.7303	374.6035	0
35	8	568.2314	378.1624	0
35	9	432.2895	51.33719	0
35	10	523.5085	474.7541	0
35	11	284.8997	-49.85547	0
35	12	286.422	37.02997	0
35	13	344.3345	320.8008	0
35	14	416.2581	112.5595	0
35	15	360.5416	48.11676	0
35	16	445.7107	256.4137	0
35	17	388.7764	148.4926	0
35	18	364.085	77.20462	0
36	1	424.0569	364.2701	0
36	2	437.86	80.89529	0
36	3	395.8365	365.518	0
36	4	345.8188	267.4891	0
36	5	559.1354	523.4994	0
36	6	517.0864	260.9434	0
36	7	495.7151	374.5899	0
36	8	568.3038	378.1729	0
36	9	432.2473	51.35474	0
36	10	523.4709	474.7833	0
36	11	284.9048	-49.85596	0
36	12	286.4372	37.03055	0
36	13	344.3323	320.7923	0
36	14	416.2297	112.5857	0
36	15	360.5295	48.1069	0
36	16	445.6897	256.436	0
36	17	388.7617	148.4558	0
36	18	364.09	77.19785	0
37	1	424.1315	364.2822	0
37	2	437.8099	80.90399	0
37	3	395.8322	365.5067	0
37	4	345.8168	267.4777	0
37	5	559.1409	523.4934	0
37	6	517.0909	260.936	0
37	7	495.7035	374.5774	0
37	8	568.3868	378.1827	0
37	9	432.2073	51.37659	0
37	10	523.4377	474.8135	0
37	11	284.912	-49.85596	0
37	12	286.4499	37.02908	0
37	13	344.3437	320.7917	0
37	14	416.2112	112.6079	0
37	15	360.5169	48.09467	0
37	16	445.676	256.4535	0
37	17	388.736	148.4224	0
37	18	364.0952	77.19101	0
37	19	553.2484	436.6562	0
38	1	424.2084	364.2988	0
38	2	437.761	80.91586	0
38	3	395.8191	365.4965	0
38	4	345.8044	267.4677	0
38	5	559.1464	523.4861	0
38	6	517.0916	260.9266	0
38	7	495.6968	374.5656	0
38	8	568.478	378.1956	0
38	9	432.17	51.40485	0
38	10	523.4122	474.8407	0
38	11	284.9217	-49.85522	0
38	12	286.4597	37.02417	0
38	13	344.3718	320.7977	0
38	14	416.2	112.6234	0
38	15	360.5022	48.08127	0
38	16	445.6695	256.464	0
38	17	388.7003	148.3923	0
38	18	364.1007	77.18353	0
38	19	553.2142	436.6749	0
38	20	529.6967	320.3076	0
39	1	424.2084	364.2988	0
39	2	437.761	80.91586	0
39	3	395.8191	365.4965	0
39	4	345.8044	267.4677	0
39	5	559.1464	523.4861	0
39	6	517.0916	260.9266	0
39	7	495.6968	374.5656	0
39	8	568.478	378.1956	0
39	9	432.17	51.40485	0
39	10	523.4122	474.8407	0
39	11	284.9217	-49.85522	0
39	12	286.4597	37.02417	0
39	13	344.3718	320.7977	0
39	14	416.2	112.6234	0
39	15	360.5022	48.08127	0
39	16	445.6695	256.464	0
39	17	388.7003	148.3923	0
39	18	364.1007	77.18353	0
39	19	553.2142	436.6749	0
39	20	529.6967	320.3076	0
39	21	554.3188	646.618	0
17	1	424.8143	365.9101	0
18	1	424.8182	365.9	0
18	2	437.3073	81.64172	0
19	1	424.8192	365.8877	0
19	2	437.2946	81.63205	0
19	3	396.7563	366.4866	0
20	1	424.8204	365.8757	0
20	2	437.2827	81.62225	0
20	3	396.7493	366.4747	0
20	4	348.7396	266.093	0
21	1	424.8203	365.8641	0
21	2	437.2698	81.61008	0
21	3	396.7482	366.467	0
21	4	348.7431	266.0879	0
21	5	556.8782	519.3059	0
22	1	424.8107	365.8538	0
22	2	437.2555	81.59674	0
22	3	396.7597	366.4666	0
22	4	348.7466	266.0833	0
22	5	556.9325	519.3151	0
22	6	518.7733	260.4638	0
23	1	424.7971	365.844	0
23	2	437.2466	81.586	0
23	3	396.7865	366.4727	0
23	4	348.7502	266.0782	0
23	5	556.9934	519.324	0
23	6	518.7775	260.4578	0
23	7	495.2841	372.0789	0
24	1	424.7842	365.8339	0
24	2	437.2425	81.57751	0
24	3	396.8293	366.4841	0
24	4	348.754	266.0726	0
24	5	557.0637	519.3322	0
24	6	518.7816	260.4521	0
24	7	495.2854	372.0743	0
24	8	568.9066	378.2549	0
25	1	424.772	365.822	0
25	2	437.2483	81.57501	0
25	3	396.8863	366.4955	0
25	4	348.7567	266.0655	0
25	5	557.1401	519.343	0
25	6	518.7861	260.447	0
25	7	495.299	372.0758	0
25	8	569.0042	378.2761	0
25	9	432.0502	52.22076	0
26	1	424.7557	365.8077	0
26	2	437.2687	81.57846	0
26	3	396.9544	366.5063	0
26	4	348.7569	266.0568	0
26	5	557.2192	519.3569	0
26	6	518.7909	260.4415	0
26	7	495.3265	372.0831	0
26	8	569.0974	378.3051	0
26	9	432.0599	52.21786	0
27	1	424.7441	365.795	0
27	2	437.3054	81.58911	0
27	3	397.0305	366.5156	0
27	4	348.7574	266.0482	0
27	5	557.2992	519.376	0
27	6	518.7958	260.4353	0
27	7	495.3667	372.0934	0
27	8	569.1761	378.3391	0
27	9	432.0667	52.21167	0
27	10	524.3848	474.4511	0
28	1	424.7374	365.7831	0
28	2	437.3564	81.60156	0
28	3	397.1174	366.5267	0
28	4	348.7574	266.0399	0
28	5	557.3723	519.4021	0
28	6	518.7983	260.4269	0
28	7	495.4191	372.1027	0
28	8	569.2246	378.367	0
28	9	432.0715	52.20441	0
28	10	524.3348	474.4644	0
28	11	281.6321	-56.29395	0
29	1	424.7383	365.777	0
29	2	437.4212	81.61319	0
29	3	397.2086	366.5417	0
29	4	348.751	266.0325	0
29	5	557.4281	519.43	0
29	6	518.7993	260.4171	0
29	7	495.4804	372.1108	0
29	8	569.2384	378.3819	0
29	9	432.076	52.19788	0
29	10	524.2856	474.48	0
29	11	281.7336	-56.26996	0
29	12	289.9649	40.0563	0
30	1	424.7541	365.7785	0
30	2	437.4924	81.62244	0
30	3	397.3029	366.5618	0
30	4	348.7415	266.0255	0
30	5	557.4575	519.4496	0
30	6	518.7997	260.4077	0
30	7	495.5504	372.1183	0
30	8	569.2302	378.3708	0
30	9	432.0804	52.19165	0
30	10	524.2407	474.4972	0
30	11	281.8311	-56.23962	0
30	12	289.9208	40.06339	0
30	13	345.8625	319.9196	0
31	1	424.7864	365.7869	0
31	2	437.5753	81.63245	0
31	3	397.3935	366.5889	0
31	4	348.7323	266.0181	0
31	5	557.457	519.461	0
31	6	518.799	260.3987	0
31	7	495.6273	372.1288	0
31	8	569.2205	378.3254	0
31	9	432.0851	52.18518	0
31	10	524.1994	474.5162	0
31	11	281.9123	-56.20764	0
31	12	289.8772	40.07269	0
31	13	345.9528	319.935	0
31	14	418.2079	115.2343	0
32	1	424.8346	365.7995	0
32	2	437.6646	81.64685	0
32	3	397.4689	366.621	0
32	4	348.7239	266.0098	0
32	5	557.451	519.4352	0
32	6	518.7905	260.3907	0
32	7	495.7066	372.1428	0
32	8	569.1985	378.2812	0
32	9	432.09	52.17789	0
32	10	524.1605	474.541	0
32	11	281.9631	-56.18188	0
32	12	289.8347	40.08521	0
32	13	346.0461	319.9556	0
32	14	418.2504	115.2442	0
32	15	360.3356	48.59399	0
33	1	424.8977	365.8109	0
33	2	437.7571	81.66626	0
33	3	397.5161	366.648	0
33	4	348.7128	265.9999	0
33	5	557.4388	519.3973	0
33	6	518.7797	260.383	0
33	7	495.7875	372.1617	0
33	8	569.1625	378.2415	0
33	9	432.095	52.16962	0
33	10	524.1246	474.5713	0
33	11	281.9804	-56.16748	0
33	12	289.7967	40.09952	0
33	13	346.1344	319.9832	0
33	14	418.3034	115.2533	0
33	15	360.3402	48.58597	0
33	16	447.1572	256.6491	0
34	1	424.9717	365.8209	0
34	2	437.8497	81.69159	0
34	3	397.5313	366.6639	0
34	4	348.7048	265.991	0
34	5	557.4169	519.3618	0
34	6	518.7695	260.3751	0
34	7	495.8626	372.1873	0
34	8	569.1163	378.2058	0
34	9	432.0963	52.15955	0
34	10	524.0937	474.5997	0
34	11	281.9714	-56.17242	0
34	12	289.7611	40.11554	0
34	13	346.2061	320.0146	0
34	14	418.3614	115.2605	0
34	15	360.341	48.57617	0
34	16	447.1111	256.6235	0
34	17	389.3568	150.4646	0
35	1	425.0561	365.83	0
35	2	437.932	81.7218	0
35	3	397.5221	366.6598	0
35	4	348.7004	265.9826	0
35	5	557.3838	519.3293	0
35	6	518.7595	260.3654	0
35	7	495.9219	372.2151	0
35	8	569.0605	378.1754	0
35	9	432.0976	52.1481	0
35	10	524.0726	474.6248	0
35	11	281.9642	-56.21722	0
35	12	289.728	40.13708	0
35	13	346.2491	320.0398	0
35	14	418.4288	115.269	0
35	15	360.3426	48.56543	0
35	16	447.0644	256.6051	0
35	17	389.3617	150.4643	0
35	18	365.4767	80.26108	0
36	1	425.1496	365.8425	0
36	2	437.9911	81.74951	0
36	3	397.5143	366.6164	0
36	4	348.701	265.978	0
36	5	557.3433	519.3002	0
36	6	518.7464	260.3542	0
36	7	495.9548	372.2355	0
36	8	569.0029	378.1538	0
36	9	432.0972	52.13745	0
36	10	524.0592	474.6436	0
36	11	281.9446	-56.26086	0
36	12	289.6973	40.16183	0
36	13	346.2602	320.0543	0
36	14	418.5007	115.2809	0
36	15	360.3425	48.55573	0
36	16	447.0153	256.5917	0
36	17	389.3685	150.4643	0
36	18	365.4842	80.26077	0
37	1	425.1496	365.8425	0
37	2	437.9911	81.74951	0
37	3	397.5143	366.6164	0
37	4	348.701	265.978	0
37	5	557.3433	519.3002	0
37	6	518.7464	260.3542	0
37	7	495.9548	372.2355	0
37	8	569.0029	378.1538	0
37	9	432.0972	52.13745	0
37	10	524.0592	474.6436	0
37	11	281.9446	-56.26086	0
37	12	289.6973	40.16183	0
37	13	346.2602	320.0543	0
37	14	418.5007	115.2809	0
37	15	360.3425	48.55573	0
37	16	447.0153	256.5917	0
37	17	389.3685	150.4643	0
37	18	365.4842	80.26077	0
37	19	555.3293	441.8165	0
17	1	422.8495	363.1111	0
18	1	422.9186	363.1383	0
18	2	437.0544	82.8103	0
19	1	422.9661	363.1638	0
19	2	437.0422	82.80112	0
19	3	395.6006	365.4545	0
20	1	422.9869	363.1791	0
20	2	437.0309	82.79041	0
20	3	395.5495	365.4687	0
20	4	343.6535	267.3588	0
21	1	422.9799	363.1854	0
21	2	437.0157	82.77774	0
21	3	395.4998	365.4855	0
21	4	343.6553	267.3458	0
21	5	559.2717	521.1232	0
22	1	422.9761	363.1482	0
22	2	437.0043	82.76675	0
22	3	395.4561	365.5033	0
22	4	343.6554	267.3336	0
22	5	559.2765	521.1227	0
22	6	519.2213	261.4515	0
23	1	422.9761	363.1482	0
23	2	437.0043	82.76675	0
23	3	395.4561	365.5033	0
23	4	343.6554	267.3336	0
23	5	559.2765	521.1227	0
23	6	519.2213	261.4515	0
23	7	497.7894	375.0108	0
17	1	424.3864	362.0438	0
18	1	424.4426	362.0682	0
18	2	438.9927	82.65784	0
19	1	424.4768	362.0882	0
19	2	438.9976	82.65048	0
19	3	396.4687	364.9036	0
20	1	424.4861	362.0996	0
20	2	439.001	82.64139	0
20	3	396.4738	364.8967	0
20	4	346.4077	266.4368	0
21	1	424.4795	362.0928	0
21	2	439.0013	82.63055	0
21	3	396.4781	364.8879	0
21	4	346.3729	266.4636	0
21	5	558.3385	524.2979	0
22	1	424.4726	362.0597	0
22	2	439.002	82.61984	0
22	3	396.4785	364.8769	0
22	4	346.3419	266.4905	0
22	5	558.3436	524.2963	0
22	6	519.62	261.1146	0
23	1	424.457	362.0274	0
23	2	439.0018	82.60983	0
23	3	396.4797	364.8654	0
23	4	346.3186	266.5146	0
23	5	558.3501	524.295	0
23	6	519.6199	261.1036	0
23	7	495.8396	372.7197	0
24	1	424.457	362.0274	0
24	2	439.0018	82.60983	0
24	3	396.4797	364.8654	0
24	4	346.3186	266.5146	0
24	5	558.3501	524.295	0
24	6	519.6199	261.1036	0
24	7	495.8396	372.7197	0
24	8	569.046	381.1743	0
17	1	423.6203	362.4746	0
18	1	423.63	362.4752	0
18	2	438.1867	82.75967	0
19	1	423.6419	362.4758	0
19	2	438.1918	82.75067	0
19	3	396.9476	365.626	0
20	1	423.652	362.4747	0
20	2	438.1925	82.73975	0
20	3	397.0233	365.6345	0
20	4	347.6157	266.9702	0
21	1	423.66	362.4714	0
21	2	438.1941	82.72772	0
21	3	397.1044	365.6465	0
21	4	347.5638	266.9723	0
21	5	559.7306	524.7274	0
22	1	423.6651	362.4651	0
22	2	438.1935	82.71664	0
22	3	397.1885	365.6626	0
22	4	347.5121	266.9837	0
22	5	559.676	524.6907	0
22	6	520.9077	261.3783	0
23	1	423.6696	362.4586	0
23	2	438.1896	82.70651	0
23	3	397.2722	365.6843	0
23	4	347.4628	266.9947	0
23	5	559.6144	524.6616	0
23	6	520.9138	261.3694	0
23	7	495.4401	371.9411	0
24	1	423.6736	362.453	0
24	2	438.1774	82.69724	0
24	3	397.3464	365.7125	0
24	4	347.4133	267.0049	0
24	5	559.5522	524.6431	0
24	6	520.915	261.3579	0
24	7	495.4273	371.9297	0
24	8	568.7921	378.4352	0
25	1	423.6779	362.4478	0
25	2	438.1648	82.68756	0
25	3	397.3989	365.7401	0
25	4	347.365	267.0182	0
25	5	559.4916	524.6255	0
25	6	520.9172	261.3452	0
25	7	495.4185	371.92	0
25	8	568.8729	378.4634	0
25	9	432.1149	51.98953	0
26	1	423.6825	362.4428	0
26	2	438.1532	82.67758	0
26	3	397.4239	365.7574	0
26	4	347.3191	267.0341	0
26	5	559.4343	524.6221	0
26	6	520.917	261.3334	0
26	7	495.4135	371.9111	0
26	8	568.936	378.4935	0
26	9	432.1017	51.97766	0
27	1	423.6873	362.4375	0
27	2	438.1398	82.6651	0
27	3	397.4177	365.7673	0
27	4	347.2785	267.051	0
27	5	559.3771	524.6329	0
27	6	520.9132	261.3225	0
27	7	495.4154	371.907	0
27	8	568.9703	378.5148	0
27	9	432.0895	51.96585	0
27	10	523.7797	468.9651	0
28	1	423.6916	362.4305	0
28	2	438.1262	82.65213	0
28	3	397.4141	365.7305	0
28	4	347.2397	267.072	0
28	5	559.3229	524.6494	0
28	6	520.9002	261.3127	0
28	7	495.4292	371.9088	0
28	8	568.972	378.5259	0
28	9	432.0824	51.9559	0
28	10	523.7732	468.9692	0
28	11	285.3471	-47.89771	0
29	1	423.6923	362.4214	0
29	2	438.1181	82.64154	0
29	3	397.4003	365.6915	0
29	4	347.2031	267.0996	0
29	5	559.269	524.6616	0
29	6	520.8868	261.3026	0
29	7	495.4563	371.9161	0
29	8	568.9659	378.4996	0
29	9	432.0805	51.94934	0
29	10	523.7688	468.9339	0
29	11	285.3507	-47.90295	0
29	12	287.8163	39.21793	0
30	1	423.6939	362.4117	0
30	2	438.1152	82.63397	0
30	3	397.3755	365.6559	0
30	4	347.1705	267.1273	0
30	5	559.216	524.6768	0
30	6	520.8743	261.2921	0
30	7	495.4955	371.9259	0
30	8	568.9533	378.4587	0
30	9	432.0899	51.9491	0
30	10	523.7544	468.8988	0
30	11	285.3544	-47.90808	0
30	12	287.817	39.20703	0
30	13	348.8029	320.5544	0
31	1	423.6939	362.4025	0
31	2	438.1233	82.63266	0
31	3	397.3398	365.6237	0
31	4	347.1457	267.1519	0
31	5	559.1631	524.6945	0
31	6	520.8597	261.2787	0
31	7	495.5462	371.9348	0
31	8	568.9299	378.4203	0
31	9	432.1134	51.95419	0
31	10	523.73	468.8672	0
31	11	285.3579	-47.91351	0
31	12	287.8169	39.19696	0
31	13	348.8752	320.5782	0
31	14	415.3538	111.0228	0
32	1	423.6899	362.394	0
32	2	438.1461	82.63715	0
32	3	397.2958	365.5952	0
32	4	347.1293	267.172	0
32	5	559.116	524.713	0
32	6	520.8444	261.2644	0
32	7	495.6052	371.9424	0
32	8	568.8941	378.3857	0
32	9	432.1522	51.96533	0
32	10	523.6964	468.8385	0
32	11	285.3616	-47.91968	0
32	12	287.8088	39.18777	0
32	13	348.9324	320.6042	0
32	14	415.3204	111.0512	0
32	15	358.1461	47.46558	0
33	1	423.6795	362.3864	0
33	2	438.1852	82.6485	0
33	3	397.2466	365.5728	0
33	4	347.1206	267.1846	0
33	5	559.0719	524.7346	0
33	6	520.8348	261.2524	0
33	7	495.6727	371.9497	0
33	8	568.8497	378.3549	0
33	9	432.2041	51.9769	0
33	10	523.6555	468.8133	0
33	11	285.3654	-47.9267	0
33	12	287.7968	39.17902	0
33	13	348.965	320.6241	0
33	14	415.2972	111.0763	0
33	15	358.1592	47.46667	0
33	16	446.1615	255.8999	0
34	1	423.6693	362.3786	0
34	2	438.2382	82.6608	0
34	3	397.1973	365.5593	0
34	4	347.1191	267.1893	0
34	5	559.0306	524.7632	0
34	6	520.8304	261.2436	0
34	7	495.7463	371.9599	0
34	8	568.7982	378.3297	0
34	9	432.2674	51.98746	0
34	10	523.611	468.7943	0
34	11	285.3662	-47.93494	0
34	12	287.7854	39.16998	0
34	13	348.9703	320.6354	0
34	14	415.2821	111.0951	0
34	15	358.1733	47.46649	0
34	16	446.1904	255.9183	0
34	17	386.5488	147.2177	0
35	1	423.6598	362.3702	0
35	2	438.3042	82.67215	0
35	3	397.1497	365.5462	0
35	4	347.1231	267.1891	0
35	5	558.9929	524.796	0
35	6	520.8379	261.2417	0
35	7	495.8224	371.9734	0
35	8	568.7464	378.3134	0
35	9	432.3375	51.99576	0
35	10	523.5661	468.7821	0
35	11	285.3673	-47.9444	0
35	12	287.7747	39.1597	0
35	13	348.9637	320.6212	0
35	14	415.2758	111.1058	0
35	15	358.1842	47.4639	0
35	16	446.188	255.9293	0
35	17	386.5214	147.2424	0
35	18	365.2895	77.20776	0
36	1	423.648	362.3594	0
36	2	438.3766	82.681	0
36	3	397.1036	365.5445	0
36	4	347.1287	267.188	0
36	5	558.9615	524.826	0
36	6	520.8612	261.2459	0
36	7	495.8996	371.9919	0
36	8	568.6948	378.299	0
36	9	432.4181	52.00635	0
36	10	523.5237	468.7711	0
36	11	285.367	-47.953	0
36	12	287.7609	39.14767	0
36	13	348.955	320.5857	0
36	14	415.2762	111.1086	0
36	15	358.1923	47.45749	0
36	16	446.1824	255.9005	0
36	17	386.5031	147.2637	0
36	18	365.237	77.21887	0
37	1	423.637	362.3484	0
37	2	438.4605	82.69165	0
37	3	397.0571	365.5532	0
37	4	347.1364	267.1872	0
37	5	558.9411	524.8523	0
37	6	520.902	261.2578	0
37	7	495.9707	372.0167	0
37	8	568.6469	378.294	0
37	9	432.5032	52.02127	0
37	10	523.4823	468.7715	0
37	11	285.3651	-47.96069	0
37	12	287.7512	39.13727	0
37	13	348.9371	320.5514	0
37	14	415.2816	111.1081	0
37	15	358.1977	47.44937	0
37	16	446.1696	255.8619	0
37	17	386.4916	147.2791	0
37	18	365.1859	77.23331	0
37	19	552.197	435.2544	0
38	1	423.6303	362.3388	0
38	2	438.5499	82.70667	0
38	3	397.0126	365.565	0
38	4	347.1474	267.1874	0
38	5	558.9283	524.871	0
38	6	520.9575	261.2705	0
38	7	496.026	372.043	0
38	8	568.5988	378.3012	0
38	9	432.5911	52.04129	0
38	10	523.4413	468.7808	0
38	11	285.3561	-47.96777	0
38	12	287.7458	39.12747	0
38	13	348.9081	320.5204	0
38	14	415.288	111.1073	0
38	15	358.203	47.4422	0
38	16	446.1464	255.8258	0
38	17	386.4876	147.2874	0
38	18	365.1397	77.25024	0
38	19	552.2459	435.2644	0
38	20	528.3428	319.4993	0
39	1	423.6281	362.3322	0
39	2	438.6424	82.72693	0
39	3	396.9686	365.574	0
39	4	347.1608	267.1884	0
39	5	558.924	524.8801	0
39	6	521.0272	261.282	0
39	7	496.0559	372.0618	0
39	8	568.5531	378.3141	0
39	9	432.6766	52.06702	0
39	10	523.4025	468.7915	0
39	11	285.3465	-47.97516	0
39	12	287.7471	39.12265	0
39	13	348.8718	320.4926	0
39	14	415.2977	111.107	0
39	15	358.2081	47.43542	0
39	16	446.1118	255.793	0
39	17	386.4895	147.2894	0
39	18	365.0974	77.26944	0
39	19	552.3057	435.2741	0
39	20	528.3564	319.5004	0
39	21	554.2642	647.0946	0
40	1	423.6357	362.3313	0
40	2	438.7335	82.75314	0
40	3	396.9253	365.5856	0
40	4	347.1745	267.1881	0
40	5	558.926	524.8807	0
40	6	521.1065	261.2909	0
40	7	496.0576	372.0716	0
40	8	568.5082	378.3236	0
40	9	432.7494	52.09552	0
40	10	523.3635	468.8003	0
40	11	285.3376	-47.98254	0
40	12	287.7609	39.12418	0
40	13	348.8286	320.4691	0
40	14	415.3104	111.108	0
40	15	358.2133	47.4288	0
40	16	446.0695	255.7637	0
40	17	386.4949	147.2892	0
40	18	365.0576	77.29422	0
40	19	552.3723	435.2825	0
40	20	528.3851	319.5076	0
40	21	554.2579	647.1067	0
40	22	582.9526	584.905	0
41	1	423.6556	362.3353	0
41	2	438.8125	82.78336	0
41	3	396.8827	365.5995	0
41	4	347.1851	267.1852	0
41	5	558.9315	524.8791	0
41	6	521.1968	261.3015	0
41	7	496.0523	372.0491	0
41	8	568.4634	378.3352	0
41	9	432.7967	52.11923	0
41	10	523.3256	468.8115	0
41	11	285.3277	-47.99188	0
41	12	287.7893	39.13171	0
41	13	348.7854	320.4527	0
41	14	415.326	111.1088	0
41	15	358.2189	47.42139	0
41	16	446.0212	255.7399	0
41	17	386.5014	147.2891	0
41	18	365.0207	77.32413	0
41	19	552.4485	435.2919	0
41	20	528.4282	319.5189	0
41	21	554.2574	647.1102	0
41	22	582.9542	584.8929	0
41	23	418.2569	270.9431	0
42	1	423.689	362.3448	0
42	2	438.8663	82.80966	0
42	3	396.8453	365.6144	0
42	4	347.1927	267.1788	0
42	5	558.9384	524.8776	0
42	6	521.2925	261.3165	0
42	7	496.0416	372.0132	0
42	8	568.4191	378.3492	0
42	9	432.8144	52.13348	0
42	10	523.2881	468.8244	0
42	11	285.3171	-48.00171	0
42	12	287.8322	39.14331	0
42	13	348.74	320.44	0
42	14	415.3397	111.1075	0
42	15	358.2246	47.41345	0
42	16	445.973	255.725	0
42	17	386.5107	147.2891	0
42	18	364.9888	77.35202	0
42	19	552.5286	435.3047	0
42	20	528.4849	319.5295	0
42	21	554.2617	647.1097	0
42	22	582.9548	584.8812	0
42	23	418.2566	270.9346	0
42	24	334.0156	46.96762	0
43	1	423.7339	362.3542	0
43	2	438.8895	82.82602	0
43	3	396.8098	365.6318	0
43	4	347.1982	267.1707	0
43	5	558.9491	524.8765	0
43	6	521.3914	261.3368	0
43	7	496.0213	371.9794	0
43	8	568.3788	378.3646	0
43	9	432.8056	52.13434	0
43	10	523.2551	468.8379	0
43	11	285.3109	-48.00964	0
43	12	287.8882	39.15433	0
43	13	348.6977	320.4331	0
43	14	415.3505	111.103	0
43	15	358.2277	47.4032	0
43	16	445.9239	255.7115	0
43	17	386.5223	147.2903	0
43	18	364.9671	77.37634	0
43	19	552.6112	435.3217	0
43	20	528.5508	319.5396	0
43	21	554.2672	647.1086	0
43	22	582.9537	584.8695	0
43	23	418.2547	270.9268	0
43	24	334.0203	46.96124	0
43	25	575.1829	408.8413	0
44	1	423.789	362.3627	0
44	2	438.8803	82.83353	0
44	3	396.7765	365.6552	0
44	4	347.2035	267.1636	0
44	5	558.9628	524.8777	0
44	6	521.4891	261.3638	0
44	7	495.9901	371.949	0
44	8	568.3417	378.3819	0
44	9	432.7993	52.09488	0
44	10	523.2237	468.8543	0
44	11	285.3084	-48.01569	0
44	12	287.9526	39.16403	0
44	13	348.6543	320.4371	0
44	14	415.3576	111.0947	0
44	15	358.2288	47.39124	0
44	16	445.8773	255.7072	0
44	17	386.536	147.291	0
44	18	364.9532	77.39429	0
44	19	552.6917	435.3448	0
44	20	528.626	319.5484	0
44	21	554.2747	647.1076	0
44	22	582.9429	584.8595	0
44	23	418.246	270.9197	0
44	24	334.0245	46.95529	0
44	25	575.1877	408.8344	0
44	26	460.8279	153.6373	0
45	1	423.8516	362.3697	0
45	2	438.8754	82.79172	0
45	3	396.7463	365.681	0
45	4	347.2086	267.1569	0
45	5	558.9791	524.8781	0
45	6	521.5755	261.3972	0
45	7	495.9514	371.9219	0
45	8	568.3066	378.4047	0
45	9	432.7821	52.05609	0
45	10	523.1946	468.8762	0
45	11	285.3136	-48.01709	0
45	12	288.0259	39.17249	0
45	13	348.6119	320.4474	0
45	14	415.3635	111.0864	0
45	15	358.2296	47.37976	0
45	16	445.8303	255.7137	0
45	17	386.5474	147.2899	0
45	18	364.9478	77.4046	0
45	19	552.7609	435.3734	0
45	20	528.7097	319.5599	0
45	21	554.2852	647.1078	0
45	22	582.9296	584.8497	0
45	23	418.2366	270.9125	0
45	24	334.029	46.94977	0
45	25	575.1923	408.8278	0
45	26	460.8183	153.6286	0
45	27	488.0072	118.6302	0
46	1	423.9226	362.3781	0
46	2	438.8583	82.75049	0
46	3	396.7213	365.7042	0
46	4	347.2141	267.1508	0
46	5	558.9922	524.8762	0
46	6	521.6357	261.4279	0
46	7	495.9062	371.8997	0
46	8	568.2744	378.4318	0
46	9	432.7529	52.02069	0
46	10	523.1685	468.8993	0
46	11	285.3298	-48.01398	0
46	12	288.1084	39.18445	0
46	13	348.5711	320.4556	0
46	14	415.369	111.0787	0
46	15	358.2292	47.36938	0
46	16	445.7852	255.7246	0
46	17	386.5562	147.2858	0
46	18	364.9492	77.4075	0
46	19	552.8065	435.3987	0
46	20	528.7966	319.5752	0
46	21	554.298	647.109	0
46	22	582.9169	584.8393	0
46	23	418.2279	270.905	0
46	24	334.0335	46.94388	0
46	25	575.1974	408.8219	0
46	26	460.8066	153.62	0
46	27	487.9977	118.6227	0
47	1	423.9226	362.3781	0
47	2	438.8583	82.75049	0
47	3	396.7213	365.7042	0
47	4	347.2141	267.1508	0
47	5	558.9922	524.8762	0
47	6	521.6357	261.4279	0
47	7	495.9062	371.8997	0
47	8	568.2744	378.4318	0
47	9	432.7529	52.02069	0
47	10	523.1685	468.8993	0
47	11	285.3298	-48.01398	0
47	12	288.1084	39.18445	0
47	13	348.5711	320.4556	0
47	14	415.369	111.0787	0
47	15	358.2292	47.36938	0
47	16	445.7852	255.7246	0
47	17	386.5562	147.2858	0
47	18	364.9492	77.4075	0
47	19	552.8065	435.3987	0
47	20	528.7966	319.5752	0
47	21	554.298	647.109	0
47	22	582.9169	584.8393	0
47	23	418.2279	270.905	0
47	24	334.0335	46.94388	0
47	25	575.1974	408.8219	0
47	26	460.8066	153.62	0
47	27	487.9977	118.6227	0
47	28	484.8142	646.6553	0
17	1	424.3811	363.0851	0
18	1	424.3701	363.0752	0
18	2	437.8294	81.37152	0
19	1	424.3615	363.0659	0
19	2	437.8303	81.35983	0
19	3	396.98	366.2542	0
20	1	424.3566	363.0572	0
20	2	437.8301	81.34888	0
20	3	396.9861	366.2463	0
20	4	345.0864	265.6045	0
21	1	424.3565	363.052	0
21	2	437.8221	81.33899	0
21	3	396.9915	366.2384	0
21	4	345.0316	265.6154	0
21	5	557.7269	520.0255	0
22	1	424.3661	363.0523	0
22	2	437.8092	81.32962	0
22	3	396.9963	366.2313	0
22	4	344.9766	265.6277	0
22	5	557.7314	520.024	0
22	6	518.1564	261.8636	0
23	1	424.3872	363.0574	0
23	2	437.7967	81.31989	0
23	3	397.0012	366.2248	0
23	4	344.9231	265.6432	0
23	5	557.7375	520.0229	0
23	6	518.1929	261.8736	0
23	7	495.3442	373.4628	0
24	1	424.4198	363.0659	0
24	2	437.7853	81.30908	0
24	3	397.0063	366.2183	0
24	4	344.8738	265.6612	0
24	5	557.7466	520.0226	0
24	6	518.2415	261.8836	0
24	7	495.351	373.4584	0
24	8	567.9931	377.3635	0
25	1	424.4198	363.0659	0
25	2	437.7853	81.30908	0
25	3	397.0063	366.2183	0
25	4	344.8738	265.6612	0
25	5	557.7466	520.0226	0
25	6	518.2415	261.8836	0
25	7	495.351	373.4584	0
25	8	567.9931	377.3635	0
25	9	433.9721	53.55258	0
17	1	425.3141	364.9844	0
18	1	425.2809	364.9476	0
18	2	438.8079	80.25055	0
19	1	425.2388	364.9144	0
19	2	438.7467	80.23483	0
19	3	396.0445	365.7879	0
20	1	425.1884	364.8862	0
20	2	438.6902	80.22571	0
20	3	396.0501	365.7817	0
20	4	345.0944	266.9654	0
21	1	425.1374	364.866	0
21	2	438.6329	80.2298	0
21	3	396.0546	365.775	0
21	4	345.0905	266.9729	0
21	5	559.1002	522.6131	0
22	1	425.0839	364.8509	0
22	2	438.5771	80.24203	0
22	3	396.0586	365.7691	0
22	4	345.0925	266.9739	0
22	5	559.1164	522.6287	0
22	6	519.3966	260.2962	0
23	1	425.0339	364.8416	0
23	2	438.5233	80.25165	0
23	3	396.0628	365.7637	0
23	4	345.0975	266.973	0
23	5	559.1085	522.6234	0
23	6	519.3845	260.2837	0
23	7	495.3062	373.012	0
24	1	424.9834	364.8455	0
24	2	438.4692	80.26254	0
24	3	396.0673	365.7587	0
24	4	345.1037	266.9722	0
24	5	559.1005	522.5804	0
24	6	519.3773	260.2722	0
24	7	495.2672	373.0201	0
24	8	567.4081	376.4609	0
25	1	424.9341	364.8575	0
25	2	438.4164	80.27692	0
25	3	396.072	365.7532	0
25	4	345.113	266.9717	0
25	5	559.0813	522.5381	0
25	6	519.3765	260.2653	0
25	7	495.2281	373.0298	0
25	8	567.4152	376.4605	0
25	9	432.1174	52.46194	0
26	1	424.9341	364.8575	0
26	2	438.4164	80.27692	0
26	3	396.072	365.7532	0
26	4	345.113	266.9717	0
26	5	559.0813	522.5381	0
26	6	519.3765	260.2653	0
26	7	495.2281	373.0298	0
26	8	567.4152	376.4605	0
26	9	432.1174	52.46194	0
17	1	421.9384	364.5632	0
18	1	421.9278	364.5513	0
18	2	436.994	80.89313	0
19	1	421.9218	364.5402	0
19	2	436.9944	80.8808	0
19	3	394.4014	366.7366	0
20	1	421.924	364.5351	0
20	2	436.9937	80.86926	0
20	3	394.3878	366.7264	0
20	4	345.3523	266.4596	0
21	1	421.9404	364.537	0
21	2	436.9835	80.8588	0
21	3	394.3747	366.7159	0
21	4	345.3583	266.4526	0
21	5	557.2037	516.0076	0
22	1	421.9731	364.5458	0
22	2	436.9696	80.84875	0
22	3	394.3627	366.7042	0
22	4	345.3646	266.445	0
22	5	557.1676	516.0168	0
22	6	517.4275	260.2227	0
23	1	422.0207	364.5578	0
23	2	436.9565	80.83835	0
23	3	394.347	366.69	0
23	4	345.3712	266.4366	0
23	5	557.1323	516.0279	0
23	6	517.4312	260.2151	0
23	7	495.4154	372.4004	0
24	1	422.0825	364.5687	0
24	2	436.9441	80.82626	0
24	3	394.3349	366.6767	0
24	4	345.3749	266.4253	0
24	5	557.0993	516.04	0
24	6	517.4315	260.2058	0
24	7	495.4953	372.4117	0
24	8	568.3643	378.0645	0
25	1	422.1542	364.5781	0
25	2	436.9279	80.81232	0
25	3	394.328	366.6643	0
25	4	345.3761	266.4117	0
25	5	557.0696	516.0535	0
25	6	517.4325	260.1961	0
25	7	495.5779	372.4268	0
25	8	568.3652	378.0534	0
25	9	431.1972	52.65833	0
26	1	422.2364	364.5869	0
26	2	436.9167	80.80045	0
26	3	394.328	366.6568	0
26	4	345.3771	266.3987	0
26	5	557.0416	516.0706	0
26	6	517.4322	260.187	0
26	7	495.6612	372.4474	0
26	8	568.3673	378.0415	0
26	9	431.1857	52.64771	0
27	1	422.2364	364.5869	0
27	2	436.9167	80.80045	0
27	3	394.328	366.6568	0
27	4	345.3771	266.3987	0
27	5	557.0416	516.0706	0
27	6	517.4322	260.187	0
27	7	495.6612	372.4474	0
27	8	568.3673	378.0415	0
27	9	431.1857	52.64771	0
27	10	526.5806	478.2225	0
