17	1	2.419446	0.05315447	1.739313	2.379153	1.681126	1.763123	0
18	1	2.419446	0.05315447	1.739313	2.379523	1.68115	1.763272	0
18	2	2.991957	0.05315447	12.81596	2.975331	1.677688	12.84574	0
19	1	2.419446	0.05315447	1.739313	2.37976	1.681154	1.763558	0
19	2	2.991957	0.05315447	12.81596	2.973279	1.67765	12.84676	0
19	3	1.319332	0.05315447	1.624786	1.284428	1.503374	1.649438	0
20	1	2.419446	0.05315447	1.739313	2.379959	1.681133	1.763852	0
20	2	2.991957	0.05315447	12.81596	2.971223	1.677565	12.84739	0
20	3	1.319332	0.05315447	1.624786	1.283297	1.503421	1.648463	0
20	4	-0.6105812	0.05315447	5.589326	-0.6258778	1.647066	5.61592	0
21	1	2.419446	0.05315447	1.739313	2.38014	1.681134	1.764116	0
21	2	2.991957	0.05315447	12.81596	2.969135	1.677505	12.84797	0
21	3	1.319332	0.05315447	1.624786	1.282369	1.503478	1.647578	0
21	4	-0.6105812	0.05315447	5.589326	-0.6277681	1.647008	5.617076	0
21	5	7.792148	0.05315447	-4.492423	7.762967	1.551548	-4.46395	0
22	1	2.419446	0.05315447	1.739313	2.380325	1.681147	1.764365	0
22	2	2.991957	0.05315447	12.81596	2.96715	1.677504	12.84814	0
22	3	1.319332	0.05315447	1.624786	1.281768	1.503542	1.646827	0
22	4	-0.6105812	0.05315447	5.589326	-0.6298375	1.64698	5.617964	0
22	5	7.792148	0.05315447	-4.492423	7.761276	1.551619	-4.464425	0
22	6	6.244987	0.05315447	5.754869	6.234256	1.533205	5.774256	0
23	1	2.419446	0.05315447	1.739313	2.38052	1.681194	1.764619	0
23	2	2.991957	0.05315447	12.81596	2.965144	1.677594	12.84787	0
23	3	1.319332	0.05315447	1.624786	1.281412	1.50359	1.646309	0
23	4	-0.6105812	0.05315447	5.589326	-0.6319123	1.646897	5.618495	0
23	5	7.792148	0.05315447	-4.492423	7.759679	1.551642	-4.464979	0
23	6	6.244987	0.05315447	5.754869	6.233975	1.533249	5.773923	0
23	7	5.249007	0.05315447	1.36388	5.216033	1.416534	1.383708	0
24	1	2.419446	0.05315447	1.739313	2.380727	1.681246	1.7649	0
24	2	2.991957	0.05315447	12.81596	2.963224	1.677724	12.8474	0
24	3	1.319332	0.05315447	1.624786	1.281314	1.503591	1.646056	0
24	4	-0.6105812	0.05315447	5.589326	-0.6338901	1.646846	5.618997	0
24	5	7.792148	0.05315447	-4.492423	7.758256	1.551666	-4.465591	0
24	6	6.244987	0.05315447	5.754869	6.233841	1.533191	5.775425	0
24	7	5.249007	0.05315447	1.36388	5.216218	1.41657	1.383943	0
24	8	8.135208	0.05315447	1.189443	8.120856	1.46268	1.21174	0
25	1	2.419446	0.05315447	1.739313	2.380911	1.681278	1.765248	0
25	2	2.991957	0.05315447	12.81596	2.961342	1.677827	12.84705	0
25	3	1.319332	0.05315447	1.624786	1.281419	1.503569	1.646021	0
25	4	-0.6105812	0.05315447	5.589326	-0.6358245	1.646874	5.619012	0
25	5	7.792148	0.05315447	-4.492423	7.756911	1.55169	-4.466355	0
25	6	6.244987	0.05315447	5.754869	6.233268	1.53312	5.776919	0
25	7	5.249007	0.05315447	1.36388	5.216331	1.416588	1.384257	0
25	8	8.135208	0.05315447	1.189443	8.123331	1.462773	1.210693	0
25	9	2.795977	0.05315447	14.04098	2.760111	1.416848	14.0594	0
26	1	2.419446	0.05315447	1.739313	2.380929	1.681285	1.765681	0
26	2	2.991957	0.05315447	12.81596	2.959485	1.677926	12.8466	0
26	3	1.319332	0.05315447	1.624786	1.281616	1.503542	1.646036	0
26	4	-0.6105812	0.05315447	5.589326	-0.6377586	1.64698	5.618641	0
26	5	7.792148	0.05315447	-4.492423	7.755653	1.551729	-4.467341	0
26	6	6.244987	0.05315447	5.754869	6.232265	1.533067	5.778277	0
26	7	5.249007	0.05315447	1.36388	5.216359	1.416596	1.384635	0
26	8	8.135208	0.05315447	1.189443	8.124857	1.462897	1.209844	0
26	9	2.795977	0.05315447	14.04098	2.760282	1.41682	14.05944	0
27	1	2.419446	0.05315447	1.739313	2.380984	1.681295	1.76614	0
27	2	2.991957	0.05315447	12.81596	2.957662	1.677975	12.84604	0
27	3	1.319332	0.05315447	1.624786	1.281863	1.503511	1.646046	0
27	4	-0.6105812	0.05315447	5.589326	-0.6395979	1.64711	5.618192	0
27	5	7.792148	0.05315447	-4.492423	7.754543	1.551789	-4.46832	0
27	6	6.244987	0.05315447	5.754869	6.23085	1.533006	5.779506	0
27	7	5.249007	0.05315447	1.36388	5.216386	1.416596	1.385001	0
27	8	8.135208	0.05315447	1.189443	8.125299	1.462964	1.209351	0
27	9	2.795977	0.05315447	14.04098	2.76051	1.41679	14.05946	0
27	10	6.368826	0.05315447	-2.548312	6.356101	1.819353	-2.525483	0
28	1	2.419446	0.05315447	1.739313	2.380969	1.681276	1.766575	0
28	2	2.991957	0.05315447	12.81596	2.956037	1.677992	12.84542	0
28	3	1.319332	0.05315447	1.624786	1.282217	1.503488	1.646045	0
28	4	-0.6105812	0.05315447	5.589326	-0.6414337	1.647208	5.617833	0
28	5	7.792148	0.05315447	-4.492423	7.753724	1.551845	-4.469195	0
28	6	6.244987	0.05315447	5.754869	6.229113	1.532951	5.78059	0
28	7	5.249007	0.05315447	1.36388	5.216378	1.416572	1.38535	0
28	8	8.135208	0.05315447	1.189443	8.125002	1.46297	1.209599	0
28	9	2.795977	0.05315447	14.04098	2.760848	1.416769	14.05947	0
28	10	6.368826	0.05315447	-2.548312	6.355816	1.819328	-2.524511	0
28	11	-3.105934	0.05315447	18.23133	-3.129523	1.93169	18.26526	0
29	1	2.419446	0.05315447	1.739313	2.380761	1.681254	1.766973	0
29	2	2.991957	0.05315447	12.81596	2.954527	1.678023	12.84469	0
29	3	1.319332	0.05315447	1.624786	1.282652	1.503486	1.646	0
29	4	-0.6105812	0.05315447	5.589326	-0.6432273	1.647298	5.617357	0
29	5	7.792148	0.05315447	-4.492423	7.753195	1.551908	-4.469889	0
29	6	6.244987	0.05315447	5.754869	6.227191	1.532926	5.781433	0
29	7	5.249007	0.05315447	1.36388	5.216073	1.416563	1.38566	0
29	8	8.135208	0.05315447	1.189443	8.124712	1.462912	1.211028	0
29	9	2.795977	0.05315447	14.04098	2.761267	1.416771	14.05943	0
29	10	6.368826	0.05315447	-2.548312	6.355322	1.819254	-2.522717	0
29	11	-3.105934	0.05315447	18.23133	-3.131981	1.9316	18.26591	0
29	12	-2.882369	0.05315447	14.5211	-2.895606	1.602072	14.5426	0
30	1	2.419446	0.05315447	1.739313	2.380273	1.681245	1.767337	0
30	2	2.991957	0.05315447	12.81596	2.953112	1.678054	12.84374	0
30	3	1.319332	0.05315447	1.624786	1.283149	1.503485	1.645984	0
30	4	-0.6105812	0.05315447	5.589326	-0.6449891	1.647331	5.616773	0
30	5	7.792148	0.05315447	-4.492423	7.752937	1.551945	-4.470322	0
30	6	6.244987	0.05315447	5.754869	6.225266	1.53285	5.781929	0
30	7	5.249007	0.05315447	1.36388	5.215656	1.416555	1.385958	0
30	8	8.135208	0.05315447	1.189443	8.124041	1.462844	1.212425	0
30	9	2.795977	0.05315447	14.04098	2.761723	1.416772	14.05943	0
30	10	6.368826	0.05315447	-2.548312	6.354356	1.819182	-2.521013	0
30	11	-3.105934	0.05315447	18.23133	-3.134266	1.931553	18.26636	0
30	12	-2.882369	0.05315447	14.5211	-2.894022	1.60221	14.54169	0
30	13	-0.6016048	0.05315447	3.410638	-0.6163014	1.901716	3.438562	0
31	1	2.419446	0.05315447	1.739313	2.379787	1.681232	1.767718	0
31	2	2.991957	0.05315447	12.81596	2.951818	1.678104	12.84264	0
31	3	1.319332	0.05315447	1.624786	1.283538	1.503482	1.646043	0
31	4	-0.6105812	0.05315447	5.589326	-0.6465387	1.647348	5.616151	0
31	5	7.792148	0.05315447	-4.492423	7.75292	1.551928	-4.470479	0
31	6	6.244987	0.05315447	5.754869	6.223422	1.5328	5.782413	0
31	7	5.249007	0.05315447	1.36388	5.215261	1.416539	1.386262	0
31	8	8.135208	0.05315447	1.189443	8.12293	1.462784	1.213689	0
31	9	2.795977	0.05315447	14.04098	2.762072	1.416774	14.05951	0
31	10	6.368826	0.05315447	-2.548312	6.352823	1.819106	-2.519487	0
31	11	-3.105934	0.05315447	18.23133	-3.136565	1.931621	18.26621	0
31	12	-2.882369	0.05315447	14.5211	-2.893645	1.602278	14.54121	0
31	13	-0.6016048	0.05315447	3.410638	-0.6176989	1.901645	3.440219	0
31	14	2.115602	0.05315447	11.63751	2.072196	1.819047	11.66189	0
32	1	2.419446	0.05315447	1.739313	2.379645	1.681223	1.767834	0
32	2	2.991957	0.05315447	12.81596	2.951462	1.678125	12.84233	0
32	3	1.319332	0.05315447	1.624786	1.28364	1.503491	1.64608	0
32	4	-0.6105812	0.05315447	5.589326	-0.6469909	1.647359	5.615945	0
32	5	7.792148	0.05315447	-4.492423	7.752955	1.551921	-4.470487	0
32	6	6.244987	0.05315447	5.754869	6.222888	1.532793	5.782484	0
32	7	5.249007	0.05315447	1.36388	5.215155	1.416535	1.386358	0
32	8	8.135208	0.05315447	1.189443	8.122528	1.462765	1.214046	0
32	9	2.795977	0.05315447	14.04098	2.762164	1.416787	14.05956	0
32	10	6.368826	0.05315447	-2.548312	6.352287	1.819087	-2.519063	0
32	11	-3.105934	0.05315447	18.23133	-3.137253	1.931657	18.26609	0
32	12	-2.882369	0.05315447	14.5211	-2.893764	1.60229	14.5411	0
32	13	-0.6016048	0.05315447	3.410638	-0.6182159	1.901621	3.440688	0
32	14	2.115602	0.05315447	11.63751	2.072261	1.819046	11.66199	0
32	15	-0.08768426	0.05315447	14.16096	-0.1329147	1.788083	14.18633	0
33	1	2.419446	0.05315447	1.739313	2.379514	1.681217	1.767951	0
33	2	2.991957	0.05315447	12.81596	2.951122	1.678148	12.84202	0
33	3	1.319332	0.05315447	1.624786	1.283733	1.503503	1.646127	0
33	4	-0.6105812	0.05315447	5.589326	-0.647435	1.647367	5.615726	0
33	5	7.792148	0.05315447	-4.492423	7.753007	1.551916	-4.470486	0
33	6	6.244987	0.05315447	5.754869	6.222351	1.532797	5.782506	0
33	7	5.249007	0.05315447	1.36388	5.215047	1.416531	1.386466	0
33	8	8.135208	0.05315447	1.189443	8.122101	1.462749	1.214391	0
33	9	2.795977	0.05315447	14.04098	2.762247	1.416795	14.05961	0
33	10	6.368826	0.05315447	-2.548312	6.351721	1.819065	-2.518651	0
33	11	-3.105934	0.05315447	18.23133	-3.137934	1.931699	18.26593	0
33	12	-2.882369	0.05315447	14.5211	-2.893922	1.602299	14.54109	0
33	13	-0.6016048	0.05315447	3.410638	-0.6187678	1.9016	3.441135	0
33	14	2.115602	0.05315447	11.63751	2.072331	1.819038	11.66209	0
33	15	-0.08768426	0.05315447	14.16096	-0.1328432	1.788073	14.18634	0
33	16	3.337498	0.05315447	5.943077	3.326977	1.552921	5.964401	0
34	1	2.419446	0.05315447	1.739313	2.379384	1.681213	1.768078	0
34	2	2.991957	0.05315447	12.81596	2.95082	1.678166	12.84173	0
34	3	1.319332	0.05315447	1.624786	1.283816	1.503509	1.646186	0
34	4	-0.6105812	0.05315447	5.589326	-0.6478703	1.647372	5.615489	0
34	5	7.792148	0.05315447	-4.492423	7.753067	1.551908	-4.470485	0
34	6	6.244987	0.05315447	5.754869	6.221808	1.532814	5.78247	0
34	7	5.249007	0.05315447	1.36388	5.214931	1.416526	1.386584	0
34	8	8.135208	0.05315447	1.189443	8.121653	1.46273	1.214726	0
34	9	2.795977	0.05315447	14.04098	2.762319	1.4168	14.05968	0
34	10	6.368826	0.05315447	-2.548312	6.35112	1.819044	-2.518252	0
34	11	-3.105934	0.05315447	18.23133	-3.138601	1.931746	18.26575	0
34	12	-2.882369	0.05315447	14.5211	-2.893914	1.60228	14.54156	0
34	13	-0.6016048	0.05315447	3.410638	-0.6193523	1.901578	3.44157	0
34	14	2.115602	0.05315447	11.63751	2.072398	1.81903	11.66218	0
34	15	-0.08768426	0.05315447	14.16096	-0.1327713	1.788063	14.18635	0
34	16	3.337498	0.05315447	5.943077	3.326989	1.552937	5.964266	0
34	17	1.020768	0.05315447	10.27054	1.000807	1.74271	10.30276	0
35	1	2.419446	0.05315447	1.739313	2.379251	1.681208	1.768219	0
35	2	2.991957	0.05315447	12.81596	2.950555	1.678181	12.84144	0
35	3	1.319332	0.05315447	1.624786	1.283885	1.503511	1.646258	0
35	4	-0.6105812	0.05315447	5.589326	-0.6482913	1.647378	5.615228	0
35	5	7.792148	0.05315447	-4.492423	7.753129	1.551898	-4.470481	0
35	6	6.244987	0.05315447	5.754869	6.221264	1.532835	5.782412	0
35	7	5.249007	0.05315447	1.36388	5.214789	1.416518	1.38671	0
35	8	8.135208	0.05315447	1.189443	8.121177	1.462712	1.215047	0
35	9	2.795977	0.05315447	14.04098	2.762376	1.4168	14.05975	0
35	10	6.368826	0.05315447	-2.548312	6.350472	1.819024	-2.517873	0
35	11	-3.105934	0.05315447	18.23133	-3.139257	1.931795	18.26557	0
35	12	-2.882369	0.05315447	14.5211	-2.893955	1.602262	14.54204	0
35	13	-0.6016048	0.05315447	3.410638	-0.6199706	1.901556	3.441992	0
35	14	2.115602	0.05315447	11.63751	2.072463	1.819026	11.66227	0
35	15	-0.08768426	0.05315447	14.16096	-0.1326919	1.788051	14.18635	0
35	16	3.337498	0.05315447	5.943077	3.326902	1.55295	5.964143	0
35	17	1.020768	0.05315447	10.27054	1.000183	1.742679	10.30297	0
35	18	0.1829986	0.05315447	13.01431	0.164227	1.564179	13.04166	0
36	1	2.419446	0.05315447	1.739313	2.379093	1.681201	1.768368	0
36	2	2.991957	0.05315447	12.81596	2.950328	1.678202	12.84117	0
36	3	1.319332	0.05315447	1.624786	1.283941	1.50351	1.646342	0
36	4	-0.6105812	0.05315447	5.589326	-0.6487066	1.647386	5.614939	0
36	5	7.792148	0.05315447	-4.492423	7.75319	1.551891	-4.470473	0
36	6	6.244987	0.05315447	5.754869	6.220721	1.532861	5.782328	0
36	7	5.249007	0.05315447	1.36388	5.214638	1.41651	1.386837	0
36	8	8.135208	0.05315447	1.189443	8.120666	1.462695	1.215351	0
36	9	2.795977	0.05315447	14.04098	2.762427	1.4168	14.05983	0
36	10	6.368826	0.05315447	-2.548312	6.349798	1.819011	-2.517519	0
36	11	-3.105934	0.05315447	18.23133	-3.139902	1.93184	18.26542	0
36	12	-2.882369	0.05315447	14.5211	-2.894043	1.602245	14.54251	0
36	13	-0.6016048	0.05315447	3.410638	-0.6206372	1.901534	3.442394	0
36	14	2.115602	0.05315447	11.63751	2.072525	1.81903	11.66236	0
36	15	-0.08768426	0.05315447	14.16096	-0.1326048	1.78804	14.18635	0
36	16	3.337498	0.05315447	5.943077	3.326732	1.552961	5.964028	0
36	17	1.020768	0.05315447	10.27054	0.9995369	1.742648	10.30315	0
36	18	0.1829986	0.05315447	13.01431	0.1636361	1.564155	13.0418	0
37	1	2.419446	0.05315447	1.739313	2.378917	1.68119	1.768523	0
37	2	2.991957	0.05315447	12.81596	2.950127	1.678224	12.84091	0
37	3	1.319332	0.05315447	1.624786	1.283994	1.503509	1.646426	0
37	4	-0.6105812	0.05315447	5.589326	-0.6491218	1.647398	5.614619	0
37	5	7.792148	0.05315447	-4.492423	7.753256	1.551881	-4.470467	0
37	6	6.244987	0.05315447	5.754869	6.220182	1.532893	5.782209	0
37	7	5.249007	0.05315447	1.36388	5.214481	1.416499	1.386964	0
37	8	8.135208	0.05315447	1.189443	8.120137	1.462683	1.215636	0
37	9	2.795977	0.05315447	14.04098	2.762477	1.4168	14.05991	0
37	10	6.368826	0.05315447	-2.548312	6.349105	1.819004	-2.517193	0
37	11	-3.105934	0.05315447	18.23133	-3.140549	1.93188	18.2653	0
37	12	-2.882369	0.05315447	14.5211	-2.894171	1.602227	14.54298	0
37	13	-0.6016048	0.05315447	3.410638	-0.621337	1.901518	3.442771	0
37	14	2.115602	0.05315447	11.63751	2.072586	1.819037	11.66244	0
37	15	-0.08768426	0.05315447	14.16096	-0.1325099	1.78803	14.18636	0
37	16	3.337498	0.05315447	5.943077	3.326668	1.552954	5.964286	0
37	17	1.020768	0.05315447	10.27054	0.9988596	1.742624	10.30329	0
37	18	0.1829986	0.05315447	13.01431	0.1630372	1.564133	13.04193	0
37	19	7.559918	0.05315447	-1.187201	7.516555	1.87624	-1.159723	0
38	1	2.419446	0.05315447	1.739313	2.378734	1.68118	1.768676	0
38	2	2.991957	0.05315447	12.81596	2.949948	1.678246	12.84068	0
38	3	1.319332	0.05315447	1.624786	1.284045	1.503507	1.646508	0
38	4	-0.6105812	0.05315447	5.589326	-0.6495209	1.64741	5.614296	0
38	5	7.792148	0.05315447	-4.492423	7.753328	1.551871	-4.470464	0
38	6	6.244987	0.05315447	5.754869	6.219653	1.532928	5.782076	0
38	7	5.249007	0.05315447	1.36388	5.214345	1.416486	1.3871	0
38	8	8.135208	0.05315447	1.189443	8.119595	1.462675	1.2159	0
38	9	2.795977	0.05315447	14.04098	2.76253	1.416796	14.05999	0
38	10	6.368826	0.05315447	-2.548312	6.348419	1.818998	-2.516894	0
38	11	-3.105934	0.05315447	18.23133	-3.141198	1.931915	18.26519	0
38	12	-2.882369	0.05315447	14.5211	-2.894337	1.602206	14.54345	0
38	13	-0.6016048	0.05315447	3.410638	-0.6220596	1.90151	3.44312	0
38	14	2.115602	0.05315447	11.63751	2.072652	1.819034	11.66253	0
38	15	-0.08768426	0.05315447	14.16096	-0.1324005	1.78802	14.18636	0
38	16	3.337498	0.05315447	5.943077	3.326647	1.552936	5.964742	0
38	17	1.020768	0.05315447	10.27054	0.9981934	1.742604	10.30349	0
38	18	0.1829986	0.05315447	13.01431	0.1624468	1.564114	13.04212	0
38	19	7.559918	0.05315447	-1.187201	7.516577	1.876246	-1.159567	0
38	20	6.589802	0.05315447	3.465958	6.554141	1.500295	3.487175	0
39	1	2.419446	0.05315447	1.739313	2.378566	1.681165	1.768835	0
39	2	2.991957	0.05315447	12.81596	2.949791	1.678264	12.84047	0
39	3	1.319332	0.05315447	1.624786	1.284101	1.503498	1.646586	0
39	4	-0.6105812	0.05315447	5.589326	-0.6499035	1.647423	5.613972	0
39	5	7.792148	0.05315447	-4.492423	7.753407	1.551862	-4.470461	0
39	6	6.244987	0.05315447	5.754869	6.219134	1.532966	5.781931	0
39	7	5.249007	0.05315447	1.36388	5.214226	1.416471	1.387231	0
39	8	8.135208	0.05315447	1.189443	8.119061	1.462666	1.216144	0
39	9	2.795977	0.05315447	14.04098	2.762584	1.416789	14.06006	0
39	10	6.368826	0.05315447	-2.548312	6.347737	1.818986	-2.516633	0
39	11	-3.105934	0.05315447	18.23133	-3.141847	1.931949	18.26506	0
39	12	-2.882369	0.05315447	14.5211	-2.894542	1.602178	14.54392	0
39	13	-0.6016048	0.05315447	3.410638	-0.6227807	1.901502	3.44344	0
39	14	2.115602	0.05315447	11.63751	2.072718	1.819035	11.66261	0
39	15	-0.08768426	0.05315447	14.16096	-0.1322778	1.788011	14.18636	0
39	16	3.337498	0.05315447	5.943077	3.326579	1.552918	5.965199	0
39	17	1.020768	0.05315447	10.27054	0.9975418	1.742586	10.3037	0
39	18	0.1829986	0.05315447	13.01431	0.1618763	1.564099	13.04229	0
39	19	7.559918	0.05315447	-1.187201	7.516614	1.87625	-1.159411	0
39	20	6.589802	0.05315447	3.465958	6.554241	1.500306	3.487215	0
39	21	7.597236	0.05315447	-9.500878	7.581396	1.491734	-9.47561	0
40	1	2.419446	0.05315447	1.739313	2.378421	1.681147	1.769002	0
40	2	2.991957	0.05315447	12.81596	2.949661	1.67828	12.84029	0
40	3	1.319332	0.05315447	1.624786	1.284154	1.503491	1.64666	0
40	4	-0.6105812	0.05315447	5.589326	-0.6502734	1.64744	5.613654	0
40	5	7.792148	0.05315447	-4.492423	7.753496	1.551853	-4.470459	0
40	6	6.244987	0.05315447	5.754869	6.218623	1.533003	5.781806	0
40	7	5.249007	0.05315447	1.36388	5.214124	1.416456	1.387324	0
40	8	8.135208	0.05315447	1.189443	8.11853	1.462653	1.216358	0
40	9	2.795977	0.05315447	14.04098	2.762635	1.416785	14.06013	0
40	10	6.368826	0.05315447	-2.548312	6.347061	1.818959	-2.516425	0
40	11	-3.105934	0.05315447	18.23133	-3.142496	1.931983	18.26492	0
40	12	-2.882369	0.05315447	14.5211	-2.894778	1.602158	14.54438	0
40	13	-0.6016048	0.05315447	3.410638	-0.6234952	1.901493	3.443727	0
40	14	2.115602	0.05315447	11.63751	2.072784	1.819041	11.66269	0
40	15	-0.08768426	0.05315447	14.16096	-0.1321443	1.788003	14.18636	0
40	16	3.337498	0.05315447	5.943077	3.326471	1.552899	5.965655	0
40	17	1.020768	0.05315447	10.27054	0.9969212	1.742571	10.30383	0
40	18	0.1829986	0.05315447	13.01431	0.1613325	1.564085	13.0424	0
40	19	7.559918	0.05315447	-1.187201	7.516641	1.876252	-1.15926	0
40	20	6.589802	0.05315447	3.465958	6.554332	1.500316	3.487264	0
40	21	7.597236	0.05315447	-9.500878	7.580833	1.491729	-9.475356	0
40	22	8.716773	0.05315447	-6.908118	8.678614	1.638666	-6.884841	0
