17	1	361.5834	363.215	0
18	1	361.5419	363.1815	0
18	2	376.4485	82.03027	0
19	1	361.4912	363.1524	0
19	2	376.5245	82.03897	0
19	3	335.412	363.2557	0
20	1	361.438	363.1313	0
20	2	376.6116	82.04929	0
20	3	335.4785	363.2759	0
20	4	284.3942	267.6796	0
21	1	361.3842	363.1167	0
21	2	376.7048	82.06439	0
21	3	335.5335	363.2996	0
21	4	284.3604	267.6988	0
21	5	495.8394	519.6237	0
22	1	361.334	363.1058	0
22	2	376.8011	82.08484	0
22	3	335.5676	363.3192	0
22	4	284.3287	267.7236	0
22	5	495.824	519.6432	0
22	6	456.2861	261.8373	0
23	1	361.2837	363.1084	0
23	2	376.8969	82.11148	0
23	3	335.5781	363.3307	0
23	4	284.3006	267.748	0
23	5	495.8146	519.6572	0
23	6	456.2729	261.827	0
23	7	434.094	371.9302	0
24	1	361.234	363.1202	0
24	2	376.9819	82.14316	0
24	3	335.5714	363.3263	0
24	4	284.2798	267.77	0
24	5	495.8114	519.6638	0
24	6	456.2606	261.8162	0
24	7	434.1552	371.9401	0
24	8	505.4485	375.7585	0
25	1	361.1865	363.1315	0
25	2	377.042	82.17197	0
25	3	335.5654	363.2943	0
25	4	284.2663	267.7874	0
25	5	495.8129	519.6642	0
25	6	456.2461	261.8027	0
25	7	434.2233	371.9486	0
25	8	505.5071	375.7661	0
25	9	369.0657	51.78925	0
26	1	361.1388	363.1421	0
26	2	377.0703	82.18988	0
26	3	335.5508	363.263	0
26	4	284.2597	267.7982	0
26	5	495.817	519.663	0
26	6	456.2319	261.7888	0
26	7	434.3011	371.9584	0
26	8	505.5741	375.7734	0
26	9	369.0517	51.80661	0
27	1	361.0923	363.1555	0
27	2	377.0628	82.20029	0
27	3	335.5266	363.2346	0
27	4	284.2594	267.802	0
27	5	495.8223	519.6619	0
27	6	456.2234	261.777	0
27	7	434.3831	371.9717	0
27	8	505.6472	375.7835	0
27	9	369.0459	51.81644	0
27	10	460.8362	474.6609	0
28	1	361.0479	363.1711	0
28	2	377.0587	82.15787	0
28	3	335.4952	363.2088	0
28	4	284.2637	267.8021	0
28	5	495.8303	519.6611	0
28	6	456.2204	261.7686	0
28	7	434.4677	371.9894	0
28	8	505.7226	375.797	0
28	9	369.0464	51.81915	0
28	10	460.8216	474.6468	0
28	11	222.396	-49.22388	0
29	1	361.0085	363.1877	0
29	2	377.0424	82.11444	0
29	3	335.4573	363.1868	0
29	4	284.2692	267.8016	0
29	5	495.8406	519.662	0
29	6	456.2295	261.7672	0
29	7	434.5498	372.0134	0
29	8	505.7993	375.8153	0
29	9	369.0514	51.81876	0
29	10	460.8066	474.6315	0
29	11	222.4665	-49.19989	0
29	12	227.198	40.80005	0
30	1	360.9709	363.2083	0
30	2	377.0135	82.07468	0
30	3	335.4183	363.1704	0
30	4	284.2768	267.8014	0
30	5	495.8528	519.6622	0
30	6	456.2544	261.7721	0
30	7	434.6198	372.0424	0
30	8	505.8704	375.84	0
30	9	369.0574	51.81815	0
30	10	460.7975	474.6185	0
30	11	222.5211	-49.17682	0
30	12	227.1495	40.78702	0
30	13	284.9254	319.1163	0
31	1	360.9358	363.2354	0
31	2	376.9721	82.03891	0
31	3	335.3777	363.159	0
31	4	284.2869	267.802	0
31	5	495.8625	519.6608	0
31	6	456.2961	261.7838	0
31	7	434.6653	372.0675	0
31	8	505.9262	375.8664	0
31	9	369.0665	51.81787	0
31	10	460.7939	474.6086	0
31	11	222.5515	-49.16003	0
31	12	227.1017	40.77441	0
31	13	284.8802	319.09	0
31	14	354.6374	115.6008	0
32	1	360.9044	363.2626	0
32	2	376.9212	82.00726	0
32	3	335.3393	363.1508	0
32	4	284.2992	267.803	0
32	5	495.8705	519.6571	0
32	6	456.3524	261.7962	0
32	7	434.6818	372.0825	0
32	8	505.9569	375.8853	0
32	9	369.0785	51.81894	0
32	10	460.8022	474.606	0
32	11	222.5553	-49.15039	0
32	12	227.0558	40.77118	0
32	13	284.8336	319.0705	0
32	14	354.5975	115.6113	0
32	15	296.6655	43.47177	0
33	1	360.8807	363.2868	0
33	2	376.8645	81.98227	0
33	3	335.3007	363.1527	0
33	4	284.311	267.8028	0
33	5	495.8754	519.6503	0
33	6	456.422	261.8077	0
33	7	434.6735	372.0823	0
33	8	505.9592	375.8952	0
33	9	369.0932	51.81958	0
33	10	460.8266	474.6103	0
33	11	222.5491	-49.16602	0
33	12	227.0087	40.77731	0
33	13	284.7852	319.0571	0
33	14	354.5594	115.624	0
33	15	296.7089	43.48486	0
33	16	384.7055	256.2768	0
34	1	360.8652	363.3066	0
34	2	376.8077	81.96823	0
34	3	335.2626	363.1614	0
34	4	284.3203	267.8003	0
34	5	495.8797	519.6439	0
34	6	456.499	261.8174	0
34	7	434.6669	372.043	0
34	8	505.9537	375.8733	0
34	9	369.106	51.81839	0
34	10	460.8685	474.6217	0
34	11	222.5403	-49.19965	0
34	12	226.9633	40.78705	0
34	13	284.7393	319.0473	0
34	14	354.5256	115.6379	0
34	15	296.7684	43.4993	0
34	16	384.7155	256.2779	0
34	17	325.7267	146.386	0
35	1	360.8571	363.3191	0
35	2	376.753	81.95425	0
35	3	335.2263	363.1696	0
35	4	284.3267	267.7947	0
35	5	495.884	519.6382	0
35	6	456.5875	261.8284	0
35	7	434.6496	372.0043	0
35	8	505.943	375.8375	0
35	9	369.1161	51.81403	0
35	10	460.9255	474.6339	0
35	11	222.5225	-49.23181	0
35	12	226.9188	40.79425	0
35	13	284.693	319.0493	0
35	14	354.4937	115.6554	0
35	15	296.8433	43.51212	0
35	16	384.7269	256.2783	0
35	17	325.6808	146.3549	0
35	18	302.9724	76.9184	0
17	1	361.0877	363.1318	0
18	1	361.0995	363.1322	0
18	2	375.0044	81.55032	0
19	1	361.1088	363.1307	0
19	2	374.9563	81.56079	0
19	3	333.4254	364.6197	0
20	1	361.1159	363.1268	0
20	2	374.9091	81.56854	0
20	3	333.5134	364.6343	0
20	4	286.3469	266.5511	0
17	1	362.6404	364.0573	0
18	1	362.6407	364.0467	0
18	2	374.982	85.32938	0
19	1	362.6416	364.036	0
19	2	374.9366	85.31775	0
19	3	332.2395	366.4842	0
20	1	362.6415	364.0255	0
20	2	374.8946	85.3107	0
20	3	332.3166	366.4941	0
20	4	283.79	267.0722	0
21	1	362.6344	364.0162	0
21	2	374.8522	85.31348	0
21	3	332.4059	366.505	0
21	4	283.7496	267.0844	0
21	5	494.3499	519.6192	0
22	1	362.6225	364.0074	0
22	2	374.8107	85.32257	0
22	3	332.5008	366.52	0
22	4	283.7133	267.0981	0
22	5	494.3442	519.6108	0
22	6	455.7983	261.517	0
23	1	362.6111	363.9982	0
23	2	374.7709	85.32977	0
23	3	332.5991	366.5399	0
23	4	283.6797	267.1134	0
23	5	494.3337	519.603	0
23	6	455.8029	261.511	0
23	7	433.8584	373.4619	0
24	1	362.6006	363.9881	0
24	2	374.7307	85.3378	0
24	3	332.6955	366.5667	0
24	4	283.6479	267.1335	0
24	5	494.3233	519.5951	0
24	6	455.8077	261.5049	0
24	7	433.8183	373.4323	0
24	8	505.4478	377.4987	0
25	1	362.5869	363.9757	0
25	2	374.6916	85.34845	0
25	3	332.7782	366.5999	0
25	4	283.6184	267.1577	0
25	5	494.3139	519.5861	0
25	6	455.8129	261.4981	0
25	7	433.7715	373.4079	0
25	8	505.5308	377.5087	0
25	9	370.0262	55.41895	0
26	1	362.5763	363.9642	0
26	2	374.655	85.36142	0
26	3	332.8335	366.6301	0
26	4	283.593	267.1798	0
26	5	494.3013	519.575	0
26	6	455.8173	261.4896	0
26	7	433.7247	373.3912	0
26	8	505.6199	377.5222	0
26	9	370.0358	55.4176	0
27	1	362.5702	363.9534	0
27	2	374.622	85.37534	0
27	3	332.8562	366.6486	0
27	4	283.5756	267.1993	0
27	5	494.2907	519.5641	0
27	6	455.8177	261.4791	0
27	7	433.6761	373.3776	0
27	8	505.7119	377.5401	0
27	9	370.0435	55.41339	0
27	10	460.4149	471.9232	0
28	1	362.57	363.9468	0
28	2	374.5908	85.39316	0
28	3	332.8463	366.6549	0
28	4	283.5644	267.2137	0
28	5	494.2841	519.554	0
28	6	455.8189	261.4681	0
28	7	433.6307	373.3714	0
28	8	505.8038	377.5642	0
28	9	370.0483	55.40671	0
28	10	460.4233	471.9225	0
28	11	219.0502	-54.58661	0
29	1	362.5819	363.9472	0
29	2	374.5615	85.41595	0
29	3	332.8407	366.6096	0
29	4	283.5599	267.2215	0
29	5	494.2823	519.5474	0
29	6	455.8185	261.4576	0
29	7	433.5851	373.3769	0
29	8	505.8861	377.5952	0
29	9	370.0527	55.4007	0
29	10	460.4342	471.9233	0
29	11	219.064	-54.58575	0
29	12	226.1572	39.10583	0
30	1	362.6081	363.9535	0
30	2	374.5356	85.43759	0
30	3	332.8225	366.5645	0
30	4	283.5609	267.223	0
30	5	494.2915	519.5471	0
30	6	455.8128	261.4481	0
30	7	433.5411	373.3884	0
30	8	505.9454	377.6253	0
30	9	370.0569	55.39496	0
30	10	460.4475	471.9243	0
30	11	219.0763	-54.58661	0
30	12	226.1565	39.11606	0
30	13	285.1926	319.6423	0
31	1	362.6485	363.9641	0
31	2	374.5169	85.45688	0
31	3	332.7912	366.5234	0
31	4	283.5652	267.2223	0
31	5	494.3135	519.552	0
31	6	455.8009	261.4393	0
31	7	433.4984	373.3972	0
31	8	505.974	377.6449	0
31	9	370.0613	55.38959	0
31	10	460.4592	471.9236	0
31	11	219.0858	-54.59021	0
31	12	226.1511	39.08725	0
31	13	285.1859	319.6539	0
31	14	355.1136	111.6163	0
32	1	362.702	363.9744	0
32	2	374.5047	85.47189	0
32	3	332.7484	366.4859	0
32	4	283.5703	267.2214	0
32	5	494.3482	519.5614	0
32	6	455.7892	261.4302	0
32	7	433.4559	373.4077	0
32	8	505.9675	377.657	0
32	9	370.0661	55.38373	0
32	10	460.4684	471.9205	0
32	11	219.0921	-54.59735	0
32	12	226.1387	39.04648	0
32	13	285.1861	319.6575	0
32	14	355.0619	111.6263	0
32	15	297.8889	45.97989	0
33	1	362.7648	363.9841	0
33	2	374.4988	85.4809	0
33	3	332.6965	366.4532	0
33	4	283.5781	267.2209	0
33	5	494.3947	519.5702	0
33	6	455.7784	261.4203	0
33	7	433.4142	373.4205	0
33	8	505.9621	377.6177	0
33	9	370.071	55.37753	0
33	10	460.4744	471.9139	0
33	11	219.0974	-54.60455	0
33	12	226.1149	39.00836	0
33	13	285.1912	319.6574	0
33	14	355.0101	111.636	0
33	15	297.8988	45.97919	0
33	16	383.6985	256.5354	0
34	1	362.8358	363.9926	0
34	2	374.4983	85.48392	0
34	3	332.6406	366.4279	0
34	4	283.5882	267.2217	0
34	5	494.4509	519.5784	0
34	6	455.765	261.4082	0
34	7	433.3763	373.4347	0
34	8	505.9459	377.5745	0
34	9	370.0749	55.36975	0
34	10	460.4791	471.9065	0
34	11	219.1019	-54.61133	0
34	12	226.0787	38.97418	0
34	13	285.1975	319.6568	0
34	14	354.9597	111.6492	0
34	15	297.9241	45.98453	0
34	16	383.651	256.5436	0
34	17	324.2939	147.7682	0
35	1	362.916	364.0032	0
35	2	374.5019	85.48376	0
35	3	332.5837	366.412	0
35	4	283.6003	267.2222	0
35	5	494.5149	519.5854	0
35	6	455.7531	261.3962	0
35	7	433.3416	373.4509	0
35	8	505.918	377.5348	0
35	9	370.0756	55.36029	0
35	10	460.4834	471.9001	0
35	11	219.1066	-54.6178	0
35	12	226.0334	38.94385	0
35	13	285.2061	319.6564	0
35	14	354.9117	111.6653	0
35	15	297.9665	45.99673	0
35	16	383.6057	256.5543	0
35	17	324.2889	147.7773	0
35	18	301.0557	76.81506	0
36	1	362.9996	364.0173	0
36	2	374.5065	85.48309	0
36	3	332.5284	366.3976	0
36	4	283.6105	267.2211	0
36	5	494.5867	519.5941	0
36	6	455.7461	261.3857	0
36	7	433.309	373.4717	0
36	8	505.8781	377.4984	0
36	9	370.077	55.35059	0
36	10	460.4879	471.8942	0
36	11	219.111	-54.62494	0
36	12	225.9807	38.91879	0
36	13	285.2176	319.6571	0
36	14	354.8692	111.683	0
36	15	298.0235	46.00961	0
36	16	383.5608	256.5629	0
36	17	324.2905	147.779	0
36	18	301.0617	76.80609	0
37	1	363.0858	364.0363	0
37	2	374.5131	85.48282	0
37	3	332.4738	366.3972	0
37	4	283.6185	267.2175	0
37	5	494.6614	519.6057	0
37	6	455.7444	261.3788	0
37	7	433.2789	373.497	0
37	8	505.8295	377.4662	0
37	9	370.0772	55.34171	0
37	10	460.4927	471.8887	0
37	11	219.1158	-54.63293	0
37	12	225.9283	38.90396	0
37	13	285.2315	319.6583	0
37	14	354.8289	111.7049	0
37	15	298.0934	46.02145	0
37	16	383.517	256.5744	0
37	17	324.2959	147.7783	0
37	18	301.0675	76.79822	0
37	19	491.3638	437.5572	0
38	1	363.1676	364.062	0
38	2	374.5223	85.48343	0
38	3	332.4192	366.4079	0
38	4	283.6238	267.211	0
38	5	494.7383	519.6214	0
38	6	455.7543	261.3784	0
38	7	433.253	373.521	0
38	8	505.7759	377.4406	0
38	9	370.0717	55.33368	0
38	10	460.498	471.8826	0
38	11	219.1205	-54.64197	0
38	12	225.8764	38.89032	0
38	13	285.2444	319.6578	0
38	14	354.7913	111.7335	0
38	15	298.1703	46.03064	0
38	16	383.4741	256.5883	0
38	17	324.3026	147.7776	0
38	18	301.0733	76.79065	0
38	19	491.3633	437.5467	0
38	20	465.6319	320.5684	0
39	1	363.2346	364.0913	0
39	2	374.5338	85.48413	0
39	3	332.3671	366.4207	0
39	4	283.6284	267.2045	0
39	5	494.8123	519.6436	0
39	6	455.7785	261.3839	0
39	7	433.2354	373.5421	0
39	8	505.7215	377.4248	0
39	9	370.0611	55.32617	0
39	10	460.5028	471.8748	0
39	11	219.1211	-54.65283	0
39	12	225.827	38.88596	0
39	13	285.2545	319.6548	0
39	14	354.7578	111.7622	0
39	15	298.2592	46.04221	0
39	16	383.4364	256.6034	0
39	17	324.3126	147.7772	0
39	18	301.0793	76.78336	0
39	19	491.3579	437.5371	0
39	20	465.5785	320.5536	0
39	21	492.1915	652.0307	0
40	1	363.2749	364.115	0
40	2	374.5445	85.48346	0
40	3	332.3155	366.4313	0
40	4	283.6327	267.1987	0
40	5	494.8753	519.6712	0
40	6	455.8173	261.3945	0
40	7	433.2242	373.5579	0
40	8	505.6675	377.4099	0
40	9	370.0509	55.31851	0
40	10	460.5034	471.8646	0
40	11	219.1225	-54.66473	0
40	12	225.7761	38.89203	0
40	13	285.2613	319.6483	0
40	14	354.7325	111.7879	0
40	15	298.3535	46.05841	0
40	16	383.4007	256.6217	0
40	17	324.3253	147.7783	0
40	18	301.0856	76.77521	0
40	19	491.3462	437.5284	0
40	20	465.5289	320.5467	0
40	21	492.1975	652.0231	0
40	22	517.9377	580.642	0
41	1	363.2854	364.1286	0
41	2	374.553	85.48062	0
41	3	332.2651	366.4453	0
41	4	283.6372	267.1933	0
41	5	494.9148	519.6946	0
41	6	455.8693	261.4054	0
41	7	433.2199	373.5668	0
41	8	505.616	377.407	0
41	9	370.0415	55.31003	0
41	10	460.5048	471.8536	0
41	11	219.122	-54.6756	0
41	12	225.7269	38.90268	0
41	13	285.2665	319.6405	0
41	14	354.7161	111.8085	0
41	15	298.4512	46.08041	0
41	16	383.3675	256.6458	0
41	17	324.3407	147.7788	0
41	18	301.092	76.76614	0
41	19	491.3347	437.5193	0
41	20	465.4791	320.5522	0
41	21	492.1997	652.0124	0
41	22	517.9424	580.6406	0
41	23	355.3897	272.1825	0
