57	1	409.8435	363.3698	0
57	2	425.8306	85.49323	0
57	3	384.3592	363.4274	0
57	4	335.8176	266.3101	0
57	5	544.5223	517.4769	0
57	6	507.0583	260.8116	0
57	7	482.5491	372.491	0
57	8	554.6163	376.4687	0
57	9	418.9397	52.41785	0
57	10	511.4939	474.4609	0
57	11	271.0068	-55.80151	0
57	12	273.8069	38.0405	0
57	13	336.2401	320.3596	0
57	14	403.8254	114.5013	0
57	15	346.3705	45.42465	0
57	16	434.4898	258.0786	0
57	17	376.0844	147.5579	0
57	18	353.6021	76.71671	0
57	19	538.8635	434.575	0
57	20	515.0839	320.3258	0
57	21	542.2131	647.9631	0
57	22	569.4098	583.2574	0
57	23	405.3703	272.3567	0
57	24	321.4818	45.49707	0
57	25	563.2098	408.1769	0
57	26	447.3099	149.8518	0
57	27	477.951	117.3183	0
57	28	469.6345	644.0361	0
57	29	246.1041	37.81076	0
57	30	258.3175	91.14063	0
57	31	585.1312	477.6205	0
57	32	199.7043	-55.27606	0
57	33	307.6021	-10.82263	0
57	34	394.5165	414.6492	0
57	35	646.8521	591.1097	0
57	36	467.09	420.1612	0
57	37	407.1074	324.5922	0
58	1	409.8435	363.3698	0
58	2	425.8306	85.49323	0
58	3	384.3592	363.4274	0
58	4	335.8176	266.3101	0
58	5	544.5223	517.4769	0
58	6	507.0583	260.8116	0
58	7	482.5491	372.491	0
58	8	554.6163	376.4687	0
58	9	418.9397	52.41785	0
58	10	511.4939	474.4609	0
58	11	271.0068	-55.80151	0
58	12	273.8069	38.0405	0
58	13	336.2401	320.3596	0
58	14	403.8254	114.5013	0
58	15	346.3705	45.42465	0
58	16	434.4898	258.0786	0
58	17	376.0844	147.5579	0
58	18	353.6021	76.71671	0
58	19	538.8635	434.575	0
58	20	515.0839	320.3258	0
58	21	542.2131	647.9631	0
58	22	569.4098	583.2574	0
58	23	405.3703	272.3567	0
58	24	321.4818	45.49707	0
58	25	563.2098	408.1769	0
58	26	447.3099	149.8518	0
58	27	477.951	117.3183	0
58	28	469.6345	644.0361	0
58	29	246.1041	37.81076	0
58	30	258.3175	91.14063	0
58	31	585.1312	477.6205	0
58	32	199.7043	-55.27606	0
58	33	307.6021	-10.82263	0
58	34	394.5165	414.6492	0
58	35	646.8521	591.1097	0
58	36	467.09	420.1612	0
58	37	407.1074	324.5922	0
58	38	610.5055	442.4835	0
17	1	410.6216	364.2535	0
18	1	410.6204	364.2507	0
18	2	426.6598	82.79028	0
19	1	410.6201	364.2484	0
19	2	426.6443	82.78528	0
19	3	381.8062	366.2285	0
20	1	410.6207	364.2468	0
20	2	426.6294	82.78143	0
20	3	381.7962	366.2372	0
20	4	335.1606	265.5934	0
21	1	410.6228	364.246	0
21	2	426.6151	82.7789	0
21	3	381.7865	366.2458	0
21	4	335.1657	265.5943	0
21	5	545.9914	521.4781	0
22	1	410.6264	364.2461	0
22	2	426.6007	82.77689	0
22	3	381.7773	366.2542	0
22	4	335.172	265.5954	0
22	5	545.9915	521.475	0
22	6	506.6298	261.8436	0
23	1	410.6313	364.2466	0
23	2	426.5863	82.77597	0
23	3	381.769	366.2621	0
23	4	335.1795	265.5975	0
23	5	545.9919	521.4718	0
23	6	506.6331	261.8434	0
23	7	481.4513	371.4211	0
24	1	410.6375	364.2476	0
24	2	426.5717	82.77664	0
24	3	381.7616	366.2699	0
24	4	335.1883	265.6002	0
24	5	545.9926	521.4686	0
24	6	506.636	261.8431	0
24	7	481.4501	371.4189	0
24	8	555.4383	377.8332	0
25	1	410.6454	364.2489	0
25	2	426.557	82.77783	0
25	3	381.7552	366.2773	0
25	4	335.1983	265.6028	0
25	5	545.9934	521.4654	0
25	6	506.6387	261.8426	0
25	7	481.4495	371.4167	0
25	8	555.4398	377.8312	0
25	9	420.8517	52.56372	0
26	1	410.6548	364.2513	0
26	2	426.5424	82.77972	0
26	3	381.7497	366.2844	0
26	4	335.2093	265.6057	0
26	5	545.9935	521.4623	0
26	6	506.6413	261.8419	0
26	7	481.4494	371.4151	0
26	8	555.4411	377.8293	0
26	9	420.8543	52.56235	0
27	1	410.6659	364.2547	0
27	2	426.5278	82.78241	0
27	3	381.7447	366.2909	0
27	4	335.221	265.6088	0
27	5	545.9933	521.4593	0
27	6	506.6438	261.8409	0
27	7	481.4501	371.414	0
27	8	555.4424	377.8273	0
27	9	420.8566	52.56076	0
27	10	510.1748	471.8629	0
28	1	410.6786	364.2583	0
28	2	426.5135	82.78558	0
28	3	381.7403	366.2968	0
28	4	335.234	265.6117	0
28	5	545.9934	521.4562	0
28	6	506.6461	261.8397	0
28	7	481.452	371.4135	0
28	8	555.4438	377.8253	0
28	9	420.8586	52.55881	0
28	10	510.1777	471.8628	0
28	11	272.9896	-47.35742	0
29	1	410.6927	364.262	0
29	2	426.4995	82.78909	0
29	3	381.7366	366.302	0
29	4	335.2481	265.6144	0
29	5	545.9935	521.4531	0
29	6	506.6481	261.8383	0
29	7	481.455	371.4136	0
29	8	555.4452	377.8234	0
29	9	420.8601	52.55661	0
29	10	510.1806	471.8629	0
29	11	272.9916	-47.35748	0
29	12	275.1371	40.20657	0
30	1	410.7078	364.2661	0
30	2	426.4857	82.79218	0
30	3	381.7336	366.3065	0
30	4	335.2631	265.6172	0
30	5	545.9935	521.45	0
30	6	506.6497	261.8364	0
30	7	481.459	371.4141	0
30	8	555.4467	377.8216	0
30	9	420.8616	52.55438	0
30	10	510.1838	471.8632	0
30	11	272.9939	-47.35736	0
30	12	275.1374	40.20364	0
30	13	336.4089	320.619	0
31	1	410.7244	364.2699	0
31	2	426.472	82.79483	0
31	3	381.7314	366.3102	0
31	4	335.2791	265.6199	0
31	5	545.9924	521.4471	0
31	6	506.651	261.8343	0
31	7	481.464	371.4149	0
31	8	555.4482	377.8199	0
31	9	420.863	52.55209	0
31	10	510.1872	471.8635	0
31	11	272.9963	-47.3573	0
31	12	275.1374	40.20056	0
31	13	336.4092	320.6218	0
31	14	404.284	112.9413	0
32	1	410.7426	364.2734	0
32	2	426.4583	82.79697	0
32	3	381.73	366.3133	0
32	4	335.2961	265.6226	0
32	5	545.9902	521.4443	0
32	6	506.6523	261.8323	0
32	7	481.4702	371.4161	0
32	8	555.4498	377.8181	0
32	9	420.8645	52.55008	0
32	10	510.1909	471.8638	0
32	11	272.999	-47.35706	0
32	12	275.1376	40.1973	0
32	13	336.4073	320.6244	0
32	14	404.27	112.9316	0
32	15	347.9942	51.29892	0
33	1	410.7619	364.2768	0
33	2	426.4445	82.79916	0
33	3	381.7292	366.3155	0
33	4	335.3127	265.6252	0
33	5	545.9873	521.4418	0
33	6	506.6535	261.8303	0
33	7	481.4776	371.4182	0
33	8	555.4513	377.8162	0
33	9	420.8659	52.54819	0
33	10	510.1948	471.864	0
33	11	273.0017	-47.35669	0
33	12	275.1381	40.19388	0
33	13	336.4035	320.6268	0
33	14	404.2549	112.9223	0
33	15	347.9964	51.29745	0
33	16	433.9441	257.7417	0
34	1	410.7824	364.2802	0
34	2	426.4307	82.80173	0
34	3	381.7289	366.317	0
34	4	335.3295	265.6274	0
34	5	545.984	521.4392	0
34	6	506.6548	261.8284	0
34	7	481.4863	371.4207	0
34	8	555.453	377.8143	0
34	9	420.8673	52.5462	0
34	10	510.1986	471.864	0
34	11	273.0045	-47.35638	0
34	12	275.1389	40.19058	0
34	13	336.4025	320.6201	0
34	14	404.239	112.9136	0
34	15	347.9984	51.29575	0
34	16	433.9457	257.7394	0
34	17	375.5384	147.7405	0
35	1	410.8043	364.2837	0
35	2	426.4168	82.80453	0
35	3	381.7292	366.3177	0
35	4	335.3475	265.6296	0
35	5	545.9804	521.4367	0
35	6	506.6561	261.8266	0
35	7	481.496	371.4233	0
35	8	555.4546	377.8124	0
35	9	420.8687	52.54425	0
35	10	510.2023	471.8639	0
35	11	273.0076	-47.35614	0
35	12	275.1393	40.18735	0
35	13	336.4022	320.6094	0
35	14	404.2227	112.9054	0
35	15	348	51.29376	0
35	16	433.9471	257.7373	0
35	17	375.5353	147.7376	0
35	18	355.2527	79.36252	0
36	1	410.8266	364.2868	0
36	2	426.403	82.80762	0
36	3	381.7299	366.318	0
36	4	335.3665	265.6319	0
36	5	545.9769	521.4341	0
36	6	506.6573	261.8249	0
36	7	481.5068	371.4261	0
36	8	555.4564	377.8104	0
36	9	420.8699	52.54236	0
36	10	510.2056	471.8637	0
36	11	273.0108	-47.35583	0
36	12	275.1392	40.18442	0
36	13	336.4007	320.5988	0
36	14	404.2064	112.8979	0
36	15	348.0014	51.29163	0
36	16	433.9486	257.7352	0
36	17	375.5322	147.7343	0
36	18	355.2399	79.36502	0
37	1	410.8495	364.2896	0
37	2	426.3897	82.811	0
37	3	381.7313	366.318	0
37	4	335.3863	265.6341	0
37	5	545.9734	521.4315	0
37	6	506.6584	261.8232	0
37	7	481.5183	371.429	0
37	8	555.458	377.8083	0
37	9	420.8712	52.54047	0
37	10	510.2086	471.8633	0
37	11	273.0143	-47.35571	0
37	12	275.1392	40.18143	0
37	13	336.3984	320.588	0
37	14	404.1903	112.891	0
37	15	348.0027	51.28949	0
37	16	433.9501	257.733	0
37	17	375.5283	147.7308	0
37	18	355.2274	79.36789	0
37	19	540.1013	436.1085	0
38	1	410.8737	364.2922	0
38	2	426.3765	82.81464	0
38	3	381.7329	366.3179	0
38	4	335.4069	265.6366	0
38	5	545.9701	521.4289	0
38	6	506.6596	261.8214	0
38	7	481.531	371.4318	0
38	8	555.4596	377.8061	0
38	9	420.8726	52.53864	0
38	10	510.2114	471.8625	0
38	11	273.0175	-47.35571	0
38	12	275.1393	40.17847	0
38	13	336.3952	320.5774	0
38	14	404.1745	112.8856	0
38	15	348.0041	51.28751	0
38	16	433.9517	257.731	0
38	17	375.5241	147.7273	0
38	18	355.2151	79.37064	0
38	19	540.0983	436.1062	0
38	20	513.6663	318.3466	0
39	1	410.899	364.2949	0
39	2	426.3626	82.81854	0
39	3	381.7347	366.3178	0
39	4	335.4282	265.6394	0
39	5	545.9667	521.4263	0
39	6	506.6608	261.8198	0
39	7	481.5448	371.4344	0
39	8	555.4613	377.8036	0
39	9	420.8739	52.53683	0
39	10	510.2141	471.8616	0
39	11	273.0205	-47.35583	0
39	12	275.1397	40.1756	0
39	13	336.3911	320.5667	0
39	14	404.1586	112.881	0
39	15	348.0056	51.28571	0
39	16	433.9532	257.729	0
39	17	375.5197	147.7238	0
39	18	355.2029	79.37296	0
39	19	540.0954	436.1038	0
39	20	513.6664	318.3438	0
39	21	543.6172	652.3617	0
40	1	410.9252	364.2977	0
40	2	426.3492	82.82281	0
40	3	381.7365	366.3176	0
40	4	335.4498	265.6425	0
40	5	545.9632	521.4235	0
40	6	506.662	261.8181	0
40	7	481.5595	371.437	0
40	8	555.4627	377.8008	0
40	9	420.8752	52.53497	0
40	10	510.2166	471.8606	0
40	11	273.0231	-47.35608	0
40	12	275.1392	40.17291	0
40	13	336.3862	320.5562	0
40	14	404.1416	112.8776	0
40	15	348.007	51.28391	0
40	16	433.9548	257.7271	0
40	17	375.5158	147.7201	0
40	18	355.1908	79.37488	0
40	19	540.0927	436.1013	0
40	20	513.6668	318.3409	0
40	21	543.6133	652.3586	0
40	22	569.8373	583.4762	0
41	1	410.9525	364.3007	0
41	2	426.3364	82.82736	0
41	3	381.7383	366.3173	0
41	4	335.4718	265.6459	0
41	5	545.9601	521.4208	0
41	6	506.6632	261.8165	0
41	7	481.5751	371.4396	0
41	8	555.4635	377.798	0
41	9	420.8766	52.53308	0
41	10	510.2188	471.8592	0
41	11	273.0257	-47.35645	0
41	12	275.1374	40.17023	0
41	13	336.3806	320.5461	0
41	14	404.1246	112.8733	0
41	15	348.0083	51.28217	0
41	16	433.9565	257.7252	0
41	17	375.5124	147.7164	0
41	18	355.1786	79.37665	0
41	19	540.0899	436.0987	0
41	20	513.6674	318.3381	0
41	21	543.6094	652.3553	0
41	22	569.8336	583.4732	0
41	23	406.2041	271.9791	0
42	1	410.9806	364.3041	0
42	2	426.3242	82.83188	0
42	3	381.7404	366.3171	0
42	4	335.4938	265.6496	0
42	5	545.957	521.4179	0
42	6	506.6645	261.8149	0
42	7	481.5917	371.4423	0
42	8	555.4637	377.7948	0
42	9	420.878	52.53107	0
42	10	510.2209	471.8575	0
42	11	273.0281	-47.35706	0
42	12	275.1348	40.16763	0
42	13	336.3738	320.5365	0
42	14	404.108	112.8678	0
42	15	348.0095	51.28033	0
42	16	433.9581	257.7232	0
42	17	375.5095	147.7138	0
42	18	355.1665	79.37878	0
42	19	540.087	436.0957	0
42	20	513.6675	318.3353	0
42	21	543.6058	652.3521	0
42	22	569.8294	583.4702	0
42	23	406.2007	271.9765	0
42	24	322.5893	48.86407	0
43	1	411.0092	364.308	0
43	2	426.3123	82.83646	0
43	3	381.7426	366.317	0
43	4	335.5162	265.6536	0
43	5	545.954	521.4146	0
43	6	506.6658	261.8134	0
43	7	481.608	371.4448	0
43	8	555.4636	377.7914	0
43	9	420.8794	52.52896	0
43	10	510.2224	471.8553	0
43	11	273.0302	-47.35809	0
43	12	275.1315	40.16504	0
43	13	336.3657	320.5271	0
43	14	404.0921	112.864	0
43	15	348.0108	51.27856	0
43	16	433.9597	257.7212	0
43	17	375.507	147.7112	0
43	18	355.1544	79.3812	0
43	19	540.0835	436.0925	0
43	20	513.6673	318.3326	0
43	21	543.6024	652.3488	0
43	22	569.8253	583.4672	0
43	23	406.1974	271.9739	0
43	24	322.588	48.85385	0
43	25	561.0651	407.032	0
44	1	411.0383	364.3122	0
44	2	426.301	82.84106	0
44	3	381.745	366.3169	0
44	4	335.5388	265.658	0
44	5	545.9503	521.4111	0
44	6	506.6671	261.8117	0
44	7	481.6246	371.4471	0
44	8	555.4637	377.788	0
44	9	420.8809	52.52686	0
44	10	510.2238	471.8532	0
44	11	273.0322	-47.35931	0
44	12	275.128	40.16263	0
44	13	336.3568	320.5179	0
44	14	404.0765	112.8612	0
44	15	348.0122	51.27689	0
44	16	433.9615	257.7191	0
44	17	375.5049	147.7077	0
44	18	355.1421	79.38382	0
44	19	540.0797	436.0892	0
44	20	513.6671	318.3299	0
44	21	543.5988	652.345	0
44	22	569.8212	583.4641	0
44	23	406.1942	271.9713	0
44	24	322.5858	48.84354	0
44	25	561.0657	407.0289	0
44	26	449.4342	152.0798	0
45	1	411.0674	364.3167	0
45	2	426.2897	82.84592	0
45	3	381.7478	366.3167	0
45	4	335.5617	265.6628	0
45	5	545.946	521.4074	0
45	6	506.6685	261.8099	0
45	7	481.6425	371.4493	0
45	8	555.4642	377.7845	0
45	9	420.8824	52.52466	0
45	10	510.2251	471.851	0
45	11	273.034	-47.36078	0
45	12	275.1245	40.16013	0
45	13	336.3473	320.509	0
45	14	404.0609	112.8591	0
45	15	348.0135	51.27518	0
45	16	433.9633	257.717	0
45	17	375.5031	147.7047	0
45	18	355.1303	79.38666	0
45	19	540.0757	436.0859	0
45	20	513.6671	318.3271	0
45	21	543.5949	652.341	0
45	22	569.8173	583.4609	0
45	23	406.1909	271.9688	0
45	24	322.5827	48.83334	0
45	25	561.066	407.0259	0
45	26	449.4317	152.0766	0
45	27	476.4318	115.7442	0
46	1	411.0968	364.3217	0
46	2	426.2785	82.85107	0
46	3	381.751	366.3165	0
46	4	335.5847	265.668	0
46	5	545.9416	521.4036	0
46	6	506.6699	261.8082	0
46	7	481.6611	371.4515	0
46	8	555.4649	377.781	0
46	9	420.8839	52.52243	0
46	10	510.2265	471.8489	0
46	11	273.0354	-47.36237	0
46	12	275.121	40.15756	0
46	13	336.3371	320.5005	0
46	14	404.0452	112.8583	0
46	15	348.0149	51.2735	0
46	16	433.9651	257.7149	0
46	17	375.5017	147.7023	0
46	18	355.1188	79.38974	0
46	19	540.0721	436.0825	0
46	20	513.6671	318.3245	0
46	21	543.5903	652.3367	0
46	22	569.8134	583.4578	0
46	23	406.1879	271.9662	0
46	24	322.5788	48.82321	0
46	25	561.0658	407.0229	0
46	26	449.4316	152.0659	0
46	27	476.4351	115.7432	0
47	1	411.1266	364.327	0
47	2	426.2674	82.85657	0
47	3	381.7543	366.3166	0
47	4	335.6077	265.6736	0
47	5	545.9373	521.3998	0
47	6	506.6714	261.8064	0
47	7	481.6806	371.4537	0
47	8	555.4652	377.7776	0
47	9	420.8854	52.5202	0
47	10	510.2278	471.8469	0
47	11	273.0367	-47.3642	0
47	12	275.1176	40.155	0
47	13	336.3262	320.4922	0
47	14	404.0294	112.859	0
47	15	348.0162	51.27188	0
47	16	433.9669	257.7127	0
47	17	375.5007	147.7001	0
47	18	355.1068	79.39307	0
47	19	540.069	436.0789	0
47	20	513.6663	318.322	0
47	21	543.5855	652.3324	0
47	22	569.8094	583.4545	0
47	23	406.185	271.9634	0
47	24	322.574	48.81314	0
47	25	561.0656	407.0199	0
47	26	449.4304	152.0552	0
47	27	476.4382	115.7417	0
47	28	470.1209	638.2674	0
48	1	411.1567	364.3331	0
48	2	426.2566	82.86264	0
48	3	381.7579	366.3168	0
48	4	335.6303	265.6799	0
48	5	545.9336	521.3956	0
48	6	506.6728	261.8045	0
48	7	481.7007	371.4561	0
48	8	555.4649	377.7744	0
48	9	420.8869	52.51773	0
48	10	510.2291	471.845	0
48	11	273.0378	-47.36603	0
48	12	275.1143	40.15244	0
48	13	336.3147	320.4842	0
48	14	404.0134	112.8603	0
48	15	348.0176	51.27017	0
48	16	433.9686	257.7102	0
48	17	375.5004	147.6985	0
48	18	355.0949	79.39661	0
48	19	540.0663	436.0764	0
48	20	513.6646	318.3195	0
48	21	543.5806	652.3279	0
48	22	569.8056	583.4512	0
48	23	406.1821	271.9605	0
48	24	322.5686	48.80341	0
48	25	561.0655	407.0169	0
48	26	449.4281	152.0445	0
48	27	476.441	115.74	0
48	28	470.1192	638.264	0
48	29	250.0401	43.12512	0
17	1	410.9712	365.0785	0
18	1	410.9958	365.0818	0
18	2	425.2565	84.51349	0
19	1	411.08	365.0955	0
19	2	425.2213	84.48752	0
19	3	382.3938	365.7211	0
