63	1	335.9955	214.3147	0
63	2	582.4421	223.8422	0
63	3	337.4685	197.4354	0
63	4	419.5696	169.7307	0
63	5	157.8099	312.5758	0
63	6	425.049	280.9229	0
63	7	318.5249	263.9688	0
63	8	302.3728	323.0982	0
63	9	607.351	221.1991	0
63	10	218.112	284.25	0
63	11	656.3583	139.7297	0
63	12	588.733	142.7184	0
63	13	378.8474	170.5753	0
63	14	552.3742	210.8673	0
63	15	595.8198	178.4475	0
63	16	427.7982	229.5809	0
63	17	518.9061	193.2613	0
63	18	571.7063	181.7752	0
63	19	244.5522	309.2731	0
63	20	367.3528	287.5861	0
63	21	27.6566	309.5757	0
63	22	84.2778	334.7185	0
63	23	416.5934	210.3919	0
63	24	592.108	164.3283	0
63	25	271.3844	326.7028	0
63	26	523.5182	238.0658	0
63	27	558.524	259.215	0
63	28	68.99544	252.7797	0
63	29	585.0214	129.95	0
63	30	548.5706	134.6886	0
63	31	190.3195	347.914	0
63	32	643.9185	109.0445	0
63	33	633.8326	157.8373	0
63	34	293.4109	202.6714	0
63	35	41.61737	409.1118	0
63	36	276.9986	250.0602	0
63	37	369.2277	211.6411	0
63	38	219.885	377.9848	0
63	39	555.6289	169.1659	0
63	40	646.2546	196.0577	0
63	41	325.4999	242.6341	0
63	42	288.5499	267.6404	0
63	43	374.5305	234.8314	0
64	1	335.9955	214.3147	0
64	2	582.4421	223.8422	0
64	3	337.4685	197.4354	0
64	4	419.5696	169.7307	0
64	5	157.8099	312.5758	0
64	6	425.049	280.9229	0
64	7	318.5249	263.9688	0
64	8	302.3728	323.0982	0
64	9	607.351	221.1991	0
64	10	218.112	284.25	0
64	11	656.3583	139.7297	0
64	12	588.733	142.7184	0
64	13	378.8474	170.5753	0
64	14	552.3742	210.8673	0
64	15	595.8198	178.4475	0
64	16	427.7982	229.5809	0
64	17	518.9061	193.2613	0
64	18	571.7063	181.7752	0
64	19	244.5522	309.2731	0
64	20	367.3528	287.5861	0
64	21	27.6566	309.5757	0
64	22	84.2778	334.7185	0
64	23	416.5934	210.3919	0
64	24	592.108	164.3283	0
64	25	271.3844	326.7028	0
64	26	523.5182	238.0658	0
64	27	558.524	259.215	0
64	28	68.99544	252.7797	0
64	29	585.0214	129.95	0
64	30	548.5706	134.6886	0
64	31	190.3195	347.914	0
64	32	643.9185	109.0445	0
64	33	633.8326	157.8373	0
64	34	293.4109	202.6714	0
64	35	41.61737	409.1118	0
64	36	276.9986	250.0602	0
64	37	369.2277	211.6411	0
64	38	219.885	377.9848	0
64	39	555.6289	169.1659	0
64	40	646.2546	196.0577	0
64	41	325.4999	242.6341	0
64	42	288.5499	267.6404	0
64	43	374.5305	234.8314	0
65	1	335.9955	214.3147	0
65	2	582.4421	223.8422	0
65	3	337.4685	197.4354	0
65	4	419.5696	169.7307	0
65	5	157.8099	312.5758	0
65	6	425.049	280.9229	0
65	7	318.5249	263.9688	0
65	8	302.3728	323.0982	0
65	9	607.351	221.1991	0
65	10	218.112	284.25	0
65	11	656.3583	139.7297	0
65	12	588.733	142.7184	0
65	13	378.8474	170.5753	0
65	14	552.3742	210.8673	0
65	15	595.8198	178.4475	0
65	16	427.7982	229.5809	0
65	17	518.9061	193.2613	0
65	18	571.7063	181.7752	0
65	19	244.5522	309.2731	0
65	20	367.3528	287.5861	0
65	21	27.6566	309.5757	0
65	22	84.2778	334.7185	0
65	23	416.5934	210.3919	0
65	24	592.108	164.3283	0
65	25	271.3844	326.7028	0
65	26	523.5182	238.0658	0
65	27	558.524	259.215	0
65	28	68.99544	252.7797	0
65	29	585.0214	129.95	0
65	30	548.5706	134.6886	0
65	31	190.3195	347.914	0
65	32	643.9185	109.0445	0
65	33	633.8326	157.8373	0
65	34	293.4109	202.6714	0
65	35	41.61737	409.1118	0
65	36	276.9986	250.0602	0
65	37	369.2277	211.6411	0
65	38	219.885	377.9848	0
65	39	555.6289	169.1659	0
65	40	646.2546	196.0577	0
65	41	325.4999	242.6341	0
65	42	288.5499	267.6404	0
65	43	374.5305	234.8314	0
66	1	335.9955	214.3147	0
66	2	582.4421	223.8422	0
66	3	337.4685	197.4354	0
66	4	419.5696	169.7307	0
66	5	157.8099	312.5758	0
66	6	425.049	280.9229	0
66	7	318.5249	263.9688	0
66	8	302.3728	323.0982	0
66	9	607.351	221.1991	0
66	10	218.112	284.25	0
66	11	656.3583	139.7297	0
66	12	588.733	142.7184	0
66	13	378.8474	170.5753	0
66	14	552.3742	210.8673	0
66	15	595.8198	178.4475	0
66	16	427.7982	229.5809	0
66	17	518.9061	193.2613	0
66	18	571.7063	181.7752	0
66	19	244.5522	309.2731	0
66	20	367.3528	287.5861	0
66	21	27.6566	309.5757	0
66	22	84.2778	334.7185	0
66	23	416.5934	210.3919	0
66	24	592.108	164.3283	0
66	25	271.3844	326.7028	0
66	26	523.5182	238.0658	0
66	27	558.524	259.215	0
66	28	68.99544	252.7797	0
66	29	585.0214	129.95	0
66	30	548.5706	134.6886	0
66	31	190.3195	347.914	0
66	32	643.9185	109.0445	0
66	33	633.8326	157.8373	0
66	34	293.4109	202.6714	0
66	35	41.61737	409.1118	0
66	36	276.9986	250.0602	0
66	37	369.2277	211.6411	0
66	38	219.885	377.9848	0
66	39	555.6289	169.1659	0
66	40	646.2546	196.0577	0
66	41	325.4999	242.6341	0
66	42	288.5499	267.6404	0
66	43	374.5305	234.8314	0
67	1	335.9955	214.3147	0
67	2	582.4421	223.8422	0
67	3	337.4685	197.4354	0
67	4	419.5696	169.7307	0
67	5	157.8099	312.5758	0
67	6	425.049	280.9229	0
67	7	318.5249	263.9688	0
67	8	302.3728	323.0982	0
67	9	607.351	221.1991	0
67	10	218.112	284.25	0
67	11	656.3583	139.7297	0
67	12	588.733	142.7184	0
67	13	378.8474	170.5753	0
67	14	552.3742	210.8673	0
67	15	595.8198	178.4475	0
67	16	427.7982	229.5809	0
67	17	518.9061	193.2613	0
67	18	571.7063	181.7752	0
67	19	244.5522	309.2731	0
67	20	367.3528	287.5861	0
67	21	27.6566	309.5757	0
67	22	84.2778	334.7185	0
67	23	416.5934	210.3919	0
67	24	592.108	164.3283	0
67	25	271.3844	326.7028	0
67	26	523.5182	238.0658	0
67	27	558.524	259.215	0
67	28	68.99544	252.7797	0
67	29	585.0214	129.95	0
67	30	548.5706	134.6886	0
67	31	190.3195	347.914	0
67	32	643.9185	109.0445	0
67	33	633.8326	157.8373	0
67	34	293.4109	202.6714	0
67	35	41.61737	409.1118	0
67	36	276.9986	250.0602	0
67	37	369.2277	211.6411	0
67	38	219.885	377.9848	0
67	39	555.6289	169.1659	0
67	40	646.2546	196.0577	0
67	41	325.4999	242.6341	0
67	42	288.5499	267.6404	0
67	43	374.5305	234.8314	0
68	1	335.9955	214.3147	0
68	2	582.4421	223.8422	0
68	3	337.4685	197.4354	0
68	4	419.5696	169.7307	0
68	5	157.8099	312.5758	0
68	6	425.049	280.9229	0
68	7	318.5249	263.9688	0
68	8	302.3728	323.0982	0
68	9	607.351	221.1991	0
68	10	218.112	284.25	0
68	11	656.3583	139.7297	0
68	12	588.733	142.7184	0
68	13	378.8474	170.5753	0
68	14	552.3742	210.8673	0
68	15	595.8198	178.4475	0
68	16	427.7982	229.5809	0
68	17	518.9061	193.2613	0
68	18	571.7063	181.7752	0
68	19	244.5522	309.2731	0
68	20	367.3528	287.5861	0
68	21	27.6566	309.5757	0
68	22	84.2778	334.7185	0
68	23	416.5934	210.3919	0
68	24	592.108	164.3283	0
68	25	271.3844	326.7028	0
68	26	523.5182	238.0658	0
68	27	558.524	259.215	0
68	28	68.99544	252.7797	0
68	29	585.0214	129.95	0
68	30	548.5706	134.6886	0
68	31	190.3195	347.914	0
68	32	643.9185	109.0445	0
68	33	633.8326	157.8373	0
68	34	293.4109	202.6714	0
68	35	41.61737	409.1118	0
68	36	276.9986	250.0602	0
68	37	369.2277	211.6411	0
68	38	219.885	377.9848	0
68	39	555.6289	169.1659	0
68	40	646.2546	196.0577	0
68	41	325.4999	242.6341	0
68	42	288.5499	267.6404	0
68	43	374.5305	234.8314	0
69	1	335.9955	214.3147	0
69	2	582.4421	223.8422	0
69	3	337.4685	197.4354	0
69	4	419.5696	169.7307	0
69	5	157.8099	312.5758	0
69	6	425.049	280.9229	0
69	7	318.5249	263.9688	0
69	8	302.3728	323.0982	0
69	9	607.351	221.1991	0
69	10	218.112	284.25	0
69	11	656.3583	139.7297	0
69	12	588.733	142.7184	0
69	13	378.8474	170.5753	0
69	14	552.3742	210.8673	0
69	15	595.8198	178.4475	0
69	16	427.7982	229.5809	0
69	17	518.9061	193.2613	0
69	18	571.7063	181.7752	0
69	19	244.5522	309.2731	0
69	20	367.3528	287.5861	0
69	21	27.6566	309.5757	0
69	22	84.2778	334.7185	0
69	23	416.5934	210.3919	0
69	24	592.108	164.3283	0
69	25	271.3844	326.7028	0
69	26	523.5182	238.0658	0
69	27	558.524	259.215	0
69	28	68.99544	252.7797	0
69	29	585.0214	129.95	0
69	30	548.5706	134.6886	0
69	31	190.3195	347.914	0
69	32	643.9185	109.0445	0
69	33	633.8326	157.8373	0
69	34	293.4109	202.6714	0
69	35	41.61737	409.1118	0
69	36	276.9986	250.0602	0
69	37	369.2277	211.6411	0
69	38	219.885	377.9848	0
69	39	555.6289	169.1659	0
69	40	646.2546	196.0577	0
69	41	325.4999	242.6341	0
69	42	288.5499	267.6404	0
69	43	374.5305	234.8314	0
70	1	335.9955	214.3147	0
70	2	582.4421	223.8422	0
70	3	337.4685	197.4354	0
70	4	419.5696	169.7307	0
70	5	157.8099	312.5758	0
70	6	425.049	280.9229	0
70	7	318.5249	263.9688	0
70	8	302.3728	323.0982	0
70	9	607.351	221.1991	0
70	10	218.112	284.25	0
70	11	656.3583	139.7297	0
70	12	588.733	142.7184	0
70	13	378.8474	170.5753	0
70	14	552.3742	210.8673	0
70	15	595.8198	178.4475	0
70	16	427.7982	229.5809	0
70	17	518.9061	193.2613	0
70	18	571.7063	181.7752	0
70	19	244.5522	309.2731	0
70	20	399.3707	285.6505	0
70	21	27.6566	309.5757	0
70	22	84.2778	334.7185	0
70	23	416.5934	210.3919	0
70	24	592.108	164.3283	0
70	25	271.3844	326.7028	0
70	26	523.5182	238.0658	0
70	27	558.524	259.215	0
70	28	68.99544	252.7797	0
70	29	585.0214	129.95	0
70	30	548.5706	134.6886	0
70	31	190.3195	347.914	0
70	32	643.9185	109.0445	0
70	33	633.8326	157.8373	0
70	34	293.4109	202.6714	0
70	35	41.61737	409.1118	0
70	36	276.9986	250.0602	0
70	37	369.2277	211.6411	0
70	38	219.885	377.9848	0
70	39	555.6289	169.1659	0
70	40	646.2546	196.0577	0
70	41	325.4999	242.6341	0
70	42	288.5499	267.6404	0
70	43	374.5305	234.8314	0
71	1	335.9955	214.3147	0
71	2	582.4421	223.8422	0
71	3	337.4685	197.4354	0
71	4	419.5696	169.7307	0
71	5	157.8099	312.5758	0
71	6	425.049	280.9229	0
71	7	318.5249	263.9688	0
71	8	302.3728	323.0982	0
71	9	607.351	221.1991	0
71	10	218.112	284.25	0
71	11	656.3583	139.7297	0
71	12	588.733	142.7184	0
71	13	378.8474	170.5753	0
71	14	552.3742	210.8673	0
71	15	595.8198	178.4475	0
71	16	427.7982	229.5809	0
71	17	518.9061	193.2613	0
71	18	571.7063	181.7752	0
71	19	244.5522	309.2731	0
71	20	449.4567	280.4828	0
71	21	27.6566	309.5757	0
71	22	84.2778	334.7185	0
71	23	416.5934	210.3919	0
71	24	592.108	164.3283	0
71	25	271.3844	326.7028	0
71	26	523.5182	238.0658	0
71	27	558.524	259.215	0
71	28	68.99544	252.7797	0
71	29	585.0214	129.95	0
71	30	548.5706	134.6886	0
71	31	190.3195	347.914	0
71	32	643.9185	109.0445	0
71	33	633.8326	157.8373	0
71	34	293.4109	202.6714	0
71	35	41.61737	409.1118	0
71	36	276.9986	250.0602	0
71	37	369.2277	211.6411	0
71	38	219.885	377.9848	0
71	39	555.6289	169.1659	0
71	40	646.2546	196.0577	0
71	41	325.4999	242.6341	0
71	42	288.5499	267.6404	0
71	43	374.5305	234.8314	0
72	1	335.9955	214.3147	0
72	2	582.4421	223.8422	0
72	3	337.4685	197.4354	0
72	4	419.5696	169.7307	0
72	5	157.8099	312.5758	0
72	6	425.049	280.9229	0
72	7	318.5249	263.9688	0
72	8	302.3728	323.0982	0
72	9	607.351	221.1991	0
72	10	218.112	284.25	0
72	11	656.3583	139.7297	0
72	12	588.733	142.7184	0
72	13	378.8474	170.5753	0
72	14	552.3742	210.8673	0
72	15	595.8198	178.4475	0
72	16	427.7982	229.5809	0
72	17	518.9061	193.2613	0
72	18	571.7063	181.7752	0
72	19	244.5522	309.2731	0
72	20	469.1865	279.6086	0
72	21	27.6566	309.5757	0
72	22	84.2778	334.7185	0
72	23	416.5934	210.3919	0
72	24	592.108	164.3283	0
72	25	271.3844	326.7028	0
72	26	523.5182	238.0658	0
72	27	558.524	259.215	0
72	28	68.99544	252.7797	0
72	29	585.0214	129.95	0
72	30	548.5706	134.6886	0
72	31	190.3195	347.914	0
72	32	643.9185	109.0445	0
72	33	633.8326	157.8373	0
72	34	293.4109	202.6714	0
72	35	41.61737	409.1118	0
72	36	276.9986	250.0602	0
72	37	369.2277	211.6411	0
72	38	219.885	377.9848	0
72	39	555.6289	169.1659	0
72	40	646.2546	196.0577	0
72	41	325.4999	242.6341	0
72	42	288.5499	267.6404	0
72	43	374.5305	234.8314	0
73	1	335.9955	214.3147	0
73	2	582.4421	223.8422	0
73	3	337.4685	197.4354	0
73	4	419.5696	169.7307	0
73	5	157.8099	312.5758	0
73	6	425.049	280.9229	0
73	7	318.5249	263.9688	0
73	8	302.3728	323.0982	0
73	9	607.351	221.1991	0
73	10	218.112	284.25	0
73	11	656.3583	139.7297	0
73	12	588.733	142.7184	0
73	13	378.8474	170.5753	0
73	14	552.3742	210.8673	0
73	15	595.8198	178.4475	0
73	16	427.7982	229.5809	0
73	17	518.9061	193.2613	0
73	18	571.7063	181.7752	0
73	19	244.5522	309.2731	0
73	20	508.6224	274.7058	0
73	21	27.6566	309.5757	0
73	22	84.2778	334.7185	0
73	23	416.5934	210.3919	0
73	24	592.108	164.3283	0
73	25	271.3844	326.7028	0
73	26	523.5182	238.0658	0
73	27	558.524	259.215	0
73	28	68.99544	252.7797	0
73	29	585.0214	129.95	0
73	30	548.5706	134.6886	0
73	31	190.3195	347.914	0
73	32	643.9185	109.0445	0
73	33	633.8326	157.8373	0
73	34	293.4109	202.6714	0
73	35	41.61737	409.1118	0
73	36	276.9986	250.0602	0
73	37	369.2277	211.6411	0
73	38	219.885	377.9848	0
73	39	555.6289	169.1659	0
73	40	646.2546	196.0577	0
73	41	325.4999	242.6341	0
73	42	288.5499	267.6404	0
73	43	374.5305	234.8314	0
74	1	335.9955	214.3147	0
74	2	582.4421	223.8422	0
74	3	337.4685	197.4354	0
74	4	419.5696	169.7307	0
74	5	157.8099	312.5758	0
74	6	425.049	280.9229	0
74	7	318.5249	263.9688	0
74	8	302.3728	323.0982	0
74	9	607.351	221.1991	0
74	10	218.112	284.25	0
74	11	656.3583	139.7297	0
74	12	588.733	142.7184	0
74	13	378.8474	170.5753	0
74	14	552.3742	210.8673	0
74	15	595.8198	178.4475	0
74	16	427.7982	229.5809	0
74	17	518.9061	193.2613	0
74	18	571.7063	181.7752	0
74	19	244.5522	309.2731	0
74	20	507.5617	274.9035	0
74	21	27.6566	309.5757	0
74	22	84.2778	334.7185	0
74	23	416.5934	210.3919	0
74	24	592.108	164.3283	0
74	25	271.3844	326.7028	0
74	26	523.5182	238.0658	0
74	27	558.524	259.215	0
74	28	68.99544	252.7797	0
74	29	585.0214	129.95	0
74	30	548.5706	134.6886	0
74	31	190.3195	347.914	0
74	32	643.9185	109.0445	0
74	33	633.8326	157.8373	0
74	34	293.4109	202.6714	0
74	35	41.61737	409.1118	0
74	36	276.9986	250.0602	0
74	37	369.2277	211.6411	0
74	38	219.885	377.9848	0
74	39	555.6289	169.1659	0
74	40	646.2546	196.0577	0
74	41	325.4999	242.6341	0
74	42	288.5499	267.6404	0
74	43	374.5305	234.8314	0
75	1	335.9955	214.3147	0
75	2	582.4421	223.8422	0
75	3	337.4685	197.4354	0
75	4	419.5696	169.7307	0
75	5	157.8099	312.5758	0
75	6	425.049	280.9229	0
75	7	318.5249	263.9688	0
75	8	302.3728	323.0982	0
75	9	607.351	221.1991	0
75	10	218.112	284.25	0
75	11	656.3583	139.7297	0
75	12	588.733	142.7184	0
75	13	378.8474	170.5753	0
75	14	552.3742	210.8673	0
75	15	595.8198	178.4475	0
75	16	427.7982	229.5809	0
75	17	518.9061	193.2613	0
75	18	571.7063	181.7752	0
75	19	244.5522	309.2731	0
75	20	506.3398	275.132	0
75	21	27.6566	309.5757	0
75	22	84.2778	334.7185	0
75	23	416.5934	210.3919	0
75	24	592.108	164.3283	0
75	25	271.3844	326.7028	0
75	26	523.5182	238.0658	0
75	27	558.524	259.215	0
75	28	68.99544	252.7797	0
75	29	585.0214	129.95	0
75	30	548.5706	134.6886	0
75	31	190.3195	347.914	0
75	32	643.9185	109.0445	0
75	33	633.8326	157.8373	0
75	34	293.4109	202.6714	0
75	35	41.61737	409.1118	0
75	36	276.9986	250.0602	0
75	37	369.2277	211.6411	0
75	38	219.885	377.9848	0
75	39	555.6289	169.1659	0
75	40	646.2546	196.0577	0
75	41	325.4999	242.6341	0
75	42	288.5499	267.6404	0
75	43	374.5305	234.8314	0
76	1	335.9955	214.3147	0
76	2	582.4421	223.8422	0
76	3	337.4685	197.4354	0
76	4	419.5696	169.7307	0
76	5	157.8099	312.5758	0
76	6	425.049	280.9229	0
76	7	318.5249	263.9688	0
76	8	302.3728	323.0982	0
76	9	607.351	221.1991	0
76	10	218.112	284.25	0
76	11	656.3583	139.7297	0
76	12	588.733	142.7184	0
76	13	378.8474	170.5753	0
76	14	552.3742	210.8673	0
76	15	595.8198	178.4475	0
76	16	427.7982	229.5809	0
76	17	518.9061	193.2613	0
76	18	571.7063	181.7752	0
76	19	244.5522	309.2731	0
76	20	504.9792	275.3862	0
76	21	27.6566	309.5757	0
76	22	84.2778	334.7185	0
76	23	416.5934	210.3919	0
76	24	592.108	164.3283	0
76	25	271.3844	326.7028	0
76	26	523.5182	238.0658	0
76	27	558.524	259.215	0
76	28	68.99544	252.7797	0
76	29	585.0214	129.95	0
76	30	548.5706	134.6886	0
76	31	190.3195	347.914	0
76	32	643.9185	109.0445	0
76	33	633.8326	157.8373	0
76	34	293.4109	202.6714	0
76	35	41.61737	409.1118	0
76	36	276.9986	250.0602	0
76	37	369.2277	211.6411	0
76	38	219.885	377.9848	0
76	39	555.6289	169.1659	0
76	40	646.2546	196.0577	0
76	41	325.4999	242.6341	0
76	42	288.5499	267.6404	0
76	43	374.5305	234.8314	0
77	1	335.9955	214.3147	0
77	2	582.4421	223.8422	0
77	3	337.4685	197.4354	0
77	4	419.5696	169.7307	0
77	5	157.8099	312.5758	0
77	6	425.049	280.9229	0
77	7	318.5249	263.9688	0
77	8	302.3728	323.0982	0
77	9	607.351	221.1991	0
77	10	218.112	284.25	0
77	11	656.3583	139.7297	0
77	12	588.733	142.7184	0
77	13	378.8474	170.5753	0
77	14	552.3742	210.8673	0
77	15	595.8198	178.4475	0
77	16	427.7982	229.5809	0
77	17	518.9061	193.2613	0
77	18	571.7063	181.7752	0
77	19	244.5522	309.2731	0
77	20	503.4993	275.6613	0
77	21	27.6566	309.5757	0
77	22	84.2778	334.7185	0
77	23	416.5934	210.3919	0
77	24	592.108	164.3283	0
77	25	271.3844	326.7028	0
77	26	523.5182	238.0658	0
77	27	558.524	259.215	0
77	28	68.99544	252.7797	0
77	29	585.0214	129.95	0
77	30	548.5706	134.6886	0
77	31	190.3195	347.914	0
77	32	643.9185	109.0445	0
77	33	633.8326	157.8373	0
77	34	293.4109	202.6714	0
77	35	41.61737	409.1118	0
77	36	276.9986	250.0602	0
77	37	369.2277	211.6411	0
77	38	219.885	377.9848	0
77	39	555.6289	169.1659	0
77	40	646.2546	196.0577	0
77	41	325.4999	242.6341	0
77	42	288.5499	267.6404	0
77	43	374.5305	234.8314	0
78	1	335.9955	214.3147	0
78	2	582.4421	223.8422	0
78	3	337.4685	197.4354	0
78	4	419.5696	169.7307	0
78	5	157.8099	312.5758	0
78	6	425.049	280.9229	0
78	7	318.5249	263.9688	0
78	8	302.3728	323.0982	0
78	9	607.351	221.1991	0
78	10	218.112	284.25	0
78	11	656.3583	139.7297	0
78	12	588.733	142.7184	0
78	13	378.8474	170.5753	0
78	14	552.3742	210.8673	0
78	15	595.8198	178.4475	0
78	16	427.7982	229.5809	0
78	17	518.9061	193.2613	0
78	18	571.7063	181.7752	0
78	19	244.5522	309.2731	0
78	20	501.9177	275.9534	0
78	21	27.6566	309.5757	0
78	22	84.2778	334.7185	0
78	23	416.5934	210.3919	0
78	24	592.108	164.3283	0
78	25	271.3844	326.7028	0
78	26	523.5182	238.0658	0
78	27	558.524	259.215	0
78	28	68.99544	252.7797	0
78	29	585.0214	129.95	0
78	30	548.5706	134.6886	0
78	31	190.3195	347.914	0
78	32	643.9185	109.0445	0
78	33	633.8326	157.8373	0
78	34	293.4109	202.6714	0
78	35	41.61737	409.1118	0
78	36	276.9986	250.0602	0
78	37	369.2277	211.6411	0
78	38	219.885	377.9848	0
78	39	555.6289	169.1659	0
78	40	646.2546	196.0577	0
78	41	325.4999	242.6341	0
78	42	288.5499	267.6404	0
78	43	374.5305	234.8314	0
79	1	335.9955	214.3147	0
79	2	582.4421	223.8422	0
79	3	337.4685	197.4354	0
79	4	419.5696	169.7307	0
79	5	157.8099	312.5758	0
79	6	425.049	280.9229	0
79	7	318.5249	263.9688	0
79	8	302.3728	323.0982	0
79	9	607.351	221.1991	0
79	10	218.112	284.25	0
79	11	656.3583	139.7297	0
79	12	588.733	142.7184	0
79	13	378.8474	170.5753	0
79	14	552.3742	210.8673	0
79	15	595.8198	178.4475	0
79	16	427.7982	229.5809	0
79	17	518.9061	193.2613	0
79	18	571.7063	181.7752	0
79	19	244.5522	309.2731	0
79	20	500.25	276.2591	0
79	21	27.6566	309.5757	0
79	22	84.2778	334.7185	0
79	23	416.5934	210.3919	0
79	24	592.108	164.3283	0
79	25	271.3844	326.7028	0
79	26	523.5182	238.0658	0
79	27	558.524	259.215	0
79	28	68.99544	252.7797	0
79	29	585.0214	129.95	0
79	30	548.5706	134.6886	0
79	31	190.3195	347.914	0
79	32	643.9185	109.0445	0
79	33	633.8326	157.8373	0
79	34	293.4109	202.6714	0
79	35	41.61737	409.1118	0
79	36	276.9986	250.0602	0
79	37	369.2277	211.6411	0
79	38	219.885	377.9848	0
79	39	555.6289	169.1659	0
79	40	646.2546	196.0577	0
79	41	325.4999	242.6341	0
79	42	288.5499	267.6404	0
79	43	374.5305	234.8314	0
80	1	335.9955	214.3147	0
80	2	582.4421	223.8422	0
80	3	337.4685	197.4354	0
80	4	419.5696	169.7307	0
80	5	157.8099	312.5758	0
80	6	425.049	280.9229	0
80	7	318.5249	263.9688	0
80	8	302.3728	323.0982	0
80	9	607.351	221.1991	0
80	10	218.112	284.25	0
80	11	656.3583	139.7297	0
80	12	588.733	142.7184	0
80	13	378.8474	170.5753	0
80	14	552.3742	210.8673	0
80	15	595.8198	178.4475	0
80	16	427.7982	229.5809	0
80	17	518.9061	193.2613	0
80	18	571.7063	181.7752	0
80	19	244.5522	309.2731	0
80	20	367.3528	287.5861	0
80	21	27.6566	309.5757	0
80	22	84.2778	334.7185	0
80	23	416.5934	210.3919	0
80	24	592.108	164.3283	0
80	25	271.3844	326.7028	0
80	26	523.5182	238.0658	0
80	27	558.524	259.215	0
80	28	68.99544	252.7797	0
80	29	585.0214	129.95	0
80	30	548.5706	134.6886	0
80	31	190.3195	347.914	0
80	32	643.9185	109.0445	0
80	33	633.8326	157.8373	0
80	34	293.4109	202.6714	0
80	35	41.61737	409.1118	0
80	36	276.9986	250.0602	0
80	37	369.2277	211.6411	0
80	38	219.885	377.9848	0
80	39	555.6289	169.1659	0
80	40	646.2546	196.0577	0
80	41	325.4999	242.6341	0
80	42	288.5499	267.6404	0
80	43	374.5305	234.8314	0
81	1	335.9955	214.3147	0
81	2	582.4421	223.8422	0
81	3	337.4685	197.4354	0
81	4	419.5696	169.7307	0
81	5	157.8099	312.5758	0
81	6	425.049	280.9229	0
81	7	318.5249	263.9688	0
81	8	302.3728	323.0982	0
81	9	607.351	221.1991	0
81	10	218.112	284.25	0
81	11	656.3583	139.7297	0
81	12	588.733	142.7184	0
81	13	378.8474	170.5753	0
81	14	552.3742	210.8673	0
81	15	595.8198	178.4475	0
81	16	427.7982	229.5809	0
81	17	518.9061	193.2613	0
81	18	571.7063	181.7752	0
81	19	244.5522	309.2731	0
81	20	367.3528	287.5861	0
81	21	27.6566	309.5757	0
81	22	84.2778	334.7185	0
81	23	416.5934	210.3919	0
81	24	592.108	164.3283	0
81	25	271.3844	326.7028	0
81	26	523.5182	238.0658	0
81	27	558.524	259.215	0
81	28	68.99544	252.7797	0
81	29	585.0214	129.95	0
81	30	548.5706	134.6886	0
81	31	190.3195	347.914	0
81	32	643.9185	109.0445	0
81	33	633.8326	157.8373	0
81	34	293.4109	202.6714	0
81	35	41.61737	409.1118	0
81	36	276.9986	250.0602	0
81	37	369.2277	211.6411	0
81	38	219.885	377.9848	0
81	39	555.6289	169.1659	0
81	40	646.2546	196.0577	0
81	41	325.4999	242.6341	0
81	42	288.5499	267.6404	0
81	43	374.5305	234.8314	0
82	1	335.9955	214.3147	0
82	2	582.4421	223.8422	0
82	3	337.4685	197.4354	0
82	4	419.5696	169.7307	0
82	5	157.8099	312.5758	0
82	6	425.049	280.9229	0
82	7	318.5249	263.9688	0
82	8	302.3728	323.0982	0
82	9	607.351	221.1991	0
82	10	218.112	284.25	0
82	11	656.3583	139.7297	0
82	12	588.733	142.7184	0
82	13	378.8474	170.5753	0
82	14	552.3742	210.8673	0
82	15	595.8198	178.4475	0
82	16	427.7982	229.5809	0
82	17	518.9061	193.2613	0
82	18	571.7063	181.7752	0
82	19	244.5522	309.2731	0
82	20	367.3528	287.5861	0
82	21	27.6566	309.5757	0
82	22	84.2778	334.7185	0
82	23	416.5934	210.3919	0
82	24	592.108	164.3283	0
82	25	271.3844	326.7028	0
82	26	523.5182	238.0658	0
82	27	558.524	259.215	0
82	28	68.99544	252.7797	0
82	29	585.0214	129.95	0
82	30	548.5706	134.6886	0
82	31	190.3195	347.914	0
82	32	643.9185	109.0445	0
82	33	633.8326	157.8373	0
82	34	293.4109	202.6714	0
82	35	41.61737	409.1118	0
82	36	276.9986	250.0602	0
82	37	369.2277	211.6411	0
82	38	219.885	377.9848	0
82	39	555.6289	169.1659	0
82	40	646.2546	196.0577	0
82	41	325.4999	242.6341	0
82	42	288.5499	267.6404	0
82	43	374.5305	234.8314	0
83	1	335.9955	214.3147	0
83	2	582.4421	223.8422	0
83	3	337.4685	197.4354	0
83	4	419.5696	169.7307	0
83	5	157.8099	312.5758	0
83	6	425.049	280.9229	0
83	7	318.5249	263.9688	0
83	8	302.3728	323.0982	0
83	9	607.351	221.1991	0
83	10	218.112	284.25	0
83	11	656.3583	139.7297	0
83	12	588.733	142.7184	0
83	13	378.8474	170.5753	0
83	14	552.3742	210.8673	0
83	15	595.8198	178.4475	0
83	16	427.7982	229.5809	0
83	17	518.9061	193.2613	0
83	18	571.7063	181.7752	0
83	19	244.5522	309.2731	0
83	20	367.3528	287.5861	0
83	21	27.6566	309.5757	0
83	22	84.2778	334.7185	0
83	23	416.5934	210.3919	0
83	24	592.108	164.3283	0
83	25	271.3844	326.7028	0
83	26	523.5182	238.0658	0
83	27	558.524	259.215	0
83	28	68.99544	252.7797	0
83	29	585.0214	129.95	0
83	30	548.5706	134.6886	0
83	31	190.3195	347.914	0
83	32	643.9185	109.0445	0
83	33	633.8326	157.8373	0
83	34	293.4109	202.6714	0
83	35	41.61737	409.1118	0
83	36	276.9986	250.0602	0
83	37	369.2277	211.6411	0
83	38	219.885	377.9848	0
83	39	555.6289	169.1659	0
83	40	646.2546	196.0577	0
83	41	325.4999	242.6341	0
83	42	288.5499	267.6404	0
83	43	374.5305	234.8314	0
84	1	335.9955	214.3147	0
84	2	582.4421	223.8422	0
84	3	337.4685	197.4354	0
84	4	419.5696	169.7307	0
84	5	157.8099	312.5758	0
84	6	425.049	280.9229	0
84	7	318.5249	263.9688	0
84	8	302.3728	323.0982	0
84	9	607.351	221.1991	0
84	10	218.112	284.25	0
84	11	656.3583	139.7297	0
84	12	588.733	142.7184	0
84	13	378.8474	170.5753	0
84	14	552.3742	210.8673	0
84	15	595.8198	178.4475	0
84	16	427.7982	229.5809	0
84	17	518.9061	193.2613	0
84	18	571.7063	181.7752	0
84	19	244.5522	309.2731	0
84	20	367.3528	287.5861	0
84	21	27.6566	309.5757	0
84	22	84.2778	334.7185	0
84	23	416.5934	210.3919	0
84	24	592.108	164.3283	0
84	25	271.3844	326.7028	0
84	26	523.5182	238.0658	0
84	27	558.524	259.215	0
84	28	68.99544	252.7797	0
84	29	585.0214	129.95	0
84	30	548.5706	134.6886	0
84	31	190.3195	347.914	0
84	32	643.9185	109.0445	0
84	33	633.8326	157.8373	0
84	34	293.4109	202.6714	0
84	35	41.61737	409.1118	0
84	36	276.9986	250.0602	0
84	37	369.2277	211.6411	0
84	38	219.885	377.9848	0
84	39	555.6289	169.1659	0
84	40	646.2546	196.0577	0
84	41	325.4999	242.6341	0
84	42	288.5499	267.6404	0
84	43	374.5305	234.8314	0
85	1	335.9955	214.3147	0
85	2	582.4421	223.8422	0
85	3	337.4685	197.4354	0
85	4	419.5696	169.7307	0
85	5	157.8099	312.5758	0
85	6	425.049	280.9229	0
85	7	318.5249	263.9688	0
85	8	302.3728	323.0982	0
85	9	607.351	221.1991	0
85	10	218.112	284.25	0
85	11	656.3583	139.7297	0
85	12	588.733	142.7184	0
85	13	378.8474	170.5753	0
85	14	552.3742	210.8673	0
85	15	595.8198	178.4475	0
85	16	427.7982	229.5809	0
85	17	518.9061	193.2613	0
85	18	571.7063	181.7752	0
85	19	244.5522	309.2731	0
85	20	367.3528	287.5861	0
85	21	27.6566	309.5757	0
85	22	84.2778	334.7185	0
85	23	416.5934	210.3919	0
85	24	592.108	164.3283	0
85	25	271.3844	326.7028	0
85	26	523.5182	238.0658	0
85	27	558.524	259.215	0
85	28	68.99544	252.7797	0
85	29	585.0214	129.95	0
85	30	548.5706	134.6886	0
85	31	190.3195	347.914	0
85	32	643.9185	109.0445	0
85	33	633.8326	157.8373	0
85	34	293.4109	202.6714	0
85	35	41.61737	409.1118	0
85	36	276.9986	250.0602	0
85	37	369.2277	211.6411	0
85	38	219.885	377.9848	0
85	39	555.6289	169.1659	0
85	40	646.2546	196.0577	0
85	41	325.4999	242.6341	0
85	42	288.5499	267.6404	0
85	43	374.5305	234.8314	0
86	1	335.9955	214.3147	0
86	2	582.4421	223.8422	0
86	3	337.4685	197.4354	0
86	4	419.5696	169.7307	0
86	5	157.8099	312.5758	0
86	6	425.049	280.9229	0
86	7	318.5249	263.9688	0
86	8	302.3728	323.0982	0
86	9	607.351	221.1991	0
86	10	218.112	284.25	0
86	11	656.3583	139.7297	0
86	12	588.733	142.7184	0
86	13	378.8474	170.5753	0
86	14	552.3742	210.8673	0
86	15	595.8198	178.4475	0
86	16	427.7982	229.5809	0
86	17	518.9061	193.2613	0
86	18	571.7063	181.7752	0
86	19	244.5522	309.2731	0
86	20	367.3528	287.5861	0
86	21	27.6566	309.5757	0
86	22	84.2778	334.7185	0
86	23	416.5934	210.3919	0
86	24	592.108	164.3283	0
86	25	271.3844	326.7028	0
86	26	523.5182	238.0658	0
86	27	558.524	259.215	0
86	28	68.99544	252.7797	0
86	29	585.0214	129.95	0
86	30	548.5706	134.6886	0
86	31	190.3195	347.914	0
86	32	643.9185	109.0445	0
86	33	633.8326	157.8373	0
86	34	293.4109	202.6714	0
86	35	41.61737	409.1118	0
86	36	276.9986	250.0602	0
86	37	369.2277	211.6411	0
86	38	219.885	377.9848	0
86	39	555.6289	169.1659	0
86	40	646.2546	196.0577	0
86	41	325.4999	242.6341	0
86	42	288.5499	267.6404	0
86	43	374.5305	234.8314	0
87	1	335.9955	214.3147	0
87	2	582.4421	223.8422	0
87	3	337.4685	197.4354	0
87	4	419.5696	169.7307	0
87	5	157.8099	312.5758	0
87	6	425.049	280.9229	0
87	7	318.5249	263.9688	0
87	8	302.3728	323.0982	0
87	9	607.351	221.1991	0
87	10	218.112	284.25	0
87	11	656.3583	139.7297	0
87	12	588.733	142.7184	0
87	13	378.8474	170.5753	0
87	14	552.3742	210.8673	0
87	15	595.8198	178.4475	0
87	16	427.7982	229.5809	0
87	17	518.9061	193.2613	0
87	18	571.7063	181.7752	0
87	19	244.5522	309.2731	0
87	20	367.3528	287.5861	0
87	21	27.6566	309.5757	0
87	22	84.2778	334.7185	0
87	23	416.5934	210.3919	0
87	24	592.108	164.3283	0
87	25	271.3844	326.7028	0
87	26	523.5182	238.0658	0
87	27	558.524	259.215	0
87	28	68.99544	252.7797	0
87	29	585.0214	129.95	0
87	30	548.5706	134.6886	0
87	31	190.3195	347.914	0
87	32	643.9185	109.0445	0
87	33	633.8326	157.8373	0
87	34	293.4109	202.6714	0
87	35	41.61737	409.1118	0
87	36	276.9986	250.0602	0
87	37	369.2277	211.6411	0
87	38	219.885	377.9848	0
87	39	555.6289	169.1659	0
87	40	646.2546	196.0577	0
87	41	325.4999	242.6341	0
87	42	288.5499	267.6404	0
87	43	374.5305	234.8314	0
88	1	335.9955	214.3147	0
88	2	582.4421	223.8422	0
88	3	337.4685	197.4354	0
88	4	419.5696	169.7307	0
88	5	157.8099	312.5758	0
88	6	425.049	280.9229	0
88	7	318.5249	263.9688	0
88	8	302.3728	323.0982	0
88	9	607.351	221.1991	0
88	10	218.112	284.25	0
88	11	656.3583	139.7297	0
88	12	588.733	142.7184	0
88	13	378.8474	170.5753	0
88	14	552.3742	210.8673	0
88	15	595.8198	178.4475	0
88	16	427.7982	229.5809	0
88	17	518.9061	193.2613	0
88	18	571.7063	181.7752	0
88	19	244.5522	309.2731	0
88	20	367.3528	287.5861	0
88	21	27.6566	309.5757	0
88	22	84.2778	334.7185	0
88	23	416.5934	210.3919	0
88	24	592.108	164.3283	0
88	25	271.3844	326.7028	0
88	26	523.5182	238.0658	0
88	27	558.524	259.215	0
88	28	68.99544	252.7797	0
88	29	585.0214	129.95	0
88	30	548.5706	134.6886	0
88	31	190.3195	347.914	0
88	32	643.9185	109.0445	0
88	33	633.8326	157.8373	0
88	34	293.4109	202.6714	0
88	35	41.61737	409.1118	0
88	36	276.9986	250.0602	0
88	37	369.2277	211.6411	0
88	38	219.885	377.9848	0
88	39	555.6289	169.1659	0
88	40	646.2546	196.0577	0
88	41	325.4999	242.6341	0
88	42	288.5499	267.6404	0
88	43	374.5305	234.8314	0
89	1	335.9955	214.3147	0
89	2	582.4421	223.8422	0
89	3	337.4685	197.4354	0
89	4	419.5696	169.7307	0
89	5	157.8099	312.5758	0
89	6	425.049	280.9229	0
89	7	318.5249	263.9688	0
89	8	302.3728	323.0982	0
89	9	607.351	221.1991	0
89	10	218.112	284.25	0
89	11	656.3583	139.7297	0
89	12	588.733	142.7184	0
89	13	378.8474	170.5753	0
89	14	552.3742	210.8673	0
89	15	595.8198	178.4475	0
89	16	427.7982	229.5809	0
89	17	518.9061	193.2613	0
89	18	571.7063	181.7752	0
89	19	244.5522	309.2731	0
89	20	367.3528	287.5861	0
89	21	27.6566	309.5757	0
89	22	84.2778	334.7185	0
89	23	416.5934	210.3919	0
89	24	592.108	164.3283	0
89	25	271.3844	326.7028	0
89	26	523.5182	238.0658	0
89	27	558.524	259.215	0
89	28	68.99544	252.7797	0
89	29	585.0214	129.95	0
89	30	548.5706	134.6886	0
89	31	190.3195	347.914	0
89	32	643.9185	109.0445	0
89	33	633.8326	157.8373	0
89	34	293.4109	202.6714	0
89	35	41.61737	409.1118	0
89	36	276.9986	250.0602	0
89	37	369.2277	211.6411	0
89	38	219.885	377.9848	0
89	39	555.6289	169.1659	0
89	40	646.2546	196.0577	0
89	41	325.4999	242.6341	0
89	42	288.5499	267.6404	0
89	43	374.5305	234.8314	0
90	1	335.9955	214.3147	0
90	2	582.4421	223.8422	0
90	3	337.4685	197.4354	0
90	4	419.5696	169.7307	0
90	5	157.8099	312.5758	0
90	6	425.049	280.9229	0
90	7	318.5249	263.9688	0
90	8	302.3728	323.0982	0
90	9	607.351	221.1991	0
90	10	218.112	284.25	0
90	11	656.3583	139.7297	0
90	12	588.733	142.7184	0
90	13	378.8474	170.5753	0
90	14	552.3742	210.8673	0
90	15	595.8198	178.4475	0
90	16	427.7982	229.5809	0
90	17	518.9061	193.2613	0
90	18	571.7063	181.7752	0
90	19	244.5522	309.2731	0
90	20	367.3528	287.5861	0
90	21	27.6566	309.5757	0
90	22	84.2778	334.7185	0
90	23	416.5934	210.3919	0
90	24	592.108	164.3283	0
90	25	271.3844	326.7028	0
90	26	523.5182	238.0658	0
90	27	558.524	259.215	0
90	28	68.99544	252.7797	0
90	29	585.0214	129.95	0
90	30	548.5706	134.6886	0
90	31	190.3195	347.914	0
90	32	643.9185	109.0445	0
90	33	633.8326	157.8373	0
90	34	293.4109	202.6714	0
90	35	41.61737	409.1118	0
90	36	276.9986	250.0602	0
90	37	369.2277	211.6411	0
90	38	219.885	377.9848	0
90	39	555.6289	169.1659	0
90	40	646.2546	196.0577	0
90	41	325.4999	242.6341	0
90	42	288.5499	267.6404	0
90	43	374.5305	234.8314	0
91	1	335.9955	214.3147	0
91	2	582.4421	223.8422	0
91	3	337.4685	197.4354	0
91	4	419.5696	169.7307	0
91	5	157.8099	312.5758	0
91	6	425.049	280.9229	0
91	7	318.5249	263.9688	0
91	8	302.3728	323.0982	0
91	9	607.351	221.1991	0
91	10	218.112	284.25	0
91	11	656.3583	139.7297	0
91	12	588.733	142.7184	0
91	13	378.8474	170.5753	0
91	14	552.3742	210.8673	0
91	15	595.8198	178.4475	0
91	16	427.7982	229.5809	0
91	17	518.9061	193.2613	0
91	18	571.7063	181.7752	0
91	19	244.5522	309.2731	0
91	20	367.3528	287.5861	0
91	21	27.6566	309.5757	0
91	22	84.2778	334.7185	0
91	23	416.5934	210.3919	0
91	24	592.108	164.3283	0
91	25	271.3844	326.7028	0
91	26	523.5182	238.0658	0
91	27	558.524	259.215	0
91	28	68.99544	252.7797	0
91	29	585.0214	129.95	0
91	30	548.5706	134.6886	0
91	31	190.3195	347.914	0
91	32	643.9185	109.0445	0
91	33	633.8326	157.8373	0
91	34	293.4109	202.6714	0
91	35	41.61737	409.1118	0
91	36	276.9986	250.0602	0
91	37	369.2277	211.6411	0
91	38	219.885	377.9848	0
91	39	555.6289	169.1659	0
91	40	646.2546	196.0577	0
91	41	325.4999	242.6341	0
91	42	288.5499	267.6404	0
91	43	374.5305	234.8314	0
92	1	335.9955	214.3147	0
92	2	582.4421	223.8422	0
92	3	337.4685	197.4354	0
92	4	419.5696	169.7307	0
92	5	157.8099	312.5758	0
92	6	425.049	280.9229	0
92	7	318.5249	263.9688	0
92	8	302.3728	323.0982	0
92	9	607.351	221.1991	0
92	10	218.112	284.25	0
92	11	656.3583	139.7297	0
92	12	588.733	142.7184	0
92	13	378.8474	170.5753	0
92	14	552.3742	210.8673	0
92	15	595.8198	178.4475	0
92	16	427.7982	229.5809	0
92	17	518.9061	193.2613	0
92	18	571.7063	181.7752	0
92	19	244.5522	309.2731	0
92	20	367.3528	287.5861	0
92	21	27.6566	309.5757	0
92	22	84.2778	334.7185	0
92	23	416.5934	210.3919	0
92	24	592.108	164.3283	0
92	25	271.3844	326.7028	0
92	26	523.5182	238.0658	0
92	27	558.524	259.215	0
92	28	68.99544	252.7797	0
92	29	585.0214	129.95	0
92	30	548.5706	134.6886	0
92	31	190.3195	347.914	0
92	32	643.9185	109.0445	0
92	33	633.8326	157.8373	0
92	34	293.4109	202.6714	0
92	35	41.61737	409.1118	0
92	36	276.9986	250.0602	0
92	37	369.2277	211.6411	0
92	38	219.885	377.9848	0
92	39	555.6289	169.1659	0
92	40	646.2546	196.0577	0
92	41	325.4999	242.6341	0
92	42	288.5499	267.6404	0
92	43	374.5305	234.8314	0
93	1	335.9955	214.3147	0
93	2	582.4421	223.8422	0
93	3	337.4685	197.4354	0
93	4	419.5696	169.7307	0
93	5	157.8099	312.5758	0
93	6	425.049	280.9229	0
93	7	318.5249	263.9688	0
93	8	302.3728	323.0982	0
93	9	607.351	221.1991	0
93	10	218.112	284.25	0
93	11	656.3583	139.7297	0
93	12	588.733	142.7184	0
93	13	378.8474	170.5753	0
93	14	552.3742	210.8673	0
93	15	595.8198	178.4475	0
93	16	427.7982	229.5809	0
93	17	518.9061	193.2613	0
93	18	571.7063	181.7752	0
93	19	244.5522	309.2731	0
93	20	367.3528	287.5861	0
93	21	27.6566	309.5757	0
93	22	84.2778	334.7185	0
93	23	416.5934	210.3919	0
93	24	592.108	164.3283	0
93	25	271.3844	326.7028	0
93	26	523.5182	238.0658	0
93	27	558.524	259.215	0
93	28	68.99544	252.7797	0
93	29	585.0214	129.95	0
93	30	548.5706	134.6886	0
93	31	190.3195	347.914	0
93	32	643.9185	109.0445	0
93	33	633.8326	157.8373	0
93	34	293.4109	202.6714	0
93	35	41.61737	409.1118	0
93	36	276.9986	250.0602	0
93	37	369.2277	211.6411	0
93	38	219.885	377.9848	0
93	39	555.6289	169.1659	0
93	40	646.2546	196.0577	0
93	41	325.4999	242.6341	0
93	42	288.5499	267.6404	0
93	43	374.5305	234.8314	0
94	1	335.9955	214.3147	0
94	2	582.4421	223.8422	0
94	3	337.4685	197.4354	0
94	4	419.5696	169.7307	0
94	5	157.8099	312.5758	0
94	6	425.049	280.9229	0
94	7	318.5249	263.9688	0
94	8	302.3728	323.0982	0
94	9	607.351	221.1991	0
94	10	218.112	284.25	0
94	11	656.3583	139.7297	0
94	12	588.733	142.7184	0
94	13	378.8474	170.5753	0
94	14	552.3742	210.8673	0
94	15	595.8198	178.4475	0
94	16	427.7982	229.5809	0
94	17	518.9061	193.2613	0
94	18	571.7063	181.7752	0
94	19	244.5522	309.2731	0
94	20	367.3528	287.5861	0
94	21	27.6566	309.5757	0
94	22	84.2778	334.7185	0
94	23	416.5934	210.3919	0
94	24	592.108	164.3283	0
94	25	271.3844	326.7028	0
94	26	523.5182	238.0658	0
94	27	558.524	259.215	0
94	28	68.99544	252.7797	0
94	29	585.0214	129.95	0
94	30	548.5706	134.6886	0
94	31	190.3195	347.914	0
94	32	643.9185	109.0445	0
94	33	633.8326	157.8373	0
94	34	293.4109	202.6714	0
94	35	41.61737	409.1118	0
94	36	276.9986	250.0602	0
94	37	369.2277	211.6411	0
94	38	219.885	377.9848	0
94	39	555.6289	169.1659	0
94	40	646.2546	196.0577	0
94	41	325.4999	242.6341	0
94	42	288.5499	267.6404	0
94	43	374.5305	234.8314	0
63	1	336.0703	213.9207	0
63	2	581.498	224.1042	0
63	3	335.8046	197.1134	0
63	4	420.5604	170.1359	0
63	5	156.5425	312.6915	0
63	6	424.2305	280.5686	0
63	7	318.165	262.8366	0
63	8	303.7436	323.2409	0
63	9	606.5087	221.3879	0
63	10	218.9331	284.3007	0
63	11	656.7235	140.0215	0
63	12	589.9969	142.1261	0
63	13	376.699	170.4839	0
63	14	551.9693	210.2029	0
63	15	596.8566	178.5512	0
63	16	427.7104	229.4179	0
63	17	518.1592	193.806	0
63	18	572.8574	181.4367	0
63	19	244.3102	309.0193	0
63	20	366.5569	287.6548	0
63	21	29.62266	309.2412	0
63	22	83.67355	335.6976	0
63	23	415.732	210.7606	0
63	24	592.1778	163.9236	0
63	25	270.4831	326.3524	0
63	26	523.0624	238.9082	0
63	27	558.9044	258.6127	0
63	28	68.75343	252.5831	0
63	29	584.8064	129.9462	0
63	30	547.3962	133.9619	0
63	31	190.5708	348.306	0
63	32	645.0959	109.6242	0
63	33	632.5043	157.4977	0
63	34	292.9323	202.7034	0
63	35	38.25146	410.3719	0
63	36	276.2101	250.1983	0
63	37	371.1371	210.8265	0
63	38	221.0951	376.9146	0
63	39	554.4235	168.8166	0
63	40	646.9503	196.8846	0
63	41	325.4056	244.0599	0
63	42	289.5343	266.1161	0
63	43	374.8956	235.1325	0
64	1	336.0703	213.9207	0
64	2	581.498	224.1042	0
64	3	335.8046	197.1134	0
64	4	420.5604	170.1359	0
64	5	156.5425	312.6915	0
64	6	424.2305	280.5686	0
64	7	318.165	262.8366	0
64	8	303.7436	323.2409	0
64	9	606.5087	221.3879	0
64	10	218.9331	284.3007	0
64	11	656.7235	140.0215	0
64	12	589.9969	142.1261	0
64	13	376.699	170.4839	0
64	14	551.9693	210.2029	0
64	15	596.8566	178.5512	0
64	16	427.7104	229.4179	0
64	17	518.1592	193.806	0
64	18	572.8574	181.4367	0
64	19	244.3102	309.0193	0
64	20	366.5569	287.6548	0
64	21	29.62266	309.2412	0
64	22	83.67355	335.6976	0
64	23	415.732	210.7606	0
64	24	592.1778	163.9236	0
64	25	270.4831	326.3524	0
64	26	523.0624	238.9082	0
64	27	558.9044	258.6127	0
64	28	68.75343	252.5831	0
64	29	584.8064	129.9462	0
64	30	547.3962	133.9619	0
64	31	190.5708	348.306	0
64	32	645.0959	109.6242	0
64	33	632.5043	157.4977	0
64	34	292.9323	202.7034	0
64	35	38.25146	410.3719	0
64	36	276.2101	250.1983	0
64	37	371.1371	210.8265	0
64	38	221.0951	376.9146	0
64	39	554.4235	168.8166	0
64	40	646.9503	196.8846	0
64	41	325.4056	244.0599	0
64	42	289.5343	266.1161	0
64	43	374.8956	235.1325	0
65	1	336.0703	213.9207	0
65	2	581.498	224.1042	0
65	3	335.8046	197.1134	0
65	4	420.5604	170.1359	0
65	5	156.5425	312.6915	0
65	6	424.2305	280.5686	0
65	7	318.165	262.8366	0
65	8	303.7436	323.2409	0
65	9	606.5087	221.3879	0
65	10	218.9331	284.3007	0
65	11	656.7235	140.0215	0
65	12	589.9969	142.1261	0
65	13	376.699	170.4839	0
65	14	551.9693	210.2029	0
65	15	596.8566	178.5512	0
65	16	427.7104	229.4179	0
65	17	518.1592	193.806	0
65	18	572.8574	181.4367	0
65	19	244.3102	309.0193	0
65	20	366.5569	287.6548	0
65	21	29.62266	309.2412	0
65	22	83.67355	335.6976	0
65	23	415.732	210.7606	0
65	24	592.1778	163.9236	0
65	25	270.4831	326.3524	0
65	26	523.0624	238.9082	0
65	27	558.9044	258.6127	0
65	28	68.75343	252.5831	0
65	29	584.8064	129.9462	0
65	30	547.3962	133.9619	0
65	31	190.5708	348.306	0
65	32	645.0959	109.6242	0
65	33	632.5043	157.4977	0
65	34	292.9323	202.7034	0
65	35	38.25146	410.3719	0
65	36	276.2101	250.1983	0
65	37	371.1371	210.8265	0
65	38	221.0951	376.9146	0
65	39	554.4235	168.8166	0
65	40	646.9503	196.8846	0
65	41	325.4056	244.0599	0
65	42	289.5343	266.1161	0
65	43	374.8956	235.1325	0
66	1	336.0703	213.9207	0
66	2	581.498	224.1042	0
66	3	335.8046	197.1134	0
66	4	420.5604	170.1359	0
66	5	156.5425	312.6915	0
66	6	424.2305	280.5686	0
66	7	318.165	262.8366	0
66	8	303.7436	323.2409	0
66	9	606.5087	221.3879	0
66	10	218.9331	284.3007	0
66	11	656.7235	140.0215	0
66	12	589.9969	142.1261	0
66	13	376.699	170.4839	0
66	14	551.9693	210.2029	0
66	15	596.8566	178.5512	0
66	16	427.7104	229.4179	0
66	17	518.1592	193.806	0
66	18	572.8574	181.4367	0
66	19	244.3102	309.0193	0
66	20	366.5569	287.6548	0
66	21	29.62266	309.2412	0
66	22	83.67355	335.6976	0
66	23	415.732	210.7606	0
66	24	592.1778	163.9236	0
66	25	270.4831	326.3524	0
66	26	523.0624	238.9082	0
66	27	558.9044	258.6127	0
66	28	68.75343	252.5831	0
66	29	584.8064	129.9462	0
66	30	547.3962	133.9619	0
66	31	190.5708	348.306	0
66	32	645.0959	109.6242	0
66	33	632.5043	157.4977	0
66	34	292.9323	202.7034	0
66	35	38.25146	410.3719	0
66	36	276.2101	250.1983	0
66	37	371.1371	210.8265	0
66	38	221.0951	376.9146	0
66	39	554.4235	168.8166	0
66	40	646.9503	196.8846	0
66	41	325.4056	244.0599	0
66	42	289.5343	266.1161	0
66	43	374.8956	235.1325	0
67	1	336.0703	213.9207	0
67	2	581.498	224.1042	0
67	3	335.8046	197.1134	0
67	4	420.5604	170.1359	0
67	5	156.5425	312.6915	0
67	6	424.2305	280.5686	0
67	7	318.165	262.8366	0
67	8	303.7436	323.2409	0
67	9	606.5087	221.3879	0
67	10	218.9331	284.3007	0
67	11	656.7235	140.0215	0
67	12	589.9969	142.1261	0
67	13	376.699	170.4839	0
67	14	551.9693	210.2029	0
67	15	596.8566	178.5512	0
67	16	427.7104	229.4179	0
67	17	518.1592	193.806	0
67	18	572.8574	181.4367	0
67	19	244.3102	309.0193	0
67	20	366.5569	287.6548	0
67	21	29.62266	309.2412	0
67	22	83.67355	335.6976	0
67	23	415.732	210.7606	0
67	24	592.1778	163.9236	0
67	25	270.4831	326.3524	0
67	26	523.0624	238.9082	0
67	27	558.9044	258.6127	0
67	28	68.75343	252.5831	0
67	29	584.8064	129.9462	0
67	30	547.3962	133.9619	0
67	31	190.5708	348.306	0
67	32	645.0959	109.6242	0
67	33	632.5043	157.4977	0
67	34	292.9323	202.7034	0
67	35	38.25146	410.3719	0
67	36	276.2101	250.1983	0
67	37	371.1371	210.8265	0
67	38	221.0951	376.9146	0
67	39	554.4235	168.8166	0
67	40	646.9503	196.8846	0
67	41	325.4056	244.0599	0
67	42	289.5343	266.1161	0
67	43	374.8956	235.1325	0
68	1	336.0703	213.9207	0
68	2	581.498	224.1042	0
68	3	335.8046	197.1134	0
68	4	420.5604	170.1359	0
68	5	156.5425	312.6915	0
68	6	424.2305	280.5686	0
68	7	318.165	262.8366	0
68	8	303.7436	323.2409	0
68	9	606.5087	221.3879	0
68	10	218.9331	284.3007	0
68	11	656.7235	140.0215	0
68	12	589.9969	142.1261	0
68	13	376.699	170.4839	0
68	14	551.9693	210.2029	0
68	15	596.8566	178.5512	0
68	16	427.7104	229.4179	0
68	17	518.1592	193.806	0
68	18	572.8574	181.4367	0
68	19	244.3102	309.0193	0
68	20	366.5569	287.6548	0
68	21	29.62266	309.2412	0
68	22	83.67355	335.6976	0
68	23	415.732	210.7606	0
68	24	592.1778	163.9236	0
68	25	270.4831	326.3524	0
68	26	523.0624	238.9082	0
68	27	558.9044	258.6127	0
68	28	68.75343	252.5831	0
68	29	584.8064	129.9462	0
68	30	547.3962	133.9619	0
68	31	190.5708	348.306	0
68	32	645.0959	109.6242	0
68	33	632.5043	157.4977	0
68	34	292.9323	202.7034	0
68	35	38.25146	410.3719	0
68	36	276.2101	250.1983	0
68	37	371.1371	210.8265	0
68	38	221.0951	376.9146	0
68	39	554.4235	168.8166	0
68	40	646.9503	196.8846	0
68	41	325.4056	244.0599	0
68	42	289.5343	266.1161	0
68	43	374.8956	235.1325	0
69	1	336.0703	213.9207	0
69	2	581.498	224.1042	0
69	3	335.8046	197.1134	0
69	4	420.5604	170.1359	0
69	5	156.5425	312.6915	0
69	6	424.2305	280.5686	0
69	7	318.165	262.8366	0
69	8	303.7436	323.2409	0
69	9	606.5087	221.3879	0
69	10	218.9331	284.3007	0
69	11	656.7235	140.0215	0
69	12	589.9969	142.1261	0
69	13	376.699	170.4839	0
69	14	551.9693	210.2029	0
69	15	596.8566	178.5512	0
69	16	427.7104	229.4179	0
69	17	518.1592	193.806	0
69	18	572.8574	181.4367	0
69	19	244.3102	309.0193	0
69	20	366.5569	287.6548	0
69	21	29.62266	309.2412	0
69	22	83.67355	335.6976	0
69	23	415.732	210.7606	0
69	24	592.1778	163.9236	0
69	25	270.4831	326.3524	0
69	26	523.0624	238.9082	0
69	27	558.9044	258.6127	0
69	28	68.75343	252.5831	0
69	29	584.8064	129.9462	0
69	30	547.3962	133.9619	0
69	31	190.5708	348.306	0
69	32	645.0959	109.6242	0
69	33	632.5043	157.4977	0
69	34	292.9323	202.7034	0
69	35	38.25146	410.3719	0
69	36	276.2101	250.1983	0
69	37	371.1371	210.8265	0
69	38	221.0951	376.9146	0
69	39	554.4235	168.8166	0
69	40	646.9503	196.8846	0
69	41	325.4056	244.0599	0
69	42	289.5343	266.1161	0
69	43	374.8956	235.1325	0
70	1	336.0703	213.9207	0
70	2	581.498	224.1042	0
70	3	335.8046	197.1134	0
70	4	420.5604	170.1359	0
70	5	156.5425	312.6915	0
70	6	424.2305	280.5686	0
70	7	318.165	262.8366	0
70	8	303.7436	323.2409	0
70	9	606.5087	221.3879	0
70	10	218.9331	284.3007	0
70	11	656.7235	140.0215	0
70	12	589.9969	142.1261	0
70	13	376.699	170.4839	0
70	14	551.9693	210.2029	0
70	15	596.8566	178.5512	0
70	16	427.7104	229.4179	0
70	17	518.1592	193.806	0
70	18	572.8574	181.4367	0
70	19	244.3102	309.0193	0
70	20	366.5569	287.6548	0
70	21	29.62266	309.2412	0
70	22	83.67355	335.6976	0
70	23	415.732	210.7606	0
70	24	592.1778	163.9236	0
70	25	270.4831	326.3524	0
70	26	523.0624	238.9082	0
70	27	558.9044	258.6127	0
70	28	68.75343	252.5831	0
70	29	584.8064	129.9462	0
70	30	547.3962	133.9619	0
70	31	190.5708	348.306	0
70	32	645.0959	109.6242	0
70	33	632.5043	157.4977	0
70	34	292.9323	202.7034	0
70	35	38.25146	410.3719	0
70	36	276.2101	250.1983	0
70	37	371.1371	210.8265	0
70	38	221.0951	376.9146	0
70	39	554.4235	168.8166	0
70	40	646.9503	196.8846	0
70	41	325.4056	244.0599	0
70	42	289.5343	266.1161	0
70	43	374.8956	235.1325	0
71	1	336.0703	213.9207	0
71	2	581.498	224.1042	0
71	3	335.8046	197.1134	0
71	4	420.5604	170.1359	0
71	5	156.5425	312.6915	0
71	6	424.2305	280.5686	0
71	7	318.165	262.8366	0
71	8	303.7436	323.2409	0
71	9	606.5087	221.3879	0
71	10	218.9331	284.3007	0
71	11	656.7235	140.0215	0
71	12	589.9969	142.1261	0
71	13	376.699	170.4839	0
71	14	551.9693	210.2029	0
71	15	596.8566	178.5512	0
71	16	427.7104	229.4179	0
71	17	518.1592	193.806	0
71	18	572.8574	181.4367	0
71	19	244.3102	309.0193	0
71	20	366.5569	287.6548	0
71	21	29.62266	309.2412	0
71	22	83.67355	335.6976	0
71	23	415.732	210.7606	0
71	24	592.1778	163.9236	0
71	25	270.4831	326.3524	0
71	26	523.0624	238.9082	0
71	27	558.9044	258.6127	0
71	28	68.75343	252.5831	0
71	29	584.8064	129.9462	0
71	30	547.3962	133.9619	0
71	31	190.5708	348.306	0
71	32	645.0959	109.6242	0
71	33	632.5043	157.4977	0
71	34	292.9323	202.7034	0
71	35	38.25146	410.3719	0
71	36	276.2101	250.1983	0
71	37	371.1371	210.8265	0
71	38	221.0951	376.9146	0
71	39	554.4235	168.8166	0
71	40	646.9503	196.8846	0
71	41	325.4056	244.0599	0
71	42	289.5343	266.1161	0
71	43	374.8956	235.1325	0
72	1	336.0703	213.9207	0
72	2	581.498	224.1042	0
72	3	335.8046	197.1134	0
72	4	420.5604	170.1359	0
72	5	156.5425	312.6915	0
72	6	424.2305	280.5686	0
72	7	318.165	262.8366	0
72	8	303.7436	323.2409	0
72	9	606.5087	221.3879	0
72	10	218.9331	284.3007	0
72	11	656.7235	140.0215	0
72	12	589.9969	142.1261	0
72	13	376.699	170.4839	0
72	14	551.9693	210.2029	0
72	15	596.8566	178.5512	0
72	16	427.7104	229.4179	0
72	17	518.1592	193.806	0
72	18	572.8574	181.4367	0
72	19	244.3102	309.0193	0
72	20	366.5569	287.6548	0
72	21	29.62266	309.2412	0
72	22	83.67355	335.6976	0
72	23	415.732	210.7606	0
72	24	592.1778	163.9236	0
72	25	270.4831	326.3524	0
72	26	523.0624	238.9082	0
72	27	558.9044	258.6127	0
72	28	68.75343	252.5831	0
72	29	584.8064	129.9462	0
72	30	547.3962	133.9619	0
72	31	190.5708	348.306	0
72	32	645.0959	109.6242	0
72	33	632.5043	157.4977	0
72	34	292.9323	202.7034	0
72	35	38.25146	410.3719	0
72	36	276.2101	250.1983	0
72	37	371.1371	210.8265	0
72	38	221.0951	376.9146	0
72	39	554.4235	168.8166	0
72	40	646.9503	196.8846	0
72	41	325.4056	244.0599	0
72	42	289.5343	266.1161	0
72	43	374.8956	235.1325	0
73	1	336.0703	213.9207	0
73	2	581.498	224.1042	0
73	3	335.8046	197.1134	0
73	4	420.5604	170.1359	0
73	5	156.5425	312.6915	0
73	6	424.2305	280.5686	0
73	7	318.165	262.8366	0
73	8	303.7436	323.2409	0
73	9	606.5087	221.3879	0
73	10	218.9331	284.3007	0
73	11	656.7235	140.0215	0
73	12	589.9969	142.1261	0
73	13	376.699	170.4839	0
73	14	551.9693	210.2029	0
73	15	596.8566	178.5512	0
73	16	427.7104	229.4179	0
73	17	518.1592	193.806	0
73	18	572.8574	181.4367	0
73	19	244.3102	309.0193	0
73	20	366.5569	287.6548	0
73	21	29.62266	309.2412	0
73	22	83.67355	335.6976	0
73	23	415.732	210.7606	0
73	24	592.1778	163.9236	0
73	25	270.4831	326.3524	0
73	26	523.0624	238.9082	0
73	27	558.9044	258.6127	0
73	28	68.75343	252.5831	0
73	29	584.8064	129.9462	0
73	30	547.3962	133.9619	0
73	31	190.5708	348.306	0
73	32	645.0959	109.6242	0
73	33	632.5043	157.4977	0
73	34	292.9323	202.7034	0
73	35	38.25146	410.3719	0
73	36	276.2101	250.1983	0
73	37	371.1371	210.8265	0
73	38	221.0951	376.9146	0
73	39	554.4235	168.8166	0
73	40	646.9503	196.8846	0
73	41	325.4056	244.0599	0
73	42	289.5343	266.1161	0
73	43	374.8956	235.1325	0
74	1	336.0703	213.9207	0
74	2	581.498	224.1042	0
74	3	335.8046	197.1134	0
74	4	420.5604	170.1359	0
74	5	156.5425	312.6915	0
74	6	424.2305	280.5686	0
74	7	318.165	262.8366	0
74	8	303.7436	323.2409	0
74	9	606.5087	221.3879	0
74	10	218.9331	284.3007	0
74	11	656.7235	140.0215	0
74	12	589.9969	142.1261	0
74	13	376.699	170.4839	0
74	14	551.9693	210.2029	0
74	15	596.8566	178.5512	0
74	16	427.7104	229.4179	0
74	17	518.1592	193.806	0
74	18	572.8574	181.4367	0
74	19	244.3102	309.0193	0
74	20	366.5569	287.6548	0
74	21	29.62266	309.2412	0
74	22	83.67355	335.6976	0
74	23	415.732	210.7606	0
74	24	592.1778	163.9236	0
74	25	270.4831	326.3524	0
74	26	523.0624	238.9082	0
74	27	558.9044	258.6127	0
74	28	68.75343	252.5831	0
74	29	584.8064	129.9462	0
74	30	547.3962	133.9619	0
74	31	190.5708	348.306	0
74	32	645.0959	109.6242	0
74	33	632.5043	157.4977	0
74	34	292.9323	202.7034	0
74	35	38.25146	410.3719	0
74	36	276.2101	250.1983	0
74	37	371.1371	210.8265	0
74	38	221.0951	376.9146	0
74	39	554.4235	168.8166	0
74	40	646.9503	196.8846	0
74	41	325.4056	244.0599	0
74	42	289.5343	266.1161	0
74	43	374.8956	235.1325	0
75	1	336.0703	213.9207	0
75	2	581.498	224.1042	0
75	3	335.8046	197.1134	0
75	4	420.5604	170.1359	0
75	5	156.5425	312.6915	0
75	6	424.2305	280.5686	0
75	7	318.165	262.8366	0
75	8	303.7436	323.2409	0
75	9	606.5087	221.3879	0
75	10	218.9331	284.3007	0
75	11	656.7235	140.0215	0
75	12	589.9969	142.1261	0
75	13	376.699	170.4839	0
75	14	551.9693	210.2029	0
75	15	596.8566	178.5512	0
75	16	427.7104	229.4179	0
75	17	518.1592	193.806	0
75	18	572.8574	181.4367	0
75	19	244.3102	309.0193	0
75	20	366.5569	287.6548	0
75	21	29.62266	309.2412	0
75	22	83.67355	335.6976	0
75	23	415.732	210.7606	0
75	24	592.1778	163.9236	0
75	25	270.4831	326.3524	0
75	26	523.0624	238.9082	0
75	27	558.9044	258.6127	0
75	28	68.75343	252.5831	0
75	29	584.8064	129.9462	0
75	30	547.3962	133.9619	0
75	31	190.5708	348.306	0
75	32	645.0959	109.6242	0
75	33	632.5043	157.4977	0
75	34	292.9323	202.7034	0
75	35	38.25146	410.3719	0
75	36	276.2101	250.1983	0
75	37	371.1371	210.8265	0
75	38	221.0951	376.9146	0
75	39	554.4235	168.8166	0
75	40	646.9503	196.8846	0
75	41	325.4056	244.0599	0
75	42	289.5343	266.1161	0
75	43	374.8956	235.1325	0
76	1	336.0703	213.9207	0
76	2	581.498	224.1042	0
76	3	335.8046	197.1134	0
76	4	420.5604	170.1359	0
76	5	156.5425	312.6915	0
76	6	424.2305	280.5686	0
76	7	318.165	262.8366	0
76	8	303.7436	323.2409	0
76	9	606.5087	221.3879	0
76	10	218.9331	284.3007	0
76	11	656.7235	140.0215	0
76	12	589.9969	142.1261	0
76	13	376.699	170.4839	0
76	14	551.9693	210.2029	0
76	15	596.8566	178.5512	0
76	16	427.7104	229.4179	0
76	17	518.1592	193.806	0
76	18	572.8574	181.4367	0
76	19	244.3102	309.0193	0
76	20	366.5569	287.6548	0
76	21	29.62266	309.2412	0
76	22	83.67355	335.6976	0
76	23	415.732	210.7606	0
76	24	592.1778	163.9236	0
76	25	270.4831	326.3524	0
76	26	523.0624	238.9082	0
76	27	558.9044	258.6127	0
76	28	68.75343	252.5831	0
76	29	584.8064	129.9462	0
76	30	547.3962	133.9619	0
76	31	190.5708	348.306	0
76	32	645.0959	109.6242	0
76	33	632.5043	157.4977	0
76	34	292.9323	202.7034	0
76	35	38.25146	410.3719	0
76	36	276.2101	250.1983	0
76	37	371.1371	210.8265	0
76	38	221.0951	376.9146	0
76	39	554.4235	168.8166	0
76	40	646.9503	196.8846	0
76	41	325.4056	244.0599	0
76	42	289.5343	266.1161	0
76	43	374.8956	235.1325	0
77	1	336.0703	213.9207	0
77	2	581.498	224.1042	0
77	3	335.8046	197.1134	0
77	4	420.5604	170.1359	0
77	5	156.5425	312.6915	0
77	6	424.2305	280.5686	0
77	7	318.165	262.8366	0
77	8	303.7436	323.2409	0
77	9	606.5087	221.3879	0
77	10	218.9331	284.3007	0
77	11	656.7235	140.0215	0
77	12	589.9969	142.1261	0
77	13	376.699	170.4839	0
77	14	551.9693	210.2029	0
77	15	596.8566	178.5512	0
77	16	427.7104	229.4179	0
77	17	518.1592	193.806	0
77	18	572.8574	181.4367	0
77	19	244.3102	309.0193	0
77	20	366.5569	287.6548	0
77	21	29.62266	309.2412	0
77	22	83.67355	335.6976	0
77	23	415.732	210.7606	0
77	24	592.1778	163.9236	0
77	25	270.4831	326.3524	0
77	26	523.0624	238.9082	0
77	27	558.9044	258.6127	0
77	28	68.75343	252.5831	0
77	29	584.8064	129.9462	0
77	30	547.3962	133.9619	0
77	31	190.5708	348.306	0
77	32	645.0959	109.6242	0
77	33	632.5043	157.4977	0
77	34	292.9323	202.7034	0
77	35	38.25146	410.3719	0
77	36	276.2101	250.1983	0
77	37	371.1371	210.8265	0
77	38	221.0951	376.9146	0
77	39	554.4235	168.8166	0
77	40	646.9503	196.8846	0
77	41	325.4056	244.0599	0
77	42	289.5343	266.1161	0
77	43	374.8956	235.1325	0
78	1	336.0703	213.9207	0
78	2	581.498	224.1042	0
78	3	335.8046	197.1134	0
78	4	420.5604	170.1359	0
78	5	156.5425	312.6915	0
78	6	424.2305	280.5686	0
78	7	318.165	262.8366	0
78	8	303.7436	323.2409	0
78	9	606.5087	221.3879	0
78	10	218.9331	284.3007	0
78	11	656.7235	140.0215	0
78	12	589.9969	142.1261	0
78	13	376.699	170.4839	0
78	14	551.9693	210.2029	0
78	15	596.8566	178.5512	0
78	16	427.7104	229.4179	0
78	17	518.1592	193.806	0
78	18	572.8574	181.4367	0
78	19	244.3102	309.0193	0
78	20	366.5569	287.6548	0
78	21	29.62266	309.2412	0
78	22	83.67355	335.6976	0
78	23	415.732	210.7606	0
78	24	592.1778	163.9236	0
78	25	270.4831	326.3524	0
78	26	523.0624	238.9082	0
78	27	558.9044	258.6127	0
78	28	68.75343	252.5831	0
78	29	584.8064	129.9462	0
78	30	547.3962	133.9619	0
78	31	190.5708	348.306	0
78	32	645.0959	109.6242	0
78	33	632.5043	157.4977	0
78	34	292.9323	202.7034	0
78	35	38.25146	410.3719	0
78	36	276.2101	250.1983	0
78	37	371.1371	210.8265	0
78	38	221.0951	376.9146	0
78	39	554.4235	168.8166	0
78	40	646.9503	196.8846	0
78	41	325.4056	244.0599	0
78	42	289.5343	266.1161	0
78	43	374.8956	235.1325	0
79	1	336.0703	213.9207	0
79	2	581.498	224.1042	0
79	3	335.8046	197.1134	0
79	4	420.5604	170.1359	0
79	5	156.5425	312.6915	0
79	6	424.2305	280.5686	0
79	7	318.165	262.8366	0
79	8	303.7436	323.2409	0
79	9	606.5087	221.3879	0
79	10	218.9331	284.3007	0
79	11	656.7235	140.0215	0
79	12	589.9969	142.1261	0
79	13	376.699	170.4839	0
79	14	551.9693	210.2029	0
79	15	596.8566	178.5512	0
79	16	427.7104	229.4179	0
79	17	518.1592	193.806	0
79	18	572.8574	181.4367	0
79	19	244.3102	309.0193	0
79	20	366.5569	287.6548	0
79	21	29.62266	309.2412	0
79	22	83.67355	335.6976	0
79	23	415.732	210.7606	0
79	24	592.1778	163.9236	0
79	25	270.4831	326.3524	0
79	26	523.0624	238.9082	0
79	27	558.9044	258.6127	0
79	28	68.75343	252.5831	0
79	29	584.8064	129.9462	0
79	30	547.3962	133.9619	0
79	31	190.5708	348.306	0
79	32	645.0959	109.6242	0
79	33	632.5043	157.4977	0
79	34	292.9323	202.7034	0
79	35	38.25146	410.3719	0
79	36	276.2101	250.1983	0
79	37	371.1371	210.8265	0
79	38	221.0951	376.9146	0
79	39	554.4235	168.8166	0
79	40	646.9503	196.8846	0
79	41	325.4056	244.0599	0
79	42	289.5343	266.1161	0
79	43	374.8956	235.1325	0
80	1	336.0703	213.9207	0
80	2	581.498	224.1042	0
80	3	335.8046	197.1134	0
80	4	420.5604	170.1359	0
80	5	156.5425	312.6915	0
80	6	424.2305	280.5686	0
80	7	318.165	262.8366	0
80	8	303.7436	323.2409	0
80	9	606.5087	221.3879	0
80	10	218.9331	284.3007	0
80	11	656.7235	140.0215	0
80	12	589.9969	142.1261	0
80	13	376.699	170.4839	0
80	14	551.9693	210.2029	0
80	15	596.8566	178.5512	0
80	16	427.7104	229.4179	0
80	17	518.1592	193.806	0
80	18	572.8574	181.4367	0
80	19	244.3102	309.0193	0
80	20	366.5569	287.6548	0
80	21	29.62266	309.2412	0
80	22	83.67355	335.6976	0
80	23	415.732	210.7606	0
80	24	592.1778	163.9236	0
80	25	270.4831	326.3524	0
80	26	523.0624	238.9082	0
80	27	558.9044	258.6127	0
80	28	68.75343	252.5831	0
80	29	584.8064	129.9462	0
80	30	547.3962	133.9619	0
80	31	190.5708	348.306	0
80	32	645.0959	109.6242	0
80	33	632.5043	157.4977	0
80	34	292.9323	202.7034	0
80	35	38.25146	410.3719	0
80	36	276.2101	250.1983	0
80	37	371.1371	210.8265	0
80	38	221.0951	376.9146	0
80	39	554.4235	168.8166	0
80	40	646.9503	196.8846	0
80	41	325.4056	244.0599	0
80	42	289.5343	266.1161	0
80	43	374.8956	235.1325	0
81	1	336.0703	213.9207	0
81	2	581.498	224.1042	0
81	3	335.8046	197.1134	0
81	4	420.5604	170.1359	0
81	5	156.5425	312.6915	0
81	6	424.2305	280.5686	0
81	7	318.165	262.8366	0
81	8	303.7436	323.2409	0
81	9	606.5087	221.3879	0
81	10	218.9331	284.3007	0
81	11	656.7235	140.0215	0
81	12	589.9969	142.1261	0
81	13	376.699	170.4839	0
81	14	551.9693	210.2029	0
81	15	596.8566	178.5512	0
81	16	427.7104	229.4179	0
81	17	518.1592	193.806	0
81	18	572.8574	181.4367	0
81	19	244.3102	309.0193	0
81	20	366.5569	287.6548	0
81	21	29.62266	309.2412	0
81	22	83.67355	335.6976	0
81	23	415.732	210.7606	0
81	24	592.1778	163.9236	0
81	25	270.4831	326.3524	0
81	26	523.0624	238.9082	0
81	27	558.9044	258.6127	0
81	28	68.75343	252.5831	0
81	29	584.8064	129.9462	0
81	30	547.3962	133.9619	0
81	31	190.5708	348.306	0
81	32	645.0959	109.6242	0
81	33	632.5043	157.4977	0
81	34	292.9323	202.7034	0
81	35	38.25146	410.3719	0
81	36	276.2101	250.1983	0
81	37	371.1371	210.8265	0
81	38	221.0951	376.9146	0
81	39	554.4235	168.8166	0
81	40	646.9503	196.8846	0
81	41	325.4056	244.0599	0
81	42	289.5343	266.1161	0
81	43	374.8956	235.1325	0
82	1	336.0703	213.9207	0
82	2	581.498	224.1042	0
82	3	335.8046	197.1134	0
82	4	420.5604	170.1359	0
82	5	156.5425	312.6915	0
82	6	424.2305	280.5686	0
82	7	318.165	262.8366	0
82	8	303.7436	323.2409	0
82	9	606.5087	221.3879	0
82	10	218.9331	284.3007	0
82	11	656.7235	140.0215	0
82	12	589.9969	142.1261	0
82	13	376.699	170.4839	0
82	14	551.9693	210.2029	0
82	15	596.8566	178.5512	0
82	16	427.7104	229.4179	0
82	17	518.1592	193.806	0
82	18	572.8574	181.4367	0
82	19	244.3102	309.0193	0
82	20	366.5569	287.6548	0
82	21	29.62266	309.2412	0
82	22	83.67355	335.6976	0
82	23	415.732	210.7606	0
82	24	592.1778	163.9236	0
82	25	270.4831	326.3524	0
82	26	523.0624	238.9082	0
82	27	558.9044	258.6127	0
82	28	68.75343	252.5831	0
82	29	584.8064	129.9462	0
82	30	547.3962	133.9619	0
82	31	190.5708	348.306	0
82	32	645.0959	109.6242	0
82	33	632.5043	157.4977	0
82	34	292.9323	202.7034	0
82	35	38.25146	410.3719	0
82	36	276.2101	250.1983	0
82	37	371.1371	210.8265	0
82	38	221.0951	376.9146	0
82	39	554.4235	168.8166	0
82	40	646.9503	196.8846	0
82	41	325.4056	244.0599	0
82	42	289.5343	266.1161	0
82	43	374.8956	235.1325	0
83	1	336.0703	213.9207	0
83	2	581.498	224.1042	0
83	3	335.8046	197.1134	0
83	4	420.5604	170.1359	0
83	5	156.5425	312.6915	0
83	6	424.2305	280.5686	0
83	7	318.165	262.8366	0
83	8	303.7436	323.2409	0
83	9	606.5087	221.3879	0
83	10	218.9331	284.3007	0
83	11	656.7235	140.0215	0
83	12	589.9969	142.1261	0
83	13	376.699	170.4839	0
83	14	551.9693	210.2029	0
83	15	596.8566	178.5512	0
83	16	427.7104	229.4179	0
83	17	518.1592	193.806	0
83	18	572.8574	181.4367	0
83	19	244.3102	309.0193	0
83	20	366.5569	287.6548	0
83	21	29.62266	309.2412	0
83	22	83.67355	335.6976	0
83	23	415.732	210.7606	0
83	24	592.1778	163.9236	0
83	25	270.4831	326.3524	0
83	26	523.0624	238.9082	0
83	27	558.9044	258.6127	0
83	28	68.75343	252.5831	0
83	29	584.8064	129.9462	0
83	30	547.3962	133.9619	0
83	31	190.5708	348.306	0
83	32	645.0959	109.6242	0
83	33	632.5043	157.4977	0
83	34	292.9323	202.7034	0
83	35	38.25146	410.3719	0
83	36	276.2101	250.1983	0
83	37	371.1371	210.8265	0
83	38	221.0951	376.9146	0
83	39	554.4235	168.8166	0
83	40	646.9503	196.8846	0
83	41	325.4056	244.0599	0
83	42	289.5343	266.1161	0
83	43	374.8956	235.1325	0
84	1	336.0703	213.9207	0
84	2	581.498	224.1042	0
84	3	335.8046	197.1134	0
84	4	420.5604	170.1359	0
84	5	156.5425	312.6915	0
84	6	424.2305	280.5686	0
84	7	318.165	262.8366	0
84	8	303.7436	323.2409	0
84	9	606.5087	221.3879	0
84	10	218.9331	284.3007	0
84	11	656.7235	140.0215	0
84	12	589.9969	142.1261	0
84	13	376.699	170.4839	0
84	14	551.9693	210.2029	0
84	15	596.8566	178.5512	0
84	16	427.7104	229.4179	0
84	17	518.1592	193.806	0
84	18	572.8574	181.4367	0
84	19	244.3102	309.0193	0
84	20	366.5569	287.6548	0
84	21	29.62266	309.2412	0
84	22	83.67355	335.6976	0
84	23	415.732	210.7606	0
84	24	592.1778	163.9236	0
84	25	270.4831	326.3524	0
84	26	523.0624	238.9082	0
84	27	558.9044	258.6127	0
84	28	68.75343	252.5831	0
84	29	584.8064	129.9462	0
84	30	547.3962	133.9619	0
84	31	190.5708	348.306	0
84	32	645.0959	109.6242	0
84	33	632.5043	157.4977	0
84	34	292.9323	202.7034	0
84	35	38.25146	410.3719	0
84	36	276.2101	250.1983	0
84	37	371.1371	210.8265	0
84	38	221.0951	376.9146	0
84	39	554.4235	168.8166	0
84	40	646.9503	196.8846	0
84	41	325.4056	244.0599	0
84	42	289.5343	266.1161	0
84	43	374.8956	235.1325	0
85	1	336.0703	213.9207	0
85	2	581.498	224.1042	0
85	3	335.8046	197.1134	0
85	4	420.5604	170.1359	0
85	5	156.5425	312.6915	0
85	6	424.2305	280.5686	0
85	7	318.165	262.8366	0
85	8	303.7436	323.2409	0
85	9	606.5087	221.3879	0
85	10	218.9331	284.3007	0
85	11	656.7235	140.0215	0
85	12	589.9969	142.1261	0
85	13	376.699	170.4839	0
85	14	551.9693	210.2029	0
85	15	596.8566	178.5512	0
85	16	427.7104	229.4179	0
85	17	518.1592	193.806	0
85	18	572.8574	181.4367	0
85	19	244.3102	309.0193	0
85	20	366.5569	287.6548	0
85	21	29.62266	309.2412	0
85	22	83.67355	335.6976	0
85	23	415.732	210.7606	0
85	24	592.1778	163.9236	0
85	25	270.4831	326.3524	0
85	26	523.0624	238.9082	0
85	27	558.9044	258.6127	0
85	28	68.75343	252.5831	0
85	29	584.8064	129.9462	0
85	30	547.3962	133.9619	0
85	31	190.5708	348.306	0
85	32	645.0959	109.6242	0
85	33	632.5043	157.4977	0
85	34	292.9323	202.7034	0
85	35	38.25146	410.3719	0
85	36	276.2101	250.1983	0
85	37	371.1371	210.8265	0
85	38	221.0951	376.9146	0
85	39	554.4235	168.8166	0
85	40	646.9503	196.8846	0
85	41	325.4056	244.0599	0
85	42	289.5343	266.1161	0
85	43	374.8956	235.1325	0
86	1	336.0703	213.9207	0
86	2	581.498	224.1042	0
86	3	335.8046	197.1134	0
86	4	420.5604	170.1359	0
86	5	156.5425	312.6915	0
86	6	424.2305	280.5686	0
86	7	318.165	262.8366	0
86	8	303.7436	323.2409	0
86	9	606.5087	221.3879	0
86	10	218.9331	284.3007	0
86	11	656.7235	140.0215	0
86	12	589.9969	142.1261	0
86	13	376.699	170.4839	0
86	14	551.9693	210.2029	0
86	15	596.8566	178.5512	0
86	16	427.7104	229.4179	0
86	17	518.1592	193.806	0
86	18	572.8574	181.4367	0
86	19	244.3102	309.0193	0
86	20	366.5569	287.6548	0
86	21	29.62266	309.2412	0
86	22	83.67355	335.6976	0
86	23	415.732	210.7606	0
86	24	592.1778	163.9236	0
86	25	270.4831	326.3524	0
86	26	523.0624	238.9082	0
86	27	558.9044	258.6127	0
86	28	68.75343	252.5831	0
86	29	584.8064	129.9462	0
86	30	547.3962	133.9619	0
86	31	190.5708	348.306	0
86	32	645.0959	109.6242	0
86	33	632.5043	157.4977	0
86	34	292.9323	202.7034	0
86	35	38.25146	410.3719	0
86	36	276.2101	250.1983	0
86	37	371.1371	210.8265	0
86	38	221.0951	376.9146	0
86	39	554.4235	168.8166	0
86	40	646.9503	196.8846	0
86	41	325.4056	244.0599	0
86	42	289.5343	266.1161	0
86	43	374.8956	235.1325	0
87	1	336.0703	213.9207	0
87	2	581.498	224.1042	0
87	3	335.8046	197.1134	0
87	4	420.5604	170.1359	0
87	5	156.5425	312.6915	0
87	6	424.2305	280.5686	0
87	7	318.165	262.8366	0
87	8	303.7436	323.2409	0
87	9	606.5087	221.3879	0
87	10	218.9331	284.3007	0
87	11	656.7235	140.0215	0
87	12	589.9969	142.1261	0
87	13	376.699	170.4839	0
87	14	551.9693	210.2029	0
87	15	596.8566	178.5512	0
87	16	427.7104	229.4179	0
87	17	518.1592	193.806	0
87	18	572.8574	181.4367	0
87	19	244.3102	309.0193	0
87	20	366.5569	287.6548	0
87	21	29.62266	309.2412	0
87	22	83.67355	335.6976	0
87	23	415.732	210.7606	0
87	24	592.1778	163.9236	0
87	25	270.4831	326.3524	0
87	26	523.0624	238.9082	0
87	27	558.9044	258.6127	0
87	28	68.75343	252.5831	0
87	29	584.8064	129.9462	0
87	30	547.3962	133.9619	0
87	31	190.5708	348.306	0
87	32	645.0959	109.6242	0
87	33	632.5043	157.4977	0
87	34	292.9323	202.7034	0
87	35	38.25146	410.3719	0
87	36	276.2101	250.1983	0
87	37	371.1371	210.8265	0
87	38	221.0951	376.9146	0
87	39	554.4235	168.8166	0
87	40	646.9503	196.8846	0
87	41	325.4056	244.0599	0
87	42	289.5343	266.1161	0
87	43	374.8956	235.1325	0
88	1	336.0703	213.9207	0
88	2	581.498	224.1042	0
88	3	335.8046	197.1134	0
88	4	420.5604	170.1359	0
88	5	156.5425	312.6915	0
88	6	424.2305	280.5686	0
88	7	318.165	262.8366	0
88	8	303.7436	323.2409	0
88	9	606.5087	221.3879	0
88	10	218.9331	284.3007	0
88	11	656.7235	140.0215	0
88	12	589.9969	142.1261	0
88	13	376.699	170.4839	0
88	14	551.9693	210.2029	0
88	15	596.8566	178.5512	0
88	16	427.7104	229.4179	0
88	17	518.1592	193.806	0
88	18	572.8574	181.4367	0
88	19	244.3102	309.0193	0
88	20	366.5569	287.6548	0
88	21	29.62266	309.2412	0
88	22	83.67355	335.6976	0
88	23	415.732	210.7606	0
88	24	592.1778	163.9236	0
88	25	270.4831	326.3524	0
88	26	523.0624	238.9082	0
88	27	558.9044	258.6127	0
88	28	68.75343	252.5831	0
88	29	584.8064	129.9462	0
88	30	547.3962	133.9619	0
88	31	190.5708	348.306	0
88	32	645.0959	109.6242	0
88	33	632.5043	157.4977	0
88	34	292.9323	202.7034	0
88	35	38.25146	410.3719	0
88	36	276.2101	250.1983	0
88	37	371.1371	210.8265	0
88	38	221.0951	376.9146	0
88	39	554.4235	168.8166	0
88	40	646.9503	196.8846	0
88	41	325.4056	244.0599	0
88	42	289.5343	266.1161	0
88	43	374.8956	235.1325	0
89	1	336.0703	213.9207	0
89	2	581.498	224.1042	0
89	3	335.8046	197.1134	0
89	4	420.5604	170.1359	0
89	5	156.5425	312.6915	0
89	6	424.2305	280.5686	0
89	7	318.165	262.8366	0
89	8	303.7436	323.2409	0
89	9	606.5087	221.3879	0
89	10	218.9331	284.3007	0
89	11	656.7235	140.0215	0
89	12	589.9969	142.1261	0
89	13	376.699	170.4839	0
89	14	551.9693	210.2029	0
89	15	596.8566	178.5512	0
89	16	427.7104	229.4179	0
89	17	518.1592	193.806	0
89	18	572.8574	181.4367	0
89	19	244.3102	309.0193	0
89	20	366.5569	287.6548	0
89	21	29.62266	309.2412	0
89	22	83.67355	335.6976	0
89	23	415.732	210.7606	0
89	24	592.1778	163.9236	0
89	25	270.4831	326.3524	0
89	26	523.0624	238.9082	0
89	27	558.9044	258.6127	0
89	28	68.75343	252.5831	0
89	29	584.8064	129.9462	0
89	30	547.3962	133.9619	0
89	31	190.5708	348.306	0
89	32	645.0959	109.6242	0
89	33	632.5043	157.4977	0
89	34	292.9323	202.7034	0
89	35	38.25146	410.3719	0
89	36	276.2101	250.1983	0
89	37	371.1371	210.8265	0
89	38	221.0951	376.9146	0
89	39	554.4235	168.8166	0
89	40	646.9503	196.8846	0
89	41	325.4056	244.0599	0
89	42	289.5343	266.1161	0
89	43	374.8956	235.1325	0
90	1	336.0703	213.9207	0
90	2	581.498	224.1042	0
90	3	335.8046	197.1134	0
90	4	420.5604	170.1359	0
90	5	156.5425	312.6915	0
90	6	424.2305	280.5686	0
90	7	318.165	262.8366	0
90	8	303.7436	323.2409	0
90	9	606.5087	221.3879	0
90	10	218.9331	284.3007	0
90	11	656.7235	140.0215	0
90	12	589.9969	142.1261	0
90	13	376.699	170.4839	0
90	14	551.9693	210.2029	0
90	15	596.8566	178.5512	0
90	16	427.7104	229.4179	0
90	17	518.1592	193.806	0
90	18	572.8574	181.4367	0
90	19	244.3102	309.0193	0
90	20	366.5569	287.6548	0
90	21	29.62266	309.2412	0
90	22	83.67355	335.6976	0
90	23	415.732	210.7606	0
90	24	592.1778	163.9236	0
90	25	270.4831	326.3524	0
90	26	523.0624	238.9082	0
90	27	558.9044	258.6127	0
90	28	68.75343	252.5831	0
90	29	584.8064	129.9462	0
90	30	547.3962	133.9619	0
90	31	190.5708	348.306	0
90	32	645.0959	109.6242	0
90	33	632.5043	157.4977	0
90	34	292.9323	202.7034	0
90	35	38.25146	410.3719	0
90	36	276.2101	250.1983	0
90	37	371.1371	210.8265	0
90	38	221.0951	376.9146	0
90	39	554.4235	168.8166	0
90	40	646.9503	196.8846	0
90	41	325.4056	244.0599	0
90	42	289.5343	266.1161	0
90	43	374.8956	235.1325	0
91	1	336.0703	213.9207	0
91	2	581.498	224.1042	0
91	3	335.8046	197.1134	0
91	4	420.5604	170.1359	0
91	5	156.5425	312.6915	0
91	6	424.2305	280.5686	0
91	7	318.165	262.8366	0
91	8	303.7436	323.2409	0
91	9	606.5087	221.3879	0
91	10	218.9331	284.3007	0
91	11	656.7235	140.0215	0
91	12	589.9969	142.1261	0
91	13	376.699	170.4839	0
91	14	551.9693	210.2029	0
91	15	596.8566	178.5512	0
91	16	427.7104	229.4179	0
91	17	518.1592	193.806	0
91	18	572.8574	181.4367	0
91	19	244.3102	309.0193	0
91	20	366.5569	287.6548	0
91	21	29.62266	309.2412	0
91	22	83.67355	335.6976	0
91	23	415.732	210.7606	0
91	24	592.1778	163.9236	0
91	25	270.4831	326.3524	0
91	26	523.0624	238.9082	0
91	27	558.9044	258.6127	0
91	28	68.75343	252.5831	0
91	29	584.8064	129.9462	0
91	30	547.3962	133.9619	0
91	31	190.5708	348.306	0
91	32	645.0959	109.6242	0
91	33	632.5043	157.4977	0
91	34	292.9323	202.7034	0
91	35	38.25146	410.3719	0
91	36	276.2101	250.1983	0
91	37	371.1371	210.8265	0
91	38	221.0951	376.9146	0
91	39	554.4235	168.8166	0
91	40	646.9503	196.8846	0
91	41	325.4056	244.0599	0
91	42	289.5343	266.1161	0
91	43	374.8956	235.1325	0
92	1	336.0703	213.9207	0
92	2	581.498	224.1042	0
92	3	335.8046	197.1134	0
92	4	420.5604	170.1359	0
92	5	156.5425	312.6915	0
92	6	424.2305	280.5686	0
92	7	318.165	262.8366	0
92	8	303.7436	323.2409	0
92	9	606.5087	221.3879	0
92	10	218.9331	284.3007	0
92	11	656.7235	140.0215	0
92	12	589.9969	142.1261	0
92	13	376.699	170.4839	0
92	14	551.9693	210.2029	0
92	15	596.8566	178.5512	0
92	16	427.7104	229.4179	0
92	17	518.1592	193.806	0
92	18	572.8574	181.4367	0
92	19	244.3102	309.0193	0
92	20	366.5569	287.6548	0
92	21	29.62266	309.2412	0
92	22	83.67355	335.6976	0
92	23	415.732	210.7606	0
92	24	592.1778	163.9236	0
92	25	270.4831	326.3524	0
92	26	523.0624	238.9082	0
92	27	558.9044	258.6127	0
92	28	68.75343	252.5831	0
92	29	584.8064	129.9462	0
92	30	547.3962	133.9619	0
92	31	190.5708	348.306	0
92	32	645.0959	109.6242	0
92	33	632.5043	157.4977	0
92	34	292.9323	202.7034	0
92	35	38.25146	410.3719	0
92	36	276.2101	250.1983	0
92	37	371.1371	210.8265	0
92	38	221.0951	376.9146	0
92	39	554.4235	168.8166	0
92	40	646.9503	196.8846	0
92	41	325.4056	244.0599	0
92	42	289.5343	266.1161	0
92	43	374.8956	235.1325	0
93	1	336.0703	213.9207	0
93	2	581.498	224.1042	0
93	3	335.8046	197.1134	0
93	4	420.5604	170.1359	0
93	5	156.5425	312.6915	0
93	6	424.2305	280.5686	0
93	7	318.165	262.8366	0
93	8	303.7436	323.2409	0
93	9	606.5087	221.3879	0
93	10	218.9331	284.3007	0
93	11	656.7235	140.0215	0
93	12	589.9969	142.1261	0
93	13	376.699	170.4839	0
93	14	551.9693	210.2029	0
93	15	596.8566	178.5512	0
93	16	427.7104	229.4179	0
93	17	518.1592	193.806	0
93	18	572.8574	181.4367	0
93	19	244.3102	309.0193	0
93	20	366.5569	287.6548	0
93	21	29.62266	309.2412	0
93	22	83.67355	335.6976	0
93	23	415.732	210.7606	0
93	24	592.1778	163.9236	0
93	25	270.4831	326.3524	0
93	26	523.0624	238.9082	0
93	27	558.9044	258.6127	0
93	28	68.75343	252.5831	0
93	29	584.8064	129.9462	0
93	30	547.3962	133.9619	0
93	31	190.5708	348.306	0
93	32	645.0959	109.6242	0
93	33	632.5043	157.4977	0
93	34	292.9323	202.7034	0
93	35	38.25146	410.3719	0
93	36	276.2101	250.1983	0
93	37	371.1371	210.8265	0
93	38	221.0951	376.9146	0
93	39	554.4235	168.8166	0
93	40	646.9503	196.8846	0
93	41	325.4056	244.0599	0
93	42	289.5343	266.1161	0
93	43	374.8956	235.1325	0
94	1	336.0703	213.9207	0
94	2	581.498	224.1042	0
94	3	335.8046	197.1134	0
94	4	420.5604	170.1359	0
94	5	156.5425	312.6915	0
94	6	424.2305	280.5686	0
94	7	318.165	262.8366	0
94	8	303.7436	323.2409	0
94	9	606.5087	221.3879	0
94	10	218.9331	284.3007	0
94	11	656.7235	140.0215	0
94	12	589.9969	142.1261	0
94	13	376.699	170.4839	0
94	14	551.9693	210.2029	0
94	15	596.8566	178.5512	0
94	16	427.7104	229.4179	0
94	17	518.1592	193.806	0
94	18	572.8574	181.4367	0
94	19	244.3102	309.0193	0
94	20	366.5569	287.6548	0
94	21	29.62266	309.2412	0
94	22	83.67355	335.6976	0
94	23	415.732	210.7606	0
94	24	592.1778	163.9236	0
94	25	270.4831	326.3524	0
94	26	523.0624	238.9082	0
94	27	558.9044	258.6127	0
94	28	68.75343	252.5831	0
94	29	584.8064	129.9462	0
94	30	547.3962	133.9619	0
94	31	190.5708	348.306	0
94	32	645.0959	109.6242	0
94	33	632.5043	157.4977	0
94	34	292.9323	202.7034	0
94	35	38.25146	410.3719	0
94	36	276.2101	250.1983	0
94	37	371.1371	210.8265	0
94	38	221.0951	376.9146	0
94	39	554.4235	168.8166	0
94	40	646.9503	196.8846	0
94	41	325.4056	244.0599	0
94	42	289.5343	266.1161	0
94	43	374.8956	235.1325	0
95	1	336.0703	213.9207	0
95	2	581.498	224.1042	0
95	3	335.8046	197.1134	0
95	4	420.5604	170.1359	0
95	5	156.5425	312.6915	0
95	6	424.2305	280.5686	0
95	7	318.165	262.8366	0
95	8	303.7436	323.2409	0
95	9	606.5087	221.3879	0
95	10	218.9331	284.3007	0
95	11	656.7235	140.0215	0
95	12	589.9969	142.1261	0
95	13	376.699	170.4839	0
95	14	551.9693	210.2029	0
95	15	596.8566	178.5512	0
95	16	427.7104	229.4179	0
95	17	518.1592	193.806	0
95	18	572.8574	181.4367	0
95	19	244.3102	309.0193	0
95	20	366.5569	287.6548	0
95	21	29.62266	309.2412	0
95	22	83.67355	335.6976	0
95	23	415.732	210.7606	0
95	24	592.1778	163.9236	0
95	25	270.4831	326.3524	0
95	26	523.0624	238.9082	0
95	27	558.9044	258.6127	0
95	28	68.75343	252.5831	0
95	29	584.8064	129.9462	0
95	30	547.3962	133.9619	0
95	31	190.5708	348.306	0
95	32	645.0959	109.6242	0
95	33	632.5043	157.4977	0
95	34	292.9323	202.7034	0
95	35	38.25146	410.3719	0
95	36	276.2101	250.1983	0
95	37	371.1371	210.8265	0
95	38	221.0951	376.9146	0
95	39	554.4235	168.8166	0
95	40	646.9503	196.8846	0
95	41	325.4056	244.0599	0
95	42	289.5343	266.1161	0
95	43	374.8956	235.1325	0
96	1	336.0703	213.9207	0
96	2	581.498	224.1042	0
96	3	335.8046	197.1134	0
96	4	420.5604	170.1359	0
96	5	156.5425	312.6915	0
96	6	424.2305	280.5686	0
96	7	318.165	262.8366	0
96	8	303.7436	323.2409	0
96	9	606.5087	221.3879	0
96	10	218.9331	284.3007	0
96	11	656.7235	140.0215	0
96	12	589.9969	142.1261	0
96	13	376.699	170.4839	0
96	14	551.9693	210.2029	0
96	15	596.8566	178.5512	0
96	16	427.7104	229.4179	0
96	17	518.1592	193.806	0
96	18	572.8574	181.4367	0
96	19	244.3102	309.0193	0
96	20	366.5569	287.6548	0
96	21	29.62266	309.2412	0
96	22	83.67355	335.6976	0
96	23	415.732	210.7606	0
96	24	592.1778	163.9236	0
96	25	270.4831	326.3524	0
96	26	523.0624	238.9082	0
96	27	558.9044	258.6127	0
96	28	68.75343	252.5831	0
96	29	584.8064	129.9462	0
96	30	547.3962	133.9619	0
96	31	190.5708	348.306	0
96	32	645.0959	109.6242	0
96	33	632.5043	157.4977	0
96	34	292.9323	202.7034	0
96	35	38.25146	410.3719	0
96	36	276.2101	250.1983	0
96	37	371.1371	210.8265	0
96	38	221.0951	376.9146	0
96	39	554.4235	168.8166	0
96	40	646.9503	196.8846	0
96	41	325.4056	244.0599	0
96	42	289.5343	266.1161	0
96	43	374.8956	235.1325	0
97	1	336.0703	213.9207	0
97	2	581.498	224.1042	0
97	3	335.8046	197.1134	0
97	4	420.5604	170.1359	0
97	5	156.5425	312.6915	0
97	6	424.2305	280.5686	0
97	7	318.165	262.8366	0
97	8	303.7436	323.2409	0
97	9	606.5087	221.3879	0
97	10	218.9331	284.3007	0
97	11	656.7235	140.0215	0
97	12	589.9969	142.1261	0
97	13	376.699	170.4839	0
97	14	551.9693	210.2029	0
97	15	596.8566	178.5512	0
97	16	427.7104	229.4179	0
97	17	518.1592	193.806	0
97	18	572.8574	181.4367	0
97	19	244.3102	309.0193	0
97	20	366.5569	287.6548	0
97	21	29.62266	309.2412	0
97	22	83.67355	335.6976	0
97	23	415.732	210.7606	0
97	24	592.1778	163.9236	0
97	25	270.4831	326.3524	0
97	26	523.0624	238.9082	0
97	27	558.9044	258.6127	0
97	28	68.75343	252.5831	0
97	29	584.8064	129.9462	0
97	30	547.3962	133.9619	0
97	31	190.5708	348.306	0
97	32	645.0959	109.6242	0
97	33	632.5043	157.4977	0
97	34	292.9323	202.7034	0
97	35	38.25146	410.3719	0
97	36	276.2101	250.1983	0
97	37	371.1371	210.8265	0
97	38	221.0951	376.9146	0
97	39	554.4235	168.8166	0
97	40	646.9503	196.8846	0
97	41	325.4056	244.0599	0
97	42	289.5343	266.1161	0
97	43	374.8956	235.1325	0
98	1	336.0703	213.9207	0
98	2	581.498	224.1042	0
98	3	335.8046	197.1134	0
98	4	420.5604	170.1359	0
98	5	156.5425	312.6915	0
98	6	424.2305	280.5686	0
98	7	318.165	262.8366	0
98	8	303.7436	323.2409	0
98	9	606.5087	221.3879	0
98	10	218.9331	284.3007	0
98	11	656.7235	140.0215	0
98	12	589.9969	142.1261	0
98	13	376.699	170.4839	0
98	14	551.9693	210.2029	0
98	15	596.8566	178.5512	0
98	16	427.7104	229.4179	0
98	17	518.1592	193.806	0
98	18	572.8574	181.4367	0
98	19	244.3102	309.0193	0
98	20	366.5569	287.6548	0
98	21	29.62266	309.2412	0
98	22	83.67355	335.6976	0
98	23	415.732	210.7606	0
98	24	592.1778	163.9236	0
98	25	270.4831	326.3524	0
98	26	523.0624	238.9082	0
98	27	558.9044	258.6127	0
98	28	68.75343	252.5831	0
98	29	584.8064	129.9462	0
98	30	547.3962	133.9619	0
98	31	190.5708	348.306	0
98	32	645.0959	109.6242	0
98	33	632.5043	157.4977	0
98	34	292.9323	202.7034	0
98	35	38.25146	410.3719	0
98	36	276.2101	250.1983	0
98	37	371.1371	210.8265	0
98	38	221.0951	376.9146	0
98	39	554.4235	168.8166	0
98	40	646.9503	196.8846	0
98	41	325.4056	244.0599	0
98	42	289.5343	266.1161	0
98	43	374.8956	235.1325	0
99	1	336.0703	213.9207	0
99	2	581.498	224.1042	0
99	3	335.8046	197.1134	0
99	4	420.5604	170.1359	0
99	5	156.5425	312.6915	0
99	6	424.2305	280.5686	0
99	7	318.165	262.8366	0
99	8	303.7436	323.2409	0
99	9	606.5087	221.3879	0
99	10	218.9331	284.3007	0
99	11	656.7235	140.0215	0
99	12	589.9969	142.1261	0
99	13	376.699	170.4839	0
99	14	551.9693	210.2029	0
99	15	596.8566	178.5512	0
99	16	427.7104	229.4179	0
99	17	518.1592	193.806	0
99	18	572.8574	181.4367	0
99	19	244.3102	309.0193	0
99	20	366.5569	287.6548	0
99	21	29.62266	309.2412	0
99	22	83.67355	335.6976	0
99	23	415.732	210.7606	0
99	24	592.1778	163.9236	0
99	25	270.4831	326.3524	0
99	26	523.0624	238.9082	0
99	27	558.9044	258.6127	0
99	28	68.75343	252.5831	0
99	29	584.8064	129.9462	0
99	30	547.3962	133.9619	0
99	31	190.5708	348.306	0
99	32	645.0959	109.6242	0
99	33	632.5043	157.4977	0
99	34	292.9323	202.7034	0
99	35	38.25146	410.3719	0
99	36	276.2101	250.1983	0
99	37	371.1371	210.8265	0
99	38	221.0951	376.9146	0
99	39	554.4235	168.8166	0
99	40	646.9503	196.8846	0
99	41	325.4056	244.0599	0
99	42	289.5343	266.1161	0
99	43	374.8956	235.1325	0
100	1	336.0703	213.9207	0
100	2	581.498	224.1042	0
100	3	335.8046	197.1134	0
100	4	420.5604	170.1359	0
100	5	156.5425	312.6915	0
100	6	424.2305	280.5686	0
100	7	318.165	262.8366	0
100	8	303.7436	323.2409	0
100	9	606.5087	221.3879	0
100	10	218.9331	284.3007	0
100	11	656.7235	140.0215	0
100	12	589.9969	142.1261	0
100	13	376.699	170.4839	0
100	14	551.9693	210.2029	0
100	15	596.8566	178.5512	0
100	16	427.7104	229.4179	0
100	17	518.1592	193.806	0
100	18	572.8574	181.4367	0
100	19	244.3102	309.0193	0
100	20	366.5569	287.6548	0
100	21	29.62266	309.2412	0
100	22	83.67355	335.6976	0
100	23	415.732	210.7606	0
100	24	592.1778	163.9236	0
100	25	270.4831	326.3524	0
100	26	523.0624	238.9082	0
100	27	558.9044	258.6127	0
100	28	68.75343	252.5831	0
100	29	584.8064	129.9462	0
100	30	547.3962	133.9619	0
100	31	190.5708	348.306	0
100	32	645.0959	109.6242	0
100	33	632.5043	157.4977	0
100	34	292.9323	202.7034	0
100	35	38.25146	410.3719	0
100	36	276.2101	250.1983	0
100	37	371.1371	210.8265	0
100	38	221.0951	376.9146	0
100	39	554.4235	168.8166	0
100	40	646.9503	196.8846	0
100	41	325.4056	244.0599	0
100	42	289.5343	266.1161	0
100	43	374.8956	235.1325	0
101	1	336.0703	213.9207	0
101	2	581.498	224.1042	0
101	3	335.8046	197.1134	0
101	4	420.5604	170.1359	0
101	5	156.5425	312.6915	0
101	6	424.2305	280.5686	0
101	7	318.165	262.8366	0
101	8	303.7436	323.2409	0
101	9	606.5087	221.3879	0
101	10	218.9331	284.3007	0
101	11	656.7235	140.0215	0
101	12	589.9969	142.1261	0
101	13	376.699	170.4839	0
101	14	551.9693	210.2029	0
101	15	596.8566	178.5512	0
101	16	427.7104	229.4179	0
101	17	518.1592	193.806	0
101	18	572.8574	181.4367	0
101	19	244.3102	309.0193	0
101	20	366.5569	287.6548	0
101	21	29.62266	309.2412	0
101	22	83.67355	335.6976	0
101	23	415.732	210.7606	0
101	24	592.1778	163.9236	0
101	25	270.4831	326.3524	0
101	26	523.0624	238.9082	0
101	27	558.9044	258.6127	0
101	28	68.75343	252.5831	0
101	29	584.8064	129.9462	0
101	30	547.3962	133.9619	0
101	31	190.5708	348.306	0
101	32	645.0959	109.6242	0
101	33	632.5043	157.4977	0
101	34	292.9323	202.7034	0
101	35	38.25146	410.3719	0
101	36	276.2101	250.1983	0
101	37	371.1371	210.8265	0
101	38	221.0951	376.9146	0
101	39	554.4235	168.8166	0
101	40	646.9503	196.8846	0
101	41	325.4056	244.0599	0
101	42	289.5343	266.1161	0
101	43	374.8956	235.1325	0
63	1	334.6244	214.6061	0
63	2	581.5585	224.0012	0
63	3	337.2956	197.7732	0
63	4	419.8563	170.7305	0
63	5	157.4	312.6309	0
63	6	425.0128	280.902	0
63	7	318.239	264.0971	0
63	8	303.1812	321.7612	0
63	9	606.968	220.5186	0
63	10	218.6127	283.722	0
63	11	657.8704	140.4844	0
63	12	588.9048	142.1159	0
63	13	377.7859	170.9081	0
63	14	552.386	210.9754	0
63	15	595.6084	178.4734	0
63	16	427.5869	228.7251	0
63	17	519.0366	192.938	0
63	18	572.1114	181.7746	0
63	19	243.9758	308.7644	0
63	20	366.0064	289.0043	0
63	21	27.01932	310.0412	0
63	22	84.95407	333.3295	0
63	23	414.4752	210.4125	0
63	24	593.0544	163.9116	0
63	25	269.6019	327.7247	0
63	26	523.0922	238.5325	0
63	27	559.2286	258.5657	0
63	28	69.68604	251.6607	0
63	29	583.7127	130.4217	0
63	30	548.5831	134.4431	0
63	31	190.8685	348.2117	0
63	32	644.6545	109.7533	0
63	33	632.4705	157.9254	0
63	34	293.429	203.0386	0
63	35	39.64457	410.2267	0
63	36	277.8452	249.388	0
63	37	370.0771	212.1019	0
63	38	219.0695	377.0039	0
63	39	554.0126	169.6499	0
63	40	645.8354	196.9319	0
63	41	325.3757	243.6578	0
63	42	289.6234	267.0976	0
63	43	375.5074	234.1534	0
64	1	334.6244	214.6061	0
64	2	581.5585	224.0012	0
64	3	337.2956	197.7732	0
64	4	419.8563	170.7305	0
64	5	157.4	312.6309	0
64	6	425.0128	280.902	0
64	7	318.239	264.0971	0
64	8	303.1812	321.7612	0
64	9	606.968	220.5186	0
64	10	218.6127	283.722	0
64	11	657.8704	140.4844	0
64	12	588.9048	142.1159	0
64	13	377.7859	170.9081	0
64	14	552.386	210.9754	0
64	15	595.6084	178.4734	0
64	16	427.5869	228.7251	0
64	17	519.0366	192.938	0
64	18	572.1114	181.7746	0
64	19	243.9758	308.7644	0
64	20	366.0064	289.0043	0
64	21	27.01932	310.0412	0
64	22	84.95407	333.3295	0
64	23	414.4752	210.4125	0
64	24	593.0544	163.9116	0
64	25	269.6019	327.7247	0
64	26	523.0922	238.5325	0
64	27	559.2286	258.5657	0
64	28	69.68604	251.6607	0
64	29	583.7127	130.4217	0
64	30	548.5831	134.4431	0
64	31	190.8685	348.2117	0
64	32	644.6545	109.7533	0
64	33	632.4705	157.9254	0
64	34	293.429	203.0386	0
64	35	39.64457	410.2267	0
64	36	277.8452	249.388	0
64	37	370.0771	212.1019	0
64	38	219.0695	377.0039	0
64	39	554.0126	169.6499	0
64	40	645.8354	196.9319	0
64	41	325.3757	243.6578	0
64	42	289.6234	267.0976	0
64	43	375.5074	234.1534	0
65	1	334.6244	214.6061	0
65	2	581.5585	224.0012	0
65	3	337.2956	197.7732	0
65	4	419.8563	170.7305	0
65	5	157.4	312.6309	0
65	6	425.0128	280.902	0
65	7	318.239	264.0971	0
65	8	303.1812	321.7612	0
65	9	606.968	220.5186	0
65	10	218.6127	283.722	0
65	11	657.8704	140.4844	0
65	12	588.9048	142.1159	0
65	13	377.7859	170.9081	0
65	14	552.386	210.9754	0
65	15	595.6084	178.4734	0
65	16	427.5869	228.7251	0
65	17	519.0366	192.938	0
65	18	572.1114	181.7746	0
65	19	243.9758	308.7644	0
65	20	366.0064	289.0043	0
65	21	27.01932	310.0412	0
65	22	84.95407	333.3295	0
65	23	414.4752	210.4125	0
65	24	593.0544	163.9116	0
65	25	269.6019	327.7247	0
65	26	523.0922	238.5325	0
65	27	559.2286	258.5657	0
65	28	69.68604	251.6607	0
65	29	583.7127	130.4217	0
65	30	548.5831	134.4431	0
65	31	190.8685	348.2117	0
65	32	644.6545	109.7533	0
65	33	632.4705	157.9254	0
65	34	293.429	203.0386	0
65	35	39.64457	410.2267	0
65	36	277.8452	249.388	0
65	37	370.0771	212.1019	0
65	38	219.0695	377.0039	0
65	39	554.0126	169.6499	0
65	40	645.8354	196.9319	0
65	41	325.3757	243.6578	0
65	42	289.6234	267.0976	0
65	43	375.5074	234.1534	0
66	1	334.6244	214.6061	0
66	2	581.5585	224.0012	0
66	3	337.2956	197.7732	0
66	4	419.8563	170.7305	0
66	5	157.4	312.6309	0
66	6	425.0128	280.902	0
66	7	318.239	264.0971	0
66	8	303.1812	321.7612	0
66	9	606.968	220.5186	0
66	10	218.6127	283.722	0
66	11	657.8704	140.4844	0
66	12	588.9048	142.1159	0
66	13	377.7859	170.9081	0
66	14	552.386	210.9754	0
66	15	595.6084	178.4734	0
66	16	427.5869	228.7251	0
66	17	519.0366	192.938	0
66	18	572.1114	181.7746	0
66	19	243.9758	308.7644	0
66	20	366.0064	289.0043	0
66	21	27.01932	310.0412	0
66	22	84.95407	333.3295	0
66	23	414.4752	210.4125	0
66	24	593.0544	163.9116	0
66	25	269.6019	327.7247	0
66	26	523.0922	238.5325	0
66	27	559.2286	258.5657	0
66	28	69.68604	251.6607	0
66	29	583.7127	130.4217	0
66	30	548.5831	134.4431	0
66	31	190.8685	348.2117	0
66	32	644.6545	109.7533	0
66	33	632.4705	157.9254	0
66	34	293.429	203.0386	0
66	35	39.64457	410.2267	0
66	36	277.8452	249.388	0
66	37	370.0771	212.1019	0
66	38	219.0695	377.0039	0
66	39	554.0126	169.6499	0
66	40	645.8354	196.9319	0
66	41	325.3757	243.6578	0
66	42	289.6234	267.0976	0
66	43	375.5074	234.1534	0
67	1	334.6244	214.6061	0
67	2	581.5585	224.0012	0
67	3	337.2956	197.7732	0
67	4	419.8563	170.7305	0
67	5	157.4	312.6309	0
67	6	425.0128	280.902	0
67	7	318.239	264.0971	0
67	8	303.1812	321.7612	0
67	9	606.968	220.5186	0
67	10	218.6127	283.722	0
67	11	657.8704	140.4844	0
67	12	588.9048	142.1159	0
67	13	377.7859	170.9081	0
67	14	552.386	210.9754	0
67	15	595.6084	178.4734	0
67	16	427.5869	228.7251	0
67	17	519.0366	192.938	0
67	18	572.1114	181.7746	0
67	19	243.9758	308.7644	0
67	20	366.0064	289.0043	0
67	21	27.01932	310.0412	0
67	22	84.95407	333.3295	0
67	23	414.4752	210.4125	0
67	24	593.0544	163.9116	0
67	25	269.6019	327.7247	0
67	26	523.0922	238.5325	0
67	27	559.2286	258.5657	0
67	28	69.68604	251.6607	0
67	29	583.7127	130.4217	0
67	30	548.5831	134.4431	0
67	31	190.8685	348.2117	0
67	32	644.6545	109.7533	0
67	33	632.4705	157.9254	0
67	34	293.429	203.0386	0
67	35	39.64457	410.2267	0
67	36	277.8452	249.388	0
67	37	370.0771	212.1019	0
67	38	219.0695	377.0039	0
67	39	554.0126	169.6499	0
67	40	645.8354	196.9319	0
67	41	325.3757	243.6578	0
67	42	289.6234	267.0976	0
67	43	375.5074	234.1534	0
68	1	334.6244	214.6061	0
68	2	581.5585	224.0012	0
68	3	337.2956	197.7732	0
68	4	419.8563	170.7305	0
68	5	157.4	312.6309	0
68	6	425.0128	280.902	0
68	7	318.239	264.0971	0
68	8	303.1812	321.7612	0
68	9	606.968	220.5186	0
68	10	218.6127	283.722	0
68	11	657.8704	140.4844	0
68	12	588.9048	142.1159	0
68	13	377.7859	170.9081	0
68	14	552.386	210.9754	0
68	15	595.6084	178.4734	0
68	16	427.5869	228.7251	0
68	17	519.0366	192.938	0
68	18	572.1114	181.7746	0
68	19	243.9758	308.7644	0
68	20	366.0064	289.0043	0
68	21	27.01932	310.0412	0
68	22	84.95407	333.3295	0
68	23	414.4752	210.4125	0
68	24	593.0544	163.9116	0
68	25	269.6019	327.7247	0
68	26	523.0922	238.5325	0
68	27	559.2286	258.5657	0
68	28	69.68604	251.6607	0
68	29	583.7127	130.4217	0
68	30	548.5831	134.4431	0
68	31	190.8685	348.2117	0
68	32	644.6545	109.7533	0
68	33	632.4705	157.9254	0
68	34	293.429	203.0386	0
68	35	39.64457	410.2267	0
68	36	277.8452	249.388	0
68	37	370.0771	212.1019	0
68	38	219.0695	377.0039	0
68	39	554.0126	169.6499	0
68	40	645.8354	196.9319	0
68	41	325.3757	243.6578	0
68	42	289.6234	267.0976	0
68	43	375.5074	234.1534	0
69	1	334.6244	214.6061	0
69	2	581.5585	224.0012	0
69	3	337.2956	197.7732	0
69	4	419.8563	170.7305	0
69	5	157.4	312.6309	0
69	6	425.0128	280.902	0
69	7	318.239	264.0971	0
69	8	303.1812	321.7612	0
69	9	606.968	220.5186	0
69	10	218.6127	283.722	0
69	11	657.8704	140.4844	0
69	12	588.9048	142.1159	0
69	13	377.7859	170.9081	0
69	14	552.386	210.9754	0
69	15	595.6084	178.4734	0
69	16	427.5869	228.7251	0
69	17	519.0366	192.938	0
69	18	572.1114	181.7746	0
69	19	243.9758	308.7644	0
69	20	366.0064	289.0043	0
69	21	27.01932	310.0412	0
69	22	84.95407	333.3295	0
69	23	414.4752	210.4125	0
69	24	593.0544	163.9116	0
69	25	269.6019	327.7247	0
69	26	523.0922	238.5325	0
69	27	559.2286	258.5657	0
69	28	69.68604	251.6607	0
69	29	583.7127	130.4217	0
69	30	548.5831	134.4431	0
69	31	190.8685	348.2117	0
69	32	644.6545	109.7533	0
69	33	632.4705	157.9254	0
69	34	293.429	203.0386	0
69	35	39.64457	410.2267	0
69	36	277.8452	249.388	0
69	37	370.0771	212.1019	0
69	38	219.0695	377.0039	0
69	39	554.0126	169.6499	0
69	40	645.8354	196.9319	0
69	41	325.3757	243.6578	0
69	42	289.6234	267.0976	0
69	43	375.5074	234.1534	0
70	1	334.6244	214.6061	0
70	2	581.5585	224.0012	0
70	3	337.2956	197.7732	0
70	4	419.8563	170.7305	0
70	5	157.4	312.6309	0
70	6	425.0128	280.902	0
70	7	318.239	264.0971	0
70	8	303.1812	321.7612	0
70	9	606.968	220.5186	0
70	10	218.6127	283.722	0
70	11	657.8704	140.4844	0
70	12	588.9048	142.1159	0
70	13	377.7859	170.9081	0
70	14	552.386	210.9754	0
70	15	595.6084	178.4734	0
70	16	427.5869	228.7251	0
70	17	519.0366	192.938	0
70	18	572.1114	181.7746	0
70	19	243.9758	308.7644	0
70	20	366.0064	289.0043	0
70	21	27.01932	310.0412	0
70	22	84.95407	333.3295	0
70	23	414.4752	210.4125	0
70	24	593.0544	163.9116	0
70	25	269.6019	327.7247	0
70	26	523.0922	238.5325	0
70	27	559.2286	258.5657	0
70	28	69.68604	251.6607	0
70	29	583.7127	130.4217	0
70	30	548.5831	134.4431	0
70	31	190.8685	348.2117	0
70	32	644.6545	109.7533	0
70	33	632.4705	157.9254	0
70	34	293.429	203.0386	0
70	35	39.64457	410.2267	0
70	36	277.8452	249.388	0
70	37	370.0771	212.1019	0
70	38	219.0695	377.0039	0
70	39	554.0126	169.6499	0
70	40	645.8354	196.9319	0
70	41	325.3757	243.6578	0
70	42	289.6234	267.0976	0
70	43	375.5074	234.1534	0
71	1	334.6244	214.6061	0
71	2	581.5585	224.0012	0
71	3	337.2956	197.7732	0
71	4	419.8563	170.7305	0
71	5	157.4	312.6309	0
71	6	425.0128	280.902	0
71	7	318.239	264.0971	0
71	8	303.1812	321.7612	0
71	9	606.968	220.5186	0
71	10	218.6127	283.722	0
71	11	657.8704	140.4844	0
71	12	588.9048	142.1159	0
71	13	377.7859	170.9081	0
71	14	552.386	210.9754	0
71	15	595.6084	178.4734	0
71	16	427.5869	228.7251	0
71	17	519.0366	192.938	0
71	18	572.1114	181.7746	0
71	19	243.9758	308.7644	0
71	20	366.0064	289.0043	0
71	21	27.01932	310.0412	0
71	22	84.95407	333.3295	0
71	23	414.4752	210.4125	0
71	24	593.0544	163.9116	0
71	25	269.6019	327.7247	0
71	26	523.0922	238.5325	0
71	27	559.2286	258.5657	0
71	28	69.68604	251.6607	0
71	29	583.7127	130.4217	0
71	30	548.5831	134.4431	0
71	31	190.8685	348.2117	0
71	32	644.6545	109.7533	0
71	33	632.4705	157.9254	0
71	34	293.429	203.0386	0
71	35	39.64457	410.2267	0
71	36	277.8452	249.388	0
71	37	370.0771	212.1019	0
71	38	219.0695	377.0039	0
71	39	554.0126	169.6499	0
71	40	645.8354	196.9319	0
71	41	325.3757	243.6578	0
71	42	289.6234	267.0976	0
71	43	375.5074	234.1534	0
