64	1	495.601	147.5376	0
64	2	746.6251	149.1773	0
64	3	492.5812	141.7124	0
64	4	565.1113	132.1896	0
64	5	289.2052	194.6714	0
64	6	613.6994	174.7049	0
64	7	485.4152	166.9732	0
64	8	763.614	135.3854	0
64	9	478.1656	197.6904	0
64	10	770.6604	147.8768	0
64	11	371.3004	178.0782	0
64	12	767.1761	122.0606	0
64	13	708.4806	123.1206	0
64	14	526.5289	132.511	0
64	15	709.3116	144.4825	0
64	16	733.1668	133.3824	0
64	17	594.5134	152.5774	0
64	18	668.4611	139.106	0
64	19	713.3415	134.8654	0
64	20	403.4878	189.9194	0
64	21	546.4766	178.2823	0
64	22	126.6257	194.0248	0
64	23	189.337	207.378	0
64	24	575.1724	145.957	0
64	25	722.6199	129.1864	0
64	26	436.6101	200.2182	0
64	27	697.8572	155.4888	0
64	28	748.8251	162.8881	0
64	29	201.9599	165.2917	0
64	30	697.3205	119.5599	0
64	31	668.5826	120.7714	0
64	32	328.9728	215.2794	0
64	33	737.783	113.8989	0
64	34	754.6809	127.1423	0
64	35	450.6826	143.9704	0
64	36	68.62442	267.2875	0
64	37	438.7127	162.0309	0
64	38	530.1222	146.5064	0
64	39	367.2467	235.8943	0
64	40	690.892	131.1607	0
64	41	792.373	139.3584	0
64	42	489.0132	158.5105	0
64	43	454.4803	169.2611	0
64	44	540.8087	155.041	0
65	1	495.601	147.5376	0
65	2	746.6251	149.1773	0
65	3	492.5812	141.7124	0
65	4	565.1113	132.1896	0
65	5	289.2052	194.6714	0
65	6	613.6994	174.7049	0
65	7	485.4152	166.9732	0
65	8	763.614	135.3854	0
65	9	478.1656	197.6904	0
65	10	770.6604	147.8768	0
65	11	371.3004	178.0782	0
65	12	767.1761	122.0606	0
65	13	708.4806	123.1206	0
65	14	526.5289	132.511	0
65	15	709.3116	144.4825	0
65	16	733.1668	133.3824	0
65	17	594.5134	152.5774	0
65	18	668.4611	139.106	0
65	19	713.3415	134.8654	0
65	20	403.4878	189.9194	0
65	21	546.4766	178.2823	0
65	22	126.6257	194.0248	0
65	23	189.337	207.378	0
65	24	575.1724	145.957	0
65	25	722.6199	129.1864	0
65	26	436.6101	200.2182	0
65	27	697.8572	155.4888	0
65	28	748.8251	162.8881	0
65	29	201.9599	165.2917	0
65	30	697.3205	119.5599	0
65	31	668.5826	120.7714	0
65	32	328.9728	215.2794	0
65	33	737.783	113.8989	0
65	34	754.6809	127.1423	0
65	35	450.6826	143.9704	0
65	36	68.62442	267.2875	0
65	37	438.7127	162.0309	0
65	38	530.1222	146.5064	0
65	39	367.2467	235.8943	0
65	40	690.892	131.1607	0
65	41	792.373	139.3584	0
65	42	489.0132	158.5105	0
65	43	454.4803	169.2611	0
65	44	540.8087	155.041	0
66	1	495.601	147.5376	0
66	2	746.6251	149.1773	0
66	3	492.5812	141.7124	0
66	4	565.1113	132.1896	0
66	5	289.2052	194.6714	0
66	6	613.6994	174.7049	0
66	7	485.4152	166.9732	0
66	8	763.614	135.3854	0
66	9	478.1656	197.6904	0
66	10	770.6604	147.8768	0
66	11	371.3004	178.0782	0
66	12	767.1761	122.0606	0
66	13	708.4806	123.1206	0
66	14	526.5289	132.511	0
66	15	709.3116	144.4825	0
66	16	733.1668	133.3824	0
66	17	594.5134	152.5774	0
66	18	668.4611	139.106	0
66	19	713.3415	134.8654	0
66	20	403.4878	189.9194	0
66	21	546.4766	178.2823	0
66	22	126.6257	194.0248	0
66	23	189.337	207.378	0
66	24	575.1724	145.957	0
66	25	722.6199	129.1864	0
66	26	436.6101	200.2182	0
66	27	697.8572	155.4888	0
66	28	748.8251	162.8881	0
66	29	201.9599	165.2917	0
66	30	697.3205	119.5599	0
66	31	668.5826	120.7714	0
66	32	328.9728	215.2794	0
66	33	737.783	113.8989	0
66	34	754.6809	127.1423	0
66	35	450.6826	143.9704	0
66	36	68.62442	267.2875	0
66	37	438.7127	162.0309	0
66	38	530.1222	146.5064	0
66	39	367.2467	235.8943	0
66	40	690.892	131.1607	0
66	41	792.373	139.3584	0
66	42	489.0132	158.5105	0
66	43	454.4803	169.2611	0
66	44	540.8087	155.041	0
67	1	495.601	147.5376	0
67	2	746.6251	149.1773	0
67	3	492.5812	141.7124	0
67	4	565.1113	132.1896	0
67	5	289.2052	194.6714	0
67	6	613.6994	174.7049	0
67	7	485.4152	166.9732	0
67	8	763.614	135.3854	0
67	9	478.1656	197.6904	0
67	10	770.6604	147.8768	0
67	11	371.3004	178.0782	0
67	12	767.1761	122.0606	0
67	13	708.4806	123.1206	0
67	14	526.5289	132.511	0
67	15	709.3116	144.4825	0
67	16	733.1668	133.3824	0
67	17	594.5134	152.5774	0
67	18	668.4611	139.106	0
67	19	713.3415	134.8654	0
67	20	403.4878	189.9194	0
67	21	546.4766	178.2823	0
67	22	126.6257	194.0248	0
67	23	189.337	207.378	0
67	24	575.1724	145.957	0
67	25	722.6199	129.1864	0
67	26	436.6101	200.2182	0
67	27	697.8572	155.4888	0
67	28	748.8251	162.8881	0
67	29	201.9599	165.2917	0
67	30	697.3205	119.5599	0
67	31	668.5826	120.7714	0
67	32	328.9728	215.2794	0
67	33	737.783	113.8989	0
67	34	754.6809	127.1423	0
67	35	450.6826	143.9704	0
67	36	68.62442	267.2875	0
67	37	438.7127	162.0309	0
67	38	530.1222	146.5064	0
67	39	367.2467	235.8943	0
67	40	690.892	131.1607	0
67	41	792.373	139.3584	0
67	42	489.0132	158.5105	0
67	43	454.4803	169.2611	0
67	44	540.8087	155.041	0
68	1	495.601	147.5376	0
68	2	746.6251	149.1773	0
68	3	492.5812	141.7124	0
68	4	565.1113	132.1896	0
68	5	289.2052	194.6714	0
68	6	613.6994	174.7049	0
68	7	485.4152	166.9732	0
68	8	763.614	135.3854	0
68	9	478.1656	197.6904	0
68	10	770.6604	147.8768	0
68	11	371.3004	178.0782	0
68	12	767.1761	122.0606	0
68	13	708.4806	123.1206	0
68	14	526.5289	132.511	0
68	15	709.3116	144.4825	0
68	16	733.1668	133.3824	0
68	17	594.5134	152.5774	0
68	18	668.4611	139.106	0
68	19	713.3415	134.8654	0
68	20	403.4878	189.9194	0
68	21	546.4766	178.2823	0
68	22	126.6257	194.0248	0
68	23	189.337	207.378	0
68	24	575.1724	145.957	0
68	25	722.6199	129.1864	0
68	26	436.6101	200.2182	0
68	27	697.8572	155.4888	0
68	28	748.8251	162.8881	0
68	29	201.9599	165.2917	0
68	30	697.3205	119.5599	0
68	31	668.5826	120.7714	0
68	32	328.9728	215.2794	0
68	33	737.783	113.8989	0
68	34	754.6809	127.1423	0
68	35	450.6826	143.9704	0
68	36	68.62442	267.2875	0
68	37	438.7127	162.0309	0
68	38	530.1222	146.5064	0
68	39	367.2467	235.8943	0
68	40	690.892	131.1607	0
68	41	792.373	139.3584	0
68	42	489.0132	158.5105	0
68	43	454.4803	169.2611	0
68	44	540.8087	155.041	0
69	1	495.601	147.5376	0
69	2	746.6251	149.1773	0
69	3	492.5812	141.7124	0
69	4	565.1113	132.1896	0
69	5	289.2052	194.6714	0
69	6	613.6994	174.7049	0
69	7	485.4152	166.9732	0
69	8	763.614	135.3854	0
69	9	478.1656	197.6904	0
69	10	770.6604	147.8768	0
69	11	371.3004	178.0782	0
69	12	767.1761	122.0606	0
69	13	708.4806	123.1206	0
69	14	526.5289	132.511	0
69	15	709.3116	144.4825	0
69	16	733.1668	133.3824	0
69	17	594.5134	152.5774	0
69	18	668.4611	139.106	0
69	19	713.3415	134.8654	0
69	20	403.4878	189.9194	0
69	21	546.4766	178.2823	0
69	22	126.6257	194.0248	0
69	23	189.337	207.378	0
69	24	575.1724	145.957	0
69	25	722.6199	129.1864	0
69	26	436.6101	200.2182	0
69	27	697.8572	155.4888	0
69	28	748.8251	162.8881	0
69	29	201.9599	165.2917	0
69	30	697.3205	119.5599	0
69	31	668.5826	120.7714	0
69	32	328.9728	215.2794	0
69	33	737.783	113.8989	0
69	34	754.6809	127.1423	0
69	35	450.6826	143.9704	0
69	36	68.62442	267.2875	0
69	37	438.7127	162.0309	0
69	38	530.1222	146.5064	0
69	39	367.2467	235.8943	0
69	40	690.892	131.1607	0
69	41	792.373	139.3584	0
69	42	489.0132	158.5105	0
69	43	454.4803	169.2611	0
69	44	540.8087	155.041	0
70	1	495.601	147.5376	0
70	2	746.6251	149.1773	0
70	3	492.5812	141.7124	0
70	4	565.1113	132.1896	0
70	5	289.2052	194.6714	0
70	6	613.6994	174.7049	0
70	7	485.4152	166.9732	0
70	8	763.614	135.3854	0
70	9	478.1656	197.6904	0
70	10	770.6604	147.8768	0
70	11	371.3004	178.0782	0
70	12	767.1761	122.0606	0
70	13	708.4806	123.1206	0
70	14	526.5289	132.511	0
70	15	709.3116	144.4825	0
70	16	733.1668	133.3824	0
70	17	594.5134	152.5774	0
70	18	668.4611	139.106	0
70	19	713.3415	134.8654	0
70	20	403.4878	189.9194	0
70	21	546.4766	178.2823	0
70	22	126.6257	194.0248	0
70	23	189.337	207.378	0
70	24	575.1724	145.957	0
70	25	722.6199	129.1864	0
70	26	436.6101	200.2182	0
70	27	697.8572	155.4888	0
70	28	748.8251	162.8881	0
70	29	201.9599	165.2917	0
70	30	697.3205	119.5599	0
70	31	668.5826	120.7714	0
70	32	328.9728	215.2794	0
70	33	737.783	113.8989	0
70	34	754.6809	127.1423	0
70	35	450.6826	143.9704	0
70	36	68.62442	267.2875	0
70	37	438.7127	162.0309	0
70	38	530.1222	146.5064	0
70	39	367.2467	235.8943	0
70	40	690.892	131.1607	0
70	41	792.373	139.3584	0
70	42	489.0132	158.5105	0
70	43	454.4803	169.2611	0
70	44	540.8087	155.041	0
71	1	495.601	147.5376	0
71	2	746.6251	149.1773	0
71	3	492.5812	141.7124	0
71	4	565.1113	132.1896	0
71	5	289.2052	194.6714	0
71	6	613.6994	174.7049	0
71	7	485.4152	166.9732	0
71	8	763.614	135.3854	0
71	9	478.1656	197.6904	0
71	10	770.6604	147.8768	0
71	11	371.3004	178.0782	0
71	12	767.1761	122.0606	0
71	13	708.4806	123.1206	0
71	14	526.5289	132.511	0
71	15	709.3116	144.4825	0
71	16	733.1668	133.3824	0
71	17	594.5134	152.5774	0
71	18	668.4611	139.106	0
71	19	713.3415	134.8654	0
71	20	403.4878	189.9194	0
71	21	546.4766	178.2823	0
71	22	126.6257	194.0248	0
71	23	189.337	207.378	0
71	24	575.1724	145.957	0
71	25	722.6199	129.1864	0
71	26	436.6101	200.2182	0
71	27	697.8572	155.4888	0
71	28	748.8251	162.8881	0
71	29	201.9599	165.2917	0
71	30	697.3205	119.5599	0
71	31	668.5826	120.7714	0
71	32	328.9728	215.2794	0
71	33	737.783	113.8989	0
71	34	754.6809	127.1423	0
71	35	450.6826	143.9704	0
71	36	68.62442	267.2875	0
71	37	438.7127	162.0309	0
71	38	530.1222	146.5064	0
71	39	367.2467	235.8943	0
71	40	690.892	131.1607	0
71	41	792.373	139.3584	0
71	42	489.0132	158.5105	0
71	43	454.4803	169.2611	0
71	44	540.8087	155.041	0
72	1	495.601	147.5376	0
72	2	746.6251	149.1773	0
72	3	492.5812	141.7124	0
72	4	565.1113	132.1896	0
72	5	289.2052	194.6714	0
72	6	613.6994	174.7049	0
72	7	485.4152	166.9732	0
72	8	763.614	135.3854	0
72	9	478.1656	197.6904	0
72	10	770.6604	147.8768	0
72	11	371.3004	178.0782	0
72	12	767.1761	122.0606	0
72	13	708.4806	123.1206	0
72	14	526.5289	132.511	0
72	15	709.3116	144.4825	0
72	16	733.1668	133.3824	0
72	17	594.5134	152.5774	0
72	18	668.4611	139.106	0
72	19	713.3415	134.8654	0
72	20	403.4878	189.9194	0
72	21	546.4766	178.2823	0
72	22	126.6257	194.0248	0
72	23	189.337	207.378	0
72	24	575.1724	145.957	0
72	25	722.6199	129.1864	0
72	26	436.6101	200.2182	0
72	27	697.8572	155.4888	0
72	28	748.8251	162.8881	0
72	29	201.9599	165.2917	0
72	30	697.3205	119.5599	0
72	31	668.5826	120.7714	0
72	32	328.9728	215.2794	0
72	33	737.783	113.8989	0
72	34	754.6809	127.1423	0
72	35	450.6826	143.9704	0
72	36	68.62442	267.2875	0
72	37	438.7127	162.0309	0
72	38	530.1222	146.5064	0
72	39	367.2467	235.8943	0
72	40	690.892	131.1607	0
72	41	792.373	139.3584	0
72	42	489.0132	158.5105	0
72	43	454.4803	169.2611	0
72	44	540.8087	155.041	0
73	1	495.601	147.5376	0
73	2	746.6251	149.1773	0
73	3	492.5812	141.7124	0
73	4	565.1113	132.1896	0
73	5	289.2052	194.6714	0
73	6	613.6994	174.7049	0
73	7	485.4152	166.9732	0
73	8	763.614	135.3854	0
73	9	478.1656	197.6904	0
73	10	770.6604	147.8768	0
73	11	371.3004	178.0782	0
73	12	767.1761	122.0606	0
73	13	708.4806	123.1206	0
73	14	526.5289	132.511	0
73	15	709.3116	144.4825	0
73	16	733.1668	133.3824	0
73	17	594.5134	152.5774	0
73	18	668.4611	139.106	0
73	19	713.3415	134.8654	0
73	20	403.4878	189.9194	0
73	21	546.4766	178.2823	0
73	22	126.6257	194.0248	0
73	23	189.337	207.378	0
73	24	575.1724	145.957	0
73	25	722.6199	129.1864	0
73	26	436.6101	200.2182	0
73	27	697.8572	155.4888	0
73	28	748.8251	162.8881	0
73	29	201.9599	165.2917	0
73	30	697.3205	119.5599	0
73	31	668.5826	120.7714	0
73	32	328.9728	215.2794	0
73	33	737.783	113.8989	0
73	34	754.6809	127.1423	0
73	35	450.6826	143.9704	0
73	36	68.62442	267.2875	0
73	37	438.7127	162.0309	0
73	38	530.1222	146.5064	0
73	39	367.2467	235.8943	0
73	40	690.892	131.1607	0
73	41	792.373	139.3584	0
73	42	489.0132	158.5105	0
73	43	454.4803	169.2611	0
73	44	540.8087	155.041	0
74	1	495.601	147.5376	0
74	2	746.6251	149.1773	0
74	3	492.5812	141.7124	0
74	4	565.1113	132.1896	0
74	5	289.2052	194.6714	0
74	6	613.6994	174.7049	0
74	7	485.4152	166.9732	0
74	8	763.614	135.3854	0
74	9	478.1656	197.6904	0
74	10	770.6604	147.8768	0
74	11	371.3004	178.0782	0
74	12	767.1761	122.0606	0
74	13	708.4806	123.1206	0
74	14	526.5289	132.511	0
74	15	709.3116	144.4825	0
74	16	733.1668	133.3824	0
74	17	594.5134	152.5774	0
74	18	668.4611	139.106	0
74	19	713.3415	134.8654	0
74	20	403.4878	189.9194	0
74	21	546.4766	178.2823	0
74	22	126.6257	194.0248	0
74	23	189.337	207.378	0
74	24	575.1724	145.957	0
74	25	722.6199	129.1864	0
74	26	436.6101	200.2182	0
74	27	697.8572	155.4888	0
74	28	748.8251	162.8881	0
74	29	201.9599	165.2917	0
74	30	697.3205	119.5599	0
74	31	668.5826	120.7714	0
74	32	328.9728	215.2794	0
74	33	737.783	113.8989	0
74	34	754.6809	127.1423	0
74	35	450.6826	143.9704	0
74	36	68.62442	267.2875	0
74	37	438.7127	162.0309	0
74	38	530.1222	146.5064	0
74	39	367.2467	235.8943	0
74	40	690.892	131.1607	0
74	41	792.373	139.3584	0
74	42	489.0132	158.5105	0
74	43	454.4803	169.2611	0
74	44	540.8087	155.041	0
75	1	495.601	147.5376	0
75	2	746.6251	149.1773	0
75	3	492.5812	141.7124	0
75	4	565.1113	132.1896	0
75	5	289.2052	194.6714	0
75	6	613.6994	174.7049	0
75	7	485.4152	166.9732	0
75	8	763.614	135.3854	0
75	9	478.1656	197.6904	0
75	10	770.6604	147.8768	0
75	11	371.3004	178.0782	0
75	12	767.1761	122.0606	0
75	13	708.4806	123.1206	0
75	14	526.5289	132.511	0
75	15	709.3116	144.4825	0
75	16	733.1668	133.3824	0
75	17	594.5134	152.5774	0
75	18	668.4611	139.106	0
75	19	713.3415	134.8654	0
75	20	403.4878	189.9194	0
75	21	546.4766	178.2823	0
75	22	126.6257	194.0248	0
75	23	189.337	207.378	0
75	24	575.1724	145.957	0
75	25	722.6199	129.1864	0
75	26	436.6101	200.2182	0
75	27	697.8572	155.4888	0
75	28	748.8251	162.8881	0
75	29	201.9599	165.2917	0
75	30	697.3205	119.5599	0
75	31	668.5826	120.7714	0
75	32	328.9728	215.2794	0
75	33	737.783	113.8989	0
75	34	754.6809	127.1423	0
75	35	450.6826	143.9704	0
75	36	68.62442	267.2875	0
75	37	438.7127	162.0309	0
75	38	530.1222	146.5064	0
75	39	367.2467	235.8943	0
75	40	690.892	131.1607	0
75	41	792.373	139.3584	0
75	42	489.0132	158.5105	0
75	43	454.4803	169.2611	0
75	44	540.8087	155.041	0
