63	1	423.5863	142.9232	0
63	2	760.9175	138.2374	0
63	3	422.304	141.4376	0
63	4	517.6532	132.7339	0
63	5	152.3983	179.8089	0
63	6	582.2185	159.4697	0
63	7	413.5966	155.9808	0
63	8	406.1552	181.7327	0
63	9	793.076	134.5507	0
63	10	257.2054	170.3074	0
63	11	781.1194	118.6409	0
63	12	705.5633	119.2912	0
63	13	466.3813	133.3821	0
63	14	709.4953	142.3664	0
63	15	739.7389	134.4425	0
63	16	557.5556	151.4709	0
63	17	652.6724	137.7187	0
63	18	712.5558	137.2993	0
63	19	304.3703	191.8357	0
63	20	495.6944	163.914	0
63	21	-75.30204	168.8291	0
63	22	6.379886	181.0926	0
63	23	529.8099	142.456	0
63	24	726.3776	122.113	0
63	25	350.6997	197.4972	0
63	26	698.127	139.3058	0
63	27	764.3647	157.4407	0
63	28	37.74133	160.7169	0
63	29	691.7724	116.4291	0
63	30	654.1475	118.2152	0
63	31	204.1178	204.8215	0
63	32	744.6784	109.0399	0
63	33	764.8997	128.5615	0
63	34	365.3391	143.2286	0
63	35	-170.9653	232.8694	0
63	36	348.8514	157.0755	0
63	37	471.4275	138.7824	0
63	38	254.3684	212.813	0
63	39	682.5173	124.9558	0
63	40	819.0284	135.4997	0
63	41	416.8297	155.0361	0
63	42	368.635	161.4545	0
63	43	487.5701	148.434	0
64	1	423.5962	142.9214	0
64	2	760.9321	138.2379	0
64	3	422.3165	141.4315	0
64	4	517.6351	132.7252	0
64	5	152.3791	179.7941	0
64	6	582.1869	159.4636	0
64	7	413.597	155.9852	0
64	8	406.2154	181.7157	0
64	9	793.0922	134.5507	0
64	10	257.1745	170.3102	0
64	11	781.1651	118.6496	0
64	12	705.5731	119.2916	0
64	13	466.362	133.3766	0
64	14	709.5334	142.3844	0
64	15	739.7254	134.4374	0
64	16	557.5543	151.4622	0
64	17	652.6819	137.7176	0
64	18	712.5638	137.2999	0
64	19	304.3142	191.8703	0
64	20	495.7574	163.9119	0
64	21	-75.28074	168.8293	0
64	22	6.416869	181.0887	0
64	23	529.811	142.4489	0
64	24	726.3884	122.1121	0
64	25	350.7108	197.4931	0
64	26	698.0695	139.2925	0
64	27	764.3812	157.4485	0
64	28	37.81578	160.7124	0
64	29	691.7331	116.425	0
64	30	654.1364	118.2133	0
64	31	204.1236	204.7972	0
64	32	744.6417	109.0362	0
64	33	764.9013	128.5625	0
64	34	365.3723	143.2212	0
64	35	-171.315	232.965	0
64	36	348.8518	157.078	0
64	37	471.4285	138.784	0
64	38	254.3276	212.7871	0
64	39	682.4828	124.947	0
64	40	819.0277	135.4983	0
64	41	416.816	155.0493	0
64	42	368.6375	161.4569	0
64	43	487.5611	148.4221	0
65	1	423.6061	142.9193	0
65	2	760.9469	138.2389	0
65	3	422.3285	141.4248	0
65	4	517.618	132.7166	0
65	5	152.3568	179.7834	0
65	6	582.1712	159.4617	0
65	7	413.5885	155.9929	0
65	8	406.2658	181.6943	0
65	9	793.106	134.5515	0
65	10	257.1809	170.3067	0
65	11	781.2111	118.66	0
65	12	705.5826	119.2924	0
65	13	466.338	133.3716	0
65	14	709.5664	142.4026	0
65	15	739.7062	134.432	0
65	16	557.5422	151.4522	0
65	17	652.7164	137.7177	0
65	18	712.5714	137.3005	0
65	19	304.2515	191.8994	0
65	20	495.8117	163.905	0
65	21	-75.25764	168.8305	0
65	22	6.460927	181.0825	0
65	23	529.812	142.4413	0
65	24	726.4001	122.1117	0
65	25	350.7772	197.4917	0
65	26	698.0103	139.2817	0
65	27	764.4053	157.4606	0
65	28	37.89766	160.705	0
65	29	691.6952	116.4207	0
65	30	654.1697	118.2143	0
65	31	204.1238	204.7751	0
65	32	744.6023	109.0327	0
65	33	764.9048	128.5638	0
65	34	365.3975	143.2137	0
65	35	-171.6871	233.0665	0
65	36	348.8512	157.081	0
65	37	471.4304	138.786	0
65	38	254.2873	212.7669	0
65	39	682.4459	124.9384	0
65	40	819.0289	135.4969	0
65	41	416.8032	155.0648	0
65	42	368.6452	161.4583	0
65	43	487.5403	148.4079	0
66	1	423.6162	142.9178	0
66	2	760.9604	138.2405	0
66	3	422.3286	141.4165	0
66	4	517.6012	132.7085	0
66	5	152.338	179.7757	0
66	6	582.1696	159.4632	0
66	7	413.5719	156.0058	0
66	8	406.3	181.6748	0
66	9	793.1117	134.5508	0
66	10	257.2453	170.3066	0
66	11	781.255	118.6717	0
66	12	705.5913	119.2928	0
66	13	466.3113	133.3664	0
66	14	709.5884	142.4165	0
66	15	739.6839	134.4262	0
66	16	557.5187	151.4399	0
66	17	652.7446	137.7162	0
66	18	712.5792	137.3002	0
66	19	304.193	191.9174	0
66	20	495.8568	163.8946	0
66	21	-75.21862	168.8267	0
66	22	6.504422	181.0768	0
66	23	529.8001	142.4318	0
66	24	726.4117	122.1116	0
66	25	350.8445	197.486	0
66	26	697.9532	139.2719	0
66	27	764.4432	157.4761	0
66	28	37.9833	160.6952	0
66	29	691.6632	116.4171	0
66	30	654.1976	118.2144	0
66	31	204.1139	204.7545	0
66	32	744.5592	109.029	0
66	33	764.9091	128.5652	0
66	34	365.4174	143.2068	0
66	35	-172.0846	233.1713	0
66	36	348.8485	157.0843	0
66	37	471.4322	138.7885	0
66	38	254.2519	212.7523	0
66	39	682.4062	124.9314	0
66	40	819.0291	135.4956	0
66	41	416.7926	155.08	0
66	42	368.6552	161.4602	0
66	43	487.5179	148.3935	0
67	1	423.6291	142.9161	0
67	2	760.9733	138.2412	0
67	3	422.3192	141.4063	0
67	4	517.5821	132.701	0
67	5	152.3254	179.7726	0
67	6	582.1734	159.466	0
67	7	413.5549	156.0227	0
67	8	406.3289	181.6537	0
67	9	793.1104	134.5486	0
67	10	257.3141	170.3033	0
67	11	781.2941	118.6832	0
67	12	705.5997	119.2932	0
67	13	466.2871	133.3616	0
67	14	709.5982	142.4235	0
67	15	739.6512	134.418	0
67	16	557.4922	151.4271	0
67	17	652.7629	137.7129	0
67	18	712.5878	137.2996	0
67	19	304.1542	191.9256	0
67	20	495.8933	163.8809	0
67	21	-75.17418	168.8216	0
67	22	6.549527	181.0716	0
67	23	529.7777	142.42	0
67	24	726.4244	122.1113	0
67	25	350.9085	197.4745	0
67	26	697.8918	139.2627	0
67	27	764.4927	157.493	0
67	28	38.06787	160.6826	0
67	29	691.639	116.414	0
67	30	654.2177	118.213	0
67	31	204.0903	204.7344	0
67	32	744.5197	109.0251	0
67	33	764.9149	128.5669	0
67	34	365.4319	143.1997	0
67	35	-172.4833	233.2633	0
67	36	348.8451	157.0874	0
67	37	471.433	138.7911	0
67	38	254.2278	212.7444	0
67	39	682.368	124.9258	0
67	40	819.0311	135.4954	0
67	41	416.7804	155.0994	0
67	42	368.6641	161.4617	0
67	43	487.4981	148.3801	0
68	1	423.6435	142.9147	0
68	2	760.9859	138.2412	0
68	3	422.3076	141.3957	0
68	4	517.5611	132.6951	0
68	5	152.3202	179.7743	0
68	6	582.1779	159.4694	0
68	7	413.5389	156.0415	0
68	8	406.3425	181.6322	0
68	9	793.1097	134.5467	0
68	10	257.3828	170.2955	0
68	11	781.3225	118.6908	0
68	12	705.608	119.2927	0
68	13	466.2669	133.3579	0
68	14	709.5988	142.4259	0
68	15	739.6132	134.4088	0
68	16	557.4686	151.4153	0
68	17	652.7739	137.7081	0
68	18	712.5974	137.2995	0
68	19	304.1374	191.9244	0
68	20	495.9182	163.8638	0
68	21	-75.13061	168.8173	0
68	22	6.60707	181.0654	0
68	23	529.7538	142.4081	0
68	24	726.4355	122.1115	0
68	25	350.9692	197.459	0
68	26	697.8236	139.2534	0
68	27	764.5522	157.5121	0
68	28	38.14071	160.6714	0
68	29	691.6241	116.4122	0
68	30	654.2302	118.2106	0
68	31	204.0652	204.7152	0
68	32	744.4875	109.0219	0
68	33	764.9211	128.5683	0
68	34	365.4336	143.1899	0
68	35	-172.8307	233.3258	0
68	36	348.8441	157.0902	0
68	37	471.4337	138.7934	0
68	38	254.2173	212.7448	0
68	39	682.3287	124.9201	0
68	40	819.0363	135.496	0
68	41	416.7635	155.1212	0
68	42	368.6724	161.4629	0
68	43	487.4748	148.3673	0
69	1	423.6555	142.9147	0
69	2	760.9996	138.2405	0
69	3	422.2983	141.386	0
69	4	517.5401	132.6898	0
69	5	152.3158	179.7776	0
69	6	582.1835	159.4734	0
69	7	413.5253	156.0612	0
69	8	406.3342	181.6061	0
69	9	793.1115	134.5452	0
69	10	257.4513	170.2844	0
69	11	781.3378	118.6935	0
69	12	705.6174	119.2919	0
69	13	466.2527	133.3553	0
69	14	709.588	142.4244	0
69	15	739.5784	134.4002	0
69	16	557.442	151.4037	0
69	17	652.7761	137.7017	0
69	18	712.6066	137.2994	0
69	19	304.171	191.9228	0
69	20	495.9268	163.8491	0
69	21	-75.08377	168.813	0
69	22	6.655265	181.0623	0
69	23	529.7324	142.397	0
69	24	726.4445	122.112	0
69	25	351.0242	197.4393	0
69	26	697.7603	139.2441	0
69	27	764.6153	157.5352	0
69	28	38.2111	160.6601	0
69	29	691.6188	116.4122	0
69	30	654.2356	118.2073	0
69	31	204.0386	204.701	0
69	32	744.4642	109.0193	0
69	33	764.929	128.5698	0
69	34	365.427	143.1788	0
69	35	-173.0456	233.3568	0
69	36	348.8468	157.092	0
69	37	471.4361	138.7956	0
69	38	254.2135	212.7495	0
69	39	682.2845	124.9148	0
69	40	819.0421	135.4977	0
69	41	416.7409	155.1448	0
69	42	368.6803	161.4628	0
69	43	487.4482	148.3565	0
70	1	423.6654	142.9157	0
70	2	761.014	138.2401	0
70	3	422.2862	141.3766	0
70	4	517.5161	132.6847	0
70	5	152.311	179.7818	0
70	6	582.1882	159.4776	0
70	7	413.5087	156.0859	0
70	8	406.3145	181.5787	0
70	9	793.1125	134.5434	0
70	10	257.5175	170.2701	0
70	11	781.3418	118.6939	0
70	12	705.6275	119.2916	0
70	13	466.2455	133.3547	0
70	14	709.6136	142.4243	0
70	15	739.5422	134.3918	0
70	16	557.413	151.3937	0
70	17	652.7704	137.6957	0
70	18	712.6169	137.2993	0
70	19	304.2291	191.9205	0
70	20	495.9355	163.834	0
70	21	-75.02544	168.8084	0
70	22	6.69378	181.062	0
70	23	529.7079	142.3864	0
70	24	726.4468	122.1108	0
70	25	351.0678	197.4193	0
70	26	697.7084	139.2369	0
70	27	764.6759	157.5602	0
70	28	38.26494	160.6476	0
70	29	691.6205	116.4132	0
70	30	654.2336	118.203	0
70	31	204.0153	204.6905	0
70	32	744.4512	109.0179	0
70	33	764.9369	128.571	0
70	34	365.422	143.1681	0
70	35	-173.1042	233.3581	0
70	36	348.8544	157.0931	0
70	37	471.4411	138.797	0
70	38	254.2103	212.7556	0
70	39	682.2392	124.9094	0
70	40	819.0523	135.5006	0
70	41	416.711	155.1672	0
70	42	368.689	161.4622	0
70	43	487.4213	148.3474	0
71	1	423.6687	142.9181	0
71	2	761.0295	138.24	0
71	3	422.2715	141.3688	0
71	4	517.487	132.6796	0
71	5	152.3032	179.7868	0
71	6	582.1952	159.482	0
71	7	413.4863	156.1132	0
71	8	406.3	181.5528	0
71	9	793.1151	134.5428	0
71	10	257.5741	170.2542	0
71	11	781.3307	118.6923	0
71	12	705.6374	119.2915	0
71	13	466.2445	133.3556	0
71	14	709.6478	142.4238	0
71	15	739.5042	134.3844	0
71	16	557.384	151.3855	0
71	17	652.7589	137.6894	0
71	18	712.6259	137.2993	0
71	19	304.2878	191.9144	0
71	20	495.9261	163.8167	0
71	21	-74.98002	168.8067	0
71	22	6.70844	181.0657	0
71	23	529.6807	142.3775	0
71	24	726.4481	122.1095	0
71	25	351.1017	197.3991	0
71	26	697.6702	139.2311	0
71	27	764.7316	157.5865	0
71	28	38.30368	160.6321	0
71	29	691.6237	116.4144	0
71	30	654.2231	118.1998	0
71	31	204	204.6852	0
71	32	744.448	109.0184	0
71	33	764.9459	128.5713	0
71	34	365.4166	143.1578	0
71	35	-173.0136	233.3518	0
71	36	348.863	157.0948	0
71	37	471.4498	138.7977	0
71	38	254.2049	212.7633	0
71	39	682.1998	124.9042	0
71	40	819.0693	135.5056	0
71	41	416.675	155.1825	0
71	42	368.6995	161.4623	0
71	43	487.3907	148.3384	0
72	1	423.6659	142.9222	0
72	2	761.0445	138.2399	0
72	3	422.2558	141.3624	0
72	4	517.4587	132.6745	0
72	5	152.2905	179.7924	0
72	6	582.2038	159.4856	0
72	7	413.4565	156.1425	0
72	8	406.2816	181.5274	0
72	9	793.1213	134.5435	0
72	10	257.6203	170.2399	0
72	11	781.3572	118.6929	0
72	12	705.6488	119.2914	0
72	13	466.2453	133.3569	0
72	14	709.6721	142.4212	0
72	15	739.4661	134.3784	0
72	16	557.3527	151.3774	0
72	17	652.7434	137.6827	0
72	18	712.6331	137.2997	0
72	19	304.3455	191.9041	0
72	20	495.8995	163.7958	0
72	21	-74.94529	168.8073	0
72	22	6.682057	181.0746	0
72	23	529.6537	142.3701	0
72	24	726.4502	122.1086	0
72	25	351.1286	197.3789	0
72	26	697.6485	139.2281	0
72	27	764.7748	157.6091	0
72	28	38.33349	160.6158	0
72	29	691.6276	116.4159	0
72	30	654.2125	118.1959	0
72	31	203.9942	204.686	0
72	32	744.4508	109.0194	0
72	33	764.955	128.5719	0
72	34	365.4084	143.1484	0
72	35	-172.8403	233.3437	0
72	36	348.8706	157.0958	0
72	37	471.4596	138.799	0
72	38	254.1952	212.7726	0
72	39	682.1688	124.9001	0
72	40	819.0945	135.5134	0
72	41	416.643	155.1899	0
72	42	368.7135	161.4623	0
72	43	487.3525	148.3299	0
73	1	423.6553	142.9294	0
73	2	761.0598	138.2399	0
73	3	422.2373	141.3559	0
73	4	517.4343	132.6703	0
73	5	152.2757	179.798	0
73	6	582.2161	159.4873	0
73	7	413.4173	156.1693	0
73	8	406.2584	181.5045	0
73	9	793.1276	134.5456	0
73	10	257.6608	170.2254	0
73	11	781.3834	118.6931	0
73	12	705.6583	119.2916	0
73	13	466.2461	133.3585	0
73	14	709.6843	142.4167	0
73	15	739.4289	134.3728	0
73	16	557.3159	151.3698	0
73	17	652.7162	137.6735	0
73	18	712.635	137.2984	0
73	19	304.4008	191.8907	0
73	20	495.868	163.7744	0
73	21	-74.93798	168.8112	0
73	22	6.613327	181.0911	0
73	23	529.6238	142.3627	0
73	24	726.4541	122.1075	0
73	25	351.1357	197.3552	0
73	26	697.6428	139.2289	0
73	27	764.8015	157.6227	0
73	28	38.36695	160.6005	0
73	29	691.6324	116.4174	0
73	30	654.1925	118.1903	0
73	31	203.9918	204.6896	0
73	32	744.4546	109.0206	0
73	33	764.9633	128.5728	0
73	34	365.3975	143.1407	0
73	35	-172.6327	233.3241	0
73	36	348.8776	157.0967	0
73	37	471.4682	138.7999	0
73	38	254.1817	212.7822	0
73	39	682.148	124.8972	0
73	40	819.132	135.5235	0
73	41	416.6232	155.192	0
73	42	368.7296	161.4621	0
73	43	487.3135	148.3214	0
74	1	423.643	142.9395	0
74	2	761.0729	138.2409	0
74	3	422.2126	141.3497	0
74	4	517.4153	132.667	0
74	5	152.2659	179.803	0
74	6	582.2314	159.4889	0
74	7	413.3722	156.1867	0
74	8	406.2318	181.4852	0
74	9	793.1382	134.549	0
74	10	257.6819	170.2078	0
74	11	781.3994	118.6917	0
74	12	705.6658	119.292	0
74	13	466.247	133.3604	0
74	14	709.6873	142.4105	0
74	15	739.389	134.3676	0
74	16	557.2771	151.3622	0
74	17	652.6829	137.6631	0
74	18	712.6365	137.2969	0
74	19	304.4509	191.874	0
74	20	495.8412	163.7545	0
74	21	-74.97308	168.8195	0
74	22	6.506593	181.1169	0
74	23	529.5875	142.3557	0
74	24	726.4581	122.1069	0
74	25	351.1291	197.3296	0
74	26	697.6469	139.2309	0
74	27	764.8106	157.6284	0
74	28	38.39688	160.5857	0
74	29	691.6378	116.4186	0
74	30	654.1641	118.183	0
74	31	203.9896	204.6941	0
74	32	744.4596	109.022	0
74	33	764.9711	128.5733	0
74	34	365.3852	143.1338	0
74	35	-172.3894	233.2906	0
74	36	348.8841	157.0965	0
74	37	471.4764	138.8006	0
74	38	254.1713	212.7918	0
74	39	682.1385	124.8966	0
74	40	819.1786	135.5336	0
74	41	416.6163	155.1889	0
74	42	368.7451	161.4622	0
74	43	487.2794	148.3141	0
75	1	423.6323	142.9519	0
75	2	761.0773	138.2396	0
75	3	422.1862	141.3436	0
75	4	517.4036	132.665	0
75	5	152.2629	179.806	0
75	6	582.2459	159.4912	0
75	7	413.3346	156.1946	0
75	8	406.201	181.467	0
75	9	793.1567	134.5548	0
75	10	257.6891	170.1878	0
75	11	781.4037	118.6894	0
75	12	705.6675	119.291	0
75	13	466.247	133.3621	0
75	14	709.6799	142.4022	0
75	15	739.3459	134.3623	0
75	16	557.2427	151.3555	0
75	17	652.6524	137.6533	0
75	18	712.6384	137.2959	0
75	19	304.4895	191.8586	0
75	20	495.8101	163.735	0
75	21	-75.05353	168.8345	0
75	22	6.376489	181.1501	0
75	23	529.5506	142.3487	0
75	24	726.463	122.1074	0
75	25	351.1233	197.3048	0
75	26	697.6526	139.2335	0
75	27	764.8038	157.6284	0
75	28	38.42314	160.5726	0
75	29	691.6445	116.4198	0
75	30	654.1349	118.1754	0
75	31	203.9848	204.6999	0
75	32	744.4653	109.0234	0
75	33	764.9789	128.5731	0
75	34	365.3683	143.1273	0
75	35	-172.1256	233.2475	0
75	36	348.8911	157.0961	0
75	37	471.4842	138.8003	0
75	38	254.169	212.799	0
75	39	682.1387	124.8976	0
75	40	819.2344	135.545	0
75	41	416.6657	155.1894	0
75	42	368.7599	161.4626	0
75	43	487.2516	148.3083	0
76	1	423.624	142.9645	0
76	2	761.0772	138.2374	0
76	3	422.1628	141.3382	0
76	4	517.3995	132.6653	0
76	5	152.2694	179.8082	0
76	6	582.2593	159.4925	0
76	7	413.3124	156.196	0
76	8	406.1609	181.4501	0
76	9	793.1835	134.5642	0
76	10	257.6952	170.1682	0
76	11	781.3989	118.686	0
76	12	705.6691	119.2899	0
76	13	466.2478	133.3638	0
76	14	709.6624	142.3951	0
76	15	739.3063	134.357	0
76	16	557.2148	151.3503	0
76	17	652.6205	137.6438	0
76	18	712.6419	137.2947	0
76	19	304.5248	191.8422	0
76	20	495.7745	163.718	0
76	21	-75.16999	168.8569	0
76	22	6.228584	181.187	0
76	23	529.5184	142.3425	0
76	24	726.4691	122.1086	0
76	25	351.1175	197.2809	0
76	26	697.6601	139.2366	0
76	27	764.8162	157.6267	0
76	28	38.44308	160.5617	0
76	29	691.6517	116.4207	0
76	30	654.1074	118.1685	0
76	31	203.9751	204.7068	0
76	32	744.4725	109.0244	0
76	33	764.9875	128.5725	0
76	34	365.345	143.1207	0
76	35	-171.849	233.1938	0
76	36	348.9002	157.0962	0
76	37	471.4926	138.7995	0
76	38	254.177	212.8032	0
76	39	682.1422	124.899	0
76	40	819.2949	135.5594	0
76	41	416.7146	155.1879	0
76	42	368.7744	161.4597	0
76	43	487.2336	148.3048	0
77	1	423.6152	142.98	0
77	2	761.0777	138.2356	0
77	3	422.1429	141.3339	0
77	4	517.4005	132.6664	0
77	5	152.278	179.8111	0
77	6	582.2721	159.4933	0
77	7	413.3164	156.1929	0
77	8	406.112	181.4334	0
77	9	793.2249	134.5765	0
77	10	257.7029	170.1494	0
77	11	781.3848	118.6812	0
77	12	705.6712	119.2892	0
77	13	466.25	133.3653	0
77	14	709.6439	142.3878	0
77	15	739.2745	134.353	0
77	16	557.196	151.3468	0
77	17	652.5866	137.6353	0
77	18	712.6455	137.2939	0
77	19	304.548	191.8254	0
77	20	495.7384	163.7039	0
77	21	-75.31184	168.8851	0
77	22	6.065303	181.2289	0
77	23	529.4924	142.3377	0
77	24	726.4753	122.1106	0
77	25	351.1069	197.2582	0
77	26	697.6685	139.2399	0
77	27	764.8587	157.6261	0
77	28	38.45761	160.5512	0
77	29	691.6608	116.4208	0
77	30	654.0777	118.1618	0
77	31	203.9624	204.7139	0
77	32	744.4807	109.0253	0
77	33	764.9968	128.5722	0
77	34	365.322	143.1142	0
77	35	-171.5982	233.1418	0
77	36	348.9129	157.0962	0
77	37	471.5024	138.7994	0
77	38	254.1918	212.8074	0
77	39	682.1462	124.9008	0
77	40	819.354	135.5752	0
77	41	416.7592	155.183	0
77	42	368.7894	161.4564	0
77	43	487.2261	148.3046	0
78	1	423.6021	142.9979	0
78	2	761.0808	138.2339	0
78	3	422.1296	141.3312	0
78	4	517.4023	132.6678	0
78	5	152.2855	179.8129	0
78	6	582.2853	159.4929	0
78	7	413.377	156.193	0
78	8	406.066	181.4179	0
78	9	793.2798	134.5899	0
78	10	257.7059	170.1317	0
78	11	781.3617	118.6776	0
78	12	705.6749	119.2884	0
78	13	466.2545	133.3657	0
78	14	709.6175	142.3795	0
78	15	739.2516	134.3499	0
78	16	557.1872	151.3462	0
78	17	652.552	137.6284	0
78	18	712.6499	137.294	0
78	19	304.5554	191.8054	0
78	20	495.6986	163.6901	0
78	21	-75.47137	168.9153	0
78	22	5.879444	181.2784	0
78	23	529.4754	142.3346	0
78	24	726.4847	122.1136	0
78	25	351.0926	197.2387	0
78	26	697.6787	139.2428	0
78	27	764.8895	157.623	0
78	28	38.46231	160.5414	0
78	29	691.6699	116.4213	0
78	30	654.0461	118.1566	0
78	31	203.9532	204.7206	0
78	32	744.4892	109.0258	0
78	33	765.0063	128.572	0
78	34	365.3011	143.1091	0
78	35	-171.3551	233.0899	0
78	36	348.927	157.0962	0
78	37	471.5145	138.7994	0
78	38	254.2045	212.8115	0
78	39	682.1517	124.9028	0
78	40	819.4096	135.5921	0
78	41	416.7999	155.176	0
78	42	368.8046	161.4539	0
78	43	487.2265	148.3062	0
79	1	423.584	143.0174	0
79	2	761.0829	138.2321	0
79	3	422.1237	141.3309	0
79	4	517.4041	132.6695	0
79	5	152.2921	179.8144	0
79	6	582.2995	159.4926	0
79	7	413.4366	156.1905	0
79	8	406.0254	181.4066	0
79	9	793.3467	134.6046	0
79	10	257.7046	170.1166	0
79	11	781.3392	118.6736	0
79	12	705.6788	119.288	0
79	13	466.2614	133.3664	0
79	14	709.5795	142.3687	0
79	15	739.2392	134.3484	0
79	16	557.1867	151.3474	0
79	17	652.5178	137.6221	0
79	18	712.6549	137.2949	0
79	19	304.5541	191.7846	0
79	20	495.6493	163.677	0
79	21	-75.6499	168.9507	0
79	22	5.67918	181.3317	0
79	23	529.4683	142.3343	0
79	24	726.4976	122.1187	0
79	25	351.0749	197.2213	0
79	26	697.6907	139.2455	0
79	27	764.9026	157.6166	0
79	28	38.45897	160.5317	0
79	29	691.6783	116.4221	0
79	30	654.0156	118.1523	0
79	31	203.9509	204.7253	0
79	32	744.499	109.0259	0
79	33	765.016	128.5719	0
79	34	365.2841	143.105	0
79	35	-171.153	233.0391	0
79	36	348.9405	157.0966	0
79	37	471.5283	138.7993	0
79	38	254.2164	212.8147	0
79	39	682.1572	124.9044	0
79	40	819.4546	135.6063	0
79	41	416.8354	155.1668	0
79	42	368.8231	161.451	0
79	43	487.2287	148.3083	0
80	1	423.5594	143.0368	0
80	2	761.0866	138.2317	0
80	3	422.1234	141.332	0
80	4	517.4058	132.6713	0
80	5	152.2981	179.8144	0
80	6	582.3162	159.4929	0
80	7	413.4907	156.184	0
80	8	405.9951	181.3986	0
80	9	793.4191	134.6228	0
80	10	257.6994	170.1034	0
80	11	781.3088	118.6685	0
80	12	705.6833	119.2885	0
80	13	466.2681	133.3675	0
80	14	709.5377	142.3569	0
80	15	739.2365	134.349	0
80	16	557.1888	151.3492	0
80	17	652.4802	137.6161	0
80	18	712.66	137.2967	0
80	19	304.5563	191.7649	0
80	20	495.5966	163.6642	0
80	21	-75.85091	168.992	0
80	22	5.461957	181.3875	0
80	23	529.4687	142.3356	0
80	24	726.5175	122.1261	0
80	25	351.0503	197.2047	0
80	26	697.704	139.2473	0
80	27	764.903	157.6077	0
80	28	38.45358	160.5227	0
80	29	691.6863	116.4224	0
80	30	653.9832	118.1479	0
80	31	203.9578	204.7282	0
80	32	744.5085	109.0266	0
80	33	765.0251	128.5719	0
80	34	365.2736	143.1029	0
80	35	-170.9906	232.9804	0
80	36	348.9536	157.0966	0
80	37	471.541	138.7995	0
80	38	254.2271	212.816	0
80	39	682.1647	124.9062	0
80	40	819.4846	135.614	0
80	41	416.8629	155.1563	0
80	42	368.8437	161.4486	0
80	43	487.2307	148.3109	0
81	1	423.5276	143.0508	0
81	2	761.0936	138.2324	0
81	3	422.1245	141.3335	0
81	4	517.4073	132.6729	0
81	5	152.305	179.8142	0
81	6	582.3342	159.4927	0
81	7	413.54	156.1749	0
81	8	405.978	181.3955	0
81	9	793.4899	134.643	0
81	10	257.688	170.0907	0
81	11	781.2693	118.6612	0
81	12	705.6882	119.2896	0
81	13	466.2742	133.368	0
81	14	709.4997	142.3461	0
81	15	739.2393	134.3503	0
81	16	557.191	151.3515	0
81	17	652.4384	137.61	0
81	18	712.6672	137.2997	0
81	19	304.5555	191.7456	0
81	20	495.55	163.6528	0
81	21	-76.06554	169.0365	0
81	22	5.237634	181.4365	0
81	23	529.4709	142.3374	0
81	24	726.5472	122.135	0
81	25	351.0158	197.1887	0
81	26	697.7196	139.2482	0
81	27	764.8892	157.5959	0
81	28	38.44308	160.516	0
81	29	691.6942	116.422	0
81	30	653.9467	118.1436	0
81	31	203.9682	204.7313	0
81	32	744.5172	109.027	0
81	33	765.033	128.5724	0
81	34	365.27	143.1033	0
81	35	-170.8569	232.92	0
81	36	348.9669	157.094	0
81	37	471.5526	138.8	0
81	38	254.2388	212.8163	0
81	39	682.1725	124.9077	0
81	40	819.497	135.6167	0
81	41	416.8797	155.1469	0
81	42	368.8605	161.4481	0
81	43	487.2326	148.314	0
82	1	423.4962	143.0575	0
82	2	761.1	138.2346	0
82	3	422.1252	141.3354	0
82	4	517.41	132.6744	0
82	5	152.3152	179.8147	0
82	6	582.3533	159.4929	0
82	7	413.5827	156.1629	0
82	8	405.9737	181.3972	0
82	9	793.5562	134.6648	0
82	10	257.6657	170.0784	0
82	11	781.228	118.6532	0
82	12	705.6931	119.2914	0
82	13	466.2799	133.3681	0
82	14	709.4595	142.3355	0
82	15	739.243	134.3518	0
82	16	557.194	151.3541	0
82	17	652.3997	137.604	0
82	18	712.6769	137.3049	0
82	19	304.5511	191.7281	0
82	20	495.5112	163.6441	0
82	21	-76.29562	169.0823	0
82	22	5.033233	181.468	0
82	23	529.4733	142.3395	0
82	24	726.5833	122.143	0
82	25	350.9805	197.1735	0
82	26	697.735	139.2498	0
82	27	764.8639	157.5846	0
82	28	38.43391	160.5112	0
82	29	691.7026	116.4212	0
82	30	653.91	118.1393	0
82	31	203.9772	204.7338	0
82	32	744.5256	109.0272	0
82	33	765.035	128.5715	0
82	34	365.2701	143.1047	0
82	35	-170.7183	232.8624	0
82	36	348.9804	157.0913	0
82	37	471.5617	138.7982	0
82	38	254.2533	212.8178	0
82	39	682.1824	124.9079	0
82	40	819.4917	135.6162	0
82	41	416.8951	155.1367	0
82	42	368.8738	161.4492	0
82	43	487.2336	148.3166	0
83	1	423.4756	143.0598	0
83	2	761.1104	138.2383	0
83	3	422.1255	141.3376	0
83	4	517.4143	132.6755	0
83	5	152.3337	179.8145	0
83	6	582.3704	159.4938	0
83	7	413.6147	156.1503	0
83	8	405.9739	181.4008	0
83	9	793.6105	134.6839	0
83	10	257.6412	170.0664	0
83	11	781.1896	118.646	0
83	12	705.7007	119.294	0
83	13	466.286	133.3676	0
83	14	709.4164	142.3264	0
83	15	739.248	134.3536	0
83	16	557.1964	151.3566	0
83	17	652.3679	137.5995	0
83	18	712.6924	137.3122	0
83	19	304.5433	191.7133	0
83	20	495.4848	163.6384	0
83	21	-76.52773	169.1203	0
83	22	4.898532	181.4828	0
83	23	529.476	142.342	0
83	24	726.6263	122.1534	0
83	25	350.948	197.1618	0
83	26	697.7488	139.2508	0
83	27	764.8325	157.5735	0
83	28	38.42745	160.5097	0
83	29	691.7118	116.4208	0
83	30	653.8784	118.1355	0
83	31	203.9851	204.7361	0
83	32	744.5341	109.0267	0
83	33	765.035	128.5703	0
83	34	365.2706	143.1064	0
83	35	-170.5837	232.8056	0
83	36	348.9944	157.0892	0
83	37	471.5708	138.7962	0
83	38	254.2757	212.8183	0
83	39	682.1932	124.9085	0
83	40	819.498	135.6151	0
83	41	416.8958	155.1245	0
83	42	368.8775	161.4525	0
83	43	487.2361	148.3196	0
84	1	423.4639	143.0576	0
84	2	761.1268	138.2447	0
84	3	422.1246	141.3395	0
84	4	517.421	132.6759	0
84	5	152.3526	179.8145	0
84	6	582.3826	159.4926	0
84	7	413.6361	156.1383	0
84	8	405.9744	181.4051	0
84	9	793.6472	134.6947	0
84	10	257.6175	170.0567	0
84	11	781.1492	118.639	0
84	12	705.7104	119.2985	0
84	13	466.2927	133.3671	0
84	14	709.3746	142.319	0
84	15	739.2537	134.3555	0
84	16	557.2002	151.3593	0
84	17	652.3446	137.5959	0
84	18	712.7153	137.3211	0
84	19	304.5316	191.6992	0
84	20	495.4724	163.6371	0
84	21	-76.72853	169.1425	0
84	22	4.851435	181.484	0
84	23	529.4779	142.3441	0
84	24	726.6697	122.1659	0
84	25	350.9213	197.1532	0
84	26	697.7622	139.2516	0
84	27	764.797	157.5622	0
84	28	38.42459	160.5109	0
84	29	691.7216	116.4207	0
84	30	653.854	118.1323	0
84	31	203.9917	204.7368	0
84	32	744.5433	109.0258	0
84	33	765.0356	128.5694	0
84	34	365.2705	143.1085	0
84	35	-170.4603	232.7528	0
84	36	349.0119	157.0867	0
84	37	471.5802	138.7947	0
84	38	254.3027	212.8182	0
84	39	682.2032	124.9097	0
84	40	819.5308	135.6152	0
84	41	416.8849	155.11	0
84	42	368.8706	161.4587	0
84	43	487.2409	148.3218	0
85	1	423.503	143.058	0
85	2	761.1509	138.2547	0
85	3	422.1247	141.3416	0
85	4	517.4286	132.6766	0
85	5	152.3726	179.8149	0
85	6	582.3901	159.489	0
85	7	413.6529	156.1257	0
85	8	405.9745	181.4105	0
85	9	793.6628	134.6987	0
85	10	257.5959	170.0493	0
85	11	781.1063	118.6334	0
85	12	705.7264	119.3048	0
85	13	466.3009	133.367	0
85	14	709.3327	142.3118	0
85	15	739.2609	134.3572	0
85	16	557.2052	151.3615	0
85	17	652.3316	137.5942	0
85	18	712.7432	137.3294	0
85	19	304.5124	191.6862	0
85	20	495.4718	163.639	0
85	21	-76.85098	169.152	0
85	22	4.899221	181.4803	0
85	23	529.4814	142.3466	0
85	24	726.7104	122.1798	0
85	25	350.9042	197.1487	0
85	26	697.7755	139.2512	0
85	27	764.7462	157.5475	0
85	28	38.42122	160.5131	0
85	29	691.7321	116.4205	0
85	30	653.8383	118.1302	0
85	31	203.9988	204.7372	0
85	32	744.5536	109.0254	0
85	33	765.0378	128.5685	0
85	34	365.269	143.1109	0
85	35	-170.3559	232.7073	0
85	36	349.0308	157.0849	0
85	37	471.5923	138.793	0
85	38	254.3297	212.8183	0
85	39	682.2126	124.9101	0
85	40	819.5531	135.6139	0
85	41	416.8718	155.0954	0
85	42	368.8519	161.4698	0
85	43	487.2493	148.3226	0
86	1	423.5489	143.0574	0
86	2	761.1885	138.2675	0
86	3	422.1269	141.3433	0
86	4	517.4354	132.6773	0
86	5	152.395	179.814	0
86	6	582.398	159.4856	0
86	7	413.6513	156.1099	0
86	8	405.972	181.4163	0
86	9	793.6603	134.6988	0
86	10	257.5815	170.045	0
86	11	781.0657	118.6289	0
86	12	705.7504	119.3121	0
86	13	466.3106	133.3668	0
86	14	709.2861	142.3051	0
86	15	739.2687	134.3587	0
86	16	557.2127	151.3624	0
86	17	652.3284	137.5948	0
86	18	712.7762	137.3401	0
86	19	304.4862	191.6734	0
86	20	495.4746	163.6419	0
86	21	-76.88274	169.1505	0
86	22	5.013337	181.478	0
86	23	529.4863	142.3484	0
86	24	726.7455	122.1938	0
86	25	350.8976	197.1491	0
86	26	697.79	139.2502	0
86	27	764.6878	157.5313	0
86	28	38.41685	160.5157	0
86	29	691.7417	116.4206	0
86	30	653.8317	118.1301	0
86	31	204.0087	204.7383	0
86	32	744.5632	109.0253	0
86	33	765.0395	128.5677	0
86	34	365.2667	143.1129	0
86	35	-170.2695	232.665	0
86	36	349.0461	157.0847	0
86	37	471.6058	138.7917	0
86	38	254.3567	212.8186	0
86	39	682.2217	124.9101	0
86	40	819.5602	135.6105	0
86	41	416.8608	155.0818	0
86	42	368.8289	161.4854	0
86	43	487.2599	148.3237	0
87	1	423.5909	143.0541	0
87	2	761.2379	138.2811	0
87	3	422.1321	141.3437	0
87	4	517.4418	132.6778	0
87	5	152.4227	179.8091	0
87	6	582.4078	159.4827	0
87	7	413.6367	156.0918	0
87	8	405.9698	181.4223	0
87	9	793.6619	134.6969	0
87	10	257.5753	170.045	0
87	11	781.0246	118.6244	0
87	12	705.7812	119.3193	0
87	13	466.3205	133.3668	0
87	14	709.2375	142.2982	0
87	15	739.2772	134.3596	0
87	16	557.2224	151.3634	0
87	17	652.3306	137.5962	0
87	18	712.8093	137.3525	0
87	19	304.4608	191.6616	0
87	20	495.4773	163.6455	0
87	21	-76.81956	169.1487	0
87	22	5.145458	181.4701	0
87	23	529.4943	142.349	0
87	24	726.7692	122.2033	0
87	25	350.8964	197.152	0
87	26	697.8062	139.25	0
87	27	764.6343	157.516	0
87	28	38.40891	160.519	0
87	29	691.7501	116.4212	0
87	30	653.8324	118.131	0
87	31	204.0264	204.7386	0
87	32	744.5743	109.0251	0
87	33	765.0424	128.5678	0
87	34	365.2659	143.1149	0
87	35	-170.2061	232.6255	0
87	36	349.0572	157.0859	0
87	37	471.6174	138.7918	0
87	38	254.3877	212.8111	0
87	39	682.2314	124.9093	0
87	40	819.5565	135.6056	0
87	41	416.8461	155.0687	0
87	42	368.8051	161.5045	0
87	43	487.2695	148.3252	0
88	1	423.6286	143.0489	0
88	2	761.2972	138.2965	0
88	3	422.1397	141.3445	0
88	4	517.4479	132.6775	0
88	5	152.4514	179.8044	0
88	6	582.4199	159.4793	0
88	7	413.6223	156.0741	0
88	8	405.971	181.4276	0
88	9	793.7073	134.6973	0
88	10	257.574	170.0472	0
88	11	780.9797	118.6201	0
88	12	705.8163	119.3286	0
88	13	466.3299	133.3672	0
88	14	709.1943	142.2918	0
88	15	739.2869	134.3602	0
88	16	557.2314	151.365	0
88	17	652.3337	137.5979	0
88	18	712.8401	137.3663	0
88	19	304.4369	191.6531	0
88	20	495.4804	163.6499	0
88	21	-76.70748	169.1465	0
88	22	5.292904	181.4549	0
88	23	529.504	142.3499	0
88	24	726.78	122.207	0
88	25	350.8961	197.1557	0
88	26	697.8223	139.2499	0
88	27	764.5788	157.501	0
88	28	38.39634	160.5222	0
88	29	691.7531	116.4205	0
88	30	653.835	118.1323	0
88	31	204.0464	204.7388	0
88	32	744.5834	109.0253	0
88	33	765.0471	128.5685	0
88	34	365.2679	143.1162	0
88	35	-170.1693	232.5871	0
88	36	349.0585	157.089	0
88	37	471.6271	138.7929	0
88	38	254.4205	212.8023	0
88	39	682.2416	124.9088	0
88	40	819.5406	135.5989	0
88	41	416.8286	155.0576	0
88	42	368.7826	161.5231	0
88	43	487.2784	148.326	0
89	1	423.6619	143.042	0
89	2	761.3599	138.3154	0
89	3	422.1465	141.3457	0
89	4	517.4545	132.6768	0
89	5	152.4801	179.8005	0
89	6	582.4322	159.4774	0
89	7	413.6085	156.0572	0
89	8	405.9772	181.4307	0
89	9	793.7396	134.6959	0
89	10	257.5733	170.05	0
89	11	780.9343	118.6157	0
89	12	705.8509	119.3393	0
89	13	466.3377	133.3667	0
89	14	709.1602	142.2869	0
89	15	739.2963	134.3612	0
89	16	557.2397	151.3658	0
89	17	652.3378	137.5999	0
89	18	712.8662	137.3799	0
89	19	304.4185	191.6471	0
89	20	495.4818	163.654	0
89	21	-76.57707	169.1393	0
89	22	5.448804	181.4345	0
89	23	529.5128	142.3512	0
89	24	726.7809	122.2078	0
89	25	350.8949	197.1604	0
89	26	697.8405	139.2497	0
89	27	764.5206	157.4875	0
89	28	38.38189	160.5257	0
89	29	691.7547	116.4195	0
89	30	653.8381	118.1337	0
89	31	204.0668	204.7391	0
89	32	744.5903	109.0258	0
89	33	765.052	128.57	0
89	34	365.2737	143.1168	0
89	35	-170.1442	232.5518	0
89	36	349.0503	157.0947	0
89	37	471.631	138.7955	0
89	38	254.4536	212.7947	0
89	39	682.2532	124.9086	0
89	40	819.5161	135.5928	0
89	41	416.8095	155.0482	0
89	42	368.7581	161.5463	0
89	43	487.2867	148.326	0
90	1	423.6883	143.033	0
90	2	761.4202	138.3361	0
90	3	422.1528	141.3463	0
90	4	517.462	132.6766	0
90	5	152.5152	179.7959	0
90	6	582.4453	159.4774	0
90	7	413.5904	156.0414	0
90	8	405.9898	181.4331	0
90	9	793.7532	134.6917	0
90	10	257.571	170.0536	0
90	11	780.8949	118.6115	0
90	12	705.8827	119.3514	0
90	13	466.3445	133.3653	0
90	14	709.1367	142.2833	0
90	15	739.3047	134.3618	0
90	16	557.2477	151.366	0
90	17	652.3421	137.6021	0
90	18	712.8831	137.3896	0
90	19	304.4076	191.6448	0
90	20	495.4851	163.6588	0
90	21	-76.42848	169.1266	0
90	22	5.609557	181.4082	0
90	23	529.5211	142.3519	0
90	24	726.7669	122.2059	0
90	25	350.8918	197.1659	0
90	26	697.8561	139.25	0
90	27	764.4623	157.4763	0
90	28	38.37239	160.5286	0
90	29	691.7567	116.4188	0
90	30	653.8423	118.1353	0
90	31	204.0879	204.739	0
90	32	744.5914	109.025	0
90	33	765.0595	128.5723	0
90	34	365.2808	143.1179	0
90	35	-170.1425	232.5263	0
90	36	349.0305	157.1048	0
90	37	471.6301	138.7996	0
90	38	254.4916	212.7868	0
90	39	682.2648	124.9085	0
90	40	819.4844	135.5863	0
90	41	416.7861	155.0389	0
90	42	368.7276	161.573	0
90	43	487.2956	148.3253	0
91	1	423.7036	143.0255	0
91	2	761.4755	138.358	0
91	3	422.1585	141.3462	0
91	4	517.4708	132.6765	0
91	5	152.5508	179.7925	0
91	6	582.4549	159.4796	0
91	7	413.569	156.0281	0
91	8	406.0031	181.4361	0
91	9	793.752	134.6855	0
91	10	257.5661	170.0578	0
91	11	780.8645	118.608	0
91	12	705.9092	119.3629	0
91	13	466.3517	133.3642	0
91	14	709.1252	142.2821	0
91	15	739.3129	134.3623	0
91	16	557.2563	151.3655	0
91	17	652.3476	137.604	0
91	18	712.89	137.394	0
91	19	304.4044	191.6461	0
91	20	495.4909	163.6625	0
91	21	-76.26967	169.1096	0
91	22	5.753069	181.3823	0
91	23	529.5289	142.3518	0
91	24	726.7966	122.2064	0
91	25	350.8871	197.1714	0
91	26	697.8685	139.2505	0
91	27	764.4062	157.4659	0
91	28	38.36881	160.5299	0
91	29	691.7604	116.4181	0
91	30	653.8465	118.1365	0
91	31	204.114	204.7332	0
91	32	744.5921	109.0242	0
91	33	765.0709	128.5762	0
91	34	365.2871	143.1187	0
91	35	-170.1501	232.5083	0
91	36	349.0073	157.1184	0
91	37	471.6229	138.8069	0
91	38	254.5355	212.7784	0
91	39	682.2768	124.9085	0
91	40	819.4501	135.5794	0
91	41	416.7556	155.0301	0
91	42	368.6905	161.602	0
91	43	487.3054	148.3252	0
92	1	423.7184	143.0176	0
92	2	761.518	138.3764	0
92	3	422.1646	141.3456	0
92	4	517.481	132.6764	0
92	5	152.578	179.7918	0
92	6	582.4606	159.4844	0
92	7	413.5454	156.0165	0
92	8	406.015	181.438	0
92	9	793.7357	134.6771	0
92	10	257.5584	170.0618	0
92	11	780.8442	118.6057	0
92	12	705.9257	119.3703	0
92	13	466.3598	133.3631	0
92	14	709.1243	142.2831	0
92	15	739.3214	134.3619	0
92	16	557.2657	151.3653	0
92	17	652.354	137.6058	0
92	18	712.8895	137.3953	0
92	19	304.4032	191.6488	0
92	20	495.5013	163.664	0
92	21	-76.10662	169.0878	0
92	22	5.888434	181.3571	0
92	23	529.5372	142.3512	0
92	24	726.8287	122.2066	0
92	25	350.8847	197.1769	0
92	26	697.8719	139.2482	0
92	27	764.346	157.4562	0
92	28	38.3728	160.5311	0
92	29	691.764	116.4176	0
92	30	653.852	118.1379	0
92	31	204.1412	204.7267	0
92	32	744.5932	109.0237	0
92	33	765.0879	128.5822	0
92	34	365.2929	143.1194	0
92	35	-170.1605	232.5006	0
92	36	348.9832	157.1348	0
92	37	471.6155	138.8173	0
92	38	254.5703	212.7747	0
92	39	682.2875	124.9092	0
92	40	819.4036	135.5699	0
92	41	416.7231	155.0214	0
92	42	368.6452	161.6309	0
92	43	487.3177	148.3252	0
93	1	423.7209	143.0083	0
93	2	761.5442	138.3862	0
93	3	422.1713	141.3454	0
93	4	517.4903	132.6765	0
93	5	152.5946	179.7937	0
93	6	582.4653	159.4933	0
93	7	413.5161	156.0053	0
93	8	406.0263	181.4395	0
93	9	793.707	134.6681	0
93	10	257.5524	170.066	0
93	11	780.8351	118.6051	0
93	12	705.9315	119.3728	0
93	13	466.3695	133.362	0
93	14	709.1281	142.2847	0
93	15	739.3307	134.3613	0
93	16	557.2767	151.3652	0
93	17	652.3616	137.6069	0
93	18	712.8775	137.3936	0
93	19	304.402	191.6521	0
93	20	495.5153	163.6656	0
93	21	-75.96134	169.0676	0
93	22	6.000353	181.332	0
93	23	529.5463	142.351	0
93	24	726.8506	122.205	0
93	25	350.8866	197.1809	0
93	26	697.8745	139.2456	0
93	27	764.2807	157.4465	0
93	28	38.37732	160.5329	0
93	29	691.7681	116.4179	0
93	30	653.8582	118.139	0
93	31	204.1683	204.7214	0
93	32	744.5958	109.0232	0
93	33	765.1136	128.5896	0
93	34	365.2982	143.1191	0
93	35	-170.1681	232.5029	0
93	36	348.9604	157.1519	0
93	37	471.6112	138.8298	0
93	38	254.5979	212.7749	0
93	39	682.293	124.9086	0
93	40	819.3511	135.559	0
93	41	416.694	155.0141	0
93	42	368.5925	161.6527	0
93	43	487.3319	148.325	0
94	1	423.7111	142.9964	0
94	2	761.5528	138.3898	0
94	3	422.1802	141.3454	0
94	4	517.4988	132.677	0
94	5	152.5888	179.7993	0
94	6	582.4689	159.5079	0
94	7	413.4778	155.9943	0
94	8	406.0376	181.4396	0
94	9	793.6694	134.6602	0
94	10	257.5514	170.0691	0
94	11	780.8354	118.6059	0
94	12	705.9307	119.3731	0
94	13	466.3788	133.3618	0
94	14	709.1324	142.2867	0
94	15	739.3411	134.3611	0
94	16	557.2887	151.3651	0
94	17	652.371	137.6076	0
94	18	712.9038	137.3939	0
94	19	304.3997	191.6561	0
94	20	495.5281	163.6681	0
94	21	-75.82108	169.0474	0
94	22	6.082952	181.3008	0
94	23	529.5573	142.351	0
94	24	726.8612	122.2021	0
94	25	350.8944	197.1833	0
94	26	697.8781	139.2437	0
94	27	764.2214	157.437	0
94	28	38.3811	160.5339	0
94	29	691.7735	116.4189	0
94	30	653.8661	118.1391	0
94	31	204.201	204.7155	0
94	32	744.5984	109.0231	0
94	33	765.1451	128.5967	0
94	34	365.3039	143.1186	0
94	35	-170.1815	232.5098	0
94	36	348.9342	157.1729	0
94	37	471.6108	138.8424	0
94	38	254.6045	212.781	0
94	39	682.295	124.9072	0
94	40	819.3024	135.5487	0
94	41	416.6697	155.0084	0
94	42	368.5443	161.6643	0
94	43	487.3456	148.3251	0
95	1	423.6969	142.9839	0
95	2	761.5458	138.3893	0
95	3	422.191	141.3452	0
95	4	517.5048	132.6759	0
95	5	152.5585	179.8098	0
95	6	582.4804	159.527	0
95	7	413.4389	155.9836	0
95	8	406.0501	181.4394	0
95	9	793.6306	134.6518	0
95	10	257.5564	170.0705	0
95	11	780.8392	118.6071	0
95	12	705.9183	119.3713	0
95	13	466.3877	133.3622	0
95	14	709.1384	142.289	0
95	15	739.3508	134.361	0
95	16	557.301	151.365	0
95	17	652.3806	137.6087	0
95	18	712.9301	137.3936	0
95	19	304.3948	191.6606	0
95	20	495.5401	163.6694	0
95	21	-75.70727	169.0264	0
95	22	6.144862	181.2675	0
95	23	529.5696	142.3509	0
95	24	726.8622	122.198	0
95	25	350.9054	197.1858	0
95	26	697.8844	139.2416	0
95	27	764.1735	157.4299	0
95	28	38.38373	160.5345	0
95	29	691.778	116.4205	0
95	30	653.8749	118.1397	0
95	31	204.2378	204.7097	0
95	32	744.6021	109.0237	0
95	33	765.1831	128.6052	0
95	34	365.3109	143.1185	0
95	35	-170.1975	232.5182	0
95	36	348.9019	157.1964	0
95	37	471.6108	138.8581	0
95	38	254.584	212.7957	0
95	39	682.2975	124.9061	0
95	40	819.252	135.5388	0
95	41	416.6536	155.005	0
95	42	368.5137	161.6687	0
95	43	487.3584	148.3259	0
96	1	423.6862	142.9724	0
96	2	761.5587	138.3881	0
96	3	422.2016	141.3453	0
96	4	517.5103	132.6745	0
96	5	152.5023	179.8279	0
96	6	582.5004	159.5488	0
96	7	413.404	155.9751	0
96	8	406.0656	181.44	0
96	9	793.576	134.6401	0
96	10	257.5655	170.0723	0
96	11	780.8438	118.6086	0
96	12	705.9507	119.3721	0
96	13	466.3934	133.3636	0
96	14	709.1446	142.2912	0
96	15	739.3618	134.3609	0
96	16	557.3123	151.3657	0
96	17	652.389	137.6094	0
96	18	712.9482	137.3915	0
96	19	304.3895	191.6653	0
96	20	495.5512	163.6699	0
96	21	-75.61915	169	0
96	22	6.209377	181.2356	0
96	23	529.5818	142.351	0
96	24	726.8535	122.1924	0
96	25	350.915	197.188	0
96	26	697.891	139.2401	0
96	27	764.139	157.4244	0
96	28	38.38582	160.5342	0
96	29	691.7839	116.4226	0
96	30	653.8829	118.1407	0
96	31	204.2662	204.7074	0
96	32	744.6065	109.0249	0
96	33	765.2231	128.6157	0
96	34	365.3206	143.1185	0
96	35	-170.2251	232.5293	0
96	36	348.8634	157.2219	0
96	37	471.6068	138.8762	0
96	38	254.5346	212.8223	0
96	39	682.3016	124.9051	0
96	40	819.1998	135.5298	0
96	41	416.6464	155.0048	0
96	42	368.4981	161.6655	0
96	43	487.3682	148.3242	0
97	1	423.6725	142.9612	0
97	2	761.6016	138.388	0
97	3	422.2116	141.346	0
97	4	517.5161	132.6735	0
97	5	152.4324	179.8521	0
97	6	582.5285	159.5726	0
97	7	413.3759	155.9685	0
97	8	406.0853	181.4398	0
97	9	793.5119	134.6263	0
97	10	257.5732	170.0742	0
97	11	780.8502	118.6102	0
97	12	705.979	119.3723	0
97	13	466.3942	133.3659	0
97	14	709.1529	142.2935	0
97	15	739.3708	134.3611	0
97	16	557.3201	151.3645	0
97	17	652.3973	137.61	0
97	18	712.9574	137.3881	0
97	19	304.3872	191.6693	0
97	20	495.563	163.6695	0
97	21	-75.54876	168.9721	0
97	22	6.272028	181.2046	0
97	23	529.5929	142.3517	0
97	24	726.8344	122.1881	0
97	25	350.924	197.1899	0
97	26	697.8986	139.2402	0
97	27	764.1203	157.4218	0
97	28	38.3882	160.534	0
97	29	691.7919	116.4262	0
97	30	653.8904	118.1411	0
97	31	204.2868	204.708	0
97	32	744.6115	109.0266	0
97	33	765.2613	128.6274	0
97	34	365.3319	143.1184	0
97	35	-170.2677	232.5424	0
97	36	348.8173	157.2465	0
97	37	471.598	138.8961	0
97	38	254.4685	212.8605	0
97	39	682.3058	124.904	0
97	40	819.1479	135.5227	0
97	41	416.6457	155.0064	0
97	42	368.5478	161.6656	0
97	43	487.3769	148.3217	0
98	1	423.6557	142.9516	0
98	2	761.6326	138.386	0
98	3	422.2205	141.3449	0
98	4	517.5237	132.6724	0
98	5	152.352	179.8805	0
98	6	582.5577	159.6015	0
98	7	413.3578	155.9648	0
98	8	406.1063	181.4398	0
98	9	793.4517	134.6129	0
98	10	257.5802	170.0755	0
98	11	780.8572	118.6115	0
98	12	705.9979	119.3707	0
98	13	466.391	133.3697	0
98	14	709.1616	142.2954	0
98	15	739.3776	134.3613	0
98	16	557.3259	151.3623	0
98	17	652.4058	137.6096	0
98	18	712.9589	137.3835	0
98	19	304.3891	191.6718	0
98	20	495.5756	163.6696	0
98	21	-75.47372	168.9458	0
98	22	6.326838	181.1761	0
98	23	529.6008	142.3504	0
98	24	726.814	122.183	0
98	25	350.9324	197.1905	0
98	26	697.9069	139.2417	0
98	27	764.116	157.4225	0
98	28	38.3943	160.5341	0
98	29	691.8039	116.4316	0
98	30	653.8978	118.1408	0
98	31	204.2878	204.7133	0
98	32	744.6202	109.0287	0
98	33	765.296	128.6395	0
98	34	365.3426	143.1186	0
98	35	-170.3206	232.5566	0
98	36	348.7654	157.264	0
98	37	471.5823	138.9156	0
98	38	254.3931	212.9086	0
98	39	682.3107	124.9039	0
98	40	819.098	135.516	0
98	41	416.6462	155.0086	0
98	42	368.6078	161.664	0
98	43	487.3861	148.3197	0
99	1	423.6375	142.9438	0
99	2	761.6461	138.3813	0
99	3	422.2289	141.3432	0
99	4	517.5322	132.6716	0
99	5	152.2679	179.9094	0
99	6	582.5825	159.6333	0
99	7	413.3508	155.9651	0
99	8	406.1262	181.4402	0
99	9	793.3909	134.6003	0
99	10	257.5862	170.0757	0
99	11	780.8662	118.6129	0
99	12	706.0072	119.3682	0
99	13	466.3849	133.3759	0
99	14	709.172	142.2962	0
99	15	739.3787	134.3599	0
99	16	557.3323	151.3604	0
99	17	652.415	137.609	0
99	18	712.9529	137.3775	0
99	19	304.3965	191.6737	0
99	20	495.5914	163.6698	0
99	21	-75.40266	168.9201	0
99	22	6.37156	181.1519	0
99	23	529.6072	142.3485	0
99	24	726.785	122.1766	0
99	25	350.9418	197.1905	0
99	26	697.9147	139.2449	0
99	27	764.1205	157.4245	0
99	28	38.4074	160.534	0
99	29	691.8237	116.4382	0
99	30	653.9058	118.1401	0
99	31	204.2664	204.7248	0
99	32	744.6319	109.0323	0
99	33	765.3221	128.649	0
99	34	365.3529	143.119	0
99	35	-170.3617	232.569	0
99	36	348.7201	157.2727	0
99	37	471.5581	138.9296	0
99	38	254.315	212.958	0
99	39	682.3174	124.9046	0
99	40	819.0453	135.5098	0
99	41	416.6466	155.0113	0
99	42	368.6653	161.6586	0
99	43	487.3975	148.3177	0
100	1	423.6167	142.936	0
100	2	761.6466	138.3746	0
100	3	422.2375	141.3418	0
100	4	517.5399	132.6717	0
100	5	152.1713	179.9454	0
100	6	582.6003	159.6673	0
100	7	413.3504	155.9673	0
100	8	406.1447	181.4391	0
100	9	793.3277	134.5887	0
100	10	257.5925	170.0754	0
100	11	780.8751	118.6141	0
100	12	706.0082	119.3645	0
100	13	466.3802	133.3839	0
100	14	709.1833	142.297	0
100	15	739.3796	134.3585	0
100	16	557.3401	151.3587	0
100	17	652.4255	137.6089	0
100	18	712.9382	137.3727	0
100	19	304.4048	191.676	0
100	20	495.6096	163.6696	0
100	21	-75.33836	168.897	0
100	22	6.405938	181.1297	0
100	23	529.614	142.3468	0
100	24	726.7449	122.1678	0
100	25	350.9529	197.1912	0
100	26	697.9263	139.2502	0
100	27	764.1263	157.427	0
100	28	38.4202	160.5341	0
100	29	691.8499	116.4446	0
100	30	653.9146	118.1396	0
100	31	204.2186	204.7455	0
100	32	744.6504	109.0374	0
100	33	765.3373	128.6535	0
100	34	365.363	143.1174	0
100	35	-170.3859	232.5774	0
100	36	348.6938	157.2756	0
100	37	471.5319	138.936	0
100	38	254.2288	213.0172	0
100	39	682.3227	124.9063	0
100	40	818.9891	135.5035	0
100	41	416.6463	155.0144	0
100	42	368.7195	161.6502	0
100	43	487.4106	148.3157	0
101	1	423.5891	142.9288	0
101	2	761.6332	138.3654	0
101	3	422.2476	141.3404	0
101	4	517.5469	132.6725	0
101	5	152.0634	179.9853	0
101	6	582.6062	159.6983	0
101	7	413.351	155.9701	0
101	8	406.1619	181.434	0
101	9	793.2628	134.5793	0
101	10	257.6003	170.0757	0
101	11	780.8853	118.6142	0
101	12	706.0007	119.3595	0
101	13	466.377	133.3923	0
101	14	709.194	142.2983	0
101	15	739.3814	134.3575	0
101	16	557.3489	151.3567	0
101	17	652.436	137.6087	0
101	18	712.923	137.3671	0
101	19	304.4121	191.6774	0
101	20	495.628	163.6698	0
101	21	-75.28564	168.8778	0
101	22	6.425451	181.1089	0
101	23	529.6227	142.3453	0
101	24	726.7021	122.1582	0
101	25	350.9681	197.1913	0
101	26	697.9414	139.2595	0
101	27	764.1342	157.43	0
101	28	38.43386	160.5348	0
101	29	691.881	116.4525	0
101	30	653.9243	118.1394	0
101	31	204.1571	204.7743	0
101	32	744.6777	109.0434	0
101	33	765.3418	128.6548	0
101	34	365.3734	143.1155	0
101	35	-170.3871	232.5832	0
101	36	348.6838	157.2723	0
101	37	471.5139	138.9381	0
101	38	254.1286	213.0847	0
101	39	682.3285	124.9088	0
101	40	818.9376	135.4972	0
101	41	416.6448	155.0172	0
101	42	368.7694	161.6393	0
101	43	487.4223	148.3152	0
102	1	423.5581	142.9215	0
102	2	761.608	138.3567	0
102	3	422.2596	141.339	0
102	4	517.5506	132.6743	0
102	5	151.9445	180.028	0
102	6	582.5986	159.7185	0
102	7	413.3514	155.9734	0
102	8	406.1798	181.429	0
102	9	793.2014	134.5709	0
102	10	257.6131	170.0759	0
102	11	780.8958	118.6147	0
102	12	705.9842	119.3559	0
102	13	466.3759	133.4013	0
102	14	709.204	142.2989	0
102	15	739.3843	134.3564	0
102	16	557.3578	151.356	0
102	17	652.4478	137.6086	0
102	18	712.9002	137.3605	0
102	19	304.4188	191.6787	0
102	20	495.6451	163.6709	0
102	21	-75.24324	168.8596	0
102	22	6.426728	181.0885	0
102	23	529.6326	142.3436	0
102	24	726.6625	122.1495	0
102	25	350.9858	197.1913	0
102	26	697.9656	139.2725	0
102	27	764.1433	157.4334	0
102	28	38.45225	160.5339	0
102	29	691.9123	116.4621	0
102	30	653.9343	118.1392	0
102	31	204.087	204.8098	0
102	32	744.7122	109.049	0
102	33	765.3341	128.6539	0
102	34	365.3838	143.1142	0
102	35	-170.3824	232.5896	0
102	36	348.7368	157.2731	0
102	37	471.5012	138.9358	0
102	38	254.0158	213.1569	0
102	39	682.3367	124.9128	0
102	40	818.8963	135.4924	0
102	41	416.6445	155.0203	0
102	42	368.8116	161.6257	0
102	43	487.434	148.3159	0
103	1	423.5302	142.9148	0
103	2	761.577	138.3484	0
103	3	422.2703	141.3387	0
103	4	517.5516	132.6769	0
103	5	151.816	180.0686	0
103	6	582.584	159.7278	0
103	7	413.3506	155.9773	0
103	8	406.1986	181.4249	0
103	9	793.1369	134.563	0
103	10	257.6291	170.0758	0
103	11	780.9053	118.6156	0
103	12	705.9686	119.3518	0
103	13	466.3736	133.4128	0
103	14	709.2137	142.2993	0
103	15	739.3876	134.3557	0
103	16	557.3672	151.3564	0
103	17	652.458	137.6088	0
103	18	712.8687	137.352	0
103	19	304.4254	191.6788	0
103	20	495.6585	163.6688	0
103	21	-75.21653	168.8426	0
103	22	6.422667	181.0689	0
103	23	529.6418	142.3433	0
103	24	726.6206	122.141	0
103	25	351.0031	197.1913	0
103	26	698.0027	139.2882	0
103	27	764.1547	157.4366	0
103	28	38.47575	160.531	0
103	29	691.9414	116.4729	0
103	30	653.9442	118.1392	0
103	31	204.0133	204.848	0
103	32	744.7516	109.0563	0
103	33	765.3469	128.6535	0
103	34	365.3968	143.1126	0
103	35	-170.3797	232.5942	0
103	36	348.7917	157.2715	0
103	37	471.5425	138.9362	0
103	38	253.8882	213.2299	0
103	39	682.348	124.9193	0
103	40	818.867	135.4886	0
103	41	416.6469	155.0227	0
103	42	368.8402	161.6138	0
103	43	487.4402	148.3182	0
104	1	423.5061	142.9095	0
104	2	761.5415	138.3395	0
104	3	422.2804	141.3392	0
104	4	517.5494	132.6817	0
104	5	151.6891	180.0977	0
104	6	582.5703	159.7298	0
104	7	413.3486	155.9809	0
104	8	406.222	181.4199	0
104	9	793.0666	134.5551	0
104	10	257.6448	170.0761	0
104	11	780.9145	118.6159	0
104	12	705.9437	119.3462	0
104	13	466.3683	133.4257	0
104	14	709.2237	142.2989	0
104	15	739.3919	134.3559	0
104	16	557.3737	151.3581	0
104	17	652.4662	137.609	0
104	18	712.835	137.343	0
104	19	304.4329	191.6789	0
104	20	495.6696	163.665	0
104	21	-75.20585	168.8258	0
104	22	6.408977	181.0544	0
104	23	529.6514	142.3439	0
104	24	726.5762	122.1339	0
104	25	351.0197	197.1915	0
104	26	698.0511	139.3043	0
104	27	764.1671	157.4395	0
104	28	38.49943	160.5283	0
104	29	691.9663	116.4839	0
104	30	653.9531	118.1398	0
104	31	203.93	204.8935	0
104	32	744.7909	109.0651	0
104	33	765.3727	128.6537	0
104	34	365.4115	143.1114	0
104	35	-170.3796	232.5987	0
104	36	348.8438	157.2663	0
104	37	471.5893	138.9357	0
104	38	253.7512	213.2903	0
104	39	682.3676	124.9277	0
104	40	818.8509	135.4868	0
104	41	416.653	155.0236	0
104	42	368.8675	161.601	0
104	43	487.4407	148.3223	0
105	1	423.4892	142.906	0
105	2	761.4908	138.3272	0
105	3	422.2856	141.3409	0
105	4	517.5476	132.6886	0
105	5	151.5923	180.1129	0
105	6	582.5726	159.7265	0
105	7	413.3486	155.9845	0
105	8	406.246	181.4164	0
105	9	793.0013	134.547	0
105	10	257.6604	170.0768	0
105	11	780.9233	118.6159	0
105	12	705.9099	119.3387	0
105	13	466.3586	133.4395	0
105	14	709.2345	142.2984	0
105	15	739.3967	134.357	0
105	16	557.3768	151.3615	0
105	17	652.4695	137.6075	0
105	18	712.8039	137.3347	0
105	19	304.4426	191.6794	0
105	20	495.6812	163.6616	0
105	21	-75.20069	168.8099	0
105	22	6.393167	181.0435	0
105	23	529.6571	142.3458	0
105	24	726.5334	122.1284	0
105	25	351.0365	197.1871	0
105	26	698.1068	139.324	0
105	27	764.1805	157.4413	0
105	28	38.52331	160.5261	0
105	29	691.9824	116.492	0
105	30	653.9575	118.1392	0
105	31	203.8346	204.9442	0
105	32	744.8277	109.075	0
105	33	765.3907	128.6526	0
105	34	365.4234	143.1114	0
105	35	-170.3828	232.601	0
105	36	348.8935	157.2587	0
105	37	471.6306	138.9325	0
105	38	253.6302	213.3281	0
105	39	682.3947	124.9366	0
105	40	818.8472	135.4874	0
105	41	416.6623	155.0249	0
105	42	368.8793	161.5865	0
105	43	487.4361	148.3297	0
106	1	423.4892	142.906	0
106	2	761.4908	138.3272	0
106	3	422.2856	141.3409	0
106	4	517.5476	132.6886	0
106	5	151.5923	180.1129	0
106	6	582.5726	159.7265	0
106	7	413.3486	155.9845	0
106	8	406.246	181.4164	0
106	9	793.0013	134.547	0
106	10	257.6604	170.0768	0
106	11	780.9233	118.6159	0
106	12	705.9099	119.3387	0
106	13	466.3586	133.4395	0
106	14	709.2345	142.2984	0
106	15	739.3967	134.357	0
106	16	557.3768	151.3615	0
106	17	652.4695	137.6075	0
106	18	712.8039	137.3347	0
106	19	304.4426	191.6794	0
106	20	495.6812	163.6616	0
106	21	-75.20069	168.8099	0
106	22	6.393167	181.0435	0
106	23	529.6571	142.3458	0
106	24	726.5334	122.1284	0
106	25	351.0365	197.1871	0
106	26	698.1068	139.324	0
106	27	764.1805	157.4413	0
106	28	38.52331	160.5261	0
106	29	691.9824	116.492	0
106	30	653.9575	118.1392	0
106	31	203.8346	204.9442	0
106	32	744.8277	109.075	0
106	33	765.3907	128.6526	0
106	34	365.4234	143.1114	0
106	35	-170.3828	232.601	0
106	36	348.8935	157.2587	0
106	37	471.6306	138.9325	0
106	38	253.6302	213.3281	0
106	39	682.3947	124.9366	0
106	40	818.8472	135.4874	0
106	41	416.6623	155.0249	0
106	42	368.8793	161.5865	0
106	43	487.4361	148.3297	0
