19	1	864.5012	129.6153	0
19	2	457.116	59.29558	0
19	3	-255.2473	92.95009	0
20	1	861.8943	129.1548	0
20	2	455.9125	59.38327	0
20	3	-254.345	92.94525	0
21	1	857.5861	128.704	0
21	2	454.5296	59.39359	0
21	3	-252.3328	93.39673	0
22	1	854.0881	128.0928	0
22	2	453.0138	59.33279	0
22	3	-250.9766	93.5065	0
23	1	850.2687	127.4705	0
23	2	451.4492	59.25082	0
23	3	-249.6073	93.60985	0
24	1	846.1959	126.8605	0
24	2	449.8077	59.27272	0
24	3	-248.169	93.68301	0
25	1	841.8611	126.2717	0
25	2	448.0844	59.28059	0
25	3	-246.7417	93.70691	0
26	1	837.426	125.7078	0
26	2	446.9432	58.74352	0
26	3	-245.4405	93.64474	0
27	1	832.8058	125.1451	0
27	2	446.3114	58.90036	0
27	3	-244.3383	93.50397	0
28	1	828.0107	124.572	0
28	2	445.4858	59.00848	0
28	3	-243.3899	93.36838	0
29	1	823.1118	123.9106	0
29	2	444.354	59.08539	0
29	3	-242.2024	93.30412	0
30	1	818.5054	123.213	0
30	2	443.0612	58.9783	0
30	3	-240.8719	93.43713	0
31	1	813.9505	122.4168	0
31	2	441.9504	58.90158	0
31	3	-239.3536	93.62099	0
32	1	809.5457	121.434	0
32	2	441.0838	58.91835	0
32	3	-237.7159	93.88728	0
33	1	805.4461	120.2644	0
33	2	440.1749	58.96393	0
33	3	-236.1024	94.11743	0
35	1	798.1021	118.322	0
35	2	438.506	59.19168	0
35	3	-232.9709	94.39832	0
35	4	496.3679	60.13426	0
36	1	794.1339	117.7364	0
36	2	438.0483	58.86766	0
36	3	-231.6392	94.72511	0
36	4	496.4574	60.15092	0
37	1	790.0378	117.2707	0
37	2	437.8989	59.15015	0
37	3	-230.1021	94.77266	0
37	4	496.589	60.17406	0
38	1	785.9077	116.8575	0
38	2	437.6446	59.34959	0
38	3	-228.5052	94.56885	0
38	4	496.7566	60.20317	0
39	1	782.0266	116.2968	0
39	2	437.2216	59.32211	0
39	3	-226.7829	94.29434	0
39	4	496.7154	60.38239	0
41	1	774.0789	115.1881	0
41	2	436.3423	59.62363	0
41	3	-221.1326	93.77202	0
41	4	497.2664	60.45848	0
41	5	-164.1643	94.88014	0
43	1	766.3978	113.5835	0
43	2	435.9048	59.39922	0
43	3	-217.9281	93.63341	0
43	4	498.0926	60.52933	0
43	5	-162.608	94.84763	0
43	6	679.3856	99.93646	0
44	1	762.6149	112.5099	0
44	2	435.4978	59.65283	0
44	3	-216.0003	93.7216	0
44	4	498.4532	60.56691	0
44	5	-161.0631	95.03195	0
44	6	678.6777	99.81511	0
45	1	758.6682	111.6061	0
45	2	435.008	59.92952	0
45	3	-214.0449	93.86765	0
45	4	498.8423	60.62769	0
45	5	-159.6245	95.10556	0
45	6	677.7137	99.64648	0
46	1	754.1984	110.8311	0
46	2	434.6986	59.99365	0
46	3	-212.1344	94.05197	0
46	4	499.2552	60.7112	0
46	5	-158.0072	95.20447	0
46	6	676.5411	99.43784	0
47	1	750.7361	110.022	0
47	2	434.4327	60.03999	0
47	3	-210.2493	94.24593	0
47	4	499.6822	60.81554	0
47	5	-156.1797	95.29118	0
47	6	674.8502	99.39908	0
48	1	747.2287	109.3787	0
48	2	434.3653	60.21579	0
48	3	-208.5414	94.38672	0
48	4	500.1165	60.93411	0
48	5	-154.3565	95.37605	0
48	6	673.2454	99.22035	0
49	1	743.5924	108.8709	0
49	2	433.9717	60.33958	0
49	3	-207.0963	94.48453	0
49	4	500.5577	61.06696	0
49	5	-152.4971	95.43329	0
49	6	671.4887	99.03709	0
50	1	739.9403	108.4561	0
50	2	433.8905	59.98167	0
50	3	-205.7646	94.49481	0
50	4	501.0349	61.18906	0
50	5	-150.6043	95.42622	0
50	6	669.5643	98.82286	0
51	1	736.2982	108.0766	0
51	2	433.8198	60.12935	0
51	3	-204.7255	94.386	0
51	4	501.4687	61.29218	0
51	5	-148.8124	95.30745	0
51	6	667.5993	98.5742	0
52	1	732.6171	107.6834	0
52	2	433.7077	60.36485	0
52	3	-204.0241	94.19313	0
52	4	501.9211	61.36703	0
52	5	-147.245	95.09099	0
52	6	665.637	98.29231	0
53	1	729.0883	107.2055	0
53	2	433.4496	60.56227	0
53	3	-203.4152	94.03986	0
53	4	502.3767	61.39055	0
53	5	-145.7581	94.8949	0
53	6	663.6373	97.94138	0
54	1	725.8366	106.6789	0
54	2	433.1069	60.71939	0
54	3	-202.5633	94.06657	0
54	4	502.8115	61.35593	0
54	5	-144.0588	94.92143	0
54	6	661.6822	97.47188	0
55	1	722.7131	106.0272	0
55	2	432.695	60.82997	0
55	3	-201.5406	94.25035	0
55	4	503.1924	61.3192	0
55	5	-142.132	95.06125	0
55	6	659.8542	96.88792	0
57	1	717.3387	104.3487	0
57	2	432.2209	60.5992	0
57	3	-199.1826	94.80698	0
57	4	503.9629	61.47145	0
57	5	-138.0878	95.48703	0
57	6	656.4236	95.92958	0
57	7	430.8326	56.08914	0
58	1	714.8644	103.6128	0
58	2	431.9201	60.7233	0
58	3	-198.0486	95.02039	0
58	4	504.349	61.62672	0
58	5	-136.067	95.57893	0
58	6	654.521	95.66096	0
58	7	430.917	56.09976	0
59	1	712.3064	103.1906	0
59	2	431.5983	60.96017	0
59	3	-196.9575	95.14767	0
59	4	504.7419	61.78642	0
59	5	-134.1478	95.84309	0
59	6	652.5469	95.48521	0
59	7	431.0318	56.11484	0
60	1	709.595	102.8464	0
60	2	431.2916	61.16678	0
60	3	-195.9008	95.37164	0
60	4	505.153	61.88608	0
60	5	-132.161	95.91107	0
60	6	650.5695	95.30951	0
60	7	431.1727	56.13358	0
61	1	706.8494	102.6054	0
61	2	430.8957	61.33783	0
61	3	-195.0818	95.71323	0
61	4	505.5755	62.01073	0
61	5	-130.0491	95.61482	0
61	6	648.6733	95.01132	0
61	7	431.3747	56.29842	0
62	1	704.1852	102.3375	0
62	2	430.4338	61.53951	0
62	3	-194.0446	95.78267	0
62	4	505.9188	62.17702	0
62	5	-127.7003	95.26883	0
62	6	646.6992	94.75465	0
62	7	431.5632	56.34778	0
63	1	701.64	101.9275	0
63	2	430.0834	61.66466	0
63	3	-192.9921	95.66519	0
63	4	506.3715	62.24918	0
63	5	-124.3402	94.92177	0
63	6	644.8169	94.54588	0
63	7	431.7697	56.39085	0
64	1	698.9675	101.5556	0
64	2	430.3011	61.25099	0
64	3	-191.8742	95.48167	0
64	4	506.9042	62.23329	0
64	5	-122.0769	94.6794	0
64	6	642.8381	94.03258	0
64	7	431.9877	56.41797	0
65	1	696.437	101.2727	0
65	2	429.9547	61.43752	0
65	3	-190.3594	95.33363	0
65	4	507.4781	62.20612	0
65	5	-119.7196	94.6498	0
65	6	640.8389	93.38463	0
65	7	432.2107	56.42433	0
68	1	688.8917	99.42177	0
68	2	429.4822	61.89374	0
68	3	-184.9071	94.99477	0
68	4	509.4664	62.27852	0
68	5	-111.6035	95.10081	0
68	6	634.2106	91.8912	0
68	7	432.8658	56.45491	0
68	8	-148.3789	79.20166	0
68	9	891.3435	103.479	0
69	1	686.2578	98.79539	0
69	2	429.2121	62.1201	0
69	3	-183.369	95.06702	0
69	4	510.0182	62.37413	0
69	5	-109.2057	95.17368	0
69	6	632.1924	91.58241	0
69	7	433.0967	56.51889	0
69	8	-148.0744	79.22368	0
69	9	890.1804	103.3496	0
70	1	683.2183	98.26988	0
70	2	428.8621	62.35759	0
70	3	-181.6432	95.21162	0
70	4	510.5915	62.51346	0
70	5	-106.985	95.04321	0
70	6	630.072	91.37753	0
70	7	433.3343	56.60373	0
70	8	-147.6573	79.2457	0
70	9	888.5397	103.1697	0
71	1	680.7047	97.70375	0
71	2	428.7679	61.94743	0
71	3	-179.8888	95.39735	0
71	4	511.1598	62.67529	0
71	5	-105.2217	94.67641	0
71	6	627.9384	91.22008	0
71	7	433.5793	56.70258	0
71	8	-147.153	79.53009	0
71	9	886.4995	102.9484	0
72	1	678.3295	97.23895	0
72	2	428.6254	62.26552	0
72	3	-178.1388	95.62166	0
72	4	511.7376	62.84851	0
72	5	-103.7127	94.37373	0
72	6	625.7344	91.01868	0
72	7	433.8294	56.78394	0
72	8	-146.0233	79.51532	0
72	9	883.5071	102.8972	0
73	1	675.8476	96.88239	0
73	2	428.3424	62.32724	0
73	3	-176.3255	95.81793	0
73	4	512.3129	62.98967	0
73	5	-101.8807	94.4763	0
73	6	623.7673	90.7388	0
73	7	434.0932	56.84366	0
73	8	-145.0996	79.48741	0
73	9	880.7488	102.6033	0
74	1	673.2927	96.60445	0
74	2	427.989	62.40181	0
74	3	-174.8106	95.97775	0
74	4	512.8622	63.09219	0
74	5	-99.80435	94.74573	0
74	6	621.9013	90.32307	0
74	7	434.3478	56.92787	0
74	8	-144.1948	79.48207	0
74	9	877.706	102.3049	0
75	1	670.7574	96.36632	0
75	2	427.6416	62.67116	0
75	3	-173.3728	96.0658	0
75	4	513.4214	63.13065	0
75	5	-97.74297	95.00604	0
75	6	620.261	89.69722	0
75	7	434.5668	57.03511	0
75	8	-143.1561	79.50613	0
75	9	874.4199	101.9668	0
76	1	668.2101	96.14249	0
76	2	427.2811	62.9158	0
76	3	-172.0865	96.04814	0
76	4	513.9565	63.08713	0
76	5	-95.72701	95.10754	0
76	6	618.9243	89.10077	0
76	7	434.8631	57.06554	0
76	8	-141.9967	79.56279	0
76	9	871.1442	101.5585	0
77	1	665.6292	95.84641	0
77	2	426.8755	63.0695	0
77	3	-171.0988	95.89589	0
77	4	514.4135	63.03511	0
77	5	-93.81528	95.41386	0
77	6	617.4385	88.77168	0
77	7	435.1888	57.05022	0
77	8	-140.733	79.65787	0
77	9	867.6657	101.1904	0
78	1	663.3159	95.50873	0
78	2	427.1011	62.68871	0
78	3	-170.4102	95.70399	0
78	4	514.8694	63.08469	0
78	5	-91.79843	95.41106	0
78	6	615.8187	88.60266	0
78	7	435.5391	57.02953	0
78	8	-139.4226	79.77948	0
78	9	864.0569	100.8661	0
79	1	661.0718	95.08908	0
79	2	426.5176	63.06082	0
79	3	-169.5674	95.57674	0
79	4	515.3233	63.21906	0
79	5	-89.67685	95.04932	0
79	6	614.1616	88.51884	0
79	7	435.9766	57.03839	0
79	8	-138.0712	79.93097	0
79	9	860.2886	100.587	0
80	1	658.9686	94.52359	0
80	2	426.1156	63.25194	0
80	3	-168.539	95.72154	0
80	4	515.7768	63.40427	0
80	5	-87.16685	94.70059	0
80	6	612.61	88.3093	0
80	7	436.4599	57.04469	0
80	8	-136.6378	80.07567	0
80	9	856.4855	100.3416	0
81	1	657.0955	93.84732	0
81	2	425.9709	63.26768	0
81	3	-167.2993	95.93524	0
81	4	516.2365	63.57648	0
81	5	-83.98346	94.33173	0
81	6	610.9962	88.10869	0
81	7	436.7884	57.0585	0
81	8	-135.335	80.19284	0
81	9	852.5416	100.1093	0
82	1	655.4456	93.25464	0
82	2	426.0946	63.45134	0
82	3	-165.9496	96.24394	0
82	4	516.725	63.68683	0
82	5	-81.95458	94.17694	0
82	6	609.491	87.96494	0
82	7	437.1389	57.11336	0
82	8	-134.1015	80.26546	0
82	9	848.4342	99.86328	0
84	1	651.7541	92.61337	0
84	2	425.556	63.77452	0
84	3	-163.3542	96.66132	0
84	4	517.6042	64.02072	0
84	5	-77.03901	94.3555	0
84	6	606.2314	86.93588	0
84	7	437.874	57.30113	0
84	8	-131.981	80.11996	0
84	9	840.3585	99.20071	0
84	10	-390.5126	128.7279	0
86	1	647.8658	92.31802	0
86	2	425.4804	63.73022	0
86	3	-160.9081	97.16885	0
86	4	518.8326	64.02032	0
86	5	-71.91854	94.69986	0
86	6	602.3088	86.06456	0
86	7	438.6229	57.51089	0
86	8	-130.5071	79.78728	0
86	9	832.614	98.12358	0
86	10	-388.2381	128.6821	0
86	11	413.8917	58.11829	0
88	1	644.1149	91.79062	0
88	2	425.1297	64.22244	0
88	3	-158.4554	97.27785	0
88	4	520.4474	64.05125	0
88	5	-67.67587	94.50233	0
88	6	599.1116	85.49586	0
88	7	439.3249	57.6165	0
88	8	-128.4848	80.06055	0
88	9	826.4398	96.94788	0
88	10	-383.5717	129.0336	0
88	11	413.2311	58.59486	0
88	12	827.244	93.61061	0
89	1	642.2912	91.59242	0
89	2	424.8071	64.32205	0
89	3	-157.1231	97.06932	0
89	4	521.1284	64.06499	0
89	5	-66.17388	94.1422	0
89	6	597.3895	85.36452	0
89	7	439.6662	57.59215	0
89	8	-127.301	80.31638	0
89	9	823.4465	96.73126	0
89	10	-381.9005	128.9626	0
89	11	412.9391	58.74081	0
89	12	825.5867	93.7569	0
90	1	640.5046	91.34631	0
90	2	424.4196	64.44189	0
90	3	-155.5202	96.87817	0
90	4	521.7454	64.14214	0
90	5	-64.57637	93.97131	0
90	6	595.6556	85.26355	0
90	7	439.9573	57.54459	0
90	8	-126.1643	80.51454	0
90	9	819.9763	96.61598	0
90	10	-379.9554	128.8602	0
90	11	412.4831	58.96063	0
90	12	824.0321	93.71812	0
91	1	638.6594	90.85378	0
91	2	424.06	64.72395	0
91	3	-153.027	96.68431	0
91	4	522.3914	64.27625	0
91	5	-62.72556	94.13766	0
91	6	593.9034	85.0934	0
91	7	440.2578	57.53979	0
91	8	-125.0626	80.61143	0
91	9	816.2371	96.59167	0
91	10	-377.8033	128.8937	0
91	11	412.184	59.05704	0
91	12	822.2238	93.58488	0
92	1	636.8257	90.27142	0
92	2	424.1624	64.30507	0
92	3	-150.78	96.47742	0
92	4	523.0402	64.44495	0
92	5	-60.72162	94.44069	0
92	6	592.347	84.85143	0
92	7	440.543	57.62022	0
92	8	-123.9952	80.81032	0
92	9	812.4404	96.55202	0
92	10	-375.3842	129.0154	0
92	11	411.9962	59.226	0
92	12	820.4357	93.41277	0
93	1	634.9042	89.74994	0
93	2	423.8142	64.54143	0
93	3	-149.2972	96.42366	0
93	4	523.6858	64.63562	0
93	5	-58.82177	94.62971	0
93	6	590.8917	84.46075	0
93	7	440.8392	57.73355	0
93	8	-123.0757	81.06898	0
93	9	808.7114	96.35423	0
93	10	-372.7084	129.19	0
93	11	412.1201	58.71944	0
93	12	818.502	93.17044	0
94	1	632.6202	89.34019	0
94	2	423.5012	64.82817	0
94	3	-147.5468	96.47241	0
94	4	524.3734	64.81349	0
94	5	-56.86186	94.77022	0
94	6	589.6674	83.91245	0
94	7	441.139	57.85744	0
94	8	-121.9175	80.981	0
94	9	804.5739	96.19028	0
94	10	-369.811	129.4512	0
94	11	412.031	58.88306	0
94	12	816.5033	92.82433	0
95	1	630.6024	88.89767	0
95	2	423.196	65.03418	0
95	3	-145.5903	96.60117	0
95	4	524.9945	64.95216	0
95	5	-55.07257	95.10309	0
95	6	588.5817	83.44232	0
95	7	441.4464	57.933	0
95	8	-120.7642	80.76306	0
95	9	800.271	96.00703	0
95	10	-366.8542	129.7069	0
95	11	411.9134	58.98288	0
95	12	814.5237	92.34752	0
96	1	628.8596	88.52805	0
96	2	422.7974	65.27934	0
96	3	-143.5949	96.77771	0
96	4	525.6361	65.03827	0
96	5	-53.08849	94.98679	0
96	6	587.3779	83.24039	0
96	7	441.7634	58.02359	0
96	8	-119.3623	80.56371	0
96	9	796.5573	95.50729	0
96	10	-364.0077	129.8139	0
96	11	411.7307	59.20021	0
96	12	812.6434	91.82536	0
97	1	627.0093	88.26065	0
97	2	422.5685	65.40248	0
97	3	-141.5907	96.99594	0
97	4	526.2732	65.03786	0
97	5	-51.04258	94.63197	0
97	6	586.0712	83.1468	0
97	7	442.0248	58.14799	0
97	8	-117.1504	80.38527	0
97	9	792.8965	94.8925	0
97	10	-360.9831	129.9376	0
97	11	411.5208	59.41933	0
97	12	810.6578	91.35112	0
98	1	625.0814	88.06815	0
98	2	422.5116	65.63788	0
98	3	-139.5085	97.18436	0
98	4	526.8368	64.97911	0
98	5	-48.57455	94.32011	0
98	6	584.7524	83.08875	0
98	7	442.3607	58.19481	0
98	8	-115.6223	80.22292	0
98	9	789.4333	94.4257	0
98	10	-358.1832	130.2271	0
98	11	411.2516	59.64726	0
98	12	808.4205	91.05499	0
99	1	623.166	87.91461	0
99	2	422.3471	65.85693	0
99	3	-137.7236	97.33208	0
99	4	527.3892	64.96498	0
99	5	-45.74043	93.98027	0
99	6	583.507	82.90935	0
99	7	442.7466	58.17278	0
99	8	-114.3124	80.20419	0
99	9	786.1565	94.10895	0
99	10	-355.6157	130.6284	0
99	11	410.9265	59.84138	0
99	12	805.9435	90.84184	0
100	1	621.2415	87.77603	0
100	2	422.4069	65.39232	0
100	3	-136.0179	97.39865	0
100	4	527.8929	65.09302	0
100	5	-43.77243	93.85985	0
100	6	582.2322	82.77127	0
100	7	443.1609	58.14549	0
100	8	-112.7874	80.28821	0
100	9	782.7438	93.64253	0
100	10	-352.5528	130.47	0
100	11	410.8795	59.35161	0
100	12	803.33	90.70877	0
102	1	617.5508	87.32826	0
102	2	422.4118	65.80817	0
102	3	-133.2111	97.14597	0
102	4	528.9504	65.48189	0
102	5	-39.13599	94.05501	0
102	6	579.7204	82.23511	0
102	7	444.1969	58.15614	0
102	8	-109.442	80.65196	0
102	9	775.6305	93.16127	0
102	10	-346.213	129.6637	0
102	11	410.4261	59.61235	0
102	12	797.9827	90.37325	0
102	13	-159.3768	93.3105	0
103	1	615.8666	87.00272	0
103	2	422.3271	66.10599	0
103	3	-132.2632	96.92749	0
103	4	529.4966	65.62476	0
103	5	-36.71791	94.2668	0
103	6	578.3873	81.75865	0
103	7	444.5753	58.18323	0
103	8	-107.6006	80.84438	0
103	9	772.0279	93.03123	0
103	10	-341.3472	129.1717	0
103	11	410.1188	59.84369	0
103	12	795.2123	90.12665	0
103	13	-157.9275	93.73448	0
104	1	614.3076	86.53885	0
104	2	422.1931	66.36522	0
104	3	-131.0981	96.80159	0
104	4	530.0743	65.77345	0
104	5	-34.30359	94.40356	0
104	6	576.7811	81.40012	0
104	7	444.9758	58.25452	0
104	8	-106.0173	80.97594	0
104	9	768.2863	92.90942	0
104	10	-335.8413	128.5679	0
104	11	409.8261	60.13181	0
104	12	792.4011	89.94157	0
104	13	-156.3545	93.65517	0
105	1	612.9565	85.98325	0
105	2	422.0401	66.57584	0
105	3	-129.7663	96.96313	0
105	4	530.5619	65.97545	0
105	5	-32.16525	94.43945	0
105	6	575.1698	81.04811	0
105	7	445.39	58.35663	0
105	8	-104.498	80.98253	0
105	9	764.4785	92.69702	0
105	10	-332.6136	128.3167	0
105	11	409.5116	60.28365	0
105	12	789.5607	89.74666	0
105	13	-154.6928	93.53821	0
106	1	611.7239	85.50311	0
106	2	421.8144	66.74268	0
106	3	-128.2343	97.19025	0
106	4	531.1498	66.09048	0
106	5	-30.20764	94.26953	0
106	6	573.9184	80.76868	0
106	7	445.8013	58.47511	0
106	8	-103.2507	80.78105	0
106	9	760.9013	92.4081	0
106	10	-328.7695	128.2277	0
106	11	409.0567	60.53514	0
106	12	786.72	89.29611	0
106	13	-152.9516	93.3903	0
