17	1	426.1289	354.7834	0
18	1	426.1289	354.7834	0
18	2	438.283	97.20102	0
19	1	426.1289	354.7834	0
19	2	438.283	97.20102	0
19	3	401.3976	357.3981	0
20	1	426.1289	354.7834	0
20	2	438.283	97.20102	0
20	3	401.3976	357.3981	0
20	4	353.6838	266.4175	0
21	1	426.1289	354.7834	0
21	2	438.283	97.20102	0
21	3	401.3976	357.3981	0
21	4	353.6838	266.4175	0
21	5	549.3683	500.4169	0
22	1	426.1289	354.7834	0
22	2	438.283	97.20102	0
22	3	401.3976	357.3981	0
22	4	353.6838	266.4175	0
22	5	549.3683	500.4169	0
22	6	512.7435	260.1179	0
23	1	426.1289	354.7834	0
23	2	438.283	97.20102	0
23	3	401.3976	357.3981	0
23	4	353.6838	266.4175	0
23	5	549.3683	500.4169	0
23	6	512.7435	260.1179	0
23	7	490.9473	364.1798	0
24	1	426.1289	354.7834	0
24	2	438.283	97.20102	0
24	3	401.3976	357.3981	0
24	4	353.6838	266.4175	0
24	5	549.3683	500.4169	0
24	6	512.7435	260.1179	0
24	7	490.9473	364.1798	0
24	8	558.4976	369.3522	0
25	1	426.1289	354.7834	0
25	2	438.283	97.20102	0
25	3	401.3976	357.3981	0
25	4	353.6838	266.4175	0
25	5	549.3683	500.4169	0
25	6	512.7435	260.1179	0
25	7	490.9473	364.1798	0
25	8	558.4976	369.3522	0
25	9	433.5822	70.41107	0
26	1	426.1289	354.7834	0
26	2	438.283	97.20102	0
26	3	401.3976	357.3981	0
26	4	353.6838	266.4175	0
26	5	549.3683	500.4169	0
26	6	512.7435	260.1179	0
26	7	490.9473	364.1798	0
26	8	558.4976	369.3522	0
26	9	433.5822	70.41107	0
27	1	426.1289	354.7834	0
27	2	438.283	97.20102	0
27	3	401.3976	357.3981	0
27	4	353.6838	266.4175	0
27	5	549.3683	500.4169	0
27	6	512.7435	260.1179	0
27	7	490.9473	364.1798	0
27	8	558.4976	369.3522	0
27	9	433.5822	70.41107	0
27	10	518.2783	454.6617	0
28	1	426.1289	354.7834	0
28	2	438.283	97.20102	0
28	3	401.3976	357.3981	0
28	4	353.6838	266.4175	0
28	5	549.3683	500.4169	0
28	6	512.7435	260.1179	0
28	7	490.9473	364.1798	0
28	8	558.4976	369.3522	0
28	9	433.5822	70.41107	0
28	10	518.2783	454.6617	0
28	11	295.7716	-26.35388	0
29	1	426.1289	354.7834	0
29	2	438.283	97.20102	0
29	3	401.3976	357.3981	0
29	4	353.6838	266.4175	0
29	5	549.3683	500.4169	0
29	6	512.7435	260.1179	0
29	7	490.9473	364.1798	0
29	8	558.4976	369.3522	0
29	9	433.5822	70.41107	0
29	10	518.2783	454.6617	0
29	11	295.7716	-26.35388	0
29	12	301.5099	59.40054	0
30	1	426.1289	354.7834	0
30	2	438.283	97.20102	0
30	3	401.3976	357.3981	0
30	4	353.6838	266.4175	0
30	5	549.3683	500.4169	0
30	6	512.7435	260.1179	0
30	7	490.9473	364.1798	0
30	8	558.4976	369.3522	0
30	9	433.5822	70.41107	0
30	10	518.2783	454.6617	0
30	11	295.7716	-26.35388	0
30	12	301.5099	59.40054	0
30	13	354.171	314.9506	0
31	1	426.1289	354.7834	0
31	2	438.283	97.20102	0
31	3	401.3976	357.3981	0
31	4	353.6838	266.4175	0
31	5	549.3683	500.4169	0
31	6	512.7435	260.1179	0
31	7	490.9473	364.1798	0
31	8	558.4976	369.3522	0
31	9	433.5822	70.41107	0
31	10	518.2783	454.6617	0
31	11	295.7716	-26.35388	0
31	12	301.5099	59.40054	0
31	13	354.171	314.9506	0
31	14	420.6042	125.6225	0
17	1	425.0355	356.4946	0
18	1	425.0355	356.4946	0
18	2	438.3947	97.25922	0
19	1	425.0355	356.4946	0
19	2	438.3947	97.25922	0
19	3	399.3351	356.9781	0
20	1	425.0355	356.4946	0
20	2	438.3947	97.25922	0
20	3	399.3351	356.9781	0
20	4	354.2059	266.2491	0
21	1	425.0355	356.4946	0
21	2	438.3947	97.25922	0
21	3	399.3351	356.9781	0
21	4	354.2059	266.2491	0
21	5	550.4147	500.0474	0
22	1	425.0355	356.4946	0
22	2	438.3947	97.25922	0
22	3	399.3351	356.9781	0
22	4	354.2059	266.2491	0
22	5	550.4147	500.0474	0
22	6	512.4266	260.7365	0
23	1	425.0355	356.4946	0
23	2	438.3947	97.25922	0
23	3	399.3351	356.9781	0
23	4	354.2059	266.2491	0
23	5	550.4147	500.0474	0
23	6	512.4266	260.7365	0
23	7	492.2028	363.0592	0
24	1	425.0355	356.4946	0
24	2	438.3947	97.25922	0
24	3	399.3351	356.9781	0
24	4	354.2059	266.2491	0
24	5	550.4147	500.0474	0
24	6	512.4266	260.7365	0
24	7	492.2028	363.0592	0
24	8	558.006	367.3899	0
25	1	425.0355	356.4946	0
25	2	438.3947	97.25922	0
25	3	399.3351	356.9781	0
25	4	354.2059	266.2491	0
25	5	550.4147	500.0474	0
25	6	512.4266	260.7365	0
25	7	492.2028	363.0592	0
25	8	558.006	367.3899	0
25	9	434.4664	69.82617	0
26	1	425.0355	356.4946	0
26	2	438.3947	97.25922	0
26	3	399.3351	356.9781	0
26	4	354.2059	266.2491	0
26	5	550.4147	500.0474	0
26	6	512.4266	260.7365	0
26	7	492.2028	363.0592	0
26	8	558.006	367.3899	0
26	9	434.4664	69.82617	0
27	1	425.0355	356.4946	0
27	2	438.3947	97.25922	0
27	3	399.3351	356.9781	0
27	4	354.2059	266.2491	0
27	5	550.4147	500.0474	0
27	6	512.4266	260.7365	0
27	7	492.2028	363.0592	0
27	8	558.006	367.3899	0
27	9	434.4664	69.82617	0
27	10	518.2333	454.9578	0
28	1	425.0355	356.4946	0
28	2	438.3947	97.25922	0
28	3	399.3351	356.9781	0
28	4	354.2059	266.2491	0
28	5	550.4147	500.0474	0
28	6	512.4266	260.7365	0
28	7	492.2028	363.0592	0
28	8	558.006	367.3899	0
28	9	434.4664	69.82617	0
28	10	518.2333	454.9578	0
28	11	295.8	-25.83636	0
29	1	425.0355	356.4946	0
29	2	438.3947	97.25922	0
29	3	399.3351	356.9781	0
29	4	354.2059	266.2491	0
29	5	550.4147	500.0474	0
29	6	512.4266	260.7365	0
29	7	492.2028	363.0592	0
29	8	558.006	367.3899	0
29	9	434.4664	69.82617	0
29	10	518.2333	454.9578	0
29	11	295.8	-25.83636	0
29	12	302.0565	58.66202	0
30	1	425.0355	356.4946	0
30	2	438.3947	97.25922	0
30	3	399.3351	356.9781	0
30	4	354.2059	266.2491	0
30	5	550.4147	500.0474	0
30	6	512.4266	260.7365	0
30	7	492.2028	363.0592	0
30	8	558.006	367.3899	0
30	9	434.4664	69.82617	0
30	10	518.2333	454.9578	0
30	11	295.8	-25.83636	0
30	12	302.0565	58.66202	0
30	13	355.2553	316.6512	0
31	1	425.0355	356.4946	0
31	2	438.3947	97.25922	0
31	3	399.3351	356.9781	0
31	4	354.2059	266.2491	0
31	5	550.4147	500.0474	0
31	6	512.4266	260.7365	0
31	7	492.2028	363.0592	0
31	8	558.006	367.3899	0
31	9	434.4664	69.82617	0
31	10	518.2333	454.9578	0
31	11	295.8	-25.83636	0
31	12	302.0565	58.66202	0
31	13	355.2553	316.6512	0
31	14	419.3277	125.4456	0
32	1	425.0355	356.4946	0
32	2	438.3947	97.25922	0
32	3	399.3351	356.9781	0
32	4	354.2059	266.2491	0
32	5	550.4147	500.0474	0
32	6	512.4266	260.7365	0
32	7	492.2028	363.0592	0
32	8	558.006	367.3899	0
32	9	434.4664	69.82617	0
32	10	518.2333	454.9578	0
32	11	295.8	-25.83636	0
32	12	302.0565	58.66202	0
32	13	355.2553	316.6512	0
32	14	419.3277	125.4456	0
32	15	368.0556	67.65942	0
33	1	425.0355	356.4946	0
33	2	438.3947	97.25922	0
33	3	399.3351	356.9781	0
33	4	354.2059	266.2491	0
33	5	550.4147	500.0474	0
33	6	512.4266	260.7365	0
33	7	492.2028	363.0592	0
33	8	558.006	367.3899	0
33	9	434.4664	69.82617	0
33	10	518.2333	454.9578	0
33	11	295.8	-25.83636	0
33	12	302.0565	58.66202	0
33	13	355.2553	316.6512	0
33	14	419.3277	125.4456	0
33	15	368.0556	67.65942	0
33	16	447.5143	256.9222	0
34	1	425.0355	356.4946	0
34	2	438.3947	97.25922	0
34	3	399.3351	356.9781	0
34	4	354.2059	266.2491	0
34	5	550.4147	500.0474	0
34	6	512.4266	260.7365	0
34	7	492.2028	363.0592	0
34	8	558.006	367.3899	0
34	9	434.4664	69.82617	0
34	10	518.2333	454.9578	0
34	11	295.8	-25.83636	0
34	12	302.0565	58.66202	0
34	13	355.2553	316.6512	0
34	14	419.3277	125.4456	0
34	15	368.0556	67.65942	0
34	16	447.5143	256.9222	0
34	17	394.0873	157.84	0
35	1	425.0355	356.4946	0
35	2	438.3947	97.25922	0
35	3	399.3351	356.9781	0
35	4	354.2059	266.2491	0
35	5	550.4147	500.0474	0
35	6	512.4266	260.7365	0
35	7	492.2028	363.0592	0
35	8	558.006	367.3899	0
35	9	434.4664	69.82617	0
35	10	518.2333	454.9578	0
35	11	295.8	-25.83636	0
35	12	302.0565	58.66202	0
35	13	355.2553	316.6512	0
35	14	419.3277	125.4456	0
35	15	368.0556	67.65942	0
35	16	447.5143	256.9222	0
35	17	394.0873	157.84	0
35	18	374.0475	93.94125	0
36	1	425.0355	356.4946	0
36	2	438.3947	97.25922	0
36	3	399.3351	356.9781	0
36	4	354.2059	266.2491	0
36	5	550.4147	500.0474	0
36	6	512.4266	260.7365	0
36	7	492.2028	363.0592	0
36	8	558.006	367.3899	0
36	9	434.4664	69.82617	0
36	10	518.2333	454.9578	0
36	11	295.8	-25.83636	0
36	12	302.0565	58.66202	0
36	13	355.2553	316.6512	0
36	14	419.3277	125.4456	0
36	15	368.0556	67.65942	0
36	16	447.5143	256.9222	0
36	17	394.0873	157.84	0
36	18	374.0475	93.94125	0
37	1	425.0355	356.4946	0
37	2	438.3947	97.25922	0
37	3	399.3351	356.9781	0
37	4	354.2059	266.2491	0
37	5	550.4147	500.0474	0
37	6	512.4266	260.7365	0
37	7	492.2028	363.0592	0
37	8	558.006	367.3899	0
37	9	434.4664	69.82617	0
37	10	518.2333	454.9578	0
37	11	295.8	-25.83636	0
37	12	302.0565	58.66202	0
37	13	355.2553	316.6512	0
37	14	419.3277	125.4456	0
37	15	368.0556	67.65942	0
37	16	447.5143	256.9222	0
37	17	394.0873	157.84	0
37	18	374.0475	93.94125	0
37	19	543.8569	423.1588	0
38	1	425.0355	356.4946	0
38	2	438.3947	97.25922	0
38	3	399.3351	356.9781	0
38	4	354.2059	266.2491	0
38	5	550.4147	500.0474	0
38	6	512.4266	260.7365	0
38	7	492.2028	363.0592	0
38	8	558.006	367.3899	0
38	9	434.4664	69.82617	0
38	10	518.2333	454.9578	0
38	11	295.8	-25.83636	0
38	12	302.0565	58.66202	0
38	13	355.2553	316.6512	0
38	14	419.3277	125.4456	0
38	15	368.0556	67.65942	0
38	16	447.5143	256.9222	0
38	17	394.0873	157.84	0
38	18	374.0475	93.94125	0
38	19	543.8569	423.1588	0
38	20	521.8733	314.8022	0
39	1	425.0355	356.4946	0
39	2	438.3947	97.25922	0
39	3	399.3351	356.9781	0
39	4	354.2059	266.2491	0
39	5	550.4147	500.0474	0
39	6	512.4266	260.7365	0
39	7	492.2028	363.0592	0
39	8	558.006	367.3899	0
39	9	434.4664	69.82617	0
39	10	518.2333	454.9578	0
39	11	295.8	-25.83636	0
39	12	302.0565	58.66202	0
39	13	355.2553	316.6512	0
39	14	419.3277	125.4456	0
39	15	368.0556	67.65942	0
39	16	447.5143	256.9222	0
39	17	394.0873	157.84	0
39	18	374.0475	93.94125	0
39	19	543.8569	423.1588	0
39	20	521.8733	314.8022	0
39	21	546.4908	617.9568	0
40	1	425.0355	356.4946	0
40	2	438.3947	97.25922	0
40	3	399.3351	356.9781	0
40	4	354.2059	266.2491	0
40	5	550.4147	500.0474	0
40	6	512.4266	260.7365	0
40	7	492.2028	363.0592	0
40	8	558.006	367.3899	0
40	9	434.4664	69.82617	0
40	10	518.2333	454.9578	0
40	11	295.8	-25.83636	0
40	12	302.0565	58.66202	0
40	13	355.2553	316.6512	0
40	14	419.3277	125.4456	0
40	15	368.0556	67.65942	0
40	16	447.5143	256.9222	0
40	17	394.0873	157.84	0
40	18	374.0475	93.94125	0
40	19	543.8569	423.1588	0
40	20	521.8733	314.8022	0
40	21	546.4908	617.9568	0
40	22	571.4184	553.7775	0
41	1	425.0355	356.4946	0
41	2	438.3947	97.25922	0
41	3	399.3351	356.9781	0
41	4	354.2059	266.2491	0
41	5	550.4147	500.0474	0
41	6	512.4266	260.7365	0
41	7	492.2028	363.0592	0
41	8	558.006	367.3899	0
41	9	434.4664	69.82617	0
41	10	518.2333	454.9578	0
41	11	295.8	-25.83636	0
41	12	302.0565	58.66202	0
41	13	355.2553	316.6512	0
41	14	419.3277	125.4456	0
41	15	368.0556	67.65942	0
41	16	447.5143	256.9222	0
41	17	394.0873	157.84	0
41	18	374.0475	93.94125	0
41	19	543.8569	423.1588	0
41	20	521.8733	314.8022	0
41	21	546.4908	617.9568	0
41	22	571.4184	553.7775	0
41	23	422.1768	270.9061	0
42	1	425.0355	356.4946	0
42	2	438.3947	97.25922	0
42	3	399.3351	356.9781	0
42	4	354.2059	266.2491	0
42	5	550.4147	500.0474	0
42	6	512.4266	260.7365	0
42	7	492.2028	363.0592	0
42	8	558.006	367.3899	0
42	9	434.4664	69.82617	0
42	10	518.2333	454.9578	0
42	11	295.8	-25.83636	0
42	12	302.0565	58.66202	0
42	13	355.2553	316.6512	0
42	14	419.3277	125.4456	0
42	15	368.0556	67.65942	0
42	16	447.5143	256.9222	0
42	17	394.0873	157.84	0
42	18	374.0475	93.94125	0
42	19	543.8569	423.1588	0
42	20	521.8733	314.8022	0
42	21	546.4908	617.9568	0
42	22	571.4184	553.7775	0
42	23	422.1768	270.9061	0
42	24	341.9442	64.52887	0
43	1	425.0355	356.4946	0
43	2	438.3947	97.25922	0
43	3	399.3351	356.9781	0
43	4	354.2059	266.2491	0
43	5	550.4147	500.0474	0
43	6	512.4266	260.7365	0
43	7	492.2028	363.0592	0
43	8	558.006	367.3899	0
43	9	434.4664	69.82617	0
43	10	518.2333	454.9578	0
43	11	295.8	-25.83636	0
43	12	302.0565	58.66202	0
43	13	355.2553	316.6512	0
43	14	419.3277	125.4456	0
43	15	368.0556	67.65942	0
43	16	447.5143	256.9222	0
43	17	394.0873	157.84	0
43	18	374.0475	93.94125	0
43	19	543.8569	423.1588	0
43	20	521.8733	314.8022	0
43	21	546.4908	617.9568	0
43	22	571.4184	553.7775	0
43	23	422.1768	270.9061	0
43	24	341.9442	64.52887	0
43	25	563.3152	396.2379	0
44	1	425.0355	356.4946	0
44	2	438.3947	97.25922	0
44	3	399.3351	356.9781	0
44	4	354.2059	266.2491	0
44	5	550.4147	500.0474	0
44	6	512.4266	260.7365	0
44	7	492.2028	363.0592	0
44	8	558.006	367.3899	0
44	9	434.4664	69.82617	0
44	10	518.2333	454.9578	0
44	11	295.8	-25.83636	0
44	12	302.0565	58.66202	0
44	13	355.2553	316.6512	0
44	14	419.3277	125.4456	0
44	15	368.0556	67.65942	0
44	16	447.5143	256.9222	0
44	17	394.0873	157.84	0
44	18	374.0475	93.94125	0
44	19	543.8569	423.1588	0
44	20	521.8733	314.8022	0
44	21	546.4908	617.9568	0
44	22	571.4184	553.7775	0
44	23	422.1768	270.9061	0
44	24	341.9442	64.52887	0
44	25	563.3152	396.2379	0
44	26	458.7129	161.099	0
17	1	427.2628	356.2337	0
18	1	427.2628	356.2337	0
18	2	438.6997	98.95248	0
19	1	427.2628	356.2337	0
19	2	438.6997	98.95248	0
19	3	400.8393	357.9662	0
20	1	427.2628	356.2337	0
20	2	438.6997	98.95248	0
20	3	400.8393	357.9662	0
20	4	354.932	266.4963	0
21	1	427.2628	356.2337	0
21	2	438.6997	98.95248	0
21	3	400.8393	357.9662	0
21	4	354.932	266.4963	0
21	5	550.6743	499.8103	0
22	1	427.2628	356.2337	0
22	2	438.6997	98.95248	0
22	3	400.8393	357.9662	0
22	4	354.932	266.4963	0
22	5	550.6743	499.8103	0
22	6	513.4108	260.4741	0
23	1	427.2628	356.2337	0
23	2	438.6997	98.95248	0
23	3	400.8393	357.9662	0
23	4	354.932	266.4963	0
23	5	550.6743	499.8103	0
23	6	513.4108	260.4741	0
23	7	493.1358	363.4897	0
24	1	427.2628	356.2337	0
24	2	438.6997	98.95248	0
24	3	400.8393	357.9662	0
24	4	354.932	266.4963	0
24	5	550.6743	499.8103	0
24	6	513.4108	260.4741	0
24	7	493.1358	363.4897	0
24	8	557.4717	368.1549	0
25	1	427.2628	356.2337	0
25	2	438.6997	98.95248	0
25	3	400.8393	357.9662	0
25	4	354.932	266.4963	0
25	5	550.6743	499.8103	0
25	6	513.4108	260.4741	0
25	7	493.1358	363.4897	0
25	8	557.4717	368.1549	0
25	9	433.3292	69.7168	0
26	1	427.2628	356.2337	0
26	2	438.6997	98.95248	0
26	3	400.8393	357.9662	0
26	4	354.932	266.4963	0
26	5	550.6743	499.8103	0
26	6	513.4108	260.4741	0
26	7	493.1358	363.4897	0
26	8	557.4717	368.1549	0
26	9	433.3292	69.7168	0
27	1	427.2628	356.2337	0
27	2	438.6997	98.95248	0
27	3	400.8393	357.9662	0
27	4	354.932	266.4963	0
27	5	550.6743	499.8103	0
27	6	513.4108	260.4741	0
27	7	493.1358	363.4897	0
27	8	557.4717	368.1549	0
27	9	433.3292	69.7168	0
27	10	518.1117	454.5434	0
17	1	424.6628	356.0354	0
18	1	424.6628	356.0354	0
18	2	438.8698	97.64572	0
19	1	424.6628	356.0354	0
19	2	438.8698	97.64572	0
19	3	399.8164	357.7068	0
20	1	424.6628	356.0354	0
20	2	438.8698	97.64572	0
20	3	399.8164	357.7068	0
20	4	354.7279	268.0741	0
21	1	424.6628	356.0354	0
21	2	438.8698	97.64572	0
21	3	399.8164	357.7068	0
21	4	354.7279	268.0741	0
21	5	550.0901	501.1867	0
22	1	424.6628	356.0354	0
22	2	438.8698	97.64572	0
22	3	399.8164	357.7068	0
22	4	354.7279	268.0741	0
22	5	550.0901	501.1867	0
22	6	513.7345	260.8267	0
23	1	424.6628	356.0354	0
23	2	438.8698	97.64572	0
23	3	399.8164	357.7068	0
23	4	354.7279	268.0741	0
23	5	550.0901	501.1867	0
23	6	513.7345	260.8267	0
23	7	492.4908	362.8169	0
24	1	424.6628	356.0354	0
24	2	438.8698	97.64572	0
24	3	399.8164	357.7068	0
24	4	354.7279	268.0741	0
24	5	550.0901	501.1867	0
24	6	513.7345	260.8267	0
24	7	492.4908	362.8169	0
24	8	559.6655	369.1328	0
25	1	424.6628	356.0354	0
25	2	438.8698	97.64572	0
25	3	399.8164	357.7068	0
25	4	354.7279	268.0741	0
25	5	550.0901	501.1867	0
25	6	513.7345	260.8267	0
25	7	492.4908	362.8169	0
25	8	559.6655	369.1328	0
25	9	434.4696	70.41083	0
26	1	424.6628	356.0354	0
26	2	438.8698	97.64572	0
26	3	399.8164	357.7068	0
26	4	354.7279	268.0741	0
26	5	550.0901	501.1867	0
26	6	513.7345	260.8267	0
26	7	492.4908	362.8169	0
26	8	559.6655	369.1328	0
26	9	434.4696	70.41083	0
27	1	424.6628	356.0354	0
27	2	438.8698	97.64572	0
27	3	399.8164	357.7068	0
27	4	354.7279	268.0741	0
27	5	550.0901	501.1867	0
27	6	513.7345	260.8267	0
27	7	492.4908	362.8169	0
27	8	559.6655	369.1328	0
27	9	434.4696	70.41083	0
27	10	518.1133	454.2283	0
28	1	424.6628	356.0354	0
28	2	438.8698	97.64572	0
28	3	399.8164	357.7068	0
28	4	354.7279	268.0741	0
28	5	550.0901	501.1867	0
28	6	513.7345	260.8267	0
28	7	492.4908	362.8169	0
28	8	559.6655	369.1328	0
28	9	434.4696	70.41083	0
28	10	518.1133	454.2283	0
28	11	296.5576	-25.75482	0
29	1	424.6628	356.0354	0
29	2	438.8698	97.64572	0
29	3	399.8164	357.7068	0
29	4	354.7279	268.0741	0
29	5	550.0901	501.1867	0
29	6	513.7345	260.8267	0
29	7	492.4908	362.8169	0
29	8	559.6655	369.1328	0
29	9	434.4696	70.41083	0
29	10	518.1133	454.2283	0
29	11	296.5576	-25.75482	0
29	12	302.2708	58.22263	0
17	1	425.8829	357.3362	0
18	1	425.8829	357.3362	0
18	2	438.1098	98.48492	0
19	1	425.8829	357.3362	0
19	2	438.1098	98.48492	0
19	3	399.9419	357.0028	0
20	1	425.8829	357.3362	0
20	2	438.1098	98.48492	0
20	3	399.9419	357.0028	0
20	4	356.5012	267.0473	0
21	1	425.8829	357.3362	0
21	2	438.1098	98.48492	0
21	3	399.9419	357.0028	0
21	4	356.5012	267.0473	0
21	5	549.3857	499.9608	0
22	1	425.8829	357.3362	0
22	2	438.1098	98.48492	0
22	3	399.9419	357.0028	0
22	4	356.5012	267.0473	0
22	5	549.3857	499.9608	0
22	6	512.4134	260.8175	0
23	1	425.8829	357.3362	0
23	2	438.1098	98.48492	0
23	3	399.9419	357.0028	0
23	4	356.5012	267.0473	0
23	5	549.3857	499.9608	0
23	6	512.4134	260.8175	0
23	7	492.6945	363.9217	0
24	1	425.8829	357.3362	0
24	2	438.1098	98.48492	0
24	3	399.9419	357.0028	0
24	4	356.5012	267.0473	0
24	5	549.3857	499.9608	0
24	6	512.4134	260.8175	0
24	7	492.6945	363.9217	0
24	8	558.7051	368.792	0
25	1	425.8829	357.3362	0
25	2	438.1098	98.48492	0
25	3	399.9419	357.0028	0
25	4	356.5012	267.0473	0
25	5	549.3857	499.9608	0
25	6	512.4134	260.8175	0
25	7	492.6945	363.9217	0
25	8	558.7051	368.792	0
25	9	433.3378	70.75916	0
26	1	425.8829	357.3362	0
26	2	438.1098	98.48492	0
26	3	399.9419	357.0028	0
26	4	356.5012	267.0473	0
26	5	549.3857	499.9608	0
26	6	512.4134	260.8175	0
26	7	492.6945	363.9217	0
26	8	558.7051	368.792	0
26	9	433.3378	70.75916	0
27	1	425.8829	357.3362	0
27	2	438.1098	98.48492	0
27	3	399.9419	357.0028	0
27	4	356.5012	267.0473	0
27	5	549.3857	499.9608	0
27	6	512.4134	260.8175	0
27	7	492.6945	363.9217	0
27	8	558.7051	368.792	0
27	9	433.3378	70.75916	0
27	10	517.5944	454.2599	0
28	1	425.8829	357.3362	0
28	2	438.1098	98.48492	0
28	3	399.9419	357.0028	0
28	4	356.5012	267.0473	0
28	5	549.3857	499.9608	0
28	6	512.4134	260.8175	0
28	7	492.6945	363.9217	0
28	8	558.7051	368.792	0
28	9	433.3378	70.75916	0
28	10	517.5944	454.2599	0
28	11	296.1783	-26.82892	0
29	1	425.8829	357.3362	0
29	2	438.1098	98.48492	0
29	3	399.9419	357.0028	0
29	4	356.5012	267.0473	0
29	5	549.3857	499.9608	0
29	6	512.4134	260.8175	0
29	7	492.6945	363.9217	0
29	8	558.7051	368.792	0
29	9	433.3378	70.75916	0
29	10	517.5944	454.2599	0
29	11	296.1783	-26.82892	0
29	12	301.9375	57.90585	0
30	1	425.8829	357.3362	0
30	2	438.1098	98.48492	0
30	3	399.9419	357.0028	0
30	4	356.5012	267.0473	0
30	5	549.3857	499.9608	0
30	6	512.4134	260.8175	0
30	7	492.6945	363.9217	0
30	8	558.7051	368.792	0
30	9	433.3378	70.75916	0
30	10	517.5944	454.2599	0
30	11	296.1783	-26.82892	0
30	12	301.9375	57.90585	0
30	13	355.7074	315.8973	0
31	1	425.8829	357.3362	0
31	2	438.1098	98.48492	0
31	3	399.9419	357.0028	0
31	4	356.5012	267.0473	0
31	5	549.3857	499.9608	0
31	6	512.4134	260.8175	0
31	7	492.6945	363.9217	0
31	8	558.7051	368.792	0
31	9	433.3378	70.75916	0
31	10	517.5944	454.2599	0
31	11	296.1783	-26.82892	0
31	12	301.9375	57.90585	0
31	13	355.7074	315.8973	0
31	14	420.2335	125.62	0
32	1	425.8829	357.3362	0
32	2	438.1098	98.48492	0
32	3	399.9419	357.0028	0
32	4	356.5012	267.0473	0
32	5	549.3857	499.9608	0
32	6	512.4134	260.8175	0
32	7	492.6945	363.9217	0
32	8	558.7051	368.792	0
32	9	433.3378	70.75916	0
32	10	517.5944	454.2599	0
32	11	296.1783	-26.82892	0
32	12	301.9375	57.90585	0
32	13	355.7074	315.8973	0
32	14	420.2335	125.62	0
32	15	367.4605	67.31677	0
33	1	425.8829	357.3362	0
33	2	438.1098	98.48492	0
33	3	399.9419	357.0028	0
33	4	356.5012	267.0473	0
33	5	549.3857	499.9608	0
33	6	512.4134	260.8175	0
33	7	492.6945	363.9217	0
33	8	558.7051	368.792	0
33	9	433.3378	70.75916	0
33	10	517.5944	454.2599	0
33	11	296.1783	-26.82892	0
33	12	301.9375	57.90585	0
33	13	355.7074	315.8973	0
33	14	420.2335	125.62	0
33	15	367.4605	67.31677	0
33	16	446.6767	256.9573	0
34	1	425.8829	357.3362	0
34	2	438.1098	98.48492	0
34	3	399.9419	357.0028	0
34	4	356.5012	267.0473	0
34	5	549.3857	499.9608	0
34	6	512.4134	260.8175	0
34	7	492.6945	363.9217	0
34	8	558.7051	368.792	0
34	9	433.3378	70.75916	0
34	10	517.5944	454.2599	0
34	11	296.1783	-26.82892	0
34	12	301.9375	57.90585	0
34	13	355.7074	315.8973	0
34	14	420.2335	125.62	0
34	15	367.4605	67.31677	0
34	16	446.6767	256.9573	0
34	17	392.7308	157.306	0
35	1	425.8829	357.3362	0
35	2	438.1098	98.48492	0
35	3	399.9419	357.0028	0
35	4	356.5012	267.0473	0
35	5	549.3857	499.9608	0
35	6	512.4134	260.8175	0
35	7	492.6945	363.9217	0
35	8	558.7051	368.792	0
35	9	433.3378	70.75916	0
35	10	517.5944	454.2599	0
35	11	296.1783	-26.82892	0
35	12	301.9375	57.90585	0
35	13	355.7074	315.8973	0
35	14	420.2335	125.62	0
35	15	367.4605	67.31677	0
35	16	446.6767	256.9573	0
35	17	392.7308	157.306	0
35	18	373.3575	94.28326	0
36	1	425.8829	357.3362	0
36	2	438.1098	98.48492	0
36	3	399.9419	357.0028	0
36	4	356.5012	267.0473	0
36	5	549.3857	499.9608	0
36	6	512.4134	260.8175	0
36	7	492.6945	363.9217	0
36	8	558.7051	368.792	0
36	9	433.3378	70.75916	0
36	10	517.5944	454.2599	0
36	11	296.1783	-26.82892	0
36	12	301.9375	57.90585	0
36	13	355.7074	315.8973	0
36	14	420.2335	125.62	0
36	15	367.4605	67.31677	0
36	16	446.6767	256.9573	0
36	17	392.7308	157.306	0
36	18	373.3575	94.28326	0
37	1	425.8829	357.3362	0
37	2	438.1098	98.48492	0
37	3	399.9419	357.0028	0
37	4	356.5012	267.0473	0
37	5	549.3857	499.9608	0
37	6	512.4134	260.8175	0
37	7	492.6945	363.9217	0
37	8	558.7051	368.792	0
37	9	433.3378	70.75916	0
37	10	517.5944	454.2599	0
37	11	296.1783	-26.82892	0
37	12	301.9375	57.90585	0
37	13	355.7074	315.8973	0
37	14	420.2335	125.62	0
37	15	367.4605	67.31677	0
37	16	446.6767	256.9573	0
37	17	392.7308	157.306	0
37	18	373.3575	94.28326	0
37	19	545.2725	423.7984	0
38	1	425.8829	357.3362	0
38	2	438.1098	98.48492	0
38	3	399.9419	357.0028	0
38	4	356.5012	267.0473	0
38	5	549.3857	499.9608	0
38	6	512.4134	260.8175	0
38	7	492.6945	363.9217	0
38	8	558.7051	368.792	0
38	9	433.3378	70.75916	0
38	10	517.5944	454.2599	0
38	11	296.1783	-26.82892	0
38	12	301.9375	57.90585	0
38	13	355.7074	315.8973	0
38	14	420.2335	125.62	0
38	15	367.4605	67.31677	0
38	16	446.6767	256.9573	0
38	17	392.7308	157.306	0
38	18	373.3575	94.28326	0
38	19	545.2725	423.7984	0
38	20	522.0825	314.9289	0
39	1	425.8829	357.3362	0
39	2	438.1098	98.48492	0
39	3	399.9419	357.0028	0
39	4	356.5012	267.0473	0
39	5	549.3857	499.9608	0
39	6	512.4134	260.8175	0
39	7	492.6945	363.9217	0
39	8	558.7051	368.792	0
39	9	433.3378	70.75916	0
39	10	517.5944	454.2599	0
39	11	296.1783	-26.82892	0
39	12	301.9375	57.90585	0
39	13	355.7074	315.8973	0
39	14	420.2335	125.62	0
39	15	367.4605	67.31677	0
39	16	446.6767	256.9573	0
39	17	392.7308	157.306	0
39	18	373.3575	94.28326	0
39	19	545.2725	423.7984	0
39	20	522.0825	314.9289	0
39	21	545.3852	616.8877	0
40	1	425.8829	357.3362	0
40	2	438.1098	98.48492	0
40	3	399.9419	357.0028	0
40	4	356.5012	267.0473	0
40	5	549.3857	499.9608	0
40	6	512.4134	260.8175	0
40	7	492.6945	363.9217	0
40	8	558.7051	368.792	0
40	9	433.3378	70.75916	0
40	10	517.5944	454.2599	0
40	11	296.1783	-26.82892	0
40	12	301.9375	57.90585	0
40	13	355.7074	315.8973	0
40	14	420.2335	125.62	0
40	15	367.4605	67.31677	0
40	16	446.6767	256.9573	0
40	17	392.7308	157.306	0
40	18	373.3575	94.28326	0
40	19	545.2725	423.7984	0
40	20	522.0825	314.9289	0
40	21	545.3852	616.8877	0
40	22	571.6595	554.3834	0
41	1	425.8829	357.3362	0
41	2	438.1098	98.48492	0
41	3	399.9419	357.0028	0
41	4	356.5012	267.0473	0
41	5	549.3857	499.9608	0
41	6	512.4134	260.8175	0
41	7	492.6945	363.9217	0
41	8	558.7051	368.792	0
41	9	433.3378	70.75916	0
41	10	517.5944	454.2599	0
41	11	296.1783	-26.82892	0
41	12	301.9375	57.90585	0
41	13	355.7074	315.8973	0
41	14	420.2335	125.62	0
41	15	367.4605	67.31677	0
41	16	446.6767	256.9573	0
41	17	392.7308	157.306	0
41	18	373.3575	94.28326	0
41	19	545.2725	423.7984	0
41	20	522.0825	314.9289	0
41	21	545.3852	616.8877	0
41	22	571.6595	554.3834	0
41	23	422.1788	270.5162	0
42	1	425.8829	357.3362	0
42	2	438.1098	98.48492	0
42	3	399.9419	357.0028	0
42	4	356.5012	267.0473	0
42	5	549.3857	499.9608	0
42	6	512.4134	260.8175	0
42	7	492.6945	363.9217	0
42	8	558.7051	368.792	0
42	9	433.3378	70.75916	0
42	10	517.5944	454.2599	0
42	11	296.1783	-26.82892	0
42	12	301.9375	57.90585	0
42	13	355.7074	315.8973	0
42	14	420.2335	125.62	0
42	15	367.4605	67.31677	0
42	16	446.6767	256.9573	0
42	17	392.7308	157.306	0
42	18	373.3575	94.28326	0
42	19	545.2725	423.7984	0
42	20	522.0825	314.9289	0
42	21	545.3852	616.8877	0
42	22	571.6595	554.3834	0
42	23	422.1788	270.5162	0
42	24	342.8024	63.42691	0
43	1	425.8829	357.3362	0
43	2	438.1098	98.48492	0
43	3	399.9419	357.0028	0
43	4	356.5012	267.0473	0
43	5	549.3857	499.9608	0
43	6	512.4134	260.8175	0
43	7	492.6945	363.9217	0
43	8	558.7051	368.792	0
43	9	433.3378	70.75916	0
43	10	517.5944	454.2599	0
43	11	296.1783	-26.82892	0
43	12	301.9375	57.90585	0
43	13	355.7074	315.8973	0
43	14	420.2335	125.62	0
43	15	367.4605	67.31677	0
43	16	446.6767	256.9573	0
43	17	392.7308	157.306	0
43	18	373.3575	94.28326	0
43	19	545.2725	423.7984	0
43	20	522.0825	314.9289	0
43	21	545.3852	616.8877	0
43	22	571.6595	554.3834	0
43	23	422.1788	270.5162	0
43	24	342.8024	63.42691	0
43	25	564.0806	395.2603	0
44	1	425.8829	357.3362	0
44	2	438.1098	98.48492	0
44	3	399.9419	357.0028	0
44	4	356.5012	267.0473	0
44	5	549.3857	499.9608	0
44	6	512.4134	260.8175	0
44	7	492.6945	363.9217	0
44	8	558.7051	368.792	0
44	9	433.3378	70.75916	0
44	10	517.5944	454.2599	0
44	11	296.1783	-26.82892	0
44	12	301.9375	57.90585	0
44	13	355.7074	315.8973	0
44	14	420.2335	125.62	0
44	15	367.4605	67.31677	0
44	16	446.6767	256.9573	0
44	17	392.7308	157.306	0
44	18	373.3575	94.28326	0
44	19	545.2725	423.7984	0
44	20	522.0825	314.9289	0
44	21	545.3852	616.8877	0
44	22	571.6595	554.3834	0
44	23	422.1788	270.5162	0
44	24	342.8024	63.42691	0
44	25	564.0806	395.2603	0
44	26	460.0596	162.3944	0
45	1	425.8829	357.3362	0
45	2	438.1098	98.48492	0
45	3	399.9419	357.0028	0
45	4	356.5012	267.0473	0
45	5	549.3857	499.9608	0
45	6	512.4134	260.8175	0
45	7	492.6945	363.9217	0
45	8	558.7051	368.792	0
45	9	433.3378	70.75916	0
45	10	517.5944	454.2599	0
45	11	296.1783	-26.82892	0
45	12	301.9375	57.90585	0
45	13	355.7074	315.8973	0
45	14	420.2335	125.62	0
45	15	367.4605	67.31677	0
45	16	446.6767	256.9573	0
45	17	392.7308	157.306	0
45	18	373.3575	94.28326	0
45	19	545.2725	423.7984	0
45	20	522.0825	314.9289	0
45	21	545.3852	616.8877	0
45	22	571.6595	554.3834	0
45	23	422.1788	270.5162	0
45	24	342.8024	63.42691	0
45	25	564.0806	395.2603	0
45	26	460.0596	162.3944	0
45	27	485.9919	128.7343	0
46	1	425.8829	357.3362	0
46	2	438.1098	98.48492	0
46	3	399.9419	357.0028	0
46	4	356.5012	267.0473	0
46	5	549.3857	499.9608	0
46	6	512.4134	260.8175	0
46	7	492.6945	363.9217	0
46	8	558.7051	368.792	0
46	9	433.3378	70.75916	0
46	10	517.5944	454.2599	0
46	11	296.1783	-26.82892	0
46	12	301.9375	57.90585	0
46	13	355.7074	315.8973	0
46	14	420.2335	125.62	0
46	15	367.4605	67.31677	0
46	16	446.6767	256.9573	0
46	17	392.7308	157.306	0
46	18	373.3575	94.28326	0
46	19	545.2725	423.7984	0
46	20	522.0825	314.9289	0
46	21	545.3852	616.8877	0
46	22	571.6595	554.3834	0
46	23	422.1788	270.5162	0
46	24	342.8024	63.42691	0
46	25	564.0806	395.2603	0
46	26	460.0596	162.3944	0
46	27	485.9919	128.7343	0
47	1	425.8829	357.3362	0
47	2	438.1098	98.48492	0
47	3	399.9419	357.0028	0
47	4	356.5012	267.0473	0
47	5	549.3857	499.9608	0
47	6	512.4134	260.8175	0
47	7	492.6945	363.9217	0
47	8	558.7051	368.792	0
47	9	433.3378	70.75916	0
47	10	517.5944	454.2599	0
47	11	296.1783	-26.82892	0
47	12	301.9375	57.90585	0
47	13	355.7074	315.8973	0
47	14	420.2335	125.62	0
47	15	367.4605	67.31677	0
47	16	446.6767	256.9573	0
47	17	392.7308	157.306	0
47	18	373.3575	94.28326	0
47	19	545.2725	423.7984	0
47	20	522.0825	314.9289	0
47	21	545.3852	616.8877	0
47	22	571.6595	554.3834	0
47	23	422.1788	270.5162	0
47	24	342.8024	63.42691	0
47	25	564.0806	395.2603	0
47	26	460.0596	162.3944	0
47	27	485.9919	128.7343	0
47	28	480.1862	612.7094	0
48	1	425.8829	357.3362	0
48	2	438.1098	98.48492	0
48	3	399.9419	357.0028	0
48	4	356.5012	267.0473	0
48	5	549.3857	499.9608	0
48	6	512.4134	260.8175	0
48	7	492.6945	363.9217	0
48	8	558.7051	368.792	0
48	9	433.3378	70.75916	0
48	10	517.5944	454.2599	0
48	11	296.1783	-26.82892	0
48	12	301.9375	57.90585	0
48	13	355.7074	315.8973	0
48	14	420.2335	125.62	0
48	15	367.4605	67.31677	0
48	16	446.6767	256.9573	0
48	17	392.7308	157.306	0
48	18	373.3575	94.28326	0
48	19	545.2725	423.7984	0
48	20	522.0825	314.9289	0
48	21	545.3852	616.8877	0
48	22	571.6595	554.3834	0
48	23	422.1788	270.5162	0
48	24	342.8024	63.42691	0
48	25	564.0806	395.2603	0
48	26	460.0596	162.3944	0
48	27	485.9919	128.7343	0
48	28	480.1862	612.7094	0
48	29	276.5527	59.00775	0
49	1	425.8829	357.3362	0
49	2	438.1098	98.48492	0
49	3	399.9419	357.0028	0
49	4	356.5012	267.0473	0
49	5	549.3857	499.9608	0
49	6	512.4134	260.8175	0
49	7	492.6945	363.9217	0
49	8	558.7051	368.792	0
49	9	433.3378	70.75916	0
49	10	517.5944	454.2599	0
49	11	296.1783	-26.82892	0
49	12	301.9375	57.90585	0
49	13	355.7074	315.8973	0
49	14	420.2335	125.62	0
49	15	367.4605	67.31677	0
49	16	446.6767	256.9573	0
49	17	392.7308	157.306	0
49	18	373.3575	94.28326	0
49	19	545.2725	423.7984	0
49	20	522.0825	314.9289	0
49	21	545.3852	616.8877	0
49	22	571.6595	554.3834	0
49	23	422.1788	270.5162	0
49	24	342.8024	63.42691	0
49	25	564.0806	395.2603	0
49	26	460.0596	162.3944	0
49	27	485.9919	128.7343	0
49	28	480.1862	612.7094	0
49	29	276.5527	59.00775	0
49	30	285.4546	105.125	0
50	1	425.8829	357.3362	0
50	2	438.1098	98.48492	0
50	3	399.9419	357.0028	0
50	4	356.5012	267.0473	0
50	5	549.3857	499.9608	0
50	6	512.4134	260.8175	0
50	7	492.6945	363.9217	0
50	8	558.7051	368.792	0
50	9	433.3378	70.75916	0
50	10	517.5944	454.2599	0
50	11	296.1783	-26.82892	0
50	12	301.9375	57.90585	0
50	13	355.7074	315.8973	0
50	14	420.2335	125.62	0
50	15	367.4605	67.31677	0
50	16	446.6767	256.9573	0
50	17	392.7308	157.306	0
50	18	373.3575	94.28326	0
50	19	545.2725	423.7984	0
50	20	522.0825	314.9289	0
50	21	545.3852	616.8877	0
50	22	571.6595	554.3834	0
50	23	422.1788	270.5162	0
50	24	342.8024	63.42691	0
50	25	564.0806	395.2603	0
50	26	460.0596	162.3944	0
50	27	485.9919	128.7343	0
50	28	480.1862	612.7094	0
50	29	276.5527	59.00775	0
50	30	285.4546	105.125	0
50	31	584.1622	458.712	0
51	1	425.8829	357.3362	0
51	2	438.1098	98.48492	0
51	3	399.9419	357.0028	0
51	4	356.5012	267.0473	0
51	5	549.3857	499.9608	0
51	6	512.4134	260.8175	0
51	7	492.6945	363.9217	0
51	8	558.7051	368.792	0
51	9	433.3378	70.75916	0
51	10	517.5944	454.2599	0
51	11	296.1783	-26.82892	0
51	12	301.9375	57.90585	0
51	13	355.7074	315.8973	0
51	14	420.2335	125.62	0
51	15	367.4605	67.31677	0
51	16	446.6767	256.9573	0
51	17	392.7308	157.306	0
51	18	373.3575	94.28326	0
51	19	545.2725	423.7984	0
51	20	522.0825	314.9289	0
51	21	545.3852	616.8877	0
51	22	571.6595	554.3834	0
51	23	422.1788	270.5162	0
51	24	342.8024	63.42691	0
51	25	564.0806	395.2603	0
51	26	460.0596	162.3944	0
51	27	485.9919	128.7343	0
51	28	480.1862	612.7094	0
51	29	276.5527	59.00775	0
51	30	285.4546	105.125	0
51	31	584.1622	458.712	0
51	32	230.8694	-29.99927	0
52	1	425.8829	357.3362	0
52	2	438.1098	98.48492	0
52	3	399.9419	357.0028	0
52	4	356.5012	267.0473	0
52	5	549.3857	499.9608	0
52	6	512.4134	260.8175	0
52	7	492.6945	363.9217	0
52	8	558.7051	368.792	0
52	9	433.3378	70.75916	0
52	10	517.5944	454.2599	0
52	11	296.1783	-26.82892	0
52	12	301.9375	57.90585	0
52	13	355.7074	315.8973	0
52	14	420.2335	125.62	0
52	15	367.4605	67.31677	0
52	16	446.6767	256.9573	0
52	17	392.7308	157.306	0
52	18	373.3575	94.28326	0
52	19	545.2725	423.7984	0
52	20	522.0825	314.9289	0
52	21	545.3852	616.8877	0
52	22	571.6595	554.3834	0
52	23	422.1788	270.5162	0
52	24	342.8024	63.42691	0
52	25	564.0806	395.2603	0
52	26	460.0596	162.3944	0
52	27	485.9919	128.7343	0
52	28	480.1862	612.7094	0
52	29	276.5527	59.00775	0
52	30	285.4546	105.125	0
52	31	584.1622	458.712	0
52	32	230.8694	-29.99927	0
52	33	331.2169	13.41989	0
53	1	425.8829	357.3362	0
53	2	438.1098	98.48492	0
53	3	399.9419	357.0028	0
53	4	356.5012	267.0473	0
53	5	549.3857	499.9608	0
53	6	512.4134	260.8175	0
53	7	492.6945	363.9217	0
53	8	558.7051	368.792	0
53	9	433.3378	70.75916	0
53	10	517.5944	454.2599	0
53	11	296.1783	-26.82892	0
53	12	301.9375	57.90585	0
53	13	355.7074	315.8973	0
53	14	420.2335	125.62	0
53	15	367.4605	67.31677	0
53	16	446.6767	256.9573	0
53	17	392.7308	157.306	0
53	18	373.3575	94.28326	0
53	19	545.2725	423.7984	0
53	20	522.0825	314.9289	0
53	21	545.3852	616.8877	0
53	22	571.6595	554.3834	0
53	23	422.1788	270.5162	0
53	24	342.8024	63.42691	0
53	25	564.0806	395.2603	0
53	26	460.0596	162.3944	0
53	27	485.9919	128.7343	0
53	28	480.1862	612.7094	0
53	29	276.5527	59.00775	0
53	30	285.4546	105.125	0
53	31	584.1622	458.712	0
53	32	230.8694	-29.99927	0
53	33	331.2169	13.41989	0
53	34	409.7816	403.6718	0
54	1	425.8829	357.3362	0
54	2	438.1098	98.48492	0
54	3	399.9419	357.0028	0
54	4	356.5012	267.0473	0
54	5	549.3857	499.9608	0
54	6	512.4134	260.8175	0
54	7	492.6945	363.9217	0
54	8	558.7051	368.792	0
54	9	433.3378	70.75916	0
54	10	517.5944	454.2599	0
54	11	296.1783	-26.82892	0
54	12	301.9375	57.90585	0
54	13	355.7074	315.8973	0
54	14	420.2335	125.62	0
54	15	367.4605	67.31677	0
54	16	446.6767	256.9573	0
54	17	392.7308	157.306	0
54	18	373.3575	94.28326	0
54	19	545.2725	423.7984	0
54	20	522.0825	314.9289	0
54	21	545.3852	616.8877	0
54	22	571.6595	554.3834	0
54	23	422.1788	270.5162	0
54	24	342.8024	63.42691	0
54	25	564.0806	395.2603	0
54	26	460.0596	162.3944	0
54	27	485.9919	128.7343	0
54	28	480.1862	612.7094	0
54	29	276.5527	59.00775	0
54	30	285.4546	105.125	0
54	31	584.1622	458.712	0
54	32	230.8694	-29.99927	0
54	33	331.2169	13.41989	0
54	34	409.7816	403.6718	0
54	35	637.7502	558.0005	0
55	1	425.8829	357.3362	0
55	2	438.1098	98.48492	0
55	3	399.9419	357.0028	0
55	4	356.5012	267.0473	0
55	5	549.3857	499.9608	0
55	6	512.4134	260.8175	0
55	7	492.6945	363.9217	0
55	8	558.7051	368.792	0
55	9	433.3378	70.75916	0
55	10	517.5944	454.2599	0
55	11	296.1783	-26.82892	0
55	12	301.9375	57.90585	0
55	13	355.7074	315.8973	0
55	14	420.2335	125.62	0
55	15	367.4605	67.31677	0
55	16	446.6767	256.9573	0
55	17	392.7308	157.306	0
55	18	373.3575	94.28326	0
55	19	545.2725	423.7984	0
55	20	522.0825	314.9289	0
55	21	545.3852	616.8877	0
55	22	571.6595	554.3834	0
55	23	422.1788	270.5162	0
55	24	342.8024	63.42691	0
55	25	564.0806	395.2603	0
55	26	460.0596	162.3944	0
55	27	485.9919	128.7343	0
55	28	480.1862	612.7094	0
55	29	276.5527	59.00775	0
55	30	285.4546	105.125	0
55	31	584.1622	458.712	0
55	32	230.8694	-29.99927	0
55	33	331.2169	13.41989	0
55	34	409.7816	403.6718	0
55	35	637.7502	558.0005	0
55	36	477.2218	406.998	0
56	1	425.8829	357.3362	0
56	2	438.1098	98.48492	0
56	3	399.9419	357.0028	0
56	4	356.5012	267.0473	0
56	5	549.3857	499.9608	0
56	6	512.4134	260.8175	0
56	7	492.6945	363.9217	0
56	8	558.7051	368.792	0
56	9	433.3378	70.75916	0
56	10	517.5944	454.2599	0
56	11	296.1783	-26.82892	0
56	12	301.9375	57.90585	0
56	13	355.7074	315.8973	0
56	14	420.2335	125.62	0
56	15	367.4605	67.31677	0
56	16	446.6767	256.9573	0
56	17	392.7308	157.306	0
56	18	373.3575	94.28326	0
56	19	545.2725	423.7984	0
56	20	522.0825	314.9289	0
56	21	545.3852	616.8877	0
56	22	571.6595	554.3834	0
56	23	422.1788	270.5162	0
56	24	342.8024	63.42691	0
56	25	564.0806	395.2603	0
56	26	460.0596	162.3944	0
56	27	485.9919	128.7343	0
56	28	480.1862	612.7094	0
56	29	276.5527	59.00775	0
56	30	285.4546	105.125	0
56	31	584.1622	458.712	0
56	32	230.8694	-29.99927	0
56	33	331.2169	13.41989	0
56	34	409.7816	403.6718	0
56	35	637.7502	558.0005	0
56	36	477.2218	406.998	0
57	1	425.8829	357.3362	0
57	2	438.1098	98.48492	0
57	3	399.9419	357.0028	0
57	4	356.5012	267.0473	0
57	5	549.3857	499.9608	0
57	6	512.4134	260.8175	0
57	7	492.6945	363.9217	0
57	8	558.7051	368.792	0
57	9	433.3378	70.75916	0
57	10	517.5944	454.2599	0
57	11	296.1783	-26.82892	0
57	12	301.9375	57.90585	0
57	13	355.7074	315.8973	0
57	14	420.2335	125.62	0
57	15	367.4605	67.31677	0
57	16	446.6767	256.9573	0
57	17	392.7308	157.306	0
57	18	373.3575	94.28326	0
57	19	545.2725	423.7984	0
57	20	522.0825	314.9289	0
57	21	545.3852	616.8877	0
57	22	571.6595	554.3834	0
57	23	422.1788	270.5162	0
57	24	342.8024	63.42691	0
57	25	564.0806	395.2603	0
57	26	460.0596	162.3944	0
57	27	485.9919	128.7343	0
57	28	480.1862	612.7094	0
57	29	276.5527	59.00775	0
57	30	285.4546	105.125	0
57	31	584.1622	458.712	0
57	32	230.8694	-29.99927	0
57	33	331.2169	13.41989	0
57	34	409.7816	403.6718	0
57	35	637.7502	558.0005	0
57	36	477.2218	406.998	0
57	37	421.8702	318.517	0
58	1	425.8829	357.3362	0
58	2	438.1098	98.48492	0
58	3	399.9419	357.0028	0
58	4	356.5012	267.0473	0
58	5	549.3857	499.9608	0
58	6	512.4134	260.8175	0
58	7	492.6945	363.9217	0
58	8	558.7051	368.792	0
58	9	433.3378	70.75916	0
58	10	517.5944	454.2599	0
58	11	296.1783	-26.82892	0
58	12	301.9375	57.90585	0
58	13	355.7074	315.8973	0
58	14	420.2335	125.62	0
58	15	367.4605	67.31677	0
58	16	446.6767	256.9573	0
58	17	392.7308	157.306	0
58	18	373.3575	94.28326	0
58	19	545.2725	423.7984	0
58	20	522.0825	314.9289	0
58	21	545.3852	616.8877	0
58	22	571.6595	554.3834	0
58	23	422.1788	270.5162	0
58	24	342.8024	63.42691	0
58	25	564.0806	395.2603	0
58	26	460.0596	162.3944	0
58	27	485.9919	128.7343	0
58	28	480.1862	612.7094	0
58	29	276.5527	59.00775	0
58	30	285.4546	105.125	0
58	31	584.1622	458.712	0
58	32	230.8694	-29.99927	0
58	33	331.2169	13.41989	0
58	34	409.7816	403.6718	0
58	35	637.7502	558.0005	0
58	36	477.2218	406.998	0
58	37	421.8702	318.517	0
58	38	611.4624	427.5244	0
59	1	425.8829	357.3362	0
59	2	438.1098	98.48492	0
59	3	399.9419	357.0028	0
59	4	356.5012	267.0473	0
59	5	549.3857	499.9608	0
59	6	512.4134	260.8175	0
59	7	492.6945	363.9217	0
59	8	558.7051	368.792	0
59	9	433.3378	70.75916	0
59	10	517.5944	454.2599	0
59	11	296.1783	-26.82892	0
59	12	301.9375	57.90585	0
59	13	355.7074	315.8973	0
59	14	420.2335	125.62	0
59	15	367.4605	67.31677	0
59	16	446.6767	256.9573	0
59	17	392.7308	157.306	0
59	18	373.3575	94.28326	0
59	19	545.2725	423.7984	0
59	20	522.0825	314.9289	0
59	21	545.3852	616.8877	0
59	22	571.6595	554.3834	0
59	23	422.1788	270.5162	0
59	24	342.8024	63.42691	0
59	25	564.0806	395.2603	0
59	26	460.0596	162.3944	0
59	27	485.9919	128.7343	0
59	28	480.1862	612.7094	0
59	29	276.5527	59.00775	0
59	30	285.4546	105.125	0
59	31	584.1622	458.712	0
59	32	230.8694	-29.99927	0
59	33	331.2169	13.41989	0
59	34	409.7816	403.6718	0
59	35	637.7502	558.0005	0
59	36	477.2218	406.998	0
59	37	421.8702	318.517	0
59	38	611.4624	427.5244	0
59	39	352.5611	109.6279	0
60	1	425.8829	357.3362	0
60	2	438.1098	98.48492	0
60	3	399.9419	357.0028	0
60	4	356.5012	267.0473	0
60	5	549.3857	499.9608	0
60	6	512.4134	260.8175	0
60	7	492.6945	363.9217	0
60	8	558.7051	368.792	0
60	9	433.3378	70.75916	0
60	10	517.5944	454.2599	0
60	11	296.1783	-26.82892	0
60	12	301.9375	57.90585	0
60	13	355.7074	315.8973	0
60	14	420.2335	125.62	0
60	15	367.4605	67.31677	0
60	16	446.6767	256.9573	0
60	17	392.7308	157.306	0
60	18	373.3575	94.28326	0
60	19	545.2725	423.7984	0
60	20	522.0825	314.9289	0
60	21	545.3852	616.8877	0
60	22	571.6595	554.3834	0
60	23	422.1788	270.5162	0
60	24	342.8024	63.42691	0
60	25	564.0806	395.2603	0
60	26	460.0596	162.3944	0
60	27	485.9919	128.7343	0
60	28	480.1862	612.7094	0
60	29	276.5527	59.00775	0
60	30	285.4546	105.125	0
60	31	584.1622	458.712	0
60	32	230.8694	-29.99927	0
60	33	331.2169	13.41989	0
60	34	409.7816	403.6718	0
60	35	637.7502	558.0005	0
60	36	477.2218	406.998	0
60	37	421.8702	318.517	0
60	38	611.4624	427.5244	0
60	39	352.5611	109.6279	0
60	40	397.029	17.52673	0
61	1	425.8829	357.3362	0
61	2	438.1098	98.48492	0
61	3	399.9419	357.0028	0
61	4	356.5012	267.0473	0
61	5	549.3857	499.9608	0
61	6	512.4134	260.8175	0
61	7	492.6945	363.9217	0
61	8	558.7051	368.792	0
61	9	433.3378	70.75916	0
61	10	517.5944	454.2599	0
61	11	296.1783	-26.82892	0
61	12	301.9375	57.90585	0
61	13	355.7074	315.8973	0
61	14	420.2335	125.62	0
61	15	367.4605	67.31677	0
61	16	446.6767	256.9573	0
61	17	392.7308	157.306	0
61	18	373.3575	94.28326	0
61	19	545.2725	423.7984	0
61	20	522.0825	314.9289	0
61	21	545.3852	616.8877	0
61	22	571.6595	554.3834	0
61	23	422.1788	270.5162	0
61	24	342.8024	63.42691	0
61	25	564.0806	395.2603	0
61	26	460.0596	162.3944	0
61	27	485.9919	128.7343	0
61	28	480.1862	612.7094	0
61	29	276.5527	59.00775	0
61	30	285.4546	105.125	0
61	31	584.1622	458.712	0
61	32	230.8694	-29.99927	0
61	33	331.2169	13.41989	0
61	34	409.7816	403.6718	0
61	35	637.7502	558.0005	0
61	36	477.2218	406.998	0
61	37	421.8702	318.517	0
61	38	611.4624	427.5244	0
61	39	352.5611	109.6279	0
61	40	397.029	17.52673	0
61	41	466.9939	361.2942	0
62	1	425.8829	357.3362	0
62	2	438.1098	98.48492	0
62	3	399.9419	357.0028	0
62	4	356.5012	267.0473	0
62	5	549.3857	499.9608	0
62	6	512.4134	260.8175	0
62	7	492.6945	363.9217	0
62	8	558.7051	368.792	0
62	9	433.3378	70.75916	0
62	10	517.5944	454.2599	0
62	11	296.1783	-26.82892	0
62	12	301.9375	57.90585	0
62	13	355.7074	315.8973	0
62	14	420.2335	125.62	0
62	15	367.4605	67.31677	0
62	16	446.6767	256.9573	0
62	17	392.7308	157.306	0
62	18	373.3575	94.28326	0
62	19	545.2725	423.7984	0
62	20	522.0825	314.9289	0
62	21	545.3852	616.8877	0
62	22	571.6595	554.3834	0
62	23	422.1788	270.5162	0
62	24	342.8024	63.42691	0
62	25	564.0806	395.2603	0
62	26	460.0596	162.3944	0
62	27	485.9919	128.7343	0
62	28	480.1862	612.7094	0
62	29	276.5527	59.00775	0
62	30	285.4546	105.125	0
62	31	584.1622	458.712	0
62	32	230.8694	-29.99927	0
62	33	331.2169	13.41989	0
62	34	409.7816	403.6718	0
62	35	637.7502	558.0005	0
62	36	477.2218	406.998	0
62	37	421.8702	318.517	0
62	38	611.4624	427.5244	0
62	39	352.5611	109.6279	0
62	40	397.029	17.52673	0
62	41	466.9939	361.2942	0
62	42	497.4423	391.8982	0
63	1	425.8829	357.3362	0
63	2	438.1098	98.48492	0
63	3	399.9419	357.0028	0
63	4	356.5012	267.0473	0
63	5	549.3857	499.9608	0
63	6	512.4134	260.8175	0
63	7	492.6945	363.9217	0
63	8	558.7051	368.792	0
63	9	433.3378	70.75916	0
63	10	517.5944	454.2599	0
63	11	296.1783	-26.82892	0
63	12	301.9375	57.90585	0
63	13	355.7074	315.8973	0
63	14	420.2335	125.62	0
63	15	367.4605	67.31677	0
63	16	446.6767	256.9573	0
63	17	392.7308	157.306	0
63	18	373.3575	94.28326	0
63	19	545.2725	423.7984	0
63	20	522.0825	314.9289	0
63	21	545.3852	616.8877	0
63	22	571.6595	554.3834	0
63	23	422.1788	270.5162	0
63	24	342.8024	63.42691	0
63	25	564.0806	395.2603	0
63	26	460.0596	162.3944	0
63	27	485.9919	128.7343	0
63	28	480.1862	612.7094	0
63	29	276.5527	59.00775	0
63	30	285.4546	105.125	0
63	31	584.1622	458.712	0
63	32	230.8694	-29.99927	0
63	33	331.2169	13.41989	0
63	34	409.7816	403.6718	0
63	35	637.7502	558.0005	0
63	36	477.2218	406.998	0
63	37	421.8702	318.517	0
63	38	611.4624	427.5244	0
63	39	352.5611	109.6279	0
63	40	397.029	17.52673	0
63	41	466.9939	361.2942	0
63	42	497.4423	391.8982	0
63	43	454.7394	310.9359	0
64	1	425.8829	357.3362	0
64	2	438.1098	98.48492	0
64	3	399.9419	357.0028	0
64	4	356.5012	267.0473	0
64	5	549.3857	499.9608	0
64	6	512.4134	260.8175	0
64	7	492.6945	363.9217	0
64	8	558.7051	368.792	0
64	9	433.3378	70.75916	0
64	10	517.5944	454.2599	0
64	11	296.1783	-26.82892	0
64	12	301.9375	57.90585	0
64	13	355.7074	315.8973	0
64	14	420.2335	125.62	0
64	15	367.4605	67.31677	0
64	16	446.6767	256.9573	0
64	17	392.7308	157.306	0
64	18	373.3575	94.28326	0
64	19	545.2725	423.7984	0
64	20	522.0825	314.9289	0
64	21	545.3852	616.8877	0
64	22	571.6595	554.3834	0
64	23	422.1788	270.5162	0
64	24	342.8024	63.42691	0
64	25	564.0806	395.2603	0
64	26	460.0596	162.3944	0
64	27	485.9919	128.7343	0
64	28	480.1862	612.7094	0
64	29	276.5527	59.00775	0
64	30	285.4546	105.125	0
64	31	584.1622	458.712	0
64	32	230.8694	-29.99927	0
64	33	331.2169	13.41989	0
64	34	409.7816	403.6718	0
64	35	637.7502	558.0005	0
64	36	477.2218	406.998	0
64	37	421.8702	318.517	0
64	38	611.4624	427.5244	0
64	39	352.5611	109.6279	0
64	40	397.029	17.52673	0
64	41	466.9939	361.2942	0
64	42	497.4423	391.8982	0
64	43	454.7394	310.9359	0
65	1	425.8829	357.3362	0
65	2	438.1098	98.48492	0
65	3	399.9419	357.0028	0
65	4	356.5012	267.0473	0
65	5	549.3857	499.9608	0
65	6	512.4134	260.8175	0
65	7	492.6945	363.9217	0
65	8	558.7051	368.792	0
65	9	433.3378	70.75916	0
65	10	517.5944	454.2599	0
65	11	296.1783	-26.82892	0
65	12	301.9375	57.90585	0
65	13	355.7074	315.8973	0
65	14	420.2335	125.62	0
65	15	367.4605	67.31677	0
65	16	446.6767	256.9573	0
65	17	392.7308	157.306	0
65	18	373.3575	94.28326	0
65	19	545.2725	423.7984	0
65	20	522.0825	314.9289	0
65	21	545.3852	616.8877	0
65	22	571.6595	554.3834	0
65	23	422.1788	270.5162	0
65	24	342.8024	63.42691	0
65	25	564.0806	395.2603	0
65	26	460.0596	162.3944	0
65	27	485.9919	128.7343	0
65	28	480.1862	612.7094	0
65	29	276.5527	59.00775	0
65	30	285.4546	105.125	0
65	31	584.1622	458.712	0
65	32	230.8694	-29.99927	0
65	33	331.2169	13.41989	0
65	34	409.7816	403.6718	0
65	35	637.7502	558.0005	0
65	36	477.2218	406.998	0
65	37	421.8702	318.517	0
65	38	611.4624	427.5244	0
65	39	352.5611	109.6279	0
65	40	397.029	17.52673	0
65	41	466.9939	361.2942	0
65	42	497.4423	391.8982	0
65	43	454.7394	310.9359	0
66	1	425.8829	357.3362	0
66	2	438.1098	98.48492	0
66	3	399.9419	357.0028	0
66	4	356.5012	267.0473	0
66	5	549.3857	499.9608	0
66	6	512.4134	260.8175	0
66	7	492.6945	363.9217	0
66	8	558.7051	368.792	0
66	9	433.3378	70.75916	0
66	10	517.5944	454.2599	0
66	11	296.1783	-26.82892	0
66	12	301.9375	57.90585	0
66	13	355.7074	315.8973	0
66	14	420.2335	125.62	0
66	15	367.4605	67.31677	0
66	16	446.6767	256.9573	0
66	17	392.7308	157.306	0
66	18	373.3575	94.28326	0
66	19	545.2725	423.7984	0
66	20	522.0825	314.9289	0
66	21	545.3852	616.8877	0
66	22	571.6595	554.3834	0
66	23	422.1788	270.5162	0
66	24	342.8024	63.42691	0
66	25	564.0806	395.2603	0
66	26	460.0596	162.3944	0
66	27	485.9919	128.7343	0
66	28	480.1862	612.7094	0
66	29	276.5527	59.00775	0
66	30	285.4546	105.125	0
66	31	584.1622	458.712	0
66	32	230.8694	-29.99927	0
66	33	331.2169	13.41989	0
66	34	409.7816	403.6718	0
66	35	637.7502	558.0005	0
66	36	477.2218	406.998	0
66	37	421.8702	318.517	0
66	38	611.4624	427.5244	0
66	39	352.5611	109.6279	0
66	40	397.029	17.52673	0
66	41	466.9939	361.2942	0
66	42	497.4423	391.8982	0
66	43	454.7394	310.9359	0
67	1	425.8829	357.3362	0
67	2	438.1098	98.48492	0
67	3	399.9419	357.0028	0
67	4	356.5012	267.0473	0
67	5	549.3857	499.9608	0
67	6	512.4134	260.8175	0
67	7	492.6945	363.9217	0
67	8	558.7051	368.792	0
67	9	433.3378	70.75916	0
67	10	517.5944	454.2599	0
67	11	296.1783	-26.82892	0
67	12	301.9375	57.90585	0
67	13	355.7074	315.8973	0
67	14	420.2335	125.62	0
67	15	367.4605	67.31677	0
67	16	446.6767	256.9573	0
67	17	392.7308	157.306	0
67	18	373.3575	94.28326	0
67	19	545.2725	423.7984	0
67	20	522.0825	314.9289	0
67	21	545.3852	616.8877	0
67	22	571.6595	554.3834	0
67	23	422.1788	270.5162	0
67	24	342.8024	63.42691	0
67	25	564.0806	395.2603	0
67	26	460.0596	162.3944	0
67	27	485.9919	128.7343	0
67	28	480.1862	612.7094	0
67	29	276.5527	59.00775	0
67	30	285.4546	105.125	0
67	31	584.1622	458.712	0
67	32	230.8694	-29.99927	0
67	33	331.2169	13.41989	0
67	34	409.7816	403.6718	0
67	35	637.7502	558.0005	0
67	36	477.2218	406.998	0
67	37	421.8702	318.517	0
67	38	611.4624	427.5244	0
67	39	352.5611	109.6279	0
67	40	397.029	17.52673	0
67	41	466.9939	361.2942	0
67	42	497.4423	391.8982	0
67	43	454.7394	310.9359	0
68	1	425.8829	357.3362	0
68	2	438.1098	98.48492	0
68	3	399.9419	357.0028	0
68	4	356.5012	267.0473	0
68	5	549.3857	499.9608	0
68	6	512.4134	260.8175	0
68	7	492.6945	363.9217	0
68	8	558.7051	368.792	0
68	9	433.3378	70.75916	0
68	10	517.5944	454.2599	0
68	11	296.1783	-26.82892	0
68	12	301.9375	57.90585	0
68	13	355.7074	315.8973	0
68	14	420.2335	125.62	0
68	15	367.4605	67.31677	0
68	16	446.6767	256.9573	0
68	17	392.7308	157.306	0
68	18	373.3575	94.28326	0
68	19	545.2725	423.7984	0
68	20	522.0825	314.9289	0
68	21	545.3852	616.8877	0
68	22	571.6595	554.3834	0
68	23	422.1788	270.5162	0
68	24	342.8024	63.42691	0
68	25	564.0806	395.2603	0
68	26	460.0596	162.3944	0
68	27	485.9919	128.7343	0
68	28	480.1862	612.7094	0
68	29	276.5527	59.00775	0
68	30	285.4546	105.125	0
68	31	584.1622	458.712	0
68	32	230.8694	-29.99927	0
68	33	331.2169	13.41989	0
68	34	409.7816	403.6718	0
68	35	637.7502	558.0005	0
68	36	477.2218	406.998	0
68	37	421.8702	318.517	0
68	38	611.4624	427.5244	0
68	39	352.5611	109.6279	0
68	40	397.029	17.52673	0
68	41	466.9939	361.2942	0
68	42	497.4423	391.8982	0
68	43	454.7394	310.9359	0
69	1	425.8829	357.3362	0
69	2	438.1098	98.48492	0
69	3	399.9419	357.0028	0
69	4	356.5012	267.0473	0
69	5	549.3857	499.9608	0
69	6	512.4134	260.8175	0
69	7	492.6945	363.9217	0
69	8	558.7051	368.792	0
69	9	433.3378	70.75916	0
69	10	517.5944	454.2599	0
69	11	296.1783	-26.82892	0
69	12	301.9375	57.90585	0
69	13	355.7074	315.8973	0
69	14	420.2335	125.62	0
69	15	367.4605	67.31677	0
69	16	446.6767	256.9573	0
69	17	392.7308	157.306	0
69	18	373.3575	94.28326	0
69	19	545.2725	423.7984	0
69	20	522.0825	314.9289	0
69	21	545.3852	616.8877	0
69	22	571.6595	554.3834	0
69	23	422.1788	270.5162	0
69	24	342.8024	63.42691	0
69	25	564.0806	395.2603	0
69	26	460.0596	162.3944	0
69	27	485.9919	128.7343	0
69	28	480.1862	612.7094	0
69	29	276.5527	59.00775	0
69	30	285.4546	105.125	0
69	31	584.1622	458.712	0
69	32	230.8694	-29.99927	0
69	33	331.2169	13.41989	0
69	34	409.7816	403.6718	0
69	35	637.7502	558.0005	0
69	36	477.2218	406.998	0
69	37	421.8702	318.517	0
69	38	611.4624	427.5244	0
69	39	352.5611	109.6279	0
69	40	397.029	17.52673	0
69	41	466.9939	361.2942	0
69	42	497.4423	391.8982	0
69	43	454.7394	310.9359	0
70	1	425.8829	357.3362	0
70	2	438.1098	98.48492	0
70	3	399.9419	357.0028	0
70	4	356.5012	267.0473	0
70	5	549.3857	499.9608	0
70	6	512.4134	260.8175	0
70	7	492.6945	363.9217	0
70	8	558.7051	368.792	0
70	9	433.3378	70.75916	0
70	10	517.5944	454.2599	0
70	11	296.1783	-26.82892	0
70	12	301.9375	57.90585	0
70	13	355.7074	315.8973	0
70	14	420.2335	125.62	0
70	15	367.4605	67.31677	0
70	16	446.6767	256.9573	0
70	17	392.7308	157.306	0
70	18	373.3575	94.28326	0
70	19	545.2725	423.7984	0
70	20	522.0825	314.9289	0
70	21	545.3852	616.8877	0
70	22	571.6595	554.3834	0
70	23	422.1788	270.5162	0
70	24	342.8024	63.42691	0
70	25	564.0806	395.2603	0
70	26	460.0596	162.3944	0
70	27	485.9919	128.7343	0
70	28	480.1862	612.7094	0
70	29	276.5527	59.00775	0
70	30	285.4546	105.125	0
70	31	584.1622	458.712	0
70	32	230.8694	-29.99927	0
70	33	331.2169	13.41989	0
70	34	409.7816	403.6718	0
70	35	637.7502	558.0005	0
70	36	477.2218	406.998	0
70	37	421.8702	318.517	0
70	38	611.4624	427.5244	0
70	39	352.5611	109.6279	0
70	40	397.029	17.52673	0
70	41	466.9939	361.2942	0
70	42	497.4423	391.8982	0
70	43	454.7394	310.9359	0
71	1	425.8829	357.3362	0
71	2	438.1098	98.48492	0
71	3	399.9419	357.0028	0
71	4	356.5012	267.0473	0
71	5	549.3857	499.9608	0
71	6	512.4134	260.8175	0
71	7	492.6945	363.9217	0
71	8	558.7051	368.792	0
71	9	433.3378	70.75916	0
71	10	517.5944	454.2599	0
71	11	296.1783	-26.82892	0
71	12	301.9375	57.90585	0
71	13	355.7074	315.8973	0
71	14	420.2335	125.62	0
71	15	367.4605	67.31677	0
71	16	446.6767	256.9573	0
71	17	392.7308	157.306	0
71	18	373.3575	94.28326	0
71	19	545.2725	423.7984	0
71	20	522.0825	314.9289	0
71	21	545.3852	616.8877	0
71	22	571.6595	554.3834	0
71	23	422.1788	270.5162	0
71	24	342.8024	63.42691	0
71	25	564.0806	395.2603	0
71	26	460.0596	162.3944	0
71	27	485.9919	128.7343	0
71	28	480.1862	612.7094	0
71	29	276.5527	59.00775	0
71	30	285.4546	105.125	0
71	31	584.1622	458.712	0
71	32	230.8694	-29.99927	0
71	33	331.2169	13.41989	0
71	34	409.7816	403.6718	0
71	35	637.7502	558.0005	0
71	36	477.2218	406.998	0
71	37	421.8702	318.517	0
71	38	611.4624	427.5244	0
71	39	352.5611	109.6279	0
71	40	397.029	17.52673	0
71	41	466.9939	361.2942	0
71	42	497.4423	391.8982	0
71	43	454.7394	310.9359	0
72	1	425.8829	357.3362	0
72	2	438.1098	98.48492	0
72	3	399.9419	357.0028	0
72	4	356.5012	267.0473	0
72	5	549.3857	499.9608	0
72	6	512.4134	260.8175	0
72	7	492.6945	363.9217	0
72	8	558.7051	368.792	0
72	9	433.3378	70.75916	0
72	10	517.5944	454.2599	0
72	11	296.1783	-26.82892	0
72	12	301.9375	57.90585	0
72	13	355.7074	315.8973	0
72	14	420.2335	125.62	0
72	15	367.4605	67.31677	0
72	16	446.6767	256.9573	0
72	17	392.7308	157.306	0
72	18	373.3575	94.28326	0
72	19	545.2725	423.7984	0
72	20	522.0825	314.9289	0
72	21	545.3852	616.8877	0
72	22	571.6595	554.3834	0
72	23	422.1788	270.5162	0
72	24	342.8024	63.42691	0
72	25	564.0806	395.2603	0
72	26	460.0596	162.3944	0
72	27	485.9919	128.7343	0
72	28	480.1862	612.7094	0
72	29	276.5527	59.00775	0
72	30	285.4546	105.125	0
72	31	584.1622	458.712	0
72	32	230.8694	-29.99927	0
72	33	331.2169	13.41989	0
72	34	409.7816	403.6718	0
72	35	637.7502	558.0005	0
72	36	477.2218	406.998	0
72	37	421.8702	318.517	0
72	38	611.4624	427.5244	0
72	39	352.5611	109.6279	0
72	40	397.029	17.52673	0
72	41	466.9939	361.2942	0
72	42	497.4423	391.8982	0
72	43	454.7394	310.9359	0
17	1	425.8974	356.1876	0
18	1	425.8974	356.1876	0
18	2	440.0389	97.28992	0
19	1	425.8974	356.1876	0
19	2	440.0389	97.28992	0
19	3	400.9647	357.4483	0
20	1	425.8974	356.1876	0
20	2	440.0389	97.28992	0
20	3	400.9647	357.4483	0
20	4	354.5066	267.6204	0
21	1	425.8974	356.1876	0
21	2	440.0389	97.28992	0
21	3	400.9647	357.4483	0
21	4	354.5066	267.6204	0
21	5	550.1937	499.5243	0
22	1	425.8974	356.1876	0
22	2	440.0389	97.28992	0
22	3	400.9647	357.4483	0
22	4	354.5066	267.6204	0
22	5	550.1937	499.5243	0
22	6	514.3073	262.3369	0
17	1	426.3484	356.0901	0
18	1	426.3484	356.0901	0
18	2	440.1613	98.7692	0
19	1	426.3484	356.0901	0
19	2	440.1613	98.7692	0
19	3	400.1506	358.0282	0
20	1	426.3484	356.0901	0
20	2	440.1613	98.7692	0
20	3	400.1506	358.0282	0
20	4	354.2857	267.5313	0
21	1	426.3484	356.0901	0
21	2	440.1613	98.7692	0
21	3	400.1506	358.0282	0
21	4	354.2857	267.5313	0
21	5	549.4726	500.1465	0
22	1	426.3484	356.0901	0
22	2	440.1613	98.7692	0
22	3	400.1506	358.0282	0
22	4	354.2857	267.5313	0
22	5	549.4726	500.1465	0
22	6	512.6819	260.1722	0
23	1	426.3484	356.0901	0
23	2	440.1613	98.7692	0
23	3	400.1506	358.0282	0
23	4	354.2857	267.5313	0
23	5	549.4726	500.1465	0
23	6	512.6819	260.1722	0
23	7	492.6138	363.0593	0
24	1	426.3484	356.0901	0
24	2	440.1613	98.7692	0
24	3	400.1506	358.0282	0
24	4	354.2857	267.5313	0
24	5	549.4726	500.1465	0
24	6	512.6819	260.1722	0
24	7	492.6138	363.0593	0
24	8	559.1266	368.3716	0
25	1	426.3484	356.0901	0
25	2	440.1613	98.7692	0
25	3	400.1506	358.0282	0
25	4	354.2857	267.5313	0
25	5	549.4726	500.1465	0
25	6	512.6819	260.1722	0
25	7	492.6138	363.0593	0
25	8	559.1266	368.3716	0
25	9	433.6469	70.5679	0
26	1	426.3484	356.0901	0
26	2	440.1613	98.7692	0
26	3	400.1506	358.0282	0
26	4	354.2857	267.5313	0
26	5	549.4726	500.1465	0
26	6	512.6819	260.1722	0
26	7	492.6138	363.0593	0
26	8	559.1266	368.3716	0
26	9	433.6469	70.5679	0
27	1	426.3484	356.0901	0
27	2	440.1613	98.7692	0
27	3	400.1506	358.0282	0
27	4	354.2857	267.5313	0
27	5	549.4726	500.1465	0
27	6	512.6819	260.1722	0
27	7	492.6138	363.0593	0
27	8	559.1266	368.3716	0
27	9	433.6469	70.5679	0
27	10	518.5767	455.1457	0
28	1	426.3484	356.0901	0
28	2	440.1613	98.7692	0
28	3	400.1506	358.0282	0
28	4	354.2857	267.5313	0
28	5	549.4726	500.1465	0
28	6	512.6819	260.1722	0
28	7	492.6138	363.0593	0
28	8	559.1266	368.3716	0
28	9	433.6469	70.5679	0
28	10	518.5767	455.1457	0
28	11	295.8822	-26.88654	0
29	1	426.3484	356.0901	0
29	2	440.1613	98.7692	0
29	3	400.1506	358.0282	0
29	4	354.2857	267.5313	0
29	5	549.4726	500.1465	0
29	6	512.6819	260.1722	0
29	7	492.6138	363.0593	0
29	8	559.1266	368.3716	0
29	9	433.6469	70.5679	0
29	10	518.5767	455.1457	0
29	11	295.8822	-26.88654	0
29	12	302.717	57.97607	0
30	1	426.3484	356.0901	0
30	2	440.1613	98.7692	0
30	3	400.1506	358.0282	0
30	4	354.2857	267.5313	0
30	5	549.4726	500.1465	0
30	6	512.6819	260.1722	0
30	7	492.6138	363.0593	0
30	8	559.1266	368.3716	0
30	9	433.6469	70.5679	0
30	10	518.5767	455.1457	0
30	11	295.8822	-26.88654	0
30	12	302.717	57.97607	0
30	13	354.9226	315.1379	0
31	1	426.3484	356.0901	0
31	2	440.1613	98.7692	0
31	3	400.1506	358.0282	0
31	4	354.2857	267.5313	0
31	5	549.4726	500.1465	0
31	6	512.6819	260.1722	0
31	7	492.6138	363.0593	0
31	8	559.1266	368.3716	0
31	9	433.6469	70.5679	0
31	10	518.5767	455.1457	0
31	11	295.8822	-26.88654	0
31	12	302.717	57.97607	0
31	13	354.9226	315.1379	0
31	14	420.1171	125.2416	0
32	1	426.3484	356.0901	0
32	2	440.1613	98.7692	0
32	3	400.1506	358.0282	0
32	4	354.2857	267.5313	0
32	5	549.4726	500.1465	0
32	6	512.6819	260.1722	0
32	7	492.6138	363.0593	0
32	8	559.1266	368.3716	0
32	9	433.6469	70.5679	0
32	10	518.5767	455.1457	0
32	11	295.8822	-26.88654	0
32	12	302.717	57.97607	0
32	13	354.9226	315.1379	0
32	14	420.1171	125.2416	0
32	15	368.1255	65.00793	0
33	1	426.3484	356.0901	0
33	2	440.1613	98.7692	0
33	3	400.1506	358.0282	0
33	4	354.2857	267.5313	0
33	5	549.4726	500.1465	0
33	6	512.6819	260.1722	0
33	7	492.6138	363.0593	0
33	8	559.1266	368.3716	0
33	9	433.6469	70.5679	0
33	10	518.5767	455.1457	0
33	11	295.8822	-26.88654	0
33	12	302.717	57.97607	0
33	13	354.9226	315.1379	0
33	14	420.1171	125.2416	0
33	15	368.1255	65.00793	0
33	16	447.603	255.8402	0
34	1	426.3484	356.0901	0
34	2	440.1613	98.7692	0
34	3	400.1506	358.0282	0
34	4	354.2857	267.5313	0
34	5	549.4726	500.1465	0
34	6	512.6819	260.1722	0
34	7	492.6138	363.0593	0
34	8	559.1266	368.3716	0
34	9	433.6469	70.5679	0
34	10	518.5767	455.1457	0
34	11	295.8822	-26.88654	0
34	12	302.717	57.97607	0
34	13	354.9226	315.1379	0
34	14	420.1171	125.2416	0
34	15	368.1255	65.00793	0
34	16	447.603	255.8402	0
34	17	394.5879	157.3898	0
17	1	426.681	355.2253	0
18	1	426.681	355.2253	0
18	2	439.0779	98.91016	0
19	1	426.681	355.2253	0
19	2	439.0779	98.91016	0
19	3	401.209	356.7281	0
20	1	426.681	355.2253	0
20	2	439.0779	98.91016	0
20	3	401.209	356.7281	0
20	4	353.8398	266.2749	0
21	1	426.681	355.2253	0
21	2	439.0779	98.91016	0
21	3	401.209	356.7281	0
21	4	353.8398	266.2749	0
21	5	549.0626	499.4514	0
22	1	426.681	355.2253	0
22	2	439.0779	98.91016	0
22	3	401.209	356.7281	0
22	4	353.8398	266.2749	0
22	5	549.0626	499.4514	0
22	6	514.0196	262.2483	0
23	1	426.681	355.2253	0
23	2	439.0779	98.91016	0
23	3	401.209	356.7281	0
23	4	353.8398	266.2749	0
23	5	549.0626	499.4514	0
23	6	514.0196	262.2483	0
23	7	491.8293	364.0463	0
24	1	426.681	355.2253	0
24	2	439.0779	98.91016	0
24	3	401.209	356.7281	0
24	4	353.8398	266.2749	0
24	5	549.0626	499.4514	0
24	6	514.0196	262.2483	0
24	7	491.8293	364.0463	0
24	8	558.7244	367.2519	0
25	1	426.681	355.2253	0
25	2	439.0779	98.91016	0
25	3	401.209	356.7281	0
25	4	353.8398	266.2749	0
25	5	549.0626	499.4514	0
25	6	514.0196	262.2483	0
25	7	491.8293	364.0463	0
25	8	558.7244	367.2519	0
25	9	433.0938	71.19803	0
26	1	426.681	355.2253	0
26	2	439.0779	98.91016	0
26	3	401.209	356.7281	0
26	4	353.8398	266.2749	0
26	5	549.0626	499.4514	0
26	6	514.0196	262.2483	0
26	7	491.8293	364.0463	0
26	8	558.7244	367.2519	0
26	9	433.0938	71.19803	0
27	1	426.681	355.2253	0
27	2	439.0779	98.91016	0
27	3	401.209	356.7281	0
27	4	353.8398	266.2749	0
27	5	549.0626	499.4514	0
27	6	514.0196	262.2483	0
27	7	491.8293	364.0463	0
27	8	558.7244	367.2519	0
27	9	433.0938	71.19803	0
27	10	518.5793	454.0708	0
28	1	426.681	355.2253	0
28	2	439.0779	98.91016	0
28	3	401.209	356.7281	0
28	4	353.8398	266.2749	0
28	5	549.0626	499.4514	0
28	6	514.0196	262.2483	0
28	7	491.8293	364.0463	0
28	8	558.7244	367.2519	0
28	9	433.0938	71.19803	0
28	10	518.5793	454.0708	0
28	11	297.338	-26.72754	0
29	1	426.681	355.2253	0
29	2	439.0779	98.91016	0
29	3	401.209	356.7281	0
29	4	353.8398	266.2749	0
29	5	549.0626	499.4514	0
29	6	514.0196	262.2483	0
29	7	491.8293	364.0463	0
29	8	558.7244	367.2519	0
29	9	433.0938	71.19803	0
29	10	518.5793	454.0708	0
29	11	297.338	-26.72754	0
29	12	302.2618	58.93298	0
30	1	426.681	355.2253	0
30	2	439.0779	98.91016	0
30	3	401.209	356.7281	0
30	4	353.8398	266.2749	0
30	5	549.0626	499.4514	0
30	6	514.0196	262.2483	0
30	7	491.8293	364.0463	0
30	8	558.7244	367.2519	0
30	9	433.0938	71.19803	0
30	10	518.5793	454.0708	0
30	11	297.338	-26.72754	0
30	12	302.2618	58.93298	0
30	13	355.6422	316.592	0
31	1	426.681	355.2253	0
31	2	439.0779	98.91016	0
31	3	401.209	356.7281	0
31	4	353.8398	266.2749	0
31	5	549.0626	499.4514	0
31	6	514.0196	262.2483	0
31	7	491.8293	364.0463	0
31	8	558.7244	367.2519	0
31	9	433.0938	71.19803	0
31	10	518.5793	454.0708	0
31	11	297.338	-26.72754	0
31	12	302.2618	58.93298	0
31	13	355.6422	316.592	0
31	14	420.1404	125.5839	0
32	1	426.681	355.2253	0
32	2	439.0779	98.91016	0
32	3	401.209	356.7281	0
32	4	353.8398	266.2749	0
32	5	549.0626	499.4514	0
32	6	514.0196	262.2483	0
32	7	491.8293	364.0463	0
32	8	558.7244	367.2519	0
32	9	433.0938	71.19803	0
32	10	518.5793	454.0708	0
32	11	297.338	-26.72754	0
32	12	302.2618	58.93298	0
32	13	355.6422	316.592	0
32	14	420.1404	125.5839	0
32	15	368.4952	66.28159	0
33	1	426.681	355.2253	0
33	2	439.0779	98.91016	0
33	3	401.209	356.7281	0
33	4	353.8398	266.2749	0
33	5	549.0626	499.4514	0
33	6	514.0196	262.2483	0
33	7	491.8293	364.0463	0
33	8	558.7244	367.2519	0
33	9	433.0938	71.19803	0
33	10	518.5793	454.0708	0
33	11	297.338	-26.72754	0
33	12	302.2618	58.93298	0
33	13	355.6422	316.592	0
33	14	420.1404	125.5839	0
33	15	368.4952	66.28159	0
33	16	447.8051	256.4076	0
34	1	426.681	355.2253	0
34	2	439.0779	98.91016	0
34	3	401.209	356.7281	0
34	4	353.8398	266.2749	0
34	5	549.0626	499.4514	0
34	6	514.0196	262.2483	0
34	7	491.8293	364.0463	0
34	8	558.7244	367.2519	0
34	9	433.0938	71.19803	0
34	10	518.5793	454.0708	0
34	11	297.338	-26.72754	0
34	12	302.2618	58.93298	0
34	13	355.6422	316.592	0
34	14	420.1404	125.5839	0
34	15	368.4952	66.28159	0
34	16	447.8051	256.4076	0
34	17	393.8432	156.6888	0
35	1	426.681	355.2253	0
35	2	439.0779	98.91016	0
35	3	401.209	356.7281	0
35	4	353.8398	266.2749	0
35	5	549.0626	499.4514	0
35	6	514.0196	262.2483	0
35	7	491.8293	364.0463	0
35	8	558.7244	367.2519	0
35	9	433.0938	71.19803	0
35	10	518.5793	454.0708	0
35	11	297.338	-26.72754	0
35	12	302.2618	58.93298	0
35	13	355.6422	316.592	0
35	14	420.1404	125.5839	0
35	15	368.4952	66.28159	0
35	16	447.8051	256.4076	0
35	17	393.8432	156.6888	0
35	18	372.9252	94.00281	0
36	1	426.681	355.2253	0
36	2	439.0779	98.91016	0
36	3	401.209	356.7281	0
36	4	353.8398	266.2749	0
36	5	549.0626	499.4514	0
36	6	514.0196	262.2483	0
36	7	491.8293	364.0463	0
36	8	558.7244	367.2519	0
36	9	433.0938	71.19803	0
36	10	518.5793	454.0708	0
36	11	297.338	-26.72754	0
36	12	302.2618	58.93298	0
36	13	355.6422	316.592	0
36	14	420.1404	125.5839	0
36	15	368.4952	66.28159	0
36	16	447.8051	256.4076	0
36	17	393.8432	156.6888	0
36	18	372.9252	94.00281	0
37	1	426.681	355.2253	0
37	2	439.0779	98.91016	0
37	3	401.209	356.7281	0
37	4	353.8398	266.2749	0
37	5	549.0626	499.4514	0
37	6	514.0196	262.2483	0
37	7	491.8293	364.0463	0
37	8	558.7244	367.2519	0
37	9	433.0938	71.19803	0
37	10	518.5793	454.0708	0
37	11	297.338	-26.72754	0
37	12	302.2618	58.93298	0
37	13	355.6422	316.592	0
37	14	420.1404	125.5839	0
37	15	368.4952	66.28159	0
37	16	447.8051	256.4076	0
37	17	393.8432	156.6888	0
37	18	372.9252	94.00281	0
37	19	545.0756	423.692	0
38	1	426.681	355.2253	0
38	2	439.0779	98.91016	0
38	3	401.209	356.7281	0
38	4	353.8398	266.2749	0
38	5	549.0626	499.4514	0
38	6	514.0196	262.2483	0
38	7	491.8293	364.0463	0
38	8	558.7244	367.2519	0
38	9	433.0938	71.19803	0
38	10	518.5793	454.0708	0
38	11	297.338	-26.72754	0
38	12	302.2618	58.93298	0
38	13	355.6422	316.592	0
38	14	420.1404	125.5839	0
38	15	368.4952	66.28159	0
38	16	447.8051	256.4076	0
38	17	393.8432	156.6888	0
38	18	372.9252	94.00281	0
38	19	545.0756	423.692	0
38	20	522.1531	316.0152	0
39	1	426.681	355.2253	0
39	2	439.0779	98.91016	0
39	3	401.209	356.7281	0
39	4	353.8398	266.2749	0
39	5	549.0626	499.4514	0
39	6	514.0196	262.2483	0
39	7	491.8293	364.0463	0
39	8	558.7244	367.2519	0
39	9	433.0938	71.19803	0
39	10	518.5793	454.0708	0
39	11	297.338	-26.72754	0
39	12	302.2618	58.93298	0
39	13	355.6422	316.592	0
39	14	420.1404	125.5839	0
39	15	368.4952	66.28159	0
39	16	447.8051	256.4076	0
39	17	393.8432	156.6888	0
39	18	372.9252	94.00281	0
39	19	545.0756	423.692	0
39	20	522.1531	316.0152	0
39	21	546.1855	617.3069	0
40	1	426.681	355.2253	0
40	2	439.0779	98.91016	0
40	3	401.209	356.7281	0
40	4	353.8398	266.2749	0
40	5	549.0626	499.4514	0
40	6	514.0196	262.2483	0
40	7	491.8293	364.0463	0
40	8	558.7244	367.2519	0
40	9	433.0938	71.19803	0
40	10	518.5793	454.0708	0
40	11	297.338	-26.72754	0
40	12	302.2618	58.93298	0
40	13	355.6422	316.592	0
40	14	420.1404	125.5839	0
40	15	368.4952	66.28159	0
40	16	447.8051	256.4076	0
40	17	393.8432	156.6888	0
40	18	372.9252	94.00281	0
40	19	545.0756	423.692	0
40	20	522.1531	316.0152	0
40	21	546.1855	617.3069	0
40	22	571.2149	555.6283	0
41	1	426.681	355.2253	0
41	2	439.0779	98.91016	0
41	3	401.209	356.7281	0
41	4	353.8398	266.2749	0
41	5	549.0626	499.4514	0
41	6	514.0196	262.2483	0
41	7	491.8293	364.0463	0
41	8	558.7244	367.2519	0
41	9	433.0938	71.19803	0
41	10	518.5793	454.0708	0
41	11	297.338	-26.72754	0
41	12	302.2618	58.93298	0
41	13	355.6422	316.592	0
41	14	420.1404	125.5839	0
41	15	368.4952	66.28159	0
41	16	447.8051	256.4076	0
41	17	393.8432	156.6888	0
41	18	372.9252	94.00281	0
41	19	545.0756	423.692	0
41	20	522.1531	316.0152	0
41	21	546.1855	617.3069	0
41	22	571.2149	555.6283	0
41	23	420.7253	269.8181	0
17	1	425.6113	356.9445	0
18	1	425.6113	356.9445	0
18	2	440.0274	96.97174	0
19	1	425.6113	356.9445	0
19	2	440.0274	96.97174	0
19	3	401.7246	357.0584	0
20	1	425.6113	356.9445	0
20	2	440.0274	96.97174	0
20	3	401.7246	357.0584	0
20	4	354.5914	267.3224	0
21	1	425.6113	356.9445	0
21	2	440.0274	96.97174	0
21	3	401.7246	357.0584	0
21	4	354.5914	267.3224	0
21	5	550.235	499.3459	0
22	1	425.6113	356.9445	0
22	2	440.0274	96.97174	0
22	3	401.7246	357.0584	0
22	4	354.5914	267.3224	0
22	5	550.235	499.3459	0
22	6	514.015	260.5229	0
23	1	425.6113	356.9445	0
23	2	440.0274	96.97174	0
23	3	401.7246	357.0584	0
23	4	354.5914	267.3224	0
23	5	550.235	499.3459	0
23	6	514.015	260.5229	0
23	7	492.2956	364.9351	0
24	1	425.6113	356.9445	0
24	2	440.0274	96.97174	0
24	3	401.7246	357.0584	0
24	4	354.5914	267.3224	0
24	5	550.235	499.3459	0
24	6	514.015	260.5229	0
24	7	492.2956	364.9351	0
24	8	559.2739	367.5715	0
25	1	425.6113	356.9445	0
25	2	440.0274	96.97174	0
25	3	401.7246	357.0584	0
25	4	354.5914	267.3224	0
25	5	550.235	499.3459	0
25	6	514.015	260.5229	0
25	7	492.2956	364.9351	0
25	8	559.2739	367.5715	0
25	9	435.2083	69.95834	0
26	1	425.6113	356.9445	0
26	2	440.0274	96.97174	0
26	3	401.7246	357.0584	0
26	4	354.5914	267.3224	0
26	5	550.235	499.3459	0
26	6	514.015	260.5229	0
26	7	492.2956	364.9351	0
26	8	559.2739	367.5715	0
26	9	435.2083	69.95834	0
27	1	425.6113	356.9445	0
27	2	440.0274	96.97174	0
27	3	401.7246	357.0584	0
27	4	354.5914	267.3224	0
27	5	550.235	499.3459	0
27	6	514.015	260.5229	0
27	7	492.2956	364.9351	0
27	8	559.2739	367.5715	0
27	9	435.2083	69.95834	0
27	10	518.2243	455.9974	0
28	1	425.6113	356.9445	0
28	2	440.0274	96.97174	0
28	3	401.7246	357.0584	0
28	4	354.5914	267.3224	0
28	5	550.235	499.3459	0
28	6	514.015	260.5229	0
28	7	492.2956	364.9351	0
28	8	559.2739	367.5715	0
28	9	435.2083	69.95834	0
28	10	518.2243	455.9974	0
28	11	295.7729	-27.53558	0
29	1	425.6113	356.9445	0
29	2	440.0274	96.97174	0
29	3	401.7246	357.0584	0
29	4	354.5914	267.3224	0
29	5	550.235	499.3459	0
29	6	514.015	260.5229	0
29	7	492.2956	364.9351	0
29	8	559.2739	367.5715	0
29	9	435.2083	69.95834	0
29	10	518.2243	455.9974	0
29	11	295.7729	-27.53558	0
29	12	302.883	58.40695	0
30	1	425.6113	356.9445	0
30	2	440.0274	96.97174	0
30	3	401.7246	357.0584	0
30	4	354.5914	267.3224	0
30	5	550.235	499.3459	0
30	6	514.015	260.5229	0
30	7	492.2956	364.9351	0
30	8	559.2739	367.5715	0
30	9	435.2083	69.95834	0
30	10	518.2243	455.9974	0
30	11	295.7729	-27.53558	0
30	12	302.883	58.40695	0
30	13	354.4923	314.8945	0
31	1	425.6113	356.9445	0
31	2	440.0274	96.97174	0
31	3	401.7246	357.0584	0
31	4	354.5914	267.3224	0
31	5	550.235	499.3459	0
31	6	514.015	260.5229	0
31	7	492.2956	364.9351	0
31	8	559.2739	367.5715	0
31	9	435.2083	69.95834	0
31	10	518.2243	455.9974	0
31	11	295.7729	-27.53558	0
31	12	302.883	58.40695	0
31	13	354.4923	314.8945	0
31	14	419.331	125.9045	0
32	1	425.6113	356.9445	0
32	2	440.0274	96.97174	0
32	3	401.7246	357.0584	0
32	4	354.5914	267.3224	0
32	5	550.235	499.3459	0
32	6	514.015	260.5229	0
32	7	492.2956	364.9351	0
32	8	559.2739	367.5715	0
32	9	435.2083	69.95834	0
32	10	518.2243	455.9974	0
32	11	295.7729	-27.53558	0
32	12	302.883	58.40695	0
32	13	354.4923	314.8945	0
32	14	419.331	125.9045	0
32	15	367.1334	67.06937	0
33	1	425.6113	356.9445	0
33	2	440.0274	96.97174	0
33	3	401.7246	357.0584	0
33	4	354.5914	267.3224	0
33	5	550.235	499.3459	0
33	6	514.015	260.5229	0
33	7	492.2956	364.9351	0
33	8	559.2739	367.5715	0
33	9	435.2083	69.95834	0
33	10	518.2243	455.9974	0
33	11	295.7729	-27.53558	0
33	12	302.883	58.40695	0
33	13	354.4923	314.8945	0
33	14	419.331	125.9045	0
33	15	367.1334	67.06937	0
33	16	447.4792	256.9148	0
34	1	425.6113	356.9445	0
34	2	440.0274	96.97174	0
34	3	401.7246	357.0584	0
34	4	354.5914	267.3224	0
34	5	550.235	499.3459	0
34	6	514.015	260.5229	0
34	7	492.2956	364.9351	0
34	8	559.2739	367.5715	0
34	9	435.2083	69.95834	0
34	10	518.2243	455.9974	0
34	11	295.7729	-27.53558	0
34	12	302.883	58.40695	0
34	13	354.4923	314.8945	0
34	14	419.331	125.9045	0
34	15	367.1334	67.06937	0
34	16	447.4792	256.9148	0
34	17	393.8957	157.5809	0
35	1	425.6113	356.9445	0
35	2	440.0274	96.97174	0
35	3	401.7246	357.0584	0
35	4	354.5914	267.3224	0
35	5	550.235	499.3459	0
35	6	514.015	260.5229	0
35	7	492.2956	364.9351	0
35	8	559.2739	367.5715	0
35	9	435.2083	69.95834	0
35	10	518.2243	455.9974	0
35	11	295.7729	-27.53558	0
35	12	302.883	58.40695	0
35	13	354.4923	314.8945	0
35	14	419.331	125.9045	0
35	15	367.1334	67.06937	0
35	16	447.4792	256.9148	0
35	17	393.8957	157.5809	0
35	18	372.1936	94.85361	0
36	1	425.6113	356.9445	0
36	2	440.0274	96.97174	0
36	3	401.7246	357.0584	0
36	4	354.5914	267.3224	0
36	5	550.235	499.3459	0
36	6	514.015	260.5229	0
36	7	492.2956	364.9351	0
36	8	559.2739	367.5715	0
36	9	435.2083	69.95834	0
36	10	518.2243	455.9974	0
36	11	295.7729	-27.53558	0
36	12	302.883	58.40695	0
36	13	354.4923	314.8945	0
36	14	419.331	125.9045	0
36	15	367.1334	67.06937	0
36	16	447.4792	256.9148	0
36	17	393.8957	157.5809	0
36	18	372.1936	94.85361	0
37	1	425.6113	356.9445	0
37	2	440.0274	96.97174	0
37	3	401.7246	357.0584	0
37	4	354.5914	267.3224	0
37	5	550.235	499.3459	0
37	6	514.015	260.5229	0
37	7	492.2956	364.9351	0
37	8	559.2739	367.5715	0
37	9	435.2083	69.95834	0
37	10	518.2243	455.9974	0
37	11	295.7729	-27.53558	0
37	12	302.883	58.40695	0
37	13	354.4923	314.8945	0
37	14	419.331	125.9045	0
37	15	367.1334	67.06937	0
37	16	447.4792	256.9148	0
37	17	393.8957	157.5809	0
37	18	372.1936	94.85361	0
37	19	544.0334	424.1487	0
38	1	425.6113	356.9445	0
38	2	440.0274	96.97174	0
38	3	401.7246	357.0584	0
38	4	354.5914	267.3224	0
38	5	550.235	499.3459	0
38	6	514.015	260.5229	0
38	7	492.2956	364.9351	0
38	8	559.2739	367.5715	0
38	9	435.2083	69.95834	0
38	10	518.2243	455.9974	0
38	11	295.7729	-27.53558	0
38	12	302.883	58.40695	0
38	13	354.4923	314.8945	0
38	14	419.331	125.9045	0
38	15	367.1334	67.06937	0
38	16	447.4792	256.9148	0
38	17	393.8957	157.5809	0
38	18	372.1936	94.85361	0
38	19	544.0334	424.1487	0
38	20	521.4233	315.6019	0
39	1	425.6113	356.9445	0
39	2	440.0274	96.97174	0
39	3	401.7246	357.0584	0
39	4	354.5914	267.3224	0
39	5	550.235	499.3459	0
39	6	514.015	260.5229	0
39	7	492.2956	364.9351	0
39	8	559.2739	367.5715	0
39	9	435.2083	69.95834	0
39	10	518.2243	455.9974	0
39	11	295.7729	-27.53558	0
39	12	302.883	58.40695	0
39	13	354.4923	314.8945	0
39	14	419.331	125.9045	0
39	15	367.1334	67.06937	0
39	16	447.4792	256.9148	0
39	17	393.8957	157.5809	0
39	18	372.1936	94.85361	0
39	19	544.0334	424.1487	0
39	20	521.4233	315.6019	0
39	21	546.7827	616.8672	0
40	1	425.6113	356.9445	0
40	2	440.0274	96.97174	0
40	3	401.7246	357.0584	0
40	4	354.5914	267.3224	0
40	5	550.235	499.3459	0
40	6	514.015	260.5229	0
40	7	492.2956	364.9351	0
40	8	559.2739	367.5715	0
40	9	435.2083	69.95834	0
40	10	518.2243	455.9974	0
40	11	295.7729	-27.53558	0
40	12	302.883	58.40695	0
40	13	354.4923	314.8945	0
40	14	419.331	125.9045	0
40	15	367.1334	67.06937	0
40	16	447.4792	256.9148	0
40	17	393.8957	157.5809	0
40	18	372.1936	94.85361	0
40	19	544.0334	424.1487	0
40	20	521.4233	315.6019	0
40	21	546.7827	616.8672	0
40	22	571.3725	554.3757	0
41	1	425.6113	356.9445	0
41	2	440.0274	96.97174	0
41	3	401.7246	357.0584	0
41	4	354.5914	267.3224	0
41	5	550.235	499.3459	0
41	6	514.015	260.5229	0
41	7	492.2956	364.9351	0
41	8	559.2739	367.5715	0
41	9	435.2083	69.95834	0
41	10	518.2243	455.9974	0
41	11	295.7729	-27.53558	0
41	12	302.883	58.40695	0
41	13	354.4923	314.8945	0
41	14	419.331	125.9045	0
41	15	367.1334	67.06937	0
41	16	447.4792	256.9148	0
41	17	393.8957	157.5809	0
41	18	372.1936	94.85361	0
41	19	544.0334	424.1487	0
41	20	521.4233	315.6019	0
41	21	546.7827	616.8672	0
41	22	571.3725	554.3757	0
41	23	422.461	271.4568	0
42	1	425.6113	356.9445	0
42	2	440.0274	96.97174	0
42	3	401.7246	357.0584	0
42	4	354.5914	267.3224	0
42	5	550.235	499.3459	0
42	6	514.015	260.5229	0
42	7	492.2956	364.9351	0
42	8	559.2739	367.5715	0
42	9	435.2083	69.95834	0
42	10	518.2243	455.9974	0
42	11	295.7729	-27.53558	0
42	12	302.883	58.40695	0
42	13	354.4923	314.8945	0
42	14	419.331	125.9045	0
42	15	367.1334	67.06937	0
42	16	447.4792	256.9148	0
42	17	393.8957	157.5809	0
42	18	372.1936	94.85361	0
42	19	544.0334	424.1487	0
42	20	521.4233	315.6019	0
42	21	546.7827	616.8672	0
42	22	571.3725	554.3757	0
42	23	422.461	271.4568	0
42	24	343.2323	64.31494	0
43	1	425.6113	356.9445	0
43	2	440.0274	96.97174	0
43	3	401.7246	357.0584	0
43	4	354.5914	267.3224	0
43	5	550.235	499.3459	0
43	6	514.015	260.5229	0
43	7	492.2956	364.9351	0
43	8	559.2739	367.5715	0
43	9	435.2083	69.95834	0
43	10	518.2243	455.9974	0
43	11	295.7729	-27.53558	0
43	12	302.883	58.40695	0
43	13	354.4923	314.8945	0
43	14	419.331	125.9045	0
43	15	367.1334	67.06937	0
43	16	447.4792	256.9148	0
43	17	393.8957	157.5809	0
43	18	372.1936	94.85361	0
43	19	544.0334	424.1487	0
43	20	521.4233	315.6019	0
43	21	546.7827	616.8672	0
43	22	571.3725	554.3757	0
43	23	422.461	271.4568	0
43	24	343.2323	64.31494	0
43	25	563.4442	396.3047	0
44	1	425.6113	356.9445	0
44	2	440.0274	96.97174	0
44	3	401.7246	357.0584	0
44	4	354.5914	267.3224	0
44	5	550.235	499.3459	0
44	6	514.015	260.5229	0
44	7	492.2956	364.9351	0
44	8	559.2739	367.5715	0
44	9	435.2083	69.95834	0
44	10	518.2243	455.9974	0
44	11	295.7729	-27.53558	0
44	12	302.883	58.40695	0
44	13	354.4923	314.8945	0
44	14	419.331	125.9045	0
44	15	367.1334	67.06937	0
44	16	447.4792	256.9148	0
44	17	393.8957	157.5809	0
44	18	372.1936	94.85361	0
44	19	544.0334	424.1487	0
44	20	521.4233	315.6019	0
44	21	546.7827	616.8672	0
44	22	571.3725	554.3757	0
44	23	422.461	271.4568	0
44	24	343.2323	64.31494	0
44	25	563.4442	396.3047	0
44	26	459.5452	161.6044	0
45	1	425.6113	356.9445	0
45	2	440.0274	96.97174	0
45	3	401.7246	357.0584	0
45	4	354.5914	267.3224	0
45	5	550.235	499.3459	0
45	6	514.015	260.5229	0
45	7	492.2956	364.9351	0
45	8	559.2739	367.5715	0
45	9	435.2083	69.95834	0
45	10	518.2243	455.9974	0
45	11	295.7729	-27.53558	0
45	12	302.883	58.40695	0
45	13	354.4923	314.8945	0
45	14	419.331	125.9045	0
45	15	367.1334	67.06937	0
45	16	447.4792	256.9148	0
45	17	393.8957	157.5809	0
45	18	372.1936	94.85361	0
45	19	544.0334	424.1487	0
45	20	521.4233	315.6019	0
45	21	546.7827	616.8672	0
45	22	571.3725	554.3757	0
45	23	422.461	271.4568	0
45	24	343.2323	64.31494	0
45	25	563.4442	396.3047	0
45	26	459.5452	161.6044	0
45	27	486.7405	128.7969	0
46	1	425.6113	356.9445	0
46	2	440.0274	96.97174	0
46	3	401.7246	357.0584	0
46	4	354.5914	267.3224	0
46	5	550.235	499.3459	0
46	6	514.015	260.5229	0
46	7	492.2956	364.9351	0
46	8	559.2739	367.5715	0
46	9	435.2083	69.95834	0
46	10	518.2243	455.9974	0
46	11	295.7729	-27.53558	0
46	12	302.883	58.40695	0
46	13	354.4923	314.8945	0
46	14	419.331	125.9045	0
46	15	367.1334	67.06937	0
46	16	447.4792	256.9148	0
46	17	393.8957	157.5809	0
46	18	372.1936	94.85361	0
46	19	544.0334	424.1487	0
46	20	521.4233	315.6019	0
46	21	546.7827	616.8672	0
46	22	571.3725	554.3757	0
46	23	422.461	271.4568	0
46	24	343.2323	64.31494	0
46	25	563.4442	396.3047	0
46	26	459.5452	161.6044	0
46	27	486.7405	128.7969	0
47	1	425.6113	356.9445	0
47	2	440.0274	96.97174	0
47	3	401.7246	357.0584	0
47	4	354.5914	267.3224	0
47	5	550.235	499.3459	0
47	6	514.015	260.5229	0
47	7	492.2956	364.9351	0
47	8	559.2739	367.5715	0
47	9	435.2083	69.95834	0
47	10	518.2243	455.9974	0
47	11	295.7729	-27.53558	0
47	12	302.883	58.40695	0
47	13	354.4923	314.8945	0
47	14	419.331	125.9045	0
47	15	367.1334	67.06937	0
47	16	447.4792	256.9148	0
47	17	393.8957	157.5809	0
47	18	372.1936	94.85361	0
47	19	544.0334	424.1487	0
47	20	521.4233	315.6019	0
47	21	546.7827	616.8672	0
47	22	571.3725	554.3757	0
47	23	422.461	271.4568	0
47	24	343.2323	64.31494	0
47	25	563.4442	396.3047	0
47	26	459.5452	161.6044	0
47	27	486.7405	128.7969	0
47	28	479.4774	613.8188	0
48	1	425.6113	356.9445	0
48	2	440.0274	96.97174	0
48	3	401.7246	357.0584	0
48	4	354.5914	267.3224	0
48	5	550.235	499.3459	0
48	6	514.015	260.5229	0
48	7	492.2956	364.9351	0
48	8	559.2739	367.5715	0
48	9	435.2083	69.95834	0
48	10	518.2243	455.9974	0
48	11	295.7729	-27.53558	0
48	12	302.883	58.40695	0
48	13	354.4923	314.8945	0
48	14	419.331	125.9045	0
48	15	367.1334	67.06937	0
48	16	447.4792	256.9148	0
48	17	393.8957	157.5809	0
48	18	372.1936	94.85361	0
48	19	544.0334	424.1487	0
48	20	521.4233	315.6019	0
48	21	546.7827	616.8672	0
48	22	571.3725	554.3757	0
48	23	422.461	271.4568	0
48	24	343.2323	64.31494	0
48	25	563.4442	396.3047	0
48	26	459.5452	161.6044	0
48	27	486.7405	128.7969	0
48	28	479.4774	613.8188	0
48	29	275.193	59.67114	0
49	1	425.6113	356.9445	0
49	2	440.0274	96.97174	0
49	3	401.7246	357.0584	0
49	4	354.5914	267.3224	0
49	5	550.235	499.3459	0
49	6	514.015	260.5229	0
49	7	492.2956	364.9351	0
49	8	559.2739	367.5715	0
49	9	435.2083	69.95834	0
49	10	518.2243	455.9974	0
49	11	295.7729	-27.53558	0
49	12	302.883	58.40695	0
49	13	354.4923	314.8945	0
49	14	419.331	125.9045	0
49	15	367.1334	67.06937	0
49	16	447.4792	256.9148	0
49	17	393.8957	157.5809	0
49	18	372.1936	94.85361	0
49	19	544.0334	424.1487	0
49	20	521.4233	315.6019	0
49	21	546.7827	616.8672	0
49	22	571.3725	554.3757	0
49	23	422.461	271.4568	0
49	24	343.2323	64.31494	0
49	25	563.4442	396.3047	0
49	26	459.5452	161.6044	0
49	27	486.7405	128.7969	0
49	28	479.4774	613.8188	0
49	29	275.193	59.67114	0
49	30	285.6663	104.8671	0
50	1	425.6113	356.9445	0
50	2	440.0274	96.97174	0
50	3	401.7246	357.0584	0
50	4	354.5914	267.3224	0
50	5	550.235	499.3459	0
50	6	514.015	260.5229	0
50	7	492.2956	364.9351	0
50	8	559.2739	367.5715	0
50	9	435.2083	69.95834	0
50	10	518.2243	455.9974	0
50	11	295.7729	-27.53558	0
50	12	302.883	58.40695	0
50	13	354.4923	314.8945	0
50	14	419.331	125.9045	0
50	15	367.1334	67.06937	0
50	16	447.4792	256.9148	0
50	17	393.8957	157.5809	0
50	18	372.1936	94.85361	0
50	19	544.0334	424.1487	0
50	20	521.4233	315.6019	0
50	21	546.7827	616.8672	0
50	22	571.3725	554.3757	0
50	23	422.461	271.4568	0
50	24	343.2323	64.31494	0
50	25	563.4442	396.3047	0
50	26	459.5452	161.6044	0
50	27	486.7405	128.7969	0
50	28	479.4774	613.8188	0
50	29	275.193	59.67114	0
50	30	285.6663	104.8671	0
50	31	584.1661	458.7682	0
51	1	425.6113	356.9445	0
51	2	440.0274	96.97174	0
51	3	401.7246	357.0584	0
51	4	354.5914	267.3224	0
51	5	550.235	499.3459	0
51	6	514.015	260.5229	0
51	7	492.2956	364.9351	0
51	8	559.2739	367.5715	0
51	9	435.2083	69.95834	0
51	10	518.2243	455.9974	0
51	11	295.7729	-27.53558	0
51	12	302.883	58.40695	0
51	13	354.4923	314.8945	0
51	14	419.331	125.9045	0
51	15	367.1334	67.06937	0
51	16	447.4792	256.9148	0
51	17	393.8957	157.5809	0
51	18	372.1936	94.85361	0
51	19	544.0334	424.1487	0
51	20	521.4233	315.6019	0
51	21	546.7827	616.8672	0
51	22	571.3725	554.3757	0
51	23	422.461	271.4568	0
51	24	343.2323	64.31494	0
51	25	563.4442	396.3047	0
51	26	459.5452	161.6044	0
51	27	486.7405	128.7969	0
51	28	479.4774	613.8188	0
51	29	275.193	59.67114	0
51	30	285.6663	104.8671	0
51	31	584.1661	458.7682	0
51	32	231.2517	-31.7962	0
52	1	425.6113	356.9445	0
52	2	440.0274	96.97174	0
52	3	401.7246	357.0584	0
52	4	354.5914	267.3224	0
52	5	550.235	499.3459	0
52	6	514.015	260.5229	0
52	7	492.2956	364.9351	0
52	8	559.2739	367.5715	0
52	9	435.2083	69.95834	0
52	10	518.2243	455.9974	0
52	11	295.7729	-27.53558	0
52	12	302.883	58.40695	0
52	13	354.4923	314.8945	0
52	14	419.331	125.9045	0
52	15	367.1334	67.06937	0
52	16	447.4792	256.9148	0
52	17	393.8957	157.5809	0
52	18	372.1936	94.85361	0
52	19	544.0334	424.1487	0
52	20	521.4233	315.6019	0
52	21	546.7827	616.8672	0
52	22	571.3725	554.3757	0
52	23	422.461	271.4568	0
52	24	343.2323	64.31494	0
52	25	563.4442	396.3047	0
52	26	459.5452	161.6044	0
52	27	486.7405	128.7969	0
52	28	479.4774	613.8188	0
52	29	275.193	59.67114	0
52	30	285.6663	104.8671	0
52	31	584.1661	458.7682	0
52	32	231.2517	-31.7962	0
52	33	331.1985	13.75742	0
53	1	425.6113	356.9445	0
53	2	440.0274	96.97174	0
53	3	401.7246	357.0584	0
53	4	354.5914	267.3224	0
53	5	550.235	499.3459	0
53	6	514.015	260.5229	0
53	7	492.2956	364.9351	0
53	8	559.2739	367.5715	0
53	9	435.2083	69.95834	0
53	10	518.2243	455.9974	0
53	11	295.7729	-27.53558	0
53	12	302.883	58.40695	0
53	13	354.4923	314.8945	0
53	14	419.331	125.9045	0
53	15	367.1334	67.06937	0
53	16	447.4792	256.9148	0
53	17	393.8957	157.5809	0
53	18	372.1936	94.85361	0
53	19	544.0334	424.1487	0
53	20	521.4233	315.6019	0
53	21	546.7827	616.8672	0
53	22	571.3725	554.3757	0
53	23	422.461	271.4568	0
53	24	343.2323	64.31494	0
53	25	563.4442	396.3047	0
53	26	459.5452	161.6044	0
53	27	486.7405	128.7969	0
53	28	479.4774	613.8188	0
53	29	275.193	59.67114	0
53	30	285.6663	104.8671	0
53	31	584.1661	458.7682	0
53	32	231.2517	-31.7962	0
53	33	331.1985	13.75742	0
53	34	411.0258	403.5223	0
54	1	425.6113	356.9445	0
54	2	440.0274	96.97174	0
54	3	401.7246	357.0584	0
54	4	354.5914	267.3224	0
54	5	550.235	499.3459	0
54	6	514.015	260.5229	0
54	7	492.2956	364.9351	0
54	8	559.2739	367.5715	0
54	9	435.2083	69.95834	0
54	10	518.2243	455.9974	0
54	11	295.7729	-27.53558	0
54	12	302.883	58.40695	0
54	13	354.4923	314.8945	0
54	14	419.331	125.9045	0
54	15	367.1334	67.06937	0
54	16	447.4792	256.9148	0
54	17	393.8957	157.5809	0
54	18	372.1936	94.85361	0
54	19	544.0334	424.1487	0
54	20	521.4233	315.6019	0
54	21	546.7827	616.8672	0
54	22	571.3725	554.3757	0
54	23	422.461	271.4568	0
54	24	343.2323	64.31494	0
54	25	563.4442	396.3047	0
54	26	459.5452	161.6044	0
54	27	486.7405	128.7969	0
54	28	479.4774	613.8188	0
54	29	275.193	59.67114	0
54	30	285.6663	104.8671	0
54	31	584.1661	458.7682	0
54	32	231.2517	-31.7962	0
54	33	331.1985	13.75742	0
54	34	411.0258	403.5223	0
54	35	636.6476	558.2585	0
55	1	425.6113	356.9445	0
55	2	440.0274	96.97174	0
55	3	401.7246	357.0584	0
55	4	354.5914	267.3224	0
55	5	550.235	499.3459	0
55	6	514.015	260.5229	0
55	7	492.2956	364.9351	0
55	8	559.2739	367.5715	0
55	9	435.2083	69.95834	0
55	10	518.2243	455.9974	0
55	11	295.7729	-27.53558	0
55	12	302.883	58.40695	0
55	13	354.4923	314.8945	0
55	14	419.331	125.9045	0
55	15	367.1334	67.06937	0
55	16	447.4792	256.9148	0
55	17	393.8957	157.5809	0
55	18	372.1936	94.85361	0
55	19	544.0334	424.1487	0
55	20	521.4233	315.6019	0
55	21	546.7827	616.8672	0
55	22	571.3725	554.3757	0
55	23	422.461	271.4568	0
55	24	343.2323	64.31494	0
55	25	563.4442	396.3047	0
55	26	459.5452	161.6044	0
55	27	486.7405	128.7969	0
55	28	479.4774	613.8188	0
55	29	275.193	59.67114	0
55	30	285.6663	104.8671	0
55	31	584.1661	458.7682	0
55	32	231.2517	-31.7962	0
55	33	331.1985	13.75742	0
55	34	411.0258	403.5223	0
55	35	636.6476	558.2585	0
55	36	475.2505	408.4031	0
56	1	425.6113	356.9445	0
56	2	440.0274	96.97174	0
56	3	401.7246	357.0584	0
56	4	354.5914	267.3224	0
56	5	550.235	499.3459	0
56	6	514.015	260.5229	0
56	7	492.2956	364.9351	0
56	8	559.2739	367.5715	0
56	9	435.2083	69.95834	0
56	10	518.2243	455.9974	0
56	11	295.7729	-27.53558	0
56	12	302.883	58.40695	0
56	13	354.4923	314.8945	0
56	14	419.331	125.9045	0
56	15	367.1334	67.06937	0
56	16	447.4792	256.9148	0
56	17	393.8957	157.5809	0
56	18	372.1936	94.85361	0
56	19	544.0334	424.1487	0
56	20	521.4233	315.6019	0
56	21	546.7827	616.8672	0
56	22	571.3725	554.3757	0
56	23	422.461	271.4568	0
56	24	343.2323	64.31494	0
56	25	563.4442	396.3047	0
56	26	459.5452	161.6044	0
56	27	486.7405	128.7969	0
56	28	479.4774	613.8188	0
56	29	275.193	59.67114	0
56	30	285.6663	104.8671	0
56	31	584.1661	458.7682	0
56	32	231.2517	-31.7962	0
56	33	331.1985	13.75742	0
56	34	411.0258	403.5223	0
56	35	636.6476	558.2585	0
56	36	475.2505	408.4031	0
57	1	425.6113	356.9445	0
57	2	440.0274	96.97174	0
57	3	401.7246	357.0584	0
57	4	354.5914	267.3224	0
57	5	550.235	499.3459	0
57	6	514.015	260.5229	0
57	7	492.2956	364.9351	0
57	8	559.2739	367.5715	0
57	9	435.2083	69.95834	0
57	10	518.2243	455.9974	0
57	11	295.7729	-27.53558	0
57	12	302.883	58.40695	0
57	13	354.4923	314.8945	0
57	14	419.331	125.9045	0
57	15	367.1334	67.06937	0
57	16	447.4792	256.9148	0
57	17	393.8957	157.5809	0
57	18	372.1936	94.85361	0
57	19	544.0334	424.1487	0
57	20	521.4233	315.6019	0
57	21	546.7827	616.8672	0
57	22	571.3725	554.3757	0
57	23	422.461	271.4568	0
57	24	343.2323	64.31494	0
57	25	563.4442	396.3047	0
57	26	459.5452	161.6044	0
57	27	486.7405	128.7969	0
57	28	479.4774	613.8188	0
57	29	275.193	59.67114	0
57	30	285.6663	104.8671	0
57	31	584.1661	458.7682	0
57	32	231.2517	-31.7962	0
57	33	331.1985	13.75742	0
57	34	411.0258	403.5223	0
57	35	636.6476	558.2585	0
57	36	475.2505	408.4031	0
57	37	421.5608	319.5646	0
58	1	425.6113	356.9445	0
58	2	440.0274	96.97174	0
58	3	401.7246	357.0584	0
58	4	354.5914	267.3224	0
58	5	550.235	499.3459	0
58	6	514.015	260.5229	0
58	7	492.2956	364.9351	0
58	8	559.2739	367.5715	0
58	9	435.2083	69.95834	0
58	10	518.2243	455.9974	0
58	11	295.7729	-27.53558	0
58	12	302.883	58.40695	0
58	13	354.4923	314.8945	0
58	14	419.331	125.9045	0
58	15	367.1334	67.06937	0
58	16	447.4792	256.9148	0
58	17	393.8957	157.5809	0
58	18	372.1936	94.85361	0
58	19	544.0334	424.1487	0
58	20	521.4233	315.6019	0
58	21	546.7827	616.8672	0
58	22	571.3725	554.3757	0
58	23	422.461	271.4568	0
58	24	343.2323	64.31494	0
58	25	563.4442	396.3047	0
58	26	459.5452	161.6044	0
58	27	486.7405	128.7969	0
58	28	479.4774	613.8188	0
58	29	275.193	59.67114	0
58	30	285.6663	104.8671	0
58	31	584.1661	458.7682	0
58	32	231.2517	-31.7962	0
58	33	331.1985	13.75742	0
58	34	411.0258	403.5223	0
58	35	636.6476	558.2585	0
58	36	475.2505	408.4031	0
58	37	421.5608	319.5646	0
58	38	610.548	427.4197	0
59	1	425.6113	356.9445	0
59	2	440.0274	96.97174	0
59	3	401.7246	357.0584	0
59	4	354.5914	267.3224	0
59	5	550.235	499.3459	0
59	6	514.015	260.5229	0
59	7	492.2956	364.9351	0
59	8	559.2739	367.5715	0
59	9	435.2083	69.95834	0
59	10	518.2243	455.9974	0
59	11	295.7729	-27.53558	0
59	12	302.883	58.40695	0
59	13	354.4923	314.8945	0
59	14	419.331	125.9045	0
59	15	367.1334	67.06937	0
59	16	447.4792	256.9148	0
59	17	393.8957	157.5809	0
59	18	372.1936	94.85361	0
59	19	544.0334	424.1487	0
59	20	521.4233	315.6019	0
59	21	546.7827	616.8672	0
59	22	571.3725	554.3757	0
59	23	422.461	271.4568	0
59	24	343.2323	64.31494	0
59	25	563.4442	396.3047	0
59	26	459.5452	161.6044	0
59	27	486.7405	128.7969	0
59	28	479.4774	613.8188	0
59	29	275.193	59.67114	0
59	30	285.6663	104.8671	0
59	31	584.1661	458.7682	0
59	32	231.2517	-31.7962	0
59	33	331.1985	13.75742	0
59	34	411.0258	403.5223	0
59	35	636.6476	558.2585	0
59	36	475.2505	408.4031	0
59	37	421.5608	319.5646	0
59	38	610.548	427.4197	0
59	39	352.2395	109.6534	0
60	1	425.6113	356.9445	0
60	2	440.0274	96.97174	0
60	3	401.7246	357.0584	0
60	4	354.5914	267.3224	0
60	5	550.235	499.3459	0
60	6	514.015	260.5229	0
60	7	492.2956	364.9351	0
60	8	559.2739	367.5715	0
60	9	435.2083	69.95834	0
60	10	518.2243	455.9974	0
60	11	295.7729	-27.53558	0
60	12	302.883	58.40695	0
60	13	354.4923	314.8945	0
60	14	419.331	125.9045	0
60	15	367.1334	67.06937	0
60	16	447.4792	256.9148	0
60	17	393.8957	157.5809	0
60	18	372.1936	94.85361	0
60	19	544.0334	424.1487	0
60	20	521.4233	315.6019	0
60	21	546.7827	616.8672	0
60	22	571.3725	554.3757	0
60	23	422.461	271.4568	0
60	24	343.2323	64.31494	0
60	25	563.4442	396.3047	0
60	26	459.5452	161.6044	0
60	27	486.7405	128.7969	0
60	28	479.4774	613.8188	0
60	29	275.193	59.67114	0
60	30	285.6663	104.8671	0
60	31	584.1661	458.7682	0
60	32	231.2517	-31.7962	0
60	33	331.1985	13.75742	0
60	34	411.0258	403.5223	0
60	35	636.6476	558.2585	0
60	36	475.2505	408.4031	0
60	37	421.5608	319.5646	0
60	38	610.548	427.4197	0
60	39	352.2395	109.6534	0
60	40	398.2034	17.63553	0
61	1	425.6113	356.9445	0
61	2	440.0274	96.97174	0
61	3	401.7246	357.0584	0
61	4	354.5914	267.3224	0
61	5	550.235	499.3459	0
61	6	514.015	260.5229	0
61	7	492.2956	364.9351	0
61	8	559.2739	367.5715	0
61	9	435.2083	69.95834	0
61	10	518.2243	455.9974	0
61	11	295.7729	-27.53558	0
61	12	302.883	58.40695	0
61	13	354.4923	314.8945	0
61	14	419.331	125.9045	0
61	15	367.1334	67.06937	0
61	16	447.4792	256.9148	0
61	17	393.8957	157.5809	0
61	18	372.1936	94.85361	0
61	19	544.0334	424.1487	0
61	20	521.4233	315.6019	0
61	21	546.7827	616.8672	0
61	22	571.3725	554.3757	0
61	23	422.461	271.4568	0
61	24	343.2323	64.31494	0
61	25	563.4442	396.3047	0
61	26	459.5452	161.6044	0
61	27	486.7405	128.7969	0
61	28	479.4774	613.8188	0
61	29	275.193	59.67114	0
61	30	285.6663	104.8671	0
61	31	584.1661	458.7682	0
61	32	231.2517	-31.7962	0
61	33	331.1985	13.75742	0
61	34	411.0258	403.5223	0
61	35	636.6476	558.2585	0
61	36	475.2505	408.4031	0
61	37	421.5608	319.5646	0
61	38	610.548	427.4197	0
61	39	352.2395	109.6534	0
61	40	398.2034	17.63553	0
61	41	467.1654	360.5927	0
62	1	425.6113	356.9445	0
62	2	440.0274	96.97174	0
62	3	401.7246	357.0584	0
62	4	354.5914	267.3224	0
62	5	550.235	499.3459	0
62	6	514.015	260.5229	0
62	7	492.2956	364.9351	0
62	8	559.2739	367.5715	0
62	9	435.2083	69.95834	0
62	10	518.2243	455.9974	0
62	11	295.7729	-27.53558	0
62	12	302.883	58.40695	0
62	13	354.4923	314.8945	0
62	14	419.331	125.9045	0
62	15	367.1334	67.06937	0
62	16	447.4792	256.9148	0
62	17	393.8957	157.5809	0
62	18	372.1936	94.85361	0
62	19	544.0334	424.1487	0
62	20	521.4233	315.6019	0
62	21	546.7827	616.8672	0
62	22	571.3725	554.3757	0
62	23	422.461	271.4568	0
62	24	343.2323	64.31494	0
62	25	563.4442	396.3047	0
62	26	459.5452	161.6044	0
62	27	486.7405	128.7969	0
62	28	479.4774	613.8188	0
62	29	275.193	59.67114	0
62	30	285.6663	104.8671	0
62	31	584.1661	458.7682	0
62	32	231.2517	-31.7962	0
62	33	331.1985	13.75742	0
62	34	411.0258	403.5223	0
62	35	636.6476	558.2585	0
62	36	475.2505	408.4031	0
62	37	421.5608	319.5646	0
62	38	610.548	427.4197	0
62	39	352.2395	109.6534	0
62	40	398.2034	17.63553	0
62	41	467.1654	360.5927	0
62	42	498.325	391.6296	0
63	1	425.6113	356.9445	0
63	2	440.0274	96.97174	0
63	3	401.7246	357.0584	0
63	4	354.5914	267.3224	0
63	5	550.235	499.3459	0
63	6	514.015	260.5229	0
63	7	492.2956	364.9351	0
63	8	559.2739	367.5715	0
63	9	435.2083	69.95834	0
63	10	518.2243	455.9974	0
63	11	295.7729	-27.53558	0
63	12	302.883	58.40695	0
63	13	354.4923	314.8945	0
63	14	419.331	125.9045	0
63	15	367.1334	67.06937	0
63	16	447.4792	256.9148	0
63	17	393.8957	157.5809	0
63	18	372.1936	94.85361	0
63	19	544.0334	424.1487	0
63	20	521.4233	315.6019	0
63	21	546.7827	616.8672	0
63	22	571.3725	554.3757	0
63	23	422.461	271.4568	0
63	24	343.2323	64.31494	0
63	25	563.4442	396.3047	0
63	26	459.5452	161.6044	0
63	27	486.7405	128.7969	0
63	28	479.4774	613.8188	0
63	29	275.193	59.67114	0
63	30	285.6663	104.8671	0
63	31	584.1661	458.7682	0
63	32	231.2517	-31.7962	0
63	33	331.1985	13.75742	0
63	34	411.0258	403.5223	0
63	35	636.6476	558.2585	0
63	36	475.2505	408.4031	0
63	37	421.5608	319.5646	0
63	38	610.548	427.4197	0
63	39	352.2395	109.6534	0
63	40	398.2034	17.63553	0
63	41	467.1654	360.5927	0
63	42	498.325	391.6296	0
63	43	454.6873	311.5064	0
64	1	425.6113	356.9445	0
64	2	440.0274	96.97174	0
64	3	401.7246	357.0584	0
64	4	354.5914	267.3224	0
64	5	550.235	499.3459	0
64	6	514.015	260.5229	0
64	7	492.2956	364.9351	0
64	8	559.2739	367.5715	0
64	9	435.2083	69.95834	0
64	10	518.2243	455.9974	0
64	11	295.7729	-27.53558	0
64	12	302.883	58.40695	0
64	13	354.4923	314.8945	0
64	14	419.331	125.9045	0
64	15	367.1334	67.06937	0
64	16	447.4792	256.9148	0
64	17	393.8957	157.5809	0
64	18	372.1936	94.85361	0
64	19	544.0334	424.1487	0
64	20	521.4233	315.6019	0
64	21	546.7827	616.8672	0
64	22	571.3725	554.3757	0
64	23	422.461	271.4568	0
64	24	343.2323	64.31494	0
64	25	563.4442	396.3047	0
64	26	459.5452	161.6044	0
64	27	486.7405	128.7969	0
64	28	479.4774	613.8188	0
64	29	275.193	59.67114	0
64	30	285.6663	104.8671	0
64	31	584.1661	458.7682	0
64	32	231.2517	-31.7962	0
64	33	331.1985	13.75742	0
64	34	411.0258	403.5223	0
64	35	636.6476	558.2585	0
64	36	475.2505	408.4031	0
64	37	421.5608	319.5646	0
64	38	610.548	427.4197	0
64	39	352.2395	109.6534	0
64	40	398.2034	17.63553	0
64	41	467.1654	360.5927	0
64	42	498.325	391.6296	0
64	43	454.6873	311.5064	0
65	1	425.6113	356.9445	0
65	2	440.0274	96.97174	0
65	3	401.7246	357.0584	0
65	4	354.5914	267.3224	0
65	5	550.235	499.3459	0
65	6	514.015	260.5229	0
65	7	492.2956	364.9351	0
65	8	559.2739	367.5715	0
65	9	435.2083	69.95834	0
65	10	518.2243	455.9974	0
65	11	295.7729	-27.53558	0
65	12	302.883	58.40695	0
65	13	354.4923	314.8945	0
65	14	419.331	125.9045	0
65	15	367.1334	67.06937	0
65	16	447.4792	256.9148	0
65	17	393.8957	157.5809	0
65	18	372.1936	94.85361	0
65	19	544.0334	424.1487	0
65	20	521.4233	315.6019	0
65	21	546.7827	616.8672	0
65	22	571.3725	554.3757	0
65	23	422.461	271.4568	0
65	24	343.2323	64.31494	0
65	25	563.4442	396.3047	0
65	26	459.5452	161.6044	0
65	27	486.7405	128.7969	0
65	28	479.4774	613.8188	0
65	29	275.193	59.67114	0
65	30	285.6663	104.8671	0
65	31	584.1661	458.7682	0
65	32	231.2517	-31.7962	0
65	33	331.1985	13.75742	0
65	34	411.0258	403.5223	0
65	35	636.6476	558.2585	0
65	36	475.2505	408.4031	0
65	37	421.5608	319.5646	0
65	38	610.548	427.4197	0
65	39	352.2395	109.6534	0
65	40	398.2034	17.63553	0
65	41	467.1654	360.5927	0
65	42	498.325	391.6296	0
65	43	454.6873	311.5064	0
66	1	425.6113	356.9445	0
66	2	440.0274	96.97174	0
66	3	401.7246	357.0584	0
66	4	354.5914	267.3224	0
66	5	550.235	499.3459	0
66	6	514.015	260.5229	0
66	7	492.2956	364.9351	0
66	8	559.2739	367.5715	0
66	9	435.2083	69.95834	0
66	10	518.2243	455.9974	0
66	11	295.7729	-27.53558	0
66	12	302.883	58.40695	0
66	13	354.4923	314.8945	0
66	14	419.331	125.9045	0
66	15	367.1334	67.06937	0
66	16	447.4792	256.9148	0
66	17	393.8957	157.5809	0
66	18	372.1936	94.85361	0
66	19	544.0334	424.1487	0
66	20	521.4233	315.6019	0
66	21	546.7827	616.8672	0
66	22	571.3725	554.3757	0
66	23	422.461	271.4568	0
66	24	343.2323	64.31494	0
66	25	563.4442	396.3047	0
66	26	459.5452	161.6044	0
66	27	486.7405	128.7969	0
66	28	479.4774	613.8188	0
66	29	275.193	59.67114	0
66	30	285.6663	104.8671	0
66	31	584.1661	458.7682	0
66	32	231.2517	-31.7962	0
66	33	331.1985	13.75742	0
66	34	411.0258	403.5223	0
66	35	636.6476	558.2585	0
66	36	475.2505	408.4031	0
66	37	421.5608	319.5646	0
66	38	610.548	427.4197	0
66	39	352.2395	109.6534	0
66	40	398.2034	17.63553	0
66	41	467.1654	360.5927	0
66	42	498.325	391.6296	0
66	43	454.6873	311.5064	0
67	1	425.6113	356.9445	0
67	2	440.0274	96.97174	0
67	3	401.7246	357.0584	0
67	4	354.5914	267.3224	0
67	5	550.235	499.3459	0
67	6	514.015	260.5229	0
67	7	492.2956	364.9351	0
67	8	559.2739	367.5715	0
67	9	435.2083	69.95834	0
67	10	518.2243	455.9974	0
67	11	295.7729	-27.53558	0
67	12	302.883	58.40695	0
67	13	354.4923	314.8945	0
67	14	419.331	125.9045	0
67	15	367.1334	67.06937	0
67	16	447.4792	256.9148	0
67	17	393.8957	157.5809	0
67	18	372.1936	94.85361	0
67	19	544.0334	424.1487	0
67	20	521.4233	315.6019	0
67	21	546.7827	616.8672	0
67	22	571.3725	554.3757	0
67	23	422.461	271.4568	0
67	24	343.2323	64.31494	0
67	25	563.4442	396.3047	0
67	26	459.5452	161.6044	0
67	27	486.7405	128.7969	0
67	28	479.4774	613.8188	0
67	29	275.193	59.67114	0
67	30	285.6663	104.8671	0
67	31	584.1661	458.7682	0
67	32	231.2517	-31.7962	0
67	33	331.1985	13.75742	0
67	34	411.0258	403.5223	0
67	35	636.6476	558.2585	0
67	36	475.2505	408.4031	0
67	37	421.5608	319.5646	0
67	38	610.548	427.4197	0
67	39	352.2395	109.6534	0
67	40	398.2034	17.63553	0
67	41	467.1654	360.5927	0
67	42	498.325	391.6296	0
67	43	454.6873	311.5064	0
68	1	425.6113	356.9445	0
68	2	440.0274	96.97174	0
68	3	401.7246	357.0584	0
68	4	354.5914	267.3224	0
68	5	550.235	499.3459	0
68	6	514.015	260.5229	0
68	7	492.2956	364.9351	0
68	8	559.2739	367.5715	0
68	9	435.2083	69.95834	0
68	10	518.2243	455.9974	0
68	11	295.7729	-27.53558	0
68	12	302.883	58.40695	0
68	13	354.4923	314.8945	0
68	14	419.331	125.9045	0
68	15	367.1334	67.06937	0
68	16	447.4792	256.9148	0
68	17	393.8957	157.5809	0
68	18	372.1936	94.85361	0
68	19	544.0334	424.1487	0
68	20	521.4233	315.6019	0
68	21	546.7827	616.8672	0
68	22	571.3725	554.3757	0
68	23	422.461	271.4568	0
68	24	343.2323	64.31494	0
68	25	563.4442	396.3047	0
68	26	459.5452	161.6044	0
68	27	486.7405	128.7969	0
68	28	479.4774	613.8188	0
68	29	275.193	59.67114	0
68	30	285.6663	104.8671	0
68	31	584.1661	458.7682	0
68	32	231.2517	-31.7962	0
68	33	331.1985	13.75742	0
68	34	411.0258	403.5223	0
68	35	636.6476	558.2585	0
68	36	475.2505	408.4031	0
68	37	421.5608	319.5646	0
68	38	610.548	427.4197	0
68	39	352.2395	109.6534	0
68	40	398.2034	17.63553	0
68	41	467.1654	360.5927	0
68	42	498.325	391.6296	0
68	43	454.6873	311.5064	0
