63	1	298.5607	183.1538	0
63	2	509.4149	191.6895	0
63	3	300.3883	168.9403	0
63	4	371.354	145.1518	0
63	5	147.1347	267.0127	0
63	6	374.4639	239.3974	0
63	7	285.5659	224.8391	0
63	8	271.0943	275.2556	0
63	9	531.5946	188.9776	0
63	10	199.1073	242.8613	0
63	11	574.1521	119.308	0
63	12	515.5151	120.8972	0
63	13	335.177	145.6896	0
63	14	483.0096	180.1212	0
63	15	521.577	152.2993	0
63	16	377.856	195.7762	0
63	17	454.9112	164.9327	0
63	18	501.8616	155.1458	0
63	19	222.4501	263.4453	0
63	20	325.726	246.7344	0
63	21	37.15701	264.8185	0
63	22	84.67899	285.4794	0
63	23	367.8008	180.4117	0
63	24	518.0415	139.9153	0
63	25	243.9355	279.2979	0
63	26	460.4034	204.0795	0
63	27	490.7529	221.831	0
63	28	71.23441	214.8241	0
63	29	510.6911	110.4992	0
63	30	481.3567	114.6096	0
63	31	176.0493	297.4752	0
63	32	562.3331	93.33685	0
63	33	552.4012	134.6419	0
63	34	262.5377	173.4263	0
63	35	46.35686	349.278	0
63	36	249.9984	213.4645	0
63	37	328.2947	179.9901	0
63	38	199.8842	321.9731	0
63	39	485.9052	144.8759	0
63	40	564.673	168.3367	0
63	41	291.1956	207.8216	0
63	42	260.7397	228.1856	0
63	43	333.4173	200.8115	0
64	1	298.5607	183.1538	0
64	2	509.4149	191.6895	0
64	3	300.3883	168.9403	0
64	4	371.354	145.1518	0
64	5	147.1347	267.0127	0
64	6	374.4639	239.3974	0
64	7	285.5659	224.8391	0
64	8	271.0943	275.2556	0
64	9	531.5946	188.9776	0
64	10	199.1073	242.8613	0
64	11	574.1521	119.308	0
64	12	515.5151	120.8972	0
64	13	335.177	145.6896	0
64	14	483.0096	180.1212	0
64	15	521.577	152.2993	0
64	16	377.856	195.7762	0
64	17	454.9112	164.9327	0
64	18	501.8616	155.1458	0
64	19	222.4501	263.4453	0
64	20	325.726	246.7344	0
64	21	37.15701	264.8185	0
64	22	84.67899	285.4794	0
64	23	367.8008	180.4117	0
64	24	518.0415	139.9153	0
64	25	243.9355	279.2979	0
64	26	460.4034	204.0795	0
64	27	490.7529	221.831	0
64	28	71.23441	214.8241	0
64	29	510.6911	110.4992	0
64	30	481.3567	114.6096	0
64	31	176.0493	297.4752	0
64	32	562.3331	93.33685	0
64	33	552.4012	134.6419	0
64	34	262.5377	173.4263	0
64	35	46.35686	349.278	0
64	36	249.9984	213.4645	0
64	37	328.2947	179.9901	0
64	38	199.8842	321.9731	0
64	39	485.9052	144.8759	0
64	40	564.673	168.3367	0
64	41	291.1956	207.8216	0
64	42	260.7397	228.1856	0
64	43	333.4173	200.8115	0
65	1	298.5607	183.1538	0
65	2	509.4149	191.6895	0
65	3	300.3883	168.9403	0
65	4	371.354	145.1518	0
65	5	147.1347	267.0127	0
65	6	374.4639	239.3974	0
65	7	285.5659	224.8391	0
65	8	271.0943	275.2556	0
65	9	531.5946	188.9776	0
65	10	199.1073	242.8613	0
65	11	574.1521	119.308	0
65	12	515.5151	120.8972	0
65	13	335.177	145.6896	0
65	14	483.0096	180.1212	0
65	15	521.577	152.2993	0
65	16	377.856	195.7762	0
65	17	454.9112	164.9327	0
65	18	501.8616	155.1458	0
65	19	222.4501	263.4453	0
65	20	325.726	246.7344	0
65	21	37.15701	264.8185	0
65	22	84.67899	285.4794	0
65	23	367.8008	180.4117	0
65	24	518.0415	139.9153	0
65	25	243.9355	279.2979	0
65	26	460.4034	204.0795	0
65	27	490.7529	221.831	0
65	28	71.23441	214.8241	0
65	29	510.6911	110.4992	0
65	30	481.3567	114.6096	0
65	31	176.0493	297.4752	0
65	32	562.3331	93.33685	0
65	33	552.4012	134.6419	0
65	34	262.5377	173.4263	0
65	35	46.35686	349.278	0
65	36	249.9984	213.4645	0
65	37	328.2947	179.9901	0
65	38	199.8842	321.9731	0
65	39	485.9052	144.8759	0
65	40	564.673	168.3367	0
65	41	291.1956	207.8216	0
65	42	260.7397	228.1856	0
65	43	333.4173	200.8115	0
66	1	298.5607	183.1538	0
66	2	509.4149	191.6895	0
66	3	300.3883	168.9403	0
66	4	371.354	145.1518	0
66	5	147.1347	267.0127	0
66	6	374.4639	239.3974	0
66	7	285.5659	224.8391	0
66	8	271.0943	275.2556	0
66	9	531.5946	188.9776	0
66	10	199.1073	242.8613	0
66	11	574.1521	119.308	0
66	12	515.5151	120.8972	0
66	13	335.177	145.6896	0
66	14	483.0096	180.1212	0
66	15	521.577	152.2993	0
66	16	377.856	195.7762	0
66	17	454.9112	164.9327	0
66	18	501.8616	155.1458	0
66	19	222.4501	263.4453	0
66	20	325.726	246.7344	0
66	21	37.15701	264.8185	0
66	22	84.67899	285.4794	0
66	23	367.8008	180.4117	0
66	24	518.0415	139.9153	0
66	25	243.9355	279.2979	0
66	26	460.4034	204.0795	0
66	27	490.7529	221.831	0
66	28	71.23441	214.8241	0
66	29	510.6911	110.4992	0
66	30	481.3567	114.6096	0
66	31	176.0493	297.4752	0
66	32	562.3331	93.33685	0
66	33	552.4012	134.6419	0
66	34	262.5377	173.4263	0
66	35	46.35686	349.278	0
66	36	249.9984	213.4645	0
66	37	328.2947	179.9901	0
66	38	199.8842	321.9731	0
66	39	485.9052	144.8759	0
66	40	564.673	168.3367	0
66	41	291.1956	207.8216	0
66	42	260.7397	228.1856	0
66	43	333.4173	200.8115	0
63	1	297.7653	182.7557	0
63	2	509.7272	191.9899	0
63	3	301.23	168.5265	0
63	4	370.1371	145.2032	0
63	5	146.7757	267.6546	0
63	6	374.8337	239.7663	0
63	7	283.7641	224.9912	0
63	8	271.8647	275.9379	0
63	9	529.9722	187.8336	0
63	10	197.6846	242.5987	0
63	11	572.8704	119.3675	0
63	12	516.3659	121.7809	0
63	13	334.6584	145.5112	0
63	14	482.7814	179.943	0
63	15	520.4886	151.8979	0
63	16	377.8744	195.2208	0
63	17	455.5126	164.6253	0
63	18	501.9752	155.0142	0
63	19	221.9896	263.1378	0
63	20	326.5842	247.0276	0
63	21	36.7444	263.7139	0
63	22	84.25276	285.3117	0
63	23	367.2584	180.8994	0
63	24	518.7404	140.4576	0
63	25	244.7238	280.0121	0
63	26	458.8761	203.5137	0
63	27	490.9682	221.4588	0
63	28	72.24683	214.775	0
63	29	511.1642	110.8382	0
63	30	480.1035	114.6389	0
63	31	174.888	298.3297	0
63	32	561.9297	93.42911	0
63	33	553.3047	135.2144	0
63	34	263.0797	173.8393	0
63	35	47.75899	349.2593	0
63	36	249.1186	213.1197	0
63	37	328.7013	180.2989	0
63	38	200.2584	323.8756	0
63	39	486.0293	144.4475	0
63	40	564.3432	168.1607	0
63	41	290.1343	207.4852	0
63	42	259.5413	228.1137	0
63	43	333.1718	200.0063	0
64	1	297.7653	182.7557	0
64	2	509.7272	191.9899	0
64	3	301.23	168.5265	0
64	4	370.1371	145.2032	0
64	5	146.7757	267.6546	0
64	6	374.8337	239.7663	0
64	7	283.7641	224.9912	0
64	8	271.8647	275.9379	0
64	9	529.9722	187.8336	0
64	10	197.6846	242.5987	0
64	11	572.8704	119.3675	0
64	12	516.3659	121.7809	0
64	13	334.6584	145.5112	0
64	14	482.7814	179.943	0
64	15	520.4886	151.8979	0
64	16	377.8744	195.2208	0
64	17	455.5126	164.6253	0
64	18	501.9752	155.0142	0
64	19	221.9896	263.1378	0
64	20	326.5842	247.0276	0
64	21	36.7444	263.7139	0
64	22	84.25276	285.3117	0
64	23	367.2584	180.8994	0
64	24	518.7404	140.4576	0
64	25	244.7238	280.0121	0
64	26	458.8761	203.5137	0
64	27	490.9682	221.4588	0
64	28	72.24683	214.775	0
64	29	511.1642	110.8382	0
64	30	480.1035	114.6389	0
64	31	174.888	298.3297	0
64	32	561.9297	93.42911	0
64	33	553.3047	135.2144	0
64	34	263.0797	173.8393	0
64	35	47.75899	349.2593	0
64	36	249.1186	213.1197	0
64	37	328.7013	180.2989	0
64	38	200.2584	323.8756	0
64	39	486.0293	144.4475	0
64	40	564.3432	168.1607	0
64	41	290.1343	207.4852	0
64	42	259.5413	228.1137	0
64	43	333.1718	200.0063	0
65	1	297.7653	182.7557	0
65	2	509.7272	191.9899	0
65	3	301.23	168.5265	0
65	4	370.1371	145.2032	0
65	5	146.7757	267.6546	0
65	6	374.8337	239.7663	0
65	7	283.7641	224.9912	0
65	8	271.8647	275.9379	0
65	9	529.9722	187.8336	0
65	10	197.6846	242.5987	0
65	11	572.8704	119.3675	0
65	12	516.3659	121.7809	0
65	13	334.6584	145.5112	0
65	14	482.7814	179.943	0
65	15	520.4886	151.8979	0
65	16	377.8744	195.2208	0
65	17	455.5126	164.6253	0
65	18	501.9752	155.0142	0
65	19	221.9896	263.1378	0
65	20	326.5842	247.0276	0
65	21	36.7444	263.7139	0
65	22	84.25276	285.3117	0
65	23	367.2584	180.8994	0
65	24	518.7404	140.4576	0
65	25	244.7238	280.0121	0
65	26	458.8761	203.5137	0
65	27	490.9682	221.4588	0
65	28	72.24683	214.775	0
65	29	511.1642	110.8382	0
65	30	480.1035	114.6389	0
65	31	174.888	298.3297	0
65	32	561.9297	93.42911	0
65	33	553.3047	135.2144	0
65	34	263.0797	173.8393	0
65	35	47.75899	349.2593	0
65	36	249.1186	213.1197	0
65	37	328.7013	180.2989	0
65	38	200.2584	323.8756	0
65	39	486.0293	144.4475	0
65	40	564.3432	168.1607	0
65	41	290.1343	207.4852	0
65	42	259.5413	228.1137	0
65	43	333.1718	200.0063	0
66	1	297.7653	182.7557	0
66	2	509.7272	191.9899	0
66	3	301.23	168.5265	0
66	4	370.1371	145.2032	0
66	5	146.7757	267.6546	0
66	6	374.8337	239.7663	0
66	7	283.7641	224.9912	0
66	8	271.8647	275.9379	0
66	9	529.9722	187.8336	0
66	10	197.6846	242.5987	0
66	11	572.8704	119.3675	0
66	12	516.3659	121.7809	0
66	13	334.6584	145.5112	0
66	14	482.7814	179.943	0
66	15	520.4886	151.8979	0
66	16	377.8744	195.2208	0
66	17	455.5126	164.6253	0
66	18	501.9752	155.0142	0
66	19	221.9896	263.1378	0
66	20	326.5842	247.0276	0
66	21	36.7444	263.7139	0
66	22	84.25276	285.3117	0
66	23	367.2584	180.8994	0
66	24	518.7404	140.4576	0
66	25	244.7238	280.0121	0
66	26	458.8761	203.5137	0
66	27	490.9682	221.4588	0
66	28	72.24683	214.775	0
66	29	511.1642	110.8382	0
66	30	480.1035	114.6389	0
66	31	174.888	298.3297	0
66	32	561.9297	93.42911	0
66	33	553.3047	135.2144	0
66	34	263.0797	173.8393	0
66	35	47.75899	349.2593	0
66	36	249.1186	213.1197	0
66	37	328.7013	180.2989	0
66	38	200.2584	323.8756	0
66	39	486.0293	144.4475	0
66	40	564.3432	168.1607	0
66	41	290.1343	207.4852	0
66	42	259.5413	228.1137	0
66	43	333.1718	200.0063	0
67	1	297.7653	182.7557	0
67	2	509.7272	191.9899	0
67	3	301.23	168.5265	0
67	4	370.1371	145.2032	0
67	5	146.7757	267.6546	0
67	6	374.8337	239.7663	0
67	7	283.7641	224.9912	0
67	8	271.8647	275.9379	0
67	9	529.9722	187.8336	0
67	10	197.6846	242.5987	0
67	11	572.8704	119.3675	0
67	12	516.3659	121.7809	0
67	13	334.6584	145.5112	0
67	14	482.7814	179.943	0
67	15	520.4886	151.8979	0
67	16	377.8744	195.2208	0
67	17	455.5126	164.6253	0
67	18	501.9752	155.0142	0
67	19	221.9896	263.1378	0
67	20	326.5842	247.0276	0
67	21	36.7444	263.7139	0
67	22	84.25276	285.3117	0
67	23	367.2584	180.8994	0
67	24	518.7404	140.4576	0
67	25	244.7238	280.0121	0
67	26	458.8761	203.5137	0
67	27	490.9682	221.4588	0
67	28	72.24683	214.775	0
67	29	511.1642	110.8382	0
67	30	480.1035	114.6389	0
67	31	174.888	298.3297	0
67	32	561.9297	93.42911	0
67	33	553.3047	135.2144	0
67	34	263.0797	173.8393	0
67	35	47.75899	349.2593	0
67	36	249.1186	213.1197	0
67	37	328.7013	180.2989	0
67	38	200.2584	323.8756	0
67	39	486.0293	144.4475	0
67	40	564.3432	168.1607	0
67	41	290.1343	207.4852	0
67	42	259.5413	228.1137	0
67	43	333.1718	200.0063	0
68	1	297.7653	182.7557	0
68	2	509.7272	191.9899	0
68	3	301.23	168.5265	0
68	4	370.1371	145.2032	0
68	5	146.7757	267.6546	0
68	6	374.8337	239.7663	0
68	7	283.7641	224.9912	0
68	8	271.8647	275.9379	0
68	9	529.9722	187.8336	0
68	10	197.6846	242.5987	0
68	11	572.8704	119.3675	0
68	12	516.3659	121.7809	0
68	13	334.6584	145.5112	0
68	14	482.7814	179.943	0
68	15	520.4886	151.8979	0
68	16	377.8744	195.2208	0
68	17	455.5126	164.6253	0
68	18	501.9752	155.0142	0
68	19	221.9896	263.1378	0
68	20	326.5842	247.0276	0
68	21	36.7444	263.7139	0
68	22	84.25276	285.3117	0
68	23	367.2584	180.8994	0
68	24	518.7404	140.4576	0
68	25	244.7238	280.0121	0
68	26	458.8761	203.5137	0
68	27	490.9682	221.4588	0
68	28	72.24683	214.775	0
68	29	511.1642	110.8382	0
68	30	480.1035	114.6389	0
68	31	174.888	298.3297	0
68	32	561.9297	93.42911	0
68	33	553.3047	135.2144	0
68	34	263.0797	173.8393	0
68	35	47.75899	349.2593	0
68	36	249.1186	213.1197	0
68	37	328.7013	180.2989	0
68	38	200.2584	323.8756	0
68	39	486.0293	144.4475	0
68	40	564.3432	168.1607	0
68	41	290.1343	207.4852	0
68	42	259.5413	228.1137	0
68	43	333.1718	200.0063	0
69	1	297.7653	182.7557	0
69	2	509.7272	191.9899	0
69	3	301.23	168.5265	0
69	4	370.1371	145.2032	0
69	5	146.7757	267.6546	0
69	6	374.8337	239.7663	0
69	7	283.7641	224.9912	0
69	8	271.8647	275.9379	0
69	9	529.9722	187.8336	0
69	10	197.6846	242.5987	0
69	11	572.8704	119.3675	0
69	12	516.3659	121.7809	0
69	13	334.6584	145.5112	0
69	14	482.7814	179.943	0
69	15	520.4886	151.8979	0
69	16	377.8744	195.2208	0
69	17	455.5126	164.6253	0
69	18	501.9752	155.0142	0
69	19	221.9896	263.1378	0
69	20	326.5842	247.0276	0
69	21	36.7444	263.7139	0
69	22	84.25276	285.3117	0
69	23	367.2584	180.8994	0
69	24	518.7404	140.4576	0
69	25	244.7238	280.0121	0
69	26	458.8761	203.5137	0
69	27	490.9682	221.4588	0
69	28	72.24683	214.775	0
69	29	511.1642	110.8382	0
69	30	480.1035	114.6389	0
69	31	174.888	298.3297	0
69	32	561.9297	93.42911	0
69	33	553.3047	135.2144	0
69	34	263.0797	173.8393	0
69	35	47.75899	349.2593	0
69	36	249.1186	213.1197	0
69	37	328.7013	180.2989	0
69	38	200.2584	323.8756	0
69	39	486.0293	144.4475	0
69	40	564.3432	168.1607	0
69	41	290.1343	207.4852	0
69	42	259.5413	228.1137	0
69	43	333.1718	200.0063	0
70	1	297.7653	182.7557	0
70	2	509.7272	191.9899	0
70	3	301.23	168.5265	0
70	4	370.1371	145.2032	0
70	5	146.7757	267.6546	0
70	6	374.8337	239.7663	0
70	7	283.7641	224.9912	0
70	8	271.8647	275.9379	0
70	9	529.9722	187.8336	0
70	10	197.6846	242.5987	0
70	11	572.8704	119.3675	0
70	12	516.3659	121.7809	0
70	13	334.6584	145.5112	0
70	14	482.7814	179.943	0
70	15	520.4886	151.8979	0
70	16	377.8744	195.2208	0
70	17	455.5126	164.6253	0
70	18	501.9752	155.0142	0
70	19	221.9896	263.1378	0
70	20	326.5842	247.0276	0
70	21	36.7444	263.7139	0
70	22	84.25276	285.3117	0
70	23	367.2584	180.8994	0
70	24	518.7404	140.4576	0
70	25	244.7238	280.0121	0
70	26	458.8761	203.5137	0
70	27	490.9682	221.4588	0
70	28	72.24683	214.775	0
70	29	511.1642	110.8382	0
70	30	480.1035	114.6389	0
70	31	174.888	298.3297	0
70	32	561.9297	93.42911	0
70	33	553.3047	135.2144	0
70	34	263.0797	173.8393	0
70	35	47.75899	349.2593	0
70	36	249.1186	213.1197	0
70	37	328.7013	180.2989	0
70	38	200.2584	323.8756	0
70	39	486.0293	144.4475	0
70	40	564.3432	168.1607	0
70	41	290.1343	207.4852	0
70	42	259.5413	228.1137	0
70	43	333.1718	200.0063	0
71	1	297.7653	182.7557	0
71	2	509.7272	191.9899	0
71	3	301.23	168.5265	0
71	4	370.1371	145.2032	0
71	5	146.7757	267.6546	0
71	6	374.8337	239.7663	0
71	7	283.7641	224.9912	0
71	8	271.8647	275.9379	0
71	9	529.9722	187.8336	0
71	10	197.6846	242.5987	0
71	11	572.8704	119.3675	0
71	12	516.3659	121.7809	0
71	13	334.6584	145.5112	0
71	14	482.7814	179.943	0
71	15	520.4886	151.8979	0
71	16	377.8744	195.2208	0
71	17	455.5126	164.6253	0
71	18	501.9752	155.0142	0
71	19	221.9896	263.1378	0
71	20	326.5842	247.0276	0
71	21	36.7444	263.7139	0
71	22	84.25276	285.3117	0
71	23	367.2584	180.8994	0
71	24	518.7404	140.4576	0
71	25	244.7238	280.0121	0
71	26	458.8761	203.5137	0
71	27	490.9682	221.4588	0
71	28	72.24683	214.775	0
71	29	511.1642	110.8382	0
71	30	480.1035	114.6389	0
71	31	174.888	298.3297	0
71	32	561.9297	93.42911	0
71	33	553.3047	135.2144	0
71	34	263.0797	173.8393	0
71	35	47.75899	349.2593	0
71	36	249.1186	213.1197	0
71	37	328.7013	180.2989	0
71	38	200.2584	323.8756	0
71	39	486.0293	144.4475	0
71	40	564.3432	168.1607	0
71	41	290.1343	207.4852	0
71	42	259.5413	228.1137	0
71	43	333.1718	200.0063	0
72	1	297.7653	182.7557	0
72	2	509.7272	191.9899	0
72	3	301.23	168.5265	0
72	4	370.1371	145.2032	0
72	5	146.7757	267.6546	0
72	6	374.8337	239.7663	0
72	7	283.7641	224.9912	0
72	8	271.8647	275.9379	0
72	9	529.9722	187.8336	0
72	10	197.6846	242.5987	0
72	11	572.8704	119.3675	0
72	12	516.3659	121.7809	0
72	13	334.6584	145.5112	0
72	14	482.7814	179.943	0
72	15	520.4886	151.8979	0
72	16	377.8744	195.2208	0
72	17	455.5126	164.6253	0
72	18	501.9752	155.0142	0
72	19	221.9896	263.1378	0
72	20	326.5842	247.0276	0
72	21	36.7444	263.7139	0
72	22	84.25276	285.3117	0
72	23	367.2584	180.8994	0
72	24	518.7404	140.4576	0
72	25	244.7238	280.0121	0
72	26	458.8761	203.5137	0
72	27	490.9682	221.4588	0
72	28	72.24683	214.775	0
72	29	511.1642	110.8382	0
72	30	480.1035	114.6389	0
72	31	174.888	298.3297	0
72	32	561.9297	93.42911	0
72	33	553.3047	135.2144	0
72	34	263.0797	173.8393	0
72	35	47.75899	349.2593	0
72	36	249.1186	213.1197	0
72	37	328.7013	180.2989	0
72	38	200.2584	323.8756	0
72	39	486.0293	144.4475	0
72	40	564.3432	168.1607	0
72	41	290.1343	207.4852	0
72	42	259.5413	228.1137	0
72	43	333.1718	200.0063	0
73	1	297.7653	182.7557	0
73	2	509.7272	191.9899	0
73	3	301.23	168.5265	0
73	4	370.1371	145.2032	0
73	5	146.7757	267.6546	0
73	6	374.8337	239.7663	0
73	7	283.7641	224.9912	0
73	8	271.8647	275.9379	0
73	9	529.9722	187.8336	0
73	10	197.6846	242.5987	0
73	11	572.8704	119.3675	0
73	12	516.3659	121.7809	0
73	13	334.6584	145.5112	0
73	14	482.7814	179.943	0
73	15	520.4886	151.8979	0
73	16	377.8744	195.2208	0
73	17	455.5126	164.6253	0
73	18	501.9752	155.0142	0
73	19	221.9896	263.1378	0
73	20	326.5842	247.0276	0
73	21	36.7444	263.7139	0
73	22	84.25276	285.3117	0
73	23	367.2584	180.8994	0
73	24	518.7404	140.4576	0
73	25	244.7238	280.0121	0
73	26	458.8761	203.5137	0
73	27	490.9682	221.4588	0
73	28	72.24683	214.775	0
73	29	511.1642	110.8382	0
73	30	480.1035	114.6389	0
73	31	174.888	298.3297	0
73	32	561.9297	93.42911	0
73	33	553.3047	135.2144	0
73	34	263.0797	173.8393	0
73	35	47.75899	349.2593	0
73	36	249.1186	213.1197	0
73	37	328.7013	180.2989	0
73	38	200.2584	323.8756	0
73	39	486.0293	144.4475	0
73	40	564.3432	168.1607	0
73	41	290.1343	207.4852	0
73	42	259.5413	228.1137	0
73	43	333.1718	200.0063	0
74	1	297.7653	182.7557	0
74	2	509.7272	191.9899	0
74	3	301.23	168.5265	0
74	4	370.1371	145.2032	0
74	5	146.7757	267.6546	0
74	6	374.8337	239.7663	0
74	7	283.7641	224.9912	0
74	8	271.8647	275.9379	0
74	9	529.9722	187.8336	0
74	10	197.6846	242.5987	0
74	11	572.8704	119.3675	0
74	12	516.3659	121.7809	0
74	13	334.6584	145.5112	0
74	14	482.7814	179.943	0
74	15	520.4886	151.8979	0
74	16	377.8744	195.2208	0
74	17	455.5126	164.6253	0
74	18	501.9752	155.0142	0
74	19	221.9896	263.1378	0
74	20	326.5842	247.0276	0
74	21	36.7444	263.7139	0
74	22	84.25276	285.3117	0
74	23	367.2584	180.8994	0
74	24	518.7404	140.4576	0
74	25	244.7238	280.0121	0
74	26	458.8761	203.5137	0
74	27	490.9682	221.4588	0
74	28	72.24683	214.775	0
74	29	511.1642	110.8382	0
74	30	480.1035	114.6389	0
74	31	174.888	298.3297	0
74	32	561.9297	93.42911	0
74	33	553.3047	135.2144	0
74	34	263.0797	173.8393	0
74	35	47.75899	349.2593	0
74	36	249.1186	213.1197	0
74	37	328.7013	180.2989	0
74	38	200.2584	323.8756	0
74	39	486.0293	144.4475	0
74	40	564.3432	168.1607	0
74	41	290.1343	207.4852	0
74	42	259.5413	228.1137	0
74	43	333.1718	200.0063	0
75	1	297.7653	182.7557	0
75	2	509.7272	191.9899	0
75	3	301.23	168.5265	0
75	4	370.1371	145.2032	0
75	5	146.7757	267.6546	0
75	6	374.8337	239.7663	0
75	7	283.7641	224.9912	0
75	8	271.8647	275.9379	0
75	9	529.9722	187.8336	0
75	10	197.6846	242.5987	0
75	11	572.8704	119.3675	0
75	12	516.3659	121.7809	0
75	13	334.6584	145.5112	0
75	14	482.7814	179.943	0
75	15	520.4886	151.8979	0
75	16	377.8744	195.2208	0
75	17	455.5126	164.6253	0
75	18	501.9752	155.0142	0
75	19	221.9896	263.1378	0
75	20	326.5842	247.0276	0
75	21	36.7444	263.7139	0
75	22	84.25276	285.3117	0
75	23	367.2584	180.8994	0
75	24	518.7404	140.4576	0
75	25	244.7238	280.0121	0
75	26	458.8761	203.5137	0
75	27	490.9682	221.4588	0
75	28	72.24683	214.775	0
75	29	511.1642	110.8382	0
75	30	480.1035	114.6389	0
75	31	174.888	298.3297	0
75	32	561.9297	93.42911	0
75	33	553.3047	135.2144	0
75	34	263.0797	173.8393	0
75	35	47.75899	349.2593	0
75	36	249.1186	213.1197	0
75	37	328.7013	180.2989	0
75	38	200.2584	323.8756	0
75	39	486.0293	144.4475	0
75	40	564.3432	168.1607	0
75	41	290.1343	207.4852	0
75	42	259.5413	228.1137	0
75	43	333.1718	200.0063	0
76	1	297.7653	182.7557	0
76	2	509.7272	191.9899	0
76	3	301.23	168.5265	0
76	4	370.1371	145.2032	0
76	5	146.7757	267.6546	0
76	6	374.8337	239.7663	0
76	7	283.7641	224.9912	0
76	8	271.8647	275.9379	0
76	9	529.9722	187.8336	0
76	10	197.6846	242.5987	0
76	11	572.8704	119.3675	0
76	12	516.3659	121.7809	0
76	13	334.6584	145.5112	0
76	14	482.7814	179.943	0
76	15	520.4886	151.8979	0
76	16	377.8744	195.2208	0
76	17	455.5126	164.6253	0
76	18	501.9752	155.0142	0
76	19	221.9896	263.1378	0
76	20	326.5842	247.0276	0
76	21	36.7444	263.7139	0
76	22	84.25276	285.3117	0
76	23	367.2584	180.8994	0
76	24	518.7404	140.4576	0
76	25	244.7238	280.0121	0
76	26	458.8761	203.5137	0
76	27	490.9682	221.4588	0
76	28	72.24683	214.775	0
76	29	511.1642	110.8382	0
76	30	480.1035	114.6389	0
76	31	174.888	298.3297	0
76	32	561.9297	93.42911	0
76	33	553.3047	135.2144	0
76	34	263.0797	173.8393	0
76	35	47.75899	349.2593	0
76	36	249.1186	213.1197	0
76	37	328.7013	180.2989	0
76	38	200.2584	323.8756	0
76	39	486.0293	144.4475	0
76	40	564.3432	168.1607	0
76	41	290.1343	207.4852	0
76	42	259.5413	228.1137	0
76	43	333.1718	200.0063	0
77	1	297.7653	182.7557	0
77	2	509.7272	191.9899	0
77	3	301.23	168.5265	0
77	4	370.1371	145.2032	0
77	5	146.7757	267.6546	0
77	6	374.8337	239.7663	0
77	7	283.7641	224.9912	0
77	8	271.8647	275.9379	0
77	9	529.9722	187.8336	0
77	10	197.6846	242.5987	0
77	11	572.8704	119.3675	0
77	12	516.3659	121.7809	0
77	13	334.6584	145.5112	0
77	14	482.7814	179.943	0
77	15	520.4886	151.8979	0
77	16	377.8744	195.2208	0
77	17	455.5126	164.6253	0
77	18	501.9752	155.0142	0
77	19	221.9896	263.1378	0
77	20	326.5842	247.0276	0
77	21	36.7444	263.7139	0
77	22	84.25276	285.3117	0
77	23	367.2584	180.8994	0
77	24	518.7404	140.4576	0
77	25	244.7238	280.0121	0
77	26	458.8761	203.5137	0
77	27	490.9682	221.4588	0
77	28	72.24683	214.775	0
77	29	511.1642	110.8382	0
77	30	480.1035	114.6389	0
77	31	174.888	298.3297	0
77	32	561.9297	93.42911	0
77	33	553.3047	135.2144	0
77	34	263.0797	173.8393	0
77	35	47.75899	349.2593	0
77	36	249.1186	213.1197	0
77	37	328.7013	180.2989	0
77	38	200.2584	323.8756	0
77	39	486.0293	144.4475	0
77	40	564.3432	168.1607	0
77	41	290.1343	207.4852	0
77	42	259.5413	228.1137	0
77	43	333.1718	200.0063	0
78	1	297.7653	182.7557	0
78	2	509.7272	191.9899	0
78	3	301.23	168.5265	0
78	4	370.1371	145.2032	0
78	5	146.7757	267.6546	0
78	6	374.8337	239.7663	0
78	7	283.7641	224.9912	0
78	8	271.8647	275.9379	0
78	9	529.9722	187.8336	0
78	10	197.6846	242.5987	0
78	11	572.8704	119.3675	0
78	12	516.3659	121.7809	0
78	13	334.6584	145.5112	0
78	14	482.7814	179.943	0
78	15	520.4886	151.8979	0
78	16	377.8744	195.2208	0
78	17	455.5126	164.6253	0
78	18	501.9752	155.0142	0
78	19	221.9896	263.1378	0
78	20	326.5842	247.0276	0
78	21	36.7444	263.7139	0
78	22	84.25276	285.3117	0
78	23	367.2584	180.8994	0
78	24	518.7404	140.4576	0
78	25	244.7238	280.0121	0
78	26	458.8761	203.5137	0
78	27	490.9682	221.4588	0
78	28	72.24683	214.775	0
78	29	511.1642	110.8382	0
78	30	480.1035	114.6389	0
78	31	174.888	298.3297	0
78	32	561.9297	93.42911	0
78	33	553.3047	135.2144	0
78	34	263.0797	173.8393	0
78	35	47.75899	349.2593	0
78	36	249.1186	213.1197	0
78	37	328.7013	180.2989	0
78	38	200.2584	323.8756	0
78	39	486.0293	144.4475	0
78	40	564.3432	168.1607	0
78	41	290.1343	207.4852	0
78	42	259.5413	228.1137	0
78	43	333.1718	200.0063	0
79	1	297.7653	182.7557	0
79	2	509.7272	191.9899	0
79	3	301.23	168.5265	0
79	4	370.1371	145.2032	0
79	5	146.7757	267.6546	0
79	6	374.8337	239.7663	0
79	7	283.7641	224.9912	0
79	8	271.8647	275.9379	0
79	9	529.9722	187.8336	0
79	10	197.6846	242.5987	0
79	11	572.8704	119.3675	0
79	12	516.3659	121.7809	0
79	13	334.6584	145.5112	0
79	14	482.7814	179.943	0
79	15	520.4886	151.8979	0
79	16	377.8744	195.2208	0
79	17	455.5126	164.6253	0
79	18	501.9752	155.0142	0
79	19	221.9896	263.1378	0
79	20	326.5842	247.0276	0
79	21	36.7444	263.7139	0
79	22	84.25276	285.3117	0
79	23	367.2584	180.8994	0
79	24	518.7404	140.4576	0
79	25	244.7238	280.0121	0
79	26	458.8761	203.5137	0
79	27	490.9682	221.4588	0
79	28	72.24683	214.775	0
79	29	511.1642	110.8382	0
79	30	480.1035	114.6389	0
79	31	174.888	298.3297	0
79	32	561.9297	93.42911	0
79	33	553.3047	135.2144	0
79	34	263.0797	173.8393	0
79	35	47.75899	349.2593	0
79	36	249.1186	213.1197	0
79	37	328.7013	180.2989	0
79	38	200.2584	323.8756	0
79	39	486.0293	144.4475	0
79	40	564.3432	168.1607	0
79	41	290.1343	207.4852	0
79	42	259.5413	228.1137	0
79	43	333.1718	200.0063	0
80	1	297.7653	182.7557	0
80	2	509.7272	191.9899	0
80	3	301.23	168.5265	0
80	4	370.1371	145.2032	0
80	5	146.7757	267.6546	0
80	6	374.8337	239.7663	0
80	7	283.7641	224.9912	0
80	8	271.8647	275.9379	0
80	9	529.9722	187.8336	0
80	10	197.6846	242.5987	0
80	11	572.8704	119.3675	0
80	12	516.3659	121.7809	0
80	13	334.6584	145.5112	0
80	14	482.7814	179.943	0
80	15	520.4886	151.8979	0
80	16	377.8744	195.2208	0
80	17	455.5126	164.6253	0
80	18	501.9752	155.0142	0
80	19	221.9896	263.1378	0
80	20	326.5842	247.0276	0
80	21	36.7444	263.7139	0
80	22	84.25276	285.3117	0
80	23	367.2584	180.8994	0
80	24	518.7404	140.4576	0
80	25	244.7238	280.0121	0
80	26	458.8761	203.5137	0
80	27	490.9682	221.4588	0
80	28	72.24683	214.775	0
80	29	511.1642	110.8382	0
80	30	480.1035	114.6389	0
80	31	174.888	298.3297	0
80	32	561.9297	93.42911	0
80	33	553.3047	135.2144	0
80	34	263.0797	173.8393	0
80	35	47.75899	349.2593	0
80	36	249.1186	213.1197	0
80	37	328.7013	180.2989	0
80	38	200.2584	323.8756	0
80	39	486.0293	144.4475	0
80	40	564.3432	168.1607	0
80	41	290.1343	207.4852	0
80	42	259.5413	228.1137	0
80	43	333.1718	200.0063	0
81	1	297.7653	182.7557	0
81	2	509.7272	191.9899	0
81	3	301.23	168.5265	0
81	4	370.1371	145.2032	0
81	5	146.7757	267.6546	0
81	6	374.8337	239.7663	0
81	7	283.7641	224.9912	0
81	8	271.8647	275.9379	0
81	9	529.9722	187.8336	0
81	10	197.6846	242.5987	0
81	11	572.8704	119.3675	0
81	12	516.3659	121.7809	0
81	13	334.6584	145.5112	0
81	14	482.7814	179.943	0
81	15	520.4886	151.8979	0
81	16	377.8744	195.2208	0
81	17	455.5126	164.6253	0
81	18	501.9752	155.0142	0
81	19	221.9896	263.1378	0
81	20	326.5842	247.0276	0
81	21	36.7444	263.7139	0
81	22	84.25276	285.3117	0
81	23	367.2584	180.8994	0
81	24	518.7404	140.4576	0
81	25	244.7238	280.0121	0
81	26	458.8761	203.5137	0
81	27	490.9682	221.4588	0
81	28	72.24683	214.775	0
81	29	511.1642	110.8382	0
81	30	480.1035	114.6389	0
81	31	174.888	298.3297	0
81	32	561.9297	93.42911	0
81	33	553.3047	135.2144	0
81	34	263.0797	173.8393	0
81	35	47.75899	349.2593	0
81	36	249.1186	213.1197	0
81	37	328.7013	180.2989	0
81	38	200.2584	323.8756	0
81	39	486.0293	144.4475	0
81	40	564.3432	168.1607	0
81	41	290.1343	207.4852	0
81	42	259.5413	228.1137	0
81	43	333.1718	200.0063	0
82	1	297.7653	182.7557	0
82	2	509.7272	191.9899	0
82	3	301.23	168.5265	0
82	4	370.1371	145.2032	0
82	5	146.7757	267.6546	0
82	6	374.8337	239.7663	0
82	7	283.7641	224.9912	0
82	8	271.8647	275.9379	0
82	9	529.9722	187.8336	0
82	10	197.6846	242.5987	0
82	11	572.8704	119.3675	0
82	12	516.3659	121.7809	0
82	13	334.6584	145.5112	0
82	14	482.7814	179.943	0
82	15	520.4886	151.8979	0
82	16	377.8744	195.2208	0
82	17	455.5126	164.6253	0
82	18	501.9752	155.0142	0
82	19	221.9896	263.1378	0
82	20	326.5842	247.0276	0
82	21	36.7444	263.7139	0
82	22	84.25276	285.3117	0
82	23	367.2584	180.8994	0
82	24	518.7404	140.4576	0
82	25	244.7238	280.0121	0
82	26	458.8761	203.5137	0
82	27	490.9682	221.4588	0
82	28	72.24683	214.775	0
82	29	511.1642	110.8382	0
82	30	480.1035	114.6389	0
82	31	174.888	298.3297	0
82	32	561.9297	93.42911	0
82	33	553.3047	135.2144	0
82	34	263.0797	173.8393	0
82	35	47.75899	349.2593	0
82	36	249.1186	213.1197	0
82	37	328.7013	180.2989	0
82	38	200.2584	323.8756	0
82	39	486.0293	144.4475	0
82	40	564.3432	168.1607	0
82	41	290.1343	207.4852	0
82	42	259.5413	228.1137	0
82	43	333.1718	200.0063	0
83	1	297.7653	182.7557	0
83	2	509.7272	191.9899	0
83	3	301.23	168.5265	0
83	4	370.1371	145.2032	0
83	5	146.7757	267.6546	0
83	6	374.8337	239.7663	0
83	7	283.7641	224.9912	0
83	8	271.8647	275.9379	0
83	9	529.9722	187.8336	0
83	10	197.6846	242.5987	0
83	11	572.8704	119.3675	0
83	12	516.3659	121.7809	0
83	13	334.6584	145.5112	0
83	14	482.7814	179.943	0
83	15	520.4886	151.8979	0
83	16	377.8744	195.2208	0
83	17	455.5126	164.6253	0
83	18	501.9752	155.0142	0
83	19	221.9896	263.1378	0
83	20	326.5842	247.0276	0
83	21	36.7444	263.7139	0
83	22	84.25276	285.3117	0
83	23	367.2584	180.8994	0
83	24	518.7404	140.4576	0
83	25	244.7238	280.0121	0
83	26	458.8761	203.5137	0
83	27	490.9682	221.4588	0
83	28	72.24683	214.775	0
83	29	511.1642	110.8382	0
83	30	480.1035	114.6389	0
83	31	174.888	298.3297	0
83	32	561.9297	93.42911	0
83	33	553.3047	135.2144	0
83	34	263.0797	173.8393	0
83	35	47.75899	349.2593	0
83	36	249.1186	213.1197	0
83	37	328.7013	180.2989	0
83	38	200.2584	323.8756	0
83	39	486.0293	144.4475	0
83	40	564.3432	168.1607	0
83	41	290.1343	207.4852	0
83	42	259.5413	228.1137	0
83	43	333.1718	200.0063	0
84	1	297.7653	182.7557	0
84	2	509.7272	191.9899	0
84	3	301.23	168.5265	0
84	4	370.1371	145.2032	0
84	5	146.7757	267.6546	0
84	6	374.8337	239.7663	0
84	7	283.7641	224.9912	0
84	8	271.8647	275.9379	0
84	9	529.9722	187.8336	0
84	10	197.6846	242.5987	0
84	11	572.8704	119.3675	0
84	12	516.3659	121.7809	0
84	13	334.6584	145.5112	0
84	14	482.7814	179.943	0
84	15	520.4886	151.8979	0
84	16	377.8744	195.2208	0
84	17	455.5126	164.6253	0
84	18	501.9752	155.0142	0
84	19	221.9896	263.1378	0
84	20	326.5842	247.0276	0
84	21	36.7444	263.7139	0
84	22	84.25276	285.3117	0
84	23	367.2584	180.8994	0
84	24	518.7404	140.4576	0
84	25	244.7238	280.0121	0
84	26	458.8761	203.5137	0
84	27	490.9682	221.4588	0
84	28	72.24683	214.775	0
84	29	511.1642	110.8382	0
84	30	480.1035	114.6389	0
84	31	174.888	298.3297	0
84	32	561.9297	93.42911	0
84	33	553.3047	135.2144	0
84	34	263.0797	173.8393	0
84	35	47.75899	349.2593	0
84	36	249.1186	213.1197	0
84	37	328.7013	180.2989	0
84	38	200.2584	323.8756	0
84	39	486.0293	144.4475	0
84	40	564.3432	168.1607	0
84	41	290.1343	207.4852	0
84	42	259.5413	228.1137	0
84	43	333.1718	200.0063	0
85	1	297.7653	182.7557	0
85	2	509.7272	191.9899	0
85	3	301.23	168.5265	0
85	4	370.1371	145.2032	0
85	5	146.7757	267.6546	0
85	6	374.8337	239.7663	0
85	7	283.7641	224.9912	0
85	8	271.8647	275.9379	0
85	9	529.9722	187.8336	0
85	10	197.6846	242.5987	0
85	11	572.8704	119.3675	0
85	12	516.3659	121.7809	0
85	13	334.6584	145.5112	0
85	14	482.7814	179.943	0
85	15	520.4886	151.8979	0
85	16	377.8744	195.2208	0
85	17	455.5126	164.6253	0
85	18	501.9752	155.0142	0
85	19	221.9896	263.1378	0
85	20	326.5842	247.0276	0
85	21	36.7444	263.7139	0
85	22	84.25276	285.3117	0
85	23	367.2584	180.8994	0
85	24	518.7404	140.4576	0
85	25	244.7238	280.0121	0
85	26	458.8761	203.5137	0
85	27	490.9682	221.4588	0
85	28	72.24683	214.775	0
85	29	511.1642	110.8382	0
85	30	480.1035	114.6389	0
85	31	174.888	298.3297	0
85	32	561.9297	93.42911	0
85	33	553.3047	135.2144	0
85	34	263.0797	173.8393	0
85	35	47.75899	349.2593	0
85	36	249.1186	213.1197	0
85	37	328.7013	180.2989	0
85	38	200.2584	323.8756	0
85	39	486.0293	144.4475	0
85	40	564.3432	168.1607	0
85	41	290.1343	207.4852	0
85	42	259.5413	228.1137	0
85	43	333.1718	200.0063	0
86	1	297.7653	182.7557	0
86	2	509.7272	191.9899	0
86	3	301.23	168.5265	0
86	4	370.1371	145.2032	0
86	5	146.7757	267.6546	0
86	6	374.8337	239.7663	0
86	7	283.7641	224.9912	0
86	8	271.8647	275.9379	0
86	9	529.9722	187.8336	0
86	10	197.6846	242.5987	0
86	11	572.8704	119.3675	0
86	12	516.3659	121.7809	0
86	13	334.6584	145.5112	0
86	14	482.7814	179.943	0
86	15	520.4886	151.8979	0
86	16	377.8744	195.2208	0
86	17	455.5126	164.6253	0
86	18	501.9752	155.0142	0
86	19	221.9896	263.1378	0
86	20	326.5842	247.0276	0
86	21	36.7444	263.7139	0
86	22	84.25276	285.3117	0
86	23	367.2584	180.8994	0
86	24	518.7404	140.4576	0
86	25	244.7238	280.0121	0
86	26	458.8761	203.5137	0
86	27	490.9682	221.4588	0
86	28	72.24683	214.775	0
86	29	511.1642	110.8382	0
86	30	480.1035	114.6389	0
86	31	174.888	298.3297	0
86	32	561.9297	93.42911	0
86	33	553.3047	135.2144	0
86	34	263.0797	173.8393	0
86	35	47.75899	349.2593	0
86	36	249.1186	213.1197	0
86	37	328.7013	180.2989	0
86	38	200.2584	323.8756	0
86	39	486.0293	144.4475	0
86	40	564.3432	168.1607	0
86	41	290.1343	207.4852	0
86	42	259.5413	228.1137	0
86	43	333.1718	200.0063	0
87	1	297.7653	182.7557	0
87	2	509.7272	191.9899	0
87	3	301.23	168.5265	0
87	4	370.1371	145.2032	0
87	5	146.7757	267.6546	0
87	6	374.8337	239.7663	0
87	7	283.7641	224.9912	0
87	8	271.8647	275.9379	0
87	9	529.9722	187.8336	0
87	10	197.6846	242.5987	0
87	11	572.8704	119.3675	0
87	12	516.3659	121.7809	0
87	13	334.6584	145.5112	0
87	14	482.7814	179.943	0
87	15	520.4886	151.8979	0
87	16	377.8744	195.2208	0
87	17	455.5126	164.6253	0
87	18	501.9752	155.0142	0
87	19	221.9896	263.1378	0
87	20	326.5842	247.0276	0
87	21	36.7444	263.7139	0
87	22	84.25276	285.3117	0
87	23	367.2584	180.8994	0
87	24	518.7404	140.4576	0
87	25	244.7238	280.0121	0
87	26	458.8761	203.5137	0
87	27	490.9682	221.4588	0
87	28	72.24683	214.775	0
87	29	511.1642	110.8382	0
87	30	480.1035	114.6389	0
87	31	174.888	298.3297	0
87	32	561.9297	93.42911	0
87	33	553.3047	135.2144	0
87	34	263.0797	173.8393	0
87	35	47.75899	349.2593	0
87	36	249.1186	213.1197	0
87	37	328.7013	180.2989	0
87	38	200.2584	323.8756	0
87	39	486.0293	144.4475	0
87	40	564.3432	168.1607	0
87	41	290.1343	207.4852	0
87	42	259.5413	228.1137	0
87	43	333.1718	200.0063	0
88	1	297.7653	182.7557	0
88	2	509.7272	191.9899	0
88	3	301.23	168.5265	0
88	4	370.1371	145.2032	0
88	5	146.7757	267.6546	0
88	6	374.8337	239.7663	0
88	7	283.7641	224.9912	0
88	8	271.8647	275.9379	0
88	9	529.9722	187.8336	0
88	10	197.6846	242.5987	0
88	11	572.8704	119.3675	0
88	12	516.3659	121.7809	0
88	13	334.6584	145.5112	0
88	14	482.7814	179.943	0
88	15	520.4886	151.8979	0
88	16	377.8744	195.2208	0
88	17	455.5126	164.6253	0
88	18	501.9752	155.0142	0
88	19	221.9896	263.1378	0
88	20	326.5842	247.0276	0
88	21	36.7444	263.7139	0
88	22	84.25276	285.3117	0
88	23	367.2584	180.8994	0
88	24	518.7404	140.4576	0
88	25	244.7238	280.0121	0
88	26	458.8761	203.5137	0
88	27	490.9682	221.4588	0
88	28	72.24683	214.775	0
88	29	511.1642	110.8382	0
88	30	480.1035	114.6389	0
88	31	174.888	298.3297	0
88	32	561.9297	93.42911	0
88	33	553.3047	135.2144	0
88	34	263.0797	173.8393	0
88	35	47.75899	349.2593	0
88	36	249.1186	213.1197	0
88	37	328.7013	180.2989	0
88	38	200.2584	323.8756	0
88	39	486.0293	144.4475	0
88	40	564.3432	168.1607	0
88	41	290.1343	207.4852	0
88	42	259.5413	228.1137	0
88	43	333.1718	200.0063	0
89	1	297.7653	182.7557	0
89	2	509.7272	191.9899	0
89	3	301.23	168.5265	0
89	4	370.1371	145.2032	0
89	5	146.7757	267.6546	0
89	6	374.8337	239.7663	0
89	7	283.7641	224.9912	0
89	8	271.8647	275.9379	0
89	9	529.9722	187.8336	0
89	10	197.6846	242.5987	0
89	11	572.8704	119.3675	0
89	12	516.3659	121.7809	0
89	13	334.6584	145.5112	0
89	14	482.7814	179.943	0
89	15	520.4886	151.8979	0
89	16	377.8744	195.2208	0
89	17	455.5126	164.6253	0
89	18	501.9752	155.0142	0
89	19	221.9896	263.1378	0
89	20	326.5842	247.0276	0
89	21	36.7444	263.7139	0
89	22	84.25276	285.3117	0
89	23	367.2584	180.8994	0
89	24	518.7404	140.4576	0
89	25	244.7238	280.0121	0
89	26	458.8761	203.5137	0
89	27	490.9682	221.4588	0
89	28	72.24683	214.775	0
89	29	511.1642	110.8382	0
89	30	480.1035	114.6389	0
89	31	174.888	298.3297	0
89	32	561.9297	93.42911	0
89	33	553.3047	135.2144	0
89	34	263.0797	173.8393	0
89	35	47.75899	349.2593	0
89	36	249.1186	213.1197	0
89	37	328.7013	180.2989	0
89	38	200.2584	323.8756	0
89	39	486.0293	144.4475	0
89	40	564.3432	168.1607	0
89	41	290.1343	207.4852	0
89	42	259.5413	228.1137	0
89	43	333.1718	200.0063	0
90	1	297.7653	182.7557	0
90	2	509.7272	191.9899	0
90	3	301.23	168.5265	0
90	4	370.1371	145.2032	0
90	5	146.7757	267.6546	0
90	6	374.8337	239.7663	0
90	7	283.7641	224.9912	0
90	8	271.8647	275.9379	0
90	9	529.9722	187.8336	0
90	10	197.6846	242.5987	0
90	11	572.8704	119.3675	0
90	12	516.3659	121.7809	0
90	13	334.6584	145.5112	0
90	14	482.7814	179.943	0
90	15	520.4886	151.8979	0
90	16	377.8744	195.2208	0
90	17	455.5126	164.6253	0
90	18	501.9752	155.0142	0
90	19	221.9896	263.1378	0
90	20	326.5842	247.0276	0
90	21	36.7444	263.7139	0
90	22	84.25276	285.3117	0
90	23	367.2584	180.8994	0
90	24	518.7404	140.4576	0
90	25	244.7238	280.0121	0
90	26	458.8761	203.5137	0
90	27	490.9682	221.4588	0
90	28	72.24683	214.775	0
90	29	511.1642	110.8382	0
90	30	480.1035	114.6389	0
90	31	174.888	298.3297	0
90	32	561.9297	93.42911	0
90	33	553.3047	135.2144	0
90	34	263.0797	173.8393	0
90	35	47.75899	349.2593	0
90	36	249.1186	213.1197	0
90	37	328.7013	180.2989	0
90	38	200.2584	323.8756	0
90	39	486.0293	144.4475	0
90	40	564.3432	168.1607	0
90	41	290.1343	207.4852	0
90	42	259.5413	228.1137	0
90	43	333.1718	200.0063	0
91	1	297.7653	182.7557	0
91	2	509.7272	191.9899	0
91	3	301.23	168.5265	0
91	4	370.1371	145.2032	0
91	5	146.7757	267.6546	0
91	6	374.8337	239.7663	0
91	7	283.7641	224.9912	0
91	8	271.8647	275.9379	0
91	9	529.9722	187.8336	0
91	10	197.6846	242.5987	0
91	11	572.8704	119.3675	0
91	12	516.3659	121.7809	0
91	13	334.6584	145.5112	0
91	14	482.7814	179.943	0
91	15	520.4886	151.8979	0
91	16	377.8744	195.2208	0
91	17	455.5126	164.6253	0
91	18	501.9752	155.0142	0
91	19	221.9896	263.1378	0
91	20	326.5842	247.0276	0
91	21	36.7444	263.7139	0
91	22	84.25276	285.3117	0
91	23	367.2584	180.8994	0
91	24	518.7404	140.4576	0
91	25	244.7238	280.0121	0
91	26	458.8761	203.5137	0
91	27	490.9682	221.4588	0
91	28	72.24683	214.775	0
91	29	511.1642	110.8382	0
91	30	480.1035	114.6389	0
91	31	174.888	298.3297	0
91	32	561.9297	93.42911	0
91	33	553.3047	135.2144	0
91	34	263.0797	173.8393	0
91	35	47.75899	349.2593	0
91	36	249.1186	213.1197	0
91	37	328.7013	180.2989	0
91	38	200.2584	323.8756	0
91	39	486.0293	144.4475	0
91	40	564.3432	168.1607	0
91	41	290.1343	207.4852	0
91	42	259.5413	228.1137	0
91	43	333.1718	200.0063	0
92	1	297.7653	182.7557	0
92	2	509.7272	191.9899	0
92	3	301.23	168.5265	0
92	4	370.1371	145.2032	0
92	5	146.7757	267.6546	0
92	6	374.8337	239.7663	0
92	7	283.7641	224.9912	0
92	8	271.8647	275.9379	0
92	9	529.9722	187.8336	0
92	10	197.6846	242.5987	0
92	11	572.8704	119.3675	0
92	12	516.3659	121.7809	0
92	13	334.6584	145.5112	0
92	14	482.7814	179.943	0
92	15	520.4886	151.8979	0
92	16	377.8744	195.2208	0
92	17	455.5126	164.6253	0
92	18	501.9752	155.0142	0
92	19	221.9896	263.1378	0
92	20	326.5842	247.0276	0
92	21	36.7444	263.7139	0
92	22	84.25276	285.3117	0
92	23	367.2584	180.8994	0
92	24	518.7404	140.4576	0
92	25	244.7238	280.0121	0
92	26	458.8761	203.5137	0
92	27	490.9682	221.4588	0
92	28	72.24683	214.775	0
92	29	511.1642	110.8382	0
92	30	480.1035	114.6389	0
92	31	174.888	298.3297	0
92	32	561.9297	93.42911	0
92	33	553.3047	135.2144	0
92	34	263.0797	173.8393	0
92	35	47.75899	349.2593	0
92	36	249.1186	213.1197	0
92	37	328.7013	180.2989	0
92	38	200.2584	323.8756	0
92	39	486.0293	144.4475	0
92	40	564.3432	168.1607	0
92	41	290.1343	207.4852	0
92	42	259.5413	228.1137	0
92	43	333.1718	200.0063	0
93	1	297.7653	182.7557	0
93	2	509.7272	191.9899	0
93	3	301.23	168.5265	0
93	4	370.1371	145.2032	0
93	5	146.7757	267.6546	0
93	6	374.8337	239.7663	0
93	7	283.7641	224.9912	0
93	8	271.8647	275.9379	0
93	9	529.9722	187.8336	0
93	10	197.6846	242.5987	0
93	11	572.8704	119.3675	0
93	12	516.3659	121.7809	0
93	13	334.6584	145.5112	0
93	14	482.7814	179.943	0
93	15	520.4886	151.8979	0
93	16	377.8744	195.2208	0
93	17	455.5126	164.6253	0
93	18	501.9752	155.0142	0
93	19	221.9896	263.1378	0
93	20	326.5842	247.0276	0
93	21	36.7444	263.7139	0
93	22	84.25276	285.3117	0
93	23	367.2584	180.8994	0
93	24	518.7404	140.4576	0
93	25	244.7238	280.0121	0
93	26	458.8761	203.5137	0
93	27	490.9682	221.4588	0
93	28	72.24683	214.775	0
93	29	511.1642	110.8382	0
93	30	480.1035	114.6389	0
93	31	174.888	298.3297	0
93	32	561.9297	93.42911	0
93	33	553.3047	135.2144	0
93	34	263.0797	173.8393	0
93	35	47.75899	349.2593	0
93	36	249.1186	213.1197	0
93	37	328.7013	180.2989	0
93	38	200.2584	323.8756	0
93	39	486.0293	144.4475	0
93	40	564.3432	168.1607	0
93	41	290.1343	207.4852	0
93	42	259.5413	228.1137	0
93	43	333.1718	200.0063	0
94	1	297.7653	182.7557	0
94	2	509.7272	191.9899	0
94	3	301.23	168.5265	0
94	4	370.1371	145.2032	0
94	5	146.7757	267.6546	0
94	6	374.8337	239.7663	0
94	7	283.7641	224.9912	0
94	8	271.8647	275.9379	0
94	9	529.9722	187.8336	0
94	10	197.6846	242.5987	0
94	11	572.8704	119.3675	0
94	12	516.3659	121.7809	0
94	13	334.6584	145.5112	0
94	14	482.7814	179.943	0
94	15	520.4886	151.8979	0
94	16	377.8744	195.2208	0
94	17	455.5126	164.6253	0
94	18	501.9752	155.0142	0
94	19	221.9896	263.1378	0
94	20	326.5842	247.0276	0
94	21	36.7444	263.7139	0
94	22	84.25276	285.3117	0
94	23	367.2584	180.8994	0
94	24	518.7404	140.4576	0
94	25	244.7238	280.0121	0
94	26	458.8761	203.5137	0
94	27	490.9682	221.4588	0
94	28	72.24683	214.775	0
94	29	511.1642	110.8382	0
94	30	480.1035	114.6389	0
94	31	174.888	298.3297	0
94	32	561.9297	93.42911	0
94	33	553.3047	135.2144	0
94	34	263.0797	173.8393	0
94	35	47.75899	349.2593	0
94	36	249.1186	213.1197	0
94	37	328.7013	180.2989	0
94	38	200.2584	323.8756	0
94	39	486.0293	144.4475	0
94	40	564.3432	168.1607	0
94	41	290.1343	207.4852	0
94	42	259.5413	228.1137	0
94	43	333.1718	200.0063	0
95	1	297.7653	182.7557	0
95	2	509.7272	191.9899	0
95	3	301.23	168.5265	0
95	4	370.1371	145.2032	0
95	5	146.7757	267.6546	0
95	6	374.8337	239.7663	0
95	7	283.7641	224.9912	0
95	8	271.8647	275.9379	0
95	9	529.9722	187.8336	0
95	10	197.6846	242.5987	0
95	11	572.8704	119.3675	0
95	12	516.3659	121.7809	0
95	13	334.6584	145.5112	0
95	14	482.7814	179.943	0
95	15	520.4886	151.8979	0
95	16	377.8744	195.2208	0
95	17	455.5126	164.6253	0
95	18	501.9752	155.0142	0
95	19	221.9896	263.1378	0
95	20	326.5842	247.0276	0
95	21	36.7444	263.7139	0
95	22	84.25276	285.3117	0
95	23	367.2584	180.8994	0
95	24	518.7404	140.4576	0
95	25	244.7238	280.0121	0
95	26	458.8761	203.5137	0
95	27	490.9682	221.4588	0
95	28	72.24683	214.775	0
95	29	511.1642	110.8382	0
95	30	480.1035	114.6389	0
95	31	174.888	298.3297	0
95	32	561.9297	93.42911	0
95	33	553.3047	135.2144	0
95	34	263.0797	173.8393	0
95	35	47.75899	349.2593	0
95	36	249.1186	213.1197	0
95	37	328.7013	180.2989	0
95	38	200.2584	323.8756	0
95	39	486.0293	144.4475	0
95	40	564.3432	168.1607	0
95	41	290.1343	207.4852	0
95	42	259.5413	228.1137	0
95	43	333.1718	200.0063	0
96	1	297.7653	182.7557	0
96	2	509.7272	191.9899	0
96	3	301.23	168.5265	0
96	4	370.1371	145.2032	0
96	5	146.7757	267.6546	0
96	6	374.8337	239.7663	0
96	7	283.7641	224.9912	0
96	8	271.8647	275.9379	0
96	9	529.9722	187.8336	0
96	10	197.6846	242.5987	0
96	11	572.8704	119.3675	0
96	12	516.3659	121.7809	0
96	13	334.6584	145.5112	0
96	14	482.7814	179.943	0
96	15	520.4886	151.8979	0
96	16	377.8744	195.2208	0
96	17	455.5126	164.6253	0
96	18	501.9752	155.0142	0
96	19	221.9896	263.1378	0
96	20	326.5842	247.0276	0
96	21	36.7444	263.7139	0
96	22	84.25276	285.3117	0
96	23	367.2584	180.8994	0
96	24	518.7404	140.4576	0
96	25	244.7238	280.0121	0
96	26	458.8761	203.5137	0
96	27	490.9682	221.4588	0
96	28	72.24683	214.775	0
96	29	511.1642	110.8382	0
96	30	480.1035	114.6389	0
96	31	174.888	298.3297	0
96	32	561.9297	93.42911	0
96	33	553.3047	135.2144	0
96	34	263.0797	173.8393	0
96	35	47.75899	349.2593	0
96	36	249.1186	213.1197	0
96	37	328.7013	180.2989	0
96	38	200.2584	323.8756	0
96	39	486.0293	144.4475	0
96	40	564.3432	168.1607	0
96	41	290.1343	207.4852	0
96	42	259.5413	228.1137	0
96	43	333.1718	200.0063	0
97	1	297.7653	182.7557	0
97	2	509.7272	191.9899	0
97	3	301.23	168.5265	0
97	4	370.1371	145.2032	0
97	5	146.7757	267.6546	0
97	6	374.8337	239.7663	0
97	7	283.7641	224.9912	0
97	8	271.8647	275.9379	0
97	9	529.9722	187.8336	0
97	10	197.6846	242.5987	0
97	11	572.8704	119.3675	0
97	12	516.3659	121.7809	0
97	13	334.6584	145.5112	0
97	14	482.7814	179.943	0
97	15	520.4886	151.8979	0
97	16	377.8744	195.2208	0
97	17	455.5126	164.6253	0
97	18	501.9752	155.0142	0
97	19	221.9896	263.1378	0
97	20	326.5842	247.0276	0
97	21	36.7444	263.7139	0
97	22	84.25276	285.3117	0
97	23	367.2584	180.8994	0
97	24	518.7404	140.4576	0
97	25	244.7238	280.0121	0
97	26	458.8761	203.5137	0
97	27	490.9682	221.4588	0
97	28	72.24683	214.775	0
97	29	511.1642	110.8382	0
97	30	480.1035	114.6389	0
97	31	174.888	298.3297	0
97	32	561.9297	93.42911	0
97	33	553.3047	135.2144	0
97	34	263.0797	173.8393	0
97	35	47.75899	349.2593	0
97	36	249.1186	213.1197	0
97	37	328.7013	180.2989	0
97	38	200.2584	323.8756	0
97	39	486.0293	144.4475	0
97	40	564.3432	168.1607	0
97	41	290.1343	207.4852	0
97	42	259.5413	228.1137	0
97	43	333.1718	200.0063	0
98	1	297.7653	182.7557	0
98	2	509.7272	191.9899	0
98	3	301.23	168.5265	0
98	4	370.1371	145.2032	0
98	5	146.7757	267.6546	0
98	6	374.8337	239.7663	0
98	7	283.7641	224.9912	0
98	8	271.8647	275.9379	0
98	9	529.9722	187.8336	0
98	10	197.6846	242.5987	0
98	11	572.8704	119.3675	0
98	12	516.3659	121.7809	0
98	13	334.6584	145.5112	0
98	14	482.7814	179.943	0
98	15	520.4886	151.8979	0
98	16	377.8744	195.2208	0
98	17	455.5126	164.6253	0
98	18	501.9752	155.0142	0
98	19	221.9896	263.1378	0
98	20	326.5842	247.0276	0
98	21	36.7444	263.7139	0
98	22	84.25276	285.3117	0
98	23	367.2584	180.8994	0
98	24	518.7404	140.4576	0
98	25	244.7238	280.0121	0
98	26	458.8761	203.5137	0
98	27	490.9682	221.4588	0
98	28	72.24683	214.775	0
98	29	511.1642	110.8382	0
98	30	480.1035	114.6389	0
98	31	174.888	298.3297	0
98	32	561.9297	93.42911	0
98	33	553.3047	135.2144	0
98	34	263.0797	173.8393	0
98	35	47.75899	349.2593	0
98	36	249.1186	213.1197	0
98	37	328.7013	180.2989	0
98	38	200.2584	323.8756	0
98	39	486.0293	144.4475	0
98	40	564.3432	168.1607	0
98	41	290.1343	207.4852	0
98	42	259.5413	228.1137	0
98	43	333.1718	200.0063	0
99	1	297.7653	182.7557	0
99	2	509.7272	191.9899	0
99	3	301.23	168.5265	0
99	4	370.1371	145.2032	0
99	5	146.7757	267.6546	0
99	6	374.8337	239.7663	0
99	7	283.7641	224.9912	0
99	8	271.8647	275.9379	0
99	9	529.9722	187.8336	0
99	10	197.6846	242.5987	0
99	11	572.8704	119.3675	0
99	12	516.3659	121.7809	0
99	13	334.6584	145.5112	0
99	14	482.7814	179.943	0
99	15	520.4886	151.8979	0
99	16	377.8744	195.2208	0
99	17	455.5126	164.6253	0
99	18	501.9752	155.0142	0
99	19	221.9896	263.1378	0
99	20	326.5842	247.0276	0
99	21	36.7444	263.7139	0
99	22	84.25276	285.3117	0
99	23	367.2584	180.8994	0
99	24	518.7404	140.4576	0
99	25	244.7238	280.0121	0
99	26	458.8761	203.5137	0
99	27	490.9682	221.4588	0
99	28	72.24683	214.775	0
99	29	511.1642	110.8382	0
99	30	480.1035	114.6389	0
99	31	174.888	298.3297	0
99	32	561.9297	93.42911	0
99	33	553.3047	135.2144	0
99	34	263.0797	173.8393	0
99	35	47.75899	349.2593	0
99	36	249.1186	213.1197	0
99	37	328.7013	180.2989	0
99	38	200.2584	323.8756	0
99	39	486.0293	144.4475	0
99	40	564.3432	168.1607	0
99	41	290.1343	207.4852	0
99	42	259.5413	228.1137	0
99	43	333.1718	200.0063	0
100	1	297.7653	182.7557	0
100	2	509.7272	191.9899	0
100	3	301.23	168.5265	0
100	4	370.1371	145.2032	0
100	5	146.7757	267.6546	0
100	6	374.8337	239.7663	0
100	7	283.7641	224.9912	0
100	8	271.8647	275.9379	0
100	9	529.9722	187.8336	0
100	10	197.6846	242.5987	0
100	11	572.8704	119.3675	0
100	12	516.3659	121.7809	0
100	13	334.6584	145.5112	0
100	14	482.7814	179.943	0
100	15	520.4886	151.8979	0
100	16	377.8744	195.2208	0
100	17	455.5126	164.6253	0
100	18	501.9752	155.0142	0
100	19	221.9896	263.1378	0
100	20	326.5842	247.0276	0
100	21	36.7444	263.7139	0
100	22	84.25276	285.3117	0
100	23	367.2584	180.8994	0
100	24	518.7404	140.4576	0
100	25	244.7238	280.0121	0
100	26	458.8761	203.5137	0
100	27	490.9682	221.4588	0
100	28	72.24683	214.775	0
100	29	511.1642	110.8382	0
100	30	480.1035	114.6389	0
100	31	174.888	298.3297	0
100	32	561.9297	93.42911	0
100	33	553.3047	135.2144	0
100	34	263.0797	173.8393	0
100	35	47.75899	349.2593	0
100	36	249.1186	213.1197	0
100	37	328.7013	180.2989	0
100	38	200.2584	323.8756	0
100	39	486.0293	144.4475	0
100	40	564.3432	168.1607	0
100	41	290.1343	207.4852	0
100	42	259.5413	228.1137	0
100	43	333.1718	200.0063	0
101	1	297.7653	182.7557	0
101	2	509.7272	191.9899	0
101	3	301.23	168.5265	0
101	4	370.1371	145.2032	0
101	5	146.7757	267.6546	0
101	6	374.8337	239.7663	0
101	7	283.7641	224.9912	0
101	8	271.8647	275.9379	0
101	9	529.9722	187.8336	0
101	10	197.6846	242.5987	0
101	11	572.8704	119.3675	0
101	12	516.3659	121.7809	0
101	13	334.6584	145.5112	0
101	14	482.7814	179.943	0
101	15	520.4886	151.8979	0
101	16	377.8744	195.2208	0
101	17	455.5126	164.6253	0
101	18	501.9752	155.0142	0
101	19	221.9896	263.1378	0
101	20	326.5842	247.0276	0
101	21	36.7444	263.7139	0
101	22	84.25276	285.3117	0
101	23	367.2584	180.8994	0
101	24	518.7404	140.4576	0
101	25	244.7238	280.0121	0
101	26	458.8761	203.5137	0
101	27	490.9682	221.4588	0
101	28	72.24683	214.775	0
101	29	511.1642	110.8382	0
101	30	480.1035	114.6389	0
101	31	174.888	298.3297	0
101	32	561.9297	93.42911	0
101	33	553.3047	135.2144	0
101	34	263.0797	173.8393	0
101	35	47.75899	349.2593	0
101	36	249.1186	213.1197	0
101	37	328.7013	180.2989	0
101	38	200.2584	323.8756	0
101	39	486.0293	144.4475	0
101	40	564.3432	168.1607	0
101	41	290.1343	207.4852	0
101	42	259.5413	228.1137	0
101	43	333.1718	200.0063	0
102	1	297.7653	182.7557	0
102	2	509.7272	191.9899	0
102	3	301.23	168.5265	0
102	4	370.1371	145.2032	0
102	5	146.7757	267.6546	0
102	6	374.8337	239.7663	0
102	7	283.7641	224.9912	0
102	8	271.8647	275.9379	0
102	9	529.9722	187.8336	0
102	10	197.6846	242.5987	0
102	11	572.8704	119.3675	0
102	12	516.3659	121.7809	0
102	13	334.6584	145.5112	0
102	14	482.7814	179.943	0
102	15	520.4886	151.8979	0
102	16	377.8744	195.2208	0
102	17	455.5126	164.6253	0
102	18	501.9752	155.0142	0
102	19	221.9896	263.1378	0
102	20	326.5842	247.0276	0
102	21	36.7444	263.7139	0
102	22	84.25276	285.3117	0
102	23	367.2584	180.8994	0
102	24	518.7404	140.4576	0
102	25	244.7238	280.0121	0
102	26	458.8761	203.5137	0
102	27	490.9682	221.4588	0
102	28	72.24683	214.775	0
102	29	511.1642	110.8382	0
102	30	480.1035	114.6389	0
102	31	174.888	298.3297	0
102	32	561.9297	93.42911	0
102	33	553.3047	135.2144	0
102	34	263.0797	173.8393	0
102	35	47.75899	349.2593	0
102	36	249.1186	213.1197	0
102	37	328.7013	180.2989	0
102	38	200.2584	323.8756	0
102	39	486.0293	144.4475	0
102	40	564.3432	168.1607	0
102	41	290.1343	207.4852	0
102	42	259.5413	228.1137	0
102	43	333.1718	200.0063	0
103	1	297.7653	182.7557	0
103	2	509.7272	191.9899	0
103	3	301.23	168.5265	0
103	4	370.1371	145.2032	0
103	5	146.7757	267.6546	0
103	6	374.8337	239.7663	0
103	7	283.7641	224.9912	0
103	8	271.8647	275.9379	0
103	9	529.9722	187.8336	0
103	10	197.6846	242.5987	0
103	11	572.8704	119.3675	0
103	12	516.3659	121.7809	0
103	13	334.6584	145.5112	0
103	14	482.7814	179.943	0
103	15	520.4886	151.8979	0
103	16	377.8744	195.2208	0
103	17	455.5126	164.6253	0
103	18	501.9752	155.0142	0
103	19	221.9896	263.1378	0
103	20	326.5842	247.0276	0
103	21	36.7444	263.7139	0
103	22	84.25276	285.3117	0
103	23	367.2584	180.8994	0
103	24	518.7404	140.4576	0
103	25	244.7238	280.0121	0
103	26	458.8761	203.5137	0
103	27	490.9682	221.4588	0
103	28	72.24683	214.775	0
103	29	511.1642	110.8382	0
103	30	480.1035	114.6389	0
103	31	174.888	298.3297	0
103	32	561.9297	93.42911	0
103	33	553.3047	135.2144	0
103	34	263.0797	173.8393	0
103	35	47.75899	349.2593	0
103	36	249.1186	213.1197	0
103	37	328.7013	180.2989	0
103	38	200.2584	323.8756	0
103	39	486.0293	144.4475	0
103	40	564.3432	168.1607	0
103	41	290.1343	207.4852	0
103	42	259.5413	228.1137	0
103	43	333.1718	200.0063	0
104	1	297.7653	182.7557	0
104	2	509.7272	191.9899	0
104	3	301.23	168.5265	0
104	4	370.1371	145.2032	0
104	5	146.7757	267.6546	0
104	6	374.8337	239.7663	0
104	7	283.7641	224.9912	0
104	8	271.8647	275.9379	0
104	9	529.9722	187.8336	0
104	10	197.6846	242.5987	0
104	11	572.8704	119.3675	0
104	12	516.3659	121.7809	0
104	13	334.6584	145.5112	0
104	14	482.7814	179.943	0
104	15	520.4886	151.8979	0
104	16	377.8744	195.2208	0
104	17	455.5126	164.6253	0
104	18	501.9752	155.0142	0
104	19	221.9896	263.1378	0
104	20	326.5842	247.0276	0
104	21	36.7444	263.7139	0
104	22	84.25276	285.3117	0
104	23	367.2584	180.8994	0
104	24	518.7404	140.4576	0
104	25	244.7238	280.0121	0
104	26	458.8761	203.5137	0
104	27	490.9682	221.4588	0
104	28	72.24683	214.775	0
104	29	511.1642	110.8382	0
104	30	480.1035	114.6389	0
104	31	174.888	298.3297	0
104	32	561.9297	93.42911	0
104	33	553.3047	135.2144	0
104	34	263.0797	173.8393	0
104	35	47.75899	349.2593	0
104	36	249.1186	213.1197	0
104	37	328.7013	180.2989	0
104	38	200.2584	323.8756	0
104	39	486.0293	144.4475	0
104	40	564.3432	168.1607	0
104	41	290.1343	207.4852	0
104	42	259.5413	228.1137	0
104	43	333.1718	200.0063	0
105	1	297.7653	182.7557	0
105	2	509.7272	191.9899	0
105	3	301.23	168.5265	0
105	4	370.1371	145.2032	0
105	5	146.7757	267.6546	0
105	6	374.8337	239.7663	0
105	7	283.7641	224.9912	0
105	8	271.8647	275.9379	0
105	9	529.9722	187.8336	0
105	10	197.6846	242.5987	0
105	11	572.8704	119.3675	0
105	12	516.3659	121.7809	0
105	13	334.6584	145.5112	0
105	14	482.7814	179.943	0
105	15	520.4886	151.8979	0
105	16	377.8744	195.2208	0
105	17	455.5126	164.6253	0
105	18	501.9752	155.0142	0
105	19	221.9896	263.1378	0
105	20	326.5842	247.0276	0
105	21	36.7444	263.7139	0
105	22	84.25276	285.3117	0
105	23	367.2584	180.8994	0
105	24	518.7404	140.4576	0
105	25	244.7238	280.0121	0
105	26	458.8761	203.5137	0
105	27	490.9682	221.4588	0
105	28	72.24683	214.775	0
105	29	511.1642	110.8382	0
105	30	480.1035	114.6389	0
105	31	174.888	298.3297	0
105	32	561.9297	93.42911	0
105	33	553.3047	135.2144	0
105	34	263.0797	173.8393	0
105	35	47.75899	349.2593	0
105	36	249.1186	213.1197	0
105	37	328.7013	180.2989	0
105	38	200.2584	323.8756	0
105	39	486.0293	144.4475	0
105	40	564.3432	168.1607	0
105	41	290.1343	207.4852	0
105	42	259.5413	228.1137	0
105	43	333.1718	200.0063	0
106	1	297.7653	182.7557	0
106	2	509.7272	191.9899	0
106	3	301.23	168.5265	0
106	4	370.1371	145.2032	0
106	5	146.7757	267.6546	0
106	6	374.8337	239.7663	0
106	7	283.7641	224.9912	0
106	8	271.8647	275.9379	0
106	9	529.9722	187.8336	0
106	10	197.6846	242.5987	0
106	11	572.8704	119.3675	0
106	12	516.3659	121.7809	0
106	13	334.6584	145.5112	0
106	14	482.7814	179.943	0
106	15	520.4886	151.8979	0
106	16	377.8744	195.2208	0
106	17	455.5126	164.6253	0
106	18	501.9752	155.0142	0
106	19	221.9896	263.1378	0
106	20	326.5842	247.0276	0
106	21	36.7444	263.7139	0
106	22	84.25276	285.3117	0
106	23	367.2584	180.8994	0
106	24	518.7404	140.4576	0
106	25	244.7238	280.0121	0
106	26	458.8761	203.5137	0
106	27	490.9682	221.4588	0
106	28	72.24683	214.775	0
106	29	511.1642	110.8382	0
106	30	480.1035	114.6389	0
106	31	174.888	298.3297	0
106	32	561.9297	93.42911	0
106	33	553.3047	135.2144	0
106	34	263.0797	173.8393	0
106	35	47.75899	349.2593	0
106	36	249.1186	213.1197	0
106	37	328.7013	180.2989	0
106	38	200.2584	323.8756	0
106	39	486.0293	144.4475	0
106	40	564.3432	168.1607	0
106	41	290.1343	207.4852	0
106	42	259.5413	228.1137	0
106	43	333.1718	200.0063	0
107	1	297.7653	182.7557	0
107	2	509.7272	191.9899	0
107	3	301.23	168.5265	0
107	4	370.1371	145.2032	0
107	5	146.7757	267.6546	0
107	6	374.8337	239.7663	0
107	7	283.7641	224.9912	0
107	8	271.8647	275.9379	0
107	9	529.9722	187.8336	0
107	10	197.6846	242.5987	0
107	11	572.8704	119.3675	0
107	12	516.3659	121.7809	0
107	13	334.6584	145.5112	0
107	14	482.7814	179.943	0
107	15	520.4886	151.8979	0
107	16	377.8744	195.2208	0
107	17	455.5126	164.6253	0
107	18	501.9752	155.0142	0
107	19	221.9896	263.1378	0
107	20	326.5842	247.0276	0
107	21	36.7444	263.7139	0
107	22	84.25276	285.3117	0
107	23	367.2584	180.8994	0
107	24	518.7404	140.4576	0
107	25	244.7238	280.0121	0
107	26	458.8761	203.5137	0
107	27	490.9682	221.4588	0
107	28	72.24683	214.775	0
107	29	511.1642	110.8382	0
107	30	480.1035	114.6389	0
107	31	174.888	298.3297	0
107	32	561.9297	93.42911	0
107	33	553.3047	135.2144	0
107	34	263.0797	173.8393	0
107	35	47.75899	349.2593	0
107	36	249.1186	213.1197	0
107	37	328.7013	180.2989	0
107	38	200.2584	323.8756	0
107	39	486.0293	144.4475	0
107	40	564.3432	168.1607	0
107	41	290.1343	207.4852	0
107	42	259.5413	228.1137	0
107	43	333.1718	200.0063	0
108	1	297.7653	182.7557	0
108	2	509.7272	191.9899	0
108	3	301.23	168.5265	0
108	4	370.1371	145.2032	0
108	5	146.7757	267.6546	0
108	6	374.8337	239.7663	0
108	7	283.7641	224.9912	0
108	8	271.8647	275.9379	0
108	9	529.9722	187.8336	0
108	10	197.6846	242.5987	0
108	11	572.8704	119.3675	0
108	12	516.3659	121.7809	0
108	13	334.6584	145.5112	0
108	14	482.7814	179.943	0
108	15	520.4886	151.8979	0
108	16	377.8744	195.2208	0
108	17	455.5126	164.6253	0
108	18	501.9752	155.0142	0
108	19	221.9896	263.1378	0
108	20	326.5842	247.0276	0
108	21	36.7444	263.7139	0
108	22	84.25276	285.3117	0
108	23	367.2584	180.8994	0
108	24	518.7404	140.4576	0
108	25	244.7238	280.0121	0
108	26	458.8761	203.5137	0
108	27	490.9682	221.4588	0
108	28	72.24683	214.775	0
108	29	511.1642	110.8382	0
108	30	480.1035	114.6389	0
108	31	174.888	298.3297	0
108	32	561.9297	93.42911	0
108	33	553.3047	135.2144	0
108	34	263.0797	173.8393	0
108	35	47.75899	349.2593	0
108	36	249.1186	213.1197	0
108	37	328.7013	180.2989	0
108	38	200.2584	323.8756	0
108	39	486.0293	144.4475	0
108	40	564.3432	168.1607	0
108	41	290.1343	207.4852	0
108	42	259.5413	228.1137	0
108	43	333.1718	200.0063	0
109	1	297.7653	182.7557	0
109	2	509.7272	191.9899	0
109	3	301.23	168.5265	0
109	4	370.1371	145.2032	0
109	5	146.7757	267.6546	0
109	6	374.8337	239.7663	0
109	7	283.7641	224.9912	0
109	8	271.8647	275.9379	0
109	9	529.9722	187.8336	0
109	10	197.6846	242.5987	0
109	11	572.8704	119.3675	0
109	12	516.3659	121.7809	0
109	13	334.6584	145.5112	0
109	14	482.7814	179.943	0
109	15	520.4886	151.8979	0
109	16	377.8744	195.2208	0
109	17	455.5126	164.6253	0
109	18	501.9752	155.0142	0
109	19	221.9896	263.1378	0
109	20	326.5842	247.0276	0
109	21	36.7444	263.7139	0
109	22	84.25276	285.3117	0
109	23	367.2584	180.8994	0
109	24	518.7404	140.4576	0
109	25	244.7238	280.0121	0
109	26	458.8761	203.5137	0
109	27	490.9682	221.4588	0
109	28	72.24683	214.775	0
109	29	511.1642	110.8382	0
109	30	480.1035	114.6389	0
109	31	174.888	298.3297	0
109	32	561.9297	93.42911	0
109	33	553.3047	135.2144	0
109	34	263.0797	173.8393	0
109	35	47.75899	349.2593	0
109	36	249.1186	213.1197	0
109	37	328.7013	180.2989	0
109	38	200.2584	323.8756	0
109	39	486.0293	144.4475	0
109	40	564.3432	168.1607	0
109	41	290.1343	207.4852	0
109	42	259.5413	228.1137	0
109	43	333.1718	200.0063	0
110	1	297.7653	182.7557	0
110	2	509.7272	191.9899	0
110	3	301.23	168.5265	0
110	4	370.1371	145.2032	0
110	5	146.7757	267.6546	0
110	6	374.8337	239.7663	0
110	7	283.7641	224.9912	0
110	8	271.8647	275.9379	0
110	9	529.9722	187.8336	0
110	10	197.6846	242.5987	0
110	11	572.8704	119.3675	0
110	12	516.3659	121.7809	0
110	13	334.6584	145.5112	0
110	14	482.7814	179.943	0
110	15	520.4886	151.8979	0
110	16	377.8744	195.2208	0
110	17	455.5126	164.6253	0
110	18	501.9752	155.0142	0
110	19	221.9896	263.1378	0
110	20	326.5842	247.0276	0
110	21	36.7444	263.7139	0
110	22	84.25276	285.3117	0
110	23	367.2584	180.8994	0
110	24	518.7404	140.4576	0
110	25	244.7238	280.0121	0
110	26	458.8761	203.5137	0
110	27	490.9682	221.4588	0
110	28	72.24683	214.775	0
110	29	511.1642	110.8382	0
110	30	480.1035	114.6389	0
110	31	174.888	298.3297	0
110	32	561.9297	93.42911	0
110	33	553.3047	135.2144	0
110	34	263.0797	173.8393	0
110	35	47.75899	349.2593	0
110	36	249.1186	213.1197	0
110	37	328.7013	180.2989	0
110	38	200.2584	323.8756	0
110	39	486.0293	144.4475	0
110	40	564.3432	168.1607	0
110	41	290.1343	207.4852	0
110	42	259.5413	228.1137	0
110	43	333.1718	200.0063	0
111	1	297.7653	182.7557	0
111	2	509.7272	191.9899	0
111	3	301.23	168.5265	0
111	4	370.1371	145.2032	0
111	5	146.7757	267.6546	0
111	6	374.8337	239.7663	0
111	7	283.7641	224.9912	0
111	8	271.8647	275.9379	0
111	9	529.9722	187.8336	0
111	10	197.6846	242.5987	0
111	11	572.8704	119.3675	0
111	12	516.3659	121.7809	0
111	13	334.6584	145.5112	0
111	14	482.7814	179.943	0
111	15	520.4886	151.8979	0
111	16	377.8744	195.2208	0
111	17	455.5126	164.6253	0
111	18	501.9752	155.0142	0
111	19	221.9896	263.1378	0
111	20	326.5842	247.0276	0
111	21	36.7444	263.7139	0
111	22	84.25276	285.3117	0
111	23	367.2584	180.8994	0
111	24	518.7404	140.4576	0
111	25	244.7238	280.0121	0
111	26	458.8761	203.5137	0
111	27	490.9682	221.4588	0
111	28	72.24683	214.775	0
111	29	511.1642	110.8382	0
111	30	480.1035	114.6389	0
111	31	174.888	298.3297	0
111	32	561.9297	93.42911	0
111	33	553.3047	135.2144	0
111	34	263.0797	173.8393	0
111	35	47.75899	349.2593	0
111	36	249.1186	213.1197	0
111	37	328.7013	180.2989	0
111	38	200.2584	323.8756	0
111	39	486.0293	144.4475	0
111	40	564.3432	168.1607	0
111	41	290.1343	207.4852	0
111	42	259.5413	228.1137	0
111	43	333.1718	200.0063	0
112	1	297.7653	182.7557	0
112	2	509.7272	191.9899	0
112	3	301.23	168.5265	0
112	4	370.1371	145.2032	0
112	5	146.7757	267.6546	0
112	6	374.8337	239.7663	0
112	7	283.7641	224.9912	0
112	8	271.8647	275.9379	0
112	9	529.9722	187.8336	0
112	10	197.6846	242.5987	0
112	11	572.8704	119.3675	0
112	12	516.3659	121.7809	0
112	13	334.6584	145.5112	0
112	14	482.7814	179.943	0
112	15	520.4886	151.8979	0
112	16	377.8744	195.2208	0
112	17	455.5126	164.6253	0
112	18	501.9752	155.0142	0
112	19	221.9896	263.1378	0
112	20	326.5842	247.0276	0
112	21	36.7444	263.7139	0
112	22	84.25276	285.3117	0
112	23	367.2584	180.8994	0
112	24	518.7404	140.4576	0
112	25	244.7238	280.0121	0
112	26	458.8761	203.5137	0
112	27	490.9682	221.4588	0
112	28	72.24683	214.775	0
112	29	511.1642	110.8382	0
112	30	480.1035	114.6389	0
112	31	174.888	298.3297	0
112	32	561.9297	93.42911	0
112	33	553.3047	135.2144	0
112	34	263.0797	173.8393	0
112	35	47.75899	349.2593	0
112	36	249.1186	213.1197	0
112	37	328.7013	180.2989	0
112	38	200.2584	323.8756	0
112	39	486.0293	144.4475	0
112	40	564.3432	168.1607	0
112	41	290.1343	207.4852	0
112	42	259.5413	228.1137	0
112	43	333.1718	200.0063	0
113	1	297.7653	182.7557	0
113	2	509.7272	191.9899	0
113	3	301.23	168.5265	0
113	4	370.1371	145.2032	0
113	5	146.7757	267.6546	0
113	6	374.8337	239.7663	0
113	7	283.7641	224.9912	0
113	8	271.8647	275.9379	0
113	9	529.9722	187.8336	0
113	10	197.6846	242.5987	0
113	11	572.8704	119.3675	0
113	12	516.3659	121.7809	0
113	13	334.6584	145.5112	0
113	14	482.7814	179.943	0
113	15	520.4886	151.8979	0
113	16	377.8744	195.2208	0
113	17	455.5126	164.6253	0
113	18	501.9752	155.0142	0
113	19	221.9896	263.1378	0
113	20	326.5842	247.0276	0
113	21	36.7444	263.7139	0
113	22	84.25276	285.3117	0
113	23	367.2584	180.8994	0
113	24	518.7404	140.4576	0
113	25	244.7238	280.0121	0
113	26	458.8761	203.5137	0
113	27	490.9682	221.4588	0
113	28	72.24683	214.775	0
113	29	511.1642	110.8382	0
113	30	480.1035	114.6389	0
113	31	174.888	298.3297	0
113	32	561.9297	93.42911	0
113	33	553.3047	135.2144	0
113	34	263.0797	173.8393	0
113	35	47.75899	349.2593	0
113	36	249.1186	213.1197	0
113	37	328.7013	180.2989	0
113	38	200.2584	323.8756	0
113	39	486.0293	144.4475	0
113	40	564.3432	168.1607	0
113	41	290.1343	207.4852	0
113	42	259.5413	228.1137	0
113	43	333.1718	200.0063	0
114	1	297.7653	182.7557	0
114	2	509.7272	191.9899	0
114	3	301.23	168.5265	0
114	4	370.1371	145.2032	0
114	5	146.7757	267.6546	0
114	6	374.8337	239.7663	0
114	7	283.7641	224.9912	0
114	8	271.8647	275.9379	0
114	9	529.9722	187.8336	0
114	10	197.6846	242.5987	0
114	11	572.8704	119.3675	0
114	12	516.3659	121.7809	0
114	13	334.6584	145.5112	0
114	14	482.7814	179.943	0
114	15	520.4886	151.8979	0
114	16	377.8744	195.2208	0
114	17	455.5126	164.6253	0
114	18	501.9752	155.0142	0
114	19	221.9896	263.1378	0
114	20	326.5842	247.0276	0
114	21	36.7444	263.7139	0
114	22	84.25276	285.3117	0
114	23	367.2584	180.8994	0
114	24	518.7404	140.4576	0
114	25	244.7238	280.0121	0
114	26	458.8761	203.5137	0
114	27	490.9682	221.4588	0
114	28	72.24683	214.775	0
114	29	511.1642	110.8382	0
114	30	480.1035	114.6389	0
114	31	174.888	298.3297	0
114	32	561.9297	93.42911	0
114	33	553.3047	135.2144	0
114	34	263.0797	173.8393	0
114	35	47.75899	349.2593	0
114	36	249.1186	213.1197	0
114	37	328.7013	180.2989	0
114	38	200.2584	323.8756	0
114	39	486.0293	144.4475	0
114	40	564.3432	168.1607	0
114	41	290.1343	207.4852	0
114	42	259.5413	228.1137	0
114	43	333.1718	200.0063	0
115	1	297.7653	182.7557	0
115	2	509.7272	191.9899	0
115	3	301.23	168.5265	0
115	4	370.1371	145.2032	0
115	5	146.7757	267.6546	0
115	6	374.8337	239.7663	0
115	7	283.7641	224.9912	0
115	8	271.8647	275.9379	0
115	9	529.9722	187.8336	0
115	10	197.6846	242.5987	0
115	11	572.8704	119.3675	0
115	12	516.3659	121.7809	0
115	13	334.6584	145.5112	0
115	14	482.7814	179.943	0
115	15	520.4886	151.8979	0
115	16	377.8744	195.2208	0
115	17	455.5126	164.6253	0
115	18	501.9752	155.0142	0
115	19	221.9896	263.1378	0
115	20	326.5842	247.0276	0
115	21	36.7444	263.7139	0
115	22	84.25276	285.3117	0
115	23	367.2584	180.8994	0
115	24	518.7404	140.4576	0
115	25	244.7238	280.0121	0
115	26	458.8761	203.5137	0
115	27	490.9682	221.4588	0
115	28	72.24683	214.775	0
115	29	511.1642	110.8382	0
115	30	480.1035	114.6389	0
115	31	174.888	298.3297	0
115	32	561.9297	93.42911	0
115	33	553.3047	135.2144	0
115	34	263.0797	173.8393	0
115	35	47.75899	349.2593	0
115	36	249.1186	213.1197	0
115	37	328.7013	180.2989	0
115	38	200.2584	323.8756	0
115	39	486.0293	144.4475	0
115	40	564.3432	168.1607	0
115	41	290.1343	207.4852	0
115	42	259.5413	228.1137	0
115	43	333.1718	200.0063	0
116	1	297.7653	182.7557	0
116	2	509.7272	191.9899	0
116	3	301.23	168.5265	0
116	4	370.1371	145.2032	0
116	5	146.7757	267.6546	0
116	6	374.8337	239.7663	0
116	7	283.7641	224.9912	0
116	8	271.8647	275.9379	0
116	9	529.9722	187.8336	0
116	10	197.6846	242.5987	0
116	11	572.8704	119.3675	0
116	12	516.3659	121.7809	0
116	13	334.6584	145.5112	0
116	14	482.7814	179.943	0
116	15	520.4886	151.8979	0
116	16	377.8744	195.2208	0
116	17	455.5126	164.6253	0
116	18	501.9752	155.0142	0
116	19	221.9896	263.1378	0
116	20	326.5842	247.0276	0
116	21	36.7444	263.7139	0
116	22	84.25276	285.3117	0
116	23	367.2584	180.8994	0
116	24	518.7404	140.4576	0
116	25	244.7238	280.0121	0
116	26	458.8761	203.5137	0
116	27	490.9682	221.4588	0
116	28	72.24683	214.775	0
116	29	511.1642	110.8382	0
116	30	480.1035	114.6389	0
116	31	174.888	298.3297	0
116	32	561.9297	93.42911	0
116	33	553.3047	135.2144	0
116	34	263.0797	173.8393	0
116	35	47.75899	349.2593	0
116	36	249.1186	213.1197	0
116	37	328.7013	180.2989	0
116	38	200.2584	323.8756	0
116	39	486.0293	144.4475	0
116	40	564.3432	168.1607	0
116	41	290.1343	207.4852	0
116	42	259.5413	228.1137	0
116	43	333.1718	200.0063	0
117	1	297.7653	182.7557	0
117	2	509.7272	191.9899	0
117	3	301.23	168.5265	0
117	4	370.1371	145.2032	0
117	5	146.7757	267.6546	0
117	6	374.8337	239.7663	0
117	7	283.7641	224.9912	0
117	8	271.8647	275.9379	0
117	9	529.9722	187.8336	0
117	10	197.6846	242.5987	0
117	11	572.8704	119.3675	0
117	12	516.3659	121.7809	0
117	13	334.6584	145.5112	0
117	14	482.7814	179.943	0
117	15	520.4886	151.8979	0
117	16	377.8744	195.2208	0
117	17	455.5126	164.6253	0
117	18	501.9752	155.0142	0
117	19	221.9896	263.1378	0
117	20	326.5842	247.0276	0
117	21	36.7444	263.7139	0
117	22	84.25276	285.3117	0
117	23	367.2584	180.8994	0
117	24	518.7404	140.4576	0
117	25	244.7238	280.0121	0
117	26	458.8761	203.5137	0
117	27	490.9682	221.4588	0
117	28	72.24683	214.775	0
117	29	511.1642	110.8382	0
117	30	480.1035	114.6389	0
117	31	174.888	298.3297	0
117	32	561.9297	93.42911	0
117	33	553.3047	135.2144	0
117	34	263.0797	173.8393	0
117	35	47.75899	349.2593	0
117	36	249.1186	213.1197	0
117	37	328.7013	180.2989	0
117	38	200.2584	323.8756	0
117	39	486.0293	144.4475	0
117	40	564.3432	168.1607	0
117	41	290.1343	207.4852	0
117	42	259.5413	228.1137	0
117	43	333.1718	200.0063	0
118	1	297.7653	182.7557	0
118	2	509.7272	191.9899	0
118	3	301.23	168.5265	0
118	4	370.1371	145.2032	0
118	5	146.7757	267.6546	0
118	6	374.8337	239.7663	0
118	7	283.7641	224.9912	0
118	8	271.8647	275.9379	0
118	9	529.9722	187.8336	0
118	10	197.6846	242.5987	0
118	11	572.8704	119.3675	0
118	12	516.3659	121.7809	0
118	13	334.6584	145.5112	0
118	14	482.7814	179.943	0
118	15	520.4886	151.8979	0
118	16	377.8744	195.2208	0
118	17	455.5126	164.6253	0
118	18	501.9752	155.0142	0
118	19	221.9896	263.1378	0
118	20	326.5842	247.0276	0
118	21	36.7444	263.7139	0
118	22	84.25276	285.3117	0
118	23	367.2584	180.8994	0
118	24	518.7404	140.4576	0
118	25	244.7238	280.0121	0
118	26	458.8761	203.5137	0
118	27	490.9682	221.4588	0
118	28	72.24683	214.775	0
118	29	511.1642	110.8382	0
118	30	480.1035	114.6389	0
118	31	174.888	298.3297	0
118	32	561.9297	93.42911	0
118	33	553.3047	135.2144	0
118	34	263.0797	173.8393	0
118	35	47.75899	349.2593	0
118	36	249.1186	213.1197	0
118	37	328.7013	180.2989	0
118	38	200.2584	323.8756	0
118	39	486.0293	144.4475	0
118	40	564.3432	168.1607	0
118	41	290.1343	207.4852	0
118	42	259.5413	228.1137	0
118	43	333.1718	200.0063	0
119	1	297.7653	182.7557	0
119	2	509.7272	191.9899	0
119	3	301.23	168.5265	0
119	4	370.1371	145.2032	0
119	5	146.7757	267.6546	0
119	6	374.8337	239.7663	0
119	7	283.7641	224.9912	0
119	8	271.8647	275.9379	0
119	9	529.9722	187.8336	0
119	10	197.6846	242.5987	0
119	11	572.8704	119.3675	0
119	12	516.3659	121.7809	0
119	13	334.6584	145.5112	0
119	14	482.7814	179.943	0
119	15	520.4886	151.8979	0
119	16	377.8744	195.2208	0
119	17	455.5126	164.6253	0
119	18	501.9752	155.0142	0
119	19	221.9896	263.1378	0
119	20	326.5842	247.0276	0
119	21	36.7444	263.7139	0
119	22	84.25276	285.3117	0
119	23	367.2584	180.8994	0
119	24	518.7404	140.4576	0
119	25	244.7238	280.0121	0
119	26	458.8761	203.5137	0
119	27	490.9682	221.4588	0
119	28	72.24683	214.775	0
119	29	511.1642	110.8382	0
119	30	480.1035	114.6389	0
119	31	174.888	298.3297	0
119	32	561.9297	93.42911	0
119	33	553.3047	135.2144	0
119	34	263.0797	173.8393	0
119	35	47.75899	349.2593	0
119	36	249.1186	213.1197	0
119	37	328.7013	180.2989	0
119	38	200.2584	323.8756	0
119	39	486.0293	144.4475	0
119	40	564.3432	168.1607	0
119	41	290.1343	207.4852	0
119	42	259.5413	228.1137	0
119	43	333.1718	200.0063	0
120	1	297.7653	182.7557	0
120	2	509.7272	191.9899	0
120	3	301.23	168.5265	0
120	4	370.1371	145.2032	0
120	5	146.7757	267.6546	0
120	6	374.8337	239.7663	0
120	7	283.7641	224.9912	0
120	8	271.8647	275.9379	0
120	9	529.9722	187.8336	0
120	10	197.6846	242.5987	0
120	11	572.8704	119.3675	0
120	12	516.3659	121.7809	0
120	13	334.6584	145.5112	0
120	14	482.7814	179.943	0
120	15	520.4886	151.8979	0
120	16	377.8744	195.2208	0
120	17	455.5126	164.6253	0
120	18	501.9752	155.0142	0
120	19	221.9896	263.1378	0
120	20	326.5842	247.0276	0
120	21	36.7444	263.7139	0
120	22	84.25276	285.3117	0
120	23	367.2584	180.8994	0
120	24	518.7404	140.4576	0
120	25	244.7238	280.0121	0
120	26	458.8761	203.5137	0
120	27	490.9682	221.4588	0
120	28	72.24683	214.775	0
120	29	511.1642	110.8382	0
120	30	480.1035	114.6389	0
120	31	174.888	298.3297	0
120	32	561.9297	93.42911	0
120	33	553.3047	135.2144	0
120	34	263.0797	173.8393	0
120	35	47.75899	349.2593	0
120	36	249.1186	213.1197	0
120	37	328.7013	180.2989	0
120	38	200.2584	323.8756	0
120	39	486.0293	144.4475	0
120	40	564.3432	168.1607	0
120	41	290.1343	207.4852	0
120	42	259.5413	228.1137	0
120	43	333.1718	200.0063	0
121	1	297.7653	182.7557	0
121	2	509.7272	191.9899	0
121	3	301.23	168.5265	0
121	4	370.1371	145.2032	0
121	5	146.7757	267.6546	0
121	6	374.8337	239.7663	0
121	7	283.7641	224.9912	0
121	8	271.8647	275.9379	0
121	9	529.9722	187.8336	0
121	10	197.6846	242.5987	0
121	11	572.8704	119.3675	0
121	12	516.3659	121.7809	0
121	13	334.6584	145.5112	0
121	14	482.7814	179.943	0
121	15	520.4886	151.8979	0
121	16	377.8744	195.2208	0
121	17	455.5126	164.6253	0
121	18	501.9752	155.0142	0
121	19	221.9896	263.1378	0
121	20	326.5842	247.0276	0
121	21	36.7444	263.7139	0
121	22	84.25276	285.3117	0
121	23	367.2584	180.8994	0
121	24	518.7404	140.4576	0
121	25	244.7238	280.0121	0
121	26	458.8761	203.5137	0
121	27	490.9682	221.4588	0
121	28	72.24683	214.775	0
121	29	511.1642	110.8382	0
121	30	480.1035	114.6389	0
121	31	174.888	298.3297	0
121	32	561.9297	93.42911	0
121	33	553.3047	135.2144	0
121	34	263.0797	173.8393	0
121	35	47.75899	349.2593	0
121	36	249.1186	213.1197	0
121	37	328.7013	180.2989	0
121	38	200.2584	323.8756	0
121	39	486.0293	144.4475	0
121	40	564.3432	168.1607	0
121	41	290.1343	207.4852	0
121	42	259.5413	228.1137	0
121	43	333.1718	200.0063	0
122	1	297.7653	182.7557	0
122	2	509.7272	191.9899	0
122	3	301.23	168.5265	0
122	4	370.1371	145.2032	0
122	5	146.7757	267.6546	0
122	6	374.8337	239.7663	0
122	7	283.7641	224.9912	0
122	8	271.8647	275.9379	0
122	9	529.9722	187.8336	0
122	10	197.6846	242.5987	0
122	11	572.8704	119.3675	0
122	12	516.3659	121.7809	0
122	13	334.6584	145.5112	0
122	14	482.7814	179.943	0
122	15	520.4886	151.8979	0
122	16	377.8744	195.2208	0
122	17	455.5126	164.6253	0
122	18	501.9752	155.0142	0
122	19	221.9896	263.1378	0
122	20	326.5842	247.0276	0
122	21	36.7444	263.7139	0
122	22	84.25276	285.3117	0
122	23	367.2584	180.8994	0
122	24	518.7404	140.4576	0
122	25	244.7238	280.0121	0
122	26	458.8761	203.5137	0
122	27	490.9682	221.4588	0
122	28	72.24683	214.775	0
122	29	511.1642	110.8382	0
122	30	480.1035	114.6389	0
122	31	174.888	298.3297	0
122	32	561.9297	93.42911	0
122	33	553.3047	135.2144	0
122	34	263.0797	173.8393	0
122	35	47.75899	349.2593	0
122	36	249.1186	213.1197	0
122	37	328.7013	180.2989	0
122	38	200.2584	323.8756	0
122	39	486.0293	144.4475	0
122	40	564.3432	168.1607	0
122	41	290.1343	207.4852	0
122	42	259.5413	228.1137	0
122	43	333.1718	200.0063	0
123	1	297.7653	182.7557	0
123	2	509.7272	191.9899	0
123	3	301.23	168.5265	0
123	4	370.1371	145.2032	0
123	5	146.7757	267.6546	0
123	6	374.8337	239.7663	0
123	7	283.7641	224.9912	0
123	8	271.8647	275.9379	0
123	9	529.9722	187.8336	0
123	10	197.6846	242.5987	0
123	11	572.8704	119.3675	0
123	12	516.3659	121.7809	0
123	13	334.6584	145.5112	0
123	14	482.7814	179.943	0
123	15	520.4886	151.8979	0
123	16	377.8744	195.2208	0
123	17	455.5126	164.6253	0
123	18	501.9752	155.0142	0
123	19	221.9896	263.1378	0
123	20	326.5842	247.0276	0
123	21	36.7444	263.7139	0
123	22	84.25276	285.3117	0
123	23	367.2584	180.8994	0
123	24	518.7404	140.4576	0
123	25	244.7238	280.0121	0
123	26	458.8761	203.5137	0
123	27	490.9682	221.4588	0
123	28	72.24683	214.775	0
123	29	511.1642	110.8382	0
123	30	480.1035	114.6389	0
123	31	174.888	298.3297	0
123	32	561.9297	93.42911	0
123	33	553.3047	135.2144	0
123	34	263.0797	173.8393	0
123	35	47.75899	349.2593	0
123	36	249.1186	213.1197	0
123	37	328.7013	180.2989	0
123	38	200.2584	323.8756	0
123	39	486.0293	144.4475	0
123	40	564.3432	168.1607	0
123	41	290.1343	207.4852	0
123	42	259.5413	228.1137	0
123	43	333.1718	200.0063	0
124	1	297.7653	182.7557	0
124	2	509.7272	191.9899	0
124	3	301.23	168.5265	0
124	4	370.1371	145.2032	0
124	5	146.7757	267.6546	0
124	6	374.8337	239.7663	0
124	7	283.7641	224.9912	0
124	8	271.8647	275.9379	0
124	9	529.9722	187.8336	0
124	10	197.6846	242.5987	0
124	11	572.8704	119.3675	0
124	12	516.3659	121.7809	0
124	13	334.6584	145.5112	0
124	14	482.7814	179.943	0
124	15	520.4886	151.8979	0
124	16	377.8744	195.2208	0
124	17	455.5126	164.6253	0
124	18	501.9752	155.0142	0
124	19	221.9896	263.1378	0
124	20	326.5842	247.0276	0
124	21	36.7444	263.7139	0
124	22	84.25276	285.3117	0
124	23	367.2584	180.8994	0
124	24	518.7404	140.4576	0
124	25	244.7238	280.0121	0
124	26	458.8761	203.5137	0
124	27	490.9682	221.4588	0
124	28	72.24683	214.775	0
124	29	511.1642	110.8382	0
124	30	480.1035	114.6389	0
124	31	174.888	298.3297	0
124	32	561.9297	93.42911	0
124	33	553.3047	135.2144	0
124	34	263.0797	173.8393	0
124	35	47.75899	349.2593	0
124	36	249.1186	213.1197	0
124	37	328.7013	180.2989	0
124	38	200.2584	323.8756	0
124	39	486.0293	144.4475	0
124	40	564.3432	168.1607	0
124	41	290.1343	207.4852	0
124	42	259.5413	228.1137	0
124	43	333.1718	200.0063	0
125	1	297.7653	182.7557	0
125	2	509.7272	191.9899	0
125	3	301.23	168.5265	0
125	4	370.1371	145.2032	0
125	5	146.7757	267.6546	0
125	6	374.8337	239.7663	0
125	7	283.7641	224.9912	0
125	8	271.8647	275.9379	0
125	9	529.9722	187.8336	0
125	10	197.6846	242.5987	0
125	11	572.8704	119.3675	0
125	12	516.3659	121.7809	0
125	13	334.6584	145.5112	0
125	14	482.7814	179.943	0
125	15	520.4886	151.8979	0
125	16	377.8744	195.2208	0
125	17	455.5126	164.6253	0
125	18	501.9752	155.0142	0
125	19	221.9896	263.1378	0
125	20	326.5842	247.0276	0
125	21	36.7444	263.7139	0
125	22	84.25276	285.3117	0
125	23	367.2584	180.8994	0
125	24	518.7404	140.4576	0
125	25	244.7238	280.0121	0
125	26	458.8761	203.5137	0
125	27	490.9682	221.4588	0
125	28	72.24683	214.775	0
125	29	511.1642	110.8382	0
125	30	480.1035	114.6389	0
125	31	174.888	298.3297	0
125	32	561.9297	93.42911	0
125	33	553.3047	135.2144	0
125	34	263.0797	173.8393	0
125	35	47.75899	349.2593	0
125	36	249.1186	213.1197	0
125	37	328.7013	180.2989	0
125	38	200.2584	323.8756	0
125	39	486.0293	144.4475	0
125	40	564.3432	168.1607	0
125	41	290.1343	207.4852	0
125	42	259.5413	228.1137	0
125	43	333.1718	200.0063	0
126	1	297.7653	182.7557	0
126	2	509.7272	191.9899	0
126	3	301.23	168.5265	0
126	4	370.1371	145.2032	0
126	5	146.7757	267.6546	0
126	6	374.8337	239.7663	0
126	7	283.7641	224.9912	0
126	8	271.8647	275.9379	0
126	9	529.9722	187.8336	0
126	10	197.6846	242.5987	0
126	11	572.8704	119.3675	0
126	12	516.3659	121.7809	0
126	13	334.6584	145.5112	0
126	14	482.7814	179.943	0
126	15	520.4886	151.8979	0
126	16	377.8744	195.2208	0
126	17	455.5126	164.6253	0
126	18	501.9752	155.0142	0
126	19	221.9896	263.1378	0
126	20	326.5842	247.0276	0
126	21	36.7444	263.7139	0
126	22	84.25276	285.3117	0
126	23	367.2584	180.8994	0
126	24	518.7404	140.4576	0
126	25	244.7238	280.0121	0
126	26	458.8761	203.5137	0
126	27	490.9682	221.4588	0
126	28	72.24683	214.775	0
126	29	511.1642	110.8382	0
126	30	480.1035	114.6389	0
126	31	174.888	298.3297	0
126	32	561.9297	93.42911	0
126	33	553.3047	135.2144	0
126	34	263.0797	173.8393	0
126	35	47.75899	349.2593	0
126	36	249.1186	213.1197	0
126	37	328.7013	180.2989	0
126	38	200.2584	323.8756	0
126	39	486.0293	144.4475	0
126	40	564.3432	168.1607	0
126	41	290.1343	207.4852	0
126	42	259.5413	228.1137	0
126	43	333.1718	200.0063	0
127	1	297.7653	182.7557	0
127	2	509.7272	191.9899	0
127	3	301.23	168.5265	0
127	4	370.1371	145.2032	0
127	5	146.7757	267.6546	0
127	6	374.8337	239.7663	0
127	7	283.7641	224.9912	0
127	8	271.8647	275.9379	0
127	9	529.9722	187.8336	0
127	10	197.6846	242.5987	0
127	11	572.8704	119.3675	0
127	12	516.3659	121.7809	0
127	13	334.6584	145.5112	0
127	14	482.7814	179.943	0
127	15	520.4886	151.8979	0
127	16	377.8744	195.2208	0
127	17	455.5126	164.6253	0
127	18	501.9752	155.0142	0
127	19	221.9896	263.1378	0
127	20	326.5842	247.0276	0
127	21	36.7444	263.7139	0
127	22	84.25276	285.3117	0
127	23	367.2584	180.8994	0
127	24	518.7404	140.4576	0
127	25	244.7238	280.0121	0
127	26	458.8761	203.5137	0
127	27	490.9682	221.4588	0
127	28	72.24683	214.775	0
127	29	511.1642	110.8382	0
127	30	480.1035	114.6389	0
127	31	174.888	298.3297	0
127	32	561.9297	93.42911	0
127	33	553.3047	135.2144	0
127	34	263.0797	173.8393	0
127	35	47.75899	349.2593	0
127	36	249.1186	213.1197	0
127	37	328.7013	180.2989	0
127	38	200.2584	323.8756	0
127	39	486.0293	144.4475	0
127	40	564.3432	168.1607	0
127	41	290.1343	207.4852	0
127	42	259.5413	228.1137	0
127	43	333.1718	200.0063	0
128	1	297.7653	182.7557	0
128	2	509.7272	191.9899	0
128	3	301.23	168.5265	0
128	4	370.1371	145.2032	0
128	5	146.7757	267.6546	0
128	6	374.8337	239.7663	0
128	7	283.7641	224.9912	0
128	8	271.8647	275.9379	0
128	9	529.9722	187.8336	0
128	10	197.6846	242.5987	0
128	11	572.8704	119.3675	0
128	12	516.3659	121.7809	0
128	13	334.6584	145.5112	0
128	14	482.7814	179.943	0
128	15	520.4886	151.8979	0
128	16	377.8744	195.2208	0
128	17	455.5126	164.6253	0
128	18	501.9752	155.0142	0
128	19	221.9896	263.1378	0
128	20	326.5842	247.0276	0
128	21	36.7444	263.7139	0
128	22	84.25276	285.3117	0
128	23	367.2584	180.8994	0
128	24	518.7404	140.4576	0
128	25	244.7238	280.0121	0
128	26	458.8761	203.5137	0
128	27	490.9682	221.4588	0
128	28	72.24683	214.775	0
128	29	511.1642	110.8382	0
128	30	480.1035	114.6389	0
128	31	174.888	298.3297	0
128	32	561.9297	93.42911	0
128	33	553.3047	135.2144	0
128	34	263.0797	173.8393	0
128	35	47.75899	349.2593	0
128	36	249.1186	213.1197	0
128	37	328.7013	180.2989	0
128	38	200.2584	323.8756	0
128	39	486.0293	144.4475	0
128	40	564.3432	168.1607	0
128	41	290.1343	207.4852	0
128	42	259.5413	228.1137	0
128	43	333.1718	200.0063	0
