63	1	249.9049	145.0531	0
63	2	451.1668	147.724	0
63	3	250.8032	129.4315	0
63	4	318.0684	107.9696	0
63	5	105.272	223.1778	0
63	6	321.9022	193.209	0
63	7	235.9037	178.9899	0
63	8	223.8681	228.8409	0
63	9	467.6684	149.5096	0
63	10	153.9254	197.2331	0
63	11	509.9862	85.03354	0
63	12	453.316	90.85419	0
63	13	284.2219	111.4143	0
63	14	424.1798	142.2708	0
63	15	459.7669	116.4257	0
63	16	325.5231	153.1852	0
63	17	397.9674	129.131	0
63	18	439.9475	120.1855	0
63	19	175.8651	216.5802	0
63	20	274.6067	199.5149	0
63	21	-2.526272	217.4532	0
63	22	45.828	239.4185	0
63	23	314.8329	137.4651	0
63	24	457.9748	103.1253	0
63	25	195.4384	231.9345	0
63	26	402.2307	164.5929	0
63	27	431.9573	179.1394	0
63	28	32.85949	172.8206	0
63	29	449.6365	79.14648	0
63	30	422.5782	79.35855	0
63	31	130.7324	248.2511	0
63	32	499.0943	59.5835	0
63	33	489.6101	99.93182	0
63	34	215.4297	134.1256	0
63	35	2.785349	296.3751	0
63	36	202.6259	171.7346	0
63	37	278.88	145.1454	0
63	38	151.6259	270.553	0
63	39	425.8031	111.6609	0
63	40	502.89	128.1289	0
63	41	243.1425	167.5801	0
63	42	212.199	181.5558	0
63	43	282.3765	160.3299	0
64	1	249.9091	145.0554	0
64	2	451.1732	147.7267	0
64	3	250.8008	129.4093	0
64	4	318.0678	107.9753	0
64	5	105.276	223.1488	0
64	6	321.9074	193.2134	0
64	7	235.9149	178.9826	0
64	8	223.8608	228.8155	0
64	9	467.6739	149.5123	0
64	10	153.9253	197.2365	0
64	11	509.9767	85.01459	0
64	12	453.2982	90.84351	0
64	13	284.2184	111.3944	0
64	14	424.1838	142.2659	0
64	15	459.7664	116.463	0
64	16	325.5284	153.1887	0
64	17	397.9586	129.1118	0
64	18	439.9601	120.1712	0
64	19	175.9019	216.5567	0
64	20	274.5942	199.5642	0
64	21	-2.568463	217.5012	0
64	22	45.83086	239.4216	0
64	23	314.8388	137.4683	0
64	24	457.9687	103.1236	0
64	25	195.4375	231.8997	0
64	26	402.2322	164.6322	0
64	27	431.9615	179.1436	0
64	28	32.83158	172.8506	0
64	29	449.6296	79.15646	0
64	30	422.5753	79.34003	0
64	31	130.7478	248.2412	0
64	32	499.0995	59.58463	0
64	33	489.6113	99.93427	0
64	34	215.4534	134.1023	0
64	35	2.728636	296.4549	0
64	36	202.6122	171.7558	0
64	37	278.8856	145.1429	0
64	38	151.6481	270.547	0
64	39	425.8007	111.6443	0
64	40	502.871	128.1198	0
64	41	243.1517	167.574	0
64	42	212.1823	181.5373	0
64	43	282.3806	160.3328	0
65	1	249.9132	145.0578	0
65	2	451.1792	147.7292	0
65	3	250.7964	129.3875	0
65	4	318.0684	107.9802	0
65	5	105.2782	223.1207	0
65	6	321.9138	193.2168	0
65	7	235.9275	178.9747	0
65	8	223.8503	228.7912	0
65	9	467.6794	149.5147	0
65	10	153.9245	197.2411	0
65	11	509.961	84.99438	0
65	12	453.2815	90.83386	0
65	13	284.2134	111.375	0
65	14	424.188	142.2613	0
65	15	459.7612	116.4955	0
65	16	325.5342	153.1916	0
65	17	397.9483	129.0927	0
65	18	439.9691	120.1534	0
65	19	175.9374	216.5272	0
65	20	274.5787	199.6197	0
65	21	-2.616229	217.5572	0
65	22	45.83288	239.4246	0
65	23	314.8447	137.4714	0
65	24	457.9678	103.1248	0
65	25	195.4342	231.866	0
65	26	402.2313	164.6741	0
65	27	431.9673	179.1463	0
65	28	32.80008	172.8858	0
65	29	449.624	79.15701	0
65	30	422.5649	79.3197	0
65	31	130.7602	248.2351	0
65	32	499.1052	59.58563	0
65	33	489.6125	99.93732	0
65	34	215.4706	134.0793	0
65	35	2.66616	296.539	0
65	36	202.5961	171.7843	0
65	37	278.891	145.1384	0
65	38	151.6914	270.5379	0
65	39	425.7921	111.6264	0
65	40	502.8585	128.1142	0
65	41	243.1606	167.5689	0
65	42	212.1668	181.5246	0
65	43	282.3853	160.3353	0
66	1	249.9169	145.0597	0
66	2	451.1858	147.7316	0
66	3	250.7902	129.3667	0
66	4	318.0708	107.9838	0
66	5	105.2783	223.0959	0
66	6	321.9196	193.22	0
66	7	235.9377	178.97	0
66	8	223.8347	228.7685	0
66	9	467.6845	149.5167	0
66	10	153.9224	197.2474	0
66	11	509.9439	84.97461	0
66	12	453.2672	90.82684	0
66	13	284.2097	111.3562	0
66	14	424.1933	142.257	0
66	15	459.7534	116.5182	0
66	16	325.5394	153.1942	0
66	17	397.9365	129.0746	0
66	18	439.9732	120.1353	0
66	19	175.9695	216.4925	0
66	20	274.5598	199.6777	0
66	21	-2.66908	217.617	0
66	22	45.83485	239.4276	0
66	23	314.8501	137.474	0
66	24	457.9688	103.1274	0
66	25	195.4289	231.8357	0
66	26	402.2275	164.7178	0
66	27	431.9728	179.1492	0
66	28	32.76599	172.9259	0
66	29	449.6355	79.15524	0
66	30	422.5512	79.29944	0
66	31	130.7701	248.2325	0
66	32	499.1115	59.58694	0
66	33	489.6142	99.94138	0
66	34	215.4872	134.0561	0
66	35	2.597525	296.6261	0
66	36	202.5785	171.8191	0
66	37	278.8966	145.1341	0
66	38	151.7362	270.5193	0
66	39	425.7809	111.6086	0
66	40	502.8527	128.1129	0
66	41	243.1684	167.5661	0
66	42	212.1554	181.5164	0
66	43	282.3894	160.3375	0
67	1	249.9202	145.0614	0
67	2	451.1928	147.7342	0
67	3	250.7829	129.3487	0
67	4	318.0756	107.9863	0
67	5	105.2755	223.0728	0
67	6	321.925	193.223	0
67	7	235.9456	178.9682	0
67	8	223.8178	228.7479	0
67	9	467.6893	149.5189	0
67	10	153.9187	197.2549	0
67	11	509.9282	84.95547	0
67	12	453.2566	90.82202	0
67	13	284.2041	111.3379	0
67	14	424.1991	142.2516	0
67	15	459.7464	116.5294	0
67	16	325.5443	153.1968	0
67	17	397.9241	129.0586	0
67	18	439.9745	120.1172	0
67	19	175.994	216.4582	0
67	20	274.5363	199.7372	0
67	21	-2.72679	217.6793	0
67	22	45.83768	239.4308	0
67	23	314.855	137.4766	0
67	24	457.9699	103.1306	0
67	25	195.4215	231.8078	0
67	26	402.2195	164.7602	0
67	27	431.9779	179.1514	0
67	28	32.7271	172.9714	0
67	29	449.657	79.15256	0
67	30	422.5397	79.27994	0
67	31	130.7728	248.2359	0
67	32	499.1184	59.58734	0
67	33	489.6158	99.94595	0
67	34	215.4953	134.0327	0
67	35	2.523334	296.7101	0
67	36	202.561	171.8567	0
67	37	278.9027	145.1302	0
67	38	151.781	270.4897	0
67	39	425.7715	111.5915	0
67	40	502.8524	128.1147	0
67	41	243.1731	167.5659	0
67	42	212.1493	181.5135	0
67	43	282.3934	160.3396	0
68	1	249.9237	145.0629	0
68	2	451.2013	147.7361	0
68	3	250.7735	129.3314	0
68	4	318.0805	107.9886	0
68	5	105.2682	223.051	0
68	6	321.9302	193.2256	0
68	7	235.9474	178.9721	0
68	8	223.8022	228.7317	0
68	9	467.6942	149.5207	0
68	10	153.9157	197.263	0
68	11	509.9108	84.93674	0
68	12	453.2504	90.81979	0
68	13	284.1971	111.3206	0
68	14	424.2045	142.2481	0
68	15	459.739	116.5283	0
68	16	325.5489	153.1991	0
68	17	397.9104	129.0437	0
68	18	439.9731	120.1001	0
68	19	176.0172	216.4241	0
68	20	274.5076	199.7916	0
68	21	-2.78921	217.7399	0
68	22	45.84369	239.4324	0
68	23	314.8599	137.4789	0
68	24	457.9714	103.1348	0
68	25	195.4094	231.7815	0
68	26	402.2073	164.7953	0
68	27	431.9828	179.1536	0
68	28	32.68451	173.0191	0
68	29	449.6759	79.14627	0
68	30	422.5268	79.26068	0
68	31	130.7657	248.2492	0
68	32	499.1263	59.58777	0
68	33	489.6181	99.95117	0
68	34	215.4958	134.0081	0
68	35	2.449011	296.7803	0
68	36	202.5411	171.9008	0
68	37	278.9102	145.1253	0
68	38	151.8247	270.4527	0
68	39	425.761	111.5746	0
68	40	502.8539	128.1177	0
68	41	243.1726	167.5708	0
68	42	212.1481	181.5149	0
68	43	282.3972	160.3414	0
69	1	249.9276	145.0646	0
69	2	451.2107	147.7364	0
69	3	250.7595	129.3151	0
69	4	318.085	107.9905	0
69	5	105.257	223.0309	0
69	6	321.9359	193.2282	0
69	7	235.9426	178.984	0
69	8	223.7887	228.721	0
69	9	467.6996	149.5226	0
69	10	153.9151	197.2692	0
69	11	509.8917	84.91913	0
69	12	453.2486	90.8201	0
69	13	284.189	111.3057	0
69	14	424.21	142.2465	0
69	15	459.7558	116.5263	0
69	16	325.5539	153.2014	0
69	17	397.8937	129.0296	0
69	18	439.9651	120.0816	0
69	19	176.0313	216.3913	0
69	20	274.4784	199.8326	0
69	21	-2.851931	217.7903	0
69	22	45.85145	239.4332	0
69	23	314.8652	137.4812	0
69	24	457.9726	103.1398	0
69	25	195.3923	231.7567	0
69	26	402.1951	164.8176	0
69	27	431.9881	179.1555	0
69	28	32.63731	173.0684	0
69	29	449.6907	79.13593	0
69	30	422.5118	79.24237	0
69	31	130.7487	248.2738	0
69	32	499.1331	59.58795	0
69	33	489.6212	99.95529	0
69	34	215.4936	133.9842	0
69	35	2.392882	296.8248	0
69	36	202.5177	171.9482	0
69	37	278.9171	145.1216	0
69	38	151.8652	270.4088	0
69	39	425.7487	111.5584	0
69	40	502.8555	128.1216	0
69	41	243.1671	167.5822	0
69	42	212.1482	181.5184	0
69	43	282.4014	160.3432	0
70	1	249.9329	145.066	0
70	2	451.22	147.7371	0
70	3	250.7437	129.3	0
70	4	318.0892	107.9923	0
70	5	105.2457	223.0135	0
70	6	321.9427	193.2311	0
70	7	235.9302	179.0058	0
70	8	223.7797	228.7152	0
70	9	467.7058	149.5246	0
70	10	153.9174	197.2735	0
70	11	509.8726	84.9039	0
70	12	453.2491	90.82184	0
70	13	284.1789	111.2913	0
70	14	424.2132	142.2477	0
70	15	459.7794	116.5221	0
70	16	325.56	153.2039	0
70	17	397.8751	129.0164	0
70	18	439.9531	120.0629	0
70	19	176.0355	216.3569	0
70	20	274.4574	199.855	0
70	21	-2.900412	217.8226	0
70	22	45.85928	239.4336	0
70	23	314.8719	137.4836	0
70	24	457.9745	103.1454	0
70	25	195.3758	231.7348	0
70	26	402.1871	164.8265	0
70	27	431.9939	179.1576	0
70	28	32.58629	173.1144	0
70	29	449.7024	79.12268	0
70	30	422.4962	79.22641	0
70	31	130.7259	248.3088	0
70	32	499.1389	59.58762	0
70	33	489.6258	99.95804	0
70	34	215.4932	133.9609	0
70	35	2.366664	296.8407	0
70	36	202.4905	171.9975	0
70	37	278.9234	145.1198	0
70	38	151.8978	270.3652	0
70	39	425.736	111.5441	0
70	40	502.8577	128.1267	0
70	41	243.1566	167.6009	0
70	42	212.1481	181.5227	0
70	43	282.4066	160.3451	0
71	1	249.9397	145.0661	0
71	2	451.2285	147.7377	0
71	3	250.7292	129.2874	0
71	4	318.0934	107.9937	0
71	5	105.2343	223.0018	0
71	6	321.9513	193.232	0
71	7	235.9149	179.0359	0
71	8	223.7757	228.7143	0
71	9	467.7124	149.525	0
71	10	153.9223	197.2767	0
71	11	509.8522	84.88931	0
71	12	453.2499	90.82401	0
71	13	284.165	111.2778	0
71	14	424.2138	142.254	0
71	15	459.7997	116.5133	0
71	16	325.5677	153.2046	0
71	17	397.8582	129.005	0
71	18	439.9426	120.0449	0
71	19	176.0347	216.3234	0
71	20	274.4465	199.8574	0
71	21	-2.925048	217.8352	0
71	22	45.86748	239.4334	0
71	23	314.8805	137.484	0
71	24	457.9772	103.1501	0
71	25	195.3601	231.7194	0
71	26	402.1844	164.8223	0
71	27	432.0007	179.1595	0
71	28	32.53656	173.1506	0
71	29	449.71	79.10651	0
71	30	422.4798	79.21136	0
71	31	130.6998	248.3538	0
71	32	499.1423	59.58392	0
71	33	489.6316	99.96002	0
71	34	215.4905	133.9382	0
71	35	2.373011	296.8329	0
71	36	202.459	172.0454	0
71	37	278.927	145.1203	0
71	38	151.9277	270.3196	0
71	39	425.7226	111.5308	0
71	40	502.8597	128.1325	0
71	41	243.1451	167.6258	0
71	42	212.1472	181.5289	0
71	43	282.4134	160.3454	0
72	1	249.9466	145.0665	0
72	2	451.2346	147.7333	0
72	3	250.7163	129.2786	0
72	4	318.0981	107.9951	0
72	5	105.2255	222.9943	0
72	6	321.961	193.2327	0
72	7	235.8989	179.0741	0
72	8	223.775	228.7171	0
72	9	467.7201	149.5258	0
72	10	153.9265	197.2799	0
72	11	509.8284	84.87558	0
72	12	453.251	90.82684	0
72	13	284.1499	111.2654	0
72	14	424.2124	142.2663	0
72	15	459.8157	116.4997	0
72	16	325.5766	153.2055	0
72	17	397.844	128.9972	0
72	18	439.9315	120.0269	0
72	19	176.0366	216.2908	0
72	20	274.4626	199.8528	0
72	21	-2.924634	217.8286	0
72	22	45.87795	239.4272	0
72	23	314.8897	137.4849	0
72	24	457.9815	103.1534	0
72	25	195.3478	231.7092	0
72	26	402.2108	164.8206	0
72	27	432.0083	179.1596	0
72	28	32.50153	173.1713	0
72	29	449.7124	79.09058	0
72	30	422.4598	79.19724	0
72	31	130.6723	248.4031	0
72	32	499.1455	59.5799	0
72	33	489.6367	99.96222	0
72	34	215.4863	133.9165	0
72	35	2.418875	296.8274	0
72	36	202.4251	172.0848	0
72	37	278.9263	145.1252	0
72	38	151.9488	270.2767	0
72	39	425.7064	111.5182	0
72	40	502.8627	128.1392	0
72	41	243.1332	167.6558	0
72	42	212.1445	181.5363	0
72	43	282.4209	160.346	0
73	1	249.9534	145.0667	0
73	2	451.2393	147.7265	0
73	3	250.7073	129.2732	0
73	4	318.1039	107.9966	0
73	5	105.2203	222.9918	0
73	6	321.9703	193.2327	0
73	7	235.8834	179.1168	0
73	8	223.7748	228.7212	0
73	9	467.7267	149.526	0
73	10	153.9303	197.2828	0
73	11	509.804	84.86282	0
73	12	453.2519	90.83041	0
73	13	284.1362	111.2551	0
73	14	424.2104	142.2848	0
73	15	459.828	116.4827	0
73	16	325.5847	153.2057	0
73	17	397.8339	128.9922	0
73	18	439.919	120.0098	0
73	19	176.0366	216.2584	0
73	20	274.4974	199.8467	0
73	21	-2.886738	217.8258	0
73	22	45.88918	239.4195	0
73	23	314.8983	137.4853	0
73	24	457.9874	103.1556	0
73	25	195.3405	231.7048	0
73	26	402.2357	164.8136	0
73	27	432.0162	179.16	0
73	28	32.48721	173.1763	0
73	29	449.7132	79.07462	0
73	30	422.4374	79.18387	0
73	31	130.6422	248.4605	0
73	32	499.149	59.57635	0
73	33	489.6416	99.9639	0
73	34	215.4804	133.8978	0
73	35	2.470728	296.8113	0
73	36	202.3975	172.1098	0
73	37	278.9217	145.1354	0
73	38	151.9577	270.2319	0
73	39	425.6881	111.5064	0
73	40	502.8665	128.1445	0
73	41	243.1217	167.6896	0
73	42	212.1419	181.5451	0
73	43	282.428	160.3459	0
74	1	249.9599	145.0638	0
74	2	451.2443	147.72	0
74	3	250.703	129.2717	0
74	4	318.1111	107.9968	0
74	5	105.2187	222.9932	0
74	6	321.979	193.2317	0
74	7	235.8662	179.1663	0
74	8	223.7741	228.7263	0
74	9	467.7322	149.5249	0
74	10	153.9333	197.2855	0
74	11	509.7824	84.85211	0
74	12	453.253	90.83438	0
74	13	284.1245	111.2482	0
74	14	424.2104	142.3088	0
74	15	459.8358	116.4626	0
74	16	325.5924	153.2048	0
74	17	397.8287	128.9905	0
74	18	439.9052	119.9942	0
74	19	176.0344	216.2271	0
74	20	274.5315	199.8336	0
74	21	-2.843379	217.8153	0
74	22	45.9004	239.4124	0
74	23	314.9063	137.4832	0
74	24	457.993	103.158	0
74	25	195.3387	231.7054	0
74	26	402.2568	164.8007	0
74	27	432.0234	179.1603	0
74	28	32.49836	173.1724	0
74	29	449.7101	79.05927	0
74	30	422.4172	79.172	0
74	31	130.6075	248.5238	0
74	32	499.1539	59.57248	0
74	33	489.6465	99.9653	0
74	34	215.4721	133.8798	0
74	35	2.5255	296.7829	0
74	36	202.3822	172.1194	0
74	37	278.914	145.1515	0
74	38	151.9594	270.188	0
74	39	425.6717	111.4959	0
74	40	502.8722	128.1481	0
74	41	243.108	167.7284	0
74	42	212.1413	181.5522	0
74	43	282.4348	160.3446	0
75	1	249.9665	145.0587	0
75	2	451.2507	147.7141	0
75	3	250.7024	129.2731	0
75	4	318.1189	107.9972	0
75	5	105.2177	222.9968	0
75	6	321.9867	193.2247	0
75	7	235.8451	179.22	0
75	8	223.7726	228.7334	0
75	9	467.7357	149.5199	0
75	10	153.9365	197.2882	0
75	11	509.7655	84.84473	0
75	12	453.2548	90.8381	0
75	13	284.1165	111.2441	0
75	14	424.212	142.3357	0
75	15	459.8375	116.4432	0
75	16	325.5991	153.1989	0
75	17	397.8278	128.9915	0
75	18	439.8914	119.9801	0
75	19	176.0301	216.1994	0
75	20	274.5634	199.8123	0
75	21	-2.797535	217.7963	0
75	22	45.91317	239.4052	0
75	23	314.9135	137.4768	0
75	24	457.9981	103.1598	0
75	25	195.3386	231.709	0
75	26	402.2744	164.7827	0
75	27	432.029	179.157	0
75	28	32.53208	173.1686	0
75	29	449.7005	79.04227	0
75	30	422.4002	79.16364	0
75	31	130.5687	248.5896	0
75	32	499.159	59.56839	0
75	33	489.6518	99.96646	0
75	34	215.4592	133.863	0
75	35	2.582476	296.7449	0
75	36	202.3804	172.1142	0
75	37	278.9059	145.1726	0
75	38	151.9635	270.1458	0
75	39	425.6578	111.4886	0
75	40	502.8791	128.1507	0
75	41	243.0914	167.7694	0
75	42	212.1434	181.5575	0
75	43	282.4413	160.3392	0
76	1	249.9734	145.0538	0
76	2	451.2579	147.7063	0
76	3	250.7028	129.2758	0
76	4	318.1262	107.9973	0
76	5	105.2164	223.0011	0
76	6	321.9946	193.2168	0
76	7	235.8201	179.276	0
76	8	223.7699	228.7416	0
76	9	467.7393	149.5148	0
76	10	153.9403	197.2912	0
76	11	509.7541	84.84018	0
76	12	453.2577	90.84091	0
76	13	284.1128	111.2433	0
76	14	424.2153	142.3665	0
76	15	459.8379	116.4229	0
76	16	325.606	153.1925	0
76	17	397.8283	128.9939	0
76	18	439.8753	119.9667	0
76	19	176.0236	216.1735	0
76	20	274.5928	199.7854	0
76	21	-2.749204	217.7704	0
76	22	45.92862	239.3964	0
76	23	314.921	137.4705	0
76	24	458.0031	103.1614	0
76	25	195.3385	231.7135	0
76	26	402.2886	164.7604	0
76	27	432.0334	179.1508	0
76	28	32.56913	173.159	0
76	29	449.6877	79.02524	0
76	30	422.3881	79.15799	0
76	31	130.5248	248.6562	0
76	32	499.1637	59.56622	0
76	33	489.6575	99.9678	0
76	34	215.4441	133.8474	0
76	35	2.640055	296.6981	0
76	36	202.4115	172.1121	0
76	37	278.8977	145.197	0
76	38	151.9658	270.1038	0
76	39	425.648	111.4837	0
76	40	502.8852	128.1534	0
76	41	243.0715	167.8121	0
76	42	212.1488	181.5611	0
76	43	282.4481	160.3337	0
77	1	249.9808	145.0493	0
77	2	451.2647	147.701	0
77	3	250.7028	129.2791	0
77	4	318.133	107.9957	0
77	5	105.2142	223.007	0
77	6	322.0027	193.2096	0
77	7	235.7903	179.3319	0
77	8	223.768	228.7503	0
77	9	467.7433	149.5102	0
77	10	153.9467	197.2928	0
77	11	509.7488	84.83905	0
77	12	453.2618	90.84277	0
77	13	284.1123	111.2449	0
77	14	424.2176	142.4014	0
77	15	459.8331	116.403	0
77	16	325.613	153.1868	0
77	17	397.829	128.9968	0
77	18	439.8562	119.954	0
77	19	176.0119	216.149	0
77	20	274.6184	199.7532	0
77	21	-2.700572	217.7386	0
77	22	45.94101	239.3907	0
77	23	314.929	137.4648	0
77	24	458.0084	103.1627	0
77	25	195.3376	231.7198	0
77	26	402.2978	164.7359	0
77	27	432.0382	179.1449	0
77	28	32.60806	173.1424	0
77	29	449.6769	79.00888	0
77	30	422.3817	79.15591	0
77	31	130.4772	248.7154	0
77	32	499.1679	59.56583	0
77	33	489.6642	99.96887	0
77	34	215.43	133.8345	0
77	35	2.691607	296.6483	0
77	36	202.4442	172.104	0
77	37	278.89	145.2243	0
77	38	151.9655	270.0632	0
77	39	425.6428	111.4818	0
77	40	502.8911	128.1555	0
77	41	243.0476	167.8529	0
77	42	212.1541	181.5646	0
77	43	282.455	160.3287	0
78	1	249.9898	145.0437	0
78	2	451.2719	147.6982	0
78	3	250.7023	129.2838	0
78	4	318.1391	107.9908	0
78	5	105.21	223.0142	0
78	6	322.0126	193.202	0
78	7	235.756	179.3801	0
78	8	223.7684	228.757	0
78	9	467.7485	149.5049	0
78	10	153.955	197.2934	0
78	11	509.7487	84.84055	0
78	12	453.2662	90.84445	0
78	13	284.1124	111.2474	0
78	14	424.2177	142.438	0
78	15	459.8214	116.3818	0
78	16	325.622	153.1803	0
78	17	397.8298	129.0007	0
78	18	439.8383	119.9424	0
78	19	175.9962	216.1262	0
78	20	274.6371	199.7213	0
78	21	-2.656272	217.7043	0
78	22	45.95095	239.3879	0
78	23	314.939	137.4579	0
78	24	458.0143	103.1642	0
78	25	195.335	231.728	0
78	26	402.3011	164.7119	0
78	27	432.0437	179.1396	0
78	28	32.64773	173.1208	0
78	29	449.6649	78.99268	0
78	30	422.3807	79.15677	0
78	31	130.4344	248.7582	0
78	32	499.1703	59.56845	0
78	33	489.6712	99.9689	0
78	34	215.4172	133.8257	0
78	35	2.736943	296.5984	0
78	36	202.476	172.0893	0
78	37	278.8806	145.2558	0
78	38	151.9628	270.0264	0
78	39	425.6419	111.4825	0
78	40	502.8969	128.1574	0
78	41	243.0216	167.8859	0
78	42	212.1589	181.5676	0
78	43	282.4637	160.323	0
79	1	249.9981	145.0396	0
79	2	451.2761	147.6992	0
79	3	250.7005	129.2892	0
79	4	318.1455	107.9859	0
79	5	105.2056	223.0226	0
79	6	322.0237	193.1935	0
79	7	235.7249	179.4133	0
79	8	223.7714	228.7617	0
79	9	467.7542	149.4995	0
79	10	153.9632	197.294	0
79	11	509.7499	84.84305	0
79	12	453.2702	90.84589	0
79	13	284.1123	111.2505	0
79	14	424.2147	142.4756	0
79	15	459.8069	116.3608	0
79	16	325.6318	153.1736	0
79	17	397.83	129.0053	0
79	18	439.823	119.9338	0
79	19	175.9812	216.1064	0
79	20	274.6527	199.6878	0
79	21	-2.617924	217.6697	0
79	22	45.95361	239.3902	0
79	23	314.9493	137.4516	0
79	24	458.0211	103.1655	0
79	25	195.3317	231.7378	0
79	26	402.3041	164.6888	0
79	27	432.0502	179.1327	0
79	28	32.68709	173.0943	0
79	29	449.6515	78.97736	0
79	30	422.3817	79.15903	0
79	31	130.4076	248.78	0
79	32	499.1722	59.57535	0
79	33	489.6783	99.96918	0
79	34	215.4082	133.8203	0
79	35	2.777042	296.5514	0
79	36	202.507	172.0691	0
79	37	278.869	145.2891	0
79	38	151.9569	269.9927	0
79	39	425.6428	111.4844	0
79	40	502.9033	128.159	0
79	41	243.0007	167.9061	0
79	42	212.163	181.5705	0
79	43	282.4729	160.3174	0
80	1	250.0055	145.0376	0
80	2	451.2776	147.7071	0
80	3	250.6992	129.2953	0
80	4	318.1523	107.9815	0
80	5	105.2033	223.0295	0
80	6	322.033	193.1886	0
80	7	235.706	179.429	0
80	8	223.7767	228.765	0
80	9	467.7591	149.4966	0
80	10	153.9714	197.2941	0
80	11	509.7514	84.84613	0
80	12	453.274	90.84726	0
80	13	284.1119	111.2546	0
80	14	424.2074	142.5098	0
80	15	459.7944	116.3405	0
80	16	325.64	153.1697	0
80	17	397.8307	129.0107	0
80	18	439.8114	119.9279	0
80	19	175.9668	216.0928	0
80	20	274.6621	199.6561	0
80	21	-2.58225	217.6358	0
80	22	45.94623	239.4009	0
80	23	314.9582	137.4482	0
80	24	458.0286	103.1656	0
80	25	195.3303	231.7464	0
80	26	402.2991	164.6651	0
80	27	432.0565	179.1275	0
80	28	32.72109	173.0671	0
80	29	449.6371	78.96375	0
80	30	422.3829	79.16177	0
80	31	130.3978	248.7783	0
80	32	499.1728	59.5878	0
80	33	489.6848	99.96948	0
80	34	215.4036	133.819	0
80	35	2.802752	296.5036	0
80	36	202.5361	172.0443	0
80	37	278.8545	145.3237	0
80	38	151.9457	269.9611	0
80	39	425.6437	111.4868	0
80	40	502.9102	128.1609	0
80	41	242.9898	167.9129	0
80	42	212.167	181.5732	0
80	43	282.4804	160.3144	0
81	1	250.0097	145.0382	0
81	2	451.277	147.7233	0
81	3	250.6996	129.3002	0
81	4	318.1607	107.9763	0
81	5	105.2034	223.0346	0
81	6	322.0406	193.1868	0
81	7	235.698	179.4252	0
81	8	223.7814	228.7683	0
81	9	467.7632	149.4958	0
81	10	153.9806	197.2886	0
81	11	509.7534	84.85022	0
81	12	453.2779	90.84824	0
81	13	284.1106	111.2592	0
81	14	424.1977	142.5353	0
81	15	459.7802	116.3205	0
81	16	325.6464	153.1684	0
81	17	397.8324	129.0151	0
81	18	439.8046	119.925	0
81	19	175.9559	216.084	0
81	20	274.6613	199.6227	0
81	21	-2.55833	217.6014	0
81	22	45.92828	239.4214	0
81	23	314.9642	137.4478	0
81	24	458.0364	103.166	0
81	25	195.3316	231.7529	0
81	26	402.2881	164.6405	0
81	27	432.0628	179.1249	0
81	28	32.75215	173.0398	0
81	29	449.6225	78.95114	0
81	30	422.3842	79.16562	0
81	31	130.4243	248.7743	0
81	32	499.1751	59.60513	0
81	33	489.6891	99.96661	0
81	34	215.4027	133.8207	0
81	35	2.817952	296.4556	0
81	36	202.5607	172.0174	0
81	37	278.8366	145.356	0
81	38	151.9287	269.9315	0
81	39	425.6449	111.4901	0
81	40	502.9181	128.1623	0
81	41	242.9926	167.909	0
81	42	212.1714	181.5761	0
81	43	282.4859	160.3138	0
82	1	250.0084	145.0438	0
82	2	451.2756	147.7481	0
82	3	250.7022	129.3036	0
82	4	318.1693	107.9718	0
82	5	105.2071	223.038	0
82	6	322.0433	193.1908	0
82	7	235.7288	179.4233	0
82	8	223.7858	228.7712	0
82	9	467.7651	149.4994	0
82	10	153.9904	197.2814	0
82	11	509.7553	84.85486	0
82	12	453.2823	90.84915	0
82	13	284.1099	111.2644	0
82	14	424.1891	142.5491	0
82	15	459.7643	116.3015	0
82	16	325.6482	153.1722	0
82	17	397.8356	129.0183	0
82	18	439.8026	119.9251	0
82	19	175.9499	216.0808	0
82	20	274.6547	199.5896	0
82	21	-2.543601	217.5663	0
82	22	45.90326	239.451	0
82	23	314.9649	137.4531	0
82	24	458.0435	103.1662	0
82	25	195.3364	231.7574	0
82	26	402.2766	164.6169	0
82	27	432.0669	179.1253	0
82	28	32.7772	173.0141	0
82	29	449.6052	78.9393	0
82	30	422.385	79.17017	0
82	31	130.4631	248.7655	0
82	32	499.1811	59.62674	0
82	33	489.6923	99.96213	0
82	34	215.4024	133.8237	0
82	35	2.831796	296.4096	0
82	36	202.5794	171.9905	0
82	37	278.8174	145.3811	0
82	38	151.9118	269.9055	0
82	39	425.6455	111.4941	0
82	40	502.9265	128.1624	0
82	41	243.0195	167.9066	0
82	42	212.1778	181.5787	0
82	43	282.4869	160.3178	0
83	1	250.0023	145.0556	0
83	2	451.2776	147.7807	0
83	3	250.7071	129.306	0
83	4	318.1767	107.9696	0
83	5	105.2112	223.0412	0
83	6	322.0409	193.2035	0
83	7	235.7646	179.4156	0
83	8	223.7897	228.7739	0
83	9	467.7662	149.5089	0
83	10	154.0002	197.2747	0
83	11	509.7581	84.86008	0
83	12	453.2872	90.85028	0
83	13	284.1107	111.2684	0
83	14	424.1824	142.5506	0
83	15	459.748	116.2849	0
83	16	325.6459	153.1831	0
83	17	397.8404	129.0205	0
83	18	439.8033	119.9269	0
83	19	175.9487	216.0819	0
83	20	274.6502	199.5577	0
83	21	-2.531546	217.5325	0
83	22	45.87418	239.4891	0
83	23	314.961	137.4659	0
83	24	458.0489	103.1638	0
83	25	195.3418	231.7612	0
83	26	402.2662	164.5936	0
83	27	432.0682	179.1317	0
83	28	32.79219	172.9869	0
83	29	449.5855	78.92804	0
83	30	422.3864	79.17535	0
83	31	130.503	248.7485	0
83	32	499.1906	59.65067	0
83	33	489.6958	99.95792	0
83	34	215.4018	133.8274	0
83	35	2.847184	296.3637	0
83	36	202.5965	171.9639	0
83	37	278.8024	145.3956	0
83	38	151.8952	269.8876	0
83	39	425.6467	111.4988	0
83	40	502.9349	128.1627	0
83	41	243.0469	167.8993	0
83	42	212.1867	181.5791	0
83	43	282.4833	160.3282	0
84	1	249.9921	145.074	0
84	2	451.2829	147.8186	0
84	3	250.7115	129.3086	0
84	4	318.1818	107.9696	0
84	5	105.2146	223.044	0
84	6	322.0327	193.2266	0
84	7	235.7988	179.4005	0
84	8	223.7939	228.7766	0
84	9	467.7654	149.5253	0
84	10	154.0113	197.2682	0
84	11	509.7615	84.86423	0
84	12	453.2927	90.85052	0
84	13	284.1133	111.2711	0
84	14	424.1923	142.5477	0
84	15	459.7308	116.2692	0
84	16	325.6382	153.2026	0
84	17	397.845	129.0227	0
84	18	439.8044	119.9292	0
84	19	175.9485	216.0855	0
84	20	274.6443	199.526	0
84	21	-2.517872	217.4992	0
84	22	45.84252	239.5326	0
84	23	314.9517	137.4875	0
84	24	458.0528	103.1589	0
84	25	195.3465	231.7647	0
84	26	402.254	164.5709	0
84	27	432.0675	179.1453	0
84	28	32.80044	172.9595	0
84	29	449.5676	78.91788	0
84	30	422.3887	79.17978	0
84	31	130.5434	248.7227	0
84	32	499.2015	59.67868	0
84	33	489.7003	99.95401	0
84	34	215.4005	133.8324	0
84	35	2.859239	296.3192	0
84	36	202.6043	171.9368	0
84	37	278.7943	145.3992	0
84	38	151.882	269.8758	0
84	39	425.6487	111.5027	0
84	40	502.9424	128.163	0
84	41	243.0728	167.8858	0
84	42	212.1958	181.58	0
84	43	282.4748	160.3461	0
85	1	249.981	145.0981	0
85	2	451.291	147.8617	0
85	3	250.7155	129.3106	0
85	4	318.1825	107.974	0
85	5	105.2177	223.0466	0
85	6	322.0232	193.2589	0
85	7	235.8317	179.3783	0
85	8	223.7989	228.7795	0
85	9	467.7664	149.5477	0
85	10	154.0248	197.2598	0
85	11	509.7667	84.86697	0
85	12	453.2988	90.85086	0
85	13	284.1177	111.273	0
85	14	424.2153	142.5442	0
85	15	459.7104	116.2545	0
85	16	325.6298	153.2296	0
85	17	397.8492	129.0244	0
85	18	439.8056	119.9323	0
85	19	175.9482	216.0899	0
85	20	274.6362	199.4957	0
85	21	-2.507362	217.4669	0
85	22	45.80756	239.5826	0
85	23	314.9422	137.5164	0
85	24	458.0571	103.1543	0
85	25	195.3508	231.7683	0
85	26	402.2399	164.5495	0
85	27	432.0655	179.167	0
85	28	32.80954	172.9332	0
85	29	449.5526	78.91071	0
85	30	422.3928	79.18289	0
85	31	130.583	248.6907	0
85	32	499.2106	59.70929	0
85	33	489.7052	99.94907	0
85	34	215.3981	133.8381	0
85	35	2.86875	296.2767	0
85	36	202.6046	171.9088	0
85	37	278.7994	145.3961	0
85	38	151.8739	269.8711	0
85	39	425.652	111.5056	0
85	40	502.9475	128.1593	0
85	41	243.0973	167.8679	0
85	42	212.2048	181.5806	0
85	43	282.4651	160.3704	0
86	1	249.9696	145.126	0
86	2	451.2979	147.9105	0
86	3	250.719	129.3125	0
86	4	318.1793	107.984	0
86	5	105.2205	223.049	0
86	6	322.0143	193.2999	0
86	7	235.8624	179.3507	0
86	8	223.806	228.781	0
86	9	467.7704	149.5755	0
86	10	154.036	197.2545	0
86	11	509.7728	84.86899	0
86	12	453.3043	90.85086	0
86	13	284.1217	111.2752	0
86	14	424.2361	142.5363	0
86	15	459.688	116.2408	0
86	16	325.6223	153.2634	0
86	17	397.8533	129.026	0
86	18	439.8065	119.9364	0
86	19	175.9469	216.0962	0
86	20	274.6263	199.4682	0
86	21	-2.498396	217.4362	0
86	22	45.76769	239.6376	0
86	23	314.9336	137.5517	0
86	24	458.0621	103.1501	0
86	25	195.3546	231.7717	0
86	26	402.2256	164.5307	0
86	27	432.0653	179.1956	0
86	28	32.81847	172.9071	0
86	29	449.5416	78.90573	0
86	30	422.3986	79.18503	0
86	31	130.6193	248.6537	0
86	32	499.2173	59.74152	0
86	33	489.71	99.9458	0
86	34	215.3959	133.8445	0
86	35	2.874608	296.2392	0
86	36	202.6034	171.8818	0
86	37	278.8221	145.3936	0
86	38	151.8714	269.8722	0
86	39	425.6566	111.5075	0
86	40	502.951	128.1535	0
86	41	243.1198	167.8455	0
86	42	212.2139	181.577	0
86	43	282.4553	160.4006	0
87	1	249.9584	145.1573	0
87	2	451.3019	147.9617	0
87	3	250.7226	129.3142	0
87	4	318.1718	108.0009	0
87	5	105.2238	223.0517	0
87	6	322.0068	193.3441	0
87	7	235.8886	179.3189	0
87	8	223.8147	228.7814	0
87	9	467.7774	149.6065	0
87	10	154.0456	197.2517	0
87	11	509.7784	84.87119	0
87	12	453.309	90.85034	0
87	13	284.1254	111.2768	0
87	14	424.2533	142.5232	0
87	15	459.6679	116.2288	0
87	16	325.6167	153.3011	0
87	17	397.8575	129.0273	0
87	18	439.8077	119.9411	0
87	19	175.9438	216.104	0
87	20	274.6145	199.4431	0
87	21	-2.493047	217.4092	0
87	22	45.72409	239.6949	0
87	23	314.9266	137.5912	0
87	24	458.068	103.1448	0
87	25	195.3587	231.7752	0
87	26	402.2094	164.5126	0
87	27	432.0674	179.2289	0
87	28	32.82525	172.8819	0
87	29	449.5357	78.90372	0
87	30	422.4041	79.18729	0
87	31	130.6482	248.6171	0
87	32	499.2202	59.77347	0
87	33	489.7151	99.94437	0
87	34	215.3957	133.8497	0
87	35	2.875625	296.2034	0
87	36	202.6035	171.8554	0
87	37	278.8447	145.3871	0
87	38	151.8703	269.877	0
87	39	425.6611	111.5095	0
87	40	502.9549	128.1481	0
87	41	243.1377	167.8218	0
87	42	212.2233	181.5694	0
87	43	282.4464	160.4329	0
88	1	249.945	145.1934	0
88	2	451.3018	148.0145	0
88	3	250.7267	129.3162	0
88	4	318.1641	108.0234	0
88	5	105.2287	223.054	0
88	6	321.9991	193.3961	0
88	7	235.907	179.2877	0
88	8	223.8232	228.7816	0
88	9	467.7849	149.6424	0
88	10	154.0492	197.2536	0
88	11	509.7836	84.87286	0
88	12	453.3122	90.84695	0
88	13	284.1288	111.2782	0
88	14	424.2673	142.5067	0
88	15	459.6512	116.2204	0
88	16	325.6103	153.3448	0
88	17	397.8622	129.0288	0
88	18	439.8096	119.9456	0
88	19	175.9404	216.1133	0
88	20	274.5987	199.4195	0
88	21	-2.491842	217.3836	0
88	22	45.67581	239.753	0
88	23	314.9179	137.6369	0
88	24	458.0739	103.1408	0
88	25	195.3644	231.7787	0
88	26	402.1892	164.4956	0
88	27	432.0717	179.2662	0
88	28	32.82988	172.8588	0
88	29	449.5345	78.90424	0
88	30	422.4092	79.18903	0
88	31	130.6758	248.5795	0
88	32	499.218	59.80011	0
88	33	489.7185	99.94537	0
88	34	215.3977	133.8532	0
88	35	2.868713	296.1697	0
88	36	202.6011	171.8297	0
88	37	278.8658	145.3759	0
88	38	151.8693	269.8827	0
88	39	425.6653	111.511	0
88	40	502.96	128.1431	0
88	41	243.1513	167.7983	0
88	42	212.2329	181.5621	0
88	43	282.4363	160.4711	0
89	1	249.929	145.2314	0
89	2	451.2955	148.0632	0
89	3	250.7324	129.3177	0
89	4	318.1568	108.0507	0
89	5	105.2365	223.0542	0
89	6	321.9883	193.4531	0
89	7	235.9248	179.2573	0
89	8	223.8315	228.7813	0
89	9	467.7906	149.681	0
89	10	154.0444	197.263	0
89	11	509.7888	84.87424	0
89	12	453.3155	90.84344	0
89	13	284.1325	111.2794	0
89	14	424.2775	142.4866	0
89	15	459.6396	116.215	0
89	16	325.6008	153.3922	0
89	17	397.8679	129.0301	0
89	18	439.8127	119.9489	0
89	19	175.9391	216.121	0
89	20	274.5783	199.3973	0
89	21	-2.496927	217.3595	0
89	22	45.62418	239.8051	0
89	23	314.906	137.6856	0
89	24	458.0798	103.1389	0
89	25	195.3731	231.7793	0
89	26	402.1687	164.4801	0
89	27	432.0756	179.3091	0
89	28	32.8322	172.8379	0
89	29	449.5354	78.90613	0
89	30	422.414	79.19073	0
89	31	130.694	248.5433	0
89	32	499.2126	59.81744	0
89	33	489.7203	99.95084	0
89	34	215.4024	133.8557	0
89	35	2.858975	296.1393	0
89	36	202.5972	171.8053	0
89	37	278.8853	145.3612	0
89	38	151.8672	269.8907	0
89	39	425.6691	111.5126	0
89	40	502.9655	128.1367	0
89	41	243.1626	167.776	0
89	42	212.2432	181.5555	0
89	43	282.4235	160.5123	0
90	1	249.9096	145.2708	0
90	2	451.2849	148.1004	0
90	3	250.7398	129.3179	0
90	4	318.1507	108.0801	0
90	5	105.2443	223.0548	0
90	6	321.9738	193.5125	0
90	7	235.9328	179.2271	0
90	8	223.8401	228.7751	0
90	9	467.7935	149.7213	0
90	10	154.0311	197.2817	0
90	11	509.7945	84.87534	0
90	12	453.3189	90.8403	0
90	13	284.1367	111.2809	0
90	14	424.2825	142.4669	0
90	15	459.6335	116.2132	0
90	16	325.5879	153.4418	0
90	17	397.8744	129.0302	0
90	18	439.8173	119.9512	0
90	19	175.9405	216.1267	0
90	20	274.5588	199.3776	0
90	21	-2.505252	217.3376	0
90	22	45.57763	239.8436	0
90	23	314.89	137.7364	0
90	24	458.0838	103.1394	0
90	25	195.3823	231.7808	0
90	26	402.1508	164.4676	0
90	27	432.0771	179.3544	0
90	28	32.8305	172.8182	0
90	29	449.5365	78.90839	0
90	30	422.419	79.19208	0
90	31	130.702	248.5057	0
90	32	499.2074	59.82529	0
90	33	489.7211	99.96173	0
90	34	215.4067	133.8583	0
90	35	2.847975	296.1158	0
90	36	202.5914	171.7841	0
90	37	278.9025	145.3432	0
90	38	151.863	269.9009	0
90	39	425.6732	111.5139	0
90	40	502.971	128.1323	0
90	41	243.1655	167.7526	0
90	42	212.2561	181.5469	0
90	43	282.4076	160.5554	0
91	1	249.8864	145.3076	0
91	2	451.2744	148.1211	0
91	3	250.7472	129.3185	0
91	4	318.1436	108.1148	0
91	5	105.2525	223.0549	0
91	6	321.9545	193.5721	0
91	7	235.9318	179.1954	0
91	8	223.8489	228.7672	0
91	9	467.7926	149.7608	0
91	10	154.0122	197.309	0
91	11	509.8007	84.87665	0
91	12	453.3235	90.83679	0
91	13	284.1422	111.2818	0
91	14	424.2849	142.4461	0
91	15	459.6325	116.2142	0
91	16	325.5704	153.4908	0
91	17	397.8812	129.0306	0
91	18	439.8221	119.9532	0
91	19	175.9454	216.1306	0
91	20	274.5412	199.3638	0
91	21	-2.514557	217.3202	0
91	22	45.54862	239.8636	0
91	23	314.8689	137.7855	0
91	24	458.0855	103.1444	0
91	25	195.3914	231.781	0
91	26	402.1364	164.4591	0
91	27	432.0753	179.4015	0
91	28	32.82331	172.7995	0
91	29	449.5379	78.91153	0
91	30	422.4244	79.19348	0
91	31	130.7048	248.4691	0
91	32	499.2	59.82269	0
91	33	489.722	99.97845	0
91	34	215.4106	133.8604	0
91	35	2.836298	296.1003	0
91	36	202.5827	171.7638	0
91	37	278.9156	145.325	0
91	38	151.8582	269.9128	0
91	39	425.6776	111.5154	0
91	40	502.9769	128.1303	0
91	41	243.1626	167.7288	0
91	42	212.2684	181.5401	0
91	43	282.3878	160.5976	0
92	1	249.862	145.3362	0
92	2	451.2664	148.125	0
92	3	250.7544	129.319	0
92	4	318.1339	108.152	0
92	5	105.2615	223.0515	0
92	6	321.93	193.6239	0
92	7	235.9274	179.1646	0
92	8	223.8579	228.7599	0
92	9	467.7871	149.7939	0
92	10	153.991	197.3444	0
92	11	509.8078	84.87769	0
92	12	453.3284	90.83325	0
92	13	284.149	111.2819	0
92	14	424.2837	142.4263	0
92	15	459.6335	116.2168	0
92	16	325.5482	153.5326	0
92	17	397.8874	129.0308	0
92	18	439.8265	119.9549	0
92	19	175.9503	216.1343	0
92	20	274.5277	199.3546	0
92	21	-2.524728	217.3086	0
92	22	45.53963	239.8635	0
92	23	314.8438	137.8255	0
92	24	458.0858	103.1552	0
92	25	195.4007	231.7786	0
92	26	402.1271	164.4542	0
92	27	432.0688	179.4458	0
92	28	32.81509	172.7826	0
92	29	449.5388	78.91531	0
92	30	422.4309	79.19492	0
92	31	130.71	248.4336	0
92	32	499.2228	59.82211	0
92	33	489.7259	100.0003	0
92	34	215.4142	133.8622	0
92	35	2.827972	296.0918	0
92	36	202.5691	171.7447	0
92	37	278.9256	145.306	0
92	38	151.8554	269.9233	0
92	39	425.6829	111.5167	0
92	40	502.9809	128.1315	0
92	41	243.1597	167.7059	0
92	42	212.2791	181.5363	0
92	43	282.3647	160.6329	0
93	1	249.8435	145.3526	0
93	2	451.2774	148.121	0
93	3	250.7615	129.3156	0
93	4	318.1208	108.191	0
93	5	105.2717	223.0442	0
93	6	321.9063	193.6599	0
93	7	235.9255	179.1346	0
93	8	223.8682	228.7527	0
93	9	467.7796	149.8154	0
93	10	153.9686	197.3851	0
93	11	509.8152	84.87772	0
93	12	453.3326	90.83142	0
93	13	284.1556	111.2821	0
93	14	424.2755	142.4052	0
93	15	459.6345	116.2198	0
93	16	325.527	153.5606	0
93	17	397.8926	129.0287	0
93	18	439.8307	119.9567	0
93	19	175.9547	216.1376	0
93	20	274.5197	199.3508	0
93	21	-2.532224	217.3021	0
93	22	45.5625	239.8602	0
93	23	314.8217	137.8505	0
93	24	458.085	103.1725	0
93	25	195.4105	231.7702	0
93	26	402.1233	164.4533	0
93	27	432.0587	179.4808	0
93	28	32.80592	172.7703	0
93	29	449.5404	78.91965	0
93	30	422.4382	79.19513	0
93	31	130.7129	248.3985	0
93	32	499.2458	59.81833	0
93	33	489.7322	100.0249	0
93	34	215.4179	133.8638	0
93	35	2.824488	296.0904	0
93	36	202.5539	171.7273	0
93	37	278.9328	145.2879	0
93	38	151.8558	269.9314	0
93	39	425.6888	111.5169	0
93	40	502.9832	128.1384	0
93	41	243.1574	167.6831	0
93	42	212.2853	181.5362	0
93	43	282.3445	160.6559	0
94	1	249.8339	145.3565	0
94	2	451.309	148.1166	0
94	3	250.7686	129.3103	0
94	4	318.1036	108.2286	0
94	5	105.2821	223.0371	0
94	6	321.8904	193.6773	0
94	7	235.9212	179.1051	0
94	8	223.8803	228.7438	0
94	9	467.7736	149.8246	0
94	10	153.9444	197.4317	0
94	11	509.8228	84.87796	0
94	12	453.3363	90.83112	0
94	13	284.162	111.2823	0
94	14	424.2636	142.384	0
94	15	459.636	116.2239	0
94	16	325.5137	153.5735	0
94	17	397.8969	129.0241	0
94	18	439.8348	119.9582	0
94	19	175.9585	216.1408	0
94	20	274.5174	199.3516	0
94	21	-2.53618	217.301	0
94	22	45.59836	239.8531	0
94	23	314.809	137.86	0
94	24	458.0865	103.1954	0
94	25	195.4206	231.7618	0
94	26	402.1235	164.4551	0
94	27	432.0488	179.5015	0
94	28	32.79737	172.7619	0
94	29	449.5426	78.92343	0
94	30	422.4461	79.19571	0
94	31	130.7138	248.3646	0
94	32	499.2642	59.81024	0
94	33	489.7412	100.0529	0
94	34	215.4221	133.8656	0
94	35	2.823113	296.0941	0
94	36	202.5397	171.7135	0
94	37	278.9333	145.2686	0
94	38	151.8605	269.9367	0
94	39	425.6952	111.5175	0
94	40	502.9847	128.1523	0
94	41	243.1532	167.6611	0
94	42	212.2839	181.5433	0
94	43	282.3322	160.6656	0
95	1	249.8405	145.3529	0
95	2	451.3373	148.1061	0
95	3	250.7757	129.3053	0
95	4	318.0832	108.2588	0
95	5	105.2928	223.0307	0
95	6	321.8807	193.6737	0
95	7	235.9148	179.0768	0
95	8	223.8905	228.7383	0
95	9	467.7679	149.8206	0
95	10	153.916	197.4836	0
95	11	509.8295	84.8783	0
95	12	453.3382	90.83359	0
95	13	284.1681	111.2791	0
95	14	424.2534	142.3637	0
95	15	459.637	116.2287	0
95	16	325.5058	153.5692	0
95	17	397.9014	129.0196	0
95	18	439.8393	119.9596	0
95	19	175.962	216.1439	0
95	20	274.5172	199.3553	0
95	21	-2.537988	217.3038	0
95	22	45.63637	239.8388	0
95	23	314.8079	137.8551	0
95	24	458.0904	103.2221	0
95	25	195.431	231.7541	0
95	26	402.1245	164.4579	0
95	27	432.0412	179.507	0
95	28	32.79159	172.7577	0
95	29	449.5461	78.92618	0
95	30	422.4532	79.19611	0
95	31	130.7123	248.3345	0
95	32	499.2777	59.79825	0
95	33	489.7498	100.085	0
95	34	215.428	133.867	0
95	35	2.821776	296.0994	0
95	36	202.5272	171.7042	0
95	37	278.9291	145.2491	0
95	38	151.8663	269.9413	0
95	39	425.7009	111.5178	0
95	40	502.9865	128.1736	0
95	41	243.1473	167.6406	0
95	42	212.2751	181.5594	0
95	43	282.3267	160.6609	0
96	1	249.8667	145.35	0
96	2	451.3594	148.0881	0
96	3	250.7838	129.3006	0
96	4	318.0654	108.2775	0
96	5	105.3062	223.0227	0
96	6	321.9092	193.671	0
96	7	235.9068	179.052	0
96	8	223.8991	228.7357	0
96	9	467.7928	149.8196	0
96	10	153.884	197.5376	0
96	11	509.8339	84.87546	0
96	12	453.3388	90.83997	0
96	13	284.174	111.2746	0
96	14	424.242	142.3435	0
96	15	459.6388	116.2343	0
96	16	325.5359	153.568	0
96	17	397.9065	129.0156	0
96	18	439.8445	119.9612	0
96	19	175.9658	216.1472	0
96	20	274.5172	199.3596	0
96	21	-2.539871	217.3081	0
96	22	45.67615	239.8166	0
96	23	314.8415	137.8531	0
96	24	458.0969	103.2517	0
96	25	195.444	231.7449	0
96	26	402.1255	164.4615	0
96	27	432.045	179.5026	0
96	28	32.78967	172.7577	0
96	29	449.5511	78.92804	0
96	30	422.459	79.19449	0
96	31	130.7078	248.3064	0
96	32	499.287	59.7832	0
96	33	489.7563	100.1189	0
96	34	215.4358	133.867	0
96	35	2.818969	296.1066	0
96	36	202.5186	171.6989	0
96	37	278.9257	145.2304	0
96	38	151.8713	269.9453	0
96	39	425.7055	111.5163	0
96	40	502.992	128.2014	0
96	41	243.1404	167.6224	0
96	42	212.2591	181.5854	0
96	43	282.3539	160.6597	0
97	1	249.8932	145.3426	0
97	2	451.3769	148.0649	0
97	3	250.7936	129.2946	0
97	4	318.0547	108.2843	0
97	5	105.3189	223.0161	0
97	6	321.9438	193.6628	0
97	7	235.8965	179.0283	0
97	8	223.9025	228.7382	0
97	9	467.8155	149.8136	0
97	10	153.8474	197.5928	0
97	11	509.837	84.87097	0
97	12	453.3379	90.8512	0
97	13	284.1802	111.2704	0
97	14	424.2291	142.3242	0
97	15	459.6414	116.2389	0
97	16	325.5672	153.5612	0
97	17	397.9126	129.0106	0
97	18	439.8504	119.9617	0
97	19	175.9717	216.1501	0
97	20	274.5169	199.3656	0
97	21	-2.542696	217.3135	0
97	22	45.71627	239.7887	0
97	23	314.8747	137.8451	0
97	24	458.1034	103.2862	0
97	25	195.4578	231.7359	0
97	26	402.1265	164.4665	0
97	27	432.0715	179.4992	0
97	28	32.78865	172.7603	0
97	29	449.5559	78.92987	0
97	30	422.4634	79.18997	0
97	31	130.698	248.2801	0
97	32	499.2912	59.76556	0
97	33	489.7599	100.1539	0
97	34	215.4435	133.8674	0
97	35	2.813413	296.1167	0
97	36	202.5147	171.6981	0
97	37	278.9219	145.2119	0
97	38	151.8759	269.9493	0
97	39	425.7091	111.5123	0
97	40	503.0007	128.233	0
97	41	243.1309	167.605	0
97	42	212.2414	181.62	0
97	43	282.3815	160.6532	0
98	1	249.9183	145.3297	0
98	2	451.3887	148.0364	0
98	3	250.8024	129.2903	0
98	4	318.0526	108.2801	0
98	5	105.3294	223.0125	0
98	6	321.976	193.6471	0
98	7	235.8808	179.0061	0
98	8	223.8987	228.7491	0
98	9	467.8338	149.8022	0
98	10	153.8066	197.6426	0
98	11	509.8404	84.86676	0
98	12	453.338	90.86667	0
98	13	284.1872	111.2665	0
98	14	424.2153	142.3069	0
98	15	459.6455	116.2422	0
98	16	325.5957	153.5477	0
98	17	397.9186	129.0067	0
98	18	439.857	119.9623	0
98	19	175.9802	216.1507	0
98	20	274.5154	199.3732	0
98	21	-2.547556	217.3209	0
98	22	45.75454	239.7558	0
98	23	314.9048	137.83	0
98	24	458.1076	103.3229	0
98	25	195.4689	231.7308	0
98	26	402.127	164.4724	0
98	27	432.0959	179.4904	0
98	28	32.78777	172.7636	0
98	29	449.5603	78.9313	0
98	30	422.4679	79.18564	0
98	31	130.684	248.2556	0
98	32	499.2887	59.74872	0
98	33	489.7589	100.186	0
98	34	215.4511	133.8677	0
98	35	2.805012	296.1289	0
98	36	202.5139	171.7004	0
98	37	278.9166	145.1941	0
98	38	151.8801	269.953	0
98	39	425.7127	111.5084	0
98	40	503.0126	128.2689	0
98	41	243.1172	167.5885	0
98	42	212.2226	181.6613	0
98	43	282.4073	160.6409	0
99	1	249.942	145.3129	0
99	2	451.3933	148.0077	0
99	3	250.8105	129.2882	0
99	4	318.0804	108.2786	0
99	5	105.3354	223.0125	0
99	6	322.0052	193.6238	0
99	7	235.8623	178.9857	0
99	8	223.8879	228.7699	0
99	9	467.848	149.786	0
99	10	153.7678	197.6798	0
99	11	509.8448	84.86285	0
99	12	453.3402	90.88596	0
99	13	284.1955	111.2615	0
99	14	424.2009	142.2911	0
99	15	459.651	116.2445	0
99	16	325.6214	153.5281	0
99	17	397.9243	129.0047	0
99	18	439.8629	119.9625	0
99	19	175.9891	216.1518	0
99	20	274.5136	199.382	0
99	21	-2.554789	217.3295	0
99	22	45.78637	239.7232	0
99	23	314.9319	137.8092	0
99	24	458.1089	103.3611	0
99	25	195.4766	231.7292	0
99	26	402.1285	164.4788	0
99	27	432.1159	179.475	0
99	28	32.78573	172.7682	0
99	29	449.5645	78.93271	0
99	30	422.4731	79.18176	0
99	31	130.6701	248.2346	0
99	32	499.2865	59.73209	0
99	33	489.754	100.2101	0
99	34	215.459	133.864	0
99	35	2.797704	296.1415	0
99	36	202.5135	171.7038	0
99	37	278.9102	145.1778	0
99	38	151.8848	269.957	0
99	39	425.7168	111.5049	0
99	40	503.0241	128.3099	0
99	41	243.103	167.5735	0
99	42	212.2038	181.7082	0
99	43	282.4314	160.6236	0
100	1	249.9633	145.2923	0
100	2	451.3943	147.9788	0
100	3	250.8147	129.2889	0
100	4	318.1079	108.2726	0
100	5	105.3328	223.0194	0
100	6	322.031	193.595	0
100	7	235.8454	178.9683	0
100	8	223.8731	228.8001	0
100	9	467.8582	149.7658	0
100	10	153.7421	197.6996	0
100	11	509.8496	84.85794	0
100	12	453.3443	90.90637	0
100	13	284.2027	111.2584	0
100	14	424.1838	142.2762	0
100	15	459.6563	116.2468	0
100	16	325.6439	153.5037	0
100	17	397.9281	129.005	0
100	18	439.8682	119.962	0
100	19	175.9978	216.1523	0
100	20	274.5135	199.3898	0
100	21	-2.561532	217.3387	0
100	22	45.81675	239.6908	0
100	23	314.9558	137.7833	0
100	24	458.1054	103.3971	0
100	25	195.4765	231.7352	0
100	26	402.131	164.4837	0
100	27	432.1324	179.4548	0
100	28	32.78157	172.7742	0
100	29	449.5688	78.93381	0
100	30	422.4795	79.17691	0
100	31	130.6563	248.2205	0
100	32	499.2778	59.71506	0
100	33	489.7482	100.2233	0
100	34	215.467	133.8584	0
100	35	2.794352	296.1512	0
100	36	202.5127	171.7082	0
100	37	278.9026	145.1632	0
100	38	151.8911	269.9608	0
100	39	425.722	111.5005	0
100	40	503.0334	128.3531	0
100	41	243.0899	167.5619	0
100	42	212.1816	181.7616	0
100	43	282.4532	160.6024	0
101	1	249.9798	145.2715	0
101	2	451.3909	147.9515	0
101	3	250.8131	129.295	0
101	4	318.1329	108.2612	0
101	5	105.3216	223.0349	0
101	6	322.0518	193.562	0
101	7	235.83	178.9565	0
101	8	223.8569	228.8391	0
101	9	467.8635	149.7432	0
101	10	153.7323	197.7008	0
101	11	509.8544	84.85474	0
101	12	453.3491	90.93069	0
101	13	284.2094	111.257	0
101	14	424.164	142.2621	0
101	15	459.6612	116.2486	0
101	16	325.6616	153.4758	0
101	17	397.929	129.0096	0
101	18	439.8718	119.9582	0
101	19	176.0071	216.1488	0
101	20	274.5155	199.3958	0
101	21	-2.564809	217.3458	0
101	22	45.83826	239.6599	0
101	23	314.9738	137.7551	0
101	24	458.0978	103.4252	0
101	25	195.4689	231.7511	0
101	26	402.1356	164.4871	0
101	27	432.1445	179.4303	0
101	28	32.77588	172.7813	0
101	29	449.5735	78.93491	0
101	30	422.4861	79.17291	0
101	31	130.6458	248.2115	0
101	32	499.2626	59.69653	0
101	33	489.742	100.2255	0
101	34	215.4753	133.8531	0
101	35	2.795576	296.1582	0
101	36	202.511	171.714	0
101	37	278.8927	145.1494	0
101	38	151.9011	269.9614	0
101	39	425.7272	111.4968	0
101	40	503.0392	128.3977	0
101	41	243.0789	167.554	0
101	42	212.1555	181.8179	0
101	43	282.4709	160.5788	0
102	1	249.9931	145.2498	0
102	2	451.3779	147.9222	0
102	3	250.8061	129.3076	0
102	4	318.1558	108.2456	0
102	5	105.3023	223.0598	0
102	6	322.0645	193.5294	0
102	7	235.8191	178.9491	0
102	8	223.8405	228.8823	0
102	9	467.8626	149.7212	0
102	10	153.7519	197.6973	0
102	11	509.8596	84.85327	0
102	12	453.3526	90.95728	0
102	13	284.2126	111.2584	0
102	14	424.1455	142.2495	0
102	15	459.6659	116.2502	0
102	16	325.6717	153.4487	0
102	17	397.9277	129.0196	0
102	18	439.8753	119.9539	0
102	19	176.017	216.1408	0
102	20	274.5207	199.3998	0
102	21	-2.564734	217.3508	0
102	22	45.85036	239.6274	0
102	23	314.9851	137.7275	0
102	24	458.0896	103.4416	0
102	25	195.4527	231.7785	0
102	26	402.1413	164.4896	0
102	27	432.1512	179.4051	0
102	28	32.77155	172.7879	0
102	29	449.5789	78.93613	0
102	30	422.4922	79.1709	0
102	31	130.6397	248.2083	0
102	32	499.246	59.67828	0
102	33	489.7489	100.2227	0
102	34	215.4843	133.8483	0
102	35	2.800473	296.1633	0
102	36	202.5081	171.7208	0
102	37	278.8795	145.1362	0
102	38	151.9115	269.9626	0
102	39	425.7321	111.4949	0
102	40	503.0394	128.4388	0
102	41	243.0718	167.5497	0
102	42	212.1248	181.8764	0
102	43	282.4825	160.5555	0
103	1	250.0029	145.2291	0
103	2	451.3593	147.8929	0
103	3	250.7948	129.3271	0
103	4	318.1756	108.2265	0
103	5	105.2793	223.093	0
103	6	322.0763	193.4964	0
103	7	235.8137	178.9469	0
103	8	223.8232	228.9324	0
103	9	467.862	149.6998	0
103	10	153.7866	197.6913	0
103	11	509.8632	84.85437	0
103	12	453.3541	90.98517	0
103	13	284.2111	111.2643	0
103	14	424.1298	142.2405	0
103	15	459.671	116.2516	0
103	16	325.6816	153.4222	0
103	17	397.9245	129.0357	0
103	18	439.879	119.9502	0
103	19	176.0271	216.133	0
103	20	274.5265	199.4032	0
103	21	-2.560627	217.3544	0
103	22	45.85725	239.5958	0
103	23	314.9951	137.7009	0
103	24	458.0826	103.4462	0
103	25	195.4335	231.8156	0
103	26	402.1462	164.4922	0
103	27	432.1533	179.379	0
103	28	32.76997	172.793	0
103	29	449.585	78.93631	0
103	30	422.4964	79.17105	0
103	31	130.6379	248.21	0
103	32	499.2311	59.66074	0
103	33	489.772	100.2199	0
103	34	215.4953	133.842	0
103	35	2.80456	296.1682	0
103	36	202.5059	171.7281	0
103	37	278.8663	145.1243	0
103	38	151.9222	269.9624	0
103	39	425.7356	111.4948	0
103	40	503.035	128.4699	0
103	41	243.0691	167.5492	0
103	42	212.0889	181.932	0
103	43	282.4935	160.5322	0
104	1	250.0048	145.2071	0
104	2	451.3433	147.8647	0
104	3	250.7829	129.3526	0
104	4	318.1909	108.2057	0
104	5	105.2534	223.1324	0
104	6	322.0792	193.4638	0
104	7	235.8129	178.9486	0
104	8	223.8024	228.988	0
104	9	467.8542	149.678	0
104	10	153.8222	197.6788	0
104	11	509.8653	84.85983	0
104	12	453.3525	91.01276	0
104	13	284.2053	111.2757	0
104	14	424.1183	142.2346	0
104	15	459.6765	116.2531	0
104	16	325.6826	153.3955	0
104	17	397.9223	129.0572	0
104	18	439.884	119.946	0
104	19	176.0377	216.1259	0
104	20	274.5317	199.4062	0
104	21	-2.557011	217.3579	0
104	22	45.8665	239.5651	0
104	23	314.9948	137.6734	0
104	24	458.0843	103.4425	0
104	25	195.4128	231.8614	0
104	26	402.151	164.4945	0
104	27	432.153	179.354	0
104	28	32.77202	172.7965	0
104	29	449.5917	78.9368	0
104	30	422.4978	79.17523	0
104	31	130.6369	248.2142	0
104	32	499.2146	59.64352	0
104	33	489.7924	100.2132	0
104	34	215.505	133.8378	0
104	35	2.808064	296.1729	0
104	36	202.5058	171.7336	0
104	37	278.8543	145.1156	0
104	38	151.9332	269.959	0
104	39	425.7367	111.4984	0
104	40	503.0289	128.4872	0
104	41	243.069	167.5511	0
104	42	212.051	181.9768	0
104	43	282.4966	160.5086	0
105	1	250.0015	145.1849	0
105	2	451.3261	147.8365	0
105	3	250.7709	129.3824	0
105	4	318.2003	108.185	0
105	5	105.2262	223.176	0
105	6	322.0729	193.4298	0
105	7	235.8131	178.9521	0
105	8	223.7783	229.046	0
105	9	467.8407	149.6553	0
105	10	153.8576	197.6584	0
105	11	509.8669	84.87073	0
105	12	453.3471	91.03571	0
105	13	284.1968	111.2928	0
105	14	424.1117	142.232	0
105	15	459.683	116.2545	0
105	16	325.6756	153.3675	0
105	17	397.9216	129.0824	0
105	18	439.8895	119.9415	0
105	19	176.0511	216.1169	0
105	20	274.5365	199.4091	0
105	21	-2.553885	217.3609	0
105	22	45.87407	239.5346	0
105	23	314.9868	137.6447	0
105	24	458.1102	103.4403	0
105	25	195.3922	231.913	0
105	26	402.1555	164.4965	0
105	27	432.1447	179.3279	0
105	28	32.77573	172.7994	0
105	29	449.5976	78.93701	0
105	30	422.4973	79.18463	0
105	31	130.6356	248.2193	0
105	32	499.196	59.62732	0
105	33	489.8078	100.2017	0
105	34	215.5136	133.8358	0
105	35	2.810211	296.1775	0
105	36	202.5083	171.7375	0
105	37	278.8448	145.1096	0
105	38	151.9454	269.9488	0
105	39	425.7364	111.5067	0
105	40	503.0218	128.4903	0
105	41	243.0693	167.5539	0
105	42	212.0214	182.0037	0
105	43	282.4929	160.4841	0
106	1	249.999	145.1635	0
106	2	451.3067	147.8096	0
106	3	250.759	129.4163	0
106	4	318.2087	108.1645	0
106	5	105.1953	223.2264	0
106	6	322.063	193.3968	0
106	7	235.8131	178.9564	0
106	8	223.7496	229.1051	0
106	9	467.8262	149.6333	0
106	10	153.8922	197.6328	0
106	11	509.8688	84.88751	0
106	12	453.3404	91.0506	0
106	13	284.1881	111.3151	0
106	14	424.11	142.2325	0
106	15	459.69	116.2545	0
106	16	325.6662	153.3403	0
106	17	397.9225	129.1102	0
106	18	439.8942	119.939	0
106	19	176.0641	216.1092	0
106	20	274.5413	199.4117	0
106	21	-2.551587	217.3637	0
106	22	45.87983	239.5051	0
106	23	314.9782	137.6172	0
106	24	458.1337	103.4338	0
106	25	195.3685	231.9723	0
106	26	402.1603	164.4986	0
106	27	432.131	179.3015	0
106	28	32.77884	172.8019	0
106	29	449.6025	78.936	0
106	30	422.4944	79.20016	0
106	31	130.6333	248.2264	0
106	32	499.1776	59.61328	0
106	33	489.8195	100.1869	0
106	34	215.518	133.8369	0
106	35	2.812283	296.1823	0
106	36	202.5132	171.7403	0
106	37	278.8388	145.1066	0
106	38	151.9581	269.9383	0
106	39	425.7342	111.5204	0
106	40	503.0297	128.4866	0
106	41	243.0692	167.5576	0
106	42	212.0068	182.0122	0
106	43	282.4875	160.4604	0
107	1	249.9962	145.1424	0
107	2	451.2858	147.7851	0
107	3	250.7444	129.4547	0
107	4	318.2088	108.1431	0
107	5	105.1605	223.2798	0
107	6	322.0554	193.3647	0
107	7	235.8123	178.9626	0
107	8	223.7166	229.1582	0
107	9	467.8132	149.6117	0
107	10	153.9242	197.602	0
107	11	509.8741	84.90945	0
107	12	453.3349	91.05719	0
107	13	284.1797	111.3399	0
107	14	424.1105	142.2349	0
107	15	459.6975	116.2549	0
107	16	325.659	153.3137	0
107	17	397.923	129.1425	0
107	18	439.8981	119.9382	0
107	19	176.0751	216.1049	0
107	20	274.5465	199.4143	0
107	21	-2.549289	217.3665	0
107	22	45.88313	239.4788	0
107	23	314.9709	137.59	0
107	24	458.1525	103.422	0
107	25	195.3405	232.0356	0
107	26	402.1657	164.5008	0
107	27	432.1185	179.2761	0
107	28	32.78153	172.8044	0
107	29	449.6059	78.93231	0
107	30	422.4933	79.22095	0
107	31	130.6291	248.2351	0
107	32	499.158	59.59985	0
107	33	489.8266	100.1687	0
107	34	215.5156	133.8436	0
107	35	2.815579	296.1874	0
107	36	202.5175	171.7431	0
107	37	278.8367	145.1067	0
107	38	151.9711	269.9288	0
107	39	425.7335	111.5388	0
107	40	503.0569	128.4829	0
107	41	243.0683	167.5626	0
107	42	212.0128	182.007	0
107	43	282.4836	160.4372	0
108	1	249.9915	145.1221	0
108	2	451.2647	147.7629	0
108	3	250.7269	129.4951	0
108	4	318.2025	108.1208	0
108	5	105.1216	223.3351	0
108	6	322.0454	193.3331	0
108	7	235.81	178.9699	0
108	8	223.685	229.1974	0
108	9	467.7984	149.5906	0
108	10	153.9495	197.5716	0
108	11	509.8824	84.93423	0
108	12	453.3284	91.05435	0
108	13	284.1714	111.3683	0
108	14	424.1114	142.2377	0
108	15	459.7042	116.2551	0
108	16	325.6495	153.2877	0
108	17	397.9214	129.177	0
108	18	439.9	119.9406	0
108	19	176.0817	216.1043	0
108	20	274.553	199.4171	0
108	21	-2.546162	217.3696	0
108	22	45.88383	239.4542	0
108	23	314.9611	137.5636	0
108	24	458.1675	103.4064	0
108	25	195.3082	232.1013	0
108	26	402.1722	164.5021	0
108	27	432.1056	179.251	0
108	28	32.78334	172.8066	0
108	29	449.6093	78.92859	0
108	30	422.4946	79.24588	0
108	31	130.6245	248.2452	0
108	32	499.135	59.58728	0
108	33	489.8286	100.1507	0
108	34	215.5069	133.8571	0
108	35	2.823395	296.1898	0
108	36	202.5215	171.7455	0
108	37	278.8365	145.1086	0
108	38	151.987	269.9176	0
108	39	425.7347	111.5609	0
108	40	503.0804	128.4742	0
108	41	243.0665	167.5685	0
108	42	212.0489	182.0034	0
108	43	282.4775	160.4146	0
109	1	249.9855	145.1035	0
109	2	451.2402	147.7419	0
109	3	250.7055	129.5369	0
109	4	318.1953	108.0992	0
109	5	105.0786	223.3879	0
109	6	322.0333	193.3027	0
109	7	235.8081	178.9784	0
109	8	223.6639	229.218	0
109	9	467.7817	149.5706	0
109	10	153.973	197.541	0
109	11	509.8935	84.96225	0
109	12	453.3477	91.05377	0
109	13	284.1611	111.4006	0
109	14	424.1124	142.2416	0
109	15	459.7094	116.253	0
109	16	325.6379	153.2627	0
109	17	397.917	129.2128	0
109	18	439.9005	119.9477	0
109	19	176.0802	216.1113	0
109	20	274.5617	199.4175	0
109	21	-2.539871	217.3713	0
109	22	45.87957	239.4312	0
109	23	314.9491	137.5388	0
109	24	458.178	103.3871	0
109	25	195.2707	232.1657	0
109	26	402.1798	164.5025	0
109	27	432.0908	179.2268	0
109	28	32.78526	172.8088	0
109	29	449.6132	78.92532	0
109	30	422.4984	79.27374	0
109	31	130.6222	248.2536	0
109	32	499.1111	59.57544	0
109	33	489.827	100.1317	0
109	34	215.4934	133.8778	0
109	35	2.833736	296.191	0
109	36	202.5251	171.7477	0
109	37	278.8366	145.1112	0
109	38	152.0035	269.907	0
109	39	425.738	111.5857	0
109	40	503.0981	128.4593	0
109	41	243.0656	167.5745	0
109	42	212.0862	181.9928	0
109	43	282.4699	160.3931	0
110	1	249.9781	145.0868	0
110	2	451.2115	147.7219	0
110	3	250.6798	129.5754	0
110	4	318.1891	108.0781	0
110	5	105.0353	223.4307	0
110	6	322.02	193.2761	0
110	7	235.8082	178.9852	0
110	8	223.6541	229.2182	0
110	9	467.7651	149.5531	0
110	10	153.9887	197.512	0
110	11	509.9045	84.99454	0
110	12	453.3663	91.05014	0
110	13	284.1483	111.4345	0
110	14	424.113	142.2464	0
110	15	459.7131	116.2483	0
110	16	325.6255	153.241	0
110	17	397.9086	129.2468	0
110	18	439.899	119.9606	0
110	19	176.0707	216.1279	0
110	20	274.571	199.4183	0
110	21	-2.530868	217.3716	0
110	22	45.87098	239.4096	0
110	23	314.9364	137.5171	0
110	24	458.1833	103.3671	0
110	25	195.2298	232.2201	0
110	26	402.187	164.503	0
110	27	432.0746	179.2044	0
110	28	32.78833	172.8113	0
110	29	449.6182	78.92145	0
110	30	422.5018	79.30609	0
110	31	130.6227	248.26	0
110	32	499.0901	59.56534	0
110	33	489.8226	100.1136	0
110	34	215.4785	133.9048	0
110	35	2.844208	296.1917	0
110	36	202.5289	171.7497	0
110	37	278.8365	145.1145	0
110	38	152.0166	269.901	0
110	39	425.7409	111.6144	0
110	40	503.1111	128.4401	0
110	41	243.0664	167.5791	0
110	42	212.1221	181.9739	0
110	43	282.4613	160.3744	0
111	1	249.9678	145.0711	0
111	2	451.1849	147.7039	0
111	3	250.653	129.6049	0
111	4	318.1808	108.0577	0
111	5	105.0028	223.4568	0
111	6	322.0043	193.251	0
111	7	235.8109	178.99	0
111	8	223.6741	229.2142	0
111	9	467.7471	149.5364	0
111	10	153.9948	197.4812	0
111	11	509.9135	85.02869	0
111	12	453.382	91.04282	0
111	13	284.1321	111.4695	0
111	14	424.114	142.2519	0
111	15	459.7171	116.2436	0
111	16	325.6111	153.2203	0
111	17	397.8972	129.2736	0
111	18	439.8982	119.9784	0
111	19	176.0532	216.1549	0
111	20	274.58	199.4182	0
111	21	-2.521752	217.3719	0
111	22	45.86205	239.3909	0
111	23	314.9208	137.4962	0
111	24	458.1835	103.3466	0
111	25	195.1956	232.2558	0
111	26	402.1937	164.5032	0
111	27	432.0581	179.1845	0
111	28	32.79487	172.812	0
111	29	449.6234	78.91788	0
111	30	422.5028	79.34058	0
111	31	130.6272	248.2642	0
111	32	499.0733	59.55823	0
111	33	489.8111	100.0939	0
111	34	215.4628	133.9355	0
111	35	2.855396	296.1912	0
111	36	202.5334	171.752	0
111	37	278.8357	145.1188	0
111	38	152.0254	269.8995	0
111	39	425.742	111.645	0
111	40	503.1187	128.4167	0
111	41	243.0695	167.5823	0
111	42	212.1565	181.9488	0
111	43	282.4503	160.3565	0
112	1	249.9538	145.0561	0
112	2	451.1624	147.6909	0
112	3	250.633	129.6215	0
112	4	318.171	108.0386	0
112	5	104.9871	223.465	0
112	6	321.9838	193.2274	0
112	7	235.8166	178.9933	0
112	8	223.7077	229.2072	0
112	9	467.7254	149.5206	0
112	10	153.9954	197.4509	0
112	11	509.9194	85.06403	0
112	12	453.3946	91.0322	0
112	13	284.1122	111.501	0
112	14	424.1158	142.2568	0
112	15	459.7217	116.2394	0
112	16	325.5918	153.2007	0
112	17	397.8868	129.2896	0
112	18	439.8997	120.0008	0
112	19	176.033	216.1911	0
112	20	274.5887	199.4161	0
112	21	-2.512108	217.3717	0
112	22	45.85201	239.3781	0
112	23	314.9	137.4765	0
112	24	458.182	103.3268	0
112	25	195.177	232.2706	0
112	26	402.1988	164.4989	0
112	27	432.0391	179.1656	0
112	28	32.80229	172.8128	0
112	29	449.6282	78.91608	0
112	30	422.5006	79.37665	0
112	31	130.632	248.2681	0
112	32	499.062	59.55371	0
112	33	489.7955	100.074	0
112	34	215.4467	133.9704	0
112	35	2.870295	296.1818	0
112	36	202.5399	171.7532	0
112	37	278.8346	145.1237	0
112	38	152.0247	269.9073	0
112	39	425.7406	111.6768	0
112	40	503.12	128.3934	0
112	41	243.074	167.5848	0
112	42	212.1885	181.9179	0
112	43	282.4352	160.3397	0
113	1	249.9397	145.0426	0
113	2	451.1455	147.682	0
113	3	250.6235	129.6248	0
113	4	318.1602	108.022	0
113	5	104.9921	223.4595	0
113	6	321.9605	193.2056	0
113	7	235.8218	178.9967	0
113	8	223.7411	229.1931	0
113	9	467.7034	149.506	0
113	10	153.9984	197.4217	0
113	11	509.9203	85.09644	0
113	12	453.4041	91.01901	0
113	13	284.0917	111.5242	0
113	14	424.1189	142.2605	0
113	15	459.7273	116.2343	0
113	16	325.5708	153.1827	0
113	17	397.8796	129.2944	0
113	18	439.9037	120.0258	0
113	19	176.0112	216.2347	0
113	20	274.597	199.4086	0
113	21	-2.499602	217.3654	0
113	22	45.84395	239.3697	0
113	23	314.8785	137.4584	0
113	24	458.1726	103.3056	0
113	25	195.1741	232.2644	0
113	26	402.2034	164.4933	0
113	27	432.0163	179.1477	0
113	28	32.8101	172.813	0
113	29	449.6317	78.91602	0
113	30	422.494	79.41101	0
113	31	130.6362	248.2714	0
113	32	499.0567	59.55246	0
113	33	489.7816	100.0549	0
113	34	215.4277	134.0102	0
113	35	2.886305	296.1702	0
113	36	202.548	171.7534	0
113	37	278.8342	145.1284	0
113	38	152.014	269.9274	0
113	39	425.7356	111.7074	0
113	40	503.1172	128.3689	0
113	41	243.0779	167.5872	0
113	42	212.2143	181.8853	0
113	43	282.4187	160.3243	0
114	1	249.9267	145.0326	0
114	2	451.1359	147.6778	0
114	3	250.6335	129.6217	0
114	4	318.1469	108.0061	0
114	5	105.0247	223.4558	0
114	6	321.9393	193.1871	0
114	7	235.8266	178.9996	0
114	8	223.7733	229.1709	0
114	9	467.6842	149.4941	0
114	10	153.9999	197.3925	0
114	11	509.9171	85.12057	0
114	12	453.4099	91.00403	0
114	13	284.0768	111.5365	0
114	14	424.1237	142.263	0
114	15	459.733	116.2302	0
114	16	325.5519	153.1676	0
114	17	397.8811	129.2909	0
114	18	439.9083	120.0548	0
114	19	175.9888	216.284	0
114	20	274.6056	199.4009	0
114	21	-2.485702	217.3571	0
114	22	45.83915	239.3665	0
114	23	314.8593	137.4439	0
114	24	458.158	103.2838	0
114	25	195.2106	232.2619	0
114	26	402.2081	164.488	0
114	27	431.9945	179.1315	0
114	28	32.81843	172.8122	0
114	29	449.6333	78.91913	0
114	30	422.4833	79.43817	0
114	31	130.6399	248.2747	0
114	32	499.0565	59.55365	0
114	33	489.7668	100.036	0
114	34	215.4056	134.0522	0
114	35	2.902371	296.1594	0
114	36	202.5561	171.7537	0
114	37	278.8353	145.132	0
114	38	151.9929	269.9613	0
114	39	425.7271	111.7319	0
114	40	503.1112	128.3456	0
114	41	243.0815	167.5895	0
114	42	212.2351	181.8529	0
114	43	282.4037	160.3117	0
115	1	249.9162	145.0258	0
115	2	451.1333	147.6781	0
115	3	250.6624	129.6184	0
115	4	318.1295	107.991	0
115	5	105.06	223.4455	0
115	6	321.921	193.1746	0
115	7	235.8307	179.0023	0
115	8	223.8038	229.1433	0
115	9	467.669	149.4859	0
115	10	153.9995	197.3645	0
115	11	509.9119	85.13379	0
115	12	453.4106	90.98941	0
115	13	284.069	111.5377	0
115	14	424.1286	142.2652	0
115	15	459.7385	116.2281	0
115	16	325.5357	153.1572	0
115	17	397.9045	129.2888	0
115	18	439.9112	120.0864	0
115	19	175.9629	216.3403	0
115	20	274.6145	199.3939	0
115	21	-2.471726	217.3494	0
115	22	45.83787	239.3675	0
115	23	314.8433	137.4341	0
115	24	458.1441	103.2628	0
115	25	195.249	232.2511	0
115	26	402.2141	164.4829	0
115	27	431.9755	179.1195	0
115	28	32.82915	172.8064	0
115	29	449.6337	78.92648	0
115	30	422.4722	79.45435	0
115	31	130.6434	248.2777	0
115	32	499.058	59.55585	0
115	33	489.7503	100.0179	0
115	34	215.3796	134.0956	0
115	35	2.920471	296.1485	0
115	36	202.5641	171.7536	0
115	37	278.8383	145.1345	0
115	38	151.9673	270.0071	0
115	39	425.7184	111.7467	0
115	40	503.0968	128.3206	0
115	41	243.0847	167.5915	0
115	42	212.2519	181.8222	0
115	43	282.3908	160.3032	0
116	1	249.9096	145.0225	0
116	2	451.1345	147.681	0
116	3	250.6914	129.6104	0
116	4	318.1114	107.9773	0
116	5	105.096	223.4276	0
116	6	321.9081	193.1668	0
116	7	235.835	179.0049	0
116	8	223.8309	229.1108	0
116	9	467.6591	149.4811	0
116	10	153.9969	197.3394	0
116	11	509.9057	85.13608	0
116	12	453.4111	90.97464	0
116	13	284.0803	111.5352	0
116	14	424.1331	142.267	0
116	15	459.7424	116.2284	0
116	16	325.5247	153.1508	0
116	17	397.9264	129.2826	0
116	18	439.9117	120.1195	0
116	19	175.9329	216.3998	0
116	20	274.6256	199.3858	0
116	21	-2.456733	217.3419	0
116	22	45.8371	239.3708	0
116	23	314.8329	137.4285	0
116	24	458.1301	103.2421	0
116	25	195.2864	232.2313	0
116	26	402.2209	164.4764	0
116	27	431.9611	179.1114	0
116	28	32.84026	172.8	0
116	29	449.6324	78.93906	0
116	30	422.4648	79.45987	0
116	31	130.6474	248.281	0
116	32	499.0595	59.55856	0
116	33	489.733	100.0017	0
116	34	215.3494	134.1354	0
116	35	2.94249	296.1349	0
116	36	202.5724	171.7487	0
116	37	278.8423	145.1365	0
116	38	151.9387	270.0634	0
116	39	425.7125	111.752	0
116	40	503.0776	128.2954	0
116	41	243.0881	167.5935	0
116	42	212.2576	181.7901	0
116	43	282.382	160.2982	0
117	1	249.9072	145.0226	0
117	2	451.1361	147.6846	0
117	3	250.7186	129.5964	0
117	4	318.0951	107.9662	0
117	5	105.1323	223.4038	0
117	6	321.9015	193.1644	0
117	7	235.8396	179.0078	0
117	8	223.8512	229.0788	0
117	9	467.6548	149.4799	0
117	10	153.9922	197.3161	0
117	11	509.9123	85.13309	0
117	12	453.4062	90.9595	0
117	13	284.1054	111.532	0
117	14	424.1374	142.2689	0
117	15	459.7441	116.2331	0
117	16	325.5194	153.1491	0
117	17	397.945	129.2715	0
117	18	439.9091	120.1524	0
117	19	175.8984	216.4615	0
117	20	274.6373	199.3781	0
117	21	-2.43835	217.3326	0
117	22	45.83602	239.3749	0
117	23	314.8287	137.4275	0
117	24	458.1143	103.2223	0
117	25	195.3228	232.2038	0
117	26	402.227	164.4722	0
117	27	431.9523	179.1074	0
117	28	32.85145	172.7943	0
117	29	449.6326	78.95605	0
117	30	422.465	79.45642	0
117	31	130.6532	248.2839	0
117	32	499.0616	59.56229	0
117	33	489.7153	99.987	0
117	34	215.3189	134.1657	0
117	35	2.959987	296.1262	0
117	36	202.5811	171.7422	0
117	37	278.8458	145.1383	0
117	38	151.9095	270.1248	0
117	39	425.7122	111.749	0
117	40	503.0603	128.2712	0
117	41	243.0921	167.5957	0
117	42	212.2556	181.7576	0
117	43	282.3779	160.2971	0
118	1	249.9069	145.0249	0
118	2	451.138	147.6896	0
118	3	250.7441	129.5784	0
118	4	318.0817	107.9587	0
118	5	105.1675	223.3749	0
118	6	321.9003	193.1663	0
118	7	235.8463	179.01	0
118	8	223.8696	229.0454	0
118	9	467.6549	149.4815	0
118	10	153.9831	197.2942	0
118	11	509.9364	85.13052	0
118	12	453.3963	90.94342	0
118	13	284.1299	111.5248	0
118	14	424.1418	142.2704	0
118	15	459.7445	116.2434	0
118	16	325.519	153.1507	0
118	17	397.9609	129.2566	0
118	18	439.9023	120.1804	0
118	19	175.8588	216.5207	0
118	20	274.6469	199.3738	0
118	21	-2.423433	217.3266	0
118	22	45.8335	239.3808	0
118	23	314.8287	137.4297	0
118	24	458.0972	103.2041	0
118	25	195.3573	232.1698	0
118	26	402.2329	164.4702	0
118	27	431.9493	179.1073	0
118	28	32.86482	172.788	0
118	29	449.6352	78.97672	0
118	30	422.4918	79.45496	0
118	31	130.6622	248.2842	0
118	32	499.0634	59.56641	0
118	33	489.6953	99.97308	0
118	34	215.2968	134.1826	0
118	35	2.973944	296.1217	0
118	36	202.59	171.7361	0
118	37	278.849	145.14	0
118	38	151.8763	270.1964	0
118	39	425.7339	111.7476	0
118	40	503.042	128.2472	0
118	41	243.098	167.5968	0
118	42	212.254	181.7263	0
118	43	282.3773	160.299	0
119	1	249.9068	145.0278	0
119	2	451.1395	147.6961	0
119	3	250.7669	129.556	0
119	4	318.0728	107.9545	0
119	5	105.1978	223.3448	0
119	6	321.9006	193.1703	0
119	7	235.8552	179.0104	0
119	8	223.8808	229.0136	0
119	9	467.6563	149.484	0
119	10	153.9695	197.2736	0
119	11	509.9573	85.12399	0
119	12	453.3851	90.92767	0
119	13	284.1526	111.5129	0
119	14	424.1467	142.2719	0
119	15	459.7438	116.2601	0
119	16	325.5198	153.1538	0
119	17	397.9735	129.2384	0
119	18	439.8938	120.1991	0
119	19	175.8174	216.5692	0
119	20	274.6538	199.3729	0
119	21	-2.411341	217.3238	0
119	22	45.82881	239.3882	0
119	23	314.8295	137.433	0
119	24	458.0798	103.1879	0
119	25	195.3867	232.1323	0
119	26	402.2359	164.4716	0
119	27	431.9497	179.1099	0
119	28	32.88006	172.7811	0
119	29	449.6403	78.99973	0
119	30	422.5166	79.44946	0
119	31	130.6713	248.285	0
119	32	499.0662	59.5712	0
119	33	489.6724	99.95984	0
119	34	215.2862	134.1855	0
119	35	2.977429	296.1249	0
119	36	202.5999	171.7303	0
119	37	278.8521	145.1414	0
119	38	151.8383	270.2729	0
119	39	425.754	111.7425	0
119	40	503.0218	128.2242	0
119	41	243.105	167.5974	0
119	42	212.2528	181.6953	0
119	43	282.3774	160.302	0
120	1	249.9064	145.0316	0
120	2	451.1414	147.7037	0
120	3	250.7842	129.5334	0
120	4	318.069	107.9539	0
120	5	105.2238	223.3137	0
120	6	321.9009	193.1751	0
120	7	235.8641	179.0111	0
120	8	223.8827	228.9803	0
120	9	467.6576	149.4873	0
120	10	153.9563	197.2554	0
120	11	509.9728	85.11252	0
120	12	453.3752	90.91241	0
120	13	284.1736	111.4977	0
120	14	424.1523	142.2735	0
120	15	459.7451	116.2823	0
120	16	325.5204	153.1577	0
120	17	397.9816	129.2194	0
120	18	439.8875	120.2078	0
120	19	175.7849	216.5992	0
120	20	274.6547	199.3786	0
120	21	-2.407385	217.326	0
120	22	45.82329	239.3969	0
120	23	314.83	137.4373	0
120	24	458.0601	103.1726	0
120	25	195.4088	232.0953	0
120	26	402.2362	164.4791	0
120	27	431.9507	179.1132	0
120	28	32.89189	172.7771	0
120	29	449.6455	79.02649	0
120	30	422.5372	79.43887	0
120	31	130.6806	248.2851	0
120	32	499.0696	59.57498	0
120	33	489.651	99.94788	0
120	34	215.2967	134.1819	0
120	35	2.966241	296.141	0
120	36	202.6118	171.7231	0
120	37	278.8555	145.1427	0
120	38	151.7951	270.3523	0
120	39	425.7705	111.733	0
120	40	503.0006	128.2035	0
120	41	243.1118	167.5977	0
120	42	212.2492	181.6652	0
120	43	282.3773	160.3057	0
121	1	249.9052	145.0365	0
121	2	451.1446	147.7106	0
121	3	250.7986	129.5107	0
121	4	318.0687	107.9559	0
121	5	105.2462	223.2839	0
121	6	321.901	193.1817	0
121	7	235.8727	179.0117	0
121	8	223.8796	228.9477	0
121	9	467.6592	149.4919	0
121	10	153.9433	197.2427	0
121	11	509.9842	85.09775	0
121	12	453.3638	90.89752	0
121	13	284.1916	111.4793	0
121	14	424.1587	142.2737	0
121	15	459.7489	116.3086	0
121	16	325.5207	153.1633	0
121	17	397.9853	129.2	0
121	18	439.8813	120.2052	0
121	19	175.7689	216.6094	0
121	20	274.6498	199.3931	0
121	21	-2.416276	217.3371	0
121	22	45.82001	239.4043	0
121	23	314.8299	137.4433	0
121	24	458.0368	103.158	0
121	25	195.4294	232.0597	0
121	26	402.2337	164.4937	0
121	27	431.9519	179.1176	0
121	28	32.90055	172.7757	0
121	29	449.649	79.05524	0
121	30	422.554	79.42441	0
121	31	130.6907	248.281	0
121	32	499.0748	59.57742	0
121	33	489.633	99.93918	0
121	34	215.327	134.1783	0
121	35	2.939627	296.1718	0
121	36	202.6217	171.7186	0
121	37	278.8596	145.1443	0
121	38	151.7463	270.43	0
121	39	425.7841	111.72	0
121	40	502.9791	128.1847	0
121	41	243.1185	167.5976	0
121	42	212.2433	181.6373	0
121	43	282.3768	160.3107	0
122	1	249.9035	145.0421	0
122	2	451.1494	147.7158	0
122	3	250.8083	129.4893	0
122	4	318.069	107.9587	0
122	5	105.2587	223.2532	0
122	6	321.9	193.1896	0
122	7	235.8814	179.0074	0
122	8	223.8786	228.9162	0
122	9	467.6606	149.4972	0
122	10	153.9331	197.2343	0
122	11	509.9904	85.07959	0
122	12	453.351	90.88345	0
122	13	284.2047	111.4613	0
122	14	424.1658	142.2742	0
122	15	459.755	116.3374	0
122	16	325.52	153.1698	0
122	17	397.9874	129.1811	0
122	18	439.9015	120.2044	0
122	19	175.7731	216.6038	0
122	20	274.6385	199.418	0
122	21	-2.43786	217.3585	0
122	22	45.81945	239.4099	0
122	23	314.829	137.4501	0
122	24	458.0143	103.1447	0
122	25	195.4387	232.0239	0
122	26	402.2302	164.5153	0
122	27	431.9528	179.1234	0
122	28	32.90104	172.7791	0
122	29	449.6498	79.08536	0
122	30	422.5669	79.40637	0
122	31	130.7019	248.2721	0
122	32	499.0809	59.57925	0
122	33	489.6197	99.93326	0
122	34	215.3579	134.1698	0
122	35	2.902559	296.2161	0
122	36	202.6303	171.7165	0
122	37	278.865	145.1448	0
122	38	151.695	270.4954	0
122	39	425.7943	111.7038	0
122	40	502.9548	128.167	0
122	41	243.1251	167.5931	0
122	42	212.2359	181.6124	0
122	43	282.3755	160.3165	0
123	1	249.9027	145.0475	0
123	2	451.1564	147.7194	0
123	3	250.8094	129.4662	0
123	4	318.0692	107.9623	0
123	5	105.2641	223.2222	0
123	6	321.8995	193.1987	0
123	7	235.8902	179.0001	0
123	8	223.8758	228.885	0
123	9	467.6629	149.5032	0
123	10	153.9271	197.2309	0
123	11	509.9913	85.06155	0
123	12	453.3382	90.87131	0
123	13	284.2154	111.4422	0
123	14	424.1721	142.2742	0
123	15	459.7614	116.3712	0
123	16	325.52	153.1772	0
123	17	397.9824	129.1613	0
123	18	439.9225	120.2001	0
123	19	175.809	216.6001	0
123	20	274.6258	199.4518	0
123	21	-2.468901	217.3899	0
123	22	45.82272	239.4136	0
123	23	314.829	137.4574	0
123	24	457.9949	103.1345	0
123	25	195.4392	231.9872	0
123	26	402.2289	164.5432	0
123	27	431.9539	179.1301	0
123	28	32.89194	172.7895	0
123	29	449.6472	79.11444	0
123	30	422.5744	79.38687	0
123	31	130.7134	248.2635	0
123	32	499.0865	59.58127	0
123	33	489.6121	99.93051	0
123	34	215.3877	134.1553	0
123	35	2.858918	296.2733	0
123	36	202.6339	171.7185	0
123	37	278.8712	145.1451	0
123	38	151.6534	270.5382	0
123	39	425.8003	111.6863	0
123	40	502.9272	128.1501	0
123	41	243.1319	167.5875	0
123	42	212.2248	181.5887	0
123	43	282.3746	160.323	0
124	1	249.9036	145.0516	0
124	2	451.1635	147.7225	0
124	3	250.8051	129.4428	0
124	4	318.0689	107.967	0
124	5	105.269	223.1925	0
124	6	321.9008	193.2061	0
124	7	235.8991	178.993	0
124	8	223.8712	228.8549	0
124	9	467.666	149.5078	0
124	10	153.9256	197.2316	0
124	11	509.9883	85.04254	0
124	12	453.324	90.85965	0
124	13	284.2218	111.424	0
124	14	424.1777	142.273	0
124	15	459.7657	116.4071	0
124	16	325.5215	153.183	0
124	17	397.9725	129.1409	0
124	18	439.9401	120.1914	0
124	19	175.8467	216.5891	0
124	20	274.6127	199.4935	0
124	21	-2.505817	217.4306	0
124	22	45.82645	239.417	0
124	23	314.8309	137.463	0
124	24	457.98	103.1276	0
124	25	195.4377	231.9519	0
124	26	402.2296	164.5752	0
124	27	431.9559	179.1366	0
124	28	32.872	172.8085	0
124	29	449.6405	79.13794	0
124	30	422.5767	79.36786	0
124	31	130.7253	248.2557	0
124	32	499.0917	59.58279	0
124	33	489.6099	99.93088	0
124	34	215.4162	134.1366	0
124	35	2.81104	296.3388	0
124	36	202.6302	171.7273	0
124	37	278.8771	145.1451	0
124	38	151.6308	270.5556	0
124	39	425.802	111.6692	0
124	40	502.9014	128.1349	0
124	41	243.1387	167.5825	0
124	42	212.2079	181.5662	0
124	43	282.3754	160.328	0
125	1	249.9069	145.0544	0
125	2	451.17	147.7252	0
125	3	250.8023	129.4204	0
125	4	318.0681	107.9723	0
125	5	105.2743	223.163	0
125	6	321.9044	193.2114	0
125	7	235.9089	178.9866	0
125	8	223.8647	228.828	0
125	9	467.671	149.5111	0
125	10	153.9253	197.2348	0
125	11	509.9827	85.02435	0
125	12	453.3072	90.84872	0
125	13	284.2208	111.4043	0
125	14	424.1817	142.2684	0
125	15	459.7672	116.4445	0
125	16	325.5254	153.1871	0
125	17	397.963	129.1213	0
125	18	439.9542	120.1786	0
125	19	175.8836	216.5692	0
125	20	274.6006	199.5385	0
125	21	-2.546652	217.476	0
125	22	45.82951	239.42	0
125	23	314.8355	137.4668	0
125	24	457.971	103.124	0
125	25	195.4382	231.917	0
125	26	402.2317	164.6119	0
125	27	431.9591	179.1416	0
125	28	32.846	172.8348	0
125	29	449.6328	79.15247	0
125	30	422.5778	79.34952	0
125	31	130.7401	248.2459	0
125	32	499.0968	59.58408	0
125	33	489.6106	99.93304	0
125	34	215.4422	134.1139	0
125	35	2.758	296.414	0
125	36	202.6194	171.7442	0
125	37	278.8828	145.1447	0
125	38	151.6279	270.5474	0
125	39	425.8027	111.6528	0
125	40	502.8798	128.124	0
125	41	243.147	167.5773	0
125	42	212.1905	181.5459	0
125	43	282.3782	160.3315	0
126	1	249.9112	145.0567	0
126	2	451.1762	147.728	0
126	3	250.7989	129.3981	0
126	4	318.0679	107.9779	0
126	5	105.2773	223.1345	0
126	6	321.9107	193.215	0
126	7	235.9211	178.9782	0
126	8	223.856	228.8031	0
126	9	467.6768	149.5134	0
126	10	153.925	197.2386	0
126	11	509.9695	85.00452	0
126	12	453.2895	90.83853	0
126	13	284.2155	111.3846	0
126	14	424.1859	142.2636	0
126	15	459.7643	116.4802	0
126	16	325.5314	153.19	0
126	17	397.9536	129.1021	0
126	18	439.9651	120.1627	0
126	19	175.9198	216.5428	0
126	20	274.587	199.5915	0
126	21	-2.591555	217.5283	0
126	22	45.83194	239.4231	0
126	23	314.8419	137.4698	0
126	24	457.9677	103.1239	0
126	25	195.436	231.883	0
126	26	402.232	164.653	0
126	27	431.9644	179.1451	0
126	28	32.81583	172.8679	0
126	29	449.627	79.15805	0
126	30	422.5708	79.32996	0
126	31	130.7542	248.2377	0
126	32	499.1023	59.58508	0
126	33	489.6118	99.9357	0
126	34	215.4626	134.0912	0
126	35	2.697954	296.4966	0
126	36	202.6042	171.769	0
126	37	278.8882	145.1407	0
126	38	151.6694	270.5437	0
126	39	425.7969	111.6354	0
126	40	502.8638	128.1165	0
126	41	243.1566	167.5711	0
126	42	212.1743	181.5304	0
126	43	282.3831	160.334	0
127	1	249.915	145.0587	0
127	2	451.1824	147.7304	0
127	3	250.7936	129.3768	0
127	4	318.0694	107.9823	0
127	5	105.2785	223.1079	0
127	6	321.9168	193.2186	0
127	7	235.9322	178.972	0
127	8	223.843	228.7798	0
127	9	467.682	149.5158	0
127	10	153.9237	197.2441	0
127	11	509.952	84.98434	0
127	12	453.2739	90.83002	0
127	13	284.2118	111.3656	0
127	14	424.1904	142.2593	0
127	15	459.7574	116.5083	0
127	16	325.5369	153.1931	0
127	17	397.9426	129.0835	0
127	18	439.972	120.1442	0
127	19	175.9541	216.51	0
127	20	274.5698	199.6483	0
127	21	-2.642183	217.5869	0
127	22	45.83387	239.4261	0
127	23	314.8474	137.4727	0
127	24	457.9682	103.1261	0
127	25	195.4317	231.8504	0
127	26	402.2299	164.6958	0
127	27	431.9702	179.1478	0
127	28	32.78351	172.9051	0
127	29	449.6241	79.15506	0
127	30	422.5579	79.30945	0
127	31	130.7659	248.2333	0
127	32	499.1081	59.5863	0
127	33	489.6134	99.93924	0
127	34	215.4801	134.0674	0
127	35	2.63269	296.5823	0
127	36	202.5875	171.8012	0
127	37	278.8938	145.1362	0
127	38	151.714	270.5299	0
127	39	425.7864	111.6174	0
127	40	502.8547	128.1131	0
127	41	243.1645	167.5673	0
127	42	212.1605	181.5199	0
127	43	282.3874	160.3365	0
128	1	249.9186	145.0606	0
128	2	451.1892	147.7328	0
128	3	250.7866	129.3574	0
128	4	318.0729	107.9852	0
128	5	105.2773	223.0842	0
128	6	321.9223	193.2215	0
128	7	235.9422	178.9686	0
128	8	223.8262	228.7579	0
128	9	467.6869	149.5179	0
128	10	153.9206	197.251	0
128	11	509.9363	84.965	0
128	12	453.2614	90.82416	0
128	13	284.2071	111.3468	0
128	14	424.1962	142.2543	0
128	15	459.7496	116.5251	0
128	16	325.5419	153.1956	0
128	17	397.9303	129.0663	0
128	18	439.9731	120.1263	0
128	19	175.9827	216.4753	0
128	20	274.5486	199.7076	0
128	21	-2.697182	217.648	0
128	22	45.83602	239.4292	0
128	23	314.8526	137.4754	0
128	24	457.9693	103.1289	0
128	25	195.4256	231.8218	0
128	26	402.2241	164.7395	0
128	27	431.9754	179.1503	0
128	28	32.74722	172.9482	0
128	29	449.6465	79.15433	0
128	30	422.5454	79.28964	0
128	31	130.7728	248.233	0
128	32	499.115	59.58734	0
128	33	489.6148	99.9437	0
128	34	215.4927	134.0448	0
128	35	2.561023	296.6693	0
128	36	202.5699	171.8369	0
128	37	278.8995	145.1322	0
128	38	151.7585	270.5056	0
128	39	425.7762	111.6001	0
128	40	502.8521	128.1135	0
128	41	243.1712	167.5655	0
128	42	212.1516	181.5144	0
128	43	282.3914	160.3386	0
129	1	249.9219	145.0622	0
129	2	451.1971	147.7354	0
129	3	250.7785	129.3398	0
129	4	318.0782	107.9874	0
129	5	105.2726	223.0618	0
129	6	321.9275	193.2243	0
129	7	235.9475	178.9691	0
129	8	223.8099	228.7389	0
129	9	467.6917	149.5198	0
129	10	153.9169	197.2592	0
129	11	509.9197	84.94586	0
129	12	453.253	90.82053	0
129	13	284.2007	111.3289	0
129	14	424.2023	142.2495	0
129	15	459.7431	116.5304	0
129	16	325.5465	153.198	0
129	17	397.9175	129.0511	0
129	18	439.9744	120.1087	0
129	19	176.0059	216.4407	0
129	20	274.5225	199.7656	0
129	21	-2.757529	217.7104	0
129	22	45.84015	239.4321	0
129	23	314.8574	137.4778	0
129	24	457.9707	103.1326	0
129	25	195.4163	231.7944	0
129	26	402.2136	164.779	0
129	27	431.9803	179.1526	0
129	28	32.70627	172.9949	0
129	29	449.667	79.14996	0
129	30	422.5335	79.27017	0
129	31	130.7702	248.2413	0
129	32	499.1223	59.58743	0
129	33	489.6168	99.94864	0
129	34	215.4964	134.0204	0
129	35	2.485306	296.7477	0
129	36	202.5515	171.8781	0
129	37	278.9064	145.1279	0
129	38	151.803	270.472	0
129	39	425.7664	111.5829	0
129	40	502.8531	128.1162	0
129	41	243.1736	167.5676	0
129	42	212.1483	181.5138	0
129	43	282.3952	160.3405	0
130	1	249.9256	145.0638	0
130	2	451.2057	147.7361	0
130	3	250.7672	129.3232	0
130	4	318.0828	107.9897	0
130	5	105.2627	223.0406	0
130	6	321.933	193.2268	0
130	7	235.9456	178.9769	0
130	8	223.795	228.7259	0
130	9	467.6969	149.5216	0
130	10	153.9151	197.2662	0
130	11	509.9013	84.92761	0
130	12	453.249	90.81967	0
130	13	284.1932	111.313	0
130	14	424.2077	142.247	0
130	15	459.7433	116.5266	0
130	16	325.5514	153.2002	0
130	17	397.9026	129.0366	0
130	18	439.9697	120.091	0
130	19	176.0257	216.408	0
130	20	274.4926	199.8142	0
130	21	-2.821229	217.7669	0
130	22	45.84768	239.4325	0
130	23	314.8625	137.48	0
130	24	457.972	103.1373	0
130	25	195.401	231.7687	0
130	26	402.2008	164.8083	0
130	27	431.9854	179.1546	0
130	28	32.66144	173.0437	0
130	29	449.6836	79.14148	0
130	30	422.5196	79.2514	0
130	31	130.7584	248.2599	0
130	32	499.1297	59.5878	0
130	33	489.6195	99.95328	0
130	34	215.4944	133.996	0
130	35	2.417556	296.8061	0
130	36	202.5297	171.9243	0
130	37	278.9142	145.1232	0
130	38	151.8457	270.4312	0
130	39	425.7551	111.5664	0
130	40	502.8546	128.1195	0
130	41	243.1707	167.5756	0
130	42	212.1481	181.5166	0
130	43	282.3992	160.3422	0
131	1	249.9301	145.0655	0
131	2	451.2156	147.7371	0
131	3	250.7515	129.3074	0
131	4	318.0871	107.9915	0
131	5	105.2513	223.0216	0
131	6	321.9391	193.2296	0
131	7	235.937	178.9937	0
131	8	223.7836	228.7174	0
131	9	467.7025	149.5237	0
131	10	153.9158	197.2715	0
131	11	509.8821	84.91129	0
131	12	453.2488	90.82083	0
131	13	284.1843	111.2983	0
131	14	424.2119	142.2466	0
131	15	459.7679	116.5247	0
131	16	325.5566	153.2027	0
131	17	397.8843	129.0228	0
131	18	439.9594	120.0722	0
131	19	176.0343	216.3742	0
131	20	274.4666	199.8459	0
131	21	-2.879053	217.8091	0
131	22	45.85526	239.4336	0
131	23	314.8683	137.4825	0
131	24	457.9734	103.1426	0
131	25	195.3838	231.7452	0
131	26	402.1905	164.8239	0
131	27	431.9909	179.1566	0
131	28	32.61221	173.0922	0
131	29	449.6969	79.12964	0
131	30	422.5039	79.2341	0
131	31	130.7378	248.2901	0
131	32	499.1364	59.58829	0
131	33	489.6234	99.95676	0
131	34	215.4937	133.9725	0
131	35	2.375818	296.8368	0
131	36	202.5047	171.9727	0
131	37	278.9205	145.1205	0
131	38	151.8828	270.3868	0
131	39	425.7423	111.551	0
131	40	502.8566	128.124	0
131	41	243.1622	167.5908	0
131	42	212.1483	181.5204	0
131	43	282.4038	160.3441	0
132	1	249.9362	145.066	0
132	2	451.2243	147.7373	0
132	3	250.7363	129.293	0
132	4	318.0912	107.993	0
132	5	105.2399	223.0071	0
132	6	321.9467	193.2319	0
132	7	235.9226	179.0197	0
132	8	223.777	228.7142	0
132	9	467.709	149.525	0
132	10	153.9199	197.2751	0
132	11	509.8626	84.89642	0
132	12	453.2495	90.82285	0
132	13	284.1725	111.2845	0
132	14	424.2137	142.2502	0
132	15	459.7902	116.5184	0
132	16	325.5637	153.2045	0
132	17	397.8663	129.0103	0
132	18	439.9475	120.0538	0
132	19	176.035	216.3399	0
132	20	274.4512	199.8591	0
132	21	-2.916083	217.8316	0
132	22	45.86324	239.434	0
132	23	314.876	137.4839	0
132	24	457.9757	103.1479	0
132	25	195.3678	231.7263	0
132	26	402.1836	164.825	0
132	27	431.9972	179.1588	0
132	28	32.5606	173.1341	0
132	29	449.7067	79.11484	0
132	30	422.4883	79.21887	0
132	31	130.7133	248.3301	0
132	32	499.1408	59.58597	0
132	33	489.6287	99.95911	0
132	34	215.4922	133.9492	0
132	35	2.363594	296.8368	0
132	36	202.4753	172.022	0
132	37	278.9256	145.1197	0
132	38	151.9122	270.3421	0
132	39	425.7295	111.5375	0
132	40	502.8585	128.1296	0
132	41	243.1508	167.6125	0
132	42	212.1478	181.5256	0
132	43	282.4098	160.3455	0
133	1	249.9432	145.0665	0
133	2	451.2318	147.7362	0
133	3	250.7224	129.2826	0
133	4	318.0957	107.9944	0
133	5	105.2295	222.9975	0
133	6	321.9561	193.2321	0
133	7	235.9071	179.0541	0
133	8	223.7753	228.7154	0
133	9	467.7162	149.5253	0
133	10	153.9245	197.2784	0
133	11	509.8409	84.88248	0
133	12	453.2504	90.82529	0
133	13	284.1573	111.2714	0
133	14	424.2136	142.2593	0
133	15	459.8081	116.507	0
133	16	325.5722	153.2049	0
133	17	397.8506	129.0008	0
133	18	439.9373	120.0359	0
133	19	176.0356	216.3071	0
133	20	274.4456	199.8528	0
133	21	-2.928627	217.8329	0
133	22	45.87252	239.4309	0
133	23	314.8852	137.4844	0
133	24	457.9791	103.1519	0
133	25	195.3534	231.7136	0
133	26	402.1978	164.8222	0
133	27	432.0044	179.1595	0
133	28	32.51673	173.1627	0
133	29	449.712	79.09839	0
133	30	422.4704	79.20428	0
133	31	130.6861	248.3778	0
133	32	499.1439	59.58188	0
133	33	489.6342	99.96118	0
133	34	215.4887	133.927	0
133	35	2.39503	296.8317	0
133	36	202.4419	172.0666	0
133	37	278.9272	145.1222	0
133	38	151.9395	270.2983	0
133	39	425.7149	111.5245	0
133	40	502.8611	128.136	0
133	41	243.1391	167.6405	0
133	42	212.146	181.5325	0
133	43	282.4172	160.3456	0
134	1	249.95	145.0665	0
134	2	451.2368	147.7298	0
134	3	250.7112	129.2754	0
134	4	318.1008	107.996	0
134	5	105.2223	222.9924	0
134	6	321.9657	193.2327	0
134	7	235.8912	179.0946	0
134	8	223.7749	228.7191	0
134	9	467.7234	149.5258	0
134	10	153.9284	197.2812	0
134	11	509.8159	84.86908	0
134	12	453.2515	90.82855	0
134	13	284.1429	111.2597	0
134	14	424.2114	142.2749	0
134	15	459.8224	116.4916	0
134	16	325.5807	153.2055	0
134	17	397.8383	128.9943	0
134	18	439.9255	120.0184	0
134	19	176.0369	216.2743	0
134	20	274.4799	199.8507	0
134	21	-2.906515	217.8283	0
134	22	45.88356	239.4233	0
134	23	314.894	137.4849	0
134	24	457.9843	103.1546	0
134	25	195.3435	231.7062	0
134	26	402.2234	164.8177	0
134	27	432.0124	179.16	0
134	28	32.49189	173.1762	0
134	29	449.7123	79.08252	0
134	30	422.4485	79.19037	0
134	31	130.6578	248.4308	0
134	32	499.1471	59.57806	0
134	33	489.6392	99.96295	0
134	34	215.4836	133.9069	0
134	35	2.444415	296.8206	0
134	36	202.4099	172.0994	0
134	37	278.9247	145.1296	0
134	38	151.9542	270.2544	0
134	39	425.6971	111.5121	0
134	40	502.8645	128.1419	0
134	41	243.1276	167.672	0
134	42	212.143	181.5407	0
134	43	282.4244	160.3459	0
135	1	249.9566	145.0658	0
135	2	451.2419	147.7232	0
135	3	250.7045	129.272	0
135	4	318.1073	107.9969	0
135	5	105.2193	222.9921	0
135	6	321.9748	193.233	0
135	7	235.8753	179.1407	0
135	8	223.7745	228.7236	0
135	9	467.7298	149.5262	0
135	10	153.9318	197.2842	0
135	11	509.7927	84.85696	0
135	12	453.2524	90.83221	0
135	13	284.1299	111.2514	0
135	14	424.2102	142.2962	0
135	15	459.8325	116.4728	0
135	16	325.5887	153.2061	0
135	17	397.8307	128.9909	0
135	18	439.9121	120.0016	0
135	19	176.0358	216.2426	0
135	20	274.5148	199.8411	0
135	21	-2.865605	217.8214	0
135	22	45.89477	239.4159	0
135	23	314.9024	137.4852	0
135	24	457.9903	103.1568	0
135	25	195.3391	231.7045	0
135	26	402.2467	164.808	0
135	27	432.0198	179.16	0
135	28	32.48584	173.1728	0
135	29	449.7124	79.06708	0
135	30	422.4269	79.17755	0
135	31	130.6253	248.4918	0
135	32	499.1514	59.57462	0
135	33	489.644	99.96463	0
135	34	215.4766	133.8886	0
135	35	2.497436	296.7987	0
135	36	202.3881	172.1167	0
135	37	278.9181	145.1428	0
135	38	151.9589	270.2097	0
135	39	425.6796	111.5008	0
135	40	502.8692	128.1464	0
135	41	243.1152	167.7085	0
135	42	212.1413	181.5489	0
135	43	282.4315	160.346	0
136	1	249.9566	145.0658	0
136	2	451.2419	147.7232	0
136	3	250.7045	129.272	0
136	4	318.1073	107.9969	0
136	5	105.2193	222.9921	0
136	6	321.9748	193.233	0
136	7	235.8753	179.1407	0
136	8	223.7745	228.7236	0
136	9	467.7298	149.5262	0
136	10	153.9318	197.2842	0
136	11	509.7927	84.85696	0
136	12	453.2524	90.83221	0
136	13	284.1299	111.2514	0
136	14	424.2102	142.2962	0
136	15	459.8325	116.4728	0
136	16	325.5887	153.2061	0
136	17	397.8307	128.9909	0
136	18	439.9121	120.0016	0
136	19	176.0358	216.2426	0
136	20	274.5148	199.8411	0
136	21	-2.865605	217.8214	0
136	22	45.89477	239.4159	0
136	23	314.9024	137.4852	0
136	24	457.9903	103.1568	0
136	25	195.3391	231.7045	0
136	26	402.2467	164.808	0
136	27	432.0198	179.16	0
136	28	32.48584	173.1728	0
136	29	449.7124	79.06708	0
136	30	422.4269	79.17755	0
136	31	130.6253	248.4918	0
136	32	499.1514	59.57462	0
136	33	489.644	99.96463	0
136	34	215.4766	133.8886	0
136	35	2.497436	296.7987	0
136	36	202.3881	172.1167	0
136	37	278.9181	145.1428	0
136	38	151.9589	270.2097	0
136	39	425.6796	111.5008	0
136	40	502.8692	128.1464	0
136	41	243.1152	167.7085	0
136	42	212.1413	181.5489	0
136	43	282.4315	160.346	0
