17	1	414.0815	355.1503	0
18	1	414.0815	355.1503	0
18	2	427.1892	98.73203	0
19	1	414.0815	355.1503	0
19	2	427.1892	98.73203	0
19	3	388.4735	355.6436	0
20	1	414.0815	355.1503	0
20	2	427.1892	98.73203	0
20	3	388.4735	355.6436	0
20	4	342.412	266.3912	0
21	1	414.0815	355.1503	0
21	2	427.1892	98.73203	0
21	3	388.4735	355.6436	0
21	4	342.412	266.3912	0
21	5	537.8672	501.3817	0
22	1	414.0815	355.1503	0
22	2	427.1892	98.73203	0
22	3	388.4735	355.6436	0
22	4	342.412	266.3912	0
22	5	537.8672	501.3817	0
22	6	500.7936	262.1539	0
23	1	414.0815	355.1503	0
23	2	427.1892	98.73203	0
23	3	388.4735	355.6436	0
23	4	342.412	266.3912	0
23	5	537.8672	501.3817	0
23	6	500.7936	262.1539	0
23	7	479.2716	364.1945	0
24	1	414.0815	355.1503	0
24	2	427.1892	98.73203	0
24	3	388.4735	355.6436	0
24	4	342.412	266.3912	0
24	5	537.8672	501.3817	0
24	6	500.7936	262.1539	0
24	7	479.2716	364.1945	0
24	8	545.3921	369.0728	0
25	1	414.0815	355.1503	0
25	2	427.1892	98.73203	0
25	3	388.4735	355.6436	0
25	4	342.412	266.3912	0
25	5	537.8672	501.3817	0
25	6	500.7936	262.1539	0
25	7	479.2716	364.1945	0
25	8	545.3921	369.0728	0
25	9	421.9824	71.31195	0
26	1	414.0815	355.1503	0
26	2	427.1892	98.73203	0
26	3	388.4735	355.6436	0
26	4	342.412	266.3912	0
26	5	537.8672	501.3817	0
26	6	500.7936	262.1539	0
26	7	479.2716	364.1945	0
26	8	545.3921	369.0728	0
26	9	421.9824	71.31195	0
27	1	414.0815	355.1503	0
27	2	427.1892	98.73203	0
27	3	388.4735	355.6436	0
27	4	342.412	266.3912	0
27	5	537.8672	501.3817	0
27	6	500.7936	262.1539	0
27	7	479.2716	364.1945	0
27	8	545.3921	369.0728	0
27	9	421.9824	71.31195	0
27	10	504.3855	455.4282	0
28	1	414.0815	355.1503	0
28	2	427.1892	98.73203	0
28	3	388.4735	355.6436	0
28	4	342.412	266.3912	0
28	5	537.8672	501.3817	0
28	6	500.7936	262.1539	0
28	7	479.2716	364.1945	0
28	8	545.3921	369.0728	0
28	9	421.9824	71.31195	0
28	10	504.3855	455.4282	0
28	11	285.0333	-26.05518	0
29	1	414.0815	355.1503	0
29	2	427.1892	98.73203	0
29	3	388.4735	355.6436	0
29	4	342.412	266.3912	0
29	5	537.8672	501.3817	0
29	6	500.7936	262.1539	0
29	7	479.2716	364.1945	0
29	8	545.3921	369.0728	0
29	9	421.9824	71.31195	0
29	10	504.3855	455.4282	0
29	11	285.0333	-26.05518	0
29	12	289.6909	57.85297	0
30	1	414.0815	355.1503	0
30	2	427.1892	98.73203	0
30	3	388.4735	355.6436	0
30	4	342.412	266.3912	0
30	5	537.8672	501.3817	0
30	6	500.7936	262.1539	0
30	7	479.2716	364.1945	0
30	8	545.3921	369.0728	0
30	9	421.9824	71.31195	0
30	10	504.3855	455.4282	0
30	11	285.0333	-26.05518	0
30	12	289.6909	57.85297	0
30	13	343.5329	316.2873	0
31	1	414.0815	355.1503	0
31	2	427.1892	98.73203	0
31	3	388.4735	355.6436	0
31	4	342.412	266.3912	0
31	5	537.8672	501.3817	0
31	6	500.7936	262.1539	0
31	7	479.2716	364.1945	0
31	8	545.3921	369.0728	0
31	9	421.9824	71.31195	0
31	10	504.3855	455.4282	0
31	11	285.0333	-26.05518	0
31	12	289.6909	57.85297	0
31	13	343.5329	316.2873	0
31	14	406.8547	126.5498	0
32	1	414.0815	355.1503	0
32	2	427.1892	98.73203	0
32	3	388.4735	355.6436	0
32	4	342.412	266.3912	0
32	5	537.8672	501.3817	0
32	6	500.7936	262.1539	0
32	7	479.2716	364.1945	0
32	8	545.3921	369.0728	0
32	9	421.9824	71.31195	0
32	10	504.3855	455.4282	0
32	11	285.0333	-26.05518	0
32	12	289.6909	57.85297	0
32	13	343.5329	316.2873	0
32	14	406.8547	126.5498	0
32	15	355.7597	65.89569	0
33	1	414.0815	355.1503	0
33	2	427.1892	98.73203	0
33	3	388.4735	355.6436	0
33	4	342.412	266.3912	0
33	5	537.8672	501.3817	0
33	6	500.7936	262.1539	0
33	7	479.2716	364.1945	0
33	8	545.3921	369.0728	0
33	9	421.9824	71.31195	0
33	10	504.3855	455.4282	0
33	11	285.0333	-26.05518	0
33	12	289.6909	57.85297	0
33	13	343.5329	316.2873	0
33	14	406.8547	126.5498	0
33	15	355.7597	65.89569	0
33	16	433.7794	257.5944	0
34	1	414.0815	355.1503	0
34	2	427.1892	98.73203	0
34	3	388.4735	355.6436	0
34	4	342.412	266.3912	0
34	5	537.8672	501.3817	0
34	6	500.7936	262.1539	0
34	7	479.2716	364.1945	0
34	8	545.3921	369.0728	0
34	9	421.9824	71.31195	0
34	10	504.3855	455.4282	0
34	11	285.0333	-26.05518	0
34	12	289.6909	57.85297	0
34	13	343.5329	316.2873	0
34	14	406.8547	126.5498	0
34	15	355.7597	65.89569	0
34	16	433.7794	257.5944	0
34	17	380.2112	158.1744	0
35	1	414.0815	355.1503	0
35	2	427.1892	98.73203	0
35	3	388.4735	355.6436	0
35	4	342.412	266.3912	0
35	5	537.8672	501.3817	0
35	6	500.7936	262.1539	0
35	7	479.2716	364.1945	0
35	8	545.3921	369.0728	0
35	9	421.9824	71.31195	0
35	10	504.3855	455.4282	0
35	11	285.0333	-26.05518	0
35	12	289.6909	57.85297	0
35	13	343.5329	316.2873	0
35	14	406.8547	126.5498	0
35	15	355.7597	65.89569	0
35	16	433.7794	257.5944	0
35	17	380.2112	158.1744	0
35	18	360.4857	94.62476	0
17	1	412.5899	356.3262	0
18	1	412.5899	356.3262	0
18	2	426.486	97.6506	0
19	1	412.5899	356.3262	0
19	2	426.486	97.6506	0
19	3	387.5786	357.9144	0
20	1	412.5899	356.3262	0
20	2	426.486	97.6506	0
20	3	387.5786	357.9144	0
20	4	343.8633	267.2416	0
21	1	412.5899	356.3262	0
21	2	426.486	97.6506	0
21	3	387.5786	357.9144	0
21	4	343.8633	267.2416	0
21	5	537.048	499.7032	0
22	1	412.5899	356.3262	0
22	2	426.486	97.6506	0
22	3	387.5786	357.9144	0
22	4	343.8633	267.2416	0
22	5	537.048	499.7032	0
22	6	501.9573	260.0944	0
23	1	412.5899	356.3262	0
23	2	426.486	97.6506	0
23	3	387.5786	357.9144	0
23	4	343.8633	267.2416	0
23	5	537.048	499.7032	0
23	6	501.9573	260.0944	0
23	7	479.6756	365.0972	0
24	1	412.5899	356.3262	0
24	2	426.486	97.6506	0
24	3	387.5786	357.9144	0
24	4	343.8633	267.2416	0
24	5	537.048	499.7032	0
24	6	501.9573	260.0944	0
24	7	479.6756	365.0972	0
24	8	545.3807	367.9249	0
25	1	412.5899	356.3262	0
25	2	426.486	97.6506	0
25	3	387.5786	357.9144	0
25	4	343.8633	267.2416	0
25	5	537.048	499.7032	0
25	6	501.9573	260.0944	0
25	7	479.6756	365.0972	0
25	8	545.3807	367.9249	0
25	9	421.4013	71.35355	0
26	1	412.5899	356.3262	0
26	2	426.486	97.6506	0
26	3	387.5786	357.9144	0
26	4	343.8633	267.2416	0
26	5	537.048	499.7032	0
26	6	501.9573	260.0944	0
26	7	479.6756	365.0972	0
26	8	545.3807	367.9249	0
26	9	421.4013	71.35355	0
27	1	412.5899	356.3262	0
27	2	426.486	97.6506	0
27	3	387.5786	357.9144	0
27	4	343.8633	267.2416	0
27	5	537.048	499.7032	0
27	6	501.9573	260.0944	0
27	7	479.6756	365.0972	0
27	8	545.3807	367.9249	0
27	9	421.4013	71.35355	0
27	10	505.3239	453.992	0
28	1	412.5899	356.3262	0
28	2	426.486	97.6506	0
28	3	387.5786	357.9144	0
28	4	343.8633	267.2416	0
28	5	537.048	499.7032	0
28	6	501.9573	260.0944	0
28	7	479.6756	365.0972	0
28	8	545.3807	367.9249	0
28	9	421.4013	71.35355	0
28	10	505.3239	453.992	0
28	11	284.8353	-26.03265	0
29	1	412.5899	356.3262	0
29	2	426.486	97.6506	0
29	3	387.5786	357.9144	0
29	4	343.8633	267.2416	0
29	5	537.048	499.7032	0
29	6	501.9573	260.0944	0
29	7	479.6756	365.0972	0
29	8	545.3807	367.9249	0
29	9	421.4013	71.35355	0
29	10	505.3239	453.992	0
29	11	284.8353	-26.03265	0
29	12	288.2641	57.65884	0
17	1	413.4831	355.3202	0
18	1	413.4831	355.3202	0
18	2	427.0978	97.77206	0
19	1	413.4831	355.3202	0
19	2	427.0978	97.77206	0
19	3	386.9642	356.6655	0
20	1	413.4831	355.3202	0
20	2	427.0978	97.77206	0
20	3	386.9642	356.6655	0
20	4	341.6744	267.0662	0
21	1	413.4831	355.3202	0
21	2	427.0978	97.77206	0
21	3	386.9642	356.6655	0
21	4	341.6744	267.0662	0
21	5	538.1427	500.2067	0
22	1	413.4831	355.3202	0
22	2	427.0978	97.77206	0
22	3	386.9642	356.6655	0
22	4	341.6744	267.0662	0
22	5	538.1427	500.2067	0
22	6	499.7582	260.8455	0
23	1	413.4831	355.3202	0
23	2	427.0978	97.77206	0
23	3	386.9642	356.6655	0
23	4	341.6744	267.0662	0
23	5	538.1427	500.2067	0
23	6	499.7582	260.8455	0
23	7	481.186	364.406	0
24	1	413.4831	355.3202	0
24	2	427.0978	97.77206	0
24	3	386.9642	356.6655	0
24	4	341.6744	267.0662	0
24	5	538.1427	500.2067	0
24	6	499.7582	260.8455	0
24	7	481.186	364.406	0
24	8	545.8736	368.3414	0
25	1	413.4831	355.3202	0
25	2	427.0978	97.77206	0
25	3	386.9642	356.6655	0
25	4	341.6744	267.0662	0
25	5	538.1427	500.2067	0
25	6	499.7582	260.8455	0
25	7	481.186	364.406	0
25	8	545.8736	368.3414	0
25	9	422.6021	70.36691	0
26	1	413.4831	355.3202	0
26	2	427.0978	97.77206	0
26	3	386.9642	356.6655	0
26	4	341.6744	267.0662	0
26	5	538.1427	500.2067	0
26	6	499.7582	260.8455	0
26	7	481.186	364.406	0
26	8	545.8736	368.3414	0
26	9	422.6021	70.36691	0
27	1	413.4831	355.3202	0
27	2	427.0978	97.77206	0
27	3	386.9642	356.6655	0
27	4	341.6744	267.0662	0
27	5	538.1427	500.2067	0
27	6	499.7582	260.8455	0
27	7	481.186	364.406	0
27	8	545.8736	368.3414	0
27	9	422.6021	70.36691	0
27	10	504.7845	454.2922	0
28	1	413.4831	355.3202	0
28	2	427.0978	97.77206	0
28	3	386.9642	356.6655	0
28	4	341.6744	267.0662	0
28	5	538.1427	500.2067	0
28	6	499.7582	260.8455	0
28	7	481.186	364.406	0
28	8	545.8736	368.3414	0
28	9	422.6021	70.36691	0
28	10	504.7845	454.2922	0
28	11	285.1112	-25.7439	0
29	1	413.4831	355.3202	0
29	2	427.0978	97.77206	0
29	3	386.9642	356.6655	0
29	4	341.6744	267.0662	0
29	5	538.1427	500.2067	0
29	6	499.7582	260.8455	0
29	7	481.186	364.406	0
29	8	545.8736	368.3414	0
29	9	422.6021	70.36691	0
29	10	504.7845	454.2922	0
29	11	285.1112	-25.7439	0
29	12	288.4272	58.79208	0
30	1	413.4831	355.3202	0
30	2	427.0978	97.77206	0
30	3	386.9642	356.6655	0
30	4	341.6744	267.0662	0
30	5	538.1427	500.2067	0
30	6	499.7582	260.8455	0
30	7	481.186	364.406	0
30	8	545.8736	368.3414	0
30	9	422.6021	70.36691	0
30	10	504.7845	454.2922	0
30	11	285.1112	-25.7439	0
30	12	288.4272	58.79208	0
30	13	342.0237	315.0759	0
31	1	413.4831	355.3202	0
31	2	427.0978	97.77206	0
31	3	386.9642	356.6655	0
31	4	341.6744	267.0662	0
31	5	538.1427	500.2067	0
31	6	499.7582	260.8455	0
31	7	481.186	364.406	0
31	8	545.8736	368.3414	0
31	9	422.6021	70.36691	0
31	10	504.7845	454.2922	0
31	11	285.1112	-25.7439	0
31	12	288.4272	58.79208	0
31	13	342.0237	315.0759	0
31	14	408.1059	125.6946	0
32	1	413.4831	355.3202	0
32	2	427.0978	97.77206	0
32	3	386.9642	356.6655	0
32	4	341.6744	267.0662	0
32	5	538.1427	500.2067	0
32	6	499.7582	260.8455	0
32	7	481.186	364.406	0
32	8	545.8736	368.3414	0
32	9	422.6021	70.36691	0
32	10	504.7845	454.2922	0
32	11	285.1112	-25.7439	0
32	12	288.4272	58.79208	0
32	13	342.0237	315.0759	0
32	14	408.1059	125.6946	0
32	15	355.1185	65.31546	0
33	1	413.4831	355.3202	0
33	2	427.0978	97.77206	0
33	3	386.9642	356.6655	0
33	4	341.6744	267.0662	0
33	5	538.1427	500.2067	0
33	6	499.7582	260.8455	0
33	7	481.186	364.406	0
33	8	545.8736	368.3414	0
33	9	422.6021	70.36691	0
33	10	504.7845	454.2922	0
33	11	285.1112	-25.7439	0
33	12	288.4272	58.79208	0
33	13	342.0237	315.0759	0
33	14	408.1059	125.6946	0
33	15	355.1185	65.31546	0
33	16	434.4603	257.5918	0
34	1	413.4831	355.3202	0
34	2	427.0978	97.77206	0
34	3	386.9642	356.6655	0
34	4	341.6744	267.0662	0
34	5	538.1427	500.2067	0
34	6	499.7582	260.8455	0
34	7	481.186	364.406	0
34	8	545.8736	368.3414	0
34	9	422.6021	70.36691	0
34	10	504.7845	454.2922	0
34	11	285.1112	-25.7439	0
34	12	288.4272	58.79208	0
34	13	342.0237	315.0759	0
34	14	408.1059	125.6946	0
34	15	355.1185	65.31546	0
34	16	434.4603	257.5918	0
34	17	381.0258	157.791	0
35	1	413.4831	355.3202	0
35	2	427.0978	97.77206	0
35	3	386.9642	356.6655	0
35	4	341.6744	267.0662	0
35	5	538.1427	500.2067	0
35	6	499.7582	260.8455	0
35	7	481.186	364.406	0
35	8	545.8736	368.3414	0
35	9	422.6021	70.36691	0
35	10	504.7845	454.2922	0
35	11	285.1112	-25.7439	0
35	12	288.4272	58.79208	0
35	13	342.0237	315.0759	0
35	14	408.1059	125.6946	0
35	15	355.1185	65.31546	0
35	16	434.4603	257.5918	0
35	17	381.0258	157.791	0
35	18	360.2643	94.94095	0
36	1	413.4831	355.3202	0
36	2	427.0978	97.77206	0
36	3	386.9642	356.6655	0
36	4	341.6744	267.0662	0
36	5	538.1427	500.2067	0
36	6	499.7582	260.8455	0
36	7	481.186	364.406	0
36	8	545.8736	368.3414	0
36	9	422.6021	70.36691	0
36	10	504.7845	454.2922	0
36	11	285.1112	-25.7439	0
36	12	288.4272	58.79208	0
36	13	342.0237	315.0759	0
36	14	408.1059	125.6946	0
36	15	355.1185	65.31546	0
36	16	434.4603	257.5918	0
36	17	381.0258	157.791	0
36	18	360.2643	94.94095	0
37	1	413.4831	355.3202	0
37	2	427.0978	97.77206	0
37	3	386.9642	356.6655	0
37	4	341.6744	267.0662	0
37	5	538.1427	500.2067	0
37	6	499.7582	260.8455	0
37	7	481.186	364.406	0
37	8	545.8736	368.3414	0
37	9	422.6021	70.36691	0
37	10	504.7845	454.2922	0
37	11	285.1112	-25.7439	0
37	12	288.4272	58.79208	0
37	13	342.0237	315.0759	0
37	14	408.1059	125.6946	0
37	15	355.1185	65.31546	0
37	16	434.4603	257.5918	0
37	17	381.0258	157.791	0
37	18	360.2643	94.94095	0
37	19	532.4265	422.2694	0
38	1	413.4831	355.3202	0
38	2	427.0978	97.77206	0
38	3	386.9642	356.6655	0
38	4	341.6744	267.0662	0
38	5	538.1427	500.2067	0
38	6	499.7582	260.8455	0
38	7	481.186	364.406	0
38	8	545.8736	368.3414	0
38	9	422.6021	70.36691	0
38	10	504.7845	454.2922	0
38	11	285.1112	-25.7439	0
38	12	288.4272	58.79208	0
38	13	342.0237	315.0759	0
38	14	408.1059	125.6946	0
38	15	355.1185	65.31546	0
38	16	434.4603	257.5918	0
38	17	381.0258	157.791	0
38	18	360.2643	94.94095	0
38	19	532.4265	422.2694	0
38	20	508.9102	315.7498	0
39	1	413.4831	355.3202	0
39	2	427.0978	97.77206	0
39	3	386.9642	356.6655	0
39	4	341.6744	267.0662	0
39	5	538.1427	500.2067	0
39	6	499.7582	260.8455	0
39	7	481.186	364.406	0
39	8	545.8736	368.3414	0
39	9	422.6021	70.36691	0
39	10	504.7845	454.2922	0
39	11	285.1112	-25.7439	0
39	12	288.4272	58.79208	0
39	13	342.0237	315.0759	0
39	14	408.1059	125.6946	0
39	15	355.1185	65.31546	0
39	16	434.4603	257.5918	0
39	17	381.0258	157.791	0
39	18	360.2643	94.94095	0
39	19	532.4265	422.2694	0
39	20	508.9102	315.7498	0
39	21	533.3794	616.0103	0
40	1	413.4831	355.3202	0
40	2	427.0978	97.77206	0
40	3	386.9642	356.6655	0
40	4	341.6744	267.0662	0
40	5	538.1427	500.2067	0
40	6	499.7582	260.8455	0
40	7	481.186	364.406	0
40	8	545.8736	368.3414	0
40	9	422.6021	70.36691	0
40	10	504.7845	454.2922	0
40	11	285.1112	-25.7439	0
40	12	288.4272	58.79208	0
40	13	342.0237	315.0759	0
40	14	408.1059	125.6946	0
40	15	355.1185	65.31546	0
40	16	434.4603	257.5918	0
40	17	381.0258	157.791	0
40	18	360.2643	94.94095	0
40	19	532.4265	422.2694	0
40	20	508.9102	315.7498	0
40	21	533.3794	616.0103	0
40	22	559.5743	553.9767	0
41	1	413.4831	355.3202	0
41	2	427.0978	97.77206	0
41	3	386.9642	356.6655	0
41	4	341.6744	267.0662	0
41	5	538.1427	500.2067	0
41	6	499.7582	260.8455	0
41	7	481.186	364.406	0
41	8	545.8736	368.3414	0
41	9	422.6021	70.36691	0
41	10	504.7845	454.2922	0
41	11	285.1112	-25.7439	0
41	12	288.4272	58.79208	0
41	13	342.0237	315.0759	0
41	14	408.1059	125.6946	0
41	15	355.1185	65.31546	0
41	16	434.4603	257.5918	0
41	17	381.0258	157.791	0
41	18	360.2643	94.94095	0
41	19	532.4265	422.2694	0
41	20	508.9102	315.7498	0
41	21	533.3794	616.0103	0
41	22	559.5743	553.9767	0
41	23	409.4503	271.8253	0
42	1	413.4831	355.3202	0
42	2	427.0978	97.77206	0
42	3	386.9642	356.6655	0
42	4	341.6744	267.0662	0
42	5	538.1427	500.2067	0
42	6	499.7582	260.8455	0
42	7	481.186	364.406	0
42	8	545.8736	368.3414	0
42	9	422.6021	70.36691	0
42	10	504.7845	454.2922	0
42	11	285.1112	-25.7439	0
42	12	288.4272	58.79208	0
42	13	342.0237	315.0759	0
42	14	408.1059	125.6946	0
42	15	355.1185	65.31546	0
42	16	434.4603	257.5918	0
42	17	381.0258	157.791	0
42	18	360.2643	94.94095	0
42	19	532.4265	422.2694	0
42	20	508.9102	315.7498	0
42	21	533.3794	616.0103	0
42	22	559.5743	553.9767	0
42	23	409.4503	271.8253	0
42	24	329.2861	63.04578	0
43	1	413.4831	355.3202	0
43	2	427.0978	97.77206	0
43	3	386.9642	356.6655	0
43	4	341.6744	267.0662	0
43	5	538.1427	500.2067	0
43	6	499.7582	260.8455	0
43	7	481.186	364.406	0
43	8	545.8736	368.3414	0
43	9	422.6021	70.36691	0
43	10	504.7845	454.2922	0
43	11	285.1112	-25.7439	0
43	12	288.4272	58.79208	0
43	13	342.0237	315.0759	0
43	14	408.1059	125.6946	0
43	15	355.1185	65.31546	0
43	16	434.4603	257.5918	0
43	17	381.0258	157.791	0
43	18	360.2643	94.94095	0
43	19	532.4265	422.2694	0
43	20	508.9102	315.7498	0
43	21	533.3794	616.0103	0
43	22	559.5743	553.9767	0
43	23	409.4503	271.8253	0
43	24	329.2861	63.04578	0
43	25	551.803	396.2045	0
44	1	413.4831	355.3202	0
44	2	427.0978	97.77206	0
44	3	386.9642	356.6655	0
44	4	341.6744	267.0662	0
44	5	538.1427	500.2067	0
44	6	499.7582	260.8455	0
44	7	481.186	364.406	0
44	8	545.8736	368.3414	0
44	9	422.6021	70.36691	0
44	10	504.7845	454.2922	0
44	11	285.1112	-25.7439	0
44	12	288.4272	58.79208	0
44	13	342.0237	315.0759	0
44	14	408.1059	125.6946	0
44	15	355.1185	65.31546	0
44	16	434.4603	257.5918	0
44	17	381.0258	157.791	0
44	18	360.2643	94.94095	0
44	19	532.4265	422.2694	0
44	20	508.9102	315.7498	0
44	21	533.3794	616.0103	0
44	22	559.5743	553.9767	0
44	23	409.4503	271.8253	0
44	24	329.2861	63.04578	0
44	25	551.803	396.2045	0
44	26	446.0521	161.4414	0
45	1	413.4831	355.3202	0
45	2	427.0978	97.77206	0
45	3	386.9642	356.6655	0
45	4	341.6744	267.0662	0
45	5	538.1427	500.2067	0
45	6	499.7582	260.8455	0
45	7	481.186	364.406	0
45	8	545.8736	368.3414	0
45	9	422.6021	70.36691	0
45	10	504.7845	454.2922	0
45	11	285.1112	-25.7439	0
45	12	288.4272	58.79208	0
45	13	342.0237	315.0759	0
45	14	408.1059	125.6946	0
45	15	355.1185	65.31546	0
45	16	434.4603	257.5918	0
45	17	381.0258	157.791	0
45	18	360.2643	94.94095	0
45	19	532.4265	422.2694	0
45	20	508.9102	315.7498	0
45	21	533.3794	616.0103	0
45	22	559.5743	553.9767	0
45	23	409.4503	271.8253	0
45	24	329.2861	63.04578	0
45	25	551.803	396.2045	0
45	26	446.0521	161.4414	0
45	27	472.5017	128.9188	0
46	1	413.4831	355.3202	0
46	2	427.0978	97.77206	0
46	3	386.9642	356.6655	0
46	4	341.6744	267.0662	0
46	5	538.1427	500.2067	0
46	6	499.7582	260.8455	0
46	7	481.186	364.406	0
46	8	545.8736	368.3414	0
46	9	422.6021	70.36691	0
46	10	504.7845	454.2922	0
46	11	285.1112	-25.7439	0
46	12	288.4272	58.79208	0
46	13	342.0237	315.0759	0
46	14	408.1059	125.6946	0
46	15	355.1185	65.31546	0
46	16	434.4603	257.5918	0
46	17	381.0258	157.791	0
46	18	360.2643	94.94095	0
46	19	532.4265	422.2694	0
46	20	508.9102	315.7498	0
46	21	533.3794	616.0103	0
46	22	559.5743	553.9767	0
46	23	409.4503	271.8253	0
46	24	329.2861	63.04578	0
46	25	551.803	396.2045	0
46	26	446.0521	161.4414	0
46	27	472.5017	128.9188	0
47	1	413.4831	355.3202	0
47	2	427.0978	97.77206	0
47	3	386.9642	356.6655	0
47	4	341.6744	267.0662	0
47	5	538.1427	500.2067	0
47	6	499.7582	260.8455	0
47	7	481.186	364.406	0
47	8	545.8736	368.3414	0
47	9	422.6021	70.36691	0
47	10	504.7845	454.2922	0
47	11	285.1112	-25.7439	0
47	12	288.4272	58.79208	0
47	13	342.0237	315.0759	0
47	14	408.1059	125.6946	0
47	15	355.1185	65.31546	0
47	16	434.4603	257.5918	0
47	17	381.0258	157.791	0
47	18	360.2643	94.94095	0
47	19	532.4265	422.2694	0
47	20	508.9102	315.7498	0
47	21	533.3794	616.0103	0
47	22	559.5743	553.9767	0
47	23	409.4503	271.8253	0
47	24	329.2861	63.04578	0
47	25	551.803	396.2045	0
47	26	446.0521	161.4414	0
47	27	472.5017	128.9188	0
47	28	467.0708	613.4257	0
48	1	413.4831	355.3202	0
48	2	427.0978	97.77206	0
48	3	386.9642	356.6655	0
48	4	341.6744	267.0662	0
48	5	538.1427	500.2067	0
48	6	499.7582	260.8455	0
48	7	481.186	364.406	0
48	8	545.8736	368.3414	0
48	9	422.6021	70.36691	0
48	10	504.7845	454.2922	0
48	11	285.1112	-25.7439	0
48	12	288.4272	58.79208	0
48	13	342.0237	315.0759	0
48	14	408.1059	125.6946	0
48	15	355.1185	65.31546	0
48	16	434.4603	257.5918	0
48	17	381.0258	157.791	0
48	18	360.2643	94.94095	0
48	19	532.4265	422.2694	0
48	20	508.9102	315.7498	0
48	21	533.3794	616.0103	0
48	22	559.5743	553.9767	0
48	23	409.4503	271.8253	0
48	24	329.2861	63.04578	0
48	25	551.803	396.2045	0
48	26	446.0521	161.4414	0
48	27	472.5017	128.9188	0
48	28	467.0708	613.4257	0
48	29	263.2702	59.29428	0
49	1	413.4831	355.3202	0
49	2	427.0978	97.77206	0
49	3	386.9642	356.6655	0
49	4	341.6744	267.0662	0
49	5	538.1427	500.2067	0
49	6	499.7582	260.8455	0
49	7	481.186	364.406	0
49	8	545.8736	368.3414	0
49	9	422.6021	70.36691	0
49	10	504.7845	454.2922	0
49	11	285.1112	-25.7439	0
49	12	288.4272	58.79208	0
49	13	342.0237	315.0759	0
49	14	408.1059	125.6946	0
49	15	355.1185	65.31546	0
49	16	434.4603	257.5918	0
49	17	381.0258	157.791	0
49	18	360.2643	94.94095	0
49	19	532.4265	422.2694	0
49	20	508.9102	315.7498	0
49	21	533.3794	616.0103	0
49	22	559.5743	553.9767	0
49	23	409.4503	271.8253	0
49	24	329.2861	63.04578	0
49	25	551.803	396.2045	0
49	26	446.0521	161.4414	0
49	27	472.5017	128.9188	0
49	28	467.0708	613.4257	0
49	29	263.2702	59.29428	0
49	30	274.5116	105.9238	0
50	1	413.4831	355.3202	0
50	2	427.0978	97.77206	0
50	3	386.9642	356.6655	0
50	4	341.6744	267.0662	0
50	5	538.1427	500.2067	0
50	6	499.7582	260.8455	0
50	7	481.186	364.406	0
50	8	545.8736	368.3414	0
50	9	422.6021	70.36691	0
50	10	504.7845	454.2922	0
50	11	285.1112	-25.7439	0
50	12	288.4272	58.79208	0
50	13	342.0237	315.0759	0
50	14	408.1059	125.6946	0
50	15	355.1185	65.31546	0
50	16	434.4603	257.5918	0
50	17	381.0258	157.791	0
50	18	360.2643	94.94095	0
50	19	532.4265	422.2694	0
50	20	508.9102	315.7498	0
50	21	533.3794	616.0103	0
50	22	559.5743	553.9767	0
50	23	409.4503	271.8253	0
50	24	329.2861	63.04578	0
50	25	551.803	396.2045	0
50	26	446.0521	161.4414	0
50	27	472.5017	128.9188	0
50	28	467.0708	613.4257	0
50	29	263.2702	59.29428	0
50	30	274.5116	105.9238	0
50	31	571.4408	459.1243	0
17	1	413.5527	354.9896	0
18	1	413.5527	354.9896	0
18	2	427.3182	97.9798	0
19	1	413.5527	354.9896	0
19	2	427.3182	97.9798	0
19	3	388.4264	358.0195	0
20	1	413.5527	354.9896	0
20	2	427.3182	97.9798	0
20	3	388.4264	358.0195	0
20	4	342.3346	266.147	0
21	1	413.5527	354.9896	0
21	2	427.3182	97.9798	0
21	3	388.4264	358.0195	0
21	4	342.3346	266.147	0
21	5	537.6828	499.4898	0
22	1	413.5527	354.9896	0
22	2	427.3182	97.9798	0
22	3	388.4264	358.0195	0
22	4	342.3346	266.147	0
22	5	537.6828	499.4898	0
22	6	501.0245	260.9383	0
23	1	413.5527	354.9896	0
23	2	427.3182	97.9798	0
23	3	388.4264	358.0195	0
23	4	342.3346	266.147	0
23	5	537.6828	499.4898	0
23	6	501.0245	260.9383	0
23	7	479.1742	364.0981	0
24	1	413.5527	354.9896	0
24	2	427.3182	97.9798	0
24	3	388.4264	358.0195	0
24	4	342.3346	266.147	0
24	5	537.6828	499.4898	0
24	6	501.0245	260.9383	0
24	7	479.1742	364.0981	0
24	8	546.5066	367.7359	0
25	1	413.5527	354.9896	0
25	2	427.3182	97.9798	0
25	3	388.4264	358.0195	0
25	4	342.3346	266.147	0
25	5	537.6828	499.4898	0
25	6	501.0245	260.9383	0
25	7	479.1742	364.0981	0
25	8	546.5066	367.7359	0
25	9	422.2816	70.45398	0
26	1	413.5527	354.9896	0
26	2	427.3182	97.9798	0
26	3	388.4264	358.0195	0
26	4	342.3346	266.147	0
26	5	537.6828	499.4898	0
26	6	501.0245	260.9383	0
26	7	479.1742	364.0981	0
26	8	546.5066	367.7359	0
26	9	422.2816	70.45398	0
17	1	413.3651	357.314	0
18	1	413.3651	357.314	0
18	2	426.2472	97.1384	0
19	1	413.3651	357.314	0
19	2	426.2472	97.1384	0
19	3	387.3922	357.3856	0
20	1	413.3651	357.314	0
20	2	426.2472	97.1384	0
20	3	387.3922	357.3856	0
20	4	343.743	267.1701	0
21	1	413.3651	357.314	0
21	2	426.2472	97.1384	0
21	3	387.3922	357.3856	0
21	4	343.743	267.1701	0
21	5	536.2463	499.743	0
17	1	413.1952	356.1484	0
18	1	413.1952	356.1484	0
18	2	426.1932	98.94531	0
19	1	413.1952	356.1484	0
19	2	426.1932	98.94531	0
19	3	388.1633	356.4084	0
20	1	413.1952	356.1484	0
20	2	426.1932	98.94531	0
20	3	388.1633	356.4084	0
20	4	341.6891	267.2047	0
21	1	413.1952	356.1484	0
21	2	426.1932	98.94531	0
21	3	388.1633	356.4084	0
21	4	341.6891	267.2047	0
21	5	538.3709	499.9021	0
22	1	413.1952	356.1484	0
22	2	426.1932	98.94531	0
22	3	388.1633	356.4084	0
22	4	341.6891	267.2047	0
22	5	538.3709	499.9021	0
22	6	499.9114	261.3431	0
23	1	413.1952	356.1484	0
23	2	426.1932	98.94531	0
23	3	388.1633	356.4084	0
23	4	341.6891	267.2047	0
23	5	538.3709	499.9021	0
23	6	499.9114	261.3431	0
23	7	478.774	364.5024	0
