63	1	423.1033	187.6353	0
63	2	746.1229	189.8123	0
63	3	421.8407	180.0629	0
63	4	514.3895	168.0143	0
63	5	167.0485	246.414	0
63	6	573.2496	222.6025	0
63	7	413.2825	213.246	0
63	8	406.3257	250.7282	0
63	9	776.2675	187.9572	0
63	10	264.9973	226.5304	0
63	11	769.9131	155.342	0
63	12	696.7083	156.5612	0
63	13	464.6681	168.7804	0
63	14	698.8728	184.3009	0
63	15	729.6077	170.2424	0
63	16	552.0485	193.8974	0
63	17	644.5787	176.8221	0
63	18	704.0308	171.5929	0
63	19	309.0134	241.5095	0
63	20	491.1153	226.7803	0
63	21	-43.36368	246.1772	0
63	22	35.373	264.7225	0
63	23	525.2994	185.8395	0
63	24	715.4482	164.5744	0
63	25	353.9887	255.797	0
63	26	683.9271	197.8987	0
63	27	749.3314	207.8874	0
63	28	54.01968	210.213	0
63	29	683.5696	152.2313	0
63	30	646.7985	154.076	0
63	31	216.6146	274.0797	0
63	32	734.8394	145.1695	0
63	33	755.2741	161.99	0
63	34	366.857	183.1709	0
63	35	-115.0457	338.541	0
63	36	351.5166	206.636	0
63	37	469.1581	186.2514	0
63	38	266.2613	299.9441	0
63	39	673.0458	166.4949	0
63	40	804.8652	177.3734	0
63	41	416.4593	202.2556	0
63	42	370.6302	216.1987	0
63	43	484.1979	197.7323	0
64	1	423.1033	187.6353	0
64	2	746.1229	189.8123	0
64	3	421.8407	180.0629	0
64	4	514.3895	168.0143	0
64	5	167.0485	246.414	0
64	6	573.2496	222.6025	0
64	7	413.2825	213.246	0
64	8	406.3257	250.7282	0
64	9	776.2675	187.9572	0
64	10	264.9973	226.5304	0
64	11	769.9131	155.342	0
64	12	696.7083	156.5612	0
64	13	464.6681	168.7804	0
64	14	698.8728	184.3009	0
64	15	729.6077	170.2424	0
64	16	552.0485	193.8974	0
64	17	644.5787	176.8221	0
64	18	704.0308	171.5929	0
64	19	309.0134	241.5095	0
64	20	491.1153	226.7803	0
64	21	-43.36368	246.1772	0
64	22	35.373	264.7225	0
64	23	525.2994	185.8395	0
64	24	715.4482	164.5744	0
64	25	353.9887	255.797	0
64	26	683.9271	197.8987	0
64	27	749.3314	207.8874	0
64	28	54.01968	210.213	0
64	29	683.5696	152.2313	0
64	30	646.7985	154.076	0
64	31	216.6146	274.0797	0
64	32	734.8394	145.1695	0
64	33	755.2741	161.99	0
64	34	366.857	183.1709	0
64	35	-115.0457	338.541	0
64	36	351.5166	206.636	0
64	37	469.1581	186.2514	0
64	38	266.2613	299.9441	0
64	39	673.0458	166.4949	0
64	40	804.8652	177.3734	0
64	41	416.4593	202.2556	0
64	42	370.6302	216.1987	0
64	43	484.1979	197.7323	0
65	1	423.1033	187.6353	0
65	2	746.1229	189.8123	0
65	3	421.8407	180.0629	0
65	4	514.3895	168.0143	0
65	5	167.0485	246.414	0
65	6	573.2496	222.6025	0
65	7	413.2825	213.246	0
65	8	406.3257	250.7282	0
65	9	776.2675	187.9572	0
65	10	264.9973	226.5304	0
65	11	769.9131	155.342	0
65	12	696.7083	156.5612	0
65	13	464.6681	168.7804	0
65	14	698.8728	184.3009	0
65	15	729.6077	170.2424	0
65	16	552.0485	193.8974	0
65	17	644.5787	176.8221	0
65	18	704.0308	171.5929	0
65	19	309.0134	241.5095	0
65	20	491.1153	226.7803	0
65	21	-43.36368	246.1772	0
65	22	35.373	264.7225	0
65	23	525.2994	185.8395	0
65	24	715.4482	164.5744	0
65	25	353.9887	255.797	0
65	26	683.9271	197.8987	0
65	27	749.3314	207.8874	0
65	28	54.01968	210.213	0
65	29	683.5696	152.2313	0
65	30	646.7985	154.076	0
65	31	216.6146	274.0797	0
65	32	734.8394	145.1695	0
65	33	755.2741	161.99	0
65	34	366.857	183.1709	0
65	35	-115.0457	338.541	0
65	36	351.5166	206.636	0
65	37	469.1581	186.2514	0
65	38	266.2613	299.9441	0
65	39	673.0458	166.4949	0
65	40	804.8652	177.3734	0
65	41	416.4593	202.2556	0
65	42	370.6302	216.1987	0
65	43	484.1979	197.7323	0
66	1	423.1033	187.6353	0
66	2	746.1229	189.8123	0
66	3	421.8407	180.0629	0
66	4	514.3895	168.0143	0
66	5	167.0485	246.414	0
66	6	573.2496	222.6025	0
66	7	413.2825	213.246	0
66	8	406.3257	250.7282	0
66	9	776.2675	187.9572	0
66	10	264.9973	226.5304	0
66	11	769.9131	155.342	0
66	12	696.7083	156.5612	0
66	13	464.6681	168.7804	0
66	14	698.8728	184.3009	0
66	15	729.6077	170.2424	0
66	16	552.0485	193.8974	0
66	17	644.5787	176.8221	0
66	18	704.0308	171.5929	0
66	19	309.0134	241.5095	0
66	20	491.1153	226.7803	0
66	21	-43.36368	246.1772	0
66	22	35.373	264.7225	0
66	23	525.2994	185.8395	0
66	24	715.4482	164.5744	0
66	25	353.9887	255.797	0
66	26	683.9271	197.8987	0
66	27	749.3314	207.8874	0
66	28	54.01968	210.213	0
66	29	683.5696	152.2313	0
66	30	646.7985	154.076	0
66	31	216.6146	274.0797	0
66	32	734.8394	145.1695	0
66	33	755.2741	161.99	0
66	34	366.857	183.1709	0
66	35	-115.0457	338.541	0
66	36	351.5166	206.636	0
66	37	469.1581	186.2514	0
66	38	266.2613	299.9441	0
66	39	673.0458	166.4949	0
66	40	804.8652	177.3734	0
66	41	416.4593	202.2556	0
66	42	370.6302	216.1987	0
66	43	484.1979	197.7323	0
67	1	423.1033	187.6353	0
67	2	746.1229	189.8123	0
67	3	421.8407	180.0629	0
67	4	514.3895	168.0143	0
67	5	167.0485	246.414	0
67	6	573.2496	222.6025	0
67	7	413.2825	213.246	0
67	8	406.3257	250.7282	0
67	9	776.2675	187.9572	0
67	10	264.9973	226.5304	0
67	11	769.9131	155.342	0
67	12	696.7083	156.5612	0
67	13	464.6681	168.7804	0
67	14	698.8728	184.3009	0
67	15	729.6077	170.2424	0
67	16	552.0485	193.8974	0
67	17	644.5787	176.8221	0
67	18	704.0308	171.5929	0
67	19	309.0134	241.5095	0
67	20	491.1153	226.7803	0
67	21	-43.36368	246.1772	0
67	22	35.373	264.7225	0
67	23	525.2994	185.8395	0
67	24	715.4482	164.5744	0
67	25	353.9887	255.797	0
67	26	683.9271	197.8987	0
67	27	749.3314	207.8874	0
67	28	54.01968	210.213	0
67	29	683.5696	152.2313	0
67	30	646.7985	154.076	0
67	31	216.6146	274.0797	0
67	32	734.8394	145.1695	0
67	33	755.2741	161.99	0
67	34	366.857	183.1709	0
67	35	-115.0457	338.541	0
67	36	351.5166	206.636	0
67	37	469.1581	186.2514	0
67	38	266.2613	299.9441	0
67	39	673.0458	166.4949	0
67	40	804.8652	177.3734	0
67	41	416.4593	202.2556	0
67	42	370.6302	216.1987	0
67	43	484.1979	197.7323	0
68	1	423.1033	187.6353	0
68	2	746.1229	189.8123	0
68	3	421.8407	180.0629	0
68	4	514.3895	168.0143	0
68	5	167.0485	246.414	0
68	6	573.2496	222.6025	0
68	7	413.2825	213.246	0
68	8	406.3257	250.7282	0
68	9	776.2675	187.9572	0
68	10	264.9973	226.5304	0
68	11	769.9131	155.342	0
68	12	696.7083	156.5612	0
68	13	464.6681	168.7804	0
68	14	698.8728	184.3009	0
68	15	729.6077	170.2424	0
68	16	552.0485	193.8974	0
68	17	644.5787	176.8221	0
68	18	704.0308	171.5929	0
68	19	309.0134	241.5095	0
68	20	491.1153	226.7803	0
68	21	-43.36368	246.1772	0
68	22	35.373	264.7225	0
68	23	525.2994	185.8395	0
68	24	715.4482	164.5744	0
68	25	353.9887	255.797	0
68	26	683.9271	197.8987	0
68	27	749.3314	207.8874	0
68	28	54.01968	210.213	0
68	29	683.5696	152.2313	0
68	30	646.7985	154.076	0
68	31	216.6146	274.0797	0
68	32	734.8394	145.1695	0
68	33	755.2741	161.99	0
68	34	366.857	183.1709	0
68	35	-115.0457	338.541	0
68	36	351.5166	206.636	0
68	37	469.1581	186.2514	0
68	38	266.2613	299.9441	0
68	39	673.0458	166.4949	0
68	40	804.8652	177.3734	0
68	41	416.4593	202.2556	0
68	42	370.6302	216.1987	0
68	43	484.1979	197.7323	0
69	1	423.1033	187.6353	0
69	2	746.1229	189.8123	0
69	3	421.8407	180.0629	0
69	4	514.3895	168.0143	0
69	5	167.0485	246.414	0
69	6	573.2496	222.6025	0
69	7	413.2825	213.246	0
69	8	406.3257	250.7282	0
69	9	776.2675	187.9572	0
69	10	264.9973	226.5304	0
69	11	769.9131	155.342	0
69	12	696.7083	156.5612	0
69	13	464.6681	168.7804	0
69	14	698.8728	184.3009	0
69	15	729.6077	170.2424	0
69	16	552.0485	193.8974	0
69	17	644.5787	176.8221	0
69	18	704.0308	171.5929	0
69	19	309.0134	241.5095	0
69	20	491.1153	226.7803	0
69	21	-43.36368	246.1772	0
69	22	35.373	264.7225	0
69	23	525.2994	185.8395	0
69	24	715.4482	164.5744	0
69	25	353.9887	255.797	0
69	26	683.9271	197.8987	0
69	27	749.3314	207.8874	0
69	28	54.01968	210.213	0
69	29	683.5696	152.2313	0
69	30	646.7985	154.076	0
69	31	216.6146	274.0797	0
69	32	734.8394	145.1695	0
69	33	755.2741	161.99	0
69	34	366.857	183.1709	0
69	35	-115.0457	338.541	0
69	36	351.5166	206.636	0
69	37	469.1581	186.2514	0
69	38	266.2613	299.9441	0
69	39	673.0458	166.4949	0
69	40	804.8652	177.3734	0
69	41	416.4593	202.2556	0
69	42	370.6302	216.1987	0
69	43	484.1979	197.7323	0
70	1	423.1033	187.6353	0
70	2	746.1229	189.8123	0
70	3	421.8407	180.0629	0
70	4	514.3895	168.0143	0
70	5	167.0485	246.414	0
70	6	573.2496	222.6025	0
70	7	413.2825	213.246	0
70	8	406.3257	250.7282	0
70	9	776.2675	187.9572	0
70	10	264.9973	226.5304	0
70	11	769.9131	155.342	0
70	12	696.7083	156.5612	0
70	13	464.6681	168.7804	0
70	14	698.8728	184.3009	0
70	15	729.6077	170.2424	0
70	16	552.0485	193.8974	0
70	17	644.5787	176.8221	0
70	18	704.0308	171.5929	0
70	19	309.0134	241.5095	0
70	20	491.1153	226.7803	0
70	21	-43.36368	246.1772	0
70	22	35.373	264.7225	0
70	23	525.2994	185.8395	0
70	24	715.4482	164.5744	0
70	25	353.9887	255.797	0
70	26	683.9271	197.8987	0
70	27	749.3314	207.8874	0
70	28	54.01968	210.213	0
70	29	683.5696	152.2313	0
70	30	646.7985	154.076	0
70	31	216.6146	274.0797	0
70	32	734.8394	145.1695	0
70	33	755.2741	161.99	0
70	34	366.857	183.1709	0
70	35	-115.0457	338.541	0
70	36	351.5166	206.636	0
70	37	469.1581	186.2514	0
70	38	266.2613	299.9441	0
70	39	673.0458	166.4949	0
70	40	804.8652	177.3734	0
70	41	416.4593	202.2556	0
70	42	370.6302	216.1987	0
70	43	484.1979	197.7323	0
71	1	423.1033	187.6353	0
71	2	746.1229	189.8123	0
71	3	421.8407	180.0629	0
71	4	514.3895	168.0143	0
71	5	167.0485	246.414	0
71	6	573.2496	222.6025	0
71	7	413.2825	213.246	0
71	8	406.3257	250.7282	0
71	9	776.2675	187.9572	0
71	10	264.9973	226.5304	0
71	11	769.9131	155.342	0
71	12	696.7083	156.5612	0
71	13	464.6681	168.7804	0
71	14	698.8728	184.3009	0
71	15	729.6077	170.2424	0
71	16	552.0485	193.8974	0
71	17	644.5787	176.8221	0
71	18	704.0308	171.5929	0
71	19	309.0134	241.5095	0
71	20	491.1153	226.7803	0
71	21	-43.36368	246.1772	0
71	22	35.373	264.7225	0
71	23	525.2994	185.8395	0
71	24	715.4482	164.5744	0
71	25	353.9887	255.797	0
71	26	683.9271	197.8987	0
71	27	749.3314	207.8874	0
71	28	54.01968	210.213	0
71	29	683.5696	152.2313	0
71	30	646.7985	154.076	0
71	31	216.6146	274.0797	0
71	32	734.8394	145.1695	0
71	33	755.2741	161.99	0
71	34	366.857	183.1709	0
71	35	-115.0457	338.541	0
71	36	351.5166	206.636	0
71	37	469.1581	186.2514	0
71	38	266.2613	299.9441	0
71	39	673.0458	166.4949	0
71	40	804.8652	177.3734	0
71	41	416.4593	202.2556	0
71	42	370.6302	216.1987	0
71	43	484.1979	197.7323	0
72	1	423.1033	187.6353	0
72	2	746.1229	189.8123	0
72	3	421.8407	180.0629	0
72	4	514.3895	168.0143	0
72	5	167.0485	246.414	0
72	6	573.2496	222.6025	0
72	7	413.2825	213.246	0
72	8	406.3257	250.7282	0
72	9	776.2675	187.9572	0
72	10	264.9973	226.5304	0
72	11	769.9131	155.342	0
72	12	696.7083	156.5612	0
72	13	464.6681	168.7804	0
72	14	698.8728	184.3009	0
72	15	729.6077	170.2424	0
72	16	552.0485	193.8974	0
72	17	644.5787	176.8221	0
72	18	704.0308	171.5929	0
72	19	309.0134	241.5095	0
72	20	491.1153	226.7803	0
72	21	-43.36368	246.1772	0
72	22	35.373	264.7225	0
72	23	525.2994	185.8395	0
72	24	715.4482	164.5744	0
72	25	353.9887	255.797	0
72	26	683.9271	197.8987	0
72	27	749.3314	207.8874	0
72	28	54.01968	210.213	0
72	29	683.5696	152.2313	0
72	30	646.7985	154.076	0
72	31	216.6146	274.0797	0
72	32	734.8394	145.1695	0
72	33	755.2741	161.99	0
72	34	366.857	183.1709	0
72	35	-115.0457	338.541	0
72	36	351.5166	206.636	0
72	37	469.1581	186.2514	0
72	38	266.2613	299.9441	0
72	39	673.0458	166.4949	0
72	40	804.8652	177.3734	0
72	41	416.4593	202.2556	0
72	42	370.6302	216.1987	0
72	43	484.1979	197.7323	0
73	1	423.1033	187.6353	0
73	2	746.1229	189.8123	0
73	3	421.8407	180.0629	0
73	4	514.3895	168.0143	0
73	5	167.0485	246.414	0
73	6	573.2496	222.6025	0
73	7	413.2825	213.246	0
73	8	406.3257	250.7282	0
73	9	776.2675	187.9572	0
73	10	264.9973	226.5304	0
73	11	769.9131	155.342	0
73	12	696.7083	156.5612	0
73	13	464.6681	168.7804	0
73	14	698.8728	184.3009	0
73	15	729.6077	170.2424	0
73	16	552.0485	193.8974	0
73	17	644.5787	176.8221	0
73	18	704.0308	171.5929	0
73	19	309.0134	241.5095	0
73	20	491.1153	226.7803	0
73	21	-43.36368	246.1772	0
73	22	35.373	264.7225	0
73	23	525.2994	185.8395	0
73	24	715.4482	164.5744	0
73	25	353.9887	255.797	0
73	26	683.9271	197.8987	0
73	27	749.3314	207.8874	0
73	28	54.01968	210.213	0
73	29	683.5696	152.2313	0
73	30	646.7985	154.076	0
73	31	216.6146	274.0797	0
73	32	734.8394	145.1695	0
73	33	755.2741	161.99	0
73	34	366.857	183.1709	0
73	35	-115.0457	338.541	0
73	36	351.5166	206.636	0
73	37	469.1581	186.2514	0
73	38	266.2613	299.9441	0
73	39	673.0458	166.4949	0
73	40	804.8652	177.3734	0
73	41	416.4593	202.2556	0
73	42	370.6302	216.1987	0
73	43	484.1979	197.7323	0
74	1	423.1033	187.6353	0
74	2	746.1229	189.8123	0
74	3	421.8407	180.0629	0
74	4	514.3895	168.0143	0
74	5	167.0485	246.414	0
74	6	573.2496	222.6025	0
74	7	413.2825	213.246	0
74	8	406.3257	250.7282	0
74	9	776.2675	187.9572	0
74	10	264.9973	226.5304	0
74	11	769.9131	155.342	0
74	12	696.7083	156.5612	0
74	13	464.6681	168.7804	0
74	14	698.8728	184.3009	0
74	15	729.6077	170.2424	0
74	16	552.0485	193.8974	0
74	17	644.5787	176.8221	0
74	18	704.0308	171.5929	0
74	19	309.0134	241.5095	0
74	20	491.1153	226.7803	0
74	21	-43.36368	246.1772	0
74	22	35.373	264.7225	0
74	23	525.2994	185.8395	0
74	24	715.4482	164.5744	0
74	25	353.9887	255.797	0
74	26	683.9271	197.8987	0
74	27	749.3314	207.8874	0
74	28	54.01968	210.213	0
74	29	683.5696	152.2313	0
74	30	646.7985	154.076	0
74	31	216.6146	274.0797	0
74	32	734.8394	145.1695	0
74	33	755.2741	161.99	0
74	34	366.857	183.1709	0
74	35	-115.0457	338.541	0
74	36	351.5166	206.636	0
74	37	469.1581	186.2514	0
74	38	266.2613	299.9441	0
74	39	673.0458	166.4949	0
74	40	804.8652	177.3734	0
74	41	416.4593	202.2556	0
74	42	370.6302	216.1987	0
74	43	484.1979	197.7323	0
75	1	423.1033	187.6353	0
75	2	746.1229	189.8123	0
75	3	421.8407	180.0629	0
75	4	514.3895	168.0143	0
75	5	167.0485	246.414	0
75	6	573.2496	222.6025	0
75	7	413.2825	213.246	0
75	8	406.3257	250.7282	0
75	9	776.2675	187.9572	0
75	10	264.9973	226.5304	0
75	11	769.9131	155.342	0
75	12	696.7083	156.5612	0
75	13	464.6681	168.7804	0
75	14	698.8728	184.3009	0
75	15	729.6077	170.2424	0
75	16	552.0485	193.8974	0
75	17	644.5787	176.8221	0
75	18	704.0308	171.5929	0
75	19	309.0134	241.5095	0
75	20	491.1153	226.7803	0
75	21	-43.36368	246.1772	0
75	22	35.373	264.7225	0
75	23	525.2994	185.8395	0
75	24	715.4482	164.5744	0
75	25	353.9887	255.797	0
75	26	683.9271	197.8987	0
75	27	749.3314	207.8874	0
75	28	54.01968	210.213	0
75	29	683.5696	152.2313	0
75	30	646.7985	154.076	0
75	31	216.6146	274.0797	0
75	32	734.8394	145.1695	0
75	33	755.2741	161.99	0
75	34	366.857	183.1709	0
75	35	-115.0457	338.541	0
75	36	351.5166	206.636	0
75	37	469.1581	186.2514	0
75	38	266.2613	299.9441	0
75	39	673.0458	166.4949	0
75	40	804.8652	177.3734	0
75	41	416.4593	202.2556	0
75	42	370.6302	216.1987	0
75	43	484.1979	197.7323	0
76	1	423.1033	187.6353	0
76	2	746.1229	189.8123	0
76	3	421.8407	180.0629	0
76	4	514.3895	168.0143	0
76	5	167.0485	246.414	0
76	6	573.2496	222.6025	0
76	7	413.2825	213.246	0
76	8	406.3257	250.7282	0
76	9	776.2675	187.9572	0
76	10	264.9973	226.5304	0
76	11	769.9131	155.342	0
76	12	696.7083	156.5612	0
76	13	464.6681	168.7804	0
76	14	698.8728	184.3009	0
76	15	729.6077	170.2424	0
76	16	552.0485	193.8974	0
76	17	644.5787	176.8221	0
76	18	704.0308	171.5929	0
76	19	309.0134	241.5095	0
76	20	491.1153	226.7803	0
76	21	-43.36368	246.1772	0
76	22	35.373	264.7225	0
76	23	525.2994	185.8395	0
76	24	715.4482	164.5744	0
76	25	353.9887	255.797	0
76	26	683.9271	197.8987	0
76	27	749.3314	207.8874	0
76	28	54.01968	210.213	0
76	29	683.5696	152.2313	0
76	30	646.7985	154.076	0
76	31	216.6146	274.0797	0
76	32	734.8394	145.1695	0
76	33	755.2741	161.99	0
76	34	366.857	183.1709	0
76	35	-115.0457	338.541	0
76	36	351.5166	206.636	0
76	37	469.1581	186.2514	0
76	38	266.2613	299.9441	0
76	39	673.0458	166.4949	0
76	40	804.8652	177.3734	0
76	41	416.4593	202.2556	0
76	42	370.6302	216.1987	0
76	43	484.1979	197.7323	0
77	1	423.1033	187.6353	0
77	2	746.1229	189.8123	0
77	3	421.8407	180.0629	0
77	4	514.3895	168.0143	0
77	5	167.0485	246.414	0
77	6	573.2496	222.6025	0
77	7	413.2825	213.246	0
77	8	406.3257	250.7282	0
77	9	776.2675	187.9572	0
77	10	264.9973	226.5304	0
77	11	769.9131	155.342	0
77	12	696.7083	156.5612	0
77	13	464.6681	168.7804	0
77	14	698.8728	184.3009	0
77	15	729.6077	170.2424	0
77	16	552.0485	193.8974	0
77	17	644.5787	176.8221	0
77	18	704.0308	171.5929	0
77	19	309.0134	241.5095	0
77	20	491.1153	226.7803	0
77	21	-43.36368	246.1772	0
77	22	35.373	264.7225	0
77	23	525.2994	185.8395	0
77	24	715.4482	164.5744	0
77	25	353.9887	255.797	0
77	26	683.9271	197.8987	0
77	27	749.3314	207.8874	0
77	28	54.01968	210.213	0
77	29	683.5696	152.2313	0
77	30	646.7985	154.076	0
77	31	216.6146	274.0797	0
77	32	734.8394	145.1695	0
77	33	755.2741	161.99	0
77	34	366.857	183.1709	0
77	35	-115.0457	338.541	0
77	36	351.5166	206.636	0
77	37	469.1581	186.2514	0
77	38	266.2613	299.9441	0
77	39	673.0458	166.4949	0
77	40	804.8652	177.3734	0
77	41	416.4593	202.2556	0
77	42	370.6302	216.1987	0
77	43	484.1979	197.7323	0
78	1	423.1033	187.6353	0
78	2	746.1229	189.8123	0
78	3	421.8407	180.0629	0
78	4	514.3895	168.0143	0
78	5	167.0485	246.414	0
78	6	573.2496	222.6025	0
78	7	413.2825	213.246	0
78	8	406.3257	250.7282	0
78	9	776.2675	187.9572	0
78	10	264.9973	226.5304	0
78	11	769.9131	155.342	0
78	12	696.7083	156.5612	0
78	13	464.6681	168.7804	0
78	14	698.8728	184.3009	0
78	15	729.6077	170.2424	0
78	16	552.0485	193.8974	0
78	17	644.5787	176.8221	0
78	18	704.0308	171.5929	0
78	19	309.0134	241.5095	0
78	20	491.1153	226.7803	0
78	21	-43.36368	246.1772	0
78	22	35.373	264.7225	0
78	23	525.2994	185.8395	0
78	24	715.4482	164.5744	0
78	25	353.9887	255.797	0
78	26	683.9271	197.8987	0
78	27	749.3314	207.8874	0
78	28	54.01968	210.213	0
78	29	683.5696	152.2313	0
78	30	646.7985	154.076	0
78	31	216.6146	274.0797	0
78	32	734.8394	145.1695	0
78	33	755.2741	161.99	0
78	34	366.857	183.1709	0
78	35	-115.0457	338.541	0
78	36	351.5166	206.636	0
78	37	469.1581	186.2514	0
78	38	266.2613	299.9441	0
78	39	673.0458	166.4949	0
78	40	804.8652	177.3734	0
78	41	416.4593	202.2556	0
78	42	370.6302	216.1987	0
78	43	484.1979	197.7323	0
79	1	423.1033	187.6353	0
79	2	746.1229	189.8123	0
79	3	421.8407	180.0629	0
79	4	514.3895	168.0143	0
79	5	167.0485	246.414	0
79	6	573.2496	222.6025	0
79	7	413.2825	213.246	0
79	8	406.3257	250.7282	0
79	9	776.2675	187.9572	0
79	10	264.9973	226.5304	0
79	11	769.9131	155.342	0
79	12	696.7083	156.5612	0
79	13	464.6681	168.7804	0
79	14	698.8728	184.3009	0
79	15	729.6077	170.2424	0
79	16	552.0485	193.8974	0
79	17	644.5787	176.8221	0
79	18	704.0308	171.5929	0
79	19	309.0134	241.5095	0
79	20	491.1153	226.7803	0
79	21	-43.36368	246.1772	0
79	22	35.373	264.7225	0
79	23	525.2994	185.8395	0
79	24	715.4482	164.5744	0
79	25	353.9887	255.797	0
79	26	683.9271	197.8987	0
79	27	749.3314	207.8874	0
79	28	54.01968	210.213	0
79	29	683.5696	152.2313	0
79	30	646.7985	154.076	0
79	31	216.6146	274.0797	0
79	32	734.8394	145.1695	0
79	33	755.2741	161.99	0
79	34	366.857	183.1709	0
79	35	-115.0457	338.541	0
79	36	351.5166	206.636	0
79	37	469.1581	186.2514	0
79	38	266.2613	299.9441	0
79	39	673.0458	166.4949	0
79	40	804.8652	177.3734	0
79	41	416.4593	202.2556	0
79	42	370.6302	216.1987	0
79	43	484.1979	197.7323	0
80	1	423.1033	187.6353	0
80	2	746.1229	189.8123	0
80	3	421.8407	180.0629	0
80	4	514.3895	168.0143	0
80	5	167.0485	246.414	0
80	6	573.2496	222.6025	0
80	7	413.2825	213.246	0
80	8	406.3257	250.7282	0
80	9	776.2675	187.9572	0
80	10	264.9973	226.5304	0
80	11	769.9131	155.342	0
80	12	696.7083	156.5612	0
80	13	464.6681	168.7804	0
80	14	698.8728	184.3009	0
80	15	729.6077	170.2424	0
80	16	552.0485	193.8974	0
80	17	644.5787	176.8221	0
80	18	704.0308	171.5929	0
80	19	309.0134	241.5095	0
80	20	491.1153	226.7803	0
80	21	-43.36368	246.1772	0
80	22	35.373	264.7225	0
80	23	525.2994	185.8395	0
80	24	715.4482	164.5744	0
80	25	353.9887	255.797	0
80	26	683.9271	197.8987	0
80	27	749.3314	207.8874	0
80	28	54.01968	210.213	0
80	29	683.5696	152.2313	0
80	30	646.7985	154.076	0
80	31	216.6146	274.0797	0
80	32	734.8394	145.1695	0
80	33	755.2741	161.99	0
80	34	366.857	183.1709	0
80	35	-115.0457	338.541	0
80	36	351.5166	206.636	0
80	37	469.1581	186.2514	0
80	38	266.2613	299.9441	0
80	39	673.0458	166.4949	0
80	40	804.8652	177.3734	0
80	41	416.4593	202.2556	0
80	42	370.6302	216.1987	0
80	43	484.1979	197.7323	0
81	1	423.1033	187.6353	0
81	2	746.1229	189.8123	0
81	3	421.8407	180.0629	0
81	4	514.3895	168.0143	0
81	5	167.0485	246.414	0
81	6	573.2496	222.6025	0
81	7	413.2825	213.246	0
81	8	406.3257	250.7282	0
81	9	776.2675	187.9572	0
81	10	264.9973	226.5304	0
81	11	769.9131	155.342	0
81	12	696.7083	156.5612	0
81	13	464.6681	168.7804	0
81	14	698.8728	184.3009	0
81	15	729.6077	170.2424	0
81	16	552.0485	193.8974	0
81	17	644.5787	176.8221	0
81	18	704.0308	171.5929	0
81	19	309.0134	241.5095	0
81	20	491.1153	226.7803	0
81	21	-43.36368	246.1772	0
81	22	35.373	264.7225	0
81	23	525.2994	185.8395	0
81	24	715.4482	164.5744	0
81	25	353.9887	255.797	0
81	26	683.9271	197.8987	0
81	27	749.3314	207.8874	0
81	28	54.01968	210.213	0
81	29	683.5696	152.2313	0
81	30	646.7985	154.076	0
81	31	216.6146	274.0797	0
81	32	734.8394	145.1695	0
81	33	755.2741	161.99	0
81	34	366.857	183.1709	0
81	35	-115.0457	338.541	0
81	36	351.5166	206.636	0
81	37	469.1581	186.2514	0
81	38	266.2613	299.9441	0
81	39	673.0458	166.4949	0
81	40	804.8652	177.3734	0
81	41	416.4593	202.2556	0
81	42	370.6302	216.1987	0
81	43	484.1979	197.7323	0
82	1	423.1033	187.6353	0
82	2	746.1229	189.8123	0
82	3	421.8407	180.0629	0
82	4	514.3895	168.0143	0
82	5	167.0485	246.414	0
82	6	573.2496	222.6025	0
82	7	413.2825	213.246	0
82	8	406.3257	250.7282	0
82	9	776.2675	187.9572	0
82	10	264.9973	226.5304	0
82	11	769.9131	155.342	0
82	12	696.7083	156.5612	0
82	13	464.6681	168.7804	0
82	14	698.8728	184.3009	0
82	15	729.6077	170.2424	0
82	16	552.0485	193.8974	0
82	17	644.5787	176.8221	0
82	18	704.0308	171.5929	0
82	19	309.0134	241.5095	0
82	20	491.1153	226.7803	0
82	21	-43.36368	246.1772	0
82	22	35.373	264.7225	0
82	23	525.2994	185.8395	0
82	24	715.4482	164.5744	0
82	25	353.9887	255.797	0
82	26	683.9271	197.8987	0
82	27	749.3314	207.8874	0
82	28	54.01968	210.213	0
82	29	683.5696	152.2313	0
82	30	646.7985	154.076	0
82	31	216.6146	274.0797	0
82	32	734.8394	145.1695	0
82	33	755.2741	161.99	0
82	34	366.857	183.1709	0
82	35	-115.0457	338.541	0
82	36	351.5166	206.636	0
82	37	469.1581	186.2514	0
82	38	266.2613	299.9441	0
82	39	673.0458	166.4949	0
82	40	804.8652	177.3734	0
82	41	416.4593	202.2556	0
82	42	370.6302	216.1987	0
82	43	484.1979	197.7323	0
83	1	423.1033	187.6353	0
83	2	746.1229	189.8123	0
83	3	421.8407	180.0629	0
83	4	514.3895	168.0143	0
83	5	167.0485	246.414	0
83	6	573.2496	222.6025	0
83	7	413.2825	213.246	0
83	8	406.3257	250.7282	0
83	9	776.2675	187.9572	0
83	10	264.9973	226.5304	0
83	11	769.9131	155.342	0
83	12	696.7083	156.5612	0
83	13	464.6681	168.7804	0
83	14	698.8728	184.3009	0
83	15	729.6077	170.2424	0
83	16	552.0485	193.8974	0
83	17	644.5787	176.8221	0
83	18	704.0308	171.5929	0
83	19	309.0134	241.5095	0
83	20	491.1153	226.7803	0
83	21	-43.36368	246.1772	0
83	22	35.373	264.7225	0
83	23	525.2994	185.8395	0
83	24	715.4482	164.5744	0
83	25	353.9887	255.797	0
83	26	683.9271	197.8987	0
83	27	749.3314	207.8874	0
83	28	54.01968	210.213	0
83	29	683.5696	152.2313	0
83	30	646.7985	154.076	0
83	31	216.6146	274.0797	0
83	32	734.8394	145.1695	0
83	33	755.2741	161.99	0
83	34	366.857	183.1709	0
83	35	-115.0457	338.541	0
83	36	351.5166	206.636	0
83	37	469.1581	186.2514	0
83	38	266.2613	299.9441	0
83	39	673.0458	166.4949	0
83	40	804.8652	177.3734	0
83	41	416.4593	202.2556	0
83	42	370.6302	216.1987	0
83	43	484.1979	197.7323	0
84	1	423.1033	187.6353	0
84	2	746.1229	189.8123	0
84	3	421.8407	180.0629	0
84	4	514.3895	168.0143	0
84	5	167.0485	246.414	0
84	6	573.2496	222.6025	0
84	7	413.2825	213.246	0
84	8	406.3257	250.7282	0
84	9	776.2675	187.9572	0
84	10	264.9973	226.5304	0
84	11	769.9131	155.342	0
84	12	696.7083	156.5612	0
84	13	464.6681	168.7804	0
84	14	698.8728	184.3009	0
84	15	729.6077	170.2424	0
84	16	552.0485	193.8974	0
84	17	644.5787	176.8221	0
84	18	704.0308	171.5929	0
84	19	309.0134	241.5095	0
84	20	491.1153	226.7803	0
84	21	-43.36368	246.1772	0
84	22	35.373	264.7225	0
84	23	525.2994	185.8395	0
84	24	715.4482	164.5744	0
84	25	353.9887	255.797	0
84	26	683.9271	197.8987	0
84	27	749.3314	207.8874	0
84	28	54.01968	210.213	0
84	29	683.5696	152.2313	0
84	30	646.7985	154.076	0
84	31	216.6146	274.0797	0
84	32	734.8394	145.1695	0
84	33	755.2741	161.99	0
84	34	366.857	183.1709	0
84	35	-115.0457	338.541	0
84	36	351.5166	206.636	0
84	37	469.1581	186.2514	0
84	38	266.2613	299.9441	0
84	39	673.0458	166.4949	0
84	40	804.8652	177.3734	0
84	41	416.4593	202.2556	0
84	42	370.6302	216.1987	0
84	43	484.1979	197.7323	0
85	1	423.1033	187.6353	0
85	2	746.1229	189.8123	0
85	3	421.8407	180.0629	0
85	4	514.3895	168.0143	0
85	5	167.0485	246.414	0
85	6	573.2496	222.6025	0
85	7	413.2825	213.246	0
85	8	406.3257	250.7282	0
85	9	776.2675	187.9572	0
85	10	264.9973	226.5304	0
85	11	769.9131	155.342	0
85	12	696.7083	156.5612	0
85	13	464.6681	168.7804	0
85	14	698.8728	184.3009	0
85	15	729.6077	170.2424	0
85	16	552.0485	193.8974	0
85	17	644.5787	176.8221	0
85	18	704.0308	171.5929	0
85	19	309.0134	241.5095	0
85	20	491.1153	226.7803	0
85	21	-43.36368	246.1772	0
85	22	35.373	264.7225	0
85	23	525.2994	185.8395	0
85	24	715.4482	164.5744	0
85	25	353.9887	255.797	0
85	26	683.9271	197.8987	0
85	27	749.3314	207.8874	0
85	28	54.01968	210.213	0
85	29	683.5696	152.2313	0
85	30	646.7985	154.076	0
85	31	216.6146	274.0797	0
85	32	734.8394	145.1695	0
85	33	755.2741	161.99	0
85	34	366.857	183.1709	0
85	35	-115.0457	338.541	0
85	36	351.5166	206.636	0
85	37	469.1581	186.2514	0
85	38	266.2613	299.9441	0
85	39	673.0458	166.4949	0
85	40	804.8652	177.3734	0
85	41	416.4593	202.2556	0
85	42	370.6302	216.1987	0
85	43	484.1979	197.7323	0
86	1	423.1033	187.6353	0
86	2	746.1229	189.8123	0
86	3	421.8407	180.0629	0
86	4	514.3895	168.0143	0
86	5	167.0485	246.414	0
86	6	573.2496	222.6025	0
86	7	413.2825	213.246	0
86	8	406.3257	250.7282	0
86	9	776.2675	187.9572	0
86	10	264.9973	226.5304	0
86	11	769.9131	155.342	0
86	12	696.7083	156.5612	0
86	13	464.6681	168.7804	0
86	14	698.8728	184.3009	0
86	15	729.6077	170.2424	0
86	16	552.0485	193.8974	0
86	17	644.5787	176.8221	0
86	18	704.0308	171.5929	0
86	19	309.0134	241.5095	0
86	20	491.1153	226.7803	0
86	21	-43.36368	246.1772	0
86	22	35.373	264.7225	0
86	23	525.2994	185.8395	0
86	24	715.4482	164.5744	0
86	25	353.9887	255.797	0
86	26	683.9271	197.8987	0
86	27	749.3314	207.8874	0
86	28	54.01968	210.213	0
86	29	683.5696	152.2313	0
86	30	646.7985	154.076	0
86	31	216.6146	274.0797	0
86	32	734.8394	145.1695	0
86	33	755.2741	161.99	0
86	34	366.857	183.1709	0
86	35	-115.0457	338.541	0
86	36	351.5166	206.636	0
86	37	469.1581	186.2514	0
86	38	266.2613	299.9441	0
86	39	673.0458	166.4949	0
86	40	804.8652	177.3734	0
86	41	416.4593	202.2556	0
86	42	370.6302	216.1987	0
86	43	484.1979	197.7323	0
87	1	423.1033	187.6353	0
87	2	746.1229	189.8123	0
87	3	421.8407	180.0629	0
87	4	514.3895	168.0143	0
87	5	167.0485	246.414	0
87	6	573.2496	222.6025	0
87	7	413.2825	213.246	0
87	8	406.3257	250.7282	0
87	9	776.2675	187.9572	0
87	10	264.9973	226.5304	0
87	11	769.9131	155.342	0
87	12	696.7083	156.5612	0
87	13	464.6681	168.7804	0
87	14	698.8728	184.3009	0
87	15	729.6077	170.2424	0
87	16	552.0485	193.8974	0
87	17	644.5787	176.8221	0
87	18	704.0308	171.5929	0
87	19	309.0134	241.5095	0
87	20	491.1153	226.7803	0
87	21	-43.36368	246.1772	0
87	22	35.373	264.7225	0
87	23	525.2994	185.8395	0
87	24	715.4482	164.5744	0
87	25	353.9887	255.797	0
87	26	683.9271	197.8987	0
87	27	749.3314	207.8874	0
87	28	54.01968	210.213	0
87	29	683.5696	152.2313	0
87	30	646.7985	154.076	0
87	31	216.6146	274.0797	0
87	32	734.8394	145.1695	0
87	33	755.2741	161.99	0
87	34	366.857	183.1709	0
87	35	-115.0457	338.541	0
87	36	351.5166	206.636	0
87	37	469.1581	186.2514	0
87	38	266.2613	299.9441	0
87	39	673.0458	166.4949	0
87	40	804.8652	177.3734	0
87	41	416.4593	202.2556	0
87	42	370.6302	216.1987	0
87	43	484.1979	197.7323	0
88	1	423.1033	187.6353	0
88	2	746.1229	189.8123	0
88	3	421.8407	180.0629	0
88	4	514.3895	168.0143	0
88	5	167.0485	246.414	0
88	6	573.2496	222.6025	0
88	7	413.2825	213.246	0
88	8	406.3257	250.7282	0
88	9	776.2675	187.9572	0
88	10	264.9973	226.5304	0
88	11	769.9131	155.342	0
88	12	696.7083	156.5612	0
88	13	464.6681	168.7804	0
88	14	698.8728	184.3009	0
88	15	729.6077	170.2424	0
88	16	552.0485	193.8974	0
88	17	644.5787	176.8221	0
88	18	704.0308	171.5929	0
88	19	309.0134	241.5095	0
88	20	491.1153	226.7803	0
88	21	-43.36368	246.1772	0
88	22	35.373	264.7225	0
88	23	525.2994	185.8395	0
88	24	715.4482	164.5744	0
88	25	353.9887	255.797	0
88	26	683.9271	197.8987	0
88	27	749.3314	207.8874	0
88	28	54.01968	210.213	0
88	29	683.5696	152.2313	0
88	30	646.7985	154.076	0
88	31	216.6146	274.0797	0
88	32	734.8394	145.1695	0
88	33	755.2741	161.99	0
88	34	366.857	183.1709	0
88	35	-115.0457	338.541	0
88	36	351.5166	206.636	0
88	37	469.1581	186.2514	0
88	38	266.2613	299.9441	0
88	39	673.0458	166.4949	0
88	40	804.8652	177.3734	0
88	41	416.4593	202.2556	0
88	42	370.6302	216.1987	0
88	43	484.1979	197.7323	0
89	1	423.1033	187.6353	0
89	2	746.1229	189.8123	0
89	3	421.8407	180.0629	0
89	4	514.3895	168.0143	0
89	5	167.0485	246.414	0
89	6	573.2496	222.6025	0
89	7	413.2825	213.246	0
89	8	406.3257	250.7282	0
89	9	776.2675	187.9572	0
89	10	264.9973	226.5304	0
89	11	769.9131	155.342	0
89	12	696.7083	156.5612	0
89	13	464.6681	168.7804	0
89	14	698.8728	184.3009	0
89	15	729.6077	170.2424	0
89	16	552.0485	193.8974	0
89	17	644.5787	176.8221	0
89	18	704.0308	171.5929	0
89	19	309.0134	241.5095	0
89	20	491.1153	226.7803	0
89	21	-43.36368	246.1772	0
89	22	35.373	264.7225	0
89	23	525.2994	185.8395	0
89	24	715.4482	164.5744	0
89	25	353.9887	255.797	0
89	26	683.9271	197.8987	0
89	27	749.3314	207.8874	0
89	28	54.01968	210.213	0
89	29	683.5696	152.2313	0
89	30	646.7985	154.076	0
89	31	216.6146	274.0797	0
89	32	734.8394	145.1695	0
89	33	755.2741	161.99	0
89	34	366.857	183.1709	0
89	35	-115.0457	338.541	0
89	36	351.5166	206.636	0
89	37	469.1581	186.2514	0
89	38	266.2613	299.9441	0
89	39	673.0458	166.4949	0
89	40	804.8652	177.3734	0
89	41	416.4593	202.2556	0
89	42	370.6302	216.1987	0
89	43	484.1979	197.7323	0
90	1	423.1033	187.6353	0
90	2	746.1229	189.8123	0
90	3	421.8407	180.0629	0
90	4	514.3895	168.0143	0
90	5	167.0485	246.414	0
90	6	573.2496	222.6025	0
90	7	413.2825	213.246	0
90	8	406.3257	250.7282	0
90	9	776.2675	187.9572	0
90	10	264.9973	226.5304	0
90	11	769.9131	155.342	0
90	12	696.7083	156.5612	0
90	13	464.6681	168.7804	0
90	14	698.8728	184.3009	0
90	15	729.6077	170.2424	0
90	16	552.0485	193.8974	0
90	17	644.5787	176.8221	0
90	18	704.0308	171.5929	0
90	19	309.0134	241.5095	0
90	20	491.1153	226.7803	0
90	21	-43.36368	246.1772	0
90	22	35.373	264.7225	0
90	23	525.2994	185.8395	0
90	24	715.4482	164.5744	0
90	25	353.9887	255.797	0
90	26	683.9271	197.8987	0
90	27	749.3314	207.8874	0
90	28	54.01968	210.213	0
90	29	683.5696	152.2313	0
90	30	646.7985	154.076	0
90	31	216.6146	274.0797	0
90	32	734.8394	145.1695	0
90	33	755.2741	161.99	0
90	34	366.857	183.1709	0
90	35	-115.0457	338.541	0
90	36	351.5166	206.636	0
90	37	469.1581	186.2514	0
90	38	266.2613	299.9441	0
90	39	673.0458	166.4949	0
90	40	804.8652	177.3734	0
90	41	416.4593	202.2556	0
90	42	370.6302	216.1987	0
90	43	484.1979	197.7323	0
91	1	423.1033	187.6353	0
91	2	746.1229	189.8123	0
91	3	421.8407	180.0629	0
91	4	514.3895	168.0143	0
91	5	167.0485	246.414	0
91	6	573.2496	222.6025	0
91	7	413.2825	213.246	0
91	8	406.3257	250.7282	0
91	9	776.2675	187.9572	0
91	10	264.9973	226.5304	0
91	11	769.9131	155.342	0
91	12	696.7083	156.5612	0
91	13	464.6681	168.7804	0
91	14	698.8728	184.3009	0
91	15	729.6077	170.2424	0
91	16	552.0485	193.8974	0
91	17	644.5787	176.8221	0
91	18	704.0308	171.5929	0
91	19	309.0134	241.5095	0
91	20	491.1153	226.7803	0
91	21	-43.36368	246.1772	0
91	22	35.373	264.7225	0
91	23	525.2994	185.8395	0
91	24	715.4482	164.5744	0
91	25	353.9887	255.797	0
91	26	683.9271	197.8987	0
91	27	749.3314	207.8874	0
91	28	54.01968	210.213	0
91	29	683.5696	152.2313	0
91	30	646.7985	154.076	0
91	31	216.6146	274.0797	0
91	32	734.8394	145.1695	0
91	33	755.2741	161.99	0
91	34	366.857	183.1709	0
91	35	-115.0457	338.541	0
91	36	351.5166	206.636	0
91	37	469.1581	186.2514	0
91	38	266.2613	299.9441	0
91	39	673.0458	166.4949	0
91	40	804.8652	177.3734	0
91	41	416.4593	202.2556	0
91	42	370.6302	216.1987	0
91	43	484.1979	197.7323	0
92	1	423.1033	187.6353	0
92	2	746.1229	189.8123	0
92	3	421.8407	180.0629	0
92	4	514.3895	168.0143	0
92	5	167.0485	246.414	0
92	6	573.2496	222.6025	0
92	7	413.2825	213.246	0
92	8	406.3257	250.7282	0
92	9	776.2675	187.9572	0
92	10	264.9973	226.5304	0
92	11	769.9131	155.342	0
92	12	696.7083	156.5612	0
92	13	464.6681	168.7804	0
92	14	698.8728	184.3009	0
92	15	729.6077	170.2424	0
92	16	552.0485	193.8974	0
92	17	644.5787	176.8221	0
92	18	704.0308	171.5929	0
92	19	309.0134	241.5095	0
92	20	491.1153	226.7803	0
92	21	-43.36368	246.1772	0
92	22	35.373	264.7225	0
92	23	525.2994	185.8395	0
92	24	715.4482	164.5744	0
92	25	353.9887	255.797	0
92	26	683.9271	197.8987	0
92	27	749.3314	207.8874	0
92	28	54.01968	210.213	0
92	29	683.5696	152.2313	0
92	30	646.7985	154.076	0
92	31	216.6146	274.0797	0
92	32	734.8394	145.1695	0
92	33	755.2741	161.99	0
92	34	366.857	183.1709	0
92	35	-115.0457	338.541	0
92	36	351.5166	206.636	0
92	37	469.1581	186.2514	0
92	38	266.2613	299.9441	0
92	39	673.0458	166.4949	0
92	40	804.8652	177.3734	0
92	41	416.4593	202.2556	0
92	42	370.6302	216.1987	0
92	43	484.1979	197.7323	0
93	1	423.1033	187.6353	0
93	2	746.1229	189.8123	0
93	3	421.8407	180.0629	0
93	4	514.3895	168.0143	0
93	5	167.0485	246.414	0
93	6	573.2496	222.6025	0
93	7	413.2825	213.246	0
93	8	406.3257	250.7282	0
93	9	776.2675	187.9572	0
93	10	264.9973	226.5304	0
93	11	769.9131	155.342	0
93	12	696.7083	156.5612	0
93	13	464.6681	168.7804	0
93	14	698.8728	184.3009	0
93	15	729.6077	170.2424	0
93	16	552.0485	193.8974	0
93	17	644.5787	176.8221	0
93	18	704.0308	171.5929	0
93	19	309.0134	241.5095	0
93	20	491.1153	226.7803	0
93	21	-43.36368	246.1772	0
93	22	35.373	264.7225	0
93	23	525.2994	185.8395	0
93	24	715.4482	164.5744	0
93	25	353.9887	255.797	0
93	26	683.9271	197.8987	0
93	27	749.3314	207.8874	0
93	28	54.01968	210.213	0
93	29	683.5696	152.2313	0
93	30	646.7985	154.076	0
93	31	216.6146	274.0797	0
93	32	734.8394	145.1695	0
93	33	755.2741	161.99	0
93	34	366.857	183.1709	0
93	35	-115.0457	338.541	0
93	36	351.5166	206.636	0
93	37	469.1581	186.2514	0
93	38	266.2613	299.9441	0
93	39	673.0458	166.4949	0
93	40	804.8652	177.3734	0
93	41	416.4593	202.2556	0
93	42	370.6302	216.1987	0
93	43	484.1979	197.7323	0
94	1	423.1033	187.6353	0
94	2	746.1229	189.8123	0
94	3	421.8407	180.0629	0
94	4	514.3895	168.0143	0
94	5	167.0485	246.414	0
94	6	573.2496	222.6025	0
94	7	413.2825	213.246	0
94	8	406.3257	250.7282	0
94	9	776.2675	187.9572	0
94	10	264.9973	226.5304	0
94	11	769.9131	155.342	0
94	12	696.7083	156.5612	0
94	13	464.6681	168.7804	0
94	14	698.8728	184.3009	0
94	15	729.6077	170.2424	0
94	16	552.0485	193.8974	0
94	17	644.5787	176.8221	0
94	18	704.0308	171.5929	0
94	19	309.0134	241.5095	0
94	20	491.1153	226.7803	0
94	21	-43.36368	246.1772	0
94	22	35.373	264.7225	0
94	23	525.2994	185.8395	0
94	24	715.4482	164.5744	0
94	25	353.9887	255.797	0
94	26	683.9271	197.8987	0
94	27	749.3314	207.8874	0
94	28	54.01968	210.213	0
94	29	683.5696	152.2313	0
94	30	646.7985	154.076	0
94	31	216.6146	274.0797	0
94	32	734.8394	145.1695	0
94	33	755.2741	161.99	0
94	34	366.857	183.1709	0
94	35	-115.0457	338.541	0
94	36	351.5166	206.636	0
94	37	469.1581	186.2514	0
94	38	266.2613	299.9441	0
94	39	673.0458	166.4949	0
94	40	804.8652	177.3734	0
94	41	416.4593	202.2556	0
94	42	370.6302	216.1987	0
94	43	484.1979	197.7323	0
95	1	423.1033	187.6353	0
95	2	746.1229	189.8123	0
95	3	421.8407	180.0629	0
95	4	514.3895	168.0143	0
95	5	167.0485	246.414	0
95	6	573.2496	222.6025	0
95	7	413.2825	213.246	0
95	8	406.3257	250.7282	0
95	9	776.2675	187.9572	0
95	10	264.9973	226.5304	0
95	11	769.9131	155.342	0
95	12	696.7083	156.5612	0
95	13	464.6681	168.7804	0
95	14	698.8728	184.3009	0
95	15	729.6077	170.2424	0
95	16	552.0485	193.8974	0
95	17	644.5787	176.8221	0
95	18	704.0308	171.5929	0
95	19	309.0134	241.5095	0
95	20	491.1153	226.7803	0
95	21	-43.36368	246.1772	0
95	22	35.373	264.7225	0
95	23	525.2994	185.8395	0
95	24	715.4482	164.5744	0
95	25	353.9887	255.797	0
95	26	683.9271	197.8987	0
95	27	749.3314	207.8874	0
95	28	54.01968	210.213	0
95	29	683.5696	152.2313	0
95	30	646.7985	154.076	0
95	31	216.6146	274.0797	0
95	32	734.8394	145.1695	0
95	33	755.2741	161.99	0
95	34	366.857	183.1709	0
95	35	-115.0457	338.541	0
95	36	351.5166	206.636	0
95	37	469.1581	186.2514	0
95	38	266.2613	299.9441	0
95	39	673.0458	166.4949	0
95	40	804.8652	177.3734	0
95	41	416.4593	202.2556	0
95	42	370.6302	216.1987	0
95	43	484.1979	197.7323	0
96	1	423.1033	187.6353	0
96	2	746.1229	189.8123	0
96	3	421.8407	180.0629	0
96	4	514.3895	168.0143	0
96	5	167.0485	246.414	0
96	6	573.2496	222.6025	0
96	7	413.2825	213.246	0
96	8	406.3257	250.7282	0
96	9	776.2675	187.9572	0
96	10	264.9973	226.5304	0
96	11	769.9131	155.342	0
96	12	696.7083	156.5612	0
96	13	464.6681	168.7804	0
96	14	698.8728	184.3009	0
96	15	729.6077	170.2424	0
96	16	552.0485	193.8974	0
96	17	644.5787	176.8221	0
96	18	704.0308	171.5929	0
96	19	309.0134	241.5095	0
96	20	491.1153	226.7803	0
96	21	-43.36368	246.1772	0
96	22	35.373	264.7225	0
96	23	525.2994	185.8395	0
96	24	715.4482	164.5744	0
96	25	353.9887	255.797	0
96	26	683.9271	197.8987	0
96	27	749.3314	207.8874	0
96	28	54.01968	210.213	0
96	29	683.5696	152.2313	0
96	30	646.7985	154.076	0
96	31	216.6146	274.0797	0
96	32	734.8394	145.1695	0
96	33	755.2741	161.99	0
96	34	366.857	183.1709	0
96	35	-115.0457	338.541	0
96	36	351.5166	206.636	0
96	37	469.1581	186.2514	0
96	38	266.2613	299.9441	0
96	39	673.0458	166.4949	0
96	40	804.8652	177.3734	0
96	41	416.4593	202.2556	0
96	42	370.6302	216.1987	0
96	43	484.1979	197.7323	0
97	1	423.1033	187.6353	0
97	2	746.1229	189.8123	0
97	3	421.8407	180.0629	0
97	4	514.3895	168.0143	0
97	5	167.0485	246.414	0
97	6	573.2496	222.6025	0
97	7	413.2825	213.246	0
97	8	406.3257	250.7282	0
97	9	776.2675	187.9572	0
97	10	264.9973	226.5304	0
97	11	769.9131	155.342	0
97	12	696.7083	156.5612	0
97	13	464.6681	168.7804	0
97	14	698.8728	184.3009	0
97	15	729.6077	170.2424	0
97	16	552.0485	193.8974	0
97	17	644.5787	176.8221	0
97	18	704.0308	171.5929	0
97	19	309.0134	241.5095	0
97	20	491.1153	226.7803	0
97	21	-43.36368	246.1772	0
97	22	35.373	264.7225	0
97	23	525.2994	185.8395	0
97	24	715.4482	164.5744	0
97	25	353.9887	255.797	0
97	26	683.9271	197.8987	0
97	27	749.3314	207.8874	0
97	28	54.01968	210.213	0
97	29	683.5696	152.2313	0
97	30	646.7985	154.076	0
97	31	216.6146	274.0797	0
97	32	734.8394	145.1695	0
97	33	755.2741	161.99	0
97	34	366.857	183.1709	0
97	35	-115.0457	338.541	0
97	36	351.5166	206.636	0
97	37	469.1581	186.2514	0
97	38	266.2613	299.9441	0
97	39	673.0458	166.4949	0
97	40	804.8652	177.3734	0
97	41	416.4593	202.2556	0
97	42	370.6302	216.1987	0
97	43	484.1979	197.7323	0
98	1	423.1033	187.6353	0
98	2	746.1229	189.8123	0
98	3	421.8407	180.0629	0
98	4	514.3895	168.0143	0
98	5	167.0485	246.414	0
98	6	573.2496	222.6025	0
98	7	413.2825	213.246	0
98	8	406.3257	250.7282	0
98	9	776.2675	187.9572	0
98	10	264.9973	226.5304	0
98	11	769.9131	155.342	0
98	12	696.7083	156.5612	0
98	13	464.6681	168.7804	0
98	14	698.8728	184.3009	0
98	15	729.6077	170.2424	0
98	16	552.0485	193.8974	0
98	17	644.5787	176.8221	0
98	18	704.0308	171.5929	0
98	19	309.0134	241.5095	0
98	20	491.1153	226.7803	0
98	21	-43.36368	246.1772	0
98	22	35.373	264.7225	0
98	23	525.2994	185.8395	0
98	24	715.4482	164.5744	0
98	25	353.9887	255.797	0
98	26	683.9271	197.8987	0
98	27	749.3314	207.8874	0
98	28	54.01968	210.213	0
98	29	683.5696	152.2313	0
98	30	646.7985	154.076	0
98	31	216.6146	274.0797	0
98	32	734.8394	145.1695	0
98	33	755.2741	161.99	0
98	34	366.857	183.1709	0
98	35	-115.0457	338.541	0
98	36	351.5166	206.636	0
98	37	469.1581	186.2514	0
98	38	266.2613	299.9441	0
98	39	673.0458	166.4949	0
98	40	804.8652	177.3734	0
98	41	416.4593	202.2556	0
98	42	370.6302	216.1987	0
98	43	484.1979	197.7323	0
99	1	423.1033	187.6353	0
99	2	746.1229	189.8123	0
99	3	421.8407	180.0629	0
99	4	514.3895	168.0143	0
99	5	167.0485	246.414	0
99	6	573.2496	222.6025	0
99	7	413.2825	213.246	0
99	8	406.3257	250.7282	0
99	9	776.2675	187.9572	0
99	10	264.9973	226.5304	0
99	11	769.9131	155.342	0
99	12	696.7083	156.5612	0
99	13	464.6681	168.7804	0
99	14	698.8728	184.3009	0
99	15	729.6077	170.2424	0
99	16	552.0485	193.8974	0
99	17	644.5787	176.8221	0
99	18	704.0308	171.5929	0
99	19	309.0134	241.5095	0
99	20	491.1153	226.7803	0
99	21	-43.36368	246.1772	0
99	22	35.373	264.7225	0
99	23	525.2994	185.8395	0
99	24	715.4482	164.5744	0
99	25	353.9887	255.797	0
99	26	683.9271	197.8987	0
99	27	749.3314	207.8874	0
99	28	54.01968	210.213	0
99	29	683.5696	152.2313	0
99	30	646.7985	154.076	0
99	31	216.6146	274.0797	0
99	32	734.8394	145.1695	0
99	33	755.2741	161.99	0
99	34	366.857	183.1709	0
99	35	-115.0457	338.541	0
99	36	351.5166	206.636	0
99	37	469.1581	186.2514	0
99	38	266.2613	299.9441	0
99	39	673.0458	166.4949	0
99	40	804.8652	177.3734	0
99	41	416.4593	202.2556	0
99	42	370.6302	216.1987	0
99	43	484.1979	197.7323	0
100	1	423.1033	187.6353	0
100	2	746.1229	189.8123	0
100	3	421.8407	180.0629	0
100	4	514.3895	168.0143	0
100	5	167.0485	246.414	0
100	6	573.2496	222.6025	0
100	7	413.2825	213.246	0
100	8	406.3257	250.7282	0
100	9	776.2675	187.9572	0
100	10	264.9973	226.5304	0
100	11	769.9131	155.342	0
100	12	696.7083	156.5612	0
100	13	464.6681	168.7804	0
100	14	698.8728	184.3009	0
100	15	729.6077	170.2424	0
100	16	552.0485	193.8974	0
100	17	644.5787	176.8221	0
100	18	704.0308	171.5929	0
100	19	309.0134	241.5095	0
100	20	491.1153	226.7803	0
100	21	-43.36368	246.1772	0
100	22	35.373	264.7225	0
100	23	525.2994	185.8395	0
100	24	715.4482	164.5744	0
100	25	353.9887	255.797	0
100	26	683.9271	197.8987	0
100	27	749.3314	207.8874	0
100	28	54.01968	210.213	0
100	29	683.5696	152.2313	0
100	30	646.7985	154.076	0
100	31	216.6146	274.0797	0
100	32	734.8394	145.1695	0
100	33	755.2741	161.99	0
100	34	366.857	183.1709	0
100	35	-115.0457	338.541	0
100	36	351.5166	206.636	0
100	37	469.1581	186.2514	0
100	38	266.2613	299.9441	0
100	39	673.0458	166.4949	0
100	40	804.8652	177.3734	0
100	41	416.4593	202.2556	0
100	42	370.6302	216.1987	0
100	43	484.1979	197.7323	0
101	1	423.1033	187.6353	0
101	2	746.1229	189.8123	0
101	3	421.8407	180.0629	0
101	4	514.3895	168.0143	0
101	5	167.0485	246.414	0
101	6	573.2496	222.6025	0
101	7	413.2825	213.246	0
101	8	406.3257	250.7282	0
101	9	776.2675	187.9572	0
101	10	264.9973	226.5304	0
101	11	769.9131	155.342	0
101	12	696.7083	156.5612	0
101	13	464.6681	168.7804	0
101	14	698.8728	184.3009	0
101	15	729.6077	170.2424	0
101	16	552.0485	193.8974	0
101	17	644.5787	176.8221	0
101	18	704.0308	171.5929	0
101	19	309.0134	241.5095	0
101	20	491.1153	226.7803	0
101	21	-43.36368	246.1772	0
101	22	35.373	264.7225	0
101	23	525.2994	185.8395	0
101	24	715.4482	164.5744	0
101	25	353.9887	255.797	0
101	26	683.9271	197.8987	0
101	27	749.3314	207.8874	0
101	28	54.01968	210.213	0
101	29	683.5696	152.2313	0
101	30	646.7985	154.076	0
101	31	216.6146	274.0797	0
101	32	734.8394	145.1695	0
101	33	755.2741	161.99	0
101	34	366.857	183.1709	0
101	35	-115.0457	338.541	0
101	36	351.5166	206.636	0
101	37	469.1581	186.2514	0
101	38	266.2613	299.9441	0
101	39	673.0458	166.4949	0
101	40	804.8652	177.3734	0
101	41	416.4593	202.2556	0
101	42	370.6302	216.1987	0
101	43	484.1979	197.7323	0
102	1	423.1033	187.6353	0
102	2	746.1229	189.8123	0
102	3	421.8407	180.0629	0
102	4	514.3895	168.0143	0
102	5	167.0485	246.414	0
102	6	573.2496	222.6025	0
102	7	413.2825	213.246	0
102	8	406.3257	250.7282	0
102	9	776.2675	187.9572	0
102	10	264.9973	226.5304	0
102	11	769.9131	155.342	0
102	12	696.7083	156.5612	0
102	13	464.6681	168.7804	0
102	14	698.8728	184.3009	0
102	15	729.6077	170.2424	0
102	16	552.0485	193.8974	0
102	17	644.5787	176.8221	0
102	18	704.0308	171.5929	0
102	19	309.0134	241.5095	0
102	20	491.1153	226.7803	0
102	21	-43.36368	246.1772	0
102	22	35.373	264.7225	0
102	23	525.2994	185.8395	0
102	24	715.4482	164.5744	0
102	25	353.9887	255.797	0
102	26	683.9271	197.8987	0
102	27	749.3314	207.8874	0
102	28	54.01968	210.213	0
102	29	683.5696	152.2313	0
102	30	646.7985	154.076	0
102	31	216.6146	274.0797	0
102	32	734.8394	145.1695	0
102	33	755.2741	161.99	0
102	34	366.857	183.1709	0
102	35	-115.0457	338.541	0
102	36	351.5166	206.636	0
102	37	469.1581	186.2514	0
102	38	266.2613	299.9441	0
102	39	673.0458	166.4949	0
102	40	804.8652	177.3734	0
102	41	416.4593	202.2556	0
102	42	370.6302	216.1987	0
102	43	484.1979	197.7323	0
103	1	423.1033	187.6353	0
103	2	746.1229	189.8123	0
103	3	421.8407	180.0629	0
103	4	514.3895	168.0143	0
103	5	167.0485	246.414	0
103	6	573.2496	222.6025	0
103	7	413.2825	213.246	0
103	8	406.3257	250.7282	0
103	9	776.2675	187.9572	0
103	10	264.9973	226.5304	0
103	11	769.9131	155.342	0
103	12	696.7083	156.5612	0
103	13	464.6681	168.7804	0
103	14	698.8728	184.3009	0
103	15	729.6077	170.2424	0
103	16	552.0485	193.8974	0
103	17	644.5787	176.8221	0
103	18	704.0308	171.5929	0
103	19	309.0134	241.5095	0
103	20	491.1153	226.7803	0
103	21	-43.36368	246.1772	0
103	22	35.373	264.7225	0
103	23	525.2994	185.8395	0
103	24	715.4482	164.5744	0
103	25	353.9887	255.797	0
103	26	683.9271	197.8987	0
103	27	749.3314	207.8874	0
103	28	54.01968	210.213	0
103	29	683.5696	152.2313	0
103	30	646.7985	154.076	0
103	31	216.6146	274.0797	0
103	32	734.8394	145.1695	0
103	33	755.2741	161.99	0
103	34	366.857	183.1709	0
103	35	-115.0457	338.541	0
103	36	351.5166	206.636	0
103	37	469.1581	186.2514	0
103	38	266.2613	299.9441	0
103	39	673.0458	166.4949	0
103	40	804.8652	177.3734	0
103	41	416.4593	202.2556	0
103	42	370.6302	216.1987	0
103	43	484.1979	197.7323	0
104	1	423.1033	187.6353	0
104	2	746.1229	189.8123	0
104	3	421.8407	180.0629	0
104	4	514.3895	168.0143	0
104	5	167.0485	246.414	0
104	6	573.2496	222.6025	0
104	7	413.2825	213.246	0
104	8	406.3257	250.7282	0
104	9	776.2675	187.9572	0
104	10	264.9973	226.5304	0
104	11	769.9131	155.342	0
104	12	696.7083	156.5612	0
104	13	464.6681	168.7804	0
104	14	698.8728	184.3009	0
104	15	729.6077	170.2424	0
104	16	552.0485	193.8974	0
104	17	644.5787	176.8221	0
104	18	704.0308	171.5929	0
104	19	309.0134	241.5095	0
104	20	491.1153	226.7803	0
104	21	-43.36368	246.1772	0
104	22	35.373	264.7225	0
104	23	525.2994	185.8395	0
104	24	715.4482	164.5744	0
104	25	353.9887	255.797	0
104	26	683.9271	197.8987	0
104	27	749.3314	207.8874	0
104	28	54.01968	210.213	0
104	29	683.5696	152.2313	0
104	30	646.7985	154.076	0
104	31	216.6146	274.0797	0
104	32	734.8394	145.1695	0
104	33	755.2741	161.99	0
104	34	366.857	183.1709	0
104	35	-115.0457	338.541	0
104	36	351.5166	206.636	0
104	37	469.1581	186.2514	0
104	38	266.2613	299.9441	0
104	39	673.0458	166.4949	0
104	40	804.8652	177.3734	0
104	41	416.4593	202.2556	0
104	42	370.6302	216.1987	0
104	43	484.1979	197.7323	0
105	1	423.1033	187.6353	0
105	2	746.1229	189.8123	0
105	3	421.8407	180.0629	0
105	4	514.3895	168.0143	0
105	5	167.0485	246.414	0
105	6	573.2496	222.6025	0
105	7	413.2825	213.246	0
105	8	406.3257	250.7282	0
105	9	776.2675	187.9572	0
105	10	264.9973	226.5304	0
105	11	769.9131	155.342	0
105	12	696.7083	156.5612	0
105	13	464.6681	168.7804	0
105	14	698.8728	184.3009	0
105	15	729.6077	170.2424	0
105	16	552.0485	193.8974	0
105	17	644.5787	176.8221	0
105	18	704.0308	171.5929	0
105	19	309.0134	241.5095	0
105	20	491.1153	226.7803	0
105	21	-43.36368	246.1772	0
105	22	35.373	264.7225	0
105	23	525.2994	185.8395	0
105	24	715.4482	164.5744	0
105	25	353.9887	255.797	0
105	26	683.9271	197.8987	0
105	27	749.3314	207.8874	0
105	28	54.01968	210.213	0
105	29	683.5696	152.2313	0
105	30	646.7985	154.076	0
105	31	216.6146	274.0797	0
105	32	734.8394	145.1695	0
105	33	755.2741	161.99	0
105	34	366.857	183.1709	0
105	35	-115.0457	338.541	0
105	36	351.5166	206.636	0
105	37	469.1581	186.2514	0
105	38	266.2613	299.9441	0
105	39	673.0458	166.4949	0
105	40	804.8652	177.3734	0
105	41	416.4593	202.2556	0
105	42	370.6302	216.1987	0
105	43	484.1979	197.7323	0
106	1	423.1033	187.6353	0
106	2	746.1229	189.8123	0
106	3	421.8407	180.0629	0
106	4	514.3895	168.0143	0
106	5	167.0485	246.414	0
106	6	573.2496	222.6025	0
106	7	413.2825	213.246	0
106	8	406.3257	250.7282	0
106	9	776.2675	187.9572	0
106	10	264.9973	226.5304	0
106	11	769.9131	155.342	0
106	12	696.7083	156.5612	0
106	13	464.6681	168.7804	0
106	14	698.8728	184.3009	0
106	15	729.6077	170.2424	0
106	16	552.0485	193.8974	0
106	17	644.5787	176.8221	0
106	18	704.0308	171.5929	0
106	19	309.0134	241.5095	0
106	20	491.1153	226.7803	0
106	21	-43.36368	246.1772	0
106	22	35.373	264.7225	0
106	23	525.2994	185.8395	0
106	24	715.4482	164.5744	0
106	25	353.9887	255.797	0
106	26	683.9271	197.8987	0
106	27	749.3314	207.8874	0
106	28	54.01968	210.213	0
106	29	683.5696	152.2313	0
106	30	646.7985	154.076	0
106	31	216.6146	274.0797	0
106	32	734.8394	145.1695	0
106	33	755.2741	161.99	0
106	34	366.857	183.1709	0
106	35	-115.0457	338.541	0
106	36	351.5166	206.636	0
106	37	469.1581	186.2514	0
106	38	266.2613	299.9441	0
106	39	673.0458	166.4949	0
106	40	804.8652	177.3734	0
106	41	416.4593	202.2556	0
106	42	370.6302	216.1987	0
106	43	484.1979	197.7323	0
