17	1	443.5604	374.3949	0
18	1	443.5453	374.3594	0
18	2	459.4835	89.48621	0
19	1	443.5197	374.3272	0
19	2	459.4447	89.48129	0
19	3	415.2474	374.874	0
20	1	443.4854	374.2979	0
20	2	459.4053	89.48511	0
20	3	415.2152	374.8978	0
20	4	364.7279	275.4357	0
21	1	443.4439	374.2723	0
21	2	459.3673	89.49335	0
21	3	415.1863	374.9226	0
21	4	364.6982	275.4552	0
21	5	582.4908	537.7528	0
22	1	443.3998	374.2529	0
22	2	459.3304	89.49951	0
22	3	415.1634	374.9448	0
22	4	364.6707	275.4781	0
22	5	582.4421	537.7335	0
22	6	540.8713	270.247	0
23	1	443.3546	374.2404	0
23	2	459.2937	89.50745	0
23	3	415.1484	374.9635	0
23	4	364.6472	275.4994	0
23	5	582.3909	537.7186	0
23	6	540.8728	270.2417	0
23	7	519.5754	384.9503	0
24	1	443.311	374.2297	0
24	2	459.2578	89.51767	0
24	3	415.1399	374.9758	0
24	4	364.6315	275.5179	0
24	5	582.3434	537.7102	0
24	6	540.8882	270.2435	0
24	7	519.576	384.9393	0
24	8	391.9757	20.97293	0
25	1	443.268	374.2301	0
25	2	459.2253	89.52963	0
25	3	415.1379	374.9809	0
25	4	364.6215	275.5314	0
25	5	582.2961	537.715	0
25	6	540.9193	270.2517	0
25	7	519.5776	384.9275	0
25	8	392.0505	20.9837	0
25	9	592.3201	388.9345	0
26	1	443.2252	374.239	0
26	2	459.1954	89.54318	0
26	3	415.1408	374.9807	0
26	4	364.618	275.5387	0
26	5	582.2503	537.7277	0
26	6	540.9651	270.2635	0
26	7	519.577	384.9161	0
26	8	392.1281	20.99838	0
26	9	592.3264	388.9324	0
27	1	443.1844	374.2487	0
27	2	459.1673	89.56076	0
27	3	415.1455	374.9796	0
27	4	364.6196	275.5403	0
27	5	582.2063	537.738	0
27	6	541.0248	270.2745	0
27	7	519.5725	384.9055	0
27	8	392.2078	21.01822	0
27	9	592.3466	388.936	0
27	10	452.5247	58.55682	0
28	1	443.1438	374.2573	0
28	2	459.1413	89.58194	0
28	3	415.1518	374.9788	0
28	4	364.6242	275.54	0
28	5	582.162	537.7495	0
28	6	541.0933	270.2846	0
28	7	519.5601	384.8961	0
28	8	392.2823	21.04297	0
28	9	592.382	388.9461	0
28	10	452.5357	58.55765	0
28	11	544.8782	482.6655	0
29	1	443.1042	374.2685	0
29	2	459.119	89.60156	0
29	3	415.1611	374.9786	0
29	4	364.6297	275.5396	0
29	5	582.1189	537.763	0
29	6	541.1716	270.2938	0
29	7	519.5475	384.8861	0
29	8	392.3421	21.06812	0
29	9	592.4303	388.957	0
29	10	452.5462	58.5574	0
29	11	544.8832	482.6598	0
29	12	298.0246	-58.58484	0
30	1	443.0659	374.2814	0
30	2	459.1038	89.61884	0
30	3	415.1725	374.9796	0
30	4	364.6376	275.5395	0
30	5	582.0787	537.7778	0
30	6	541.2583	270.3062	0
30	7	519.5358	384.8757	0
30	8	392.3765	21.08682	0
30	9	592.4912	388.9668	0
30	10	452.5545	58.55508	0
30	11	544.8871	482.6536	0
30	12	298.1089	-58.5752	0
30	13	303.7241	42.21005	0
31	1	443.0323	374.2954	0
31	2	459.0942	89.63153	0
31	3	415.1849	374.9795	0
31	4	364.6474	275.5404	0
31	5	582.0424	537.7945	0
31	6	541.348	270.3226	0
31	7	519.522	384.8626	0
31	8	392.383	21.09674	0
31	9	592.5605	388.9748	0
31	10	452.5603	58.54987	0
31	11	544.8908	482.6482	0
31	12	298.2036	-58.56104	0
31	13	303.7122	42.2016	0
31	14	361.9405	331.5019	0
32	1	443.0004	374.3126	0
32	2	459.0904	89.63876	0
32	3	415.1944	374.9774	0
32	4	364.659	275.5411	0
32	5	582.0082	537.8154	0
32	6	541.4397	270.3448	0
32	7	519.5084	384.8489	0
32	8	392.3768	21.08209	0
32	9	592.6392	388.9838	0
32	10	452.5644	58.54373	0
32	11	544.8947	482.6432	0
32	12	298.3023	-58.54181	0
32	13	303.701	42.19302	0
32	14	361.9236	331.5234	0
32	15	436.0041	115.9731	0
33	1	442.9705	374.3352	0
33	2	459.0914	89.64081	0
33	3	415.2017	374.9724	0
33	4	364.6687	275.5401	0
33	5	581.9764	537.8419	0
33	6	541.5249	270.3736	0
33	7	519.5003	384.8372	0
33	8	392.3682	21.0466	0
33	9	592.7229	388.9965	0
33	10	452.5682	58.5383	0
33	11	544.8987	482.6385	0
33	12	298.4037	-58.51624	0
33	13	303.6903	42.18271	0
33	14	361.9162	331.5358	0
33	15	436.0097	115.963	0
33	16	379.0981	53.05566	0
34	1	442.9438	374.3587	0
34	2	459.0954	89.64081	0
34	3	415.2064	374.9652	0
34	4	364.6761	275.5369	0
34	5	581.9489	537.8678	0
34	6	541.5925	270.4039	0
34	7	519.4974	384.8287	0
34	8	392.35	21.01245	0
34	9	592.8091	389.0135	0
34	10	452.5719	58.53299	0
34	11	544.9032	482.6333	0
34	12	298.4977	-58.4848	0
34	13	303.6762	42.17081	0
34	14	361.9166	331.5388	0
34	15	436.0107	115.9505	0
34	16	379.0844	53.04422	0
34	17	469.2755	264.5118	0
35	1	442.9231	374.3799	0
35	2	459.1003	89.64069	0
35	3	415.2111	374.9588	0
35	4	364.6809	275.5308	0
35	5	581.9294	537.8907	0
35	6	541.6306	270.4264	0
35	7	519.506	384.8269	0
35	8	392.3203	20.98206	0
35	9	592.8946	389.0366	0
35	10	452.5758	58.52765	0
35	11	544.9072	482.6266	0
35	12	298.5714	-58.45392	0
35	13	303.6667	42.1608	0
35	14	361.9224	331.5379	0
35	15	436.0128	115.9373	0
35	16	379.0743	53.03424	0
35	17	469.2267	264.5115	0
35	18	406.6414	151.9657	0
36	1	442.9098	374.3973	0
36	2	459.1074	89.64075	0
36	3	415.2156	374.9529	0
36	4	364.6852	275.5247	0
36	5	581.9171	537.9087	0
36	6	541.6354	270.4392	0
36	7	519.5296	384.8314	0
36	8	392.2827	20.95483	0
36	9	592.9706	389.0662	0
36	10	452.58	58.52151	0
36	11	544.9077	482.618	0
36	12	298.6131	-58.43146	0
36	13	303.6615	42.15161	0
36	14	361.9294	331.5366	0
36	15	436.0131	115.9251	0
36	16	379.0684	53.0249	0
36	17	469.1782	264.5205	0
36	18	406.593	151.982	0
37	1	442.9025	374.4088	0
37	2	459.1164	89.64172	0
37	3	415.2203	374.9477	0
37	4	364.6889	275.5193	0
37	5	581.9117	537.9193	0
37	6	541.6277	270.4188	0
37	7	519.5693	384.8424	0
37	8	392.2374	20.9317	0
37	9	593.024	389.0942	0
37	10	452.5843	58.51465	0
37	11	544.9089	482.6086	0
37	12	298.6198	-58.41827	0
37	13	303.6634	42.14774	0
37	14	361.9397	331.5356	0
37	15	436.007	115.9141	0
37	16	379.0687	53.02032	0
37	17	469.132	264.5311	0
37	18	406.5502	151.9993	0
37	19	384.5632	82.0675	0
38	1	442.9013	374.4135	0
38	2	459.1272	89.64233	0
38	3	415.2253	374.9422	0
38	4	364.6927	275.5141	0
38	5	581.9119	537.9221	0
38	6	541.6158	270.3768	0
38	7	519.623	384.8539	0
38	8	392.1917	20.91638	0
38	9	593.0483	389.1113	0
38	10	452.5855	58.50623	0
38	11	544.9085	482.5996	0
38	12	298.6112	-58.43616	0
38	13	303.6781	42.14975	0
38	14	361.9535	331.5364	0
38	15	435.9929	115.9039	0
38	16	379.0811	53.02173	0
38	17	469.086	264.5401	0
38	18	406.5095	152.0205	0
38	19	384.5313	82.09464	0
38	20	577.0499	451.732	0
39	1	442.9046	374.4137	0
39	2	459.1366	89.6416	0
39	3	415.2304	374.936	0
39	4	364.6965	275.5088	0
39	5	581.9164	537.9216	0
39	6	541.5929	270.3364	0
39	7	519.6896	384.8648	0
39	8	392.1454	20.90457	0
39	9	593.0408	389.1194	0
39	10	452.5865	58.49661	0
39	11	544.9047	482.5912	0
39	12	298.6002	-58.48065	0
39	13	303.7076	42.1579	0
39	14	361.9702	331.5374	0
39	15	435.9791	115.8934	0
39	16	379.1075	53.02866	0
39	17	469.0413	264.5522	0
39	18	406.4712	152.0488	0
39	19	384.506	82.11887	0
39	20	577.0404	451.7205	0
39	21	549.658	329.9126	0
40	1	442.9095	374.4131	0
40	2	459.144	89.63858	0
40	3	415.2334	374.9275	0
40	4	364.7006	275.503	0
40	5	581.922	537.9207	0
40	6	541.5569	270.3	0
40	7	519.763	384.8743	0
40	8	392.1025	20.89841	0
40	9	593.0365	389.0789	0
40	10	452.5863	58.4877	0
40	11	544.8948	482.5836	0
40	12	298.5773	-58.52344	0
40	13	303.7511	42.16974	0
40	14	361.9851	331.5362	0
40	15	435.9663	115.8822	0
40	16	379.1476	53.03998	0
40	17	468.9977	264.5665	0
40	18	406.437	152.0774	0
40	19	384.4897	82.1387	0
40	20	577.0354	451.7109	0
40	21	549.6644	329.9123	0
40	22	578.7225	664.5674	0
41	1	442.916	374.4127	0
41	2	459.1487	89.63306	0
41	3	415.2343	374.9172	0
41	4	364.7042	275.4957	0
41	5	581.9298	537.92	0
41	6	541.5124	270.2673	0
41	7	519.8477	384.8846	0
41	8	392.0587	20.90192	0
41	9	593.0206	389.0386	0
41	10	452.5846	58.47946	0
41	11	544.8848	482.5757	0
41	12	298.5401	-58.56171	0
41	13	303.8075	42.18048	0
41	14	361.9967	331.5319	0
41	15	435.9501	115.8681	0
41	16	379.2005	53.05042	0
41	17	468.9594	264.5822	0
41	18	406.4102	152.103	0
41	19	384.4806	82.15182	0
41	20	577.0402	451.7077	0
41	21	549.6736	329.9122	0
41	22	578.7238	664.5572	0
41	23	607.0182	594.6133	0
42	1	442.925	374.4128	0
42	2	459.1526	89.62741	0
42	3	415.2352	374.9072	0
42	4	364.7045	275.4866	0
42	5	581.9403	537.9206	0
42	6	541.4603	270.24	0
42	7	519.9374	384.8988	0
42	8	392.0158	20.91095	0
42	9	592.9933	389.0021	0
42	10	452.5756	58.47195	0
42	11	544.8755	482.5674	0
42	12	298.4933	-58.59644	0
42	13	303.8731	42.18918	0
42	14	362.0045	331.5233	0
42	15	435.9355	115.8543	0
42	16	379.2629	53.0592	0
42	17	468.9231	264.6013	0
42	18	406.3927	152.124	0
42	19	384.4789	82.15787	0
42	20	577.0591	451.7104	0
42	21	549.6851	329.9134	0
42	22	578.7234	664.5471	0
42	23	606.988	594.5823	0
42	24	439.8907	278.6992	0
43	1	442.936	374.4139	0
43	2	459.1562	89.62222	0
43	3	415.235	374.8976	0
43	4	364.7055	275.4771	0
43	5	581.9533	537.9216	0
43	6	541.408	270.2214	0
43	7	520.0301	384.9177	0
43	8	391.9745	20.91782	0
43	9	592.955	388.969	0
43	10	452.5655	58.46439	0
43	11	544.8645	482.5569	0
43	12	298.4374	-58.62567	0
43	13	303.9482	42.19739	0
43	14	362.0109	331.514	0
43	15	435.9267	115.8422	0
43	16	379.3341	53.06693	0
43	17	468.8893	264.6265	0
43	18	406.383	152.1376	0
43	19	384.4828	82.15857	0
43	20	577.0941	451.7203	0
43	21	549.6979	329.9138	0
43	22	578.7211	664.5372	0
43	23	606.9506	594.5543	0
43	24	439.8797	278.6914	0
43	25	349.6246	46.30106	0
44	1	442.9476	374.414	0
44	2	459.1598	89.61725	0
44	3	415.2266	374.8891	0
44	4	364.7053	275.468	0
44	5	581.9651	537.9211	0
44	6	541.3534	270.2065	0
44	7	520.1212	384.9431	0
44	8	391.933	20.92599	0
44	9	592.908	388.9398	0
44	10	452.556	58.45663	0
44	11	544.8539	482.5459	0
44	12	298.3817	-58.64526	0
44	13	304.0313	42.20963	0
44	14	362.0168	331.5058	0
44	15	435.9241	115.8347	0
44	16	379.4136	53.07816	0
44	17	468.859	264.6529	0
44	18	406.3809	152.1433	0
44	19	384.4887	82.15842	0
44	20	577.1425	451.7315	0
44	21	549.7079	329.9121	0
44	22	578.711	664.5287	0
44	23	606.9073	594.5313	0
44	24	439.8693	278.6835	0
44	25	349.7046	46.33188	0
44	26	599.1233	422.5439	0
45	1	442.9566	374.4121	0
45	2	459.1636	89.61197	0
45	3	415.2154	374.8809	0
45	4	364.7006	275.4598	0
45	5	581.9745	537.9185	0
45	6	541.3027	270.1993	0
45	7	520.2001	384.9747	0
45	8	391.8926	20.93698	0
45	9	592.8568	388.9173	0
45	10	452.546	58.44708	0
45	11	544.8475	482.5364	0
45	12	298.3231	-58.66016	0
45	13	304.1175	42.2262	0
45	14	362.0229	331.4982	0
45	15	435.9351	115.8344	0
45	16	379.4961	53.09348	0
45	17	468.8351	264.6767	0
45	18	406.3847	152.1434	0
45	19	384.4964	82.15854	0
45	20	577.2042	451.7417	0
45	21	549.7158	329.9078	0
45	22	578.6998	664.5201	0
45	23	606.8638	594.5151	0
45	24	439.8597	278.6742	0
45	25	349.7579	46.35825	0
45	26	599.1096	422.5333	0
45	27	482.0919	154.9111	0
46	1	442.9633	374.4076	0
46	2	459.1677	89.60605	0
46	3	415.2047	374.8725	0
46	4	364.6905	275.4522	0
46	5	581.9808	537.9124	0
46	6	541.2518	270.2044	0
46	7	520.2534	385.0034	0
46	8	391.8553	20.95041	0
46	9	592.8049	388.9036	0
46	10	452.5345	58.43665	0
46	11	544.8453	482.5294	0
46	12	298.2682	-58.6684	0
46	13	304.2055	42.24832	0
46	14	362.0292	331.4911	0
46	15	435.9631	115.8407	0
46	16	379.5809	53.11411	0
46	17	468.8198	264.6964	0
46	18	406.3904	152.1424	0
46	19	384.5071	82.15906	0
46	20	577.275	451.7502	0
46	21	549.7205	329.9006	0
46	22	578.6893	664.5108	0
46	23	606.8186	594.5018	0
46	24	439.8467	278.6631	0
46	25	349.7799	46.37445	0
46	26	599.0968	422.5224	0
46	27	482.0782	154.8996	0
47	1	442.9676	374.4008	0
47	2	459.1714	89.59915	0
47	3	415.1944	374.8624	0
47	4	364.6804	275.4442	0
47	5	581.9854	537.9049	0
47	6	541.2027	270.2164	0
47	7	520.2755	385.021	0
47	8	391.8216	20.96487	0
47	9	592.7556	388.8906	0
47	10	452.5273	58.42816	0
47	11	544.8523	482.5281	0
47	12	298.2117	-58.66498	0
47	13	304.2864	42.27591	0
47	14	362.0358	331.4833	0
47	15	436.0089	115.8542	0
47	16	379.6604	53.14029	0
47	17	468.8113	264.7094	0
47	18	406.3981	152.1419	0
47	19	384.5201	82.16034	0
47	20	577.3559	451.7591	0
47	21	549.725	329.8941	0
47	22	578.678	664.4996	0
47	23	606.7766	594.4959	0
47	24	439.8371	278.6531	0
47	25	349.7701	46.38046	0
47	26	599.0828	422.5089	0
47	27	482.0621	154.8849	0
47	28	511.5896	118.5027	0
48	1	442.9718	374.3949	0
48	2	459.1718	89.59067	0
48	3	415.1809	374.8505	0
48	4	364.6713	275.4357	0
48	5	581.9897	537.8986	0
48	6	541.1553	270.2256	0
48	7	520.2662	385.0269	0
48	8	391.7896	20.98355	0
48	9	592.7079	388.8899	0
48	10	452.5239	58.42133	0
48	11	544.8712	482.5317	0
48	12	298.1561	-58.65472	0
48	13	304.349	42.30331	0
48	14	362.0421	331.4736	0
48	15	436.0704	115.8676	0
48	16	379.7245	53.16724	0
48	17	468.8096	264.7151	0
48	18	406.4093	152.1422	0
48	19	384.534	82.16052	0
48	20	577.4425	451.7715	0
48	21	549.7292	329.8881	0
48	22	578.6652	664.4866	0
48	23	606.7347	594.5017	0
48	24	439.8315	278.6436	0
48	25	349.765	46.3378	0
48	26	599.0671	422.4937	0
48	27	482.0457	154.8697	0
48	28	511.5953	118.495	0
48	29	505.3876	659.3492	0
49	1	442.9757	374.3893	0
49	2	459.173	89.58157	0
49	3	415.1715	374.84	0
49	4	364.6599	275.4252	0
49	5	581.9941	537.8926	0
49	6	541.1077	270.2367	0
49	7	520.2604	384.9838	0
49	8	391.7595	21.00705	0
49	9	592.6608	388.8996	0
49	10	452.5281	58.41916	0
49	11	544.903	482.5403	0
49	12	298.1028	-58.64679	0
49	13	304.3832	42.32294	0
49	14	362.0434	331.4609	0
49	15	436.1456	115.8793	0
49	16	379.7617	53.18759	0
49	17	468.8132	264.7156	0
49	18	406.4231	152.1433	0
49	19	384.5447	82.15836	0
49	20	577.5318	451.7881	0
49	21	549.7336	329.8825	0
49	22	578.657	664.4755	0
49	23	606.6947	594.5135	0
49	24	439.8316	278.6386	0
49	25	349.7479	46.29578	0
49	26	599.0573	422.4811	0
49	27	482.0356	154.857	0
49	28	511.6013	118.4877	0
49	29	505.4648	659.364	0
49	30	274.1227	41.92722	0
50	1	442.9797	374.3842	0
50	2	459.1726	89.57318	0
50	3	415.1662	374.8303	0
50	4	364.65	275.4148	0
50	5	581.999	537.8873	0
50	6	541.0613	270.2505	0
50	7	520.2427	384.941	0
50	8	391.7332	21.02884	0
50	9	592.6163	388.9117	0
50	10	452.5438	58.42181	0
50	11	544.9457	482.5492	0
50	12	298.0494	-58.6369	0
50	13	304.3869	42.33325	0
50	14	362.0458	331.4469	0
50	15	436.2308	115.8885	0
50	16	379.7695	53.19836	0
50	17	468.8188	264.7151	0
50	18	406.4377	152.1431	0
50	19	384.5527	82.15271	0
50	20	577.6212	451.8107	0
50	21	549.7385	329.8766	0
50	22	578.653	664.4662	0
50	23	606.6558	594.5226	0
50	24	439.8433	278.6396	0
50	25	349.718	46.25726	0
50	26	599.0524	422.4707	0
50	27	482.0315	154.8481	0
50	28	511.6076	118.4803	0
50	29	505.5396	659.385	0
50	30	274.0676	41.91327	0
50	31	282.7652	92.21277	0
51	1	442.984	374.3788	0
51	2	459.169	89.56552	0
51	3	415.1676	374.8255	0
51	4	364.6443	275.4056	0
51	5	582.0043	537.8815	0
51	6	541.0187	270.2661	0
51	7	520.2126	384.902	0
51	8	391.7145	21.04825	0
51	9	592.5715	388.9212	0
51	10	452.5724	58.43002	0
51	11	544.9984	482.5577	0
51	12	297.9979	-58.62335	0
51	13	304.3808	42.31219	0
51	14	362.0458	331.4338	0
51	15	436.3274	115.9009	0
51	16	379.7628	53.18411	0
51	17	468.8259	264.7149	0
51	18	406.449	152.1404	0
51	19	384.5579	82.14481	0
51	20	577.702	451.8409	0
51	21	549.7434	329.8699	0
51	22	578.6577	664.4625	0
51	23	606.6168	594.5334	0
51	24	439.8681	278.6459	0
51	25	349.677	46.22229	0
51	26	599.0585	422.4671	0
51	27	482.0406	154.8467	0
51	28	511.6146	118.4722	0
51	29	505.6035	659.4126	0
51	30	274.0161	41.90393	0
51	31	282.7336	92.24088	0
51	32	618.5593	486.4427	0
52	1	442.9884	374.3725	0
52	2	459.1595	89.55847	0
52	3	415.1814	374.827	0
52	4	364.6433	275.3996	0
52	5	582.0093	537.8742	0
52	6	540.9799	270.2839	0
52	7	520.1716	384.8663	0
52	8	391.7023	21.06284	0
52	9	592.5276	388.9335	0
52	10	452.6123	58.43997	0
52	11	545.0567	482.5652	0
52	12	297.9507	-58.60681	0
52	13	304.3704	42.27313	0
52	14	362.0419	331.4215	0
52	15	436.4288	115.9183	0
52	16	379.754	53.14624	0
52	17	468.836	264.7151	0
52	18	406.4574	152.1338	0
52	19	384.5629	82.13794	0
52	20	577.7614	451.8714	0
52	21	549.7468	329.8613	0
52	22	578.6754	664.465	0
52	23	606.5786	594.5459	0
52	24	439.9059	278.6562	0
52	25	349.6271	46.19177	0
52	26	599.0803	422.4705	0
52	27	482.0672	154.8519	0
52	28	511.6209	118.4625	0
52	29	505.645	659.4374	0
52	30	273.9631	41.90656	0
52	31	282.7126	92.26462	0
52	32	618.627	486.4644	0
52	33	222.1974	-61.3324	0
53	1	442.9907	374.3642	0
53	2	459.15	89.55112	0
53	3	415.2091	374.8343	0
53	4	364.6521	275.3992	0
53	5	582.0102	537.8644	0
53	6	540.9434	270.3066	0
53	7	520.1219	384.8352	0
53	8	391.6968	21.07144	0
53	9	592.4841	388.9481	0
53	10	452.6634	58.44922	0
53	11	545.1238	482.5735	0
53	12	297.908	-58.58826	0
53	13	304.3493	42.23599	0
53	14	362.0276	331.4106	0
53	15	436.5337	115.9419	0
53	16	379.735	53.10989	0
53	17	468.8484	264.7164	0
53	18	406.4631	152.1252	0
53	19	384.5676	82.13132	0
53	20	577.7906	451.8911	0
53	21	549.7472	329.8508	0
53	22	578.7073	664.4734	0
53	23	606.5436	594.5591	0
53	24	439.9556	278.6655	0
53	25	349.5731	46.16791	0
53	26	599.1195	422.4813	0
53	27	482.1128	154.8654	0
53	28	511.6223	118.4505	0
53	29	505.6601	659.4522	0
53	30	273.9105	41.91705	0
53	31	282.7	92.28061	0
53	32	618.6825	486.4895	0
53	33	222.1426	-61.3222	0
53	34	337.4657	-9.77887	0
54	1	442.9913	374.3544	0
54	2	459.1412	89.5434	0
54	3	415.2499	374.8448	0
54	4	364.6729	275.4038	0
54	5	582.0117	537.8536	0
54	6	540.9095	270.3346	0
54	7	520.0686	384.8112	0
54	8	391.6968	21.07413	0
54	9	592.4458	388.9636	0
54	10	452.7196	58.4566	0
54	11	545.1947	482.5845	0
54	12	297.8677	-58.56458	0
54	13	304.3159	42.20285	0
54	14	362.0128	331.3994	0
54	15	436.6352	115.9725	0
54	16	379.7036	53.07733	0
54	17	468.8617	264.7166	0
54	18	406.4686	152.1179	0
54	19	384.5722	82.12476	0
54	20	577.7862	451.9019	0
54	21	549.7478	329.8405	0
54	22	578.7515	664.483	0
54	23	606.5117	594.5744	0
54	24	440.0145	278.6737	0
54	25	349.5184	46.15424	0
54	26	599.1738	422.4937	0
54	27	482.1748	154.8796	0
54	28	511.6247	118.4371	0
54	29	505.6525	659.4526	0
54	30	273.86	41.92587	0
54	31	282.6965	92.28836	0
54	32	618.7157	486.5094	0
54	33	222.0884	-61.31378	0
54	34	337.4201	-9.809021	0
54	35	424.9247	427.8446	0
55	1	442.9915	374.3448	0
55	2	459.1307	89.53381	0
55	3	415.3031	374.8542	0
55	4	364.7068	275.4131	0
55	5	582.0111	537.8431	0
55	6	540.8805	270.3611	0
55	7	520.014	384.7961	0
55	8	391.7008	21.07397	0
55	9	592.4095	388.982	0
55	10	452.7849	58.46448	0
55	11	545.2678	482.5991	0
55	12	297.83	-58.53516	0
55	13	304.2738	42.17328	0
55	14	361.9992	331.3876	0
55	15	436.7216	116.007	0
55	16	379.6639	53.04825	0
55	17	468.872	264.7145	0
55	18	406.474	152.1108	0
55	19	384.5771	82.1174	0
55	20	577.7814	451.8648	0
55	21	549.7473	329.8304	0
55	22	578.8079	664.4922	0
55	23	606.4817	594.5938	0
55	24	440.0816	278.681	0
55	25	349.465	46.14127	0
55	26	599.2429	422.5054	0
55	27	482.252	154.8923	0
55	28	511.6246	118.4249	0
55	29	505.6466	659.416	0
55	30	273.8094	41.93527	0
55	31	282.6999	92.28912	0
55	32	618.723	486.5207	0
55	33	222.0354	-61.30219	0
55	34	337.3672	-9.833923	0
55	35	425.0121	427.863	0
55	36	679.6095	602.5958	0
56	1	442.9915	374.3448	0
56	2	459.1307	89.53381	0
56	3	415.3031	374.8542	0
56	4	364.7068	275.4131	0
56	5	582.0111	537.8431	0
56	6	540.8805	270.3611	0
56	7	520.014	384.7961	0
56	8	391.7008	21.07397	0
56	9	592.4095	388.982	0
56	10	452.7849	58.46448	0
56	11	545.2678	482.5991	0
56	12	297.83	-58.53516	0
56	13	304.2738	42.17328	0
56	14	361.9992	331.3876	0
56	15	436.7216	116.007	0
56	16	379.6639	53.04825	0
56	17	468.872	264.7145	0
56	18	406.474	152.1108	0
56	19	384.5771	82.1174	0
56	20	577.7814	451.8648	0
56	21	549.7473	329.8304	0
56	22	578.8079	664.4922	0
56	23	606.4817	594.5938	0
56	24	440.0816	278.681	0
56	25	349.465	46.14127	0
56	26	599.2429	422.5054	0
56	27	482.252	154.8923	0
56	28	511.6246	118.4249	0
56	29	505.6466	659.416	0
56	30	273.8094	41.93527	0
56	31	282.6999	92.28912	0
56	32	618.723	486.5207	0
56	33	222.0354	-61.30219	0
56	34	337.3672	-9.833923	0
56	35	425.0121	427.863	0
56	36	679.6095	602.5958	0
17	1	443.6753	374.788	0
18	1	443.7561	374.7967	0
18	2	458.6939	84.29755	0
19	1	443.8454	374.8087	0
19	2	458.6921	84.29114	0
19	3	416.2071	375.9872	0
20	1	443.9377	374.8248	0
20	2	458.7038	84.29163	0
20	3	416.218	375.9856	0
20	4	362.5639	275.4164	0
21	1	444.0321	374.8467	0
21	2	458.7315	84.29831	0
21	3	416.2265	375.9813	0
21	4	362.565	275.4045	0
21	5	581.1982	535.3653	0
22	1	444.1195	374.8762	0
22	2	458.7756	84.31119	0
22	3	416.2317	375.9737	0
22	4	362.5651	275.3933	0
22	5	581.1714	535.3893	0
22	6	542.0204	269.4786	0
23	1	444.1886	374.9085	0
23	2	458.8344	84.32355	0
23	3	416.2367	375.9666	0
23	4	362.5558	275.3833	0
23	5	581.151	535.4107	0
23	6	541.9929	269.504	0
23	7	517.7841	382.1183	0
24	1	444.2271	374.9325	0
24	2	458.9054	84.33429	0
24	3	416.2412	375.9601	0
24	4	362.5425	275.3737	0
24	5	581.1379	535.4285	0
24	6	541.9747	269.5259	0
24	7	517.7476	382.1305	0
24	8	391.1366	16.64856	0
25	1	444.2319	374.9449	0
25	2	458.9862	84.34302	0
25	3	416.2457	375.9542	0
25	4	362.53	275.3639	0
25	5	581.131	535.4398	0
25	6	541.9636	269.5414	0
25	7	517.7156	382.1437	0
25	8	391.2233	16.66064	0
25	9	592.7584	390.4089	0
26	1	444.225	374.9224	0
26	2	459.0771	84.3551	0
26	3	416.2505	375.9481	0
26	4	362.5182	275.3524	0
26	5	581.1295	535.4437	0
26	6	541.9597	269.5492	0
26	7	517.6852	382.1599	0
26	8	391.3141	16.67743	0
26	9	592.7119	390.4219	0
27	1	444.2134	374.8788	0
27	2	459.172	84.37195	0
27	3	416.2555	375.9412	0
27	4	362.5023	275.3387	0
27	5	581.1325	535.4431	0
27	6	541.9615	269.5501	0
27	7	517.6569	382.1811	0
27	8	391.4078	16.69989	0
27	9	592.6658	390.437	0
27	10	453.5826	56.65994	0
28	1	444.1905	374.8373	0
28	2	459.2701	84.39474	0
28	3	416.2592	375.9322	0
28	4	362.4912	275.3266	0
28	5	581.1368	535.4418	0
28	6	541.9666	269.5492	0
28	7	517.6316	382.2036	0
28	8	391.4968	16.72833	0
28	9	592.6252	390.4533	0
28	10	453.5842	56.65656	0
28	11	547.5873	486.1181	0
29	1	444.1538	374.8001	0
29	2	459.3641	84.42419	0
29	3	416.2595	375.9211	0
29	4	362.4848	275.3152	0
29	5	581.1429	535.4407	0
29	6	541.9728	269.5484	0
29	7	517.6117	382.2238	0
29	8	391.5697	16.75793	0
29	9	592.587	390.473	0
29	10	453.5979	56.65851	0
29	11	547.5375	486.1146	0
29	12	300.4019	-52.42224	0
30	1	444.1081	374.7668	0
30	2	459.4431	84.45609	0
30	3	416.2603	375.91	0
30	4	362.4859	275.3096	0
30	5	581.1519	535.4406	0
30	6	541.9822	269.5479	0
30	7	517.599	382.2407	0
30	8	391.6138	16.78107	0
30	9	592.5512	390.499	0
30	10	453.6252	56.66626	0
30	11	547.4878	486.1231	0
30	12	300.4065	-52.42914	0
30	13	305.4701	41.03772	0
31	1	444.0537	374.7393	0
31	2	459.4923	84.48196	0
31	3	416.2602	375.8992	0
31	4	362.5014	275.3111	0
31	5	581.1631	535.4415	0
31	6	541.9943	269.549	0
31	7	517.5919	382.2519	0
31	8	391.6259	16.79449	0
31	9	592.5192	390.5274	0
31	10	453.6649	56.67703	0
31	11	547.4406	486.1362	0
31	12	300.411	-52.43494	0
31	13	305.4201	41.01477	0
31	14	364.5997	328.9277	0
32	1	443.9992	374.7208	0
32	2	459.5079	84.49603	0
32	3	416.2525	375.8895	0
32	4	362.5331	275.3195	0
32	5	581.1747	535.4412	0
32	6	542.0087	269.5493	0
32	7	517.5904	382.2567	0
32	8	391.6172	16.78589	0
32	9	592.4935	390.5532	0
32	10	453.7166	56.68674	0
32	11	547.394	486.1463	0
32	12	300.4151	-52.44073	0
32	13	305.3706	41.00183	0
32	14	364.5892	328.9196	0
32	15	435.6364	115.7549	0
33	1	443.9442	374.7054	0
33	2	459.4994	84.48849	0
33	3	416.2402	375.8804	0
33	4	362.5804	275.332	0
33	5	581.1837	535.4389	0
33	6	542.0201	269.5476	0
33	7	517.5933	382.257	0
33	8	391.6085	16.7442	0
33	9	592.4769	390.5751	0
33	10	453.7767	56.69455	0
33	11	547.3481	486.1592	0
33	12	300.419	-52.44678	0
33	13	305.3222	40.98917	0
33	14	364.5795	328.9113	0
33	15	435.7332	115.7687	0
33	16	377.5706	44.77945	0
34	1	443.8932	374.6987	0
34	2	459.491	84.44434	0
34	3	416.2284	375.8708	0
34	4	362.6423	275.3434	0
34	5	581.1904	535.434	0
34	6	542.0293	269.5428	0
34	7	517.5979	382.2563	0
34	8	391.5886	16.70374	0
34	9	592.4673	390.5901	0
34	10	453.8454	56.70215	0
34	11	547.3027	486.1739	0
34	12	300.423	-52.45355	0
34	13	305.2753	40.98627	0
34	14	364.5692	328.9012	0
34	15	435.8334	115.7873	0
34	16	377.5115	44.79211	0
34	17	467.1224	265.3071	0
35	1	443.8412	374.7052	0
35	2	459.4707	84.40131	0
35	3	416.2175	375.8602	0
35	4	362.7148	275.3533	0
35	5	581.1949	535.4271	0
35	6	542.035	269.5349	0
35	7	517.6038	382.256	0
35	8	391.5555	16.66718	0
35	9	592.4648	390.597	0
35	10	453.9208	56.71341	0
35	11	547.2625	486.1897	0
35	12	300.4273	-52.46094	0
35	13	305.2273	40.99274	0
35	14	364.5574	328.8897	0
35	15	435.9363	115.8123	0
35	16	377.4531	44.80164	0
35	17	467.1276	265.2994	0
35	18	406.0074	151.8166	0
36	1	443.791	374.7188	0
36	2	459.4362	84.36267	0
36	3	416.2032	375.8474	0
36	4	362.7975	275.3622	0
36	5	581.1992	535.421	0
36	6	542.0401	269.5276	0
36	7	517.6122	382.256	0
36	8	391.5129	16.63409	0
36	9	592.4678	390.5977	0
36	10	453.9989	56.72867	0
36	11	547.2249	486.2086	0
36	12	300.43	-52.46973	0
36	13	305.1812	41.00259	0
36	14	364.5502	328.8802	0
36	15	436.0322	115.8443	0
36	16	377.3957	44.81473	0
36	17	467.1323	265.2926	0
36	18	406.0173	151.8167	0
37	1	443.7422	374.7291	0
37	2	459.3913	84.328	0
37	3	416.1925	375.8355	0
37	4	362.8894	275.3748	0
37	5	581.2036	535.4154	0
37	6	542.045	269.5208	0
37	7	517.6225	382.2571	0
37	8	391.4616	16.60577	0
37	9	592.4733	390.5971	0
37	10	454.0784	56.74899	0
37	11	547.1896	486.2332	0
37	12	300.4303	-52.4801	0
37	13	305.1358	41.00992	0
37	14	364.5469	328.8722	0
37	15	436.1092	115.8774	0
37	16	377.3394	44.83215	0
37	17	467.1371	265.2861	0
37	18	406.0297	151.818	0
37	19	383.8026	78.42908	0
38	1	443.6932	374.7411	0
38	2	459.3366	84.29807	0
38	3	416.1864	375.8243	0
38	4	362.9847	275.3916	0
38	5	581.2086	535.4108	0
38	6	542.0502	269.5147	0
38	7	517.6337	382.2572	0
38	8	391.4093	16.58551	0
38	9	592.4802	390.5966	0
38	10	454.1517	56.77432	0
38	11	547.1577	486.2613	0
38	12	300.4308	-52.49005	0
38	13	305.0911	41.01981	0
38	14	364.5514	328.8693	0
38	15	436.1531	115.9021	0
38	16	377.2898	44.85132	0
38	17	467.1422	265.2795	0
38	18	406.0443	151.8187	0
38	19	383.7924	78.41705	0
38	20	576.3196	449.396	0
39	1	443.6454	374.7557	0
39	2	459.2797	84.27667	0
39	3	416.1866	375.8177	0
39	4	363.0825	275.4145	0
39	5	581.2139	535.4059	0
39	6	542.056	269.5083	0
39	7	517.6422	382.2555	0
39	8	391.3546	16.57166	0
39	9	592.4904	390.5965	0
39	10	454.2089	56.79932	0
39	11	547.1312	486.2871	0
39	12	300.4305	-52.49915	0
39	13	305.0474	41.03299	0
39	14	364.5677	328.8718	0
39	15	436.1608	115.9151	0
39	16	377.243	44.8735	0
39	17	467.1476	265.2722	0
39	18	406.0564	151.8174	0
39	19	383.7875	78.40692	0
39	20	576.3244	449.3881	0
39	21	550.5781	329.4337	0
40	1	443.6017	374.7721	0
40	2	459.222	84.26221	0
40	3	416.1996	375.8184	0
40	4	363.1732	275.4447	0
40	5	581.2191	535.4001	0
40	6	542.0619	269.5015	0
40	7	517.6489	382.2514	0
40	8	391.3032	16.56201	0
40	9	592.5031	390.5978	0
40	10	454.2402	56.81689	0
40	11	547.1139	486.3096	0
40	12	300.4225	-52.50757	0
40	13	305.0088	41.04779	0
40	14	364.5975	328.88	0
40	15	436.153	115.8947	0
40	16	377.1989	44.90359	0
40	17	467.1524	265.2632	0
40	18	406.0658	151.8131	0
40	19	383.7925	78.40323	0
40	20	576.3253	449.3779	0
40	21	550.541	329.443	0
40	22	578.1309	668.9451	0
41	1	443.5618	374.7902	0
41	2	459.1684	84.25195	0
41	3	416.2274	375.8252	0
41	4	363.2448	275.4772	0
41	5	581.2214	535.3918	0
41	6	542.0666	269.4924	0
41	7	517.653	382.245	0
41	8	391.2511	16.5639	0
41	9	592.5172	390.5982	0
41	10	454.2429	56.82623	0
41	11	547.1035	486.3255	0
41	12	300.4114	-52.51563	0
41	13	304.9724	41.06467	0
41	14	364.6391	328.8897	0
41	15	436.1413	115.8484	0
41	16	377.1588	44.93643	0
41	17	467.1529	265.2519	0
41	18	406.0718	151.8053	0
41	19	383.8133	78.40652	0
41	20	576.327	449.3672	0
41	21	550.5046	329.4543	0
41	22	578.1192	668.9624	0
41	23	606.8289	600.2965	0
42	1	443.524	374.8135	0
42	2	459.1146	84.25436	0
42	3	416.27	375.8362	0
42	4	363.2851	275.5017	0
42	5	581.2228	535.382	0
42	6	542.0673	269.4812	0
42	7	517.6569	382.2393	0
42	8	391.1998	16.57355	0
42	9	592.5283	390.5964	0
42	10	454.2373	56.80533	0
42	11	547.1002	486.3334	0
42	12	300.4008	-52.52386	0
42	13	304.9382	41.08743	0
42	14	364.6922	328.8989	0
42	15	436.1171	115.8041	0
42	16	377.1255	44.96579	0
42	17	467.1543	265.24	0
42	18	406.0771	151.7979	0
42	19	383.8521	78.41757	0
42	20	576.3271	449.357	0
42	21	550.4717	329.4667	0
42	22	578.1151	668.9709	0
42	23	606.7819	600.3078	0
42	24	438.8832	279.6768	0
43	1	443.4887	374.8425	0
43	2	459.0617	84.26523	0
43	3	416.3261	375.8469	0
43	4	363.2914	275.5145	0
43	5	581.2233	535.3724	0
43	6	542.0687	269.4698	0
43	7	517.6606	382.234	0
43	8	391.1507	16.58185	0
43	9	592.5371	390.5917	0
43	10	454.227	56.76962	0
43	11	547.1025	486.3344	0
43	12	300.391	-52.53357	0
43	13	304.9068	41.11282	0
43	14	364.7505	328.9069	0
43	15	436.0781	115.7645	0
43	16	377.1034	44.99075	0
43	17	467.1538	265.2286	0
43	18	406.0818	151.791	0
43	19	383.907	78.43137	0
43	20	576.3217	449.3476	0
43	21	550.4414	329.4812	0
43	22	578.1165	668.9715	0
43	23	606.7362	600.322	0
43	24	438.8399	279.6861	0
43	25	351.2765	49.81256	0
44	1	443.4582	374.8694	0
44	2	459.011	84.27493	0
44	3	416.3915	375.857	0
44	4	363.284	275.4939	0
44	5	581.2223	535.3631	0
44	6	542.0689	269.4589	0
44	7	517.6645	382.2292	0
44	8	391.1016	16.59082	0
44	9	592.5424	390.5838	0
44	10	454.2069	56.73584	0
44	11	547.1078	486.3337	0
44	12	300.3782	-52.54443	0
44	13	304.8804	41.13559	0
44	14	364.8183	328.9149	0
44	15	436.029	115.7291	0
44	16	377.0899	45.00797	0
44	17	467.1485	265.2183	0
44	18	406.0866	151.7844	0
44	19	383.9774	78.44424	0
44	20	576.3101	449.3391	0
44	21	550.4129	329.4999	0
44	22	578.1213	668.9698	0
44	23	606.6914	600.3375	0
44	24	438.7978	279.698	0
44	25	351.2762	49.80331	0
44	26	599.6577	421.3402	0
45	1	443.437	374.8934	0
45	2	458.96	84.28467	0
45	3	416.4657	375.8658	0
45	4	363.273	275.4495	0
45	5	581.2134	535.355	0
45	6	542.0618	269.4491	0
45	7	517.6688	382.2241	0
45	8	391.0539	16.60315	0
45	9	592.5473	390.5764	0
45	10	454.1755	56.70569	0
45	11	547.1144	486.333	0
45	12	300.3695	-52.55371	0
45	13	304.8626	41.15515	0
45	14	364.892	328.926	0
45	15	435.9702	115.6991	0
45	16	377.0857	45.01666	0
45	17	467.1359	265.2088	0
45	18	406.0915	151.7773	0
45	19	384.0554	78.45477	0
45	20	576.2986	449.3304	0
45	21	550.3868	329.5221	0
45	22	578.1274	668.9681	0
45	23	606.652	600.3542	0
45	24	438.7581	279.7118	0
45	25	351.2728	49.79486	0
45	26	599.6633	421.3314	0
45	27	481.8511	156.2208	0
46	1	443.4233	374.9114	0
46	2	458.9103	84.29776	0
46	3	416.5492	375.8769	0
46	4	363.2503	275.4069	0
46	5	581.2026	535.347	0
46	6	542.0491	269.4401	0
46	7	517.6731	382.2181	0
46	8	391.0092	16.61847	0
46	9	592.5519	390.5698	0
46	10	454.1364	56.67874	0
46	11	547.1239	486.3326	0
46	12	300.365	-52.56219	0
46	13	304.8516	41.16882	0
46	14	364.9684	328.9407	0
46	15	435.9108	115.6793	0
46	16	377.0887	45.01788	0
46	17	467.1232	265.1989	0
46	18	406.0968	151.7696	0
46	19	384.1458	78.46548	0
46	20	576.288	449.3208	0
46	21	550.3647	329.5427	0
46	22	578.1367	668.967	0
46	23	606.6147	600.3749	0
46	24	438.7227	279.727	0
46	25	351.2625	49.78705	0
46	26	599.6684	421.3237	0
46	27	481.8609	156.2184	0
47	1	443.4176	374.9215	0
47	2	458.8631	84.31412	0
47	3	416.6362	375.8917	0
47	4	363.2135	275.3688	0
47	5	581.1924	535.3387	0
47	6	542.0368	269.4308	0
47	7	517.6756	382.2104	0
47	8	390.9692	16.63525	0
47	9	592.5569	390.5637	0
47	10	454.0904	56.65622	0
47	11	547.1359	486.3338	0
47	12	300.3669	-52.56598	0
47	13	304.8478	41.1759	0
47	14	365.0452	328.9603	0
47	15	435.8508	115.6636	0
47	16	377.095	45.01724	0
47	17	467.1115	265.1883	0
47	18	406.1013	151.7601	0
47	19	384.2446	78.48093	0
47	20	576.2745	449.3087	0
47	21	550.35	329.5608	0
47	22	578.1487	668.9679	0
47	23	606.58	600.4019	0
47	24	438.6892	279.7461	0
47	25	351.252	49.7789	0
47	26	599.6735	421.3164	0
47	27	481.8679	156.2128	0
47	28	509.367	122.936	0
48	1	443.418	374.9237	0
48	2	458.821	84.3316	0
48	3	416.7259	375.9117	0
48	4	363.1671	275.3348	0
48	5	581.182	535.3286	0
48	6	542.0255	269.4204	0
48	7	517.6761	382.2011	0
48	8	390.9315	16.65649	0
48	9	592.5623	390.5573	0
48	10	454.0442	56.64221	0
48	11	547.1498	486.3344	0
48	12	300.3806	-52.56409	0
48	13	304.8499	41.17709	0
48	14	365.1133	328.9855	0
48	15	435.7953	115.6558	0
48	16	377.103	45.01678	0
48	17	467.0974	265.1753	0
48	18	406.1016	151.7485	0
48	19	384.347	78.50168	0
48	20	576.2623	449.2966	0
48	21	550.3408	329.5739	0
48	22	578.1632	668.9683	0
48	23	606.5493	600.4304	0
48	24	438.6579	279.7707	0
48	25	351.2423	49.77057	0
48	26	599.6791	421.3099	0
48	27	481.8727	156.2054	0
48	28	509.371	122.9309	0
48	29	503.3167	657.1917	0
49	1	443.4229	374.9228	0
49	2	458.781	84.35349	0
49	3	416.8105	375.9385	0
49	4	363.1116	275.3063	0
49	5	581.1689	535.3167	0
49	6	542.0105	269.4075	0
49	7	517.6764	382.192	0
49	8	390.8961	16.68365	0
49	9	592.568	390.5501	0
49	10	453.998	56.63025	0
49	11	547.161	486.3329	0
49	12	300.4078	-52.55664	0
49	13	304.8548	41.17657	0
49	14	365.1624	329.0102	0
49	15	435.7386	115.6609	0
49	16	377.1149	45.01675	0
49	17	467.0844	265.1621	0
49	18	406.1028	151.7365	0
49	19	384.4505	78.52905	0
49	20	576.2548	449.2856	0
49	21	550.3375	329.5811	0
49	22	578.175	668.9667	0
49	23	606.5254	600.456	0
49	24	438.6302	279.795	0
49	25	351.231	49.76004	0
49	26	599.6854	421.3029	0
49	27	481.8771	156.199	0
49	28	509.3752	122.9251	0
49	29	503.3208	657.2029	0
49	30	274.423	39.40015	0
50	1	443.4287	374.9215	0
50	2	458.7434	84.38211	0
50	3	416.8789	375.969	0
50	4	363.0557	275.2872	0
50	5	581.16	535.3063	0
50	6	541.9982	269.3955	0
50	7	517.6757	382.1832	0
50	8	390.8647	16.71002	0
50	9	592.5718	390.5407	0
50	10	453.9549	56.6254	0
50	11	547.1699	486.3289	0
50	12	300.4484	-52.54572	0
50	13	304.861	41.17627	0
50	14	365.1867	329.0267	0
50	15	435.6836	115.6735	0
50	16	377.1297	45.01819	0
50	17	467.0768	265.1508	0
50	18	406.1026	151.7252	0
50	19	384.5434	78.56223	0
50	20	576.2523	449.2783	0
50	21	550.3387	329.5826	0
50	22	578.1844	668.9628	0
50	23	606.5103	600.4775	0
50	24	438.6098	279.8168	0
50	25	351.22	49.74933	0
50	26	599.6915	421.2944	0
50	27	481.8815	156.1929	0
50	28	509.3792	122.9181	0
50	29	503.3147	657.187	0
50	30	274.4278	39.39288	0
50	31	287.2864	94.83282	0
51	1	443.4376	374.9207	0
51	2	458.7101	84.41	0
51	3	416.9195	375.9932	0
51	4	362.9993	275.2716	0
51	5	581.1548	535.297	0
51	6	541.9906	269.3842	0
51	7	517.668	382.1754	0
51	8	390.8418	16.73376	0
51	9	592.5722	390.5292	0
51	10	453.911	56.6301	0
51	11	547.1754	486.3214	0
51	12	300.5011	-52.53522	0
51	13	304.8701	41.17615	0
51	14	365.1828	329.0367	0
51	15	435.6305	115.6829	0
51	16	377.1469	45.01843	0
51	17	467.0747	265.143	0
51	18	406.0963	151.7149	0
51	19	384.6118	78.59363	0
51	20	576.2614	449.2776	0
51	21	550.3429	329.5822	0
51	22	578.1904	668.9549	0
51	23	606.5021	600.4916	0
51	24	438.5967	279.834	0
51	25	351.2136	49.74051	0
51	26	599.6938	421.2833	0
51	27	481.886	156.1868	0
51	28	509.3798	122.9097	0
51	29	503.3055	657.1526	0
51	30	274.4327	39.38464	0
51	31	287.2778	94.82275	0
51	32	622.2509	494.9616	0
52	1	443.4492	374.9214	0
52	2	458.6852	84.43478	0
52	3	416.929	376.007	0
52	4	362.9469	275.2642	0
52	5	581.157	535.2928	0
52	6	541.9891	269.3777	0
52	7	517.6578	382.1678	0
52	8	390.8269	16.75201	0
52	9	592.5729	390.5177	0
52	10	453.8688	56.63959	0
52	11	547.1803	486.314	0
52	12	300.5609	-52.52661	0
52	13	304.8813	41.17722	0
52	14	365.1784	329.0078	0
52	15	435.5772	115.6942	0
52	16	377.1604	45.0162	0
52	17	467.0847	265.1422	0
52	18	406.0833	151.7054	0
52	19	384.6469	78.61493	0
52	20	576.2846	449.2827	0
52	21	550.3479	329.5818	0
52	22	578.1957	668.947	0
52	23	606.5006	600.4971	0
52	24	438.5902	279.8448	0
52	25	351.2116	49.73434	0
52	26	599.6951	421.2704	0
52	27	481.891	156.1801	0
52	28	509.3811	122.9005	0
52	29	503.2877	657.1194	0
52	30	274.4381	39.37567	0
52	31	287.2737	94.81445	0
52	32	622.2377	494.9507	0
52	33	226.7479	-58.17792	0
53	1	443.4636	374.9222	0
53	2	458.6689	84.4545	0
53	3	416.9209	375.9953	0
53	4	362.893	275.2701	0
53	5	581.1715	535.2945	0
53	6	542.0005	269.378	0
53	7	517.6481	382.1599	0
53	8	390.8197	16.76337	0
53	9	592.5724	390.5065	0
53	10	453.8276	56.64639	0
53	11	547.1848	486.3075	0
53	12	300.6294	-52.51868	0
53	13	304.8946	41.17746	0
53	14	365.1666	328.9725	0
53	15	435.5252	115.7089	0
53	16	377.1708	45.00967	0
53	17	467.1098	265.1475	0
53	18	406.0707	151.6955	0
53	19	384.6441	78.62775	0
53	20	576.3222	449.2931	0
53	21	550.3552	329.5816	0
53	22	578.2009	668.9402	0
53	23	606.5043	600.497	0
53	24	438.5898	279.8485	0
53	25	351.219	49.73349	0
53	26	599.6948	421.2579	0
53	27	481.896	156.1725	0
53	28	509.3806	122.892	0
53	29	503.2595	657.0893	0
53	30	274.4409	39.36453	0
53	31	287.2784	94.81189	0
53	32	622.223	494.9397	0
53	33	226.7193	-58.21088	0
53	34	339.056	-6.448181	0
54	1	443.4761	374.9211	0
54	2	458.6607	84.46677	0
54	3	416.9117	375.9541	0
54	4	362.8405	275.2832	0
54	5	581.1996	535.3021	0
54	6	542.0272	269.3844	0
54	7	517.6388	382.1507	0
54	8	390.8194	16.76794	0
54	9	592.5637	390.4966	0
54	10	453.7865	56.65521	0
54	11	547.1895	486.3016	0
54	12	300.706	-52.50708	0
54	13	304.9052	41.1759	0
54	14	365.1451	328.9397	0
54	15	435.4773	115.7264	0
54	16	377.1774	45.00006	0
54	17	467.1512	265.159	0
54	18	406.0591	151.6848	0
54	19	384.6374	78.59375	0
54	20	576.3726	449.3032	0
54	21	550.3645	329.5825	0
54	22	578.2065	668.9345	0
54	23	606.5099	600.4959	0
54	24	438.594	279.8486	0
54	25	351.2386	49.73746	0
54	26	599.6926	421.2458	0
54	27	481.8979	156.1629	0
54	28	509.3776	122.8841	0
54	29	503.2245	657.0623	0
54	30	274.4415	39.35162	0
54	31	287.2964	94.81473	0
54	32	622.209	494.9283	0
54	33	226.6815	-58.24054	0
54	34	339.0428	-6.459167	0
54	35	425.0083	427.0914	0
55	1	443.4859	374.9172	0
55	2	458.6594	84.47131	0
55	3	416.8917	375.9141	0
55	4	362.7897	275.2932	0
55	5	581.2397	535.3118	0
55	6	542.0693	269.3962	0
55	7	517.6268	382.1399	0
55	8	390.8242	16.76837	0
55	9	592.5508	390.4871	0
55	10	453.7462	56.66675	0
55	11	547.1947	486.2957	0
55	12	300.7857	-52.49133	0
55	13	304.9133	41.17105	0
55	14	365.1137	328.9098	0
55	15	435.4337	115.7453	0
55	16	377.1839	44.99155	0
55	17	467.2066	265.1708	0
55	18	406.0446	151.6718	0
55	19	384.6223	78.54745	0
55	20	576.4342	449.3125	0
55	21	550.3757	329.5831	0
55	22	578.2126	668.9293	0
55	23	606.5172	600.4951	0
55	24	438.5994	279.8481	0
55	25	351.2721	49.74716	0
55	26	599.6807	421.2352	0
55	27	481.8989	156.1518	0
55	28	509.3682	122.8769	0
55	29	503.1833	657.0399	0
55	30	274.4417	39.33923	0
55	31	287.3299	94.82455	0
55	32	622.194	494.914	0
55	33	226.635	-58.2663	0
55	34	339.0329	-6.468811	0
55	35	424.9984	427.0822	0
55	36	680.9899	601.0172	0
56	1	443.4924	374.9098	0
56	2	458.6637	84.47122	0
56	3	416.859	375.8778	0
56	4	362.7388	275.3048	0
56	5	581.2917	535.3205	0
56	6	542.1252	269.4073	0
56	7	517.6185	382.1304	0
56	8	390.8304	16.76837	0
56	9	592.5383	390.4771	0
56	10	453.7097	56.68036	0
56	11	547.2001	486.2891	0
56	12	300.8673	-52.47052	0
56	13	304.9186	41.16367	0
56	14	365.075	328.8832	0
56	15	435.3925	115.7698	0
56	16	377.1898	44.98337	0
56	17	467.2741	265.1819	0
56	18	406.0322	151.6591	0
56	19	384.5944	78.504	0
56	20	576.5043	449.3202	0
56	21	550.385	329.5822	0
56	22	578.2189	668.9235	0
56	23	606.5275	600.495	0
56	24	438.6068	279.8479	0
56	25	351.3173	49.75751	0
56	26	599.6666	421.2246	0
56	27	481.8988	156.1413	0
56	28	509.3585	122.8694	0
56	29	503.1422	657.0237	0
56	30	274.441	39.32782	0
56	31	287.3769	94.83643	0
56	32	622.1764	494.8976	0
56	33	226.5862	-58.28479	0
56	34	339.0272	-6.477844	0
56	35	424.9861	427.0707	0
56	36	681.0496	601.0472	0
57	1	443.4979	374.9019	0
57	2	458.6693	84.47046	0
57	3	416.8177	375.845	0
57	4	362.6892	275.3194	0
57	5	581.352	535.3282	0
57	6	542.1926	269.4173	0
57	7	517.6139	382.1216	0
57	8	390.8388	16.76849	0
57	9	592.5269	390.4659	0
57	10	453.676	56.69531	0
57	11	547.2043	486.2804	0
57	12	300.9425	-52.44489	0
57	13	304.9237	41.15704	0
57	14	365.0313	328.8618	0
57	15	435.3541	115.8005	0
57	16	377.1961	44.97559	0
57	17	467.349	265.191	0
57	18	406.0251	151.648	0
57	19	384.5526	78.46466	0
57	20	576.5833	449.3297	0
57	21	550.3925	329.5792	0
57	22	578.2239	668.9151	0
57	23	606.5405	600.4962	0
57	24	438.6167	279.8484	0
57	25	351.3732	49.76712	0
57	26	599.6533	421.2135	0
57	27	481.8973	156.1315	0
57	28	509.3495	122.8618	0
57	29	503.0991	657.0107	0
57	30	274.4303	39.31741	0
57	31	287.437	94.84702	0
57	32	622.1647	494.8837	0
57	33	226.5373	-58.29663	0
57	34	339.0273	-6.482117	0
57	35	424.9753	427.0592	0
57	36	681.0816	601.0682	0
57	37	499.7581	431.3893	0
58	1	443.503	374.895	0
58	2	458.6775	84.47009	0
58	3	416.768	375.8173	0
58	4	362.644	275.3362	0
58	5	581.4208	535.3356	0
58	6	542.2694	269.4255	0
58	7	517.6154	382.1171	0
58	8	390.8502	16.76953	0
58	9	592.5117	390.4525	0
58	10	453.6442	56.715	0
58	11	547.2047	486.2693	0
58	12	301.0007	-52.42029	0
58	13	304.9283	41.15073	0
58	14	364.9877	328.8485	0
58	15	435.3205	115.829	0
58	16	377.2026	44.96704	0
58	17	467.4349	265.202	0
58	18	406.0238	151.6411	0
58	19	384.5013	78.42963	0
58	20	576.6658	449.3427	0
58	21	550.3972	329.5734	0
58	22	578.2249	668.9039	0
58	23	606.5541	600.4964	0
58	24	438.6289	279.8495	0
58	25	351.4342	49.77448	0
58	26	599.6398	421.2002	0
58	27	481.8874	156.1227	0
58	28	509.3391	122.8521	0
58	29	503.0591	657.0045	0
58	30	274.4165	39.30725	0
58	31	287.5051	94.85519	0
58	32	622.1583	494.8719	0
58	33	226.4913	-58.30573	0
58	34	339.039	-6.480896	0
58	35	424.9691	427.0489	0
58	36	681.0823	601.0792	0
58	37	499.7159	431.361	0
58	38	438.1305	335.3437	0
59	1	443.5083	374.8886	0
59	2	458.6888	84.47073	0
59	3	416.7179	375.7973	0
59	4	362.6027	275.3544	0
59	5	581.4956	535.3457	0
59	6	542.3555	269.4366	0
59	7	517.6282	382.1185	0
59	8	390.864	16.77063	0
59	9	592.5003	390.4403	0
59	10	453.6148	56.73871	0
59	11	547.2056	486.2581	0
59	12	301.0329	-52.40253	0
59	13	304.933	41.14474	0
59	14	364.9437	328.8362	0
59	15	435.2969	115.8543	0
59	16	377.2094	44.95798	0
59	17	467.5256	265.2171	0
59	18	406.0353	151.641	0
59	19	384.4426	78.40091	0
59	20	576.751	449.3602	0
59	21	550.4011	329.5675	0
59	22	578.2266	668.8924	0
59	23	606.5646	600.4941	0
59	24	438.6407	279.8493	0
59	25	351.5052	49.78363	0
59	26	599.6234	421.1848	0
59	27	481.8755	156.1138	0
59	28	509.3285	122.842	0
59	29	503.0187	657.0098	0
59	30	274.4036	39.29684	0
59	31	287.5836	94.86411	0
59	32	622.1633	494.8674	0
59	33	226.4442	-58.30426	0
59	34	339.0643	-6.474243	0
59	35	424.9677	427.0419	0
59	36	681.0766	601.0521	0
59	37	499.6693	431.3386	0
59	38	438.1371	335.3372	0
59	39	649.2458	454.5912	0
60	1	443.514	374.8826	0
60	2	458.7031	84.47168	0
60	3	416.6653	375.7825	0
60	4	362.5636	275.378	0
60	5	581.5728	535.359	0
60	6	542.4449	269.4518	0
60	7	517.6533	382.1252	0
60	8	390.8772	16.77026	0
60	9	592.4938	390.4288	0
60	10	453.5894	56.76041	0
60	11	547.2054	486.247	0
60	12	301.0367	-52.39221	0
60	13	304.9377	41.13815	0
60	14	364.9013	328.833	0
60	15	435.2816	115.8734	0
60	16	377.2144	44.94638	0
60	17	467.6193	265.2372	0
60	18	406.062	151.6472	0
60	19	384.384	78.38358	0
60	20	576.8334	449.3844	0
60	21	550.4047	329.5622	0
60	22	578.2268	668.8809	0
60	23	606.5728	600.4892	0
60	24	438.6499	279.8468	0
60	25	351.5809	49.79648	0
60	26	599.6126	421.1718	0
60	27	481.8644	156.1048	0
60	28	509.3221	122.8337	0
60	29	502.9796	657.0214	0
60	30	274.391	39.28448	0
60	31	287.6687	94.87729	0
60	32	622.1851	494.8705	0
60	33	226.3968	-58.29596	0
60	34	339.1031	-6.463196	0
60	35	424.9768	427.0412	0
60	36	681.0639	601.0124	0
60	37	499.6221	431.3245	0
60	38	438.1421	335.3296	0
60	39	649.2507	454.5857	0
60	40	359.6545	96.38422	0
61	1	443.52	374.8761	0
61	2	458.7171	84.4711	0
61	3	416.6161	375.7733	0
61	4	362.527	275.4074	0
61	5	581.6509	535.3773	0
61	6	542.537	269.4724	0
61	7	517.6904	382.1344	0
61	8	390.8875	16.76733	0
61	9	592.4941	390.4224	0
61	10	453.572	56.77939	0
61	11	547.1982	486.237	0
61	12	301.0302	-52.40912	0
61	13	304.9428	41.13126	0
61	14	364.8581	328.8395	0
61	15	435.2747	115.8846	0
61	16	377.2153	44.93262	0
61	17	467.7104	265.2639	0
61	18	406.1051	151.6592	0
61	19	384.3243	78.36774	0
61	20	576.9044	449.4142	0
61	21	550.4084	329.5573	0
61	22	578.2201	668.8705	0
61	23	606.5778	600.4813	0
61	24	438.6564	279.8412	0
61	25	351.6593	49.81384	0
61	26	599.6069	421.1605	0
61	27	481.8531	156.0938	0
61	28	509.3195	122.8277	0
61	29	502.9419	657.0306	0
61	30	274.3753	39.27051	0
61	31	287.757	94.89511	0
61	32	622.2259	494.8818	0
61	33	226.3515	-58.28839	0
61	34	339.1542	-6.452881	0
61	35	424.999	427.0458	0
61	36	681.0408	600.9755	0
61	37	499.5753	431.3113	0
61	38	438.1467	335.3229	0
61	39	649.2552	454.5786	0
61	40	359.6008	96.39761	0
61	41	412.6438	-1.177612	0
62	1	443.5255	374.8677	0
62	2	458.728	84.4679	0
62	3	416.5663	375.7772	0
62	4	362.4949	275.4349	0
62	5	581.7228	535.4028	0
62	6	542.6252	269.4999	0
62	7	517.7386	382.1431	0
62	8	390.8947	16.76068	0
62	9	592.5082	390.4234	0
62	10	453.5608	56.79333	0
62	11	547.1857	486.2278	0
62	12	301.0208	-52.44495	0
62	13	304.9467	41.12247	0
62	14	364.8167	328.8497	0
62	15	435.2749	115.8878	0
62	16	377.2169	44.91879	0
62	17	467.788	265.2953	0
62	18	406.1624	151.6713	0
62	19	384.2674	78.36243	0
62	20	576.9502	449.4403	0
62	21	550.4126	329.5523	0
62	22	578.2073	668.8611	0
62	23	606.5825	600.4739	0
62	24	438.661	279.8342	0
62	25	351.7362	49.83621	0
62	26	599.6111	421.1557	0
62	27	481.8394	156.0815	0
62	28	509.3256	122.8266	0
62	29	502.9041	657.041	0
62	30	274.3651	39.25879	0
62	31	287.8457	94.91855	0
62	32	622.2828	494.8951	0
62	33	226.3061	-58.28082	0
62	34	339.2147	-6.444092	0
62	35	425.035	427.0555	0
62	36	681.006	600.942	0
62	37	499.5302	431.3089	0
62	38	438.1513	335.3165	0
62	39	649.2557	454.5694	0
62	40	359.549	96.41479	0
62	41	412.6468	-1.185791	0
62	42	488.6638	380.932	0
63	1	443.5266	374.8569	0
63	2	458.7359	84.46075	0
63	3	416.5175	375.789	0
63	4	362.4725	275.4594	0
63	5	581.7783	535.4306	0
63	6	542.6996	269.5311	0
63	7	517.7935	382.1512	0
63	8	390.8999	16.75311	0
63	9	592.5379	390.431	0
63	10	453.5563	56.80118	0
63	11	547.1735	486.218	0
63	12	301.0017	-52.47919	0
63	13	304.9474	41.11194	0
63	14	364.7761	328.8575	0
63	15	435.2802	115.8873	0
63	16	377.2174	44.90619	0
63	17	467.8386	265.3223	0
63	18	406.231	151.6823	0
63	19	384.2094	78.36908	0
63	20	576.9666	449.4548	0
63	21	550.4169	329.5468	0
63	22	578.1948	668.8513	0
63	23	606.5871	600.4674	0
63	24	438.6653	279.828	0
63	25	351.8019	49.86157	0
63	26	599.6313	421.1584	0
63	27	481.8305	156.0713	0
63	28	509.343	122.8299	0
63	29	502.8673	657.0529	0
63	30	274.36	39.24829	0
63	31	287.9247	94.94717	0
63	32	622.3558	494.9072	0
63	33	226.2622	-58.27008	0
63	34	339.2836	-6.436707	0
63	35	425.0831	427.0652	0
63	36	680.9632	600.9121	0
63	37	499.485	431.3168	0
63	38	438.156	335.3105	0
63	39	649.257	454.5596	0
63	40	359.5034	96.43323	0
63	41	412.6471	-1.195557	0
63	42	488.6649	380.9335	0
63	43	523.7426	412.7458	0
64	1	443.5287	374.845	0
64	2	458.7415	84.45242	0
64	3	416.4706	375.799	0
64	4	362.4577	275.478	0
64	5	581.8079	535.4501	0
64	6	542.7456	269.5566	0
64	7	517.8564	382.1586	0
64	8	390.9048	16.74622	0
64	9	592.5826	390.4424	0
64	10	453.5569	56.80316	0
64	11	547.1625	486.2073	0
64	12	300.9712	-52.51013	0
64	13	304.9488	41.10123	0
64	14	364.7362	328.8677	0
64	15	435.2866	115.8865	0
64	16	377.2081	44.89471	0
64	17	467.8575	265.3386	0
64	18	406.3076	151.6914	0
64	19	384.1536	78.38098	0
64	20	576.959	449.4515	0
64	21	550.4207	329.5399	0
64	22	578.1833	668.8405	0
64	23	606.592	600.4619	0
64	24	438.6695	279.8222	0
64	25	351.8458	49.88327	0
64	26	599.6691	421.1687	0
64	27	481.826	156.0624	0
64	28	509.373	122.8386	0
64	29	502.8335	657.0656	0
64	30	274.3635	39.24387	0
64	31	287.9817	94.97421	0
64	32	622.4398	494.9174	0
64	33	226.2209	-58.25623	0
64	34	339.3608	-6.425659	0
64	35	425.1412	427.0745	0
64	36	680.914	600.8881	0
64	37	499.442	431.3282	0
64	38	438.1611	335.3038	0
64	39	649.2565	454.5501	0
64	40	359.4599	96.45554	0
64	41	412.6477	-1.2052	0
64	42	488.67	380.9325	0
64	43	523.7055	412.7205	0
64	44	476.7209	324.5562	0
65	1	443.5287	374.8338	0
65	2	458.7469	84.44513	0
65	3	416.4237	375.8098	0
65	4	362.4514	275.4886	0
65	5	581.8083	535.4603	0
65	6	542.7593	269.5704	0
65	7	517.926	382.1683	0
65	8	390.9095	16.73956	0
65	9	592.6412	390.4533	0
65	10	453.5611	56.80276	0
65	11	547.148	486.1942	0
65	12	300.933	-52.53778	0
65	13	304.9493	41.09146	0
65	14	364.6971	328.8799	0
65	15	435.296	115.886	0
65	16	377.193	44.88385	0
65	17	467.8482	265.3395	0
65	18	406.3951	151.7031	0
65	19	384.0991	78.3898	0
65	20	576.952	449.4116	0
65	21	550.421	329.5312	0
65	22	578.1682	668.8267	0
65	23	606.5976	600.4562	0
65	24	438.6738	279.8166	0
65	25	351.8641	49.89664	0
65	26	599.7224	421.1814	0
65	27	481.8297	156.0591	0
65	28	509.4136	122.848	0
65	29	502.8027	657.0802	0
65	30	274.382	39.24646	0
65	31	288.0101	94.99194	0
65	32	622.5358	494.9278	0
65	33	226.1841	-58.24127	0
65	34	339.4412	-6.410706	0
65	35	425.2058	427.0826	0
65	36	680.8642	600.8723	0
65	37	499.3996	431.3371	0
65	38	438.1662	335.2957	0
65	39	649.2523	454.5413	0
65	40	359.419	96.48535	0
65	41	412.6476	-1.21405	0
65	42	488.6761	380.9313	0
65	43	523.664	412.7002	0
65	44	476.727	324.5554	0
66	1	443.5247	374.8234	0
66	2	458.7524	84.43811	0
66	3	416.3782	375.8232	0
66	4	362.4517	275.4913	0
66	5	581.8031	535.435	0
66	6	542.7516	269.5613	0
66	7	517.998	382.1812	0
66	8	390.9142	16.73267	0
66	9	592.7095	390.4637	0
66	10	453.5662	56.80228	0
66	11	547.1363	486.1816	0
66	12	300.8877	-52.5611	0
66	13	304.9429	41.08255	0
66	14	364.6626	328.8933	0
66	15	435.3086	115.887	0
66	16	377.1784	44.87296	0
66	17	467.8415	265.2966	0
66	18	406.4872	151.7191	0
66	19	384.0453	78.40176	0
66	20	576.9344	449.3723	0
66	21	550.4221	329.522	0
66	22	578.1552	668.813	0
66	23	606.6031	600.4492	0
66	24	438.6784	279.8104	0
66	25	351.8562	49.90155	0
66	26	599.7912	421.1933	0
66	27	481.8467	156.0616	0
66	28	509.4644	122.8568	0
66	29	502.7738	657.0985	0
66	30	274.4175	39.25632	0
66	31	288.0067	95.00171	0
66	32	622.6387	494.9423	0
66	33	226.1491	-58.22272	0
66	34	339.5239	-6.390442	0
66	35	425.2798	427.0919	0
66	36	680.8151	600.8578	0
66	37	499.358	431.3486	0
66	38	438.1672	335.2853	0
66	39	649.2418	454.5334	0
66	40	359.3824	96.51578	0
66	41	412.6405	-1.222046	0
66	42	488.6855	380.9305	0
66	43	523.6221	412.6874	0
66	44	476.7361	324.5552	0
67	1	443.5124	374.8141	0
67	2	458.7582	84.43124	0
67	3	416.3358	375.8384	0
67	4	362.4568	275.4905	0
67	5	581.7916	535.3979	0
67	6	542.7429	269.519	0
67	7	518.0715	382.1986	0
67	8	390.9193	16.72485	0
67	9	592.7872	390.4729	0
67	10	453.5738	56.80209	0
67	11	547.1295	486.1699	0
67	12	300.8428	-52.57629	0
67	13	304.9314	41.07425	0
67	14	364.6303	328.9091	0
67	15	435.3242	115.8878	0
67	16	377.165	44.86035	0
67	17	467.8229	265.2543	0
67	18	406.5823	151.7405	0
67	19	383.9928	78.41727	0
67	20	576.9046	449.337	0
67	21	550.4218	329.5132	0
67	22	578.1472	668.8002	0
67	23	606.606	600.4398	0
67	24	438.6831	279.8032	0
67	25	351.8521	49.86649	0
67	26	599.8682	421.2041	0
67	27	481.8785	156.0706	0
67	28	509.5203	122.8636	0
67	29	502.7469	657.1214	0
67	30	274.4692	39.26984	0
67	31	288.0023	94.96936	0
67	32	622.7448	494.9615	0
67	33	226.1161	-58.19836	0
67	34	339.6016	-6.364868	0
67	35	425.3579	427.1044	0
67	36	680.7693	600.8535	0
67	37	499.3169	431.3619	0
67	38	438.1686	335.2738	0
67	39	649.2312	454.5251	0
67	40	359.3534	96.54282	0
67	41	412.6299	-1.229675	0
67	42	488.6977	380.9314	0
67	43	523.5803	412.6756	0
67	44	476.7475	324.5562	0
68	1	443.4998	374.8045	0
68	2	458.7644	84.42368	0
68	3	416.2977	375.8553	0
68	4	362.463	275.4894	0
68	5	581.7703	535.3633	0
68	6	542.7227	269.4777	0
68	7	518.1395	382.2217	0
68	8	390.9245	16.71606	0
68	9	592.8737	390.4846	0
68	10	453.5838	56.80295	0
68	11	547.1286	486.1625	0
68	12	300.7956	-52.58844	0
68	13	304.9201	41.0658	0
68	14	364.6	328.9297	0
68	15	435.338	115.8867	0
68	16	377.147	44.84534	0
68	17	467.7916	265.2158	0
68	18	406.6738	151.7685	0
68	19	383.946	78.43488	0
68	20	576.8652	449.3052	0
68	21	550.4172	329.5052	0
68	22	578.1449	668.7916	0
68	23	606.6068	600.4283	0
68	24	438.6846	279.7939	0
68	25	351.8379	49.83194	0
68	26	599.957	421.2146	0
68	27	481.9237	156.0819	0
68	28	509.5849	122.8718	0
68	29	502.7238	657.1435	0
68	30	274.5362	39.28247	0
68	31	287.9894	94.92963	0
68	32	622.8513	494.9878	0
68	33	226.0864	-58.17468	0
68	34	339.6643	-6.338989	0
68	35	425.4385	427.1211	0
68	36	680.724	600.8616	0
68	37	499.2807	431.3762	0
68	38	438.1681	335.2628	0
68	39	649.2214	454.5162	0
68	40	359.3345	96.56516	0
68	41	412.6197	-1.237793	0
68	42	488.7126	380.932	0
68	43	523.5402	412.6727	0
68	44	476.7601	324.5562	0
69	1	443.4882	374.7944	0
69	2	458.7706	84.41504	0
69	3	416.2617	375.8765	0
69	4	362.472	275.4887	0
69	5	581.7381	535.332	0
69	6	542.6893	269.4407	0
69	7	518.1929	382.2466	0
69	8	390.926	16.70544	0
69	9	592.9634	390.5002	0
69	10	453.5959	56.80341	0
69	11	547.1406	486.1625	0
69	12	300.7514	-52.59448	0
69	13	304.9099	41.05634	0
69	14	364.5723	328.9533	0
69	15	435.349	115.8825	0
69	16	377.1332	44.83191	0
69	17	467.7498	265.1807	0
69	18	406.7502	151.7996	0
69	19	383.9024	78.45529	0
69	20	576.8175	449.2777	0
69	21	550.4074	329.498	0
69	22	578.1559	668.7909	0
69	23	606.607	600.4171	0
69	24	438.6857	279.7833	0
69	25	351.8133	49.8002	0
69	26	600.0534	421.2286	0
69	27	481.982	156.0925	0
69	28	509.6537	122.8833	0
69	29	502.7077	657.1631	0
69	30	274.6111	39.29309	0
69	31	287.9652	94.89288	0
69	32	622.9483	495.0237	0
69	33	226.0638	-58.1535	0
69	34	339.7009	-6.319153	0
69	35	425.5165	427.1438	0
69	36	680.6812	600.8753	0
69	37	499.2466	431.3934	0
69	38	438.1652	335.2524	0
69	39	649.2096	454.5052	0
69	40	359.3239	96.57956	0
69	41	412.6104	-1.246582	0
69	42	488.725	380.9306	0
69	43	523.5001	412.6793	0
69	44	476.7698	324.5541	0
70	1	443.4743	374.7814	0
70	2	458.7729	84.40424	0
70	3	416.228	375.9035	0
70	4	362.484	275.4895	0
70	5	581.6982	535.3041	0
70	6	542.6462	269.4075	0
70	7	518.2227	382.265	0
70	8	390.9272	16.6933	0
70	9	593.0552	390.5212	0
70	10	453.6064	56.80231	0
70	11	547.1675	486.1688	0
70	12	300.7058	-52.59131	0
70	13	304.8962	41.04483	0
70	14	364.5491	328.9749	0
70	15	435.3563	115.8744	0
70	16	377.1251	44.81937	0
70	17	467.6993	265.1504	0
70	18	406.7982	151.8252	0
70	19	383.8616	78.48206	0
70	20	576.7673	449.2575	0
70	21	550.3976	329.4903	0
70	22	578.1822	668.7966	0
70	23	606.6058	600.4058	0
70	24	438.6855	279.7733	0
70	25	351.7796	49.77145	0
70	26	600.153	421.247	0
70	27	482.0468	156.1013	0
70	28	509.7248	122.8987	0
70	29	502.6975	657.1781	0
70	30	274.6975	39.30319	0
70	31	287.9292	94.85983	0
70	32	623.0208	495.0606	0
70	33	226.0488	-58.13684	0
70	34	339.7091	-6.308838	0
70	35	425.5822	427.1714	0
70	36	680.6389	600.8854	0
70	37	499.2148	431.416	0
70	38	438.1537	335.2432	0
70	39	649.1982	454.4937	0
70	40	359.3216	96.58582	0
70	41	412.598	-1.25708	0
70	42	488.7349	380.9263	0
70	43	523.462	412.6894	0
70	44	476.7773	324.5492	0
71	1	443.4604	374.7678	0
71	2	458.7748	84.39163	0
71	3	416.1984	375.9299	0
71	4	362.4987	275.4903	0
71	5	581.6522	535.2816	0
71	6	542.5939	269.3789	0
71	7	518.2256	382.2755	0
71	8	390.927	16.68201	0
71	9	593.1418	390.5494	0
71	10	453.6146	56.79855	0
71	11	547.2094	486.1797	0
71	12	300.6612	-52.58289	0
71	13	304.8855	41.03427	0
71	14	364.5337	328.9935	0
71	15	435.3621	115.866	0
71	16	377.1247	44.81293	0
71	17	467.6459	265.1273	0
71	18	406.814	151.8403	0
71	19	383.8242	78.51297	0
71	20	576.7164	449.2436	0
71	21	550.3887	329.4821	0
71	22	578.2241	668.8076	0
71	23	606.5958	600.3961	0
71	24	438.6837	279.7637	0
71	25	351.7385	49.74634	0
71	26	600.2534	421.272	0
71	27	482.1219	156.1103	0
71	28	509.795	122.9188	0
71	29	502.6933	657.1866	0
71	30	274.7934	39.31772	0
71	31	287.8846	94.83047	0
71	32	623.0576	495.0851	0
71	33	226.0408	-58.1264	0
71	34	339.7024	-6.321289	0
71	35	425.6242	427.1954	0
71	36	680.5969	600.8976	0
71	37	499.186	431.4412	0
71	38	438.1414	335.2337	0
71	39	649.1912	454.4838	0
71	40	359.3256	96.58609	0
71	41	412.5891	-1.266174	0
71	42	488.7413	380.9183	0
71	43	523.4244	412.6972	0
71	44	476.782	324.5419	0
72	1	443.4519	374.7561	0
72	2	458.7751	84.37997	0
72	3	416.1772	375.9536	0
72	4	362.5117	275.4893	0
72	5	581.6058	535.2669	0
72	6	542.5399	269.3587	0
72	7	518.2197	382.2578	0
72	8	390.9248	16.67181	0
72	9	593.2124	390.5811	0
72	10	453.62	56.79205	0
72	11	547.265	486.1902	0
72	12	300.6182	-52.57648	0
72	13	304.8792	41.02454	0
72	14	364.5243	329.0068	0
72	15	435.3674	115.8583	0
72	16	377.1401	44.81442	0
72	17	467.5909	265.1127	0
72	18	406.8046	151.8367	0
72	19	383.7924	78.54123	0
72	20	576.6689	449.233	0
72	21	550.3775	329.4719	0
72	22	578.2802	668.818	0
72	23	606.5831	600.3865	0
72	24	438.6737	279.7553	0
72	25	351.6941	49.72675	0
72	26	600.345	421.305	0
72	27	482.2037	156.1228	0
72	28	509.8563	122.9422	0
72	29	502.6939	657.1885	0
72	30	274.8932	39.33734	0
72	31	287.8333	94.8067	0
72	32	623.0539	495.0983	0
72	33	226.0398	-58.12195	0
72	34	339.6943	-6.358032	0
72	35	425.639	427.2097	0
72	36	680.5551	600.9116	0
72	37	499.1624	431.4643	0
72	38	438.13	335.2238	0
72	39	649.1886	454.4767	0
72	40	359.3318	96.58527	0
72	41	412.584	-1.274719	0
72	42	488.7468	380.9104	0
72	43	523.3875	412.7072	0
72	44	476.7867	324.5355	0
73	1	443.4485	374.7476	0
73	2	458.7736	84.36932	0
73	3	416.1634	375.972	0
73	4	362.5218	275.4854	0
73	5	581.5599	535.2536	0
73	6	542.485	269.3441	0
73	7	518.21	382.2238	0
73	8	390.9135	16.66241	0
73	9	593.2538	390.6055	0
73	10	453.6245	56.78561	0
73	11	547.3307	486.2005	0
73	12	300.5753	-52.56848	0
73	13	304.8785	41.01926	0
73	14	364.5214	329.0135	0
73	15	435.373	115.8511	0
73	16	377.1739	44.82306	0
73	17	467.5384	265.1003	0
73	18	406.797	151.7938	0
73	19	383.7712	78.56564	0
73	20	576.6221	449.2354	0
73	21	550.3675	329.4617	0
73	22	578.3481	668.8279	0
73	23	606.571	600.3765	0
73	24	438.6624	279.7467	0
73	25	351.6492	49.71545	0
73	26	600.4142	421.3389	0
73	27	482.2884	156.1396	0
73	28	509.8985	122.9628	0
73	29	502.698	657.1879	0
73	30	274.9949	39.36334	0
73	31	287.7823	94.79297	0
73	32	623.0477	495.0565	0
73	33	226.0437	-58.12177	0
73	34	339.6764	-6.393311	0
73	35	425.631	427.2088	0
73	36	680.5171	600.9265	0
73	37	499.147	431.4842	0
73	38	438.1173	335.2115	0
73	39	649.196	454.4753	0
73	40	359.3401	96.58481	0
73	41	412.5846	-1.278931	0
73	42	488.752	380.9033	0
73	43	523.351	412.7189	0
73	44	476.7912	324.5296	0
74	1	443.4566	374.746	0
74	2	458.7621	84.35962	0
74	3	416.157	375.9832	0
74	4	362.5286	275.4777	0
74	5	581.5171	535.2495	0
74	6	542.4343	269.3344	0
74	7	518.1914	382.1912	0
74	8	390.9008	16.65283	0
74	9	593.2619	390.6194	0
74	10	453.6288	56.77975	0
74	11	547.405	486.2095	0
74	12	300.5339	-52.55725	0
74	13	304.8897	41.02008	0
74	14	364.5235	329.0146	0
74	15	435.3789	115.8439	0
74	16	377.226	44.83801	0
74	17	467.4862	265.1008	0
74	18	406.7777	151.7517	0
74	19	383.758	78.5831	0
74	20	576.5764	449.2469	0
74	21	550.3615	329.4528	0
74	22	578.4255	668.8364	0
74	23	606.5593	600.3647	0
74	24	438.6518	279.7379	0
74	25	351.6053	49.70477	0
74	26	600.4501	421.3623	0
74	27	482.3741	156.1619	0
74	28	509.9168	122.9757	0
74	29	502.7029	657.1869	0
74	30	275.0872	39.39529	0
74	31	287.7324	94.77966	0
74	32	623.0299	495.0059	0
74	33	226.049	-58.12219	0
74	34	339.6464	-6.424927	0
74	35	425.6249	427.1714	0
74	36	680.4819	600.9432	0
74	37	499.1378	431.498	0
74	38	438.1038	335.1981	0
74	39	649.216	454.4793	0
74	40	359.3521	96.58508	0
74	41	412.5964	-1.277649	0
74	42	488.7577	380.8969	0
74	43	523.3185	412.7316	0
74	44	476.796	324.5243	0
75	1	443.4798	374.7503	0
75	2	458.7489	84.34988	0
75	3	416.1571	375.9866	0
75	4	362.5342	275.4697	0
75	5	581.4741	535.2568	0
75	6	542.3836	269.3378	0
75	7	518.1625	382.1617	0
75	8	390.889	16.64313	0
75	9	593.2537	390.6036	0
75	10	453.6332	56.77417	0
75	11	547.4886	486.2202	0
75	12	300.4962	-52.54388	0
75	13	304.9148	41.02631	0
75	14	364.5283	329.0142	0
75	15	435.3852	115.8361	0
75	16	377.295	44.85199	0
75	17	467.4346	265.111	0
75	18	406.7452	151.7136	0
75	19	383.7535	78.59262	0
75	20	576.5328	449.258	0
75	21	550.3598	329.4468	0
75	22	578.5123	668.8464	0
75	23	606.5443	600.3507	0
75	24	438.6407	279.727	0
75	25	351.5618	49.70386	0
75	26	600.4481	421.376	0
75	27	482.4517	156.1896	0
75	28	509.9099	122.982	0
75	29	502.7099	657.1862	0
75	30	275.157	39.42624	0
75	31	287.6843	94.77649	0
75	32	622.9985	494.9594	0
75	33	226.0563	-58.12225	0
75	34	339.6081	-6.453125	0
75	35	425.6088	427.1345	0
75	36	680.449	600.9655	0
75	37	499.1352	431.5047	0
75	38	438.0956	335.1869	0
75	39	649.2495	454.4884	0
75	40	359.3667	96.58627	0
75	41	412.621	-1.271179	0
75	42	488.7637	380.8907	0
75	43	523.2882	412.7466	0
75	44	476.8011	324.5186	0
76	1	443.5192	374.7615	0
76	2	458.7364	84.34012	0
76	3	416.1618	375.9865	0
76	4	362.5394	275.4625	0
76	5	581.4332	535.2692	0
76	6	542.3343	269.3496	0
76	7	518.1266	382.1353	0
76	8	390.8764	16.63116	0
76	9	593.2427	390.5609	0
76	10	453.6379	56.76834	0
76	11	547.576	486.2345	0
76	12	300.4617	-52.52881	0
76	13	304.9544	41.03772	0
76	14	364.5341	329.0138	0
76	15	435.3912	115.8265	0
76	16	377.377	44.8638	0
76	17	467.3855	265.1219	0
76	18	406.7026	151.679	0
76	19	383.756	78.59482	0
76	20	576.4887	449.2682	0
76	21	550.3678	329.4462	0
76	22	578.6028	668.8597	0
76	23	606.5339	600.3383	0
76	24	438.6279	279.7148	0
76	25	351.5181	49.7106	0
76	26	600.4408	421.3417	0
76	27	482.5099	156.2164	0
76	28	509.9061	122.9496	0
76	29	502.719	657.1866	0
76	30	275.1943	39.44818	0
76	31	287.6348	94.78326	0
76	32	622.9528	494.9172	0
76	33	226.0665	-58.1217	0
76	34	339.5617	-6.477173	0
76	35	425.5816	427.1011	0
76	36	680.4189	600.9917	0
76	37	499.1376	431.5055	0
76	38	438.092	335.178	0
76	39	649.2944	454.4978	0
76	40	359.3823	96.58609	0
76	41	412.6582	-1.260925	0
76	42	488.77	380.884	0
76	43	523.2598	412.7663	0
76	44	476.8064	324.5123	0
77	1	443.5727	374.7732	0
77	2	458.7232	84.32782	0
77	3	416.1678	375.9858	0
77	4	362.5449	275.4558	0
77	5	581.393	535.2784	0
77	6	542.287	269.3597	0
77	7	518.0848	382.1133	0
77	8	390.8622	16.61804	0
77	9	593.2205	390.5196	0
77	10	453.6429	56.76202	0
77	11	547.6659	486.2537	0
77	12	300.4294	-52.50934	0
77	13	305.0069	41.04865	0
77	14	364.5424	329.0136	0
77	15	435.3925	115.8147	0
77	16	377.4703	44.87387	0
77	17	467.3364	265.1318	0
77	18	406.6512	151.6492	0
77	19	383.7623	78.59485	0
77	20	576.4457	449.2811	0
77	21	550.3876	329.4505	0
77	22	578.6961	668.8779	0
77	23	606.5283	600.3268	0
77	24	438.6199	279.7047	0
77	25	351.4763	49.71887	0
77	26	600.425	421.2946	0
77	27	482.5401	156.2347	0
77	28	509.8928	122.9177	0
77	29	502.7301	657.1874	0
77	30	275.1959	39.46103	0
77	31	287.5871	94.79391	0
77	32	622.8964	494.8797	0
77	33	226.0786	-58.12085	0
77	34	339.5146	-6.49353	0
77	35	425.5456	427.0707	0
77	36	680.3936	601.0161	0
77	37	499.1425	431.5048	0
77	38	438.0986	335.1754	0
77	39	649.3498	454.5068	0
77	40	359.3943	96.58322	0
77	41	412.7071	-1.251038	0
77	42	488.7753	380.8751	0
77	43	523.2341	412.7888	0
77	44	476.8096	324.5038	0
