17	1	1386.263	955.2625	0
18	1	1385.859	955.1122	0
18	2	588.7748	994.3391	0
19	1	1385.305	954.8976	0
19	2	588.3193	994.0125	0
19	3	1305.194	327.0145	0
20	1	1384.625	954.624	0
20	2	587.7521	993.5912	0
20	3	1304.685	326.4783	0
20	4	570.1854	-552.7457	0
21	1	1382.453	952.3677	0
21	2	586.6511	992.0844	0
21	3	1303.845	325.4656	0
21	4	569.4692	-551.1388	0
21	5	-139.5223	1004.841	0
22	1	1381.516	951.8481	0
22	2	585.8359	991.3729	0
22	3	1303.078	324.6844	0
22	4	568.9869	-550.4075	0
22	5	-138.908	1003.876	0
22	6	-211.2762	-479.8576	0
23	1	1380.618	951.4144	0
23	2	584.9791	990.6827	0
23	3	1302.186	323.8331	0
23	4	568.4697	-549.5867	0
23	5	-138.3369	1002.938	0
23	6	-210.628	-479.1062	0
23	7	-231.0798	239.5138	0
24	1	1379.714	951.0551	0
24	2	584.1066	990.0353	0
24	3	1301.127	322.9186	0
24	4	567.8851	-548.559	0
24	5	-137.8162	1002.03	0
24	6	-209.8988	-478.3467	0
24	7	-230.1971	238.7407	0
24	8	1486.445	-545.4153	0
25	1	1378.701	950.7531	0
25	2	583.2726	989.4287	0
25	3	1299.96	321.9404	0
25	4	567.252	-547.3609	0
25	5	-137.3411	1001.096	0
25	6	-208.9864	-477.6603	0
25	7	-229.339	237.9556	0
25	8	1485.351	-544.5283	0
26	1	1377.509	950.6373	0
26	2	582.4	988.8031	0
26	3	1298.837	320.9567	0
26	4	566.5847	-546.0213	0
26	5	-136.9449	1000.036	0
26	6	-207.9028	-477.0904	0
26	7	-228.5279	237.215	0
26	8	1484.091	-543.5171	0
27	1	1376.299	950.6454	0
27	2	581.4501	987.9474	0
27	3	1297.862	319.963	0
27	4	565.8732	-544.5247	0
27	5	-136.7577	998.7971	0
27	6	-207.0449	-476.3685	0
27	7	-227.6895	236.4424	0
27	8	1482.72	-542.4185	0
28	1	1375.24	950.3458	0
28	2	580.4245	986.902	0
28	3	1296.703	318.8446	0
28	4	565.1551	-543.017	0
28	5	-136.5388	997.6289	0
28	6	-206.0948	-475.4969	0
28	7	-226.6322	235.6392	0
28	8	1481.424	-541.361	0
29	1	1373.91	949.9158	0
29	2	579.3372	985.7376	0
29	3	1295.45	317.5922	0
29	4	564.47	-541.6758	0
29	5	-136.0521	996.4907	0
29	6	-205.0024	-474.5344	0
29	7	-225.4197	234.787	0
29	8	1480.276	-540.4007	0
30	1	1372.365	949.3845	0
30	2	578.1947	984.4518	0
30	3	1294.233	316.2702	0
30	4	563.7178	-540.2098	0
30	5	-135.485	995.1302	0
30	6	-203.7689	-473.4677	0
30	7	-224.092	233.9026	0
30	8	1478.907	-539.3095	0
31	1	1370.625	948.7449	0
31	2	577.0656	983.2411	0
31	3	1293.436	315.1585	0
31	4	562.8135	-538.6157	0
31	5	-134.8485	993.5764	0
31	6	-202.4665	-472.3329	0
31	7	-222.6741	232.9857	0
31	8	1477.275	-538.1528	0
32	1	1368.766	948.0126	0
32	2	575.9503	982.1946	0
32	3	1292.841	314.0314	0
32	4	561.7933	-536.9607	0
32	5	-134.151	991.8986	0
32	6	-201.0889	-471.0929	0
32	7	-221.3569	232.0747	0
32	8	1475.891	-537.1123	0
33	1	1366.773	947.1684	0
33	2	574.7557	980.9316	0
33	3	1292.184	312.9538	0
33	4	561.0983	-535.7406	0
33	5	-133.3689	990.1111	0
33	6	-199.659	-469.8035	0
33	7	-220.1131	231.1382	0
33	8	1475.038	-536.3022	0
34	1	1364.816	946.3983	0
34	2	573.578	979.3839	0
34	3	1291.095	312.1609	0
34	4	560.4304	-534.7014	0
34	5	-132.5269	988.2377	0
34	6	-198.336	-468.5327	0
34	7	-218.6477	230.1907	0
34	8	1474.359	-535.5769	0
35	1	1363.069	945.646	0
35	2	572.3951	978.2837	0
35	3	1289.916	311.4804	0
35	4	559.838	-533.629	0
35	5	-131.7029	986.4686	0
35	6	-197.1258	-467.3614	0
35	7	-216.9575	229.2995	0
35	8	1473.661	-534.7068	0
36	1	1361.542	945.079	0
36	2	571.2114	977.5789	0
36	3	1289.109	310.4202	0
36	4	559.5911	-532.2733	0
36	5	-130.9372	984.8786	0
36	6	-196.0782	-466.3145	0
36	7	-215.805	228.2912	0
36	8	1473.053	-533.4983	0
37	1	1360.406	944.7297	0
37	2	570.0049	977.0055	0
37	3	1287.921	309.3555	0
37	4	559.4496	-530.8996	0
37	5	-130.2903	983.5019	0
37	6	-195.3024	-465.4247	0
37	7	-214.8606	227.2376	0
37	8	1472.401	-532.5248	0
38	1	1359.692	944.563	0
38	2	568.6742	976.4788	0
38	3	1286.435	308.2931	0
38	4	558.8316	-529.6945	0
38	5	-129.7687	982.475	0
38	6	-194.7319	-464.6581	0
38	7	-213.9827	226.1341	0
38	8	1471.412	-531.5254	0
39	1	1359.003	944.3633	0
39	2	567.1166	976.1757	0
39	3	1284.811	307.2198	0
39	4	558.2238	-528.1743	0
39	5	-129.3286	981.7412	0
39	6	-193.9544	-463.7341	0
39	7	-213.2285	224.8361	0
39	8	1470.204	-530.3067	0
39	9	-283.1522	-451.049	0
40	1	1357.631	943.6628	0
40	2	565.9473	975.4999	0
40	3	1283.075	306.0583	0
40	4	557.6235	-526.4125	0
40	5	-128.7947	980.7842	0
40	6	-192.8246	-462.433	0
40	7	-212.5722	223.4528	0
40	8	1468.822	-528.9289	0
40	9	-282.8304	-450.7678	0
41	1	1355.87	942.7276	0
41	2	564.6622	974.5819	0
41	3	1281.366	304.8402	0
41	4	557.0035	-524.5436	0
41	5	-127.8913	979.2816	0
41	6	-191.5247	-461.0038	0
41	7	-211.5667	222.4079	0
41	8	1467.314	-527.4791	0
41	9	-282.3807	-450.373	0
42	1	1353.815	941.583	0
42	2	563.2887	973.5071	0
42	3	1279.954	303.5769	0
42	4	556.3024	-522.5624	0
42	5	-126.8852	977.5421	0
42	6	-190.131	-459.4853	0
42	7	-210.3975	221.2878	0
42	8	1465.711	-525.978	0
42	9	-281.8228	-449.8784	0
43	1	1351.873	940.5357	0
43	2	561.8865	972.3287	0
43	3	1278.795	302.3501	0
43	4	555.5794	-520.6144	0
43	5	-125.7914	975.6557	0
43	6	-188.9298	-458.1887	0
43	7	-209.1054	220.1102	0
43	8	1464.219	-524.5997	0
43	9	-280.5411	-447.8919	0
44	1	1350.271	939.7604	0
44	2	560.4492	971.0208	0
44	3	1278.115	301.0626	0
44	4	554.7997	-518.9168	0
44	5	-124.8816	974.0401	0
44	6	-187.6998	-456.8423	0
44	7	-207.7333	218.9297	0
44	8	1462.908	-523.3958	0
44	9	-279.6444	-446.7947	0
44	10	512.3997	1125.617	0
45	1	1348.369	938.6858	0
45	2	558.9556	969.7313	0
45	3	1277.901	299.776	0
45	4	554.0593	-517.4436	0
45	5	-123.9674	972.4143	0
45	6	-186.3938	-455.2055	0
45	7	-206.2468	217.7322	0
45	8	1461.869	-522.4174	0
45	9	-278.8082	-445.8447	0
45	10	512.2681	1125.229	0
45	11	1318.124	1057.719	0
46	1	1346.302	937.3032	0
46	2	557.5876	968.5098	0
46	3	1277.572	298.5748	0
46	4	553.2584	-516.3555	0
46	5	-122.7463	970.5941	0
46	6	-185.2077	-453.7609	0
46	7	-204.7931	216.5016	0
46	8	1461.161	-521.7814	0
46	9	-278.0336	-444.995	0
46	10	512.0718	1124.688	0
46	11	1317.799	1057.418	0
46	12	599.1037	-476.4384	0
47	1	1345.031	936.8893	0
47	2	556.2596	967.491	0
47	3	1276.514	297.3208	0
47	4	552.4597	-515.6219	0
47	5	-121.6687	968.9398	0
47	6	-184.295	-452.8593	0
47	7	-203.4305	215.3767	0
47	8	1460.612	-521.3207	0
47	9	-277.3053	-444.1949	0
47	10	511.8183	1124.015	0
47	11	1317.353	1057.009	0
47	12	598.8049	-476.09	0
47	13	-234.3436	989.3196	0
48	1	1344.093	936.8018	0
48	2	555.0132	966.7114	0
48	3	1275.112	296.0457	0
48	4	551.6837	-514.7067	0
48	5	-121.1799	967.8001	0
48	6	-183.4353	-452.0874	0
48	7	-202.2317	214.2556	0
48	8	1459.681	-520.5339	0
48	9	-276.5554	-443.4347	0
48	10	511.7545	1122.212	0
48	11	1316.802	1056.505	0
48	12	598.3948	-475.6179	0
48	13	-233.7954	989.0939	0
48	14	1357.934	406.7732	0
49	1	1343.043	936.7873	0
49	2	553.9277	966.134	0
49	3	1273.467	294.7484	0
49	4	550.8119	-513.2345	0
49	5	-120.8354	966.7815	0
49	6	-182.2935	-451.3903	0
49	7	-201.2115	213.1899	0
49	8	1458.292	-519.4082	0
49	9	-275.6462	-442.7227	0
49	10	511.3315	1121.345	0
49	11	1315.762	1055.642	0
49	12	597.8907	-475.0402	0
49	13	-233.1109	988.8154	0
49	14	1357.356	406.7136	0
49	15	-279.9124	335.1893	0
50	1	1341.61	937.0629	0
50	2	552.8694	965.4919	0
50	3	1272.075	293.5163	0
50	4	549.9269	-511.5214	0
50	5	-120.6319	965.5013	0
50	6	-180.8974	-450.8963	0
50	7	-200.3503	212.2865	0
50	8	1456.726	-518.1229	0
50	9	-274.48	-442.1832	0
50	10	510.7306	1120.484	0
50	11	1314.91	1054.903	0
50	12	597.2098	-473.8967	0
50	13	-231.3103	987.9653	0
50	14	1356.632	406.6363	0
50	15	-279.2018	335.1651	0
50	16	1434.926	-520.3499	0
51	1	1340.434	937.1156	0
51	2	551.7172	964.3183	0
51	3	1270.826	292.2447	0
51	4	549.017	-509.6709	0
51	5	-120.7432	963.9942	0
51	6	-179.9491	-450.0069	0
51	7	-199.3171	211.3411	0
51	8	1455.122	-516.7941	0
51	9	-273.4447	-441.5964	0
51	10	510.0806	1119.612	0
51	11	1313.947	1054.064	0
51	12	596.5427	-472.9771	0
51	13	-230.1227	987.4717	0
51	14	1354.411	405.5771	0
51	15	-277.9053	334.9445	0
51	16	1433.747	-519.0987	0
52	1	1339.014	936.6928	0
52	2	550.4709	962.96	0
52	3	1269.378	290.7802	0
52	4	548.1741	-508.0963	0
52	5	-120.2663	962.8452	0
52	6	-178.7168	-448.919	0
52	7	-197.9122	210.3925	0
52	8	1453.846	-515.6782	0
52	9	-272.482	-440.7535	0
52	10	509.5708	1118.637	0
52	11	1312.89	1053.139	0
52	12	595.8221	-471.9653	0
52	13	-228.7628	986.9365	0
52	14	1353.457	405.4109	0
52	15	-276.7886	334.8604	0
52	16	1433.162	-518.2726	0
53	1	1337.225	936.0813	0
53	2	549.1859	961.4531	0
53	3	1268.054	289.2773	0
53	4	547.2819	-506.5054	0
53	5	-119.6346	961.3087	0
53	6	-177.2831	-447.6982	0
53	7	-196.3692	209.4039	0
53	8	1452.511	-514.5181	0
53	9	-271.3077	-439.7896	0
53	10	508.9938	1117.516	0
53	11	1311.731	1052.107	0
53	12	595.0198	-470.846	0
53	13	-227.5601	986.5259	0
53	14	1352.461	405.2931	0
53	15	-275.5428	334.7745	0
53	16	1432.3	-517.2441	0
54	1	1335.21	935.3286	0
54	2	547.96	960.1737	0
54	3	1267.339	288.0432	0
54	4	546.1735	-504.7452	0
54	5	-118.9052	959.5037	0
54	6	-175.7726	-446.3869	0
54	7	-194.7838	208.4046	0
54	8	1450.918	-513.2962	0
54	9	-269.9438	-438.7155	0
54	10	508.3578	1116.277	0
54	11	1310.487	1050.985	0
54	12	594.1321	-469.6214	0
54	13	-226.4247	986.24	0
54	14	1351.385	405.3018	0
54	15	-274.2173	334.6895	0
54	16	1431.337	-516.0815	0
55	1	1333.047	934.4327	0
55	2	546.695	958.9362	0
55	3	1266.794	286.8429	0
55	4	545.1181	-503.1531	0
55	5	-118.0976	957.5805	0
55	6	-174.1975	-444.9547	0
55	7	-193.4415	207.4215	0
55	8	1449.431	-512.1483	0
55	9	-268.4804	-437.5663	0
55	10	507.6679	1114.892	0
55	11	1309.244	1049.859	0
55	12	593.1888	-468.335	0
55	13	-225.323	986.0472	0
55	14	1350.233	405.5374	0
55	15	-272.8574	334.6637	0
55	16	1430.165	-514.7488	0
56	1	1330.844	933.5411	0
56	2	545.4357	957.361	0
56	3	1265.854	285.8755	0
56	4	544.3528	-502.0319	0
56	5	-117.1769	955.5472	0
56	6	-172.6793	-443.5681	0
56	7	-191.9334	206.3894	0
56	8	1448.647	-511.2845	0
56	9	-266.9292	-436.3025	0
56	10	506.9578	1113.422	0
56	11	1308.086	1048.727	0
56	12	592.1722	-467.1252	0
56	13	-224.2178	985.8184	0
56	14	1349.101	405.7682	0
56	15	-271.4889	334.6404	0
56	16	1428.858	-513.2886	0
57	1	1328.916	932.7062	0
57	2	544.1817	955.9611	0
57	3	1264.436	285.287	0
57	4	543.6472	-501.0219	0
57	5	-116.3001	953.587	0
57	6	-171.3708	-442.2798	0
57	7	-190.1371	205.4568	0
57	8	1448.044	-510.522	0
57	9	-265.3265	-434.9889	0
57	10	506.2287	1111.829	0
57	11	1306.999	1047.67	0
57	12	591.1586	-465.972	0
57	13	-223.1248	985.3061	0
57	14	1347.933	405.7537	0
57	15	-270.135	334.6584	0
57	16	1427.656	-511.89	0
58	1	1327.286	932.0984	0
58	2	542.9122	955.2511	0
58	3	1263.706	284.1703	0
58	4	543.1916	-499.7559	0
58	5	-115.4685	951.8919	0
58	6	-170.2525	-441.1708	0
58	7	-188.8385	204.4049	0
58	8	1447.424	-509.6483	0
58	9	-263.886	-433.6989	0
58	10	505.4651	1110.168	0
58	11	1306.086	1046.721	0
58	12	590.1194	-464.9236	0
58	13	-222.1018	984.4822	0
58	14	1346.547	405.7468	0
58	15	-268.8654	334.7627	0
58	16	1426.625	-510.5864	0
59	1	1326.121	931.7584	0
59	2	541.6256	954.7043	0
59	3	1262.485	283.0612	0
59	4	543.1373	-498.2107	0
59	5	-114.7997	950.4606	0
59	6	-169.459	-440.2534	0
59	7	-187.8743	203.2744	0
59	8	1446.868	-508.4718	0
59	9	-262.6016	-432.536	0
59	10	504.7486	1108.552	0
59	11	1305.444	1045.927	0
59	12	589.0392	-464.1087	0
59	13	-221.0078	984.0796	0
59	14	1344.98	405.7496	0
59	15	-267.7066	334.9588	0
59	16	1425.279	-509.0789	0
60	1	1325.449	931.6282	0
60	2	540.205	954.2164	0
60	3	1260.923	281.9701	0
60	4	542.4341	-497.1118	0
60	5	-114.2781	949.4396	0
60	6	-168.9014	-439.4796	0
60	7	-186.9924	202.0907	0
60	8	1446.32	-507.4203	0
60	9	-261.5528	-431.5236	0
60	10	504.0693	1107.047	0
60	11	1304.969	1045.235	0
60	12	587.9454	-463.5566	0
60	13	-219.7256	983.5772	0
60	14	1343.245	405.7435	0
60	15	-266.6146	335.1643	0
60	16	1423.521	-507.4352	0
61	1	1324.728	931.4257	0
61	2	538.6121	953.9323	0
61	3	1259.215	280.8677	0
61	4	541.7349	-495.6389	0
61	5	-113.842	948.7256	0
61	6	-168.0687	-438.4822	0
61	7	-186.2789	200.6776	0
61	8	1445.468	-506.4672	0
61	9	-260.8584	-430.686	0
61	10	503.416	1105.701	0
61	11	1304.32	1044.426	0
61	12	586.934	-463.0674	0
61	13	-218.3174	982.8498	0
61	14	1341.394	405.7117	0
61	15	-265.2979	335.3083	0
61	16	1422.555	-506.1232	0
62	1	1323.225	930.6207	0
62	2	537.3926	953.1969	0
62	3	1257.404	279.6696	0
62	4	541.0516	-493.9094	0
62	5	-113.2308	947.6553	0
62	6	-166.882	-437.1238	0
62	7	-185.5737	199.3161	0
62	8	1444.429	-505.3265	0
62	9	-260.3683	-429.9729	0
62	10	502.8468	1104.594	0
62	11	1303.224	1043.19	0
62	12	585.8337	-462.2165	0
62	13	-216.7767	981.9283	0
62	14	1339.405	405.6352	0
62	15	-263.7365	335.3976	0
62	16	1422.146	-505.0906	0
63	1	1321.359	929.6102	0
63	2	536.0589	952.2253	0
63	3	1255.704	278.4102	0
63	4	540.3561	-492.0692	0
63	5	-112.2803	946.064	0
63	6	-165.5176	-435.6201	0
63	7	-184.4998	198.2217	0
63	8	1443.241	-504.0408	0
63	9	-259.5309	-429.0057	0
63	10	502.3925	1103.691	0
63	11	1301.935	1041.815	0
63	12	584.6539	-461.0402	0
63	13	-215.1568	980.9231	0
63	14	1337.43	405.5867	0
63	15	-262.0453	335.4423	0
63	16	1421.914	-504.0748	0
64	1	1319.24	928.417	0
64	2	534.6447	951.0956	0
64	3	1254.328	277.137	0
64	4	539.5755	-490.1278	0
64	5	-111.2079	944.2292	0
64	6	-164.1281	-434.1044	0
64	7	-183.2762	197.0636	0
64	8	1441.977	-502.7084	0
64	9	-258.2828	-427.6777	0
64	10	501.8995	1102.671	0
64	11	1300.465	1040.28	0
64	12	583.4396	-459.6656	0
64	13	-213.4118	979.8568	0
64	14	1335.611	405.4566	0
64	15	-260.2461	335.466	0
64	16	1421.778	-502.6952	0
65	1	1317.426	927.4688	0
65	2	533.2144	949.8615	0
65	3	1253.284	275.8645	0
65	4	538.7643	-488.2115	0
65	5	-110.1221	942.3604	0
65	6	-162.9645	-432.8425	0
65	7	-181.9449	195.8675	0
65	8	1440.616	-501.3315	0
65	9	-256.823	-426.1959	0
65	10	501.3574	1101.129	0
65	11	1299.107	1038.857	0
65	12	582.1969	-458.2015	0
65	13	-211.656	978.8409	0
65	14	1333.981	405.38	0
65	15	-258.5776	335.504	0
65	16	1421.784	-501.3082	0
66	1	1315.684	926.5925	0
66	2	531.7469	948.508	0
66	3	1252.792	274.5047	0
66	4	537.8909	-486.5576	0
66	5	-109.265	940.8241	0
66	6	-161.6745	-431.3751	0
66	7	-180.5139	194.6703	0
66	8	1439.279	-499.9512	0
66	9	-255.3142	-424.678	0
66	10	500.7234	1099.361	0
66	11	1297.948	1037.618	0
66	12	581.0365	-456.9731	0
66	13	-209.9814	978.0651	0
66	14	1332.658	405.307	0
66	15	-256.9574	335.57	0
66	16	1421.179	-500.0638	0
66	17	1383.034	947.3378	0
67	1	1313.639	925.3009	0
67	2	530.269	947.2267	0
67	3	1252.637	273.2421	0
67	4	537.1003	-485.0922	0
67	5	-108.2284	939.0828	0
67	6	-160.3013	-429.5104	0
67	7	-179.0117	193.4336	0
67	8	1438.017	-498.7173	0
67	9	-254.0865	-423.4286	0
67	10	500.0473	1097.393	0
67	11	1296.615	1036.112	0
67	12	579.8043	-455.7167	0
67	13	-208.4509	977.4705	0
67	14	1331.702	405.1676	0
67	15	-255.1453	335.698	0
67	16	1420.203	-498.4407	0
67	17	1382.716	947.0623	0
67	18	550.3087	1141.895	0
68	1	1311.819	924.2308	0
68	2	528.9085	946.0695	0
68	3	1252.041	271.9884	0
68	4	536.2662	-483.9809	0
68	5	-106.8709	937.1945	0
68	6	-159.2198	-428.3239	0
68	7	-177.5591	192.2539	0
68	8	1436.912	-497.5939	0
68	9	-252.7234	-422.0014	0
68	10	499.39	1095.629	0
68	11	1295.211	1034.37	0
68	12	578.3743	-454.349	0
68	13	-207.0977	977.2722	0
68	14	1330.848	404.9945	0
68	15	-253.2343	335.9083	0
68	16	1418.955	-496.5521	0
68	17	1382.279	946.6741	0
68	18	550.748	1141.512	0
69	1	1310.723	924.0193	0
69	2	527.5878	945.1343	0
69	3	1250.797	270.7133	0
69	4	535.4457	-483.2239	0
69	5	-106.1508	935.8085	0
69	6	-158.333	-427.4532	0
69	7	-176.258	191.1127	0
69	8	1435.99	-496.6308	0
69	9	-251.2771	-420.2416	0
69	10	498.7167	1093.939	0
69	11	1294.271	1033.366	0
69	12	576.91	-453.0556	0
69	13	-205.9523	977.4691	0
69	14	1329.464	404.7228	0
69	15	-251.7805	336.0007	0
69	16	1417.476	-494.5145	0
69	17	1381.743	946.1882	0
69	18	551.3094	1141.038	0
69	19	1296.654	435.6139	0
70	1	1309.765	924.0087	0
70	2	526.3631	944.4445	0
70	3	1249.252	269.4389	0
70	4	534.6599	-482.2573	0
70	5	-105.7308	934.7399	0
70	6	-157.2354	-426.6845	0
70	7	-175.1215	189.9914	0
70	8	1435.294	-495.9016	0
70	9	-250.1234	-419.0051	0
70	10	498.1046	1091.893	0
70	11	1293.583	1032.626	0
70	12	575.7928	-452.1655	0
70	13	-204.8525	977.6	0
70	14	1327.686	404.3773	0
70	15	-250.4653	336.1182	0
70	16	1415.983	-492.4142	0
70	17	1379.98	943.7952	0
70	18	551.9361	1138.858	0
70	19	1295.912	435.6288	0
70	20	512.8654	-501.818	0
71	1	1308.447	924.1439	0
71	2	525.3277	943.8801	0
71	3	1247.652	268.1659	0
71	4	533.793	-480.7059	0
71	5	-105.4096	933.6263	0
71	6	-155.6671	-426.2134	0
71	7	-174.1591	188.956	0
71	8	1434.72	-495.3388	0
71	9	-249.2763	-418.1866	0
71	10	497.4888	1090.018	0
71	11	1292.806	1031.931	0
71	12	574.7194	-451.419	0
71	13	-203.3397	977.1607	0
71	14	1325.664	403.9873	0
71	15	-249.1263	336.1245	0
71	16	1414.668	-490.6196	0
71	17	1379.231	942.9708	0
71	18	552.7303	1138.049	0
71	19	1293.92	434.8261	0
71	20	513.3461	-501.2889	0
71	21	-182.9456	-462.0957	0
72	1	1307.071	924.4836	0
72	2	524.1974	942.9977	0
72	3	1246.452	266.9489	0
72	4	532.9178	-478.8756	0
72	5	-105.4047	932.1661	0
72	6	-154.6708	-425.2524	0
72	7	-173.2678	188.0396	0
72	8	1434.025	-494.6563	0
72	9	-248.4256	-417.4772	0
72	10	496.7689	1088.885	0
72	11	1291.594	1031.356	0
72	12	573.8032	-450.4434	0
72	13	-201.6179	976.4174	0
72	14	1323.631	403.5897	0
72	15	-247.7109	335.7131	0
72	16	1413.798	-489.1384	0
72	17	1378.545	942.1768	0
72	18	553.6685	1137.374	0
72	19	1292.914	434.7792	0
72	20	513.8972	-500.0759	0
72	21	-181.9548	-461.2969	0
72	22	-347.0532	268.4447	0
73	1	1305.814	924.1629	0
73	2	522.9917	941.718	0
73	3	1245.064	265.5805	0
73	4	532.0316	-476.9446	0
73	5	-105.2667	930.8782	0
73	6	-153.272	-424.0111	0
73	7	-172.0047	187.1079	0
73	8	1432.855	-493.6614	0
73	9	-247.1568	-416.9468	0
73	10	496.0055	1087.916	0
73	11	1290.567	1030.75	0
73	12	573.3033	-448.9926	0
73	13	-199.7313	975.4436	0
73	14	1321.964	403.267	0
73	15	-246.3626	335.5053	0
73	16	1413.516	-488.1961	0
73	17	1377.906	941.4412	0
73	18	554.7496	1136.886	0
73	19	1291.89	434.7849	0
73	20	514.6987	-499.6048	0
73	21	-181.1621	-460.6454	0
73	22	-346.0772	268.7442	0
73	23	-94.55799	1045.667	0
74	1	1304.111	923.6028	0
74	2	521.735	940.2561	0
74	3	1243.558	264.0154	0
74	4	531.213	-475.3456	0
74	5	-104.6945	929.5042	0
74	6	-151.615	-422.5865	0
74	7	-170.5466	186.1268	0
74	8	1431.55	-492.5293	0
74	9	-245.8863	-416.495	0
74	10	494.9495	1086.921	0
74	11	1289.539	1029.772	0
74	12	572.4396	-448.0136	0
74	13	-197.9603	974.582	0
74	14	1320.091	402.8658	0
74	15	-244.8635	335.5	0
74	16	1413.46	-487.619	0
74	17	1377.215	940.7217	0
74	18	555.8372	1136.526	0
74	19	1290.802	434.8445	0
74	20	515.4694	-499.0329	0
74	21	-180.2766	-459.9087	0
74	22	-345.0984	269.193	0
74	23	-94.27428	1044.973	0
75	1	1302.104	922.8741	0
75	2	520.4789	938.8141	0
75	3	1242.587	262.7084	0
75	4	530.2451	-473.5217	0
75	5	-104.0148	927.8267	0
75	6	-149.84	-420.9667	0
75	7	-168.9483	185.137	0
75	8	1430.082	-491.2394	0
75	9	-244.8436	-415.5823	0
75	10	493.809	1086.007	0
75	11	1288.206	1028.601	0
75	12	571.4022	-446.847	0
75	13	-196.3492	973.9583	0
75	14	1317.984	402.2341	0
75	15	-243.1823	335.3918	0
75	16	1412.54	-486.393	0
75	17	1376.307	940.0775	0
75	18	556.9518	1136.11	0
75	19	1289.644	435.0653	0
75	20	516.2715	-498.377	0
75	21	-179.3342	-459.1191	0
75	22	-343.9818	269.6392	0
75	23	-92.70925	1043.106	0
75	24	1440.77	-547.5572	0
76	1	1299.951	922.0063	0
76	2	519.2651	937.6519	0
76	3	1241.998	261.4479	0
76	4	529.0158	-471.5513	0
76	5	-103.2539	925.9582	0
76	6	-148.0897	-419.3353	0
76	7	-167.4728	184.1589	0
76	8	1428.667	-489.9563	0
76	9	-243.4836	-414.4927	0
76	10	493.0681	1084.746	0
76	11	1286.666	1027.287	0
76	12	570.3672	-445.3898	0
76	13	-194.4601	973.207	0
76	14	1316.279	401.8052	0
76	15	-241.3725	335.224	0
76	16	1410.94	-484.6287	0
76	17	1375.172	939.6037	0
76	18	558.0239	1135.326	0
76	19	1288.452	435.4769	0
76	20	517.1242	-497.6586	0
76	21	-178.3213	-458.2523	0
76	22	-342.7458	270.0708	0
76	23	-91.97643	1041.918	0
76	24	1440.572	-547.2621	0
77	1	1297.702	921.0674	0
77	2	517.9832	936.2468	0
77	3	1241.318	260.2872	0
77	4	528.2316	-470.1799	0
77	5	-102.3879	923.9802	0
77	6	-146.6554	-417.8773	0
77	7	-166.112	183.1465	0
77	8	1427.535	-488.8445	0
77	9	-241.9004	-413.2727	0
77	10	492.218	1083.185	0
77	11	1285.032	1025.858	0
77	12	569.3276	-443.765	0
77	13	-192.4285	972.4807	0
77	14	1315.105	401.6189	0
77	15	-239.4698	335.0641	0
77	16	1408.996	-482.6065	0
77	17	1374.283	939.0227	0
77	18	559.0911	1134.278	0
77	19	1287.295	435.6274	0
77	20	518.0143	-496.8884	0
77	21	-177.241	-457.3012	0
77	22	-341.3711	270.5	0
77	23	-91.09274	1040.578	0
77	24	1440.276	-546.8083	0
78	1	1295.689	920.2141	0
78	2	516.7466	934.5476	0
78	3	1240.047	259.5611	0
78	4	527.5378	-469.0782	0
78	5	-101.492	921.9495	0
78	6	-145.5995	-416.7283	0
78	7	-164.4756	182.1697	0
78	8	1426.238	-487.6108	0
78	9	-240.2294	-411.9474	0
78	10	491.3046	1081.428	0
78	11	1283.355	1024.365	0
78	12	568.2083	-442.0494	0
78	13	-191.0554	972.1954	0
78	14	1314.051	401.5117	0
78	15	-237.4926	334.9194	0
78	16	1407.607	-480.9724	0
78	17	1373.333	938.2153	0
78	18	560.1359	1133.014	0
78	19	1285.959	435.7476	0
78	20	518.9423	-496.0399	0
78	21	-176.1147	-456.3268	0
78	22	-339.9209	270.931	0
78	23	-90.42183	1039.409	0
78	24	1439.9	-546.2269	0
79	1	1293.987	919.5607	0
79	2	515.468	933.6404	0
79	3	1239.03	258.7025	0
79	4	527.1068	-467.7623	0
79	5	-100.6062	920.1415	0
79	6	-145.0617	-415.8835	0
79	7	-162.7919	181.218	0
79	8	1424.681	-486.3132	0
79	9	-238.4953	-410.5233	0
79	10	490.3947	1079.528	0
79	11	1281.885	1022.956	0
79	12	567.0245	-440.295	0
79	13	-189.8493	972.131	0
79	14	1312.782	401.6368	0
79	15	-235.6136	334.8765	0
79	16	1405.829	-479.1042	0
79	17	1372.131	937.2804	0
79	18	561.1905	1131.599	0
79	19	1284.474	435.8735	0
79	20	519.8818	-495.1497	0
79	21	-175.0338	-455.3261	0
79	22	-338.3727	271.3943	0
79	23	-89.87695	1038.371	0
79	24	1439.471	-545.5457	0
80	1	1292.721	919.1763	0
80	2	514.1749	933.0306	0
80	3	1238.007	257.5758	0
80	4	527.1947	-466.123	0
80	5	-99.86681	918.5621	0
80	6	-144.3347	-414.8806	0
80	7	-161.7392	180.0903	0
80	8	1423.377	-485.1257	0
80	9	-236.9288	-409.1516	0
80	10	489.4638	1077.581	0
80	11	1280.631	1021.73	0
80	12	565.7907	-438.7903	0
80	13	-188.6573	971.7971	0
80	14	1311.385	402.1223	0
80	15	-233.8971	334.8768	0
80	16	1403.892	-477.2507	0
80	17	1370.691	936.2149	0
80	18	562.2572	1130.339	0
80	19	1282.831	435.9947	0
80	20	520.8542	-494.1903	0
80	21	-173.9973	-454.3482	0
80	22	-336.7419	271.8923	0
80	23	-89.40347	1037.416	0
80	24	1438.652	-544.3365	0
81	1	1291.972	919.0303	0
81	2	512.8248	932.4818	0
81	3	1236.599	256.486	0
81	4	526.5156	-464.878	0
81	5	-99.27272	917.3239	0
81	6	-143.0343	-413.3085	0
81	7	-160.8298	178.9131	0
81	8	1422.665	-484.1816	0
81	9	-235.5869	-407.9302	0
81	10	488.6617	1075.788	0
81	11	1279.712	1020.739	0
81	12	564.625	-437.4926	0
81	13	-187.579	970.8214	0
81	14	1310.186	401.9489	0
81	15	-232.3743	334.9897	0
81	16	1403.651	-476.1282	0
81	17	1369.122	935.0597	0
81	18	563.4012	1129.262	0
81	19	1281.097	436.096	0
81	20	521.8582	-493.1597	0
81	21	-173.0048	-453.4153	0
81	22	-335.1432	272.4432	0
81	23	-88.98736	1036.437	0
81	24	1438.104	-543.4305	0
82	1	1291.294	918.8553	0
82	2	511.2485	932.1379	0
82	3	1234.95	255.4106	0
82	4	525.8574	-463.1656	0
82	5	-98.79784	916.4799	0
82	6	-141.4685	-411.5067	0
82	7	-159.9862	177.6302	0
82	8	1422.126	-483.3107	0
82	9	-234.5317	-406.8981	0
82	10	487.9005	1074.249	0
82	11	1279.213	1020	0
82	12	563.4396	-436.5328	0
82	13	-186.4099	970.4086	0
82	14	1308.581	401.7687	0
82	15	-231.0983	335.2664	0
82	16	1403.739	-475.0578	0
82	17	1367.432	933.7777	0
82	18	564.6406	1127.974	0
82	19	1279.24	436.1616	0
82	20	522.9339	-492.1511	0
82	21	-172.1232	-452.5451	0
82	22	-333.6447	273.0415	0
82	23	-88.71526	1035.279	0
82	24	1437.464	-542.4061	0
83	1	1289.865	918.1099	0
83	2	509.8818	931.6326	0
83	3	1233.189	254.2714	0
83	4	525.2144	-461.1478	0
83	5	-98.31942	915.6476	0
83	6	-140.1063	-409.9475	0
83	7	-159.3805	176.0598	0
83	8	1421.567	-482.2938	0
83	9	-233.8787	-406.0637	0
83	10	487.2385	1073.035	0
83	11	1278.783	1019.317	0
83	12	562.2411	-435.9845	0
83	13	-184.9657	969.8045	0
83	14	1306.694	401.5944	0
83	15	-229.9493	335.5483	0
83	16	1404.071	-473.3712	0
83	17	1365.682	932.4405	0
83	18	565.9911	1126.562	0
83	19	1277.359	436.2568	0
83	20	523.9702	-491.1321	0
83	21	-171.395	-451.7542	0
83	22	-332.2537	273.6773	0
83	23	-88.7271	1033.934	0
83	24	1436.727	-541.2781	0
84	1	1288.033	917.1196	0
84	2	508.5861	930.7455	0
84	3	1231.397	253.053	0
84	4	524.4825	-458.9682	0
84	5	-97.46319	914.2386	0
84	6	-138.7277	-408.3014	0
84	7	-158.4183	174.9742	0
84	8	1421.134	-480.9875	0
84	9	-233.3822	-405.3359	0
84	10	486.732	1072.126	0
84	11	1277.808	1018.164	0
84	12	561.1642	-435.51	0
84	13	-183.3542	968.876	0
84	14	1304.67	401.3984	0
84	15	-228.424	335.7144	0
84	16	1403.864	-472.1574	0
84	17	1364.122	931.1433	0
84	18	567.2838	1125.657	0
84	19	1275.582	436.289	0
84	20	525.0393	-490.1879	0
84	21	-170.7905	-451.0361	0
84	22	-331.0767	274.4246	0
84	23	-88.46442	1032.83	0
84	24	1435.915	-540.0735	0
85	1	1285.93	915.9283	0
85	2	507.2086	929.6874	0
85	3	1229.896	251.7662	0
85	4	523.6722	-456.7357	0
85	5	-96.47087	912.5349	0
85	6	-137.2896	-406.2606	0
85	7	-157.2512	173.84	0
85	8	1420.602	-479.926	0
85	9	-232.4151	-404.2285	0
85	10	486.2185	1071.12	0
85	11	1276.497	1016.69	0
85	12	559.992	-434.4961	0
85	13	-181.6423	967.7798	0
85	14	1302.507	401.1323	0
85	15	-226.6576	335.794	0
85	16	1402.917	-470.4696	0
85	17	1362.771	929.9841	0
85	18	568.673	1125.122	0
85	19	1273.951	436.3692	0
85	20	526.1478	-489.3153	0
85	21	-170.0971	-450.2657	0
85	22	-330.1336	275.2548	0
85	23	-87.98083	1031.551	0
85	24	1435.006	-538.7753	0
85	25	1265.283	1061.82	0
86	1	1284.076	914.9429	0
86	2	505.7972	928.5125	0
86	3	1228.665	250.5155	0
86	4	522.7625	-454.8479	0
86	5	-95.36095	910.6403	0
86	6	-136.2546	-405.1902	0
86	7	-155.964	172.6559	0
86	8	1419.745	-478.8062	0
86	9	-231.0973	-402.8455	0
86	10	485.6461	1069.499	0
86	11	1274.961	1015	0
86	12	558.7676	-433.1495	0
86	13	-179.7986	966.6161	0
86	14	1300.368	400.8782	0
86	15	-224.7336	335.8216	0
86	16	1401.569	-468.3921	0
86	17	1361.742	929.0062	0
86	18	570.0259	1124.596	0
86	19	1272.548	436.4642	0
86	20	527.2836	-488.5471	0
86	21	-169.1585	-449.2156	0
86	22	-329.1956	276.0336	0
86	23	-87.43176	1030.028	0
86	24	1434.011	-537.3923	0
86	25	1264.961	1061.566	0
87	1	1282.391	914.1124	0
87	2	504.3617	927.2109	0
87	3	1227.896	249.1861	0
87	4	521.8755	-453.3254	0
87	5	-94.40408	908.9642	0
87	6	-135.3466	-404.3915	0
87	7	-154.6011	171.4743	0
87	8	1418.704	-477.5007	0
87	9	-229.5673	-401.294	0
87	10	485.0022	1067.647	0
87	11	1273.563	1013.425	0
87	12	557.5117	-431.5814	0
87	13	-177.9236	965.4955	0
87	14	1298.478	400.5446	0
87	15	-222.9014	335.8544	0
87	16	1399.912	-466.1301	0
87	17	1361.211	928.2542	0
87	18	570.9969	1123.574	0
87	19	1271.414	436.5424	0
87	20	528.3606	-487.8677	0
87	21	-168.0823	-448.0569	0
87	22	-327.9117	276.7248	0
87	23	-86.8047	1028.275	0
87	24	1433.07	-535.9983	0
87	25	1264.494	1061.191	0
87	26	1425.762	387.0131	0
88	1	1280.417	912.8986	0
88	2	502.8654	925.9023	0
88	3	1227.632	247.8152	0
88	4	520.8872	-452.373	0
88	5	-93.50772	907.3643	0
88	6	-133.9368	-403.8081	0
88	7	-153.1198	170.2844	0
88	8	1417.516	-476.0612	0
88	9	-228.1187	-399.8277	0
88	10	484.3381	1065.663	0
88	11	1272.378	1012.023	0
88	12	556.3023	-430.1166	0
88	13	-176.1603	964.6755	0
88	14	1296.851	400.2759	0
88	15	-221.2225	335.9291	0
88	16	1398.362	-463.9234	0
88	17	1360.961	927.647	0
88	18	571.7925	1122.374	0
88	19	1270.345	436.5912	0
88	20	529.4086	-487.1675	0
88	21	-166.8907	-446.7848	0
88	22	-326.4332	277.3638	0
88	23	-86.1146	1026.412	0
88	24	1432.126	-534.6939	0
88	25	1263.915	1060.735	0
88	26	1425.336	387.0075	0
88	27	-303.9412	299.3192	0
89	1	1278.547	911.7419	0
89	2	501.4816	924.6617	0
89	3	1227.326	246.5632	0
89	4	519.9806	-451.6737	0
89	5	-92.30552	905.5615	0
89	6	-132.6858	-403.1761	0
89	7	-151.6575	169.045	0
89	8	1416.223	-474.5641	0
89	9	-226.8888	-398.5672	0
89	10	483.7104	1063.993	0
89	11	1271.014	1010.273	0
89	12	555.1318	-428.8777	0
89	13	-174.5802	964.0889	0
89	14	1295.626	400.0007	0
89	15	-219.3278	336.0663	0
89	16	1397.185	-462.147	0
89	17	1360.313	926.8043	0
89	18	573.0067	1121.619	0
89	19	1268.814	436.5367	0
89	20	530.4222	-486.1385	0
89	21	-165.6572	-445.4745	0
89	22	-324.8242	277.9578	0
89	23	-85.31879	1024.42	0
89	24	1431.302	-533.4492	0
89	25	1262.837	1059.948	0
89	26	1424.739	386.9976	0
89	27	-303.3067	299.3629	0
90	1	1277.402	911.4912	0
90	2	500.1345	923.6229	0
90	3	1226.299	245.3011	0
90	4	518.9893	-450.2476	0
90	5	-91.17883	903.874	0
90	6	-131.4265	-402.0243	0
90	7	-150.2774	167.9144	0
90	8	1414.839	-473.0161	0
90	9	-225.4914	-397.0117	0
90	10	483.0614	1062.233	0
90	11	1269.745	1008.53	0
90	12	553.7656	-427.4522	0
90	13	-173.2084	963.9778	0
90	14	1294.789	399.6994	0
90	15	-217.3616	336.29	0
90	16	1396.695	-460.9062	0
90	17	1359	925.4721	0
90	18	574.111	1120.407	0
90	19	1267.006	436.4468	0
90	20	531.4619	-484.938	0
90	21	-164.5487	-444.3116	0
90	22	-323.228	278.5359	0
90	23	-84.55096	1022.432	0
90	24	1430.623	-532.3203	0
90	25	1262.012	1059.337	0
90	26	1423.994	386.983	0
90	27	-302.0286	299.2763	0
90	28	578.8005	997.7333	0
91	1	1276.436	911.4575	0
91	2	498.8475	922.8155	0
91	3	1224.913	244.0354	0
91	4	517.9704	-448.3972	0
91	5	-90.6747	902.69	0
91	6	-129.8371	-400.6627	0
91	7	-149.0569	166.7739	0
91	8	1413.554	-471.5439	0
91	9	-224.0846	-395.2654	0
91	10	482.52	1060.15	0
91	11	1269.008	1007.576	0
91	12	552.2257	-425.996	0
91	13	-172.0733	964.2573	0
91	14	1293.838	399.407	0
91	15	-215.89	336.3868	0
91	16	1396.745	-460.3027	0
91	17	1357.393	923.9673	0
91	18	575.1285	1118.855	0
91	19	1264.996	436.3136	0
91	20	532.4919	-483.5802	0
91	21	-163.4702	-443.1846	0
91	22	-321.8456	279.1115	0
91	23	-83.761	1020.677	0
91	24	1430.164	-531.4064	0
91	25	1261.068	1058.639	0
91	26	1421.666	386.1295	0
91	27	-300.8905	299.3002	0
91	28	578.5016	997.2125	0
91	29	496.9288	-527.7605	0
92	1	1275.183	911.5083	0
92	2	497.7088	922.2073	0
92	3	1223.285	242.7641	0
92	4	516.9347	-446.4162	0
92	5	-90.31486	901.6235	0
92	6	-128.1113	-399.1396	0
92	7	-147.9984	165.6685	0
92	8	1412.39	-470.235	0
92	9	-223.0916	-394.3114	0
92	10	481.9074	1058.519	0
92	11	1268.408	1006.801	0
92	12	551.1065	-424.9781	0
92	13	-170.8801	964.3279	0
92	14	1292.2	398.9708	0
92	15	-214.5496	336.4964	0
92	16	1396.234	-459.3164	0
92	17	1355.645	922.3662	0
92	18	576.113	1117.154	0
92	19	1263.09	436.2126	0
92	20	533.5403	-482.2001	0
92	21	-162.3057	-441.8618	0
92	22	-320.3908	279.7129	0
92	23	-83.10857	1019.135	0
92	24	1429.827	-530.6731	0
92	25	1260.003	1057.837	0
92	26	1420.247	385.8235	0
92	27	-299.5851	299.3387	0
92	28	578.1367	996.5644	0
92	29	497.2341	-527.1672	0
92	30	-243.878	-578.8756	0
93	1	1273.69	911.8929	0
93	2	496.6123	921.5402	0
93	3	1221.907	241.546	0
93	4	515.9565	-444.8111	0
93	5	-90.10873	900.3073	0
93	6	-126.314	-397.5046	0
93	7	-147.0972	164.7236	0
93	8	1411.442	-469.0817	0
93	9	-222.2734	-393.5591	0
93	10	481.2315	1057.412	0
93	11	1267.387	1006.06	0
93	12	550.0329	-424.1638	0
93	13	-169.2529	963.763	0
93	14	1290.269	398.5233	0
93	15	-213.1558	336.4179	0
93	16	1394.704	-457.5994	0
93	17	1354.28	921.0735	0
93	18	577.1633	1115.344	0
93	19	1261.382	436.1714	0
93	20	534.6282	-481.0415	0
93	21	-161.1039	-440.3314	0
93	22	-318.8591	280.3844	0
93	23	-82.5792	1017.965	0
93	24	1429.474	-529.9674	0
93	25	1258.856	1056.962	0
93	26	1418.957	385.6049	0
93	27	-298.165	299.3887	0
93	28	578.0425	994.0135	0
93	29	497.6059	-526.4315	0
93	30	-243.6502	-578.5389	0
93	31	1474.025	-573.2797	0
94	1	1272.548	911.634	0
94	2	495.4609	920.3602	0
94	3	1220.656	240.2741	0
94	4	514.7595	-442.9666	0
94	5	-90.20541	898.7797	0
94	6	-124.7935	-395.9704	0
94	7	-146.0316	163.7549	0
94	8	1410.766	-468.1954	0
94	9	-221.2557	-392.8791	0
94	10	480.5025	1056.404	0
94	11	1266.213	1005.446	0
94	12	549.1031	-423.1893	0
94	13	-167.4912	962.9785	0
94	14	1288.132	398.0412	0
94	15	-211.7036	335.8847	0
94	16	1392.769	-455.5672	0
94	17	1352.84	919.6794	0
94	18	578.3229	1113.64	0
94	19	1259.417	435.9982	0
94	20	535.7686	-479.7028	0
94	21	-160.1069	-439.2959	0
94	22	-317.3221	281.1045	0
94	23	-82.15145	1017.211	0
94	24	1428.657	-528.8944	0
94	25	1257.613	1055.988	0
94	26	1417.813	385.4677	0
94	27	-296.6976	299.5123	0
94	28	577.6462	992.9628	0
94	29	498.1672	-525.1874	0
94	30	-243.3019	-578.1008	0
94	31	1473.523	-573.0331	0
94	32	-149.3324	927.1279	0
95	1	1270.949	911.1204	0
95	2	494.2303	919.0035	0
95	3	1219.219	238.8197	0
95	4	513.4282	-441.1591	0
95	5	-89.70027	897.5844	0
95	6	-123.5588	-394.7115	0
95	7	-144.6283	162.8118	0
95	8	1410.258	-467.5365	0
95	9	-219.7841	-392.4874	0
95	10	479.4742	1055.385	0
95	11	1265.331	1004.407	0
95	12	548.6311	-421.7258	0
95	13	-165.6422	962.0707	0
95	14	1286.269	397.6275	0
95	15	-210.3341	335.8574	0
95	16	1391.341	-453.8855	0
95	17	1351.211	917.9105	0
95	18	579.5616	1112.273	0
95	19	1257.372	435.7288	0
95	20	536.8144	-478.0463	0
95	21	-159.2569	-438.4689	0
95	22	-316.1265	281.6922	0
95	23	-81.72993	1016.49	0
95	24	1427.476	-527.5266	0
95	25	1256.28	1054.915	0
95	26	1416.748	385.3604	0
95	27	-295.2116	299.6481	0
95	28	577.2188	991.9476	0
95	29	498.6553	-524.2936	0
95	30	-242.8289	-577.5721	0
95	31	1472.9	-572.7394	0
95	32	-148.9205	926.9973	0
96	1	1269.037	910.4402	0
96	2	492.9736	917.5144	0
96	3	1217.932	237.3403	0
96	4	512.5303	-439.9917	0
96	5	-89.04987	896.0209	0
96	6	-122.8064	-393.7398	0
96	7	-143.0968	161.8437	0
96	8	1409.603	-466.7451	0
96	9	-218.7839	-391.7673	0
96	10	478.4203	1054.427	0
96	11	1264.045	1003.099	0
96	12	547.872	-420.6299	0
96	13	-164.0121	961.4086	0
96	14	1284.494	397.2331	0
96	15	-208.7409	335.8144	0
96	16	1389.724	-452.0695	0
96	17	1349.919	916.5136	0
96	18	580.8804	1111.228	0
96	19	1255.97	435.8488	0
96	20	538.027	-476.8528	0
96	21	-158.4276	-437.7297	0
96	22	-315.0478	282.3073	0
96	23	-80.95481	1015.121	0
96	24	1426.063	-525.963	0
96	25	1254.938	1053.86	0
96	26	1415.708	385.3079	0
96	27	-293.7565	299.8426	0
96	28	576.7573	990.9796	0
96	29	499.1892	-523.312	0
96	30	-241.559	-576.35	0
96	31	1472.169	-572.4084	0
96	32	-148.3558	926.7821	0
97	1	1266.983	909.6368	0
97	2	491.7641	916.2611	0
97	3	1217.207	236.0704	0
97	4	511.718	-438.9299	0
97	5	-88.30626	894.2012	0
97	6	-122.2648	-392.9124	0
97	7	-141.5399	160.8691	0
97	8	1408.385	-465.5876	0
97	9	-217.5617	-390.7433	0
97	10	477.7265	1053.161	0
97	11	1262.493	1001.611	0
97	12	546.8719	-419.4397	0
97	13	-162.4005	960.8524	0
97	14	1282.434	396.6358	0
97	15	-206.9781	335.6707	0
97	16	1387.654	-450.1554	0
97	17	1349.206	915.7626	0
97	18	582.4267	1110.751	0
97	19	1254.748	436.057	0
97	20	539.4084	-476.072	0
97	21	-157.4139	-437.035	0
97	22	-313.9657	282.8786	0
97	23	-80.02606	1013.387	0
97	24	1424.55	-524.3079	0
97	25	1253.696	1052.789	0
97	26	1414.576	385.3675	0
97	27	-292.4332	300.1509	0
97	28	576.2346	990.0273	0
97	29	499.7617	-522.2199	0
97	30	-240.904	-575.7081	0
97	31	1468.898	-571.3517	0
97	32	-147.6533	926.4763	0
98	1	1264.796	908.6998	0
98	2	490.5007	915.0089	0
98	3	1216.617	234.8281	0
98	4	511.4415	-437.4119	0
98	5	-87.4799	892.27	0
98	6	-121.172	-391.5435	0
98	7	-140.2084	159.8904	0
98	8	1406.998	-464.2646	0
98	9	-216.0723	-389.5782	0
98	10	476.9373	1051.638	0
98	11	1260.828	999.9737	0
98	12	545.8862	-417.9528	0
98	13	-160.5812	960.2388	0
98	14	1280.461	396.0282	0
98	15	-205.1295	335.4956	0
98	16	1387.295	-448.9376	0
98	17	1348.593	915.1677	0
98	18	583.9587	1110.675	0
98	19	1253.437	436.3892	0
98	20	540.8536	-475.396	0
98	21	-156.1197	-436.5372	0
98	22	-312.7494	283.2388	0
98	23	-78.95946	1011.387	0
98	24	1423.379	-522.8921	0
98	25	1252.525	1051.807	0
98	26	1413.347	385.7057	0
98	27	-291.2892	300.5451	0
98	28	575.561	989.0769	0
98	29	500.3531	-521.0443	0
98	30	-240.1286	-574.9717	0
98	31	1467.914	-571.0323	0
98	32	-146.352	925.4984	0
99	1	1262.718	907.8613	0
99	2	489.2672	913.421	0
99	3	1215.611	233.8639	0
99	4	511.0137	-436.069	0
99	5	-86.54874	890.236	0
99	6	-119.7487	-389.9039	0
99	7	-138.694	158.8726	0
99	8	1405.445	-462.8221	0
99	9	-214.455	-388.3211	0
99	10	476.086	1049.935	0
99	11	1259.149	998.295	0
99	12	544.9029	-416.291	0
99	13	-158.7182	959.6993	0
99	14	1279.202	395.8301	0
99	15	-203.1749	335.3447	0
99	16	1387.368	-447.8826	0
99	17	1347.508	914.6683	0
99	18	585.3633	1110.248	0
99	19	1252.047	437.079	0
99	20	542.4466	-474.8978	0
99	21	-155.1404	-435.8468	0
99	22	-311.4214	283.3611	0
99	23	-77.98048	1009.528	0
99	24	1422.211	-521.4518	0
99	25	1251.509	1050.933	0
99	26	1412.184	385.9917	0
99	27	-290.0875	300.9085	0
99	28	574.6127	988.2114	0
99	29	500.963	-519.7805	0
99	30	-239.2253	-574.1419	0
99	31	1467.008	-570.7726	0
99	32	-145.4458	925.0783	0
100	1	1260.938	907.1215	0
100	2	488.0168	912.0938	0
100	3	1214.231	233.2289	0
100	4	510.1876	-434.6389	0
100	5	-85.65325	888.313	0
100	6	-118.2418	-388.1926	0
100	7	-136.9082	157.9666	0
100	8	1404.097	-461.5129	0
100	9	-212.7566	-386.9292	0
100	10	475.2345	1048.112	0
100	11	1257.77	996.7366	0
100	12	543.8445	-414.5392	0
100	13	-157.3835	959.5259	0
100	14	1278.131	395.7173	0
100	15	-201.2099	335.2116	0
100	16	1387.586	-446.3215	0
100	17	1346.21	914.3746	0
100	18	586.572	1109.049	0
100	19	1250.736	437.2625	0
100	20	544.009	-474.4146	0
100	21	-154.0933	-434.9188	0
100	22	-310.2969	283.8257	0
100	23	-77.16897	1007.945	0
100	24	1420.659	-519.864	0
100	25	1250.757	1050.222	0
100	26	1410.936	385.9945	0
100	27	-288.4816	301.2099	0
100	28	573.7394	987.3492	0
100	29	501.5856	-518.4077	0
100	30	-238.195	-573.2174	0
100	31	1466.127	-570.4942	0
100	32	-144.4264	924.5424	0
101	1	1259.49	906.6317	0
101	2	486.7151	911.3769	0
101	3	1213.44	232.0883	0
101	4	509.3969	-432.8405	0
101	5	-84.83607	886.6449	0
101	6	-116.9846	-386.7607	0
101	7	-135.6532	156.8924	0
101	8	1402.892	-460.2907	0
101	9	-211.0686	-385.5433	0
101	10	474.3701	1046.202	0
101	11	1256.673	995.4366	0
101	12	542.7196	-412.744	0
101	13	-156.1625	959.5435	0
101	14	1276.88	395.7977	0
101	15	-199.3969	335.2089	0
101	16	1387.638	-444.9815	0
101	17	1345.327	913.5793	0
101	18	587.7125	1107.524	0
101	19	1249.116	437.3835	0
101	20	545.3109	-473.4885	0
101	21	-152.88	-433.8911	0
101	22	-309.04	284.3109	0
101	23	-76.0807	1006.08	0
101	24	1419.085	-518.3047	0
101	25	1250.23	1049.637	0
101	26	1409.427	386.009	0
101	27	-286.6437	301.4566	0
101	28	573.0591	986.2802	0
101	29	502.2565	-516.976	0
101	30	-237.0342	-572.1724	0
101	31	1465.222	-570.0455	0
101	32	-143.3054	923.8799	0
102	1	1258.538	906.4017	0
102	2	485.3845	910.8023	0
102	3	1212.192	230.9833	0
102	4	508.5984	-430.878	0
102	5	-84.17262	885.2582	0
102	6	-115.5819	-384.9783	0
102	7	-134.6693	155.7252	0
102	8	1401.388	-458.9567	0
102	9	-209.6482	-384.2208	0
102	10	473.5782	1044.405	0
102	11	1256.083	994.4564	0
102	12	541.5344	-411.1944	0
102	13	-154.9467	959.4182	0
102	14	1275.445	396.3309	0
102	15	-197.7451	335.2474	0
102	16	1386.862	-443.4395	0
102	17	1343.968	912.5335	0
102	18	588.8281	1105.861	0
102	19	1247.278	437.4998	0
102	20	546.6208	-472.3698	0
102	21	-151.5351	-432.7689	0
102	22	-307.6644	284.741	0
102	23	-74.77583	1004.124	0
102	24	1418.584	-517.2234	0
102	25	1249.637	1049.007	0
102	26	1407.691	386.0349	0
102	27	-284.6219	301.6763	0
102	28	572.2766	985.0334	0
102	29	502.9067	-515.546	0
102	30	-235.7953	-571.0444	0
102	31	1464.355	-569.2969	0
102	32	-142.0729	923.0738	0
103	1	1257.903	906.2535	0
103	2	483.9189	910.3194	0
103	3	1210.626	229.9107	0
103	4	507.6899	-428.8047	0
103	5	-83.6417	884.2748	0
103	6	-114.2843	-383.2802	0
103	7	-133.7594	154.5006	0
103	8	1399.766	-457.6222	0
103	9	-208.429	-383.0874	0
103	10	472.8407	1042.818	0
103	11	1255.848	993.7123	0
103	12	540.4097	-409.8535	0
103	13	-153.7835	958.7631	0
103	14	1274.243	396.2202	0
103	15	-196.3172	335.4476	0
103	16	1385.672	-441.4904	0
103	17	1342.27	911.3115	0
103	18	589.9977	1104.614	0
103	19	1245.326	437.5828	0
103	20	547.9215	-471.1104	0
103	21	-150.146	-431.5869	0
103	22	-306.1827	285.142	0
103	23	-74.2556	1002.884	0
103	24	1418.382	-516.305	0
103	25	1248.621	1047.96	0
103	26	1405.815	386.0503	0
103	27	-282.7938	301.922	0
103	28	571.4046	983.63	0
103	29	503.5386	-514.1679	0
103	30	-234.4646	-569.791	0
103	31	1463.54	-568.5563	0
103	32	-140.7442	922.1558	0
104	1	1256.783	905.7826	0
104	2	482.3391	910.0029	0
104	3	1208.931	228.8282	0
104	4	506.7076	-426.8643	0
104	5	-83.17416	883.5099	0
104	6	-113.3282	-382.3376	0
104	7	-133.0531	153.0427	0
104	8	1398.974	-456.6044	0
104	9	-207.5756	-382.1437	0
104	10	472.1653	1041.496	0
104	11	1255.198	992.6563	0
104	12	539.252	-408.8418	0
104	13	-152.6439	958.2149	0
104	14	1272.643	396.0573	0
104	15	-195.1333	335.7605	0
104	16	1384.204	-439.3524	0
104	17	1340.431	909.9683	0
104	18	591.2774	1103.259	0
104	19	1243.251	437.6127	0
104	20	549.2173	-469.6955	0
104	21	-148.7102	-430.3118	0
104	22	-304.6746	285.5372	0
104	23	-73.9339	1001.911	0
104	24	1418.186	-515.2376	0
104	25	1247.367	1046.718	0
104	26	1403.795	386.0251	0
104	27	-280.887	302.2141	0
104	28	570.4931	982.1144	0
104	29	504.1995	-512.867	0
104	30	-233.0647	-568.4676	0
104	31	1462.579	-568.1331	0
104	32	-139.3038	921.1492	0
105	1	1255.075	904.8507	0
105	2	481.0903	909.2277	0
105	3	1207.144	227.654	0
105	4	505.7247	-425.2427	0
105	5	-82.42186	882.2577	0
105	6	-112.3273	-381.5414	0
105	7	-132.2938	151.7064	0
105	8	1398.416	-455.712	0
105	9	-207.0603	-381.3732	0
105	10	471.6144	1040.477	0
105	11	1253.966	991.0945	0
105	12	538.0673	-408.2309	0
105	13	-151.33	957.9489	0
105	14	1270.757	395.9068	0
105	15	-193.8153	335.9884	0
105	16	1382.646	-437.1111	0
105	17	1338.487	908.486	0
105	18	592.6754	1101.742	0
105	19	1241.234	437.6637	0
105	20	550.6006	-468.2578	0
105	21	-147.2838	-429.0652	0
105	22	-303.1187	285.9596	0
105	23	-73.72628	1000.782	0
105	24	1418.174	-513.7942	0
105	25	1245.915	1045.296	0
105	26	1401.695	385.9924	0
105	27	-278.7047	302.6781	0
105	28	569.5545	980.4647	0
105	29	504.8612	-511.69	0
105	30	-231.7443	-567.1595	0
105	31	1461.382	-567.4846	0
105	32	-137.7334	920.0624	0
106	1	1253.079	903.7253	0
106	2	479.7532	908.2452	0
106	3	1205.492	226.4063	0
106	4	504.7155	-423.9793	0
106	5	-81.44241	880.6157	0
106	6	-110.7781	-381.0449	0
106	7	-131.1926	150.5958	0
106	8	1397.86	-454.7058	0
106	9	-206.3568	-380.4991	0
106	10	471.1427	1039.55	0
106	11	1252.452	989.3076	0
106	12	537.0007	-407.6924	0
106	13	-149.8702	957.4067	0
106	14	1268.727	395.7396	0
106	15	-192.1298	336.1079	0
106	16	1381.318	-435.2074	0
106	17	1336.714	907.0831	0
106	18	594.0656	1100.664	0
106	19	1239.413	437.6772	0
106	20	551.9051	-466.8966	0
106	21	-146.0359	-427.8518	0
106	22	-301.544	286.4036	0
106	23	-73.92936	999.2798	0
106	24	1418.03	-512.6254	0
106	25	1244.432	1043.852	0
106	26	1399.736	385.9093	0
106	27	-276.9854	303.0134	0
106	28	568.5815	978.7143	0
106	29	505.4909	-510.6575	0
106	30	-230.5424	-565.9273	0
106	31	1460.006	-566.6495	0
106	32	-136.1287	919.0005	0
107	1	1251.08	902.6122	0
107	2	478.3525	907.1185	0
107	3	1204.145	225.1475	0
107	4	503.6405	-423.184	0
107	5	-80.33099	878.7472	0
107	6	-109.6796	-380.2325	0
107	7	-129.9643	149.4385	0
107	8	1397.415	-453.3731	0
107	9	-205.1617	-379.1814	0
107	10	470.6002	1038.107	0
107	11	1251.027	987.615	0
107	12	535.8579	-406.6346	0
107	13	-148.2957	956.657	0
107	14	1266.558	395.5037	0
107	15	-190.2887	336.1545	0
107	16	1380.525	-433.6824	0
107	17	1335.262	905.826	0
107	18	595.535	1100.114	0
107	19	1237.833	437.7413	0
107	20	553.2574	-465.7595	0
107	21	-144.8909	-426.7688	0
107	22	-300.0556	286.9037	0
107	23	-73.73083	998.1068	0
107	24	1417.385	-511.3702	0
107	25	1243.213	1042.681	0
107	26	1397.988	385.84	0
107	27	-275.6176	303.3205	0
107	28	567.6603	977.026	0
107	29	506.0336	-509.7314	0
107	30	-229.4729	-564.8334	0
107	31	1458.445	-565.6542	0
107	32	-134.5529	918.1111	0
107	33	1305.615	303.2378	0
108	1	1249.469	901.822	0
108	2	476.9432	905.8905	0
108	3	1203.133	223.8545	0
108	4	502.6683	-422.4704	0
108	5	-79.29503	876.9796	0
108	6	-108.3686	-379.0565	0
108	7	-128.6467	148.2611	0
108	8	1396.883	-452.2718	0
108	9	-203.7403	-377.7177	0
108	10	469.9892	1036.36	0
108	11	1249.851	986.1474	0
108	12	534.6766	-405.2656	0
108	13	-146.6727	955.8308	0
108	14	1264.408	395.2817	0
108	15	-188.3797	336.1772	0
108	16	1380.387	-432.7488	0
108	17	1334.195	904.8107	0
108	18	596.9591	1099.589	0
108	19	1236.581	437.8027	0
108	20	554.6422	-464.8692	0
108	21	-143.937	-425.8132	0
108	22	-298.6731	287.4259	0
108	23	-73.19358	996.6417	0
108	24	1416.476	-509.8426	0
108	25	1241.912	1041.411	0
108	26	1396.531	385.7881	0
108	27	-274.1638	303.3413	0
108	28	566.8248	975.4822	0
108	29	506.6081	-508.5781	0
108	30	-228.6785	-563.9402	0
108	31	1456.772	-564.5853	0
108	32	-133.0703	917.3782	0
108	33	1305.225	303.3615	0
109	1	1247.597	900.7836	0
109	2	475.4959	904.558	0
109	3	1202.651	222.4447	0
109	4	501.6452	-421.1652	0
109	5	-78.42047	875.4302	0
109	6	-106.792	-377.7133	0
109	7	-127.2285	147.0862	0
109	8	1395.986	-451.1328	0
109	9	-202.2217	-376.1753	0
109	10	469.3479	1034.407	0
109	11	1248.483	984.3133	0
109	12	533.4723	-403.6936	0
109	13	-144.9559	954.9702	0
109	14	1262.509	394.9797	0
109	15	-186.7003	336.2395	0
109	16	1380.348	-432.0789	0
109	17	1333.713	904.0609	0
109	18	597.9021	1098.477	0
109	19	1235.546	437.823	0
109	20	555.8434	-464.147	0
109	21	-143.2217	-424.9899	0
109	22	-297.3871	287.9785	0
109	23	-72.55937	994.8384	0
109	24	1415.367	-508.1266	0
109	25	1240.503	1039.858	0
109	26	1395.485	385.7105	0
109	27	-272.6162	302.8964	0
109	28	566.0514	974.1381	0
109	29	507.1236	-507.0839	0
109	30	-228.175	-563.2388	0
109	31	1454.946	-563.4532	0
109	32	-131.7185	917.0195	0
109	33	1304.684	303.5514	0
110	1	1245.539	899.375	0
110	2	474.05	903.2933	0
110	3	1202.449	221.1482	0
110	4	500.6161	-419.5529	0
110	5	-77.27014	873.6566	0
110	6	-105.1108	-376.2217	0
110	7	-125.7549	145.8621	0
110	8	1394.883	-449.7921	0
110	9	-200.9677	-374.8878	0
110	10	468.7209	1032.596	0
110	11	1247.264	982.6041	0
110	12	532.3044	-402.2274	0
110	13	-143.2091	954.1431	0
110	14	1260.873	394.7439	0
110	15	-184.8891	336.3264	0
110	16	1379.219	-430.6588	0
110	17	1333.51	903.4618	0
110	18	598.7903	1097.364	0
110	19	1234.122	437.7757	0
110	20	556.9796	-463.0648	0
110	21	-142.6247	-424.2482	0
110	22	-296.2587	288.6146	0
110	23	-71.84786	992.8481	0
110	24	1414.113	-506.3226	0
110	25	1239.182	1038.366	0
110	26	1394.697	385.5993	0
110	27	-271.0759	303.0951	0
110	28	565.4315	973.0656	0
110	29	507.6663	-505.4585	0
110	30	-227.6613	-562.5366	0
110	31	1453.126	-562.3308	0
110	32	-130.5476	917.0234	0
110	33	1304.013	303.7992	0
110	34	606.0555	-397.5393	0
111	1	1244.175	898.887	0
111	2	472.6966	902.1627	0
111	3	1201.753	219.8727	0
111	4	499.5772	-417.7819	0
111	5	-75.99364	871.8696	0
111	6	-103.3764	-374.6509	0
111	7	-124.3227	144.7082	0
111	8	1393.628	-448.3205	0
111	9	-199.6261	-373.479	0
111	10	468.0959	1030.98	0
111	11	1246.57	981.665	0
111	12	531.1636	-400.9764	0
111	13	-141.5348	953.5374	0
111	14	1259.634	394.4998	0
111	15	-182.9032	336.5369	0
111	16	1377.556	-428.8026	0
111	17	1332.735	902.5024	0
111	18	600.0175	1096.487	0
111	19	1232.308	437.6396	0
111	20	558.0471	-461.6057	0
111	21	-141.7703	-423.2842	0
111	22	-295.293	289.3288	0
111	23	-71.01508	990.7228	0
111	24	1412.762	-504.4467	0
111	25	1238.299	1037.592	0
111	26	1393.497	385.4655	0
111	27	-269.127	303.1194	0
111	28	564.9913	972.223	0
111	29	508.2079	-503.7036	0
111	30	-226.7128	-561.3416	0
111	31	1451.411	-561.425	0
111	32	-129.3465	916.8928	0
111	33	1302.379	303.8194	0
111	34	606.2455	-397.1594	0
112	1	1243.156	898.7737	0
112	2	471.368	901.2397	0
112	3	1200.497	218.612	0
112	4	498.6011	-416.2747	0
112	5	-75.4389	870.621	0
112	6	-101.9045	-373.1676	0
112	7	-123.0371	143.5674	0
112	8	1392.251	-446.7857	0
112	9	-198.2042	-371.7349	0
112	10	467.515	1029.058	0
112	11	1245.942	980.8787	0
112	12	529.8355	-399.5496	0
112	13	-139.9859	953.0737	0
112	14	1258.772	394.2273	0
112	15	-181.2262	336.6737	0
112	16	1375.765	-426.8566	0
112	17	1331.337	901.1082	0
112	18	601.1052	1095.153	0
112	19	1230.289	437.4651	0
112	20	559.0825	-459.9496	0
112	21	-140.6546	-422.0404	0
112	22	-294.4187	290.0073	0
112	23	-70.18847	988.5811	0
112	24	1411.561	-502.7086	0
112	25	1237.574	1037.003	0
112	26	1391.682	385.225	0
112	27	-266.9452	303.0555	0
112	28	564.4572	971.1793	0
112	29	508.7615	-502.0821	0
112	30	-225.4966	-559.8934	0
112	31	1449.903	-560.6601	0
112	32	-127.75	916.1951	0
112	33	1301.543	304.308	0
112	34	606.5167	-396.6284	0
112	35	1395.744	1075.752	0
113	1	1242.055	898.7467	0
113	2	470.1159	900.5388	0
113	3	1198.956	217.3683	0
113	4	497.56	-414.7473	0
113	5	-75.05209	869.5349	0
113	6	-100.6751	-371.9254	0
113	7	-121.8964	142.4309	0
113	8	1390.815	-445.2087	0
113	9	-197.0263	-370.4388	0
113	10	466.9886	1027.071	0
113	11	1244.799	980.1844	0
113	12	528.3361	-398.0961	0
113	13	-138.6372	952.9396	0
113	14	1257.763	393.9619	0
113	15	-179.8108	336.7861	0
113	16	1374.501	-425.2391	0
113	17	1329.616	899.5125	0
113	18	602.1011	1093.502	0
113	19	1228.331	437.3138	0
113	20	560.133	-458.4608	0
113	21	-139.4054	-420.6911	0
113	22	-293.3609	290.6501	0
113	23	-69.3376	986.7369	0
113	24	1410.552	-501.1957	0
113	25	1236.69	1036.425	0
113	26	1389.593	384.9693	0
113	27	-264.577	303.0293	0
113	28	563.8098	969.5711	0
113	29	509.3589	-500.6111	0
113	30	-224.0763	-558.2307	0
113	31	1448.666	-560.1675	0
113	32	-126.0023	915.1756	0
113	33	1300.702	304.9603	0
113	34	606.8561	-395.9653	0
113	35	1395.549	1075.386	0
113	36	-109.6253	938.8394	0
114	1	1240.589	899.0188	0
114	2	469.0421	899.9385	0
114	3	1197.413	216.1353	0
114	4	496.2989	-413.0835	0
114	5	-74.79492	868.2451	0
114	6	-99.86783	-370.9263	0
114	7	-120.9094	141.3766	0
114	8	1389.478	-443.767	0
114	9	-196.1451	-369.581	0
114	10	466.3089	1025.848	0
114	11	1243.743	979.5138	0
114	12	527.2324	-397.0532	0
114	13	-137.4366	953.1122	0
114	14	1256.088	393.5534	0
114	15	-178.4288	336.8241	0
114	16	1372.669	-423.3531	0
114	17	1327.906	897.9408	0
114	18	603.097	1091.721	0
114	19	1226.613	437.2343	0
114	20	561.2604	-457.0616	0
114	21	-138.0853	-419.2745	0
114	22	-292.0641	291.2467	0
114	23	-68.64355	985.1714	0
114	24	1409.855	-499.9245	0
114	25	1235.407	1036.008	0
114	26	1387.412	384.7052	0
114	27	-262.3348	303.1317	0
114	28	563.0631	967.7606	0
114	29	509.9143	-498.8849	0
114	30	-222.6929	-556.6197	0
114	31	1447.795	-560.0858	0
114	32	-124.1531	913.9859	0
114	33	1299.79	305.4626	0
114	34	607.0918	-394.6879	0
114	35	1395.271	1074.875	0
114	36	-109.2481	938.5885	0
115	1	1239.359	899.0749	0
115	2	467.8969	898.9839	0
115	3	1196.232	214.9221	0
115	4	495.1655	-411.6442	0
115	5	-74.92776	866.65	0
115	6	-99.30472	-370.0886	0
115	7	-119.9651	140.4188	0
115	8	1388.324	-442.4785	0
115	9	-195.263	-368.8346	0
115	10	465.5948	1024.789	0
115	11	1242.745	978.3998	0
115	12	526.163	-396.2046	0
115	13	-136.3897	953.3886	0
115	14	1254.136	393.1376	0
115	15	-176.9815	336.4427	0
115	16	1371.197	-421.6604	0
115	17	1326.607	896.6857	0
115	18	604.1746	1089.875	0
115	19	1224.646	437.0281	0
115	20	562.2763	-455.2667	0
115	21	-136.9113	-418.0306	0
115	22	-290.6758	291.8217	0
115	23	-68.08237	984.0482	0
115	24	1409.531	-499.0247	0
115	25	1234.375	1035.509	0
115	26	1385.639	384.5192	0
115	27	-260.4334	303.3275	0
115	28	562.272	965.8036	0
115	29	510.3372	-496.9174	0
115	30	-221.5606	-555.3093	0
115	31	1447.158	-560.2111	0
115	32	-122.5493	913.0786	0
115	33	1298.745	306.0017	0
115	34	607.4404	-393.6775	0
115	35	1394.918	1074.236	0
115	36	-108.7231	938.238	0
115	37	-195.6521	396.6507	0
116	1	1237.922	898.6478	0
116	2	466.6977	897.7056	0
116	3	1194.853	213.5568	0
116	4	494.2292	-410.5721	0
116	5	-74.44881	865.4777	0
116	6	-98.27915	-368.8093	0
116	7	-118.6676	139.4936	0
116	8	1387.422	-441.4014	0
116	9	-193.9706	-368.2855	0
116	10	464.6877	1023.713	0
116	11	1241.369	977.0493	0
116	12	525.2234	-395.2267	0
116	13	-135.2924	953.5015	0
116	14	1252.008	392.6935	0
116	15	-175.5829	336.0892	0
116	16	1371.061	-420.5242	0
116	17	1325.073	895.1462	0
116	18	605.3922	1088.292	0
116	19	1222.586	436.7069	0
116	20	563.4424	-453.843	0
116	21	-135.7699	-416.8245	0
116	22	-289.1901	292.3797	0
116	23	-67.61904	983.3729	0
116	24	1409.369	-498.4102	0
116	25	1233.311	1034.639	0
116	26	1383.679	384.2839	0
116	27	-259.0208	303.7736	0
116	28	561.5433	964.1512	0
116	29	511.0123	-495.5425	0
116	30	-220.2588	-553.7136	0
116	31	1446.259	-560.0842	0
116	32	-120.7372	912.0588	0
116	33	1297.583	306.5814	0
116	34	607.8015	-392.5366	0
116	35	1394.353	1073.001	0
116	36	-108.0692	937.7994	0
116	37	-195.0291	396.3286	0
116	38	1539.805	-469.1056	0
117	1	1236.144	898.0407	0
117	2	465.4677	896.2526	0
117	3	1193.386	212.0159	0
117	4	493.3631	-409.5429	0
117	5	-73.80725	863.9363	0
117	6	-96.9329	-367.2598	0
117	7	-117.2148	138.5279	0
117	8	1386.804	-440.6201	0
117	9	-192.6841	-367.8064	0
117	10	463.3948	1022.743	0
117	11	1239.781	975.5507	0
117	12	524.7307	-393.795	0
117	13	-133.9795	953.244	0
117	14	1250.185	392.3246	0
117	15	-174.0746	336.0641	0
117	16	1371.134	-419.3267	0
117	17	1323.41	893.2692	0
117	18	606.648	1087.014	0
117	19	1221.163	436.7919	0
117	20	564.8519	-452.9924	0
117	21	-134.5487	-415.3894	0
117	22	-287.7325	292.9355	0
117	23	-67.11051	982.579	0
117	24	1408.935	-497.54	0
117	25	1231.973	1033.584	0
117	26	1381.42	383.816	0
117	27	-257.9409	304.2766	0
117	28	560.7942	962.463	0
117	29	511.7883	-494.4321	0
117	30	-218.8987	-551.7524	0
117	31	1444.62	-559.4094	0
117	32	-118.6194	910.9759	0
117	33	1296.295	307.1949	0
117	34	608.1783	-391.2601	0
117	35	1393.802	1072.001	0
117	36	-106.8476	937.0109	0
117	37	-193.9014	396.0008	0
117	38	1539.125	-468.8188	0
117	39	501.5743	1065.796	0
118	1	1234.164	897.2996	0
118	2	464.2465	894.8566	0
118	3	1192.465	210.7206	0
118	4	492.8668	-408.1821	0
118	5	-73.07578	862.137	0
118	6	-95.44569	-365.5792	0
118	7	-115.6449	137.5653	0
118	8	1386.264	-439.9774	0
118	9	-191.6239	-366.8689	0
118	10	462.6979	1021.56	0
118	11	1238.094	973.9001	0
118	12	524.0296	-392.6396	0
118	13	-132.5822	952.8355	0
118	14	1248.368	391.9552	0
118	15	-172.3783	335.9187	0
118	16	1371.481	-417.5993	0
118	17	1322.428	892.2798	0
118	18	608.0812	1086.183	0
118	19	1219.92	436.9682	0
118	20	566.3303	-452.2545	0
118	21	-133.3231	-413.8104	0
118	22	-286.4394	293.5052	0
118	23	-66.18954	981.0866	0
118	24	1407.774	-496.1778	0
118	25	1230.433	1032.379	0
118	26	1379.689	383.5993	0
118	27	-256.1632	304.6056	0
118	28	560.1151	960.4177	0
118	29	512.6282	-493.3926	0
118	30	-217.8776	-550.5862	0
118	31	1442.737	-558.5091	0
118	32	-117.1914	910.3391	0
118	33	1294.907	307.8221	0
118	34	608.5778	-389.9257	0
118	35	1393.132	1070.863	0
118	36	-105.9606	936.4895	0
118	37	-192.9575	395.5876	0
118	38	1537.487	-468.2071	0
118	39	501.6865	1065.122	0
118	40	-301.9953	-406.8466	0
119	1	1232.046	896.4174	0
119	2	463.0339	893.7003	0
119	3	1191.854	209.4246	0
119	4	492.5316	-406.7472	0
119	5	-72.26692	860.2247	0
119	6	-94.20255	-364.1795	0
119	7	-114.2207	136.6062	0
119	8	1385.292	-439.0051	0
119	9	-190.2637	-365.7713	0
119	10	461.8843	1020.038	0
119	11	1236.463	972.275	0
119	12	523.0473	-391.4877	0
119	13	-131.1342	952.3039	0
119	14	1246.279	391.3683	0
119	15	-170.5535	335.7004	0
119	16	1371.205	-416.3788	0
119	17	1321.811	891.6193	0
119	18	609.7363	1085.933	0
119	19	1218.587	437.2736	0
119	20	568.0172	-451.7458	0
119	21	-132.3409	-412.8502	0
119	22	-285.0787	294.1081	0
119	23	-65.14479	979.2831	0
119	24	1406.415	-494.6077	0
119	25	1228.81	1031.067	0
119	26	1378.541	383.6132	0
119	27	-253.9617	304.8093	0
119	28	559.4401	958.5879	0
119	29	513.6765	-492.3882	0
119	30	-217.118	-549.832	0
119	31	1440.611	-557.4222	0
119	32	-116.0124	909.9552	0
119	33	1293.416	308.4578	0
119	34	609.0294	-388.6467	0
119	35	1392.323	1069.569	0
119	36	-104.9213	935.8029	0
119	37	-191.8944	395.1199	0
119	38	1536.638	-467.9361	0
119	39	501.8089	1064.329	0
119	40	-301.7162	-406.5427	0
120	1	1229.891	895.5463	0
120	2	461.7774	892.2805	0
120	3	1191.094	208.2568	0
120	4	491.6914	-405.5713	0
120	5	-71.34557	858.2059	0
120	6	-92.84885	-362.5624	0
120	7	-112.8446	135.5946	0
120	8	1383.932	-437.7516	0
120	9	-188.6971	-364.5573	0
120	10	460.9846	1018.289	0
120	11	1235.142	970.7942	0
120	12	522.0891	-390.0611	0
120	13	-129.6572	951.728	0
120	14	1244.384	390.8538	0
120	15	-168.6352	335.4872	0
120	16	1370.318	-414.7023	0
120	17	1321.042	891.0284	0
120	18	611.2214	1085.8	0
120	19	1217.173	437.9407	0
120	20	569.4769	-451.0734	0
120	21	-131.4843	-412.0473	0
120	22	-283.6517	294.7798	0
120	23	-63.99233	977.2913	0
120	24	1404.88	-492.8976	0
120	25	1227.12	1029.646	0
120	26	1377.488	383.7197	0
120	27	-251.7907	305.0055	0
120	28	558.7067	957.4863	0
120	29	514.9424	-491.4913	0
120	30	-216.3089	-549.172	0
120	31	1438.719	-556.4882	0
120	32	-114.9311	909.1389	0
120	33	1291.81	309.0984	0
120	34	609.5231	-387.3404	0
120	35	1391.45	1068.191	0
120	36	-103.786	935.0141	0
120	37	-190.7347	394.6069	0
120	38	1535.485	-467.5128	0
120	39	502.3508	1062.597	0
120	40	-301.3164	-406.126	0
121	1	1227.998	894.7231	0
121	2	460.5666	890.6292	0
121	3	1189.757	207.5524	0
121	4	490.8857	-404.0846	0
121	5	-70.45835	856.2665	0
121	6	-91.48969	-360.6779	0
121	7	-111.2005	134.651	0
121	8	1382.357	-436.3352	0
121	9	-187.0498	-363.2406	0
121	10	460.077	1016.393	0
121	11	1234.133	969.5812	0
121	12	521.1377	-388.4519	0
121	13	-128.2855	951.2405	0
121	14	1243.129	390.6982	0
121	15	-166.6422	335.2844	0
121	16	1369.086	-412.6989	0
121	17	1319.695	890.6836	0
121	18	612.522	1084.944	0
121	19	1215.846	438.0764	0
121	20	570.7439	-449.9996	0
121	21	-130.5729	-411.2925	0
121	22	-282.1729	295.5237	0
121	23	-63.02806	975.6233	0
121	24	1403.649	-491.3997	0
121	25	1225.539	1028.312	0
121	26	1376.211	384.153	0
121	27	-249.7671	305.2653	0
121	28	557.947	956.5539	0
121	29	515.6844	-490.3481	0
121	30	-215.0253	-548.6691	0
121	31	1437.106	-555.7715	0
121	32	-114.0531	907.9431	0
121	33	1290.21	309.7898	0
121	34	609.9858	-385.8397	0
121	35	1390.65	1066.867	0
121	36	-102.5361	934.0826	0
121	37	-189.5612	394.0758	0
121	38	1534.164	-466.9935	0
121	39	502.3549	1061.6	0
121	40	-300.8113	-405.6071	0
122	1	1226.378	894.1241	0
122	2	459.2663	889.7705	0
122	3	1188.786	206.6109	0
122	4	490.1013	-402.3787	0
122	5	-69.6301	854.5816	0
122	6	-90.44668	-359.6215	0
122	7	-109.6008	133.6949	0
122	8	1380.814	-434.9316	0
122	9	-185.3455	-361.8334	0
122	10	459.1474	1014.387	0
122	11	1233.634	968.6736	0
122	12	520.1364	-386.7658	0
122	13	-127.0432	950.9192	0
122	14	1242.022	390.6306	0
122	15	-164.7531	335.1986	0
122	16	1367.58	-410.5364	0
122	17	1318.714	890.168	0
122	18	613.7097	1083.6	0
122	19	1214.216	438.1624	0
122	20	572.0114	-448.7463	0
122	21	-129.3541	-410.6914	0
122	22	-280.9805	296.1619	0
122	23	-62.04367	973.9506	0
122	24	1402.586	-489.9947	0
122	25	1224.188	1027.092	0
122	26	1374.963	384.7163	0
122	27	-247.3828	305.7379	0
122	28	556.9168	955.6187	0
122	29	516.4678	-488.9719	0
122	30	-213.8227	-548.2034	0
122	31	1435.101	-554.912	0
122	32	-112.7624	907.2262	0
122	33	1288.663	310.4129	0
122	34	610.3316	-384.1208	0
122	35	1389.945	1065.596	0
122	36	-101.2001	933.0608	0
122	37	-188.4265	393.5486	0
122	38	1532.648	-466.361	0
122	39	502.2033	1060.536	0
122	40	-299.8189	-403.9019	0
123	1	1225.183	893.7773	0
123	2	457.9326	889.1487	0
123	3	1187.709	205.4793	0
123	4	489.2897	-400.5884	0
123	5	-68.9548	853.1586	0
123	6	-89.50817	-358.7772	0
123	7	-108.5406	132.5395	0
123	8	1379.586	-433.7325	0
123	9	-183.815	-360.4684	0
123	10	458.3121	1012.516	0
123	11	1233.342	967.925	0
123	12	519.0587	-385.0219	0
123	13	-125.6848	950.5193	0
123	14	1240.723	390.7995	0
123	15	-163.0252	335.1525	0
123	16	1366.127	-408.3607	0
123	17	1317.562	889.222	0
123	18	614.8114	1081.945	0
123	19	1212.375	438.2433	0
123	20	573.2482	-447.3749	0
123	21	-128.104	-410.1675	0
123	22	-279.9094	296.8367	0
123	23	-60.70119	972.0551	0
123	24	1401.155	-488.4255	0
123	25	1223.066	1026.083	0
123	26	1373.621	384.7311	0
123	27	-245.7426	305.9935	0
123	28	555.5295	954.8376	0
123	29	517.2844	-487.4352	0
123	30	-212.8179	-547.2521	0
123	31	1432.792	-554.0348	0
123	32	-111.2375	906.0153	0
123	33	1287.238	311.0684	0
123	34	610.8359	-382.6206	0
123	35	1389.102	1064.114	0
123	36	-99.90326	932.0996	0
123	37	-187.1606	392.9741	0
123	38	1530.924	-465.6124	0
123	39	502.1819	1059.484	0
123	40	-299.148	-403.2122	0
124	1	1224.436	893.6163	0
124	2	456.538	888.5826	0
124	3	1186.276	204.4034	0
124	4	488.3988	-398.7205	0
124	5	-68.40731	852.1252	0
124	6	-88.21175	-358.0836	0
124	7	-107.5993	131.325	0
124	8	1378.105	-432.4027	0
124	9	-182.492	-359.2527	0
124	10	457.5234	1010.907	0
124	11	1232.489	966.7167	0
124	12	517.9228	-383.4391	0
124	13	-124.2631	950.124	0
124	14	1239.305	391.361	0
124	15	-161.4933	335.2433	0
124	16	1364.944	-406.5522	0
124	17	1316.016	888.0846	0
124	18	615.9218	1080.435	0
124	19	1210.429	438.2894	0
124	20	574.4918	-445.8561	0
124	21	-127.1324	-409.2856	0
124	22	-278.867	297.4938	0
124	23	-59.59427	970.4289	0
124	24	1399.534	-486.8205	0
124	25	1222.333	1025.326	0
124	26	1371.89	384.7599	0
124	27	-244.3628	306.1848	0
124	28	554.7966	953.7555	0
124	29	518.0899	-485.8107	0
124	30	-211.4936	-546.0634	0
124	31	1431.556	-553.5762	0
124	32	-109.5645	904.5205	0
124	33	1285.99	311.7307	0
124	34	611.5508	-381.413	0
124	35	1388.175	1062.405	0
124	36	-98.62236	931.201	0
124	37	-185.7686	392.4145	0
124	38	1529.186	-464.8578	0
124	39	502.2547	1058.346	0
124	40	-298.3099	-402.5901	0
125	1	1223.612	893.3716	0
125	2	454.9217	888.2528	0
125	3	1184.64	203.353	0
125	4	487.4466	-396.9683	0
125	5	-67.93049	851.3379	0
125	6	-86.82736	-357.5286	0
125	7	-106.7536	129.997	0
125	8	1376.314	-431.0253	0
125	9	-181.446	-358.2068	0
125	10	456.8267	1009.645	0
125	11	1231.198	965.1517	0
125	12	516.8185	-382.0687	0
125	13	-122.7658	949.7285	0
125	14	1238.059	391.2347	0
125	15	-160.2065	335.4958	0
125	16	1364.334	-405.1376	0
125	17	1314.242	886.8132	0
125	18	617.1458	1079.242	0
125	19	1208.365	438.2832	0
125	20	575.8041	-444.3872	0
125	21	-125.9428	-408.2609	0
125	22	-277.7214	298.02	0
125	23	-59.05055	969.3711	0
125	24	1399.003	-485.6843	0
125	25	1221.906	1024.747	0
125	26	1369.88	384.796	0
125	27	-242.7967	305.6806	0
125	28	553.9053	952.3558	0
125	29	518.8785	-484.058	0
125	30	-209.9451	-544.6987	0
125	31	1430.73	-553.402	0
125	32	-107.7068	902.9108	0
125	33	1284.957	312.3654	0
125	34	612.3587	-380.2977	0
125	35	1387.389	1060.827	0
125	36	-97.15391	930.175	0
125	37	-184.2312	391.8693	0
125	38	1527.694	-464.2487	0
125	39	502.2849	1057.058	0
125	40	-297.3036	-402.0812	0
126	1	1222.089	892.5446	0
126	2	453.5783	887.673	0
126	3	1182.899	202.2353	0
126	4	486.491	-395.4461	0
126	5	-67.19308	850.0986	0
126	6	-85.69854	-356.4778	0
126	7	-106.1262	128.4332	0
126	8	1375.337	-429.9423	0
126	9	-180.7763	-357.3348	0
126	10	456.2979	1008.711	0
126	11	1229.661	963.3838	0
126	12	515.6976	-380.9395	0
126	13	-121.5648	949.5201	0
126	14	1236.418	391.1104	0
126	15	-158.9431	335.7081	0
126	16	1364.297	-404.2939	0
126	17	1312.343	885.3925	0
126	18	618.4724	1077.814	0
126	19	1206.364	438.294	0
126	20	577.0605	-443.0651	0
126	21	-124.5904	-407.1328	0
126	22	-276.4254	298.2806	0
126	23	-58.64097	968.4156	0
126	24	1398.794	-484.729	0
126	25	1221.295	1024.038	0
126	26	1367.728	384.7934	0
126	27	-241.3201	305.6106	0
126	28	552.899	950.7409	0
126	29	519.7256	-482.2927	0
126	30	-208.3085	-543.2002	0
126	31	1429.94	-553.1231	0
126	32	-105.8458	901.4497	0
126	33	1284.029	312.9209	0
126	34	613.2505	-379.1938	0
126	35	1386.951	1059.706	0
126	36	-95.48282	929.0809	0
126	37	-182.9833	391.2872	0
126	38	1526.074	-463.593	0
126	39	502.2726	1055.638	0
126	40	-296.4059	-401.4828	0
127	1	1220.247	891.5358	0
127	2	452.269	886.7617	0
127	3	1181.146	201.0389	0
127	4	485.5132	-394.1625	0
127	5	-66.21677	848.4643	0
127	6	-84.26973	-355.2405	0
127	7	-105.1113	127.3439	0
127	8	1374.717	-429.0356	0
127	9	-180.2329	-356.5563	0
127	10	455.7397	1007.579	0
127	11	1228.324	961.8151	0
127	12	514.5065	-380.1728	0
127	13	-120.4548	949.4548	0
127	14	1234.509	390.9983	0
127	15	-157.2936	335.7976	0
127	16	1364.107	-403.4567	0
127	17	1310.438	883.9548	0
127	18	619.9035	1076.389	0
127	19	1204.557	438.2751	0
127	20	578.381	-441.9689	0
127	21	-123.1779	-405.9443	0
127	22	-275.2466	298.7022	0
127	23	-58.46791	967.0927	0
127	24	1398.615	-483.7026	0
127	25	1220.136	1022.781	0
127	26	1365.453	384.7469	0
127	27	-239.4439	305.6124	0
127	28	551.8724	948.9998	0
127	29	520.4675	-480.6257	0
127	30	-206.6108	-541.5944	0
127	31	1429.113	-552.2165	0
127	32	-104.1793	900.3567	0
127	33	1282.763	313.4773	0
127	34	614.4381	-378.2212	0
127	35	1386.684	1058.723	0
127	36	-94.1923	928.2402	0
127	37	-181.835	390.7145	0
127	38	1524.165	-462.895	0
127	39	502.2332	1054.086	0
127	40	-295.5028	-400.728	0
128	1	1218.199	890.3693	0
128	2	450.896	885.6971	0
128	3	1179.693	199.7672	0
128	4	484.4438	-393.2373	0
128	5	-65.11158	846.6076	0
128	6	-82.68594	-353.8834	0
128	7	-103.9343	126.207	0
128	8	1374.14	-428.0554	0
128	9	-179.2342	-355.4053	0
128	10	455.1319	1005.839	0
128	11	1227.097	960.3262	0
128	12	513.4266	-379.6486	0
128	13	-119.391	949.4502	0
128	14	1232.474	390.8628	0
128	15	-155.4595	335.7979	0
128	16	1362.811	-401.8928	0
128	17	1308.854	882.594	0
128	18	621.3128	1075.645	0
128	19	1202.983	438.3041	0
128	20	579.6998	-441.104	0
128	21	-121.7129	-404.6541	0
128	22	-274.0646	299.2894	0
128	23	-58.49827	965.6735	0
128	24	1398.546	-482.3516	0
128	25	1218.744	1021.357	0
128	26	1363.341	384.6775	0
128	27	-237.2616	305.4668	0
128	28	550.8339	947.0983	0
128	29	521.2395	-479.1424	0
128	30	-205.0961	-540.0804	0
128	31	1428.361	-551.3859	0
128	32	-102.7635	899.8123	0
128	33	1281.141	314.0014	0
128	34	615.5089	-377.2305	0
128	35	1386.312	1057.738	0
128	36	-93.06488	927.6066	0
128	37	-180.739	390.1204	0
128	38	1522	-462.1878	0
128	39	502.189	1052.448	0
128	40	-294.4403	-399.8889	0
128	41	1328.329	1081.929	0
129	1	1216.458	889.4628	0
129	2	449.5081	884.5308	0
129	3	1178.495	198.5117	0
129	4	483.4591	-392.5547	0
129	5	-64.07562	844.8416	0
129	6	-81.02374	-352.371	0
129	7	-102.6539	125.0349	0
129	8	1373.66	-426.7179	0
129	9	-177.9285	-354.0253	0
129	10	454.4677	1003.855	0
129	11	1225.706	958.4598	0
129	12	512.3297	-378.7898	0
129	13	-118.3242	949.376	0
129	14	1230.305	390.6598	0
129	15	-153.5164	335.7599	0
129	16	1361.082	-399.9802	0
129	17	1307.563	881.4608	0
129	18	622.8147	1075.166	0
129	19	1201.722	438.3289	0
129	20	580.8518	-440.3096	0
129	21	-120.2308	-403.3604	0
129	22	-272.7403	299.8239	0
129	23	-57.89422	964.4816	0
129	24	1398.546	-481.049	0
129	25	1217.178	1019.77	0
129	26	1361.51	384.6001	0
129	27	-234.8842	305.3509	0
129	28	549.7972	945.262	0
129	29	522.0131	-477.87	0
129	30	-203.8095	-538.7695	0
129	31	1427.221	-550.8643	0
129	32	-101.6343	899.8551	0
129	33	1279.333	314.5245	0
129	34	616.2838	-375.9774	0
129	35	1385.476	1056.788	0
129	36	-92.00175	926.9405	0
129	37	-179.6455	389.4178	0
129	38	1520.722	-461.7365	0
129	39	502.159	1050.697	0
129	40	-293.2294	-398.9725	0
129	41	1327.961	1081.721	0
129	42	1446.618	309.108	0
130	1	1214.736	888.5948	0
130	2	448.0988	883.2386	0
130	3	1177.756	197.1427	0
130	4	482.4696	-391.5002	0
130	5	-63.19947	843.2874	0
130	6	-79.40055	-350.8719	0
130	7	-101.3036	123.8739	0
130	8	1373.126	-425.5745	0
130	9	-176.4316	-352.4924	0
130	10	453.8012	1001.886	0
130	11	1224.578	956.9592	0
130	12	511.1892	-377.5258	0
130	13	-117.281	949.0469	0
130	14	1228.189	390.4704	0
130	15	-151.781	335.756	0
130	16	1359.443	-398.1254	0
130	17	1306.787	880.5769	0
130	18	624.0558	1074.368	0
130	19	1200.666	438.3172	0
130	20	581.8855	-439.0429	0
130	21	-118.9272	-402.0982	0
130	22	-271.2991	300.3193	0
130	23	-57.1497	962.871	0
130	24	1398.05	-479.9128	0
130	25	1215.799	1018.384	0
130	26	1360.039	384.5497	0
130	27	-232.5677	305.3423	0
130	28	548.9187	943.6033	0
130	29	522.723	-476.8277	0
130	30	-202.8226	-537.7249	0
130	31	1425.718	-549.9687	0
130	32	-100.3301	899.5025	0
130	33	1277.481	315.0525	0
130	34	617.0644	-374.5748	0
130	35	1384.726	1055.881	0
130	36	-91.09617	925.8621	0
130	37	-178.6451	388.4528	0
130	38	1519.809	-461.497	0
130	39	502.1255	1048.902	0
130	40	-291.9008	-397.975	0
130	41	1327.436	1081.438	0
130	42	1446.194	308.7043	0
131	1	1212.768	887.3318	0
131	2	446.6246	881.9581	0
131	3	1177.478	195.7363	0
131	4	481.4583	-390.066	0
131	5	-62.0457	841.5133	0
131	6	-78.03027	-349.5006	0
131	7	-99.84327	122.7043	0
131	8	1372.188	-424.4316	0
131	9	-175.0354	-351.0634	0
131	10	453.1489	1000.22	0
131	11	1223.89	956.058	0
131	12	510.0435	-376.0636	0
131	13	-116.2776	948.4994	0
131	14	1226.323	390.2145	0
131	15	-149.9594	335.776	0
131	16	1358.186	-396.4737	0
131	17	1306.515	879.9176	0
131	18	624.7831	1072.981	0
131	19	1199.223	438.2329	0
131	20	582.9078	-437.553	0
131	21	-117.739	-400.9718	0
131	22	-269.8122	300.8005	0
131	23	-56.30139	960.9663	0
131	24	1397.29	-478.5107	0
131	25	1214.566	1017.143	0
131	26	1359.035	384.4674	0
131	27	-230.6037	305.4534	0
131	28	548.1072	942.2059	0
131	29	523.3487	-475.8507	0
131	30	-202.2565	-536.9702	0
131	31	1423.936	-548.7961	0
131	32	-98.57678	898.4423	0
131	33	1275.913	315.6151	0
131	34	617.8469	-373.0381	0
131	35	1384.197	1054.714	0
131	36	-90.24322	924.7976	0
131	37	-177.6122	387.6407	0
131	38	1518.995	-461.2384	0
131	39	502.1816	1047.186	0
131	40	-290.4899	-396.8972	0
131	41	1326.778	1081.093	0
131	42	1445.666	308.1964	0
132	1	1211.031	886.3346	0
132	2	445.2635	880.7417	0
132	3	1177.081	194.4424	0
132	4	480.449	-388.4319	0
132	5	-60.77984	839.7358	0
132	6	-76.91668	-348.3419	0
132	7	-98.40276	121.4918	0
132	8	1371.021	-423.0668	0
132	9	-173.8126	-349.7966	0
132	10	452.527	998.238	0
132	11	1223.192	955.2706	0
132	12	508.8894	-374.5361	0
132	13	-115.253	948.2104	0
132	14	1224.721	390.0158	0
132	15	-147.9362	335.921	0
132	16	1356.232	-394.5615	0
132	17	1306.099	879.2028	0
132	18	626.0027	1072.231	0
132	19	1197.421	438.0662	0
132	20	583.8969	-435.9209	0
132	21	-116.7424	-399.9774	0
132	22	-268.2725	301.3072	0
132	23	-55.34398	958.9296	0
132	24	1396.332	-476.9097	0
132	25	1213.169	1015.591	0
132	26	1358.244	384.357	0
132	27	-229.1068	305.8022	0
132	28	547.4742	941.1255	0
132	29	523.9174	-474.4237	0
132	30	-201.8481	-536.332	0
132	31	1422.001	-547.5221	0
132	32	-96.63122	897.0582	0
132	33	1274.186	316.1884	0
132	34	618.5978	-371.4136	0
132	35	1383.339	1053.324	0
132	36	-89.08892	923.9156	0
132	37	-176.4007	386.9625	0
132	38	1518.088	-460.537	0
132	39	502.2481	1045.584	0
132	40	-288.9928	-395.7146	0
132	41	1325.341	1079.563	0
132	42	1443.873	306.7212	0
133	1	1209.885	886.0992	0
133	2	443.9163	879.7212	0
133	3	1176.002	193.1882	0
133	4	479.4471	-386.8005	0
133	5	-60.22689	838.4736	0
133	6	-76.19266	-347.3932	0
133	7	-97.04877	120.367	0
133	8	1369.692	-421.5679	0
133	9	-172.4415	-348.234	0
133	10	451.9746	996.1714	0
133	11	1221.968	954.6182	0
133	12	507.8043	-373.2695	0
133	13	-114.1381	947.9844	0
133	14	1223.51	389.8	0
133	15	-146.2043	335.9967	0
133	16	1355.168	-393.0048	0
133	17	1304.899	877.9229	0
133	18	627.1581	1071.079	0
133	19	1195.422	437.8605	0
133	20	584.9263	-434.5392	0
133	21	-115.9989	-399.1218	0
133	22	-266.6927	301.8453	0
133	23	-54.28327	956.7957	0
133	24	1395.261	-475.2405	0
133	25	1211.757	1013.889	0
133	26	1356.842	384.1764	0
133	27	-228.0028	306.2586	0
133	28	547.0357	940.2899	0
133	29	524.4993	-472.7505	0
133	30	-200.951	-535.1821	0
133	31	1419.9	-546.1937	0
133	32	-94.91856	895.9476	0
133	33	1272.182	316.622	0
133	34	619.3338	-369.6603	0
133	35	1382.218	1051.751	0
133	36	-87.8176	922.7302	0
133	37	-175.0889	386.1987	0
133	38	1517.268	-459.484	0
133	39	502.3738	1044.14	0
133	40	-287.4901	-394.5421	0
133	41	1324.42	1079.188	0
133	42	1443.244	305.941	0
134	1	1208.852	886.0441	0
134	2	442.6082	878.9152	0
134	3	1174.607	191.95	0
134	4	478.4815	-385.4307	0
134	5	-59.83737	837.3578	0
134	6	-75.53369	-346.4954	0
134	7	-95.83391	119.2185	0
134	8	1367.978	-420.0587	0
134	9	-171.0876	-346.5422	0
134	10	451.2407	994.9438	0
134	11	1220.961	953.9081	0
134	12	506.6215	-371.9114	0
134	13	-112.9658	947.6588	0
134	14	1222.638	389.556	0
134	15	-144.7555	336.0495	0
134	16	1355.094	-391.8552	0
134	17	1303.347	876.447	0
134	18	628.1835	1069.548	0
134	19	1193.491	437.6805	0
134	20	586.0176	-433.0912	0
134	21	-115.39	-398.3593	0
134	22	-265.1708	302.4295	0
134	23	-53.20951	954.895	0
134	24	1394.081	-473.5444	0
134	25	1210.836	1013.031	0
134	26	1354.934	383.9324	0
134	27	-226.2746	306.5356	0
134	28	546.4688	939.119	0
134	29	525.0624	-470.8969	0
134	30	-199.6923	-533.6663	0
134	31	1417.926	-545.01	0
134	32	-93.13135	894.6653	0
134	33	1270.578	317.2036	0
134	34	620.1337	-367.9291	0
134	35	1380.983	1050.07	0
134	36	-86.46646	921.4061	0
134	37	-173.6832	385.3655	0
134	38	1516.283	-459.1178	0
134	39	502.6161	1042.944	0
134	40	-286.1486	-393.371	0
134	41	1323.369	1078.945	0
134	42	1442.602	305.1406	0
134	43	-92.91827	910.9092	0
135	1	1207.519	886.1204	0
135	2	441.4493	878.2827	0
135	3	1173.015	190.7179	0
135	4	477.38	-383.8825	0
135	5	-59.59601	836.0276	0
135	6	-74.42194	-345.1393	0
135	7	-94.75483	118.0879	0
135	8	1366.056	-418.527	0
135	9	-170.097	-345.5839	0
135	10	450.4687	993.9146	0
135	11	1219.904	952.7842	0
135	12	505.2454	-370.4766	0
135	13	-111.7619	947.2481	0
135	14	1221.511	389.308	0
135	15	-143.3361	336.0142	0
135	16	1355.175	-390.4987	0
135	17	1301.572	874.8179	0
135	18	629.1431	1067.835	0
135	19	1191.781	437.5711	0
135	20	586.9438	-431.2751	0
135	21	-114.5109	-397.3596	0
135	22	-263.7666	303.0593	0
135	23	-52.2477	953.298	0
135	24	1392.959	-471.8668	0
135	25	1210.115	1012.403	0
135	26	1352.734	383.6555	0
135	27	-224.1206	306.678	0
135	28	545.7862	937.4268	0
135	29	525.636	-469.134	0
135	30	-198.2132	-531.9229	0
135	31	1416.19	-544.1141	0
135	32	-90.95786	893.1755	0
135	33	1269.445	317.9491	0
135	34	620.8651	-366.3118	0
135	35	1379.673	1048.249	0
135	36	-85.04659	920.0466	0
135	37	-172.2288	384.5197	0
135	38	1514.857	-458.3977	0
135	39	502.9171	1041.961	0
135	40	-284.9243	-392.3123	0
135	41	1322.306	1078.729	0
135	42	1441.823	304.3937	0
135	43	-92.70103	910.6257	0
135	44	1394.949	-425.1212	0
136	1	1206.072	886.4509	0
136	2	440.3069	877.5553	0
136	3	1171.709	189.5242	0
136	4	476.074	-382.2578	0
136	5	-59.72459	834.4362	0
136	6	-73.06471	-343.5965	0
136	7	-93.82062	117.1178	0
136	8	1364.153	-417.2415	0
136	9	-169.2436	-344.7963	0
136	10	449.4649	992.8632	0
136	11	1218.502	951.4507	0
136	12	503.9514	-369.1988	0
136	13	-110.5162	946.783	0
136	14	1219.775	388.9261	0
136	15	-141.8719	335.5045	0
136	16	1355.552	-388.832	0
136	17	1300.128	873.46	0
136	18	630.1604	1066.014	0
136	19	1189.833	437.3327	0
136	20	588.0772	-429.9554	0
136	21	-113.3709	-396.0856	0
136	22	-262.4568	303.7139	0
136	23	-51.41655	952.1183	0
136	24	1391.92	-470.3913	0
136	25	1209.255	1011.801	0
136	26	1350.628	383.4016	0
136	27	-221.9353	306.8012	0
136	28	545.02	935.5149	0
136	29	526.2643	-467.5928	0
136	30	-196.8176	-530.2883	0
136	31	1414.804	-543.5026	0
136	32	-89.73653	892.2759	0
136	33	1268.417	318.7589	0
136	34	621.6663	-364.8551	0
136	35	1378.453	1046.464	0
136	36	-83.56146	918.6855	0
136	37	-170.6871	383.6642	0
136	38	1513.118	-457.41	0
136	39	503.1595	1040.819	0
136	40	-283.9478	-391.3682	0
136	41	1321.27	1078.35	0
136	42	1440.799	303.8199	0
136	43	-92.41327	910.2106	0
136	44	1394.885	-424.5208	0
136	45	619.0873	-462.2269	0
137	1	1204.84	886.1429	0
137	2	439.1578	876.35	0
137	3	1170.435	188.2464	0
137	4	475.0656	-380.9951	0
137	5	-59.21993	833.2294	0
137	6	-71.62884	-341.9847	0
137	7	-92.69247	116.1395	0
137	8	1362.603	-416.2767	0
137	9	-168.1702	-344.0922	0
137	10	448.2461	991.9108	0
137	11	1216.918	949.9871	0
137	12	502.8759	-368.2378	0
137	13	-109.271	946.3158	0
137	14	1217.789	388.5354	0
137	15	-140.4612	335.1903	0
137	16	1355.028	-387.4593	0
137	17	1298.722	872.0989	0
137	18	631.2959	1064.267	0
137	19	1187.799	436.9813	0
137	20	589.4075	-429.0454	0
137	21	-112.0915	-394.6978	0
137	22	-261.3107	304.4626	0
137	23	-50.70374	951.4652	0
137	24	1391.068	-469.0759	0
137	25	1207.961	1011.361	0
137	26	1348.87	383.2196	0
137	27	-219.9641	306.981	0
137	28	544.236	933.5795	0
137	29	526.8448	-465.7727	0
137	30	-195.6481	-528.9283	0
137	31	1413.881	-543.399	0
137	32	-88.83698	891.3889	0
137	33	1267.365	319.7595	0
137	34	622.496	-363.588	0
137	35	1377.507	1044.809	0
137	36	-82.10582	917.5005	0
137	37	-169.1333	382.7847	0
137	38	1511.191	-456.2894	0
137	39	503.3394	1039.202	0
137	40	-283.2841	-390.5518	0
137	41	1320.056	1077.873	0
137	42	1439.727	303.2892	0
137	43	-92.07741	909.6706	0
137	44	1394.773	-423.7982	0
137	45	619.5209	-461.8687	0
17	1	1274.908	976.0767	0
18	1	1274.711	975.7114	0
18	2	556.614	1083.157	0
19	1	1274.438	975.1994	0
19	2	556.1747	1082.756	0
19	3	1378.879	362.771	0
20	1	1274.101	974.5598	0
20	2	555.6244	1082.255	0
20	3	1378.358	363.2523	0
20	4	589.2574	-394.8756	0
21	1	1273.207	972.8787	0
21	2	554.9556	1080.44	0
21	3	1376.762	363.8271	0
21	4	588.4223	-393.2242	0
21	5	-168.4783	1059.922	0
22	1	1272.642	971.7763	0
22	2	554.2335	1079.414	0
22	3	1375.829	364.4413	0
22	4	588.3243	-392.2563	0
22	5	-167.4604	1059.418	0
22	6	-210.2563	-571.1306	0
23	1	1272.007	970.5001	0
23	2	553.4628	1078.412	0
23	3	1374.863	365.1196	0
23	4	588.2716	-391.222	0
23	5	-166.433	1059.076	0
23	6	-209.6345	-570.3956	0
23	7	-344.9709	323.7008	0
24	1	1271.461	969.3303	0
24	2	552.6459	1077.433	0
24	3	1373.891	365.864	0
24	4	588.3448	-390.1252	0
24	5	-165.4247	1058.927	0
24	6	-209.0811	-569.6931	0
24	7	-343.8133	323.1065	0
24	8	1466.988	-523.7279	0
25	1	1271.023	968.2651	0
25	2	551.737	1076.26	0
25	3	1372.968	366.6675	0
25	4	588.6185	-388.9724	0
25	5	-164.4703	1058.849	0
25	6	-208.4823	-568.9581	0
25	7	-342.5554	322.475	0
25	8	1466.006	-522.9715	0
26	1	1270.666	967.2373	0
26	2	550.8239	1074.87	0
26	3	1372.141	367.5188	0
26	4	588.8353	-387.8058	0
26	5	-163.4106	1058.665	0
26	6	-207.6945	-567.9917	0
26	7	-341.1724	321.8104	0
26	8	1464.764	-522.0226	0
27	1	1270.294	966.2169	0
27	2	549.8907	1073.323	0
27	3	1371.401	368.3493	0
27	4	588.8771	-386.5696	0
27	5	-162.1027	1058.124	0
27	6	-206.7386	-566.8334	0
27	7	-339.6996	321.1026	0
27	8	1463.354	-520.9321	0
28	1	1269.725	965.1891	0
28	2	548.9097	1072.381	0
28	3	1370.638	369.1867	0
28	4	588.9329	-385.1999	0
28	5	-160.6641	1057.421	0
28	6	-205.6601	-565.5538	0
28	7	-338.2163	320.4078	0
28	8	1461.732	-519.6867	0
29	1	1268.892	964.2244	0
29	2	547.9081	1071.645	0
29	3	1369.562	369.9933	0
29	4	589.0011	-383.7173	0
29	5	-159.0846	1056.508	0
29	6	-204.4583	-564.1312	0
29	7	-336.7712	319.7635	0
29	8	1460.141	-518.4566	0
30	1	1268.309	963.2172	0
30	2	546.8623	1071.032	0
30	3	1368.259	370.797	0
30	4	589.0648	-382.1403	0
30	5	-157.4237	1055.513	0
30	6	-203.2886	-562.7609	0
30	7	-335.4061	319.1233	0
30	8	1458.86	-517.4292	0
31	1	1267.708	962.0301	0
31	2	545.6926	1070.441	0
31	3	1366.792	371.5965	0
31	4	589.1081	-380.48	0
31	5	-155.8977	1054.713	0
31	6	-202.271	-561.5823	0
31	7	-334.1772	318.5482	0
31	8	1457.365	-516.2617	0
32	1	1266.911	960.7149	0
32	2	544.2561	1070.058	0
32	3	1365.22	372.4063	0
32	4	589.1193	-378.7218	0
32	5	-154.3804	1054.012	0
32	6	-201.1113	-560.189	0
32	7	-333.1157	318.0766	0
32	8	1455.529	-515.0176	0
33	1	1265.939	959.2715	0
33	2	543.062	1069.531	0
33	3	1363.816	373.2455	0
33	4	589.2097	-377.0077	0
33	5	-152.6192	1053.181	0
33	6	-199.8974	-558.5181	0
33	7	-332.1618	317.6814	0
33	8	1453.715	-513.8279	0
33	9	1389.907	954.8976	0
34	1	1264.887	957.7531	0
34	2	541.9152	1068.647	0
34	3	1362.493	374.1432	0
34	4	589.2627	-375.3892	0
34	5	-150.6446	1052.307	0
34	6	-198.8012	-557.079	0
34	7	-330.9154	317.1898	0
34	8	1452.871	-513.0176	0
34	9	1389.594	954.616	0
35	1	1263.773	956.1226	0
35	2	540.6717	1067.563	0
35	3	1360.903	374.9968	0
35	4	589.3828	-373.8602	0
35	5	-149.2463	1051.889	0
35	6	-197.9514	-556.1845	0
35	7	-329.3275	316.6311	0
35	8	1452.323	-512.3823	0
35	9	1389.155	954.2219	0
35	10	569.9047	-378.2794	0
36	1	1262.677	954.4821	0
36	2	539.3489	1066.298	0
36	3	1359.114	375.7871	0
36	4	589.5256	-372.4499	0
36	5	-148.034	1051.798	0
36	6	-197.1803	-555.4507	0
36	7	-327.5743	316.0135	0
36	8	1451.792	-511.6059	0
36	9	1388.608	953.7304	0
36	10	569.4104	-377.0977	0
36	11	-260.9055	-516.158	0
37	1	1261.774	952.9042	0
37	2	538.0024	1064.907	0
37	3	1358.065	376.8307	0
37	4	589.6624	-371.1881	0
37	5	-146.8768	1051.656	0
37	6	-196.2115	-554.7369	0
37	7	-325.7329	315.3685	0
37	8	1451.357	-510.3369	0
37	9	1387.198	952.449	0
37	10	568.8832	-376.085	0
37	11	-260.155	-514.0753	0
38	1	1261.019	951.4639	0
38	2	536.6135	1063.374	0
38	3	1357.273	377.9736	0
38	4	589.7796	-370.0434	0
38	5	-145.8145	1050.901	0
38	6	-194.8467	-554.2365	0
38	7	-324.1319	314.7654	0
38	8	1450.936	-509.2746	0
38	9	1386.676	951.8483	0
38	10	568.2651	-374.9267	0
38	11	-259.787	-513.1446	0
38	12	-252.0207	1003.12	0
39	1	1260.574	950.1963	0
39	2	535.2018	1061.93	0
39	3	1356.518	379.166	0
39	4	589.873	-368.6428	0
39	5	-144.8344	1050.047	0
39	6	-193.8741	-553.5398	0
39	7	-322.4696	314.1392	0
39	8	1450.02	-508.3097	0
39	9	1386.033	951.1566	0
39	10	567.5544	-373.6308	0
39	11	-259.4212	-512.2128	0
39	12	-251.8233	1002.746	0
40	1	1260.474	949.123	0
40	2	533.9244	1060.62	0
40	3	1355.825	380.5236	0
40	4	589.9175	-367.0038	0
40	5	-143.5719	1049.656	0
40	6	-192.7829	-552.5114	0
40	7	-320.5284	313.5899	0
40	8	1448.78	-507.019	0
40	9	1385.122	950.2345	0
40	10	566.7859	-372.2384	0
40	11	-258.9976	-511.2543	0
40	12	-251.5438	1002.229	0
40	13	1484.24	-581.1985	0
41	1	1260.376	948.1059	0
41	2	532.6808	1059.576	0
41	3	1355.161	381.8522	0
41	4	589.954	-365.235	0
41	5	-142.106	1048.83	0
41	6	-191.4578	-551.3059	0
41	7	-318.6942	313.0506	0
41	8	1447.281	-505.4833	0
41	9	1384.072	949.2165	0
41	10	565.9197	-370.8875	0
41	11	-258.3803	-510.3116	0
41	12	-251.1927	1001.591	0
41	13	1483.868	-581.0081	0
42	1	1259.814	946.7103	0
42	2	531.5408	1058.867	0
42	3	1354.146	382.9247	0
42	4	589.9943	-363.4193	0
42	5	-140.4864	1047.676	0
42	6	-189.9898	-549.9682	0
42	7	-317.4792	312.4183	0
42	8	1445.614	-503.8482	0
42	9	1382.836	948.0586	0
42	10	565.0478	-369.5637	0
42	11	-257.5499	-509.4298	0
42	12	-249.3221	999.996	0
42	13	1483.345	-580.7406	0
43	1	1258.965	945.0908	0
43	2	530.6104	1058.387	0
43	3	1352.903	384.0018	0
43	4	590.0977	-361.7931	0
43	5	-138.779	1046.386	0
43	6	-188.4454	-548.4954	0
43	7	-316.4189	311.766	0
43	8	1443.796	-502.139	0
43	9	1381.446	946.7766	0
43	10	564.1315	-368.3358	0
43	11	-256.937	-508.4839	0
43	12	-248.7006	999.1138	0
43	13	1482.692	-580.4073	0
43	14	611.8782	1019.017	0
44	1	1258.144	943.5644	0
44	2	529.4716	1057.454	0
44	3	1351.623	385.0681	0
44	4	590.2904	-360.1793	0
44	5	-137.1725	1045.499	0
44	6	-187.1653	-547.1946	0
44	7	-315.0454	311.0654	0
44	8	1442.431	-500.8315	0
44	9	1380.26	945.7064	0
44	10	563.2036	-367.0853	0
44	11	-256.2943	-507.3082	0
44	12	-248.0475	998.1255	0
44	13	1480.77	-579.2223	0
44	14	611.5384	1018.766	0
