17	1	524.1558	363.5621	0
18	1	524.1567	363.5515	0
18	2	540.322	82.21698	0
19	1	524.1566	363.5413	0
19	2	540.3464	82.22269	0
19	3	499.543	365.8587	0
20	1	524.1498	363.5321	0
20	2	540.3856	82.2338	0
20	3	499.6351	365.8818	0
20	4	448.7362	268.1529	0
21	1	524.1381	363.5235	0
21	2	540.4378	82.2449	0
21	3	499.7177	365.9119	0
21	4	448.7987	268.1606	0
21	5	659.2458	520.9609	0
22	1	524.1269	363.5145	0
22	2	540.5004	82.255	0
22	3	499.7783	365.9422	0
22	4	448.871	268.1698	0
22	5	659.2002	520.9592	0
22	6	622.3005	260.1593	0
23	1	524.1166	363.5045	0
23	2	540.5704	82.26328	0
23	3	499.8089	365.9628	0
23	4	448.9475	268.1823	0
23	5	659.1548	520.968	0
23	6	622.2884	260.1489	0
23	7	597.051	373.1082	0
24	1	524.1032	363.4924	0
24	2	540.6501	82.27399	0
24	3	499.8056	365.975	0
24	4	449.0268	268.1992	0
24	5	659.1119	520.9802	0
24	6	622.2742	260.1386	0
24	7	597.052	373.0983	0
24	8	668.6269	376.0337	0
25	1	524.0927	363.4811	0
25	2	540.7339	82.28885	0
25	3	499.7998	365.9424	0
25	4	449.1039	268.2214	0
25	5	659.0692	520.9898	0
25	6	622.2609	260.1281	0
25	7	597.0518	373.0889	0
25	8	668.6276	376.0241	0
25	9	534.0485	57.13446	0
26	1	524.0867	363.4705	0
26	2	540.8203	82.3089	0
26	3	499.7858	365.8997	0
26	4	449.169	268.2479	0
26	5	659.0275	521.0021	0
26	6	622.2471	260.1149	0
26	7	597.0501	373.0798	0
26	8	668.6288	376.0143	0
26	9	534.1143	57.15677	0
27	1	524.0864	363.4641	0
27	2	540.9036	82.33456	0
27	3	499.7603	365.86	0
27	4	449.2113	268.2709	0
27	5	658.986	521.0159	0
27	6	622.2302	260.0999	0
27	7	597.0408	373.0718	0
27	8	668.6289	376.0049	0
27	9	534.166	57.17902	0
27	10	625.4207	468.2273	0
28	1	524.0981	363.4644	0
28	2	540.9733	82.36261	0
28	3	499.7226	365.8237	0
28	4	449.2274	268.2847	0
28	5	658.9496	521.0305	0
28	6	622.219	260.0873	0
28	7	597.0302	373.0637	0
28	8	668.6226	375.9965	0
28	9	534.1949	57.19513	0
28	10	625.475	468.2361	0
28	11	386.2238	-53.52032	0
29	1	524.1236	363.4705	0
29	2	541.0172	82.38531	0
29	3	499.6764	365.7914	0
29	4	449.2195	268.2864	0
29	5	658.9153	521.0484	0
29	6	622.2129	260.0767	0
29	7	597.0203	373.0553	0
29	8	668.6117	375.9886	0
29	9	534.1984	57.20447	0
29	10	625.5351	468.244	0
29	11	386.1999	-53.55719	0
29	12	391.7672	42.50159	0
30	1	524.1632	363.4808	0
30	2	541.0316	82.39874	0
30	3	499.6238	365.7654	0
30	4	449.2144	268.2503	0
30	5	658.8833	521.0718	0
30	6	622.217	260.0727	0
30	7	597.0098	373.0451	0
30	8	668.6011	375.9805	0
30	9	534.1926	57.18906	0
30	10	625.6043	468.2523	0
30	11	386.1641	-53.5907	0
30	12	391.7277	42.47644	0
30	13	448.6054	319.5652	0
31	1	524.2156	363.4909	0
31	2	541.0231	82.39511	0
31	3	499.5713	365.7488	0
31	4	449.1993	268.2146	0
31	5	658.8546	521.0976	0
31	6	622.2371	260.0756	0
31	7	596.9976	373.0335	0
31	8	668.5914	375.9714	0
31	9	534.1837	57.15726	0
31	10	625.6778	468.2637	0
31	11	386.1201	-53.6203	0
31	12	391.684	42.45645	0
31	13	448.5753	319.5928	0
31	14	519.0117	112.4435	0
32	1	524.2772	363.5005	0
32	2	541.0159	82.35623	0
32	3	499.518	365.7336	0
32	4	449.1736	268.1821	0
32	5	658.8312	521.1212	0
32	6	622.2751	260.0865	0
32	7	596.9897	373.0237	0
32	8	668.5784	375.9602	0
32	9	534.1664	57.12686	0
32	10	625.7536	468.2786	0
32	11	386.0696	-53.64459	0
32	12	391.6402	42.44516	0
32	13	448.5553	319.6167	0
32	14	518.9688	112.462	0
32	15	461.9602	49.10181	0
33	1	524.3467	363.5089	0
33	2	540.998	82.31821	0
33	3	499.4671	365.7293	0
33	4	449.1389	268.1526	0
33	5	658.8163	521.1415	0
33	6	622.3291	260.0999	0
33	7	596.9859	373.0154	0
33	8	668.5677	375.9496	0
33	9	534.139	57.09946	0
33	10	625.8283	468.299	0
33	11	386.0195	-53.65887	0
33	12	391.5968	42.43408	0
33	13	448.5429	319.6334	0
33	14	518.9282	112.4853	0
33	15	461.9539	49.07413	0
33	16	549.6912	256.1809	0
34	1	524.4254	363.5193	0
34	2	540.9681	82.28369	0
34	3	499.4155	365.737	0
34	4	449.0969	268.127	0
34	5	658.8076	521.1554	0
34	6	622.3983	260.112	0
34	7	596.9897	373.0121	0
34	8	668.5612	375.9396	0
34	9	534.1049	57.07483	0
34	10	625.8934	468.3252	0
34	11	385.9684	-53.672	0
34	12	391.554	42.43225	0
34	13	448.539	319.6414	0
34	14	518.8903	112.515	0
34	15	461.9411	49.03366	0
34	16	549.6796	256.1724	0
34	17	490.1078	148.0506	0
35	1	524.5074	363.5331	0
35	2	540.9291	82.25244	0
35	3	499.366	365.7498	0
35	4	449.0522	268.1074	0
35	5	658.8052	521.1618	0
35	6	622.478	260.1218	0
35	7	597.0056	373.0144	0
35	8	668.5598	375.9337	0
35	9	534.0649	57.05414	0
35	10	625.9379	468.3495	0
35	11	385.9193	-53.67639	0
35	12	391.5107	42.43839	0
35	13	448.5417	319.6422	0
35	14	518.8568	112.5438	0
35	15	461.9172	48.99542	0
35	16	549.6685	256.1638	0
35	17	490.117	148.0504	0
35	18	465.6953	75.32672	0
36	1	524.592	363.5517	0
36	2	540.8819	82.22546	0
36	3	499.3175	365.7594	0
36	4	449.0065	268.095	0
36	5	658.8078	521.1623	0
36	6	622.5692	260.1319	0
36	7	597.0351	373.0225	0
36	8	668.5698	375.9339	0
36	9	534.025	57.04047	0
36	10	625.9568	468.3645	0
36	11	385.869	-53.67126	0
36	12	391.4691	42.44666	0
36	13	448.5476	319.641	0
36	14	518.8326	112.5695	0
36	15	461.881	48.96091	0
36	16	549.6575	256.1532	0
36	17	490.1284	148.0514	0
36	18	465.636	75.33539	0
37	1	524.6724	363.5767	0
37	2	540.8331	82.2056	0
37	3	499.2697	365.7718	0
37	4	448.9624	268.0844	0
37	5	658.8127	521.1615	0
37	6	622.6678	260.1464	0
37	7	597.0762	373.0322	0
37	8	668.593	375.9394	0
37	9	533.9831	57.02963	0
37	10	625.9495	468.3705	0
37	11	385.8203	-53.66199	0
37	12	391.4282	42.45331	0
37	13	448.5548	319.6401	0
37	14	518.817	112.5894	0
37	15	461.8363	48.93008	0
37	16	549.6436	256.141	0
37	17	490.142	148.0517	0
37	18	465.5792	75.34793	0
37	19	656.2047	439.5063	0
38	1	524.7382	363.6056	0
38	2	540.7822	82.19269	0
38	3	499.2229	365.7865	0
38	4	448.9184	268.0846	0
38	5	658.8189	521.1608	0
38	6	622.7695	260.1659	0
38	7	597.1292	373.0413	0
38	8	668.6292	375.9493	0
38	9	533.9441	57.02417	0
38	10	625.9449	468.3348	0
38	11	385.7729	-53.65509	0
38	12	391.3882	42.46262	0
38	13	448.5656	319.6395	0
38	14	518.8096	112.6017	0
38	15	461.7849	48.90469	0
38	16	549.6341	256.1305	0
38	17	490.1528	148.05	0
38	18	465.5231	75.35733	0
38	19	656.1962	439.4597	0
38	20	630.2088	319.1949	0
39	1	524.778	363.6289	0
39	2	540.7341	82.18262	0
39	3	499.1813	365.8026	0
39	4	448.8745	268.0931	0
39	5	658.828	521.1605	0
39	6	622.872	260.1921	0
39	7	597.1878	373.0494	0
39	8	668.6774	375.9586	0
39	9	533.9045	57.02747	0
39	10	625.9303	468.2993	0
39	11	385.7262	-53.64545	0
39	12	391.3492	42.47458	0
39	13	448.5789	319.6407	0
39	14	518.8094	112.6062	0
39	15	461.7337	48.88907	0
39	16	549.6288	256.1212	0
39	17	490.1612	148.0452	0
39	18	465.468	75.37003	0
39	19	656.1751	439.414	0
39	20	630.2987	319.2261	0
39	21	657.6427	651.1434	0
40	1	524.7885	363.6423	0
40	2	540.6861	82.18375	0
40	3	499.1425	365.8214	0
40	4	448.8325	268.1025	0
40	5	658.8392	521.1617	0
40	6	622.9655	260.2257	0
40	7	597.2558	373.0575	0
40	8	668.7355	375.967	0
40	9	533.8663	57.03555	0
40	10	625.9058	468.2669	0
40	11	385.6807	-53.63251	0
40	12	391.3152	42.48788	0
40	13	448.5946	319.641	0
40	14	518.8147	112.6065	0
40	15	461.6811	48.87524	0
40	16	549.631	256.1172	0
40	17	490.1665	148.0377	0
40	18	465.4138	75.38675	0
40	19	656.1399	439.373	0
40	20	630.3687	319.2586	0
40	21	657.7357	651.1714	0
40	22	685.353	582.9102	0
41	1	524.7806	363.6335	0
41	2	540.6387	82.19254	0
41	3	499.1061	365.8461	0
41	4	448.7907	268.1108	0
41	5	658.852	521.162	0
41	6	623.0359	260.2593	0
41	7	597.3295	373.0684	0
41	8	668.8018	375.9742	0
41	9	533.8292	57.04163	0
41	10	625.8722	468.2373	0
41	11	385.6403	-53.61737	0
41	12	391.283	42.50385	0
41	13	448.6069	319.639	0
41	14	518.8213	112.6063	0
41	15	461.6313	48.87015	0
41	16	549.6464	256.1193	0
41	17	490.1714	148.0309	0
41	18	465.3661	75.40524	0
41	19	656.0939	439.336	0
41	20	630.4067	319.282	0
41	21	657.8135	651.2068	0
41	22	685.3577	582.9034	0
41	23	520.1555	272.7114	0
42	1	524.7724	363.5945	0
42	2	540.5934	82.20108	0
42	3	499.0729	365.8745	0
42	4	448.7502	268.1217	0
42	5	658.8619	521.1604	0
42	6	623.0723	260.2818	0
42	7	597.4057	373.0828	0
42	8	668.8756	375.9836	0
42	9	533.7922	57.04926	0
42	10	625.8315	468.2114	0
42	11	385.6027	-53.59998	0
42	12	391.2529	42.52484	0
42	13	448.6164	319.6338	0
42	14	518.8304	112.6063	0
42	15	461.5804	48.87549	0
42	16	549.6763	256.1275	0
42	17	490.176	148.0245	0
42	18	465.321	75.42657	0
42	19	656.0379	439.3041	0
42	20	630.4089	319.2955	0
42	21	657.8616	651.2367	0
42	22	685.3628	582.8972	0
42	23	520.1046	272.7257	0
42	24	435.3623	47.97165	0
43	1	524.7539	363.5566	0
43	2	540.5482	82.20947	0
43	3	499.0449	365.9008	0
43	4	448.7112	268.1347	0
43	5	658.8699	521.1565	0
43	6	623.0705	260.2939	0
43	7	597.4824	373.1021	0
43	8	668.9523	375.9962	0
43	9	533.7562	57.05936	0
43	10	625.7877	468.1913	0
43	11	385.5674	-53.57703	0
43	12	391.2256	42.54755	0
43	13	448.6224	319.6251	0
43	14	518.8427	112.6073	0
43	15	461.5313	48.8858	0
43	16	549.7196	256.1387	0
43	17	490.1808	148.0186	0
43	18	465.2787	75.45538	0
43	19	655.9793	439.2809	0
43	20	630.4011	319.2692	0
43	21	657.8752	651.2538	0
43	22	685.3684	582.8914	0
43	23	520.0562	272.7427	0
43	24	435.3706	47.97183	0
43	25	676.3262	406.4258	0
44	1	524.7235	363.5222	0
44	2	540.5042	82.22095	0
44	3	499.0263	365.9236	0
44	4	448.6768	268.1489	0
44	5	658.8746	521.1494	0
44	6	623.0643	260.2578	0
44	7	597.5516	373.1274	0
44	8	669.0312	376.0134	0
44	9	533.7233	57.07126	0
44	10	625.7429	468.1786	0
44	11	385.5348	-53.55078	0
44	12	391.2032	42.56796	0
44	13	448.6281	319.6171	0
44	14	518.8577	112.6085	0
44	15	461.4835	48.8934	0
44	16	549.7757	256.1487	0
44	17	490.1859	148.0121	0
44	18	465.2401	75.48706	0
44	19	655.9199	439.2646	0
44	20	630.3874	319.2241	0
44	21	657.866	651.245	0
44	22	685.3743	582.8848	0
44	23	520.0132	272.7608	0
44	24	435.3808	47.9729	0
44	25	676.4122	406.4478	0
44	26	562.1978	153.2078	0
45	1	524.6846	363.491	0
45	2	540.4623	82.23499	0
45	3	499.0149	365.9399	0
45	4	448.6443	268.1663	0
45	5	658.879	521.1427	0
45	6	623.0485	260.2104	0
45	7	597.6028	373.1528	0
45	8	669.1067	376.0369	0
45	9	533.6933	57.08459	0
45	10	625.6994	468.167	0
45	11	385.5072	-53.52692	0
45	12	391.1885	42.58502	0
45	13	448.6332	319.6098	0
45	14	518.8718	112.6081	0
45	15	461.4362	48.90363	0
45	16	549.8405	256.157	0
45	17	490.1912	148.0054	0
45	18	465.2079	75.51547	0
45	19	655.8646	439.2526	0
45	20	630.3619	319.1813	0
45	21	657.8563	651.1987	0
45	22	685.3791	582.876	0
45	23	519.9722	272.7834	0
45	24	435.3925	47.97342	0
45	25	676.4901	406.4766	0
45	26	562.1857	153.2234	0
45	27	589.9849	119.1379	0
46	1	524.6379	363.4645	0
46	2	540.4251	82.25055	0
46	3	499.0111	365.9484	0
46	4	448.6137	268.189	0
46	5	658.8831	521.1367	0
46	6	623.0197	260.1665	0
46	7	597.6287	373.17	0
46	8	669.1704	376.0644	0
46	9	533.665	57.10184	0
46	10	625.6572	468.1666	0
46	11	385.4888	-53.50641	0
46	12	391.1799	42.59668	0
46	13	448.6385	319.6033	0
46	14	518.8829	112.6048	0
46	15	461.39	48.91696	0
46	16	549.9149	256.1651	0
46	17	490.1953	147.9966	0
46	18	465.1866	75.53967	0
46	19	655.81	439.2558	0
46	20	630.3228	319.1425	0
46	21	657.8345	651.1532	0
46	22	685.3795	582.8645	0
46	23	519.9337	272.813	0
46	24	435.4019	47.97217	0
46	25	676.5475	406.5053	0
46	26	562.1801	153.233	0
46	27	589.9802	119.1461	0
47	1	524.5905	363.4453	0
47	2	540.39	82.26981	0
47	3	499.0134	365.9498	0
47	4	448.5864	268.2127	0
47	5	658.8876	521.1315	0
47	6	622.9768	260.1269	0
47	7	597.6259	373.1803	0
47	8	669.2097	376.0869	0
47	9	533.6388	57.12305	0
47	10	625.6153	468.1753	0
47	11	385.4772	-53.49188	0
47	12	391.1778	42.60251	0
47	13	448.644	319.5965	0
47	14	518.8906	112.5977	0
47	15	461.3487	48.93231	0
47	16	549.996	256.1767	0
47	17	490.1959	147.9859	0
47	18	465.1735	75.55649	0
47	19	655.7567	439.2694	0
47	20	630.2745	319.1077	0
47	21	657.799	651.1121	0
47	22	685.3807	582.8527	0
47	23	519.8995	272.8423	0
47	24	435.409	47.96808	0
47	25	676.5764	406.5246	0
47	26	562.18	153.2363	0
47	27	589.9803	119.1489	0
47	28	584.6533	643.4686	0
48	1	524.5406	363.4313	0
48	2	540.3571	82.29483	0
48	3	499.019	365.9493	0
48	4	448.5651	268.2339	0
48	5	658.8925	521.1262	0
48	6	622.9238	260.0916	0
48	7	597.6209	373.1524	0
48	8	669.2209	376.0989	0
48	9	533.6161	57.14282	0
48	10	625.5755	468.186	0
48	11	385.4734	-53.48389	0
48	12	391.1807	42.60349	0
48	13	448.6499	319.5892	0
48	14	518.8962	112.5894	0
48	15	461.3104	48.95004	0
48	16	550.08	256.1923	0
48	17	490.1972	147.9751	0
48	18	465.1694	75.56497	0
48	19	655.7057	439.2822	0
48	20	630.2186	319.079	0
48	21	657.7535	651.0746	0
48	22	685.3804	582.8408	0
48	23	519.8739	272.8684	0
48	24	435.4135	47.96179	0
48	25	676.5724	406.5361	0
48	26	562.1841	153.2365	0
48	27	589.9839	119.1491	0
48	28	584.6582	643.4609	0
48	29	358.7038	38.30521	0
49	1	524.494	363.4221	0
49	2	540.3279	82.31982	0
49	3	499.0259	365.9487	0
49	4	448.5513	268.2513	0
49	5	658.8975	521.1201	0
49	6	622.8633	260.0631	0
49	7	597.6086	373.1166	0
49	8	669.2143	376.0901	0
49	9	533.6004	57.16022	0
49	10	625.5359	468.1947	0
49	11	385.4756	-53.48181	0
49	12	391.1857	42.60342	0
49	13	448.6544	319.5793	0
49	14	518.9013	112.5819	0
49	15	461.2744	48.97314	0
49	16	550.1653	256.2133	0
49	17	490.1976	147.965	0
49	18	465.1721	75.56619	0
49	19	655.6544	439.2943	0
49	20	630.1626	319.0598	0
49	21	657.6991	651.0428	0
49	22	685.3735	582.8301	0
49	23	519.8571	272.8895	0
49	24	435.4179	47.95602	0
49	25	676.5668	406.5029	0
49	26	562.1892	153.2363	0
49	27	589.9886	119.1488	0
49	28	584.6629	643.454	0
49	29	358.706	38.30765	0
49	30	374.1446	91.61475	0
50	1	524.447	363.4252	0
50	2	540.306	82.34219	0
50	3	499.0357	365.9484	0
50	4	448.5438	268.2628	0
50	5	658.9009	521.1119	0
50	6	622.8025	260.0458	0
50	7	597.5869	373.0833	0
50	8	669.2064	376.0534	0
50	9	533.5904	57.17322	0
50	10	625.4973	468.2061	0
50	11	385.4812	-53.48169	0
50	12	391.192	42.60352	0
50	13	448.655	319.5671	0
50	14	518.9064	112.5748	0
50	15	461.2413	49.00024	0
50	16	550.2435	256.2406	0
50	17	490.1907	147.9559	0
50	18	465.1781	75.56546	0
50	19	655.6042	439.3093	0
50	20	630.1047	319.0438	0
50	21	657.6436	651.0191	0
50	22	685.3604	582.8203	0
50	23	519.8485	272.9025	0
50	24	435.4217	47.95047	0
50	25	676.5522	406.4624	0
50	26	562.1964	153.2362	0
50	27	589.9949	119.1488	0
50	28	584.6675	643.4479	0
50	29	358.7123	38.30771	0
50	30	374.1553	91.62766	0
50	31	697.0319	473.4365	0
51	1	524.4009	363.4362	0
51	2	540.2919	82.35999	0
51	3	499.0479	365.9496	0
51	4	448.5425	268.2676	0
51	5	658.9013	521.1016	0
51	6	622.7428	260.0295	0
51	7	597.5549	373.0529	0
51	8	669.1888	376.0176	0
51	9	533.5862	57.18079	0
51	10	625.4594	468.2188	0
51	11	385.4881	-53.48138	0
51	12	391.2007	42.60382	0
51	13	448.6563	319.5547	0
51	14	518.9117	112.5675	0
51	15	461.2131	49.02505	0
51	16	550.3038	256.2687	0
51	17	490.1788	147.9474	0
51	18	465.1857	75.565	0
51	19	655.556	439.3266	0
51	20	630.0507	319.037	0
51	21	657.5852	651.0016	0
51	22	685.3475	582.8098	0
51	23	519.8472	272.9071	0
51	24	435.4254	47.9451	0
51	25	676.527	406.4248	0
51	26	562.2059	153.2369	0
51	27	590.0034	119.1496	0
51	28	584.6725	643.4429	0
51	29	358.7199	38.3078	0
51	30	374.1469	91.61917	0
51	31	697.0421	473.4487	0
51	32	313.4014	-59.25159	0
52	1	524.3568	363.4457	0
52	2	540.2847	82.37125	0
52	3	499.0622	365.9503	0
52	4	448.546	268.2679	0
52	5	658.902	521.0914	0
52	6	622.6864	260.0252	0
52	7	597.5157	373.0259	0
52	8	669.1596	375.9855	0
52	9	533.5869	57.18307	0
52	10	625.426	468.2325	0
52	11	385.4977	-53.48102	0
52	12	391.2113	42.60495	0
52	13	448.6567	319.5428	0
52	14	518.9173	112.5594	0
52	15	461.1941	49.04657	0
52	16	550.3362	256.2885	0
52	17	490.1673	147.9388	0
52	18	465.1971	75.56491	0
52	19	655.5131	439.3448	0
52	20	629.9965	319.0436	0
52	21	657.5307	650.9899	0
52	22	685.3357	582.7986	0
52	23	519.8515	272.9067	0
52	24	435.4293	47.93909	0
52	25	676.4903	406.3905	0
52	26	562.2177	153.2379	0
52	27	590.0139	119.1503	0
52	28	584.6779	643.438	0
52	29	358.7305	38.30801	0
52	30	374.1391	91.57971	0
52	31	697.035	473.4416	0
52	32	313.3482	-59.26501	0
52	33	424.3905	-5.960693	0
53	1	524.3125	363.4558	0
53	2	540.2839	82.37598	0
53	3	499.0738	365.949	0
53	4	448.5511	268.2675	0
53	5	658.9016	521.0811	0
53	6	622.6299	260.0338	0
53	7	597.4716	373.0041	0
53	8	669.1223	375.9566	0
53	9	533.591	57.1832	0
53	10	625.3944	468.2494	0
53	11	385.5094	-53.47974	0
53	12	391.2231	42.60526	0
53	13	448.6486	319.5322	0
53	14	518.923	112.5501	0
53	15	461.1822	49.06207	0
53	16	550.3376	256.299	0
53	17	490.1568	147.9289	0
53	18	465.2112	75.56616	0
53	19	655.4722	439.3675	0
53	20	629.9444	319.0569	0
53	21	657.4767	650.9943	0
53	22	685.3206	582.7847	0
53	23	519.8574	272.9056	0
53	24	435.4334	47.93262	0
53	25	676.4455	406.36	0
53	26	562.2288	153.2375	0
53	27	590.0236	119.1499	0
53	28	584.6833	643.4318	0
53	29	358.7437	38.30942	0
53	30	374.1207	91.54123	0
53	31	697.0275	473.407	0
53	32	313.2986	-59.27252	0
53	33	424.3466	-5.97113	0
53	34	508.4568	413.2517	0
54	1	524.2695	363.4684	0
54	2	540.2881	82.37634	0
54	3	499.0829	365.9449	0
54	4	448.5579	268.2672	0
54	5	658.8939	521.0721	0
54	6	622.576	260.0478	0
54	7	597.4271	372.9902	0
54	8	669.0772	375.932	0
54	9	533.5958	57.18314	0
54	10	625.3649	468.2714	0
54	11	385.5232	-53.479	0
54	12	391.2323	42.60379	0
54	13	448.6348	319.5223	0
54	14	518.9244	112.5386	0
54	15	461.1779	49.07068	0
54	16	550.332	256.274	0
54	17	490.1427	147.917	0
54	18	465.2278	75.56647	0
54	19	655.4341	439.3974	0
54	20	629.8938	319.067	0
54	21	657.4241	651.0089	0
54	22	685.3076	582.7708	0
54	23	519.8656	272.9048	0
54	24	435.4366	47.92465	0
54	25	676.3954	406.3355	0
54	26	562.2374	153.2349	0
54	27	590.0312	119.1476	0
54	28	584.6861	643.4229	0
54	29	358.759	38.31027	0
54	30	374.0897	91.50647	0
54	31	697.0108	473.3732	0
54	32	313.2469	-59.2691	0
54	33	424.3046	-5.98114	0
54	34	508.4525	413.2599	0
54	35	753.606	582.7135	0
55	1	524.2292	363.4827	0
55	2	540.2937	82.37619	0
55	3	499.0885	365.9373	0
55	4	448.5671	268.2675	0
55	5	658.8823	521.0635	0
55	6	622.5229	260.058	0
55	7	597.3822	372.9776	0
55	8	669.0307	375.9145	0
55	9	533.6027	57.1832	0
55	10	625.3387	468.295	0
55	11	385.5345	-53.48029	0
55	12	391.2392	42.5994	0
55	13	448.6216	319.5121	0
55	14	518.9259	112.5256	0
55	15	461.1798	49.07291	0
55	16	550.3203	256.235	0
55	17	490.1316	147.906	0
55	18	465.2408	75.56442	0
55	19	655.4005	439.4274	0
55	20	629.8433	319.0794	0
55	21	657.3738	651.0222	0
55	22	685.2999	582.758	0
55	23	519.8773	272.9051	0
55	24	435.4368	47.91519	0
55	25	676.3447	406.32	0
55	26	562.2434	153.2293	0
55	27	590.0364	119.1424	0
55	28	584.6872	643.4121	0
55	29	358.7719	38.30899	0
55	30	374.05	91.47501	0
55	31	696.9836	473.3427	0
55	32	313.1958	-59.25922	0
55	33	424.263	-5.981812	0
55	34	508.4532	413.2619	0
55	35	753.6024	582.7056	0
55	36	580.9507	418.5559	0
56	1	524.1932	363.4985	0
56	2	540.3011	82.37628	0
56	3	499.0937	365.9298	0
56	4	448.5783	268.2686	0
56	5	658.8712	521.0545	0
56	6	622.4705	260.0712	0
56	7	597.3396	372.9741	0
56	8	668.9834	375.9015	0
56	9	533.6117	57.18411	0
56	10	625.3178	468.3164	0
56	11	385.5431	-53.48486	0
56	12	391.2436	42.59286	0
56	13	448.6096	319.5006	0
56	14	518.9255	112.5135	0
56	15	461.1853	49.07297	0
56	16	550.2981	256.1982	0
56	17	490.125	147.8958	0
56	18	465.2509	75.55823	0
56	19	655.3752	439.4542	0
56	20	629.7939	319.0945	0
56	21	657.3233	651.0355	0
56	22	685.2981	582.7493	0
56	23	519.8918	272.9062	0
56	24	435.4376	47.90561	0
56	25	676.294	406.3057	0
56	26	562.2477	153.2227	0
56	27	590.0402	119.1367	0
56	28	584.6877	643.4015	0
56	29	358.7816	38.30435	0
56	30	374.0019	91.44815	0
56	31	696.949	473.3149	0
56	32	313.1466	-59.25171	0
56	33	424.221	-5.975281	0
56	34	508.4573	413.2615	0
56	35	753.6089	582.7039	0
56	36	580.9159	418.5317	0
57	1	524.1591	363.5183	0
57	2	540.3115	82.37701	0
57	3	499.0983	365.9231	0
57	4	448.5901	268.2687	0
57	5	658.861	521.0444	0
57	6	622.4184	260.0875	0
57	7	597.2968	372.9807	0
57	8	668.9398	375.8932	0
57	9	533.6225	57.18478	0
57	10	625.3045	468.3345	0
57	11	385.5486	-53.49207	0
57	12	391.248	42.5871	0
57	13	448.5935	319.4865	0
57	14	518.9229	112.5022	0
57	15	461.192	49.073	0
57	16	550.2639	256.1652	0
57	17	490.1243	147.8902	0
57	18	465.2573	75.54901	0
57	19	655.3589	439.4761	0
57	20	629.7489	319.1114	0
57	21	657.274	651.0514	0
57	22	685.3095	582.7486	0
57	23	519.9062	272.9057	0
57	24	435.4376	47.89682	0
57	25	676.2458	406.3022	0
57	26	562.2517	153.2169	0
57	27	590.0437	119.1316	0
57	28	584.687	643.3909	0
57	29	358.788	38.29626	0
57	30	373.9529	91.42883	0
57	31	696.9076	473.2913	0
57	32	313.0974	-59.2428	0
57	33	424.1809	-5.967346	0
57	34	508.4623	413.2609	0
57	35	753.6284	582.7074	0
57	36	580.8767	418.5123	0
57	37	520.7007	322.8213	0
58	1	524.1272	363.5437	0
58	2	540.324	82.37811	0
58	3	499.1029	365.9169	0
58	4	448.5992	268.2667	0
58	5	658.8475	521.0322	0
58	6	622.3718	260.1055	0
58	7	597.2559	372.9914	0
58	8	668.8964	375.8967	0
58	9	533.6321	57.18414	0
58	10	625.2971	468.3465	0
58	11	385.5537	-53.4989	0
58	12	391.2518	42.58154	0
58	13	448.581	319.4734	0
58	14	518.9104	112.492	0
58	15	461.2014	49.07315	0
58	16	550.2214	256.1358	0
58	17	490.1357	147.8909	0
58	18	465.2635	75.5408	0
58	19	655.3505	439.4898	0
58	20	629.7078	319.1307	0
58	21	657.2274	651.0684	0
58	22	685.3366	582.7545	0
58	23	519.9174	272.9025	0
58	24	435.4314	47.88882	0
58	25	676.1979	406.31	0
58	26	562.2557	153.2114	0
58	27	590.0472	119.1266	0
58	28	584.6775	643.3818	0
58	29	358.7937	38.28851	0
58	30	373.9018	91.4155	0
58	31	696.8654	473.2739	0
58	32	313.0499	-59.23059	0
58	33	424.1412	-5.960815	0
58	34	508.4692	413.2605	0
58	35	753.6614	582.7165	0
58	36	580.8372	418.4998	0
58	37	520.7048	322.8154	0
58	38	728.4612	441.9464	0
59	1	524.0991	363.5688	0
59	2	540.3366	82.37796	0
59	3	499.1078	365.9106	0
59	4	448.6059	268.262	0
59	5	658.8372	521.0208	0
59	6	622.3282	260.126	0
59	7	597.2158	372.9995	0
59	8	668.8544	375.9076	0
59	9	533.6395	57.1813	0
59	10	625.2953	468.3517	0
59	11	385.5581	-53.50543	0
59	12	391.2556	42.57605	0
59	13	448.5737	319.461	0
59	14	518.8967	112.4816	0
59	15	461.2133	49.07446	0
59	16	550.1718	256.1115	0
59	17	490.1615	147.8972	0
59	18	465.2693	75.53293	0
59	19	655.3489	439.4944	0
59	20	629.6691	319.1556	0
59	21	657.1857	651.0871	0
59	22	685.3797	582.7656	0
59	23	519.9254	272.8955	0
59	24	435.4209	47.88123	0
59	25	676.1525	406.3223	0
59	26	562.2599	153.2057	0
59	27	590.051	119.1216	0
59	28	584.6654	643.3729	0
59	29	358.7986	38.28122	0
59	30	373.8536	91.40634	0
59	31	696.8211	473.2613	0
59	32	313.0063	-59.21503	0
59	33	424.1024	-5.951782	0
59	34	508.4783	413.2611	0
59	35	753.7061	582.7258	0
59	36	580.7974	418.4885	0
59	37	520.7089	322.8099	0
59	38	728.4666	441.9406	0
59	39	444.9878	96.73495	0
60	1	524.0991	363.5688	0
60	2	540.3366	82.37796	0
60	3	499.1078	365.9106	0
60	4	448.6059	268.262	0
60	5	658.8372	521.0208	0
60	6	622.3282	260.126	0
60	7	597.2158	372.9995	0
60	8	668.8544	375.9076	0
60	9	533.6395	57.1813	0
60	10	625.2953	468.3517	0
60	11	385.5581	-53.50543	0
60	12	391.2556	42.57605	0
60	13	448.5737	319.461	0
60	14	518.8967	112.4816	0
60	15	461.2133	49.07446	0
60	16	550.1718	256.1115	0
60	17	490.1615	147.8972	0
60	18	465.2693	75.53293	0
60	19	655.3489	439.4944	0
60	20	629.6691	319.1556	0
60	21	657.1857	651.0871	0
60	22	685.3797	582.7656	0
60	23	519.9254	272.8955	0
60	24	435.4209	47.88123	0
60	25	676.1525	406.3223	0
60	26	562.2599	153.2057	0
60	27	590.051	119.1216	0
60	28	584.6654	643.3729	0
60	29	358.7986	38.28122	0
60	30	373.8536	91.40634	0
60	31	696.8211	473.2613	0
60	32	313.0063	-59.21503	0
60	33	424.1024	-5.951782	0
60	34	508.4783	413.2611	0
60	35	753.7061	582.7258	0
60	36	580.7974	418.4885	0
60	37	520.7089	322.8099	0
60	38	728.4666	441.9406	0
60	39	444.9878	96.73495	0
60	40	497.1984	0.4229736	0
17	1	526.749	363.417	0
18	1	526.7416	363.4078	0
18	2	539.9403	85.87134	0
19	1	526.7299	363.3991	0
19	2	539.9504	85.87222	0
19	3	499.7649	365.0681	0
20	1	526.7186	363.39	0
20	2	539.9625	85.87265	0
20	3	499.769	365.0627	0
20	4	448.9664	267.8046	0
21	1	526.7083	363.3799	0
21	2	539.9724	85.87131	0
21	3	499.7734	365.057	0
21	4	448.9545	267.8206	0
21	5	661.2894	522.0535	0
22	1	526.6946	363.3677	0
22	2	539.9802	85.86722	0
22	3	499.778	365.0507	0
22	4	448.95	267.8296	0
22	5	661.3011	522.0546	0
22	6	622.052	261.1475	0
23	1	526.6843	363.3564	0
23	2	539.9852	85.8605	0
23	3	499.7813	365.0423	0
23	4	448.9515	267.8317	0
23	5	661.3144	522.0546	0
23	6	622.0475	261.1384	0
23	7	599.4052	373.0186	0
24	1	526.6785	363.3458	0
24	2	539.9897	85.85437	0
24	3	499.7816	365.0321	0
24	4	448.9567	267.8315	0
24	5	661.3246	522.0526	0
24	6	622.0555	261.1365	0
24	7	599.3544	373.0044	0
24	8	669.761	376.7661	0
25	1	526.6786	363.3395	0
25	2	539.994	85.84857	0
25	3	499.7823	365.0219	0
25	4	448.963	267.831	0
25	5	661.3328	522.0479	0
25	6	622.08	261.1411	0
25	7	599.3069	372.9948	0
25	8	669.7679	376.7642	0
25	9	536.1908	48.87875	0
26	1	526.6786	363.3395	0
26	2	539.994	85.84857	0
26	3	499.7823	365.0219	0
26	4	448.963	267.831	0
26	5	661.3328	522.0479	0
26	6	622.08	261.1411	0
26	7	599.3069	372.9948	0
26	8	669.7679	376.7642	0
26	9	536.1908	48.87875	0
17	1	525.2197	363.0442	0
18	1	525.2073	363.0603	0
18	2	540.0466	84.66095	0
19	1	525.2015	363.0698	0
19	2	540.0558	84.66156	0
19	3	497.6205	365.5301	0
20	1	525.201	363.0725	0
20	2	540.067	84.66254	0
20	3	497.6869	365.5405	0
20	4	445.8631	267.7667	0
21	1	525.2049	363.0719	0
21	2	540.0784	84.66248	0
21	3	497.762	365.549	0
21	4	445.8689	267.7581	0
21	5	660.9481	520.7855	0
22	1	525.2096	363.0708	0
22	2	540.0872	84.66028	0
22	3	497.8477	365.559	0
22	4	445.8742	267.7505	0
22	5	660.9691	520.7896	0
22	6	620.4185	261.6014	0
23	1	525.2166	363.07	0
23	2	540.0934	84.65512	0
23	3	497.9385	365.573	0
23	4	445.8796	267.7433	0
23	5	661.004	520.799	0
23	6	620.4222	261.5959	0
23	7	596.5008	371.3291	0
24	1	525.2261	363.0704	0
24	2	540.0977	84.64862	0
24	3	498.0324	365.5918	0
24	4	445.8852	267.7366	0
24	5	661.051	520.8085	0
24	6	620.426	261.5907	0
24	7	596.5051	371.3286	0
24	8	668.8222	377.7716	0
25	1	525.238	363.0712	0
25	2	540.1018	84.64291	0
25	3	498.1244	365.6172	0
25	4	445.8911	267.7293	0
25	5	661.1088	520.8178	0
25	6	620.43	261.5857	0
25	7	596.5107	371.3282	0
25	8	668.7819	377.7851	0
25	9	534.1801	51.20193	0
26	1	525.2489	363.0705	0
26	2	540.1057	84.63733	0
26	3	498.2041	365.6492	0
26	4	445.8969	267.7203	0
26	5	661.173	520.8261	0
26	6	620.4344	261.5801	0
26	7	596.5188	371.3281	0
26	8	668.7464	377.7994	0
26	9	534.1932	51.20334	0
27	1	525.2575	363.0677	0
27	2	540.1097	84.63177	0
27	3	498.2574	365.6786	0
27	4	445.8983	267.7088	0
27	5	661.2466	520.8351	0
27	6	620.4387	261.5734	0
27	7	596.5287	371.3291	0
27	8	668.7126	377.8165	0
27	9	534.2084	51.20389	0
27	10	626.4371	469.8039	0
28	1	525.2634	363.0618	0
28	2	540.1141	84.62552	0
28	3	498.2797	365.6959	0
28	4	445.9003	267.6958	0
28	5	661.3243	520.847	0
28	6	620.4395	261.5649	0
28	7	596.5399	371.3294	0
28	8	668.6811	377.8395	0
28	9	534.2203	51.20224	0
28	10	626.3938	469.7833	0
28	11	384.9282	-50.3288	0
29	1	525.268	363.055	0
29	2	540.1186	84.6185	0
29	3	498.2712	365.7001	0
29	4	445.9002	267.6837	0
29	5	661.4044	520.8629	0
29	6	620.4407	261.5554	0
29	7	596.5488	371.328	0
29	8	668.6528	377.8641	0
29	9	534.2297	51.1969	0
29	10	626.3496	469.7703	0
29	11	384.9204	-50.33752	0
29	12	389.8379	41.62576	0
30	1	525.2723	363.0491	0
30	2	540.1203	84.6098	0
30	3	498.2661	365.6567	0
30	4	445.8973	267.6724	0
30	5	661.4827	520.8847	0
30	6	620.4402	261.5465	0
30	7	596.5557	371.3244	0
30	8	668.6299	377.8862	0
30	9	534.2354	51.18863	0
30	10	626.3063	469.7582	0
30	11	384.9089	-50.34583	0
30	12	389.8243	41.61392	0
30	13	450.4282	318.9742	0
31	1	525.2768	363.0436	0
31	2	540.1212	84.59985	0
31	3	498.2489	365.6136	0
31	4	445.8844	267.6623	0
31	5	661.5506	520.9128	0
31	6	620.4376	261.5382	0
31	7	596.5599	371.3181	0
31	8	668.6152	377.9052	0
31	9	534.2408	51.18124	0
31	10	626.2645	469.7566	0
31	11	384.898	-50.35431	0
31	12	389.8152	41.60379	0
31	13	450.4216	318.9661	0
31	14	518.1077	114.3033	0
32	1	525.2816	363.0386	0
32	2	540.1212	84.59039	0
32	3	498.219	365.5747	0
32	4	445.8707	267.652	0
32	5	661.5961	520.9383	0
32	6	620.4281	261.5307	0
32	7	596.5639	371.3123	0
32	8	668.6067	377.9179	0
32	9	534.2457	51.17416	0
32	10	626.2228	469.7645	0
32	11	384.8879	-50.3642	0
32	12	389.8105	41.59464	0
32	13	450.411	318.9584	0
32	14	518.1673	114.3105	0
32	15	464.2332	51.10559	0
33	1	525.2866	363.0332	0
33	2	540.1198	84.58163	0
33	3	498.1778	365.5396	0
33	4	445.858	267.6414	0
33	5	661.6141	520.9539	0
33	6	620.418	261.523	0
33	7	596.5676	371.307	0
33	8	668.6042	377.9235	0
33	9	534.2507	51.16718	0
33	10	626.1832	469.7753	0
33	11	384.8747	-50.37543	0
33	12	389.8126	41.59039	0
33	13	450.4008	318.9505	0
33	14	518.2358	114.3183	0
33	15	464.3092	51.12671	0
33	16	548.7947	255.7563	0
34	1	525.2915	363.0266	0
34	2	540.1109	84.57373	0
34	3	498.1273	365.5087	0
34	4	445.8437	267.6278	0
34	5	661.6061	520.9569	0
34	6	620.4088	261.515	0
34	7	596.5714	371.3022	0
34	8	668.6064	377.9236	0
34	9	534.256	51.15948	0
34	10	626.144	469.7838	0
34	11	384.8653	-50.38519	0
34	12	389.8273	41.59232	0
34	13	450.3914	318.9415	0
34	14	518.3099	114.3297	0
34	15	464.3762	51.15158	0
34	16	548.7828	255.7446	0
34	17	488.5748	147.3825	0
35	1	525.2927	363.0176	0
35	2	540.1002	84.56583	0
35	3	498.0725	365.4854	0
35	4	445.8282	267.6129	0
35	5	661.6004	520.919	0
35	6	620.3983	261.505	0
35	7	596.5756	371.2972	0
35	8	668.6107	377.9225	0
35	9	534.2616	51.15103	0
35	10	626.1056	469.7949	0
35	11	384.8604	-50.3941	0
35	12	389.8565	41.60025	0
35	13	450.3789	318.9306	0
35	14	518.3866	114.3452	0
35	15	464.4233	51.1741	0
35	16	548.7672	255.7308	0
35	17	488.5898	147.3835	0
35	18	467.8286	80.19171	0
36	1	525.2946	363.0076	0
36	2	540.0902	84.55771	0
36	3	498.0176	365.4707	0
36	4	445.8188	267.6006	0
36	5	661.5843	520.8814	0
36	6	620.387	261.4942	0
36	7	596.5799	371.2915	0
36	8	668.6164	377.9217	0
36	9	534.2657	51.14069	0
36	10	626.0677	469.8074	0
36	11	384.8616	-50.3985	0
36	12	389.8996	41.61169	0
36	13	450.3694	318.9205	0
36	14	518.4638	114.3656	0
36	15	464.4453	51.18805	0
36	16	548.7562	255.7187	0
36	17	488.6044	147.3829	0
36	18	467.7885	80.20023	0
37	1	525.2947	362.9982	0
37	2	540.08	84.54794	0
37	3	497.9655	365.4575	0
37	4	445.8146	267.5911	0
37	5	661.5575	520.8473	0
37	6	620.3802	261.4853	0
37	7	596.5829	371.2841	0
37	8	668.625	377.9213	0
37	9	534.2661	51.12836	0
37	10	626.0344	469.8208	0
37	11	384.8749	-50.39685	0
37	12	389.9557	41.62247	0
37	13	450.3638	318.9109	0
37	14	518.5334	114.3907	0
37	15	464.4394	51.19614	0
37	16	548.7501	255.7073	0
37	17	488.6159	147.3795	0
37	18	467.7496	80.21136	0
37	19	654.7118	438.5164	0
38	1	525.2925	362.9892	0
38	2	540.0677	84.53693	0
38	3	497.914	365.4579	0
38	4	445.8218	267.5886	0
38	5	661.5214	520.816	0
38	6	620.3771	261.4784	0
38	7	596.5833	371.275	0
38	8	668.636	377.9222	0
38	9	534.2669	51.11606	0
38	10	626.0029	469.8371	0
38	11	384.9021	-50.38953	0
38	12	390.0192	41.63174	0
38	13	450.3637	318.9056	0
38	14	518.5848	114.4148	0
38	15	464.4365	51.16299	0
38	16	548.7515	255.7015	0
38	17	488.6239	147.3721	0
38	18	467.7144	80.22424	0
38	19	654.7559	438.5426	0
38	20	629.7988	319.8057	0
39	1	525.2826	362.9814	0
39	2	540.0598	84.52789	0
39	3	497.8624	365.4689	0
39	4	445.8447	267.5925	0
39	5	661.4777	520.7888	0
39	6	620.3826	261.4766	0
39	7	596.5839	371.2659	0
39	8	668.6484	377.9223	0
39	9	534.2667	51.10468	0
39	10	625.9736	469.8584	0
39	11	384.9431	-50.37823	0
39	12	390.0921	41.6402	0
39	13	450.3746	318.9062	0
39	14	518.6111	114.4306	0
39	15	464.4238	51.12891	0
39	16	548.7675	255.7032	0
39	17	488.6297	147.3635	0
39	18	467.682	80.23898	0
39	19	654.7673	438.5564	0
39	20	629.788	319.7932	0
39	21	658.1621	653.728	0
40	1	525.272	362.9734	0
40	2	540.0558	84.52017	0
40	3	497.8133	365.4814	0
40	4	445.8857	267.6043	0
40	5	661.4315	520.7681	0
40	6	620.3997	261.4796	0
40	7	596.5836	371.257	0
40	8	668.658	377.9204	0
40	9	534.2582	51.09436	0
40	10	625.9471	469.8819	0
40	11	384.9968	-50.36749	0
40	12	390.1733	41.65228	0
40	13	450.3983	318.912	0
40	14	518.6088	114.4393	0
40	15	464.401	51.0976	0
40	16	548.7996	255.7116	0
40	17	488.635	147.3557	0
40	18	467.6516	80.258	0
40	19	654.7596	438.544	0
40	20	629.7822	319.7827	0
40	21	658.2454	653.7376	0
40	22	683.3664	579.2001	0
41	1	525.262	362.965	0
41	2	540.0591	84.51733	0
41	3	497.7642	365.4917	0
41	4	445.9421	267.6174	0
41	5	661.3838	520.7543	0
41	6	620.4297	261.4882	0
41	7	596.5769	371.2491	0
41	8	668.6656	377.9159	0
41	9	534.2447	51.08453	0
41	10	625.9257	469.9034	0
41	11	385.0583	-50.35828	0
41	12	390.2579	41.66858	0
41	13	450.4349	318.9219	0
41	14	518.6046	114.4114	0
41	15	464.3686	51.06943	0
41	16	548.8472	255.7239	0
41	17	488.6403	147.3485	0
41	18	467.6234	80.28091	0
41	19	654.7501	438.5013	0
41	20	629.787	319.779	0
41	21	658.34	653.7479	0
41	22	683.3488	579.1608	0
41	23	522.0504	272.2447	0
42	1	525.2509	362.9544	0
42	2	540.0745	84.51965	0
42	3	497.7162	365.505	0
42	4	446.013	267.6292	0
42	5	661.338	520.7426	0
42	6	620.4709	261.4976	0
42	7	596.5668	371.2417	0
42	8	668.6704	377.9088	0
42	9	534.2316	51.07434	0
42	10	625.9119	469.9217	0
42	11	385.1285	-50.35016	0
42	12	390.3444	41.69034	0
42	13	450.4832	318.9311	0
42	14	518.5929	114.3765	0
42	15	464.3287	51.04456	0
42	16	548.9095	255.7355	0
42	17	488.6459	147.3415	0
42	18	467.5991	80.30215	0
42	19	654.7294	438.4598	0
42	20	629.8076	319.7821	0
42	21	658.4402	653.762	0
42	22	683.3198	579.1253	0
42	23	521.9996	272.2252	0
42	24	433.6895	43.15256	0
43	1	525.2386	362.9427	0
43	2	540.1031	84.5278	0
43	3	497.6696	365.5209	0
43	4	446.0934	267.6384	0
43	5	661.2935	520.7432	0
43	6	620.5226	261.5064	0
43	7	596.5569	371.2338	0
43	8	668.6749	377.9024	0
43	9	534.2197	51.06305	0
43	10	625.9038	469.9344	0
43	11	385.2073	-50.33862	0
43	12	390.4239	41.71738	0
43	13	450.5405	318.9392	0
43	14	518.5715	114.3441	0
43	15	464.2839	51.02481	0
43	16	548.981	255.7462	0
43	17	488.6518	147.3339	0
43	18	467.5825	80.32071	0
43	19	654.6953	438.4225	0
43	20	629.8461	319.7931	0
43	21	658.5435	653.7806	0
43	22	683.2816	579.0929	0
43	23	521.9462	272.2105	0
43	24	433.7038	43.15378	0
43	25	673.2715	406.5426	0
44	1	525.2386	362.9427	0
44	2	540.1031	84.5278	0
44	3	497.6696	365.5209	0
44	4	446.0934	267.6384	0
44	5	661.2935	520.7432	0
44	6	620.5226	261.5064	0
44	7	596.5569	371.2338	0
44	8	668.6749	377.9024	0
44	9	534.2197	51.06305	0
44	10	625.9038	469.9344	0
44	11	385.2073	-50.33862	0
44	12	390.4239	41.71738	0
44	13	450.5405	318.9392	0
44	14	518.5715	114.3441	0
44	15	464.2839	51.02481	0
44	16	548.981	255.7462	0
44	17	488.6518	147.3339	0
44	18	467.5825	80.32071	0
44	19	654.6953	438.4225	0
44	20	629.8461	319.7931	0
44	21	658.5435	653.7806	0
44	22	683.2816	579.0929	0
44	23	521.9462	272.2105	0
44	24	433.7038	43.15378	0
44	25	673.2715	406.5426	0
44	26	562.9998	154.659	0
17	1	525.1683	365.7109	0
18	1	525.1602	365.7006	0
18	2	539.4866	79.03638	0
19	1	525.1468	365.6909	0
19	2	539.4719	79.02591	0
19	3	497.2934	366.7079	0
20	1	525.1339	365.6809	0
20	2	539.4578	79.01526	0
20	3	497.2935	366.6965	0
20	4	449.9342	267.5078	0
21	1	525.1221	365.6696	0
21	2	539.4446	79.00287	0
21	3	497.2905	366.6857	0
21	4	449.9236	267.4968	0
21	5	661.0211	523.3197	0
22	1	525.1061	365.6557	0
22	2	539.4269	78.98825	0
22	3	497.2783	366.6761	0
22	4	449.9174	267.4874	0
22	5	661.1044	523.3287	0
22	6	621.8958	260.6212	0
23	1	525.0939	365.6428	0
23	2	539.4139	78.97546	0
23	3	497.2654	366.6664	0
23	4	449.916	267.4809	0
23	5	661.1974	523.34	0
23	6	621.989	260.6316	0
23	7	598.064	374.4801	0
24	1	525.0865	365.6306	0
24	2	539.4061	78.96338	0
24	3	497.2534	366.6562	0
24	4	449.9242	267.4801	0
24	5	661.2938	523.355	0
24	6	622.0894	260.6467	0
24	7	598.0735	374.4761	0
24	8	668.2123	375.5821	0
25	1	525.0859	365.6236	0
25	2	539.4062	78.95749	0
25	3	497.2397	366.6431	0
25	4	449.9449	267.4844	0
25	5	661.3932	523.3757	0
25	6	622.1929	260.6669	0
25	7	598.0797	374.4686	0
25	8	668.2165	375.5817	0
25	9	535.0801	54.22644	0
26	1	525.0994	365.6243	0
26	2	539.4221	78.95929	0
26	3	497.2251	366.6288	0
26	4	449.9789	267.4938	0
26	5	661.488	523.4047	0
26	6	622.2969	260.694	0
26	7	598.0847	374.461	0
26	8	668.2217	375.5812	0
26	9	535.09	54.22424	0
27	1	525.129	365.6315	0
27	2	539.456	78.96829	0
27	3	497.216	366.6169	0
27	4	450.0248	267.5036	0
27	5	661.5679	523.4404	0
27	6	622.391	260.7285	0
27	7	598.0895	374.4542	0
27	8	668.2293	375.5809	0
27	9	535.0975	54.2186	0
27	10	625.2233	472.5057	0
28	1	525.1747	365.6438	0
28	2	539.5072	78.98267	0
28	3	497.2119	366.6077	0
28	4	450.0806	267.5127	0
28	5	661.6171	523.4699	0
28	6	622.4605	260.7623	0
28	7	598.0946	374.4481	0
28	8	668.239	375.5818	0
28	9	535.1024	54.21121	0
28	10	625.185	472.5223	0
28	11	381.7654	-56.42273	0
29	1	525.2351	365.6552	0
29	2	539.5748	78.99591	0
29	3	497.2187	366.6052	0
29	4	450.1421	267.5203	0
29	5	661.6309	523.4857	0
29	6	622.4955	260.7844	0
29	7	598.1001	374.4422	0
29	8	668.2504	375.5824	0
29	9	535.1072	54.20483	0
29	10	625.1487	472.543	0
29	11	381.7203	-56.4046	0
29	12	388.5965	39.20944	0
30	1	525.3071	365.6655	0
30	2	539.6545	79.00711	0
30	3	497.2407	366.6088	0
30	4	450.2132	267.5293	0
30	5	661.6227	523.4745	0
30	6	622.4913	260.7965	0
30	7	598.1059	374.4359	0
30	8	668.2598	375.5814	0
30	9	535.1118	54.19873	0
30	10	625.115	472.5701	0
30	11	381.6773	-56.38263	0
30	12	388.6369	39.2215	0
30	13	450.1473	319.6359	0
31	1	525.3892	365.6743	0
31	2	539.7455	79.01691	0
31	3	497.2795	366.6199	0
31	4	450.2884	267.5417	0
31	5	661.6127	523.4277	0
31	6	622.4854	260.7561	0
31	7	598.1111	374.4274	0
31	8	668.2674	375.5782	0
31	9	535.1167	54.19275	0
31	10	625.0851	472.5968	0
31	11	381.6367	-56.35327	0
31	12	388.6915	39.23419	0
31	13	450.1417	319.645	0
31	14	519.9514	112.4586	0
32	1	525.4808	365.6861	0
32	2	539.8467	79.03125	0
32	3	497.3327	366.632	0
32	4	450.3664	267.5582	0
32	5	661.5905	523.3821	0
32	6	622.4686	260.708	0
32	7	598.1119	374.4167	0
32	8	668.2719	375.5721	0
32	9	535.1219	54.18619	0
32	10	625.0633	472.6206	0
32	11	381.6002	-56.32385	0
32	12	388.7593	39.24539	0
32	13	450.1417	319.6473	0
32	14	520.0309	112.47	0
32	15	460.2133	46.26913	0
33	1	525.5761	365.7019	0
33	2	539.9516	79.05072	0
33	3	497.3997	366.6429	0
33	4	450.4421	267.5801	0
33	5	661.5538	523.3411	0
33	6	622.4385	260.6636	0
33	7	598.1136	374.4052	0
33	8	668.2759	375.5661	0
33	9	535.1273	54.17905	0
33	10	625.0491	472.6398	0
33	11	381.5718	-56.29773	0
33	12	388.8357	39.25375	0
33	13	450.1458	319.6467	0
33	14	520.1133	112.4854	0
33	15	460.3072	46.28284	0
33	16	549.6285	256.1576	0
34	1	525.6743	365.7234	0
34	2	540.0593	79.07703	0
34	3	497.4755	366.6516	0
34	4	450.5061	267.6062	0
34	5	661.5068	523.3043	0
34	6	622.3944	260.6236	0
34	7	598.1136	374.3942	0
34	8	668.2796	375.5607	0
34	9	535.1304	54.16992	0
34	10	625.0421	472.6516	0
34	11	381.5529	-56.27655	0
34	12	388.9231	39.26459	0
34	13	450.1507	319.6457	0
34	14	520.1975	112.5062	0
34	15	460.4044	46.30145	0
34	16	549.6309	256.1592	0
34	17	490.9473	150.297	0
35	1	525.7671	365.7528	0
35	2	540.1605	79.1105	0
35	3	497.5623	366.6615	0
35	4	450.5476	267.6287	0
35	5	661.4501	523.273	0
35	6	622.34	260.588	0
35	7	598.1085	374.3842	0
35	8	668.2836	375.5557	0
35	9	535.1314	54.15924	0
35	10	625.0411	472.6551	0
35	11	381.5425	-56.26306	0
35	12	389.0161	39.2803	0
35	13	450.1579	319.645	0
35	14	520.2759	112.5326	0
35	15	460.5041	46.32635	0
35	16	549.6369	256.1589	0
35	17	490.9177	150.2679	0
35	18	468.9958	79.46722	0
36	1	525.8434	365.7866	0
36	2	540.2425	79.14511	0
36	3	497.6552	366.6754	0
36	4	450.5634	267.6423	0
36	5	661.3917	523.2506	0
36	6	622.2784	260.5596	0
36	7	598.096	374.3751	0
36	8	668.2878	375.5507	0
36	9	535.1323	54.14893	0
36	10	625.0451	472.6543	0
36	11	381.5405	-56.25702	0
36	12	389.1124	39.30151	0
36	13	450.1676	319.6455	0
36	14	520.3382	112.5598	0
36	15	460.5963	46.35757	0
36	16	549.6442	256.1585	0
36	17	490.8806	150.242	0
36	18	468.9913	79.47565	0
37	1	525.8888	365.8137	0
37	2	540.29	79.17123	0
37	3	497.7512	366.694	0
37	4	450.5555	267.6439	0
37	5	661.3322	523.2335	0
37	6	622.2167	260.5426	0
37	7	598.0837	374.3658	0
37	8	668.2924	375.5452	0
37	9	535.132	54.13947	0
37	10	625.0502	472.6529	0
37	11	381.5447	-56.25665	0
37	12	389.2068	39.32892	0
37	13	450.1794	319.6462	0
37	14	520.3734	112.5797	0
37	15	460.669	46.38889	0
37	16	549.6547	256.1584	0
37	17	490.8369	150.2203	0
37	18	468.9925	79.47806	0
37	19	655.7056	438.6376	0
38	1	525.9	365.8281	0
38	2	540.2997	79.185	0
38	3	497.8465	366.7192	0
38	4	450.5504	267.6084	0
38	5	661.2774	523.2229	0
38	6	622.1564	260.5262	0
38	7	598.0724	374.3557	0
38	8	668.2961	375.538	0
38	9	535.1234	54.13086	0
38	10	625.0577	472.6518	0
38	11	381.5509	-56.25708	0
38	12	389.2876	39.36005	0
38	13	450.1902	319.6455	0
38	14	520.3786	112.5901	0
38	15	460.7097	46.41177	0
38	16	549.6677	256.1598	0
38	17	490.793	150.2065	0
38	18	468.9973	79.47809	0
38	19	655.6515	438.6226	0
38	20	632.2773	320.363	0
39	1	525.8918	365.8144	0
39	2	540.2911	79.16599	0
39	3	497.9303	366.7516	0
39	4	450.5356	267.5733	0
39	5	661.2228	523.2278	0
39	6	622.0991	260.5228	0
39	7	598.0583	374.3429	0
39	8	668.2964	375.5291	0
39	9	535.1118	54.12256	0
39	10	625.0681	472.6519	0
39	11	381.5594	-56.2572	0
39	12	389.3412	39.38702	0
39	13	450.1986	319.6425	0
39	14	520.3723	112.5718	0
39	15	460.7155	46.42377	0
39	16	549.6831	256.1605	0
39	17	490.7491	150.1948	0
39	18	469.0031	79.478	0
39	19	655.6013	438.6119	0
39	20	632.2631	320.3188	0
39	21	658.9271	654.0762	0
40	1	525.8821	365.7692	0
40	2	540.2792	79.11755	0
40	3	497.9886	366.7827	0
40	4	450.5103	267.5414	0
40	5	661.1699	523.2428	0
40	6	622.0418	260.5321	0
40	7	598.045	374.3299	0
40	8	668.2974	375.5197	0
40	9	535.1007	54.1142	0
40	10	625.0813	472.6529	0
40	11	381.5714	-56.25665	0
40	12	389.3636	39.40292	0
40	13	450.2043	319.6364	0
40	14	520.3623	112.5338	0
40	15	460.7081	46.40195	0
40	16	549.6956	256.1591	0
40	17	490.7081	150.19	0
40	18	469.0113	79.47806	0
40	19	655.5516	438.6151	0
40	20	632.2371	320.2771	0
40	21	658.9333	654.0703	0
40	22	683.2629	578.5679	0
41	1	525.8605	365.7253	0
41	2	540.2546	79.07095	0
41	3	498.0156	366.8019	0
41	4	450.4762	267.5123	0
41	5	661.1191	523.2556	0
41	6	621.9873	260.5461	0
41	7	598.037	374.3184	0
41	8	668.2971	375.5107	0
41	9	535.0901	54.10416	0
41	10	625.0941	472.6524	0
41	11	381.5859	-56.25549	0
41	12	389.3546	39.40704	0
41	13	450.2089	319.6298	0
41	14	520.3422	112.4975	0
41	15	460.6965	46.35745	0
41	16	549.7054	256.1545	0
41	17	490.6661	150.1948	0
41	18	469.0217	79.47916	0
41	19	655.5032	438.6276	0
41	20	632.1982	320.2393	0
41	21	658.94	654.0645	0
41	22	683.2238	578.5797	0
41	23	520.2483	271.8132	0
42	1	525.8246	365.686	0
42	2	540.2141	79.02936	0
42	3	498.0071	366.8128	0
42	4	450.4348	267.4871	0
42	5	661.0679	523.2686	0
42	6	621.9333	260.5566	0
42	7	598.0342	374.3105	0
42	8	668.2918	375.5026	0
42	9	535.0762	54.0925	0
42	10	625.1041	472.6496	0
42	11	381.6012	-56.2558	0
42	12	389.3499	39.36401	0
42	13	450.2131	319.6239	0
42	14	520.3099	112.4651	0
42	15	460.6731	46.31509	0
42	16	549.7115	256.1463	0
42	17	490.6255	150.2043	0
42	18	469.0341	79.47989	0
42	19	655.4568	438.6392	0
42	20	632.1502	320.2054	0
42	21	658.9467	654.0564	0
42	22	683.1846	578.5931	0
42	23	520.2492	271.8012	0
42	24	434.5224	46.74176	0
43	1	525.7787	365.6507	0
43	2	540.1629	78.99213	0
43	3	498.0035	366.7682	0
43	4	450.3909	267.4679	0
43	5	661.0179	523.2842	0
43	6	621.88	260.5701	0
43	7	598.0434	374.3096	0
43	8	668.2816	375.4951	0
43	9	535.0663	54.08267	0
43	10	625.1111	472.6434	0
43	11	381.613	-56.25867	0
43	12	389.3331	39.32162	0
43	13	450.2175	319.6184	0
43	14	520.2693	112.4361	0
43	15	460.6353	46.27728	0
43	16	549.717	256.1384	0
43	17	490.5862	150.2114	0
43	18	469.0449	79.4791	0
43	19	655.41	438.6502	0
43	20	632.0953	320.1777	0
43	21	658.9484	654.0451	0
43	22	683.1498	578.6071	0
43	23	520.2512	271.7882	0
43	24	434.5119	46.73386	0
43	25	677.8261	408.1266	0
44	1	525.7787	365.6507	0
44	2	540.1629	78.99213	0
44	3	498.0035	366.7682	0
44	4	450.3909	267.4679	0
44	5	661.0179	523.2842	0
44	6	621.88	260.5701	0
44	7	598.0434	374.3096	0
44	8	668.2816	375.4951	0
44	9	535.0663	54.08267	0
44	10	625.1111	472.6434	0
44	11	381.613	-56.25867	0
44	12	389.3331	39.32162	0
44	13	450.2175	319.6184	0
44	14	520.2693	112.4361	0
44	15	460.6353	46.27728	0
44	16	549.717	256.1384	0
44	17	490.5862	150.2114	0
44	18	469.0449	79.4791	0
44	19	655.41	438.6502	0
44	20	632.0953	320.1777	0
44	21	658.9484	654.0451	0
44	22	683.1498	578.6071	0
44	23	520.2512	271.7882	0
44	24	434.5119	46.73386	0
44	25	677.8261	408.1266	0
44	26	563.8849	153.8425	0
