63	1	312.3051	102.2973	0
63	2	571.674	111.8704	0
63	3	311.4509	109.039	0
63	4	386.2551	98.11069	0
63	5	101.5314	142.9411	0
63	6	434.958	125.0834	0
63	7	304.1207	122.0764	0
63	8	298.8953	146.2241	0
63	9	595.3293	111.33	0
63	10	185.6372	129.6597	0
63	11	589.2226	91.53467	0
63	12	530.0741	92.32953	0
63	13	346.0569	99.77069	0
63	14	532.1483	111.7803	0
63	15	557.0187	98.79373	0
63	16	415.8394	108.701	0
63	17	490.3471	106.9201	0
63	18	536.7587	98.83618	0
63	19	220.225	144.9111	0
63	20	367.6407	134.0778	0
63	21	-69.97529	141.5293	0
63	22	-5.878086	161.4355	0
63	23	393.9275	112.345	0
63	24	545.7449	98.50934	0
63	25	255.6211	135.0966	0
63	26	521.741	115.8904	0
63	27	572.6758	124.9696	0
63	28	15.93385	128.3914	0
63	29	519.199	88.99402	0
63	30	489.356	92.37933	0
63	31	142.9863	152.7008	0
63	32	558.9588	86.59454	0
63	33	578.9739	94.61868	0
63	34	266.6629	108.5571	0
63	35	-142.316	202.4429	0
63	36	253.7981	113.9243	0
63	37	348.8157	115.632	0
63	38	183.0116	172.7773	0
63	39	511.15	101.7525	0
63	40	616.6003	105.8722	0
63	41	308.4965	113.2681	0
63	42	271.1294	115.3645	0
63	43	358.9723	112.2229	0
63	1	313.8382	108.9555	0
63	2	572.2723	114.3368	0
63	3	310.0429	103.7664	0
63	4	385.215	100.6815	0
63	5	100.8472	139.9477	0
63	6	434.4899	128.7539	0
63	7	304.059	127.4645	0
63	8	299.0052	140.115	0
63	9	595.0494	109.0921	0
63	10	181.7486	121.14	0
63	11	588.5049	90.45108	0
63	12	528.9697	93.83862	0
63	13	345.6367	102.6613	0
63	14	530.9634	112.1427	0
63	15	554.4341	101.864	0
63	16	415.5093	112.2917	0
63	17	491.9553	101.5894	0
63	18	534.3988	105.9776	0
63	19	219.0338	133.7344	0
63	20	367.5996	125.4805	0
63	21	-71.76455	135.4728	0
63	22	-5.5215	150.5551	0
63	23	395.5535	110.1288	0
63	24	546.4706	92.90485	0
63	25	252.9151	136.4163	0
63	26	520.4129	117.1259	0
63	27	573.2599	123.8416	0
63	28	8.866551	113.4605	0
63	29	519.6968	89.84467	0
63	30	490.2869	91.44031	0
63	31	142.5915	151.0154	0
63	32	558.2239	87.61798	0
63	33	577.2399	96.18909	0
63	34	267.711	109.8454	0
63	35	-144.5271	198.6321	0
63	36	253.7253	114.1825	0
63	37	349.4638	104.9373	0
63	38	180.363	168.9938	0
63	39	511.7212	100.6002	0
63	40	616.2444	102.9777	0
63	41	308.7531	114.5614	0
63	42	270.4887	131.6452	0
63	43	360.2433	119.7101	0
64	1	313.8382	108.9555	0
64	2	572.2723	114.3368	0
64	3	310.0429	103.7664	0
64	4	385.215	100.6815	0
64	5	100.8472	139.9477	0
64	6	434.4899	128.7539	0
64	7	304.059	127.4645	0
64	8	299.0052	140.115	0
64	9	595.0494	109.0921	0
64	10	181.7486	121.14	0
64	11	588.5049	90.45108	0
64	12	528.9697	93.83862	0
64	13	345.6367	102.6613	0
64	14	530.9634	112.1427	0
64	15	554.4341	101.864	0
64	16	415.5093	112.2917	0
64	17	491.9553	101.5894	0
64	18	534.3988	105.9776	0
64	19	219.0338	133.7344	0
64	20	367.5996	125.4805	0
64	21	-71.76455	135.4728	0
64	22	-5.5215	150.5551	0
64	23	395.5535	110.1288	0
64	24	546.4706	92.90485	0
64	25	252.9151	136.4163	0
64	26	520.4129	117.1259	0
64	27	573.2599	123.8416	0
64	28	8.866551	113.4605	0
64	29	519.6968	89.84467	0
64	30	490.2869	91.44031	0
64	31	142.5915	151.0154	0
64	32	558.2239	87.61798	0
64	33	577.2399	96.18909	0
64	34	267.711	109.8454	0
64	35	-144.5271	198.6321	0
64	36	253.7253	114.1825	0
64	37	349.4638	104.9373	0
64	38	180.363	168.9938	0
64	39	511.7212	100.6002	0
64	40	616.2444	102.9777	0
64	41	308.7531	114.5614	0
64	42	270.4887	131.6452	0
64	43	360.2433	119.7101	0
63	1	312.8678	107.5927	0
63	2	573.2457	110.3358	0
63	3	310.6153	102.5892	0
63	4	385.4017	98.72989	0
63	5	100.3117	138.5441	0
63	6	434.824	121.9257	0
63	7	303.2981	127.4109	0
63	8	296.111	139.6713	0
63	9	595.9987	109.6108	0
63	10	185.3632	136.4323	0
63	11	586.8676	96.68494	0
63	12	529.5253	93.56454	0
63	13	345.7751	100.4563	0
63	14	533.1681	107.5663	0
63	15	557.2827	94.95761	0
63	16	416.1351	107.0269	0
63	17	492.6303	99.36462	0
63	18	535.7866	100.8036	0
63	19	218.35	141.4261	0
63	20	369.3502	135.8542	0
63	21	-70.2707	136.279	0
63	22	-6.556977	153.0461	0
63	23	394.8975	105.656	0
63	24	543.5782	100.0946	0
63	25	252.2464	137.4644	0
63	26	522.17	114.5523	0
63	27	574.0042	116.0285	0
63	28	16.51459	130.0042	0
63	29	517.8813	91.14499	0
63	30	490.1851	91.52466	0
63	31	140.2056	157.7357	0
63	32	557.365	90.58325	0
63	33	575.075	100.2976	0
63	34	266.8064	110.4614	0
63	35	-144.9294	186.0453	0
63	36	254.7267	116.4583	0
63	37	348.9297	102.0621	0
63	38	180.6157	163.1136	0
63	39	512.1228	101.0082	0
63	40	616.7774	103.8498	0
63	41	306.9117	119.9283	0
63	42	271.2324	122.4177	0
63	43	358.9695	111.9775	0
