63	1	312.6956	145.1301	0
63	2	561.4299	146.8934	0
63	3	312.1859	139.0232	0
63	4	383.6875	129.8055	0
63	5	112.1988	190.6239	0
63	6	426.9683	171.2758	0
63	7	304.8387	164.5981	0
63	8	298.3062	193.6474	0
63	9	583.4785	145.08	0
63	10	190.4984	175.4734	0
63	11	579.3057	119.8429	0
63	12	522.698	120.7971	0
63	13	344.0359	130.0799	0
63	14	524.9323	142.0734	0
63	15	547.5953	131.4926	0
63	16	410.3273	149.5524	0
63	17	484.1349	136.3971	0
63	18	528.3317	132.3801	0
63	19	225.0604	187.032	0
63	20	366.3138	175.244	0
63	21	-48.63444	190.7609	0
63	22	11.5843	203.8107	0
63	23	392.4459	143.4135	0
63	24	536.8693	127.0112	0
63	25	259.127	196.3766	0
63	26	512.8645	152.3865	0
63	27	563.3683	160.4594	0
63	28	25.09291	162.5091	0
63	29	512.6991	117.6214	0
63	30	483.8454	118.8983	0
63	31	151.3215	210.8139	0
63	32	551.5606	112.0195	0
63	33	569.6887	125.0752	0
63	34	269.4656	141.184	0
63	35	-102.4958	260.8229	0
63	36	257.2957	159.1707	0
63	37	346.5186	143.556	0
63	38	189.3425	231.7373	0
63	39	505.0164	128.6659	0
63	40	605.7096	136.8817	0
63	41	308.797	156.0614	0
63	42	272.9885	166.7866	0
63	43	357.9645	152.2539	0
64	1	312.6956	145.1301	0
64	2	561.4299	146.8934	0
64	3	312.1859	139.0232	0
64	4	383.6875	129.8055	0
64	5	112.1988	190.6239	0
64	6	426.9683	171.2758	0
64	7	304.8387	164.5981	0
64	8	298.3062	193.6474	0
64	9	583.4785	145.08	0
64	10	190.4984	175.4734	0
64	11	579.3057	119.8429	0
64	12	522.698	120.7971	0
64	13	344.0359	130.0799	0
64	14	524.9323	142.0734	0
64	15	547.5953	131.4926	0
64	16	410.3273	149.5524	0
64	17	484.1349	136.3971	0
64	18	528.3317	132.3801	0
64	19	225.0604	187.032	0
64	20	366.3138	175.244	0
64	21	-48.63444	190.7609	0
64	22	11.5843	203.8107	0
64	23	392.4459	143.4135	0
64	24	536.8693	127.0112	0
64	25	259.127	196.3766	0
64	26	512.8645	152.3865	0
64	27	563.3683	160.4594	0
64	28	25.09291	162.5091	0
64	29	512.6991	117.6214	0
64	30	483.8454	118.8983	0
64	31	151.3215	210.8139	0
64	32	551.5606	112.0195	0
64	33	569.6887	125.0752	0
64	34	269.4656	141.184	0
64	35	-102.4958	260.8229	0
64	36	257.2957	159.1707	0
64	37	346.5186	143.556	0
64	38	189.3425	231.7373	0
64	39	505.0164	128.6659	0
64	40	605.7096	136.8817	0
64	41	308.797	156.0614	0
64	42	272.9885	166.7866	0
64	43	357.9645	152.2539	0
65	1	312.6956	145.1301	0
65	2	561.4299	146.8934	0
65	3	312.1859	139.0232	0
65	4	383.6875	129.8055	0
65	5	112.1988	190.6239	0
65	6	426.9683	171.2758	0
65	7	304.8387	164.5981	0
65	8	298.3062	193.6474	0
65	9	583.4785	145.08	0
65	10	190.4984	175.4734	0
65	11	579.3057	119.8429	0
65	12	522.698	120.7971	0
65	13	344.0359	130.0799	0
65	14	524.9323	142.0734	0
65	15	547.5953	131.4926	0
65	16	410.3273	149.5524	0
65	17	484.1349	136.3971	0
65	18	528.3317	132.3801	0
65	19	225.0604	187.032	0
65	20	366.3138	175.244	0
65	21	-48.63444	190.7609	0
65	22	11.5843	203.8107	0
65	23	392.4459	143.4135	0
65	24	536.8693	127.0112	0
65	25	259.127	196.3766	0
65	26	512.8645	152.3865	0
65	27	563.3683	160.4594	0
65	28	25.09291	162.5091	0
65	29	512.6991	117.6214	0
65	30	483.8454	118.8983	0
65	31	151.3215	210.8139	0
65	32	551.5606	112.0195	0
65	33	569.6887	125.0752	0
65	34	269.4656	141.184	0
65	35	-102.4958	260.8229	0
65	36	257.2957	159.1707	0
65	37	346.5186	143.556	0
65	38	189.3425	231.7373	0
65	39	505.0164	128.6659	0
65	40	605.7096	136.8817	0
65	41	308.797	156.0614	0
65	42	272.9885	166.7866	0
65	43	357.9645	152.2539	0
66	1	312.6956	145.1301	0
66	2	561.4299	146.8934	0
66	3	312.1859	139.0232	0
66	4	383.6875	129.8055	0
66	5	112.1988	190.6239	0
66	6	426.9683	171.2758	0
66	7	304.8387	164.5981	0
66	8	298.3062	193.6474	0
66	9	583.4785	145.08	0
66	10	190.4984	175.4734	0
66	11	579.3057	119.8429	0
66	12	522.698	120.7971	0
66	13	344.0359	130.0799	0
66	14	524.9323	142.0734	0
66	15	547.5953	131.4926	0
66	16	410.3273	149.5524	0
66	17	484.1349	136.3971	0
66	18	528.3317	132.3801	0
66	19	225.0604	187.032	0
66	20	366.3138	175.244	0
66	21	-48.63444	190.7609	0
66	22	11.5843	203.8107	0
66	23	392.4459	143.4135	0
66	24	536.8693	127.0112	0
66	25	259.127	196.3766	0
66	26	512.8645	152.3865	0
66	27	563.3683	160.4594	0
66	28	25.09291	162.5091	0
66	29	512.6991	117.6214	0
66	30	483.8454	118.8983	0
66	31	151.3215	210.8139	0
66	32	551.5606	112.0195	0
66	33	569.6887	125.0752	0
66	34	269.4656	141.184	0
66	35	-102.4958	260.8229	0
66	36	257.2957	159.1707	0
66	37	346.5186	143.556	0
66	38	189.3425	231.7373	0
66	39	505.0164	128.6659	0
66	40	605.7096	136.8817	0
66	41	308.797	156.0614	0
66	42	272.9885	166.7866	0
66	43	357.9645	152.2539	0
67	1	312.6956	145.1301	0
67	2	561.4299	146.8934	0
67	3	312.1859	139.0232	0
67	4	383.6875	129.8055	0
67	5	112.1988	190.6239	0
67	6	426.9683	171.2758	0
67	7	304.8387	164.5981	0
67	8	298.3062	193.6474	0
67	9	583.4785	145.08	0
67	10	190.4984	175.4734	0
67	11	579.3057	119.8429	0
67	12	522.698	120.7971	0
67	13	344.0359	130.0799	0
67	14	524.9323	142.0734	0
67	15	547.5953	131.4926	0
67	16	410.3273	149.5524	0
67	17	484.1349	136.3971	0
67	18	528.3317	132.3801	0
67	19	225.0604	187.032	0
67	20	366.3138	175.244	0
67	21	-48.63444	190.7609	0
67	22	11.5843	203.8107	0
67	23	392.4459	143.4135	0
67	24	536.8693	127.0112	0
67	25	259.127	196.3766	0
67	26	512.8645	152.3865	0
67	27	563.3683	160.4594	0
67	28	25.09291	162.5091	0
67	29	512.6991	117.6214	0
67	30	483.8454	118.8983	0
67	31	151.3215	210.8139	0
67	32	551.5606	112.0195	0
67	33	569.6887	125.0752	0
67	34	269.4656	141.184	0
67	35	-102.4958	260.8229	0
67	36	257.2957	159.1707	0
67	37	346.5186	143.556	0
67	38	189.3425	231.7373	0
67	39	505.0164	128.6659	0
67	40	605.7096	136.8817	0
67	41	308.797	156.0614	0
67	42	272.9885	166.7866	0
67	43	357.9645	152.2539	0
68	1	312.6956	145.1301	0
68	2	561.4299	146.8934	0
68	3	312.1859	139.0232	0
68	4	383.6875	129.8055	0
68	5	112.1988	190.6239	0
68	6	426.9683	171.2758	0
68	7	304.8387	164.5981	0
68	8	298.3062	193.6474	0
68	9	583.4785	145.08	0
68	10	190.4984	175.4734	0
68	11	579.3057	119.8429	0
68	12	522.698	120.7971	0
68	13	344.0359	130.0799	0
68	14	524.9323	142.0734	0
68	15	547.5953	131.4926	0
68	16	410.3273	149.5524	0
68	17	484.1349	136.3971	0
68	18	528.3317	132.3801	0
68	19	225.0604	187.032	0
68	20	366.3138	175.244	0
68	21	-48.63444	190.7609	0
68	22	11.5843	203.8107	0
68	23	392.4459	143.4135	0
68	24	536.8693	127.0112	0
68	25	259.127	196.3766	0
68	26	512.8645	152.3865	0
68	27	563.3683	160.4594	0
68	28	25.09291	162.5091	0
68	29	512.6991	117.6214	0
68	30	483.8454	118.8983	0
68	31	151.3215	210.8139	0
68	32	551.5606	112.0195	0
68	33	569.6887	125.0752	0
68	34	269.4656	141.184	0
68	35	-102.4958	260.8229	0
68	36	257.2957	159.1707	0
68	37	346.5186	143.556	0
68	38	189.3425	231.7373	0
68	39	505.0164	128.6659	0
68	40	605.7096	136.8817	0
68	41	308.797	156.0614	0
68	42	272.9885	166.7866	0
68	43	357.9645	152.2539	0
69	1	312.6956	145.1301	0
69	2	561.4299	146.8934	0
69	3	312.1859	139.0232	0
69	4	383.6875	129.8055	0
69	5	112.1988	190.6239	0
69	6	426.9683	171.2758	0
69	7	304.8387	164.5981	0
69	8	298.3062	193.6474	0
69	9	583.4785	145.08	0
69	10	190.4984	175.4734	0
69	11	579.3057	119.8429	0
69	12	522.698	120.7971	0
69	13	344.0359	130.0799	0
69	14	524.9323	142.0734	0
69	15	547.5953	131.4926	0
69	16	410.3273	149.5524	0
69	17	484.1349	136.3971	0
69	18	528.3317	132.3801	0
69	19	225.0604	187.032	0
69	20	366.3138	175.244	0
69	21	-48.63444	190.7609	0
69	22	11.5843	203.8107	0
69	23	392.4459	143.4135	0
69	24	536.8693	127.0112	0
69	25	259.127	196.3766	0
69	26	512.8645	152.3865	0
69	27	563.3683	160.4594	0
69	28	25.09291	162.5091	0
69	29	512.6991	117.6214	0
69	30	483.8454	118.8983	0
69	31	151.3215	210.8139	0
69	32	551.5606	112.0195	0
69	33	569.6887	125.0752	0
69	34	269.4656	141.184	0
69	35	-102.4958	260.8229	0
69	36	257.2957	159.1707	0
69	37	346.5186	143.556	0
69	38	189.3425	231.7373	0
69	39	505.0164	128.6659	0
69	40	605.7096	136.8817	0
69	41	308.797	156.0614	0
69	42	272.9885	166.7866	0
69	43	357.9645	152.2539	0
70	1	312.6956	145.1301	0
70	2	561.4299	146.8934	0
70	3	312.1859	139.0232	0
70	4	383.6875	129.8055	0
70	5	112.1988	190.6239	0
70	6	426.9683	171.2758	0
70	7	304.8387	164.5981	0
70	8	298.3062	193.6474	0
70	9	583.4785	145.08	0
70	10	190.4984	175.4734	0
70	11	579.3057	119.8429	0
70	12	522.698	120.7971	0
70	13	344.0359	130.0799	0
70	14	524.9323	142.0734	0
70	15	547.5953	131.4926	0
70	16	410.3273	149.5524	0
70	17	484.1349	136.3971	0
70	18	528.3317	132.3801	0
70	19	225.0604	187.032	0
70	20	366.3138	175.244	0
70	21	-48.63444	190.7609	0
70	22	11.5843	203.8107	0
70	23	392.4459	143.4135	0
70	24	536.8693	127.0112	0
70	25	259.127	196.3766	0
70	26	512.8645	152.3865	0
70	27	563.3683	160.4594	0
70	28	25.09291	162.5091	0
70	29	512.6991	117.6214	0
70	30	483.8454	118.8983	0
70	31	151.3215	210.8139	0
70	32	551.5606	112.0195	0
70	33	569.6887	125.0752	0
70	34	269.4656	141.184	0
70	35	-102.4958	260.8229	0
70	36	257.2957	159.1707	0
70	37	346.5186	143.556	0
70	38	189.3425	231.7373	0
70	39	505.0164	128.6659	0
70	40	605.7096	136.8817	0
70	41	308.797	156.0614	0
70	42	272.9885	166.7866	0
70	43	357.9645	152.2539	0
71	1	312.6956	145.1301	0
71	2	561.4299	146.8934	0
71	3	312.1859	139.0232	0
71	4	383.6875	129.8055	0
71	5	112.1988	190.6239	0
71	6	426.9683	171.2758	0
71	7	304.8387	164.5981	0
71	8	298.3062	193.6474	0
71	9	583.4785	145.08	0
71	10	190.4984	175.4734	0
71	11	579.3057	119.8429	0
71	12	522.698	120.7971	0
71	13	344.0359	130.0799	0
71	14	524.9323	142.0734	0
71	15	547.5953	131.4926	0
71	16	410.3273	149.5524	0
71	17	484.1349	136.3971	0
71	18	528.3317	132.3801	0
71	19	225.0604	187.032	0
71	20	366.3138	175.244	0
71	21	-48.63444	190.7609	0
71	22	11.5843	203.8107	0
71	23	392.4459	143.4135	0
71	24	536.8693	127.0112	0
71	25	259.127	196.3766	0
71	26	512.8645	152.3865	0
71	27	563.3683	160.4594	0
71	28	25.09291	162.5091	0
71	29	512.6991	117.6214	0
71	30	483.8454	118.8983	0
71	31	151.3215	210.8139	0
71	32	551.5606	112.0195	0
71	33	569.6887	125.0752	0
71	34	269.4656	141.184	0
71	35	-102.4958	260.8229	0
71	36	257.2957	159.1707	0
71	37	346.5186	143.556	0
71	38	189.3425	231.7373	0
71	39	505.0164	128.6659	0
71	40	605.7096	136.8817	0
71	41	308.797	156.0614	0
71	42	272.9885	166.7866	0
71	43	357.9645	152.2539	0
