17	1	399.7996	373.5416	0
18	1	399.8049	373.5339	0
18	2	415.0139	87.19028	0
19	1	399.8101	373.5268	0
19	2	415.0078	87.18103	0
19	3	370.2796	375.6016	0
20	1	399.8149	373.5204	0
20	2	415.0077	87.17636	0
20	3	370.2673	375.5886	0
20	4	320.3323	274.4791	0
21	1	399.8201	373.5146	0
21	2	415.0195	87.17764	0
21	3	370.2603	375.5771	0
21	4	320.3192	274.4668	0
21	5	538.8182	534.8596	0
22	1	399.8256	373.5088	0
22	2	415.045	87.18436	0
22	3	370.2587	375.5693	0
22	4	320.3109	274.4565	0
22	5	538.8118	534.848	0
22	6	499.5666	267.7296	0
23	1	399.8312	373.5023	0
23	2	415.0839	87.19531	0
23	3	370.2691	375.5685	0
23	4	320.3069	274.4474	0
23	5	538.8118	534.8411	0
23	6	499.5128	267.7227	0
23	7	474.708	383.6888	0
24	1	399.8353	373.4935	0
24	2	415.1351	87.20538	0
24	3	370.2943	375.5739	0
24	4	320.3108	274.4438	0
24	5	538.8248	534.8417	0
24	6	499.4586	267.7289	0
24	7	474.6539	383.696	0
24	8	550.0549	390.2595	0
25	1	399.8361	373.4826	0
25	2	415.1958	87.21399	0
25	3	370.3353	375.585	0
25	4	320.3275	274.4462	0
25	5	538.8526	534.8486	0
25	6	499.4068	267.7416	0
25	7	474.602	383.7103	0
25	8	550.0283	390.2868	0
25	9	407.9979	54.23853	0
26	1	399.8374	373.4716	0
26	2	415.265	87.2215	0
26	3	370.39	375.5962	0
26	4	320.3586	274.4548	0
26	5	538.8949	534.8591	0
26	6	499.3563	267.7512	0
26	7	474.5515	383.721	0
26	8	550.0112	390.3094	0
26	9	408.0949	54.25867	0
27	1	399.8377	373.4611	0
27	2	415.3421	87.23239	0
27	3	370.4561	375.6068	0
27	4	320.403	274.4655	0
27	5	538.9505	534.8693	0
27	6	499.3061	267.7632	0
27	7	474.501	383.7337	0
27	8	550.0021	390.3239	0
27	9	408.1925	54.28491	0
27	10	501.2964	481.5771	0
28	1	399.83	373.4517	0
28	2	415.4221	87.2471	0
28	3	370.5296	375.6159	0
28	4	320.4599	274.4756	0
28	5	539.0155	534.8792	0
28	6	499.2568	267.778	0
28	7	474.4514	383.7491	0
28	8	550.0001	390.3292	0
28	9	408.2803	54.31659	0
28	10	501.2802	481.544	0
28	11	253.0748	-60.14111	0
29	1	399.8179	373.4428	0
29	2	415.5043	87.26703	0
29	3	370.6138	375.6265	0
29	4	320.523	274.4844	0
29	5	539.0894	534.8881	0
29	6	499.2119	267.7948	0
29	7	474.406	383.7662	0
29	8	550.0038	390.3289	0
29	9	408.3449	54.34628	0
29	10	501.2538	481.5142	0
29	11	253.1446	-60.12793	0
29	12	260.6141	40.4325	0
30	1	399.8061	373.4338	0
30	2	415.5816	87.29248	0
30	3	370.7026	375.641	0
30	4	320.5961	274.493	0
30	5	539.1719	534.8989	0
30	6	499.1708	267.8138	0
30	7	474.3644	383.7852	0
30	8	550.0093	390.3274	0
30	9	408.3775	54.36557	0
30	10	501.2202	481.4871	0
30	11	253.2251	-60.11749	0
30	12	260.6189	40.42566	0
30	13	323.1304	327.9114	0
31	1	399.7953	373.4234	0
31	2	415.6447	87.31897	0
31	3	370.7944	375.6602	0
31	4	320.6762	274.5049	0
31	5	539.2575	534.913	0
31	6	499.1321	267.8384	0
31	7	474.3253	383.8099	0
31	8	550.017	390.3264	0
31	9	408.3741	54.37625	0
31	10	501.18	481.4641	0
31	11	253.3173	-60.10724	0
31	12	260.6235	40.41882	0
31	13	323.121	327.9013	0
31	14	392.7462	114.3588	0
32	1	399.7807	373.4107	0
32	2	415.6816	87.33914	0
32	3	370.8832	375.6862	0
32	4	320.7593	274.5208	0
32	5	539.3454	534.9321	0
32	6	499.0965	267.8682	0
32	7	474.289	383.8401	0
32	8	550.0285	390.3263	0
32	9	408.3688	54.34033	0
32	10	501.139	481.4472	0
32	11	253.4188	-60.09161	0
32	12	260.6283	40.41113	0
32	13	323.1154	327.8917	0
32	14	392.7161	114.3858	0
32	15	334.5599	51.72421	0
33	1	399.7696	373.399	0
33	2	415.6897	87.34976	0
33	3	370.9578	375.7174	0
33	4	320.8434	274.5419	0
33	5	539.4285	534.9586	0
33	6	499.066	267.8961	0
33	7	474.2578	383.8683	0
33	8	550.043	390.3275	0
33	9	408.3537	54.29642	0
33	10	501.096	481.4348	0
33	11	253.5241	-60.07025	0
33	12	260.6334	40.40274	0
33	13	323.1156	327.8864	0
33	14	392.6959	114.4092	0
33	15	334.5618	51.72034	0
33	16	424.4669	264.3882	0
34	1	399.763	373.388	0
34	2	415.6831	87.33618	0
34	3	371.0055	375.7443	0
34	4	320.919	274.569	0
34	5	539.4966	534.9897	0
34	6	499.0454	267.9207	0
34	7	474.2365	383.8932	0
34	8	550.058	390.3272	0
34	9	408.3261	54.25571	0
34	10	501.0558	481.4267	0
34	11	253.6313	-60.04211	0
34	12	260.6363	40.39236	0
34	13	323.127	327.8873	0
34	14	392.6833	114.4261	0
34	15	334.5758	51.72223	0
34	16	424.4483	264.4077	0
34	17	363.8131	152.6748	0
35	1	399.7627	373.3817	0
35	2	415.6743	87.29913	0
35	3	371.0223	375.7603	0
35	4	320.9749	274.596	0
35	5	539.5371	535.0146	0
35	6	499.0324	267.9388	0
35	7	474.2227	383.9119	0
35	8	550.0698	390.3243	0
35	9	408.2855	54.21927	0
35	10	501.0157	481.4296	0
35	11	253.7288	-60.00824	0
35	12	260.6368	40.38019	0
35	13	323.1515	327.8934	0
35	14	392.6788	114.4355	0
35	15	334.6034	51.7298	0
35	16	424.4363	264.4233	0
35	17	363.8114	152.6655	0
35	18	341.2709	82.33432	0
36	1	399.7752	373.3824	0
36	2	415.6556	87.26355	0
36	3	371.0132	375.7593	0
36	4	321.0037	274.6146	0
36	5	539.546	535.0286	0
36	6	499.0273	267.9491	0
36	7	474.2171	383.9222	0
36	8	550.0785	390.3178	0
36	9	408.2353	54.18686	0
36	10	500.9767	481.4396	0
36	11	253.8028	-59.97614	0
36	12	260.6372	40.3685	0
36	13	323.1889	327.9034	0
36	14	392.6808	114.4378	0
36	15	334.6439	51.74051	0
36	16	424.4303	264.4332	0
36	17	363.8015	152.657	0
36	18	341.26	82.3262	0
37	1	399.8026	373.3892	0
37	2	415.6249	87.23172	0
37	3	371.0064	375.717	0
37	4	321.0021	274.6256	0
37	5	539.538	535.0153	0
37	6	499.0285	267.9516	0
37	7	474.2177	383.9243	0
37	8	550.0843	390.309	0
37	9	408.178	54.16052	0
37	10	500.9394	481.4484	0
37	11	253.8423	-59.95386	0
37	12	260.6368	40.35764	0
37	13	323.2382	327.9126	0
37	14	392.6866	114.4377	0
37	15	334.6966	51.75064	0
37	16	424.4296	264.437	0
37	17	363.7901	152.6484	0
37	18	341.2501	82.31689	0
37	19	533.3791	450.5526	0
38	1	399.8445	373.4005	0
38	2	415.5861	87.20319	0
38	3	370.9881	375.6753	0
38	4	320.9965	274.5985	0
38	5	539.5279	534.9739	0
38	6	499.0341	267.9514	0
38	7	474.2229	383.9233	0
38	8	550.09	390.3011	0
38	9	408.1208	54.14554	0
38	10	500.902	481.4575	0
38	11	253.8441	-59.94196	0
38	12	260.6271	40.34778	0
38	13	323.2965	327.9208	0
38	14	392.6937	114.4376	0
38	15	334.7563	51.75925	0
38	16	424.433	264.4371	0
38	17	363.7795	152.6397	0
38	18	341.2368	82.30573	0
38	19	533.4712	450.5714	0
38	20	507.3086	328.5803	0
39	1	399.8445	373.4005	0
39	2	415.5861	87.20319	0
39	3	370.9881	375.6753	0
39	4	320.9965	274.5985	0
39	5	539.5279	534.9739	0
39	6	499.0341	267.9514	0
39	7	474.2229	383.9233	0
39	8	550.09	390.3011	0
39	9	408.1208	54.14554	0
39	10	500.902	481.4575	0
39	11	253.8441	-59.94196	0
39	12	260.6271	40.34778	0
39	13	323.2965	327.9208	0
39	14	392.6937	114.4376	0
39	15	334.7563	51.75925	0
39	16	424.433	264.4371	0
39	17	363.7795	152.6397	0
39	18	341.2368	82.30573	0
39	19	533.4712	450.5714	0
39	20	507.3086	328.5803	0
39	21	534.5213	664.0603	0
