17	1	305.0319	274.2409	0
18	1	305.0319	274.2409	0
18	2	314.9109	74.96487	0
19	1	305.0319	274.2409	0
19	2	314.9109	74.96487	0
19	3	283.7396	275.2838	0
20	1	305.0319	274.2409	0
20	2	314.9109	74.96487	0
20	3	283.7396	275.2838	0
20	4	249.4831	206.1871	0
21	1	305.0319	274.2409	0
21	2	314.9109	74.96487	0
21	3	283.7396	275.2838	0
21	4	249.4831	206.1871	0
21	5	400.2374	386.3199	0
22	1	305.0319	274.2409	0
22	2	314.9109	74.96487	0
22	3	283.7396	275.2838	0
22	4	249.4831	206.1871	0
22	5	400.2374	386.3199	0
22	6	371.7066	202.0379	0
23	1	305.0319	274.2409	0
23	2	314.9109	74.96487	0
23	3	283.7396	275.2838	0
23	4	249.4831	206.1871	0
23	5	400.2374	386.3199	0
23	6	371.7066	202.0379	0
23	7	355.5293	280.9895	0
24	1	305.0319	274.2409	0
24	2	314.9109	74.96487	0
24	3	283.7396	275.2838	0
24	4	249.4831	206.1871	0
24	5	400.2374	386.3199	0
24	6	371.7066	202.0379	0
24	7	355.5293	280.9895	0
24	8	406.8647	284.2741	0
25	1	305.0319	274.2409	0
25	2	314.9109	74.96487	0
25	3	283.7396	275.2838	0
25	4	249.4831	206.1871	0
25	5	400.2374	386.3199	0
25	6	371.7066	202.0379	0
25	7	355.5293	280.9895	0
25	8	406.8647	284.2741	0
25	9	310.9666	54.56503	0
26	1	305.0319	274.2409	0
26	2	314.9109	74.96487	0
26	3	283.7396	275.2838	0
26	4	249.4831	206.1871	0
26	5	400.2374	386.3199	0
26	6	371.7066	202.0379	0
26	7	355.5293	280.9895	0
26	8	406.8647	284.2741	0
26	9	310.9666	54.56503	0
27	1	305.0319	274.2409	0
27	2	314.9109	74.96487	0
27	3	283.7396	275.2838	0
27	4	249.4831	206.1871	0
27	5	400.2374	386.3199	0
27	6	371.7066	202.0379	0
27	7	355.5293	280.9895	0
27	8	406.8647	284.2741	0
27	9	310.9666	54.56503	0
27	10	374.8151	350.4464	0
28	1	305.0319	274.2409	0
28	2	314.9109	74.96487	0
28	3	283.7396	275.2838	0
28	4	249.4831	206.1871	0
28	5	400.2374	386.3199	0
28	6	371.7066	202.0379	0
28	7	355.5293	280.9895	0
28	8	406.8647	284.2741	0
28	9	310.9666	54.56503	0
28	10	374.8151	350.4464	0
28	11	204.5597	-20.46259	0
29	1	305.0319	274.2409	0
29	2	314.9109	74.96487	0
29	3	283.7396	275.2838	0
29	4	249.4831	206.1871	0
29	5	400.2374	386.3199	0
29	6	371.7066	202.0379	0
29	7	355.5293	280.9895	0
29	8	406.8647	284.2741	0
29	9	310.9666	54.56503	0
29	10	374.8151	350.4464	0
29	11	204.5597	-20.46259	0
29	12	208.5377	45.04153	0
30	1	305.0319	274.2409	0
30	2	314.9109	74.96487	0
30	3	283.7396	275.2838	0
30	4	249.4831	206.1871	0
30	5	400.2374	386.3199	0
30	6	371.7066	202.0379	0
30	7	355.5293	280.9895	0
30	8	406.8647	284.2741	0
30	9	310.9666	54.56503	0
30	10	374.8151	350.4464	0
30	11	204.5597	-20.46259	0
30	12	208.5377	45.04153	0
30	13	250.9212	243.0671	0
31	1	305.0319	274.2409	0
31	2	314.9109	74.96487	0
31	3	283.7396	275.2838	0
31	4	249.4831	206.1871	0
31	5	400.2374	386.3199	0
31	6	371.7066	202.0379	0
31	7	355.5293	280.9895	0
31	8	406.8647	284.2741	0
31	9	310.9666	54.56503	0
31	10	374.8151	350.4464	0
31	11	204.5597	-20.46259	0
31	12	208.5377	45.04153	0
31	13	250.9212	243.0671	0
31	14	300.6846	97.31567	0
32	1	305.0319	274.2409	0
32	2	314.9109	74.96487	0
32	3	283.7396	275.2838	0
32	4	249.4831	206.1871	0
32	5	400.2374	386.3199	0
32	6	371.7066	202.0379	0
32	7	355.5293	280.9895	0
32	8	406.8647	284.2741	0
32	9	310.9666	54.56503	0
32	10	374.8151	350.4464	0
32	11	204.5597	-20.46259	0
32	12	208.5377	45.04153	0
32	13	250.9212	243.0671	0
32	14	300.6846	97.31567	0
32	15	259.6263	51.77368	0
33	1	305.0319	274.2409	0
33	2	314.9109	74.96487	0
33	3	283.7396	275.2838	0
33	4	249.4831	206.1871	0
33	5	400.2374	386.3199	0
33	6	371.7066	202.0379	0
33	7	355.5293	280.9895	0
33	8	406.8647	284.2741	0
33	9	310.9666	54.56503	0
33	10	374.8151	350.4464	0
33	11	204.5597	-20.46259	0
33	12	208.5377	45.04153	0
33	13	250.9212	243.0671	0
33	14	300.6846	97.31567	0
33	15	259.6263	51.77368	0
33	16	321.5665	198.946	0
34	1	305.0319	274.2409	0
34	2	314.9109	74.96487	0
34	3	283.7396	275.2838	0
34	4	249.4831	206.1871	0
34	5	400.2374	386.3199	0
34	6	371.7066	202.0379	0
34	7	355.5293	280.9895	0
34	8	406.8647	284.2741	0
34	9	310.9666	54.56503	0
34	10	374.8151	350.4464	0
34	11	204.5597	-20.46259	0
34	12	208.5377	45.04153	0
34	13	250.9212	243.0671	0
34	14	300.6846	97.31567	0
34	15	259.6263	51.77368	0
34	16	321.5665	198.946	0
34	17	278.8661	121.9919	0
35	1	305.0319	274.2409	0
35	2	314.9109	74.96487	0
35	3	283.7396	275.2838	0
35	4	249.4831	206.1871	0
35	5	400.2374	386.3199	0
35	6	371.7066	202.0379	0
35	7	355.5293	280.9895	0
35	8	406.8647	284.2741	0
35	9	310.9666	54.56503	0
35	10	374.8151	350.4464	0
35	11	204.5597	-20.46259	0
35	12	208.5377	45.04153	0
35	13	250.9212	243.0671	0
35	14	300.6846	97.31567	0
35	15	259.6263	51.77368	0
35	16	321.5665	198.946	0
35	17	278.8661	121.9919	0
35	18	263.1763	73.40234	0
36	1	305.0319	274.2409	0
36	2	314.9109	74.96487	0
36	3	283.7396	275.2838	0
36	4	249.4831	206.1871	0
36	5	400.2374	386.3199	0
36	6	371.7066	202.0379	0
36	7	355.5293	280.9895	0
36	8	406.8647	284.2741	0
36	9	310.9666	54.56503	0
36	10	374.8151	350.4464	0
36	11	204.5597	-20.46259	0
36	12	208.5377	45.04153	0
36	13	250.9212	243.0671	0
36	14	300.6846	97.31567	0
36	15	259.6263	51.77368	0
36	16	321.5665	198.946	0
36	17	278.8661	121.9919	0
36	18	263.1763	73.40234	0
37	1	305.0319	274.2409	0
37	2	314.9109	74.96487	0
37	3	283.7396	275.2838	0
37	4	249.4831	206.1871	0
37	5	400.2374	386.3199	0
37	6	371.7066	202.0379	0
37	7	355.5293	280.9895	0
37	8	406.8647	284.2741	0
37	9	310.9666	54.56503	0
37	10	374.8151	350.4464	0
37	11	204.5597	-20.46259	0
37	12	208.5377	45.04153	0
37	13	250.9212	243.0671	0
37	14	300.6846	97.31567	0
37	15	259.6263	51.77368	0
37	16	321.5665	198.946	0
37	17	278.8661	121.9919	0
37	18	263.1763	73.40234	0
37	19	395.7006	325.9006	0
38	1	305.0319	274.2409	0
38	2	314.9109	74.96487	0
38	3	283.7396	275.2838	0
38	4	249.4831	206.1871	0
38	5	400.2374	386.3199	0
38	6	371.7066	202.0379	0
38	7	355.5293	280.9895	0
38	8	406.8647	284.2741	0
38	9	310.9666	54.56503	0
38	10	374.8151	350.4464	0
38	11	204.5597	-20.46259	0
38	12	208.5377	45.04153	0
38	13	250.9212	243.0671	0
38	14	300.6846	97.31567	0
38	15	259.6263	51.77368	0
38	16	321.5665	198.946	0
38	17	278.8661	121.9919	0
38	18	263.1763	73.40234	0
38	19	395.7006	325.9006	0
38	20	378.5156	243.5926	0
39	1	305.0319	274.2409	0
39	2	314.9109	74.96487	0
39	3	283.7396	275.2838	0
39	4	249.4831	206.1871	0
39	5	400.2374	386.3199	0
39	6	371.7066	202.0379	0
39	7	355.5293	280.9895	0
39	8	406.8647	284.2741	0
39	9	310.9666	54.56503	0
39	10	374.8151	350.4464	0
39	11	204.5597	-20.46259	0
39	12	208.5377	45.04153	0
39	13	250.9212	243.0671	0
39	14	300.6846	97.31567	0
39	15	259.6263	51.77368	0
39	16	321.5665	198.946	0
39	17	278.8661	121.9919	0
39	18	263.1763	73.40234	0
39	19	395.7006	325.9006	0
39	20	378.5156	243.5926	0
39	21	396.6732	476.842	0
40	1	305.0319	274.2409	0
40	2	314.9109	74.96487	0
40	3	283.7396	275.2838	0
40	4	249.4831	206.1871	0
40	5	400.2374	386.3199	0
40	6	371.7066	202.0379	0
40	7	355.5293	280.9895	0
40	8	406.8647	284.2741	0
40	9	310.9666	54.56503	0
40	10	374.8151	350.4464	0
40	11	204.5597	-20.46259	0
40	12	208.5377	45.04153	0
40	13	250.9212	243.0671	0
40	14	300.6846	97.31567	0
40	15	259.6263	51.77368	0
40	16	321.5665	198.946	0
40	17	278.8661	121.9919	0
40	18	263.1763	73.40234	0
40	19	395.7006	325.9006	0
40	20	378.5156	243.5926	0
40	21	396.6732	476.842	0
40	22	416.8981	428.8323	0
41	1	305.0319	274.2409	0
41	2	314.9109	74.96487	0
41	3	283.7396	275.2838	0
41	4	249.4831	206.1871	0
41	5	400.2374	386.3199	0
41	6	371.7066	202.0379	0
41	7	355.5293	280.9895	0
41	8	406.8647	284.2741	0
41	9	310.9666	54.56503	0
41	10	374.8151	350.4464	0
41	11	204.5597	-20.46259	0
41	12	208.5377	45.04153	0
41	13	250.9212	243.0671	0
41	14	300.6846	97.31567	0
41	15	259.6263	51.77368	0
41	16	321.5665	198.946	0
41	17	278.8661	121.9919	0
41	18	263.1763	73.40234	0
41	19	395.7006	325.9006	0
41	20	378.5156	243.5926	0
41	21	396.6732	476.842	0
41	22	416.8981	428.8323	0
41	23	301.1998	209.9752	0
42	1	305.0319	274.2409	0
42	2	314.9109	74.96487	0
42	3	283.7396	275.2838	0
42	4	249.4831	206.1871	0
42	5	400.2374	386.3199	0
42	6	371.7066	202.0379	0
42	7	355.5293	280.9895	0
42	8	406.8647	284.2741	0
42	9	310.9666	54.56503	0
42	10	374.8151	350.4464	0
42	11	204.5597	-20.46259	0
42	12	208.5377	45.04153	0
42	13	250.9212	243.0671	0
42	14	300.6846	97.31567	0
42	15	259.6263	51.77368	0
42	16	321.5665	198.946	0
42	17	278.8661	121.9919	0
42	18	263.1763	73.40234	0
42	19	395.7006	325.9006	0
42	20	378.5156	243.5926	0
42	21	396.6732	476.842	0
42	22	416.8981	428.8323	0
42	23	301.1998	209.9752	0
42	24	239.9188	49.21307	0
43	1	305.0319	274.2409	0
43	2	314.9109	74.96487	0
43	3	283.7396	275.2838	0
43	4	249.4831	206.1871	0
43	5	400.2374	386.3199	0
43	6	371.7066	202.0379	0
43	7	355.5293	280.9895	0
43	8	406.8647	284.2741	0
43	9	310.9666	54.56503	0
43	10	374.8151	350.4464	0
43	11	204.5597	-20.46259	0
43	12	208.5377	45.04153	0
43	13	250.9212	243.0671	0
43	14	300.6846	97.31567	0
43	15	259.6263	51.77368	0
43	16	321.5665	198.946	0
43	17	278.8661	121.9919	0
43	18	263.1763	73.40234	0
43	19	395.7006	325.9006	0
43	20	378.5156	243.5926	0
43	21	396.6732	476.842	0
43	22	416.8981	428.8323	0
43	23	301.1998	209.9752	0
43	24	239.9188	49.21307	0
43	25	411.3972	306.028	0
44	1	305.0319	274.2409	0
44	2	314.9109	74.96487	0
44	3	283.7396	275.2838	0
44	4	249.4831	206.1871	0
44	5	400.2374	386.3199	0
44	6	371.7066	202.0379	0
44	7	355.5293	280.9895	0
44	8	406.8647	284.2741	0
44	9	310.9666	54.56503	0
44	10	374.8151	350.4464	0
44	11	204.5597	-20.46259	0
44	12	208.5377	45.04153	0
44	13	250.9212	243.0671	0
44	14	300.6846	97.31567	0
44	15	259.6263	51.77368	0
44	16	321.5665	198.946	0
44	17	278.8661	121.9919	0
44	18	263.1763	73.40234	0
44	19	395.7006	325.9006	0
44	20	378.5156	243.5926	0
44	21	396.6732	476.842	0
44	22	416.8981	428.8323	0
44	23	301.1998	209.9752	0
44	24	239.9188	49.21307	0
44	25	411.3972	306.028	0
44	26	330.1566	124.606	0
45	1	305.0319	274.2409	0
45	2	314.9109	74.96487	0
45	3	283.7396	275.2838	0
45	4	249.4831	206.1871	0
45	5	400.2374	386.3199	0
45	6	371.7066	202.0379	0
45	7	355.5293	280.9895	0
45	8	406.8647	284.2741	0
45	9	310.9666	54.56503	0
45	10	374.8151	350.4464	0
45	11	204.5597	-20.46259	0
45	12	208.5377	45.04153	0
45	13	250.9212	243.0671	0
45	14	300.6846	97.31567	0
45	15	259.6263	51.77368	0
45	16	321.5665	198.946	0
45	17	278.8661	121.9919	0
45	18	263.1763	73.40234	0
45	19	395.7006	325.9006	0
45	20	378.5156	243.5926	0
45	21	396.6732	476.842	0
45	22	416.8981	428.8323	0
45	23	301.1998	209.9752	0
45	24	239.9188	49.21307	0
45	25	411.3972	306.028	0
45	26	330.1566	124.606	0
45	27	350.3138	100.4343	0
46	1	305.0319	274.2409	0
46	2	314.9109	74.96487	0
46	3	283.7396	275.2838	0
46	4	249.4831	206.1871	0
46	5	400.2374	386.3199	0
46	6	371.7066	202.0379	0
46	7	355.5293	280.9895	0
46	8	406.8647	284.2741	0
46	9	310.9666	54.56503	0
46	10	374.8151	350.4464	0
46	11	204.5597	-20.46259	0
46	12	208.5377	45.04153	0
46	13	250.9212	243.0671	0
46	14	300.6846	97.31567	0
46	15	259.6263	51.77368	0
46	16	321.5665	198.946	0
46	17	278.8661	121.9919	0
46	18	263.1763	73.40234	0
46	19	395.7006	325.9006	0
46	20	378.5156	243.5926	0
46	21	396.6732	476.842	0
46	22	416.8981	428.8323	0
46	23	301.1998	209.9752	0
46	24	239.9188	49.21307	0
46	25	411.3972	306.028	0
46	26	330.1566	124.606	0
46	27	350.3138	100.4343	0
47	1	305.0319	274.2409	0
47	2	314.9109	74.96487	0
47	3	283.7396	275.2838	0
47	4	249.4831	206.1871	0
47	5	400.2374	386.3199	0
47	6	371.7066	202.0379	0
47	7	355.5293	280.9895	0
47	8	406.8647	284.2741	0
47	9	310.9666	54.56503	0
47	10	374.8151	350.4464	0
47	11	204.5597	-20.46259	0
47	12	208.5377	45.04153	0
47	13	250.9212	243.0671	0
47	14	300.6846	97.31567	0
47	15	259.6263	51.77368	0
47	16	321.5665	198.946	0
47	17	278.8661	121.9919	0
47	18	263.1763	73.40234	0
47	19	395.7006	325.9006	0
47	20	378.5156	243.5926	0
47	21	396.6732	476.842	0
47	22	416.8981	428.8323	0
47	23	301.1998	209.9752	0
47	24	239.9188	49.21307	0
47	25	411.3972	306.028	0
47	26	330.1566	124.606	0
47	27	350.3138	100.4343	0
47	28	345.8333	474.0265	0
48	1	305.0319	274.2409	0
48	2	314.9109	74.96487	0
48	3	283.7396	275.2838	0
48	4	249.4831	206.1871	0
48	5	400.2374	386.3199	0
48	6	371.7066	202.0379	0
48	7	355.5293	280.9895	0
48	8	406.8647	284.2741	0
48	9	310.9666	54.56503	0
48	10	374.8151	350.4464	0
48	11	204.5597	-20.46259	0
48	12	208.5377	45.04153	0
48	13	250.9212	243.0671	0
48	14	300.6846	97.31567	0
48	15	259.6263	51.77368	0
48	16	321.5665	198.946	0
48	17	278.8661	121.9919	0
48	18	263.1763	73.40234	0
48	19	395.7006	325.9006	0
48	20	378.5156	243.5926	0
48	21	396.6732	476.842	0
48	22	416.8981	428.8323	0
48	23	301.1998	209.9752	0
48	24	239.9188	49.21307	0
48	25	411.3972	306.028	0
48	26	330.1566	124.606	0
48	27	350.3138	100.4343	0
48	28	345.8333	474.0265	0
48	29	188.616	46.06683	0
49	1	305.0319	274.2409	0
49	2	314.9109	74.96487	0
49	3	283.7396	275.2838	0
49	4	249.4831	206.1871	0
49	5	400.2374	386.3199	0
49	6	371.7066	202.0379	0
49	7	355.5293	280.9895	0
49	8	406.8647	284.2741	0
49	9	310.9666	54.56503	0
49	10	374.8151	350.4464	0
49	11	204.5597	-20.46259	0
49	12	208.5377	45.04153	0
49	13	250.9212	243.0671	0
49	14	300.6846	97.31567	0
49	15	259.6263	51.77368	0
49	16	321.5665	198.946	0
49	17	278.8661	121.9919	0
49	18	263.1763	73.40234	0
49	19	395.7006	325.9006	0
49	20	378.5156	243.5926	0
49	21	396.6732	476.842	0
49	22	416.8981	428.8323	0
49	23	301.1998	209.9752	0
49	24	239.9188	49.21307	0
49	25	411.3972	306.028	0
49	26	330.1566	124.606	0
49	27	350.3138	100.4343	0
49	28	345.8333	474.0265	0
49	29	188.616	46.06683	0
49	30	196.3961	80.78958	0
50	1	305.0319	274.2409	0
50	2	314.9109	74.96487	0
50	3	283.7396	275.2838	0
50	4	249.4831	206.1871	0
50	5	400.2374	386.3199	0
50	6	371.7066	202.0379	0
50	7	355.5293	280.9895	0
50	8	406.8647	284.2741	0
50	9	310.9666	54.56503	0
50	10	374.8151	350.4464	0
50	11	204.5597	-20.46259	0
50	12	208.5377	45.04153	0
50	13	250.9212	243.0671	0
50	14	300.6846	97.31567	0
50	15	259.6263	51.77368	0
50	16	321.5665	198.946	0
50	17	278.8661	121.9919	0
50	18	263.1763	73.40234	0
50	19	395.7006	325.9006	0
50	20	378.5156	243.5926	0
50	21	396.6732	476.842	0
50	22	416.8981	428.8323	0
50	23	301.1998	209.9752	0
50	24	239.9188	49.21307	0
50	25	411.3972	306.028	0
50	26	330.1566	124.606	0
50	27	350.3138	100.4343	0
50	28	345.8333	474.0265	0
50	29	188.616	46.06683	0
50	30	196.3961	80.78958	0
50	31	425.8393	353.7713	0
51	1	305.0319	274.2409	0
51	2	314.9109	74.96487	0
51	3	283.7396	275.2838	0
51	4	249.4831	206.1871	0
51	5	400.2374	386.3199	0
51	6	371.7066	202.0379	0
51	7	355.5293	280.9895	0
51	8	406.8647	284.2741	0
51	9	310.9666	54.56503	0
51	10	374.8151	350.4464	0
51	11	204.5597	-20.46259	0
51	12	208.5377	45.04153	0
51	13	250.9212	243.0671	0
51	14	300.6846	97.31567	0
51	15	259.6263	51.77368	0
51	16	321.5665	198.946	0
51	17	278.8661	121.9919	0
51	18	263.1763	73.40234	0
51	19	395.7006	325.9006	0
51	20	378.5156	243.5926	0
51	21	396.6732	476.842	0
51	22	416.8981	428.8323	0
51	23	301.1998	209.9752	0
51	24	239.9188	49.21307	0
51	25	411.3972	306.028	0
51	26	330.1566	124.606	0
51	27	350.3138	100.4343	0
51	28	345.8333	474.0265	0
51	29	188.616	46.06683	0
51	30	196.3961	80.78958	0
51	31	425.8393	353.7713	0
51	32	154.0353	-23.14261	0
52	1	305.0319	274.2409	0
52	2	314.9109	74.96487	0
52	3	283.7396	275.2838	0
52	4	249.4831	206.1871	0
52	5	400.2374	386.3199	0
52	6	371.7066	202.0379	0
52	7	355.5293	280.9895	0
52	8	406.8647	284.2741	0
52	9	310.9666	54.56503	0
52	10	374.8151	350.4464	0
52	11	204.5597	-20.46259	0
52	12	208.5377	45.04153	0
52	13	250.9212	243.0671	0
52	14	300.6846	97.31567	0
52	15	259.6263	51.77368	0
52	16	321.5665	198.946	0
52	17	278.8661	121.9919	0
52	18	263.1763	73.40234	0
52	19	395.7006	325.9006	0
52	20	378.5156	243.5926	0
52	21	396.6732	476.842	0
52	22	416.8981	428.8323	0
52	23	301.1998	209.9752	0
52	24	239.9188	49.21307	0
52	25	411.3972	306.028	0
52	26	330.1566	124.606	0
52	27	350.3138	100.4343	0
52	28	345.8333	474.0265	0
52	29	188.616	46.06683	0
52	30	196.3961	80.78958	0
52	31	425.8393	353.7713	0
52	32	154.0353	-23.14261	0
52	33	230.747	10.71652	0
53	1	305.0319	274.2409	0
53	2	314.9109	74.96487	0
53	3	283.7396	275.2838	0
53	4	249.4831	206.1871	0
53	5	400.2374	386.3199	0
53	6	371.7066	202.0379	0
53	7	355.5293	280.9895	0
53	8	406.8647	284.2741	0
53	9	310.9666	54.56503	0
53	10	374.8151	350.4464	0
53	11	204.5597	-20.46259	0
53	12	208.5377	45.04153	0
53	13	250.9212	243.0671	0
53	14	300.6846	97.31567	0
53	15	259.6263	51.77368	0
53	16	321.5665	198.946	0
53	17	278.8661	121.9919	0
53	18	263.1763	73.40234	0
53	19	395.7006	325.9006	0
53	20	378.5156	243.5926	0
53	21	396.6732	476.842	0
53	22	416.8981	428.8323	0
53	23	301.1998	209.9752	0
53	24	239.9188	49.21307	0
53	25	411.3972	306.028	0
53	26	330.1566	124.606	0
53	27	350.3138	100.4343	0
53	28	345.8333	474.0265	0
53	29	188.616	46.06683	0
53	30	196.3961	80.78958	0
53	31	425.8393	353.7713	0
53	32	154.0353	-23.14261	0
53	33	230.747	10.71652	0
53	34	291.8933	312.3234	0
54	1	305.0319	274.2409	0
54	2	314.9109	74.96487	0
54	3	283.7396	275.2838	0
54	4	249.4831	206.1871	0
54	5	400.2374	386.3199	0
54	6	371.7066	202.0379	0
54	7	355.5293	280.9895	0
54	8	406.8647	284.2741	0
54	9	310.9666	54.56503	0
54	10	374.8151	350.4464	0
54	11	204.5597	-20.46259	0
54	12	208.5377	45.04153	0
54	13	250.9212	243.0671	0
54	14	300.6846	97.31567	0
54	15	259.6263	51.77368	0
54	16	321.5665	198.946	0
54	17	278.8661	121.9919	0
54	18	263.1763	73.40234	0
54	19	395.7006	325.9006	0
54	20	378.5156	243.5926	0
54	21	396.6732	476.842	0
54	22	416.8981	428.8323	0
54	23	301.1998	209.9752	0
54	24	239.9188	49.21307	0
54	25	411.3972	306.028	0
54	26	330.1566	124.606	0
54	27	350.3138	100.4343	0
54	28	345.8333	474.0265	0
54	29	188.616	46.06683	0
54	30	196.3961	80.78958	0
54	31	425.8393	353.7713	0
54	32	154.0353	-23.14261	0
54	33	230.747	10.71652	0
54	34	291.8933	312.3234	0
54	35	468.2823	430.8366	0
55	1	305.0319	274.2409	0
55	2	314.9109	74.96487	0
55	3	283.7396	275.2838	0
55	4	249.4831	206.1871	0
55	5	400.2374	386.3199	0
55	6	371.7066	202.0379	0
55	7	355.5293	280.9895	0
55	8	406.8647	284.2741	0
55	9	310.9666	54.56503	0
55	10	374.8151	350.4464	0
55	11	204.5597	-20.46259	0
55	12	208.5377	45.04153	0
55	13	250.9212	243.0671	0
55	14	300.6846	97.31567	0
55	15	259.6263	51.77368	0
55	16	321.5665	198.946	0
55	17	278.8661	121.9919	0
55	18	263.1763	73.40234	0
55	19	395.7006	325.9006	0
55	20	378.5156	243.5926	0
55	21	396.6732	476.842	0
55	22	416.8981	428.8323	0
55	23	301.1998	209.9752	0
55	24	239.9188	49.21307	0
55	25	411.3972	306.028	0
55	26	330.1566	124.606	0
55	27	350.3138	100.4343	0
55	28	345.8333	474.0265	0
55	29	188.616	46.06683	0
55	30	196.3961	80.78958	0
55	31	425.8393	353.7713	0
55	32	154.0353	-23.14261	0
55	33	230.747	10.71652	0
55	34	291.8933	312.3234	0
55	35	468.2823	430.8366	0
55	36	343.1255	314.1487	0
56	1	305.0319	274.2409	0
56	2	314.9109	74.96487	0
56	3	283.7396	275.2838	0
56	4	249.4831	206.1871	0
56	5	400.2374	386.3199	0
56	6	371.7066	202.0379	0
56	7	355.5293	280.9895	0
56	8	406.8647	284.2741	0
56	9	310.9666	54.56503	0
56	10	374.8151	350.4464	0
56	11	204.5597	-20.46259	0
56	12	208.5377	45.04153	0
56	13	250.9212	243.0671	0
56	14	300.6846	97.31567	0
56	15	259.6263	51.77368	0
56	16	321.5665	198.946	0
56	17	278.8661	121.9919	0
56	18	263.1763	73.40234	0
56	19	395.7006	325.9006	0
56	20	378.5156	243.5926	0
56	21	396.6732	476.842	0
56	22	416.8981	428.8323	0
56	23	301.1998	209.9752	0
56	24	239.9188	49.21307	0
56	25	411.3972	306.028	0
56	26	330.1566	124.606	0
56	27	350.3138	100.4343	0
56	28	345.8333	474.0265	0
56	29	188.616	46.06683	0
56	30	196.3961	80.78958	0
56	31	425.8393	353.7713	0
56	32	154.0353	-23.14261	0
56	33	230.747	10.71652	0
56	34	291.8933	312.3234	0
56	35	468.2823	430.8366	0
56	36	343.1255	314.1487	0
57	1	305.0319	274.2409	0
57	2	314.9109	74.96487	0
57	3	283.7396	275.2838	0
57	4	249.4831	206.1871	0
57	5	400.2374	386.3199	0
57	6	371.7066	202.0379	0
57	7	355.5293	280.9895	0
57	8	406.8647	284.2741	0
57	9	310.9666	54.56503	0
57	10	374.8151	350.4464	0
57	11	204.5597	-20.46259	0
57	12	208.5377	45.04153	0
57	13	250.9212	243.0671	0
57	14	300.6846	97.31567	0
57	15	259.6263	51.77368	0
57	16	321.5665	198.946	0
57	17	278.8661	121.9919	0
57	18	263.1763	73.40234	0
57	19	395.7006	325.9006	0
57	20	378.5156	243.5926	0
57	21	396.6732	476.842	0
57	22	416.8981	428.8323	0
57	23	301.1998	209.9752	0
57	24	239.9188	49.21307	0
57	25	411.3972	306.028	0
57	26	330.1566	124.606	0
57	27	350.3138	100.4343	0
57	28	345.8333	474.0265	0
57	29	188.616	46.06683	0
57	30	196.3961	80.78958	0
57	31	425.8393	353.7713	0
57	32	154.0353	-23.14261	0
57	33	230.747	10.71652	0
57	34	291.8933	312.3234	0
57	35	468.2823	430.8366	0
57	36	343.1255	314.1487	0
57	37	301.3711	247.3164	0
58	1	305.0319	274.2409	0
58	2	314.9109	74.96487	0
58	3	283.7396	275.2838	0
58	4	249.4831	206.1871	0
58	5	400.2374	386.3199	0
58	6	371.7066	202.0379	0
58	7	355.5293	280.9895	0
58	8	406.8647	284.2741	0
58	9	310.9666	54.56503	0
58	10	374.8151	350.4464	0
58	11	204.5597	-20.46259	0
58	12	208.5377	45.04153	0
58	13	250.9212	243.0671	0
58	14	300.6846	97.31567	0
58	15	259.6263	51.77368	0
58	16	321.5665	198.946	0
58	17	278.8661	121.9919	0
58	18	263.1763	73.40234	0
58	19	395.7006	325.9006	0
58	20	378.5156	243.5926	0
58	21	396.6732	476.842	0
58	22	416.8981	428.8323	0
58	23	301.1998	209.9752	0
58	24	239.9188	49.21307	0
58	25	411.3972	306.028	0
58	26	330.1566	124.606	0
58	27	350.3138	100.4343	0
58	28	345.8333	474.0265	0
58	29	188.616	46.06683	0
58	30	196.3961	80.78958	0
58	31	425.8393	353.7713	0
58	32	154.0353	-23.14261	0
58	33	230.747	10.71652	0
58	34	291.8933	312.3234	0
58	35	468.2823	430.8366	0
58	36	343.1255	314.1487	0
58	37	301.3711	247.3164	0
58	38	446.6327	330.6211	0
59	1	305.0319	274.2409	0
59	2	314.9109	74.96487	0
59	3	283.7396	275.2838	0
59	4	249.4831	206.1871	0
59	5	400.2374	386.3199	0
59	6	371.7066	202.0379	0
59	7	355.5293	280.9895	0
59	8	406.8647	284.2741	0
59	9	310.9666	54.56503	0
59	10	374.8151	350.4464	0
59	11	204.5597	-20.46259	0
59	12	208.5377	45.04153	0
59	13	250.9212	243.0671	0
59	14	300.6846	97.31567	0
59	15	259.6263	51.77368	0
59	16	321.5665	198.946	0
59	17	278.8661	121.9919	0
59	18	263.1763	73.40234	0
59	19	395.7006	325.9006	0
59	20	378.5156	243.5926	0
59	21	396.6732	476.842	0
59	22	416.8981	428.8323	0
59	23	301.1998	209.9752	0
59	24	239.9188	49.21307	0
59	25	411.3972	306.028	0
59	26	330.1566	124.606	0
59	27	350.3138	100.4343	0
59	28	345.8333	474.0265	0
59	29	188.616	46.06683	0
59	30	196.3961	80.78958	0
59	31	425.8393	353.7713	0
59	32	154.0353	-23.14261	0
59	33	230.747	10.71652	0
59	34	291.8933	312.3234	0
59	35	468.2823	430.8366	0
59	36	343.1255	314.1487	0
59	37	301.3711	247.3164	0
59	38	446.6327	330.6211	0
59	39	247.3579	85.47726	0
60	1	305.0319	274.2409	0
60	2	314.9109	74.96487	0
60	3	283.7396	275.2838	0
60	4	249.4831	206.1871	0
60	5	400.2374	386.3199	0
60	6	371.7066	202.0379	0
60	7	355.5293	280.9895	0
60	8	406.8647	284.2741	0
60	9	310.9666	54.56503	0
60	10	374.8151	350.4464	0
60	11	204.5597	-20.46259	0
60	12	208.5377	45.04153	0
60	13	250.9212	243.0671	0
60	14	300.6846	97.31567	0
60	15	259.6263	51.77368	0
60	16	321.5665	198.946	0
60	17	278.8661	121.9919	0
60	18	263.1763	73.40234	0
60	19	395.7006	325.9006	0
60	20	378.5156	243.5926	0
60	21	396.6732	476.842	0
60	22	416.8981	428.8323	0
60	23	301.1998	209.9752	0
60	24	239.9188	49.21307	0
60	25	411.3972	306.028	0
60	26	330.1566	124.606	0
60	27	350.3138	100.4343	0
60	28	345.8333	474.0265	0
60	29	188.616	46.06683	0
60	30	196.3961	80.78958	0
60	31	425.8393	353.7713	0
60	32	154.0353	-23.14261	0
60	33	230.747	10.71652	0
60	34	291.8933	312.3234	0
60	35	468.2823	430.8366	0
60	36	343.1255	314.1487	0
60	37	301.3711	247.3164	0
60	38	446.6327	330.6211	0
60	39	247.3579	85.47726	0
60	40	281.9698	13.91321	0
61	1	305.0319	274.2409	0
61	2	314.9109	74.96487	0
61	3	283.7396	275.2838	0
61	4	249.4831	206.1871	0
61	5	400.2374	386.3199	0
61	6	371.7066	202.0379	0
61	7	355.5293	280.9895	0
61	8	406.8647	284.2741	0
61	9	310.9666	54.56503	0
61	10	374.8151	350.4464	0
61	11	204.5597	-20.46259	0
61	12	208.5377	45.04153	0
61	13	250.9212	243.0671	0
61	14	300.6846	97.31567	0
61	15	259.6263	51.77368	0
61	16	321.5665	198.946	0
61	17	278.8661	121.9919	0
61	18	263.1763	73.40234	0
61	19	395.7006	325.9006	0
61	20	378.5156	243.5926	0
61	21	396.6732	476.842	0
61	22	416.8981	428.8323	0
61	23	301.1998	209.9752	0
61	24	239.9188	49.21307	0
61	25	411.3972	306.028	0
61	26	330.1566	124.606	0
61	27	350.3138	100.4343	0
61	28	345.8333	474.0265	0
61	29	188.616	46.06683	0
61	30	196.3961	80.78958	0
61	31	425.8393	353.7713	0
61	32	154.0353	-23.14261	0
61	33	230.747	10.71652	0
61	34	291.8933	312.3234	0
61	35	468.2823	430.8366	0
61	36	343.1255	314.1487	0
61	37	301.3711	247.3164	0
61	38	446.6327	330.6211	0
61	39	247.3579	85.47726	0
61	40	281.9698	13.91321	0
61	41	335.3324	278.139	0
62	1	305.0319	274.2409	0
62	2	314.9109	74.96487	0
62	3	283.7396	275.2838	0
62	4	249.4831	206.1871	0
62	5	400.2374	386.3199	0
62	6	371.7066	202.0379	0
62	7	355.5293	280.9895	0
62	8	406.8647	284.2741	0
62	9	310.9666	54.56503	0
62	10	374.8151	350.4464	0
62	11	204.5597	-20.46259	0
62	12	208.5377	45.04153	0
62	13	250.9212	243.0671	0
62	14	300.6846	97.31567	0
62	15	259.6263	51.77368	0
62	16	321.5665	198.946	0
62	17	278.8661	121.9919	0
62	18	263.1763	73.40234	0
62	19	395.7006	325.9006	0
62	20	378.5156	243.5926	0
62	21	396.6732	476.842	0
62	22	416.8981	428.8323	0
62	23	301.1998	209.9752	0
62	24	239.9188	49.21307	0
62	25	411.3972	306.028	0
62	26	330.1566	124.606	0
62	27	350.3138	100.4343	0
62	28	345.8333	474.0265	0
62	29	188.616	46.06683	0
62	30	196.3961	80.78958	0
62	31	425.8393	353.7713	0
62	32	154.0353	-23.14261	0
62	33	230.747	10.71652	0
62	34	291.8933	312.3234	0
62	35	468.2823	430.8366	0
62	36	343.1255	314.1487	0
62	37	301.3711	247.3164	0
62	38	446.6327	330.6211	0
62	39	247.3579	85.47726	0
62	40	281.9698	13.91321	0
62	41	335.3324	278.139	0
62	42	359.3961	303.3243	0
63	1	305.0319	274.2409	0
63	2	314.9109	74.96487	0
63	3	283.7396	275.2838	0
63	4	249.4831	206.1871	0
63	5	400.2374	386.3199	0
63	6	371.7066	202.0379	0
63	7	355.5293	280.9895	0
63	8	406.8647	284.2741	0
63	9	310.9666	54.56503	0
63	10	374.8151	350.4464	0
63	11	204.5597	-20.46259	0
63	12	208.5377	45.04153	0
63	13	250.9212	243.0671	0
63	14	300.6846	97.31567	0
63	15	259.6263	51.77368	0
63	16	321.5665	198.946	0
63	17	278.8661	121.9919	0
63	18	263.1763	73.40234	0
63	19	395.7006	325.9006	0
63	20	378.5156	243.5926	0
63	21	396.6732	476.842	0
63	22	416.8981	428.8323	0
63	23	301.1998	209.9752	0
63	24	239.9188	49.21307	0
63	25	411.3972	306.028	0
63	26	330.1566	124.606	0
63	27	350.3138	100.4343	0
63	28	345.8333	474.0265	0
63	29	188.616	46.06683	0
63	30	196.3961	80.78958	0
63	31	425.8393	353.7713	0
63	32	154.0353	-23.14261	0
63	33	230.747	10.71652	0
63	34	291.8933	312.3234	0
63	35	468.2823	430.8366	0
63	36	343.1255	314.1487	0
63	37	301.3711	247.3164	0
63	38	446.6327	330.6211	0
63	39	247.3579	85.47726	0
63	40	281.9698	13.91321	0
63	41	335.3324	278.139	0
63	42	359.3961	303.3243	0
63	43	328.17	240.428	0
64	1	305.0319	274.2409	0
64	2	314.9109	74.96487	0
64	3	283.7396	275.2838	0
64	4	249.4831	206.1871	0
64	5	400.2374	386.3199	0
64	6	371.7066	202.0379	0
64	7	355.5293	280.9895	0
64	8	406.8647	284.2741	0
64	9	310.9666	54.56503	0
64	10	374.8151	350.4464	0
64	11	204.5597	-20.46259	0
64	12	208.5377	45.04153	0
64	13	250.9212	243.0671	0
64	14	300.6846	97.31567	0
64	15	259.6263	51.77368	0
64	16	321.5665	198.946	0
64	17	278.8661	121.9919	0
64	18	263.1763	73.40234	0
64	19	395.7006	325.9006	0
64	20	378.5156	243.5926	0
64	21	396.6732	476.842	0
64	22	416.8981	428.8323	0
64	23	301.1998	209.9752	0
64	24	239.9188	49.21307	0
64	25	411.3972	306.028	0
64	26	330.1566	124.606	0
64	27	350.3138	100.4343	0
64	28	345.8333	474.0265	0
64	29	188.616	46.06683	0
64	30	196.3961	80.78958	0
64	31	425.8393	353.7713	0
64	32	154.0353	-23.14261	0
64	33	230.747	10.71652	0
64	34	291.8933	312.3234	0
64	35	468.2823	430.8366	0
64	36	343.1255	314.1487	0
64	37	301.3711	247.3164	0
64	38	446.6327	330.6211	0
64	39	247.3579	85.47726	0
64	40	281.9698	13.91321	0
64	41	335.3324	278.139	0
64	42	359.3961	303.3243	0
64	43	328.17	240.428	0
65	1	305.0319	274.2409	0
65	2	314.9109	74.96487	0
65	3	283.7396	275.2838	0
65	4	249.4831	206.1871	0
65	5	400.2374	386.3199	0
65	6	371.7066	202.0379	0
65	7	355.5293	280.9895	0
65	8	406.8647	284.2741	0
65	9	310.9666	54.56503	0
65	10	374.8151	350.4464	0
65	11	204.5597	-20.46259	0
65	12	208.5377	45.04153	0
65	13	250.9212	243.0671	0
65	14	300.6846	97.31567	0
65	15	259.6263	51.77368	0
65	16	321.5665	198.946	0
65	17	278.8661	121.9919	0
65	18	263.1763	73.40234	0
65	19	395.7006	325.9006	0
65	20	378.5156	243.5926	0
65	21	396.6732	476.842	0
65	22	416.8981	428.8323	0
65	23	301.1998	209.9752	0
65	24	239.9188	49.21307	0
65	25	411.3972	306.028	0
65	26	330.1566	124.606	0
65	27	350.3138	100.4343	0
65	28	345.8333	474.0265	0
65	29	188.616	46.06683	0
65	30	196.3961	80.78958	0
65	31	425.8393	353.7713	0
65	32	154.0353	-23.14261	0
65	33	230.747	10.71652	0
65	34	291.8933	312.3234	0
65	35	468.2823	430.8366	0
65	36	343.1255	314.1487	0
65	37	301.3711	247.3164	0
65	38	446.6327	330.6211	0
65	39	247.3579	85.47726	0
65	40	281.9698	13.91321	0
65	41	335.3324	278.139	0
65	42	359.3961	303.3243	0
65	43	328.17	240.428	0
66	1	305.0319	274.2409	0
66	2	314.9109	74.96487	0
66	3	283.7396	275.2838	0
66	4	249.4831	206.1871	0
66	5	400.2374	386.3199	0
66	6	371.7066	202.0379	0
66	7	355.5293	280.9895	0
66	8	406.8647	284.2741	0
66	9	310.9666	54.56503	0
66	10	374.8151	350.4464	0
66	11	204.5597	-20.46259	0
66	12	208.5377	45.04153	0
66	13	250.9212	243.0671	0
66	14	300.6846	97.31567	0
66	15	259.6263	51.77368	0
66	16	321.5665	198.946	0
66	17	278.8661	121.9919	0
66	18	263.1763	73.40234	0
66	19	395.7006	325.9006	0
66	20	378.5156	243.5926	0
66	21	396.6732	476.842	0
66	22	416.8981	428.8323	0
66	23	301.1998	209.9752	0
66	24	239.9188	49.21307	0
66	25	411.3972	306.028	0
66	26	330.1566	124.606	0
66	27	350.3138	100.4343	0
66	28	345.8333	474.0265	0
66	29	188.616	46.06683	0
66	30	196.3961	80.78958	0
66	31	425.8393	353.7713	0
66	32	154.0353	-23.14261	0
66	33	230.747	10.71652	0
66	34	291.8933	312.3234	0
66	35	468.2823	430.8366	0
66	36	343.1255	314.1487	0
66	37	301.3711	247.3164	0
66	38	446.6327	330.6211	0
66	39	247.3579	85.47726	0
66	40	281.9698	13.91321	0
66	41	335.3324	278.139	0
66	42	359.3961	303.3243	0
66	43	328.17	240.428	0
67	1	305.0319	274.2409	0
67	2	314.9109	74.96487	0
67	3	283.7396	275.2838	0
67	4	249.4831	206.1871	0
67	5	400.2374	386.3199	0
67	6	371.7066	202.0379	0
67	7	355.5293	280.9895	0
67	8	406.8647	284.2741	0
67	9	310.9666	54.56503	0
67	10	374.8151	350.4464	0
67	11	204.5597	-20.46259	0
67	12	208.5377	45.04153	0
67	13	250.9212	243.0671	0
67	14	300.6846	97.31567	0
67	15	259.6263	51.77368	0
67	16	321.5665	198.946	0
67	17	278.8661	121.9919	0
67	18	263.1763	73.40234	0
67	19	395.7006	325.9006	0
67	20	378.5156	243.5926	0
67	21	396.6732	476.842	0
67	22	416.8981	428.8323	0
67	23	301.1998	209.9752	0
67	24	239.9188	49.21307	0
67	25	411.3972	306.028	0
67	26	330.1566	124.606	0
67	27	350.3138	100.4343	0
67	28	345.8333	474.0265	0
67	29	188.616	46.06683	0
67	30	196.3961	80.78958	0
67	31	425.8393	353.7713	0
67	32	154.0353	-23.14261	0
67	33	230.747	10.71652	0
67	34	291.8933	312.3234	0
67	35	468.2823	430.8366	0
67	36	343.1255	314.1487	0
67	37	301.3711	247.3164	0
67	38	446.6327	330.6211	0
67	39	247.3579	85.47726	0
67	40	281.9698	13.91321	0
67	41	335.3324	278.139	0
67	42	359.3961	303.3243	0
67	43	328.17	240.428	0
68	1	305.0319	274.2409	0
68	2	314.9109	74.96487	0
68	3	283.7396	275.2838	0
68	4	249.4831	206.1871	0
68	5	400.2374	386.3199	0
68	6	371.7066	202.0379	0
68	7	355.5293	280.9895	0
68	8	406.8647	284.2741	0
68	9	310.9666	54.56503	0
68	10	374.8151	350.4464	0
68	11	204.5597	-20.46259	0
68	12	208.5377	45.04153	0
68	13	250.9212	243.0671	0
68	14	300.6846	97.31567	0
68	15	259.6263	51.77368	0
68	16	321.5665	198.946	0
68	17	278.8661	121.9919	0
68	18	263.1763	73.40234	0
68	19	395.7006	325.9006	0
68	20	378.5156	243.5926	0
68	21	396.6732	476.842	0
68	22	416.8981	428.8323	0
68	23	301.1998	209.9752	0
68	24	239.9188	49.21307	0
68	25	411.3972	306.028	0
68	26	330.1566	124.606	0
68	27	350.3138	100.4343	0
68	28	345.8333	474.0265	0
68	29	188.616	46.06683	0
68	30	196.3961	80.78958	0
68	31	425.8393	353.7713	0
68	32	154.0353	-23.14261	0
68	33	230.747	10.71652	0
68	34	291.8933	312.3234	0
68	35	468.2823	430.8366	0
68	36	343.1255	314.1487	0
68	37	301.3711	247.3164	0
68	38	446.6327	330.6211	0
68	39	247.3579	85.47726	0
68	40	281.9698	13.91321	0
68	41	335.3324	278.139	0
68	42	359.3961	303.3243	0
68	43	328.17	240.428	0
69	1	305.0319	274.2409	0
69	2	314.9109	74.96487	0
69	3	283.7396	275.2838	0
69	4	249.4831	206.1871	0
69	5	400.2374	386.3199	0
69	6	371.7066	202.0379	0
69	7	355.5293	280.9895	0
69	8	406.8647	284.2741	0
69	9	310.9666	54.56503	0
69	10	374.8151	350.4464	0
69	11	204.5597	-20.46259	0
69	12	208.5377	45.04153	0
69	13	250.9212	243.0671	0
69	14	300.6846	97.31567	0
69	15	259.6263	51.77368	0
69	16	321.5665	198.946	0
69	17	278.8661	121.9919	0
69	18	263.1763	73.40234	0
69	19	395.7006	325.9006	0
69	20	378.5156	243.5926	0
69	21	396.6732	476.842	0
69	22	416.8981	428.8323	0
69	23	301.1998	209.9752	0
69	24	239.9188	49.21307	0
69	25	411.3972	306.028	0
69	26	330.1566	124.606	0
69	27	350.3138	100.4343	0
69	28	345.8333	474.0265	0
69	29	188.616	46.06683	0
69	30	196.3961	80.78958	0
69	31	425.8393	353.7713	0
69	32	154.0353	-23.14261	0
69	33	230.747	10.71652	0
69	34	291.8933	312.3234	0
69	35	468.2823	430.8366	0
69	36	343.1255	314.1487	0
69	37	301.3711	247.3164	0
69	38	446.6327	330.6211	0
69	39	247.3579	85.47726	0
69	40	281.9698	13.91321	0
69	41	335.3324	278.139	0
69	42	359.3961	303.3243	0
69	43	328.17	240.428	0
70	1	305.0319	274.2409	0
70	2	314.9109	74.96487	0
70	3	283.7396	275.2838	0
70	4	249.4831	206.1871	0
70	5	400.2374	386.3199	0
70	6	371.7066	202.0379	0
70	7	355.5293	280.9895	0
70	8	406.8647	284.2741	0
70	9	310.9666	54.56503	0
70	10	374.8151	350.4464	0
70	11	204.5597	-20.46259	0
70	12	208.5377	45.04153	0
70	13	250.9212	243.0671	0
70	14	300.6846	97.31567	0
70	15	259.6263	51.77368	0
70	16	321.5665	198.946	0
70	17	278.8661	121.9919	0
70	18	263.1763	73.40234	0
70	19	395.7006	325.9006	0
70	20	378.5156	243.5926	0
70	21	396.6732	476.842	0
70	22	416.8981	428.8323	0
70	23	301.1998	209.9752	0
70	24	239.9188	49.21307	0
70	25	411.3972	306.028	0
70	26	330.1566	124.606	0
70	27	350.3138	100.4343	0
70	28	345.8333	474.0265	0
70	29	188.616	46.06683	0
70	30	196.3961	80.78958	0
70	31	425.8393	353.7713	0
70	32	154.0353	-23.14261	0
70	33	230.747	10.71652	0
70	34	291.8933	312.3234	0
70	35	468.2823	430.8366	0
70	36	343.1255	314.1487	0
70	37	301.3711	247.3164	0
70	38	446.6327	330.6211	0
70	39	247.3579	85.47726	0
70	40	281.9698	13.91321	0
70	41	335.3324	278.139	0
70	42	359.3961	303.3243	0
70	43	328.17	240.428	0
71	1	305.0319	274.2409	0
71	2	314.9109	74.96487	0
71	3	283.7396	275.2838	0
71	4	249.4831	206.1871	0
71	5	400.2374	386.3199	0
71	6	371.7066	202.0379	0
71	7	355.5293	280.9895	0
71	8	406.8647	284.2741	0
71	9	310.9666	54.56503	0
71	10	374.8151	350.4464	0
71	11	204.5597	-20.46259	0
71	12	208.5377	45.04153	0
71	13	250.9212	243.0671	0
71	14	300.6846	97.31567	0
71	15	259.6263	51.77368	0
71	16	321.5665	198.946	0
71	17	278.8661	121.9919	0
71	18	263.1763	73.40234	0
71	19	395.7006	325.9006	0
71	20	378.5156	243.5926	0
71	21	396.6732	476.842	0
71	22	416.8981	428.8323	0
71	23	301.1998	209.9752	0
71	24	239.9188	49.21307	0
71	25	411.3972	306.028	0
71	26	330.1566	124.606	0
71	27	350.3138	100.4343	0
71	28	345.8333	474.0265	0
71	29	188.616	46.06683	0
71	30	196.3961	80.78958	0
71	31	425.8393	353.7713	0
71	32	154.0353	-23.14261	0
71	33	230.747	10.71652	0
71	34	291.8933	312.3234	0
71	35	468.2823	430.8366	0
71	36	343.1255	314.1487	0
71	37	301.3711	247.3164	0
71	38	446.6327	330.6211	0
71	39	247.3579	85.47726	0
71	40	281.9698	13.91321	0
71	41	335.3324	278.139	0
71	42	359.3961	303.3243	0
71	43	328.17	240.428	0
72	1	305.0319	274.2409	0
72	2	314.9109	74.96487	0
72	3	283.7396	275.2838	0
72	4	249.4831	206.1871	0
72	5	400.2374	386.3199	0
72	6	371.7066	202.0379	0
72	7	355.5293	280.9895	0
72	8	406.8647	284.2741	0
72	9	310.9666	54.56503	0
72	10	374.8151	350.4464	0
72	11	204.5597	-20.46259	0
72	12	208.5377	45.04153	0
72	13	250.9212	243.0671	0
72	14	300.6846	97.31567	0
72	15	259.6263	51.77368	0
72	16	321.5665	198.946	0
72	17	278.8661	121.9919	0
72	18	263.1763	73.40234	0
72	19	395.7006	325.9006	0
72	20	378.5156	243.5926	0
72	21	396.6732	476.842	0
72	22	416.8981	428.8323	0
72	23	301.1998	209.9752	0
72	24	239.9188	49.21307	0
72	25	411.3972	306.028	0
72	26	330.1566	124.606	0
72	27	350.3138	100.4343	0
72	28	345.8333	474.0265	0
72	29	188.616	46.06683	0
72	30	196.3961	80.78958	0
72	31	425.8393	353.7713	0
72	32	154.0353	-23.14261	0
72	33	230.747	10.71652	0
72	34	291.8933	312.3234	0
72	35	468.2823	430.8366	0
72	36	343.1255	314.1487	0
72	37	301.3711	247.3164	0
72	38	446.6327	330.6211	0
72	39	247.3579	85.47726	0
72	40	281.9698	13.91321	0
72	41	335.3324	278.139	0
72	42	359.3961	303.3243	0
72	43	328.17	240.428	0
73	1	305.0319	274.2409	0
73	2	314.9109	74.96487	0
73	3	283.7396	275.2838	0
73	4	249.4831	206.1871	0
73	5	400.2374	386.3199	0
73	6	371.7066	202.0379	0
73	7	355.5293	280.9895	0
73	8	406.8647	284.2741	0
73	9	310.9666	54.56503	0
73	10	374.8151	350.4464	0
73	11	204.5597	-20.46259	0
73	12	208.5377	45.04153	0
73	13	250.9212	243.0671	0
73	14	300.6846	97.31567	0
73	15	259.6263	51.77368	0
73	16	321.5665	198.946	0
73	17	278.8661	121.9919	0
73	18	263.1763	73.40234	0
73	19	395.7006	325.9006	0
73	20	378.5156	243.5926	0
73	21	396.6732	476.842	0
73	22	416.8981	428.8323	0
73	23	301.1998	209.9752	0
73	24	239.9188	49.21307	0
73	25	411.3972	306.028	0
73	26	330.1566	124.606	0
73	27	350.3138	100.4343	0
73	28	345.8333	474.0265	0
73	29	188.616	46.06683	0
73	30	196.3961	80.78958	0
73	31	425.8393	353.7713	0
73	32	154.0353	-23.14261	0
73	33	230.747	10.71652	0
73	34	291.8933	312.3234	0
73	35	468.2823	430.8366	0
73	36	343.1255	314.1487	0
73	37	301.3711	247.3164	0
73	38	446.6327	330.6211	0
73	39	247.3579	85.47726	0
73	40	281.9698	13.91321	0
73	41	335.3324	278.139	0
73	42	359.3961	303.3243	0
73	43	328.17	240.428	0
74	1	305.0319	274.2409	0
74	2	314.9109	74.96487	0
74	3	283.7396	275.2838	0
74	4	249.4831	206.1871	0
74	5	400.2374	386.3199	0
74	6	371.7066	202.0379	0
74	7	355.5293	280.9895	0
74	8	406.8647	284.2741	0
74	9	310.9666	54.56503	0
74	10	374.8151	350.4464	0
74	11	204.5597	-20.46259	0
74	12	208.5377	45.04153	0
74	13	250.9212	243.0671	0
74	14	300.6846	97.31567	0
74	15	259.6263	51.77368	0
74	16	321.5665	198.946	0
74	17	278.8661	121.9919	0
74	18	263.1763	73.40234	0
74	19	395.7006	325.9006	0
74	20	378.5156	243.5926	0
74	21	396.6732	476.842	0
74	22	416.8981	428.8323	0
74	23	301.1998	209.9752	0
74	24	239.9188	49.21307	0
74	25	411.3972	306.028	0
74	26	330.1566	124.606	0
74	27	350.3138	100.4343	0
74	28	345.8333	474.0265	0
74	29	188.616	46.06683	0
74	30	196.3961	80.78958	0
74	31	425.8393	353.7713	0
74	32	154.0353	-23.14261	0
74	33	230.747	10.71652	0
74	34	291.8933	312.3234	0
74	35	468.2823	430.8366	0
74	36	343.1255	314.1487	0
74	37	301.3711	247.3164	0
74	38	446.6327	330.6211	0
74	39	247.3579	85.47726	0
74	40	281.9698	13.91321	0
74	41	335.3324	278.139	0
74	42	359.3961	303.3243	0
74	43	328.17	240.428	0
75	1	305.0319	274.2409	0
75	2	314.9109	74.96487	0
75	3	283.7396	275.2838	0
75	4	249.4831	206.1871	0
75	5	400.2374	386.3199	0
75	6	371.7066	202.0379	0
75	7	355.5293	280.9895	0
75	8	406.8647	284.2741	0
75	9	310.9666	54.56503	0
75	10	374.8151	350.4464	0
75	11	204.5597	-20.46259	0
75	12	208.5377	45.04153	0
75	13	250.9212	243.0671	0
75	14	300.6846	97.31567	0
75	15	259.6263	51.77368	0
75	16	321.5665	198.946	0
75	17	278.8661	121.9919	0
75	18	263.1763	73.40234	0
75	19	395.7006	325.9006	0
75	20	378.5156	243.5926	0
75	21	396.6732	476.842	0
75	22	416.8981	428.8323	0
75	23	301.1998	209.9752	0
75	24	239.9188	49.21307	0
75	25	411.3972	306.028	0
75	26	330.1566	124.606	0
75	27	350.3138	100.4343	0
75	28	345.8333	474.0265	0
75	29	188.616	46.06683	0
75	30	196.3961	80.78958	0
75	31	425.8393	353.7713	0
75	32	154.0353	-23.14261	0
75	33	230.747	10.71652	0
75	34	291.8933	312.3234	0
75	35	468.2823	430.8366	0
75	36	343.1255	314.1487	0
75	37	301.3711	247.3164	0
75	38	446.6327	330.6211	0
75	39	247.3579	85.47726	0
75	40	281.9698	13.91321	0
75	41	335.3324	278.139	0
75	42	359.3961	303.3243	0
75	43	328.17	240.428	0
76	1	305.0319	274.2409	0
76	2	314.9109	74.96487	0
76	3	283.7396	275.2838	0
76	4	249.4831	206.1871	0
76	5	400.2374	386.3199	0
76	6	371.7066	202.0379	0
76	7	355.5293	280.9895	0
76	8	406.8647	284.2741	0
76	9	310.9666	54.56503	0
76	10	374.8151	350.4464	0
76	11	204.5597	-20.46259	0
76	12	208.5377	45.04153	0
76	13	250.9212	243.0671	0
76	14	300.6846	97.31567	0
76	15	259.6263	51.77368	0
76	16	321.5665	198.946	0
76	17	278.8661	121.9919	0
76	18	263.1763	73.40234	0
76	19	395.7006	325.9006	0
76	20	378.5156	243.5926	0
76	21	396.6732	476.842	0
76	22	416.8981	428.8323	0
76	23	301.1998	209.9752	0
76	24	239.9188	49.21307	0
76	25	411.3972	306.028	0
76	26	330.1566	124.606	0
76	27	350.3138	100.4343	0
76	28	345.8333	474.0265	0
76	29	188.616	46.06683	0
76	30	196.3961	80.78958	0
76	31	425.8393	353.7713	0
76	32	154.0353	-23.14261	0
76	33	230.747	10.71652	0
76	34	291.8933	312.3234	0
76	35	468.2823	430.8366	0
76	36	343.1255	314.1487	0
76	37	301.3711	247.3164	0
76	38	446.6327	330.6211	0
76	39	247.3579	85.47726	0
76	40	281.9698	13.91321	0
76	41	335.3324	278.139	0
76	42	359.3961	303.3243	0
76	43	328.17	240.428	0
77	1	305.0319	274.2409	0
77	2	314.9109	74.96487	0
77	3	283.7396	275.2838	0
77	4	249.4831	206.1871	0
77	5	400.2374	386.3199	0
77	6	371.7066	202.0379	0
77	7	355.5293	280.9895	0
77	8	406.8647	284.2741	0
77	9	310.9666	54.56503	0
77	10	374.8151	350.4464	0
77	11	204.5597	-20.46259	0
77	12	208.5377	45.04153	0
77	13	250.9212	243.0671	0
77	14	300.6846	97.31567	0
77	15	259.6263	51.77368	0
77	16	321.5665	198.946	0
77	17	278.8661	121.9919	0
77	18	263.1763	73.40234	0
77	19	395.7006	325.9006	0
77	20	378.5156	243.5926	0
77	21	396.6732	476.842	0
77	22	416.8981	428.8323	0
77	23	301.1998	209.9752	0
77	24	239.9188	49.21307	0
77	25	411.3972	306.028	0
77	26	330.1566	124.606	0
77	27	350.3138	100.4343	0
77	28	345.8333	474.0265	0
77	29	188.616	46.06683	0
77	30	196.3961	80.78958	0
77	31	425.8393	353.7713	0
77	32	154.0353	-23.14261	0
77	33	230.747	10.71652	0
77	34	291.8933	312.3234	0
77	35	468.2823	430.8366	0
77	36	343.1255	314.1487	0
77	37	301.3711	247.3164	0
77	38	446.6327	330.6211	0
77	39	247.3579	85.47726	0
77	40	281.9698	13.91321	0
77	41	335.3324	278.139	0
77	42	359.3961	303.3243	0
77	43	328.17	240.428	0
78	1	305.0319	274.2409	0
78	2	314.9109	74.96487	0
78	3	283.7396	275.2838	0
78	4	249.4831	206.1871	0
78	5	400.2374	386.3199	0
78	6	371.7066	202.0379	0
78	7	355.5293	280.9895	0
78	8	406.8647	284.2741	0
78	9	310.9666	54.56503	0
78	10	374.8151	350.4464	0
78	11	204.5597	-20.46259	0
78	12	208.5377	45.04153	0
78	13	250.9212	243.0671	0
78	14	300.6846	97.31567	0
78	15	259.6263	51.77368	0
78	16	321.5665	198.946	0
78	17	278.8661	121.9919	0
78	18	263.1763	73.40234	0
78	19	395.7006	325.9006	0
78	20	378.5156	243.5926	0
78	21	396.6732	476.842	0
78	22	416.8981	428.8323	0
78	23	301.1998	209.9752	0
78	24	239.9188	49.21307	0
78	25	411.3972	306.028	0
78	26	330.1566	124.606	0
78	27	350.3138	100.4343	0
78	28	345.8333	474.0265	0
78	29	188.616	46.06683	0
78	30	196.3961	80.78958	0
78	31	425.8393	353.7713	0
78	32	154.0353	-23.14261	0
78	33	230.747	10.71652	0
78	34	291.8933	312.3234	0
78	35	468.2823	430.8366	0
78	36	343.1255	314.1487	0
78	37	301.3711	247.3164	0
78	38	446.6327	330.6211	0
78	39	247.3579	85.47726	0
78	40	281.9698	13.91321	0
78	41	335.3324	278.139	0
78	42	359.3961	303.3243	0
78	43	328.17	240.428	0
79	1	305.0319	274.2409	0
79	2	314.9109	74.96487	0
79	3	283.7396	275.2838	0
79	4	249.4831	206.1871	0
79	5	400.2374	386.3199	0
79	6	371.7066	202.0379	0
79	7	355.5293	280.9895	0
79	8	406.8647	284.2741	0
79	9	310.9666	54.56503	0
79	10	374.8151	350.4464	0
79	11	204.5597	-20.46259	0
79	12	208.5377	45.04153	0
79	13	250.9212	243.0671	0
79	14	300.6846	97.31567	0
79	15	259.6263	51.77368	0
79	16	321.5665	198.946	0
79	17	278.8661	121.9919	0
79	18	263.1763	73.40234	0
79	19	395.7006	325.9006	0
79	20	378.5156	243.5926	0
79	21	396.6732	476.842	0
79	22	416.8981	428.8323	0
79	23	301.1998	209.9752	0
79	24	239.9188	49.21307	0
79	25	411.3972	306.028	0
79	26	330.1566	124.606	0
79	27	350.3138	100.4343	0
79	28	345.8333	474.0265	0
79	29	188.616	46.06683	0
79	30	196.3961	80.78958	0
79	31	425.8393	353.7713	0
79	32	154.0353	-23.14261	0
79	33	230.747	10.71652	0
79	34	291.8933	312.3234	0
79	35	468.2823	430.8366	0
79	36	343.1255	314.1487	0
79	37	301.3711	247.3164	0
79	38	446.6327	330.6211	0
79	39	247.3579	85.47726	0
79	40	281.9698	13.91321	0
79	41	335.3324	278.139	0
79	42	359.3961	303.3243	0
79	43	328.17	240.428	0
80	1	305.0319	274.2409	0
80	2	314.9109	74.96487	0
80	3	283.7396	275.2838	0
80	4	249.4831	206.1871	0
80	5	400.2374	386.3199	0
80	6	371.7066	202.0379	0
80	7	355.5293	280.9895	0
80	8	406.8647	284.2741	0
80	9	310.9666	54.56503	0
80	10	374.8151	350.4464	0
80	11	204.5597	-20.46259	0
80	12	208.5377	45.04153	0
80	13	250.9212	243.0671	0
80	14	300.6846	97.31567	0
80	15	259.6263	51.77368	0
80	16	321.5665	198.946	0
80	17	278.8661	121.9919	0
80	18	263.1763	73.40234	0
80	19	395.7006	325.9006	0
80	20	378.5156	243.5926	0
80	21	396.6732	476.842	0
80	22	416.8981	428.8323	0
80	23	301.1998	209.9752	0
80	24	239.9188	49.21307	0
80	25	411.3972	306.028	0
80	26	330.1566	124.606	0
80	27	350.3138	100.4343	0
80	28	345.8333	474.0265	0
80	29	188.616	46.06683	0
80	30	196.3961	80.78958	0
80	31	425.8393	353.7713	0
80	32	154.0353	-23.14261	0
80	33	230.747	10.71652	0
80	34	291.8933	312.3234	0
80	35	468.2823	430.8366	0
80	36	343.1255	314.1487	0
80	37	301.3711	247.3164	0
80	38	446.6327	330.6211	0
80	39	247.3579	85.47726	0
80	40	281.9698	13.91321	0
80	41	335.3324	278.139	0
80	42	359.3961	303.3243	0
80	43	328.17	240.428	0
81	1	305.0319	274.2409	0
81	2	314.9109	74.96487	0
81	3	283.7396	275.2838	0
81	4	249.4831	206.1871	0
81	5	400.2374	386.3199	0
81	6	371.7066	202.0379	0
81	7	355.5293	280.9895	0
81	8	406.8647	284.2741	0
81	9	310.9666	54.56503	0
81	10	374.8151	350.4464	0
81	11	204.5597	-20.46259	0
81	12	208.5377	45.04153	0
81	13	250.9212	243.0671	0
81	14	300.6846	97.31567	0
81	15	259.6263	51.77368	0
81	16	321.5665	198.946	0
81	17	278.8661	121.9919	0
81	18	263.1763	73.40234	0
81	19	395.7006	325.9006	0
81	20	378.5156	243.5926	0
81	21	396.6732	476.842	0
81	22	416.8981	428.8323	0
81	23	301.1998	209.9752	0
81	24	239.9188	49.21307	0
81	25	411.3972	306.028	0
81	26	330.1566	124.606	0
81	27	350.3138	100.4343	0
81	28	345.8333	474.0265	0
81	29	188.616	46.06683	0
81	30	196.3961	80.78958	0
81	31	425.8393	353.7713	0
81	32	154.0353	-23.14261	0
81	33	230.747	10.71652	0
81	34	291.8933	312.3234	0
81	35	468.2823	430.8366	0
81	36	343.1255	314.1487	0
81	37	301.3711	247.3164	0
81	38	446.6327	330.6211	0
81	39	247.3579	85.47726	0
81	40	281.9698	13.91321	0
81	41	335.3324	278.139	0
81	42	359.3961	303.3243	0
81	43	328.17	240.428	0
82	1	305.0319	274.2409	0
82	2	314.9109	74.96487	0
82	3	283.7396	275.2838	0
82	4	249.4831	206.1871	0
82	5	400.2374	386.3199	0
82	6	371.7066	202.0379	0
82	7	355.5293	280.9895	0
82	8	406.8647	284.2741	0
82	9	310.9666	54.56503	0
82	10	374.8151	350.4464	0
82	11	204.5597	-20.46259	0
82	12	208.5377	45.04153	0
82	13	250.9212	243.0671	0
82	14	300.6846	97.31567	0
82	15	259.6263	51.77368	0
82	16	321.5665	198.946	0
82	17	278.8661	121.9919	0
82	18	263.1763	73.40234	0
82	19	395.7006	325.9006	0
82	20	378.5156	243.5926	0
82	21	396.6732	476.842	0
82	22	416.8981	428.8323	0
82	23	301.1998	209.9752	0
82	24	239.9188	49.21307	0
82	25	411.3972	306.028	0
82	26	330.1566	124.606	0
82	27	350.3138	100.4343	0
82	28	345.8333	474.0265	0
82	29	188.616	46.06683	0
82	30	196.3961	80.78958	0
82	31	425.8393	353.7713	0
82	32	154.0353	-23.14261	0
82	33	230.747	10.71652	0
82	34	291.8933	312.3234	0
82	35	468.2823	430.8366	0
82	36	343.1255	314.1487	0
82	37	301.3711	247.3164	0
82	38	446.6327	330.6211	0
82	39	247.3579	85.47726	0
82	40	281.9698	13.91321	0
82	41	335.3324	278.139	0
82	42	359.3961	303.3243	0
82	43	328.17	240.428	0
83	1	305.0319	274.2409	0
83	2	314.9109	74.96487	0
83	3	283.7396	275.2838	0
83	4	249.4831	206.1871	0
83	5	400.2374	386.3199	0
83	6	371.7066	202.0379	0
83	7	355.5293	280.9895	0
83	8	406.8647	284.2741	0
83	9	310.9666	54.56503	0
83	10	374.8151	350.4464	0
83	11	204.5597	-20.46259	0
83	12	208.5377	45.04153	0
83	13	250.9212	243.0671	0
83	14	300.6846	97.31567	0
83	15	259.6263	51.77368	0
83	16	321.5665	198.946	0
83	17	278.8661	121.9919	0
83	18	263.1763	73.40234	0
83	19	395.7006	325.9006	0
83	20	378.5156	243.5926	0
83	21	396.6732	476.842	0
83	22	416.8981	428.8323	0
83	23	301.1998	209.9752	0
83	24	239.9188	49.21307	0
83	25	411.3972	306.028	0
83	26	330.1566	124.606	0
83	27	350.3138	100.4343	0
83	28	345.8333	474.0265	0
83	29	188.616	46.06683	0
83	30	196.3961	80.78958	0
83	31	425.8393	353.7713	0
83	32	154.0353	-23.14261	0
83	33	230.747	10.71652	0
83	34	291.8933	312.3234	0
83	35	468.2823	430.8366	0
83	36	343.1255	314.1487	0
83	37	301.3711	247.3164	0
83	38	446.6327	330.6211	0
83	39	247.3579	85.47726	0
83	40	281.9698	13.91321	0
83	41	335.3324	278.139	0
83	42	359.3961	303.3243	0
83	43	328.17	240.428	0
84	1	305.0319	274.2409	0
84	2	314.9109	74.96487	0
84	3	283.7396	275.2838	0
84	4	249.4831	206.1871	0
84	5	400.2374	386.3199	0
84	6	371.7066	202.0379	0
84	7	355.5293	280.9895	0
84	8	406.8647	284.2741	0
84	9	310.9666	54.56503	0
84	10	374.8151	350.4464	0
84	11	204.5597	-20.46259	0
84	12	208.5377	45.04153	0
84	13	250.9212	243.0671	0
84	14	300.6846	97.31567	0
84	15	259.6263	51.77368	0
84	16	321.5665	198.946	0
84	17	278.8661	121.9919	0
84	18	263.1763	73.40234	0
84	19	395.7006	325.9006	0
84	20	378.5156	243.5926	0
84	21	396.6732	476.842	0
84	22	416.8981	428.8323	0
84	23	301.1998	209.9752	0
84	24	239.9188	49.21307	0
84	25	411.3972	306.028	0
84	26	330.1566	124.606	0
84	27	350.3138	100.4343	0
84	28	345.8333	474.0265	0
84	29	188.616	46.06683	0
84	30	196.3961	80.78958	0
84	31	425.8393	353.7713	0
84	32	154.0353	-23.14261	0
84	33	230.747	10.71652	0
84	34	291.8933	312.3234	0
84	35	468.2823	430.8366	0
84	36	343.1255	314.1487	0
84	37	301.3711	247.3164	0
84	38	446.6327	330.6211	0
84	39	247.3579	85.47726	0
84	40	281.9698	13.91321	0
84	41	335.3324	278.139	0
84	42	359.3961	303.3243	0
84	43	328.17	240.428	0
85	1	305.0319	274.2409	0
85	2	314.9109	74.96487	0
85	3	283.7396	275.2838	0
85	4	249.4831	206.1871	0
85	5	400.2374	386.3199	0
85	6	371.7066	202.0379	0
85	7	355.5293	280.9895	0
85	8	406.8647	284.2741	0
85	9	310.9666	54.56503	0
85	10	374.8151	350.4464	0
85	11	204.5597	-20.46259	0
85	12	208.5377	45.04153	0
85	13	250.9212	243.0671	0
85	14	300.6846	97.31567	0
85	15	259.6263	51.77368	0
85	16	321.5665	198.946	0
85	17	278.8661	121.9919	0
85	18	263.1763	73.40234	0
85	19	395.7006	325.9006	0
85	20	378.5156	243.5926	0
85	21	396.6732	476.842	0
85	22	416.8981	428.8323	0
85	23	301.1998	209.9752	0
85	24	239.9188	49.21307	0
85	25	411.3972	306.028	0
85	26	330.1566	124.606	0
85	27	350.3138	100.4343	0
85	28	345.8333	474.0265	0
85	29	188.616	46.06683	0
85	30	196.3961	80.78958	0
85	31	425.8393	353.7713	0
85	32	154.0353	-23.14261	0
85	33	230.747	10.71652	0
85	34	291.8933	312.3234	0
85	35	468.2823	430.8366	0
85	36	343.1255	314.1487	0
85	37	301.3711	247.3164	0
85	38	446.6327	330.6211	0
85	39	247.3579	85.47726	0
85	40	281.9698	13.91321	0
85	41	335.3324	278.139	0
85	42	359.3961	303.3243	0
85	43	328.17	240.428	0
86	1	305.0319	274.2409	0
86	2	314.9109	74.96487	0
86	3	283.7396	275.2838	0
86	4	249.4831	206.1871	0
86	5	400.2374	386.3199	0
86	6	371.7066	202.0379	0
86	7	355.5293	280.9895	0
86	8	406.8647	284.2741	0
86	9	310.9666	54.56503	0
86	10	374.8151	350.4464	0
86	11	204.5597	-20.46259	0
86	12	208.5377	45.04153	0
86	13	250.9212	243.0671	0
86	14	300.6846	97.31567	0
86	15	259.6263	51.77368	0
86	16	321.5665	198.946	0
86	17	278.8661	121.9919	0
86	18	263.1763	73.40234	0
86	19	395.7006	325.9006	0
86	20	378.5156	243.5926	0
86	21	396.6732	476.842	0
86	22	416.8981	428.8323	0
86	23	301.1998	209.9752	0
86	24	239.9188	49.21307	0
86	25	411.3972	306.028	0
86	26	330.1566	124.606	0
86	27	350.3138	100.4343	0
86	28	345.8333	474.0265	0
86	29	188.616	46.06683	0
86	30	196.3961	80.78958	0
86	31	425.8393	353.7713	0
86	32	154.0353	-23.14261	0
86	33	230.747	10.71652	0
86	34	291.8933	312.3234	0
86	35	468.2823	430.8366	0
86	36	343.1255	314.1487	0
86	37	301.3711	247.3164	0
86	38	446.6327	330.6211	0
86	39	247.3579	85.47726	0
86	40	281.9698	13.91321	0
86	41	335.3324	278.139	0
86	42	359.3961	303.3243	0
86	43	328.17	240.428	0
87	1	305.0319	274.2409	0
87	2	314.9109	74.96487	0
87	3	283.7396	275.2838	0
87	4	249.4831	206.1871	0
87	5	400.2374	386.3199	0
87	6	371.7066	202.0379	0
87	7	355.5293	280.9895	0
87	8	406.8647	284.2741	0
87	9	310.9666	54.56503	0
87	10	374.8151	350.4464	0
87	11	204.5597	-20.46259	0
87	12	208.5377	45.04153	0
87	13	250.9212	243.0671	0
87	14	300.6846	97.31567	0
87	15	259.6263	51.77368	0
87	16	321.5665	198.946	0
87	17	278.8661	121.9919	0
87	18	263.1763	73.40234	0
87	19	395.7006	325.9006	0
87	20	378.5156	243.5926	0
87	21	396.6732	476.842	0
87	22	416.8981	428.8323	0
87	23	301.1998	209.9752	0
87	24	239.9188	49.21307	0
87	25	411.3972	306.028	0
87	26	330.1566	124.606	0
87	27	350.3138	100.4343	0
87	28	345.8333	474.0265	0
87	29	188.616	46.06683	0
87	30	196.3961	80.78958	0
87	31	425.8393	353.7713	0
87	32	154.0353	-23.14261	0
87	33	230.747	10.71652	0
87	34	291.8933	312.3234	0
87	35	468.2823	430.8366	0
87	36	343.1255	314.1487	0
87	37	301.3711	247.3164	0
87	38	446.6327	330.6211	0
87	39	247.3579	85.47726	0
87	40	281.9698	13.91321	0
87	41	335.3324	278.139	0
87	42	359.3961	303.3243	0
87	43	328.17	240.428	0
88	1	305.0319	274.2409	0
88	2	314.9109	74.96487	0
88	3	283.7396	275.2838	0
88	4	249.4831	206.1871	0
88	5	400.2374	386.3199	0
88	6	371.7066	202.0379	0
88	7	355.5293	280.9895	0
88	8	406.8647	284.2741	0
88	9	310.9666	54.56503	0
88	10	374.8151	350.4464	0
88	11	204.5597	-20.46259	0
88	12	208.5377	45.04153	0
88	13	250.9212	243.0671	0
88	14	300.6846	97.31567	0
88	15	259.6263	51.77368	0
88	16	321.5665	198.946	0
88	17	278.8661	121.9919	0
88	18	263.1763	73.40234	0
88	19	395.7006	325.9006	0
88	20	378.5156	243.5926	0
88	21	396.6732	476.842	0
88	22	416.8981	428.8323	0
88	23	301.1998	209.9752	0
88	24	239.9188	49.21307	0
88	25	411.3972	306.028	0
88	26	330.1566	124.606	0
88	27	350.3138	100.4343	0
88	28	345.8333	474.0265	0
88	29	188.616	46.06683	0
88	30	196.3961	80.78958	0
88	31	425.8393	353.7713	0
88	32	154.0353	-23.14261	0
88	33	230.747	10.71652	0
88	34	291.8933	312.3234	0
88	35	468.2823	430.8366	0
88	36	343.1255	314.1487	0
88	37	301.3711	247.3164	0
88	38	446.6327	330.6211	0
88	39	247.3579	85.47726	0
88	40	281.9698	13.91321	0
88	41	335.3324	278.139	0
88	42	359.3961	303.3243	0
88	43	328.17	240.428	0
89	1	305.0319	274.2409	0
89	2	314.9109	74.96487	0
89	3	283.7396	275.2838	0
89	4	249.4831	206.1871	0
89	5	400.2374	386.3199	0
89	6	371.7066	202.0379	0
89	7	355.5293	280.9895	0
89	8	406.8647	284.2741	0
89	9	310.9666	54.56503	0
89	10	374.8151	350.4464	0
89	11	204.5597	-20.46259	0
89	12	208.5377	45.04153	0
89	13	250.9212	243.0671	0
89	14	300.6846	97.31567	0
89	15	259.6263	51.77368	0
89	16	321.5665	198.946	0
89	17	278.8661	121.9919	0
89	18	263.1763	73.40234	0
89	19	395.7006	325.9006	0
89	20	378.5156	243.5926	0
89	21	396.6732	476.842	0
89	22	416.8981	428.8323	0
89	23	301.1998	209.9752	0
89	24	239.9188	49.21307	0
89	25	411.3972	306.028	0
89	26	330.1566	124.606	0
89	27	350.3138	100.4343	0
89	28	345.8333	474.0265	0
89	29	188.616	46.06683	0
89	30	196.3961	80.78958	0
89	31	425.8393	353.7713	0
89	32	154.0353	-23.14261	0
89	33	230.747	10.71652	0
89	34	291.8933	312.3234	0
89	35	468.2823	430.8366	0
89	36	343.1255	314.1487	0
89	37	301.3711	247.3164	0
89	38	446.6327	330.6211	0
89	39	247.3579	85.47726	0
89	40	281.9698	13.91321	0
89	41	335.3324	278.139	0
89	42	359.3961	303.3243	0
89	43	328.17	240.428	0
90	1	305.0319	274.2409	0
90	2	314.9109	74.96487	0
90	3	283.7396	275.2838	0
90	4	249.4831	206.1871	0
90	5	400.2374	386.3199	0
90	6	371.7066	202.0379	0
90	7	355.5293	280.9895	0
90	8	406.8647	284.2741	0
90	9	310.9666	54.56503	0
90	10	374.8151	350.4464	0
90	11	204.5597	-20.46259	0
90	12	208.5377	45.04153	0
90	13	250.9212	243.0671	0
90	14	300.6846	97.31567	0
90	15	259.6263	51.77368	0
90	16	321.5665	198.946	0
90	17	278.8661	121.9919	0
90	18	263.1763	73.40234	0
90	19	395.7006	325.9006	0
90	20	378.5156	243.5926	0
90	21	396.6732	476.842	0
90	22	416.8981	428.8323	0
90	23	301.1998	209.9752	0
90	24	239.9188	49.21307	0
90	25	411.3972	306.028	0
90	26	330.1566	124.606	0
90	27	350.3138	100.4343	0
90	28	345.8333	474.0265	0
90	29	188.616	46.06683	0
90	30	196.3961	80.78958	0
90	31	425.8393	353.7713	0
90	32	154.0353	-23.14261	0
90	33	230.747	10.71652	0
90	34	291.8933	312.3234	0
90	35	468.2823	430.8366	0
90	36	343.1255	314.1487	0
90	37	301.3711	247.3164	0
90	38	446.6327	330.6211	0
90	39	247.3579	85.47726	0
90	40	281.9698	13.91321	0
90	41	335.3324	278.139	0
90	42	359.3961	303.3243	0
90	43	328.17	240.428	0
91	1	305.0319	274.2409	0
91	2	314.9109	74.96487	0
91	3	283.7396	275.2838	0
91	4	249.4831	206.1871	0
91	5	400.2374	386.3199	0
91	6	371.7066	202.0379	0
91	7	355.5293	280.9895	0
91	8	406.8647	284.2741	0
91	9	310.9666	54.56503	0
91	10	374.8151	350.4464	0
91	11	204.5597	-20.46259	0
91	12	208.5377	45.04153	0
91	13	250.9212	243.0671	0
91	14	300.6846	97.31567	0
91	15	259.6263	51.77368	0
91	16	321.5665	198.946	0
91	17	278.8661	121.9919	0
91	18	263.1763	73.40234	0
91	19	395.7006	325.9006	0
91	20	378.5156	243.5926	0
91	21	396.6732	476.842	0
91	22	416.8981	428.8323	0
91	23	301.1998	209.9752	0
91	24	239.9188	49.21307	0
91	25	411.3972	306.028	0
91	26	330.1566	124.606	0
91	27	350.3138	100.4343	0
91	28	345.8333	474.0265	0
91	29	188.616	46.06683	0
91	30	196.3961	80.78958	0
91	31	425.8393	353.7713	0
91	32	154.0353	-23.14261	0
91	33	230.747	10.71652	0
91	34	291.8933	312.3234	0
91	35	468.2823	430.8366	0
91	36	343.1255	314.1487	0
91	37	301.3711	247.3164	0
91	38	446.6327	330.6211	0
91	39	247.3579	85.47726	0
91	40	281.9698	13.91321	0
91	41	335.3324	278.139	0
91	42	359.3961	303.3243	0
91	43	328.17	240.428	0
92	1	305.0319	274.2409	0
92	2	314.9109	74.96487	0
92	3	283.7396	275.2838	0
92	4	249.4831	206.1871	0
92	5	400.2374	386.3199	0
92	6	371.7066	202.0379	0
92	7	355.5293	280.9895	0
92	8	406.8647	284.2741	0
92	9	310.9666	54.56503	0
92	10	374.8151	350.4464	0
92	11	204.5597	-20.46259	0
92	12	208.5377	45.04153	0
92	13	250.9212	243.0671	0
92	14	300.6846	97.31567	0
92	15	259.6263	51.77368	0
92	16	321.5665	198.946	0
92	17	278.8661	121.9919	0
92	18	263.1763	73.40234	0
92	19	395.7006	325.9006	0
92	20	378.5156	243.5926	0
92	21	396.6732	476.842	0
92	22	416.8981	428.8323	0
92	23	301.1998	209.9752	0
92	24	239.9188	49.21307	0
92	25	411.3972	306.028	0
92	26	330.1566	124.606	0
92	27	350.3138	100.4343	0
92	28	345.8333	474.0265	0
92	29	188.616	46.06683	0
92	30	196.3961	80.78958	0
92	31	425.8393	353.7713	0
92	32	154.0353	-23.14261	0
92	33	230.747	10.71652	0
92	34	291.8933	312.3234	0
92	35	468.2823	430.8366	0
92	36	343.1255	314.1487	0
92	37	301.3711	247.3164	0
92	38	446.6327	330.6211	0
92	39	247.3579	85.47726	0
92	40	281.9698	13.91321	0
92	41	335.3324	278.139	0
92	42	359.3961	303.3243	0
92	43	328.17	240.428	0
93	1	305.0319	274.2409	0
93	2	314.9109	74.96487	0
93	3	283.7396	275.2838	0
93	4	249.4831	206.1871	0
93	5	400.2374	386.3199	0
93	6	371.7066	202.0379	0
93	7	355.5293	280.9895	0
93	8	406.8647	284.2741	0
93	9	310.9666	54.56503	0
93	10	374.8151	350.4464	0
93	11	204.5597	-20.46259	0
93	12	208.5377	45.04153	0
93	13	250.9212	243.0671	0
93	14	300.6846	97.31567	0
93	15	259.6263	51.77368	0
93	16	321.5665	198.946	0
93	17	278.8661	121.9919	0
93	18	263.1763	73.40234	0
93	19	395.7006	325.9006	0
93	20	378.5156	243.5926	0
93	21	396.6732	476.842	0
93	22	416.8981	428.8323	0
93	23	301.1998	209.9752	0
93	24	239.9188	49.21307	0
93	25	411.3972	306.028	0
93	26	330.1566	124.606	0
93	27	350.3138	100.4343	0
93	28	345.8333	474.0265	0
93	29	188.616	46.06683	0
93	30	196.3961	80.78958	0
93	31	425.8393	353.7713	0
93	32	154.0353	-23.14261	0
93	33	230.747	10.71652	0
93	34	291.8933	312.3234	0
93	35	468.2823	430.8366	0
93	36	343.1255	314.1487	0
93	37	301.3711	247.3164	0
93	38	446.6327	330.6211	0
93	39	247.3579	85.47726	0
93	40	281.9698	13.91321	0
93	41	335.3324	278.139	0
93	42	359.3961	303.3243	0
93	43	328.17	240.428	0
94	1	305.0319	274.2409	0
94	2	314.9109	74.96487	0
94	3	283.7396	275.2838	0
94	4	249.4831	206.1871	0
94	5	400.2374	386.3199	0
94	6	371.7066	202.0379	0
94	7	355.5293	280.9895	0
94	8	406.8647	284.2741	0
94	9	310.9666	54.56503	0
94	10	374.8151	350.4464	0
94	11	204.5597	-20.46259	0
94	12	208.5377	45.04153	0
94	13	250.9212	243.0671	0
94	14	300.6846	97.31567	0
94	15	259.6263	51.77368	0
94	16	321.5665	198.946	0
94	17	278.8661	121.9919	0
94	18	263.1763	73.40234	0
94	19	395.7006	325.9006	0
94	20	378.5156	243.5926	0
94	21	396.6732	476.842	0
94	22	416.8981	428.8323	0
94	23	301.1998	209.9752	0
94	24	239.9188	49.21307	0
94	25	411.3972	306.028	0
94	26	330.1566	124.606	0
94	27	350.3138	100.4343	0
94	28	345.8333	474.0265	0
94	29	188.616	46.06683	0
94	30	196.3961	80.78958	0
94	31	425.8393	353.7713	0
94	32	154.0353	-23.14261	0
94	33	230.747	10.71652	0
94	34	291.8933	312.3234	0
94	35	468.2823	430.8366	0
94	36	343.1255	314.1487	0
94	37	301.3711	247.3164	0
94	38	446.6327	330.6211	0
94	39	247.3579	85.47726	0
94	40	281.9698	13.91321	0
94	41	335.3324	278.139	0
94	42	359.3961	303.3243	0
94	43	328.17	240.428	0
95	1	305.0319	274.2409	0
95	2	314.9109	74.96487	0
95	3	283.7396	275.2838	0
95	4	249.4831	206.1871	0
95	5	400.2374	386.3199	0
95	6	371.7066	202.0379	0
95	7	355.5293	280.9895	0
95	8	406.8647	284.2741	0
95	9	310.9666	54.56503	0
95	10	374.8151	350.4464	0
95	11	204.5597	-20.46259	0
95	12	208.5377	45.04153	0
95	13	250.9212	243.0671	0
95	14	300.6846	97.31567	0
95	15	259.6263	51.77368	0
95	16	321.5665	198.946	0
95	17	278.8661	121.9919	0
95	18	263.1763	73.40234	0
95	19	395.7006	325.9006	0
95	20	378.5156	243.5926	0
95	21	396.6732	476.842	0
95	22	416.8981	428.8323	0
95	23	301.1998	209.9752	0
95	24	239.9188	49.21307	0
95	25	411.3972	306.028	0
95	26	330.1566	124.606	0
95	27	350.3138	100.4343	0
95	28	345.8333	474.0265	0
95	29	188.616	46.06683	0
95	30	196.3961	80.78958	0
95	31	425.8393	353.7713	0
95	32	154.0353	-23.14261	0
95	33	230.747	10.71652	0
95	34	291.8933	312.3234	0
95	35	468.2823	430.8366	0
95	36	343.1255	314.1487	0
95	37	301.3711	247.3164	0
95	38	446.6327	330.6211	0
95	39	247.3579	85.47726	0
95	40	281.9698	13.91321	0
95	41	335.3324	278.139	0
95	42	359.3961	303.3243	0
95	43	328.17	240.428	0
96	1	305.0319	274.2409	0
96	2	314.9109	74.96487	0
96	3	283.7396	275.2838	0
96	4	249.4831	206.1871	0
96	5	400.2374	386.3199	0
96	6	371.7066	202.0379	0
96	7	355.5293	280.9895	0
96	8	406.8647	284.2741	0
96	9	310.9666	54.56503	0
96	10	374.8151	350.4464	0
96	11	204.5597	-20.46259	0
96	12	208.5377	45.04153	0
96	13	250.9212	243.0671	0
96	14	300.6846	97.31567	0
96	15	259.6263	51.77368	0
96	16	321.5665	198.946	0
96	17	278.8661	121.9919	0
96	18	263.1763	73.40234	0
96	19	395.7006	325.9006	0
96	20	378.5156	243.5926	0
96	21	396.6732	476.842	0
96	22	416.8981	428.8323	0
96	23	301.1998	209.9752	0
96	24	239.9188	49.21307	0
96	25	411.3972	306.028	0
96	26	330.1566	124.606	0
96	27	350.3138	100.4343	0
96	28	345.8333	474.0265	0
96	29	188.616	46.06683	0
96	30	196.3961	80.78958	0
96	31	425.8393	353.7713	0
96	32	154.0353	-23.14261	0
96	33	230.747	10.71652	0
96	34	291.8933	312.3234	0
96	35	468.2823	430.8366	0
96	36	343.1255	314.1487	0
96	37	301.3711	247.3164	0
96	38	446.6327	330.6211	0
96	39	247.3579	85.47726	0
96	40	281.9698	13.91321	0
96	41	335.3324	278.139	0
96	42	359.3961	303.3243	0
96	43	328.17	240.428	0
97	1	305.0319	274.2409	0
97	2	314.9109	74.96487	0
97	3	283.7396	275.2838	0
97	4	249.4831	206.1871	0
97	5	400.2374	386.3199	0
97	6	371.7066	202.0379	0
97	7	355.5293	280.9895	0
97	8	406.8647	284.2741	0
97	9	310.9666	54.56503	0
97	10	374.8151	350.4464	0
97	11	204.5597	-20.46259	0
97	12	208.5377	45.04153	0
97	13	250.9212	243.0671	0
97	14	300.6846	97.31567	0
97	15	259.6263	51.77368	0
97	16	321.5665	198.946	0
97	17	278.8661	121.9919	0
97	18	263.1763	73.40234	0
97	19	395.7006	325.9006	0
97	20	378.5156	243.5926	0
97	21	396.6732	476.842	0
97	22	416.8981	428.8323	0
97	23	301.1998	209.9752	0
97	24	239.9188	49.21307	0
97	25	411.3972	306.028	0
97	26	330.1566	124.606	0
97	27	350.3138	100.4343	0
97	28	345.8333	474.0265	0
97	29	188.616	46.06683	0
97	30	196.3961	80.78958	0
97	31	425.8393	353.7713	0
97	32	154.0353	-23.14261	0
97	33	230.747	10.71652	0
97	34	291.8933	312.3234	0
97	35	468.2823	430.8366	0
97	36	343.1255	314.1487	0
97	37	301.3711	247.3164	0
97	38	446.6327	330.6211	0
97	39	247.3579	85.47726	0
97	40	281.9698	13.91321	0
97	41	335.3324	278.139	0
97	42	359.3961	303.3243	0
97	43	328.17	240.428	0
98	1	305.0319	274.2409	0
98	2	314.9109	74.96487	0
98	3	283.7396	275.2838	0
98	4	249.4831	206.1871	0
98	5	400.2374	386.3199	0
98	6	371.7066	202.0379	0
98	7	355.5293	280.9895	0
98	8	406.8647	284.2741	0
98	9	310.9666	54.56503	0
98	10	374.8151	350.4464	0
98	11	204.5597	-20.46259	0
98	12	208.5377	45.04153	0
98	13	250.9212	243.0671	0
98	14	300.6846	97.31567	0
98	15	259.6263	51.77368	0
98	16	321.5665	198.946	0
98	17	278.8661	121.9919	0
98	18	263.1763	73.40234	0
98	19	395.7006	325.9006	0
98	20	378.5156	243.5926	0
98	21	396.6732	476.842	0
98	22	416.8981	428.8323	0
98	23	301.1998	209.9752	0
98	24	239.9188	49.21307	0
98	25	411.3972	306.028	0
98	26	330.1566	124.606	0
98	27	350.3138	100.4343	0
98	28	345.8333	474.0265	0
98	29	188.616	46.06683	0
98	30	196.3961	80.78958	0
98	31	425.8393	353.7713	0
98	32	154.0353	-23.14261	0
98	33	230.747	10.71652	0
98	34	291.8933	312.3234	0
98	35	468.2823	430.8366	0
98	36	343.1255	314.1487	0
98	37	301.3711	247.3164	0
98	38	446.6327	330.6211	0
98	39	247.3579	85.47726	0
98	40	281.9698	13.91321	0
98	41	335.3324	278.139	0
98	42	359.3961	303.3243	0
98	43	328.17	240.428	0
99	1	305.0319	274.2409	0
99	2	314.9109	74.96487	0
99	3	283.7396	275.2838	0
99	4	249.4831	206.1871	0
99	5	400.2374	386.3199	0
99	6	371.7066	202.0379	0
99	7	355.5293	280.9895	0
99	8	406.8647	284.2741	0
99	9	310.9666	54.56503	0
99	10	374.8151	350.4464	0
99	11	204.5597	-20.46259	0
99	12	208.5377	45.04153	0
99	13	250.9212	243.0671	0
99	14	300.6846	97.31567	0
99	15	259.6263	51.77368	0
99	16	321.5665	198.946	0
99	17	278.8661	121.9919	0
99	18	263.1763	73.40234	0
99	19	395.7006	325.9006	0
99	20	378.5156	243.5926	0
99	21	396.6732	476.842	0
99	22	416.8981	428.8323	0
99	23	301.1998	209.9752	0
99	24	239.9188	49.21307	0
99	25	411.3972	306.028	0
99	26	330.1566	124.606	0
99	27	350.3138	100.4343	0
99	28	345.8333	474.0265	0
99	29	188.616	46.06683	0
99	30	196.3961	80.78958	0
99	31	425.8393	353.7713	0
99	32	154.0353	-23.14261	0
99	33	230.747	10.71652	0
99	34	291.8933	312.3234	0
99	35	468.2823	430.8366	0
99	36	343.1255	314.1487	0
99	37	301.3711	247.3164	0
99	38	446.6327	330.6211	0
99	39	247.3579	85.47726	0
99	40	281.9698	13.91321	0
99	41	335.3324	278.139	0
99	42	359.3961	303.3243	0
99	43	328.17	240.428	0
100	1	305.0319	274.2409	0
100	2	314.9109	74.96487	0
100	3	283.7396	275.2838	0
100	4	249.4831	206.1871	0
100	5	400.2374	386.3199	0
100	6	371.7066	202.0379	0
100	7	355.5293	280.9895	0
100	8	406.8647	284.2741	0
100	9	310.9666	54.56503	0
100	10	374.8151	350.4464	0
100	11	204.5597	-20.46259	0
100	12	208.5377	45.04153	0
100	13	250.9212	243.0671	0
100	14	300.6846	97.31567	0
100	15	259.6263	51.77368	0
100	16	321.5665	198.946	0
100	17	278.8661	121.9919	0
100	18	263.1763	73.40234	0
100	19	395.7006	325.9006	0
100	20	378.5156	243.5926	0
100	21	396.6732	476.842	0
100	22	416.8981	428.8323	0
100	23	301.1998	209.9752	0
100	24	239.9188	49.21307	0
100	25	411.3972	306.028	0
100	26	330.1566	124.606	0
100	27	350.3138	100.4343	0
100	28	345.8333	474.0265	0
100	29	188.616	46.06683	0
100	30	196.3961	80.78958	0
100	31	425.8393	353.7713	0
100	32	154.0353	-23.14261	0
100	33	230.747	10.71652	0
100	34	291.8933	312.3234	0
100	35	468.2823	430.8366	0
100	36	343.1255	314.1487	0
100	37	301.3711	247.3164	0
100	38	446.6327	330.6211	0
100	39	247.3579	85.47726	0
100	40	281.9698	13.91321	0
100	41	335.3324	278.139	0
100	42	359.3961	303.3243	0
100	43	328.17	240.428	0
101	1	305.0319	274.2409	0
101	2	314.9109	74.96487	0
101	3	283.7396	275.2838	0
101	4	249.4831	206.1871	0
101	5	400.2374	386.3199	0
101	6	371.7066	202.0379	0
101	7	355.5293	280.9895	0
101	8	406.8647	284.2741	0
101	9	310.9666	54.56503	0
101	10	374.8151	350.4464	0
101	11	204.5597	-20.46259	0
101	12	208.5377	45.04153	0
101	13	250.9212	243.0671	0
101	14	300.6846	97.31567	0
101	15	259.6263	51.77368	0
101	16	321.5665	198.946	0
101	17	278.8661	121.9919	0
101	18	263.1763	73.40234	0
101	19	395.7006	325.9006	0
101	20	378.5156	243.5926	0
101	21	396.6732	476.842	0
101	22	416.8981	428.8323	0
101	23	301.1998	209.9752	0
101	24	239.9188	49.21307	0
101	25	411.3972	306.028	0
101	26	330.1566	124.606	0
101	27	350.3138	100.4343	0
101	28	345.8333	474.0265	0
101	29	188.616	46.06683	0
101	30	196.3961	80.78958	0
101	31	425.8393	353.7713	0
101	32	154.0353	-23.14261	0
101	33	230.747	10.71652	0
101	34	291.8933	312.3234	0
101	35	468.2823	430.8366	0
101	36	343.1255	314.1487	0
101	37	301.3711	247.3164	0
101	38	446.6327	330.6211	0
101	39	247.3579	85.47726	0
101	40	281.9698	13.91321	0
101	41	335.3324	278.139	0
101	42	359.3961	303.3243	0
101	43	328.17	240.428	0
102	1	305.0319	274.2409	0
102	2	314.9109	74.96487	0
102	3	283.7396	275.2838	0
102	4	249.4831	206.1871	0
102	5	400.2374	386.3199	0
102	6	371.7066	202.0379	0
102	7	355.5293	280.9895	0
102	8	406.8647	284.2741	0
102	9	310.9666	54.56503	0
102	10	374.8151	350.4464	0
102	11	204.5597	-20.46259	0
102	12	208.5377	45.04153	0
102	13	250.9212	243.0671	0
102	14	300.6846	97.31567	0
102	15	259.6263	51.77368	0
102	16	321.5665	198.946	0
102	17	278.8661	121.9919	0
102	18	263.1763	73.40234	0
102	19	395.7006	325.9006	0
102	20	378.5156	243.5926	0
102	21	396.6732	476.842	0
102	22	416.8981	428.8323	0
102	23	301.1998	209.9752	0
102	24	239.9188	49.21307	0
102	25	411.3972	306.028	0
102	26	330.1566	124.606	0
102	27	350.3138	100.4343	0
102	28	345.8333	474.0265	0
102	29	188.616	46.06683	0
102	30	196.3961	80.78958	0
102	31	425.8393	353.7713	0
102	32	154.0353	-23.14261	0
102	33	230.747	10.71652	0
102	34	291.8933	312.3234	0
102	35	468.2823	430.8366	0
102	36	343.1255	314.1487	0
102	37	301.3711	247.3164	0
102	38	446.6327	330.6211	0
102	39	247.3579	85.47726	0
102	40	281.9698	13.91321	0
102	41	335.3324	278.139	0
102	42	359.3961	303.3243	0
102	43	328.17	240.428	0
103	1	305.0319	274.2409	0
103	2	314.9109	74.96487	0
103	3	283.7396	275.2838	0
103	4	249.4831	206.1871	0
103	5	400.2374	386.3199	0
103	6	371.7066	202.0379	0
103	7	355.5293	280.9895	0
103	8	406.8647	284.2741	0
103	9	310.9666	54.56503	0
103	10	374.8151	350.4464	0
103	11	204.5597	-20.46259	0
103	12	208.5377	45.04153	0
103	13	250.9212	243.0671	0
103	14	300.6846	97.31567	0
103	15	259.6263	51.77368	0
103	16	321.5665	198.946	0
103	17	278.8661	121.9919	0
103	18	263.1763	73.40234	0
103	19	395.7006	325.9006	0
103	20	378.5156	243.5926	0
103	21	396.6732	476.842	0
103	22	416.8981	428.8323	0
103	23	301.1998	209.9752	0
103	24	239.9188	49.21307	0
103	25	411.3972	306.028	0
103	26	330.1566	124.606	0
103	27	350.3138	100.4343	0
103	28	345.8333	474.0265	0
103	29	188.616	46.06683	0
103	30	196.3961	80.78958	0
103	31	425.8393	353.7713	0
103	32	154.0353	-23.14261	0
103	33	230.747	10.71652	0
103	34	291.8933	312.3234	0
103	35	468.2823	430.8366	0
103	36	343.1255	314.1487	0
103	37	301.3711	247.3164	0
103	38	446.6327	330.6211	0
103	39	247.3579	85.47726	0
103	40	281.9698	13.91321	0
103	41	335.3324	278.139	0
103	42	359.3961	303.3243	0
103	43	328.17	240.428	0
104	1	305.0319	274.2409	0
104	2	314.9109	74.96487	0
104	3	283.7396	275.2838	0
104	4	249.4831	206.1871	0
104	5	400.2374	386.3199	0
104	6	371.7066	202.0379	0
104	7	355.5293	280.9895	0
104	8	406.8647	284.2741	0
104	9	310.9666	54.56503	0
104	10	374.8151	350.4464	0
104	11	204.5597	-20.46259	0
104	12	208.5377	45.04153	0
104	13	250.9212	243.0671	0
104	14	300.6846	97.31567	0
104	15	259.6263	51.77368	0
104	16	321.5665	198.946	0
104	17	278.8661	121.9919	0
104	18	263.1763	73.40234	0
104	19	395.7006	325.9006	0
104	20	378.5156	243.5926	0
104	21	396.6732	476.842	0
104	22	416.8981	428.8323	0
104	23	301.1998	209.9752	0
104	24	239.9188	49.21307	0
104	25	411.3972	306.028	0
104	26	330.1566	124.606	0
104	27	350.3138	100.4343	0
104	28	345.8333	474.0265	0
104	29	188.616	46.06683	0
104	30	196.3961	80.78958	0
104	31	425.8393	353.7713	0
104	32	154.0353	-23.14261	0
104	33	230.747	10.71652	0
104	34	291.8933	312.3234	0
104	35	468.2823	430.8366	0
104	36	343.1255	314.1487	0
104	37	301.3711	247.3164	0
104	38	446.6327	330.6211	0
104	39	247.3579	85.47726	0
104	40	281.9698	13.91321	0
104	41	335.3324	278.139	0
104	42	359.3961	303.3243	0
104	43	328.17	240.428	0
105	1	305.0319	274.2409	0
105	2	314.9109	74.96487	0
105	3	283.7396	275.2838	0
105	4	249.4831	206.1871	0
105	5	400.2374	386.3199	0
105	6	371.7066	202.0379	0
105	7	355.5293	280.9895	0
105	8	406.8647	284.2741	0
105	9	310.9666	54.56503	0
105	10	374.8151	350.4464	0
105	11	204.5597	-20.46259	0
105	12	208.5377	45.04153	0
105	13	250.9212	243.0671	0
105	14	300.6846	97.31567	0
105	15	259.6263	51.77368	0
105	16	321.5665	198.946	0
105	17	278.8661	121.9919	0
105	18	263.1763	73.40234	0
105	19	395.7006	325.9006	0
105	20	378.5156	243.5926	0
105	21	396.6732	476.842	0
105	22	416.8981	428.8323	0
105	23	301.1998	209.9752	0
105	24	239.9188	49.21307	0
105	25	411.3972	306.028	0
105	26	330.1566	124.606	0
105	27	350.3138	100.4343	0
105	28	345.8333	474.0265	0
105	29	188.616	46.06683	0
105	30	196.3961	80.78958	0
105	31	425.8393	353.7713	0
105	32	154.0353	-23.14261	0
105	33	230.747	10.71652	0
105	34	291.8933	312.3234	0
105	35	468.2823	430.8366	0
105	36	343.1255	314.1487	0
105	37	301.3711	247.3164	0
105	38	446.6327	330.6211	0
105	39	247.3579	85.47726	0
105	40	281.9698	13.91321	0
105	41	335.3324	278.139	0
105	42	359.3961	303.3243	0
105	43	328.17	240.428	0
