20	1	1576.574	470.0731	0
20	2	952.6574	-26.54016	2
20	3	956.3755	-28.92206	2
20	4	-136.9956	269.1411	0
21	1	1572.993	469.6067	0
21	2	952.3589	-27.29022	2
21	3	955.7083	-28.51166	2
21	4	-136.3316	270.6613	0
22	1	1570.378	469.4831	0
22	2	951.3885	-26.51141	2
22	3	954.9624	-28.06091	2
22	4	-135.4509	271.4468	0
23	1	1567.653	469.3247	0
23	2	950.2902	-25.67108	2
23	3	954.1306	-27.56305	2
23	4	-134.529	272.4059	0
24	1	1564.755	469.1193	0
24	2	949.0397	-24.2959	2
24	3	953.2401	-27.06055	2
24	4	-133.5951	273.4077	0
25	1	1561.473	468.8864	0
25	2	947.7535	-23.0954	2
25	3	952.2999	-26.61456	2
25	4	-132.6036	274.1601	0
26	1	1557.825	468.5312	0
26	2	946.2169	-21.84833	2
26	3	951.2165	-26.09381	2
26	4	-131.6572	274.881	0
27	1	1553.906	468.063	0
27	2	944.5579	-20.5144	2
27	3	949.9014	-25.48236	2
27	4	-130.6409	275.5288	0
28	1	1550.563	467.7036	0
28	2	943.2377	-19.44299	2
28	3	947.822	-24.51843	2
28	4	-129.3405	276.1014	0
29	1	1547.208	467.225	0
29	2	942.5445	-18.05542	2
29	3	945.8095	-23.60986	2
29	4	-127.2684	276.3481	0
30	1	1543.913	466.7981	0
30	2	941.3579	-16.92554	2
30	3	944.0932	-22.01837	2
30	4	-125.1922	276.5572	0
31	1	1540.878	466.8162	0
31	2	940.1544	-15.74774	2
31	3	943.0942	-22.60748	2
31	4	-123.813	277.1976	0
32	1	1538.378	467.5959	0
32	2	938.9745	-14.34241	2
32	3	942.2061	-21.71387	2
32	4	-122.0848	277.9005	0
33	1	1535.347	467.5637	0
33	2	937.5825	-12.70483	2
33	3	941.0027	-20.59149	2
33	4	-120.0522	278.6565	0
34	1	1531.911	467.4308	0
34	2	936.0635	-11.22205	2
34	3	939.4193	-19.14386	2
34	4	-117.8794	279.4681	0
35	1	1528.375	467.5261	0
35	2	934.3576	-10.03479	2
35	3	937.5279	-17.4848	2
35	4	-115.6089	280.3893	0
36	1	1524.708	467.7724	0
36	2	932.7054	-8.797913	2
36	3	936.5509	-17.77362	2
36	4	-113.2205	281.3263	0
37	1	1520.883	468.0325	0
37	2	931.1095	-7.372925	2
37	3	935.6809	-16.20648	2
37	4	-111.1701	282.3059	0
38	1	1516.795	468.2503	0
38	2	929.4943	-6.136719	2
38	3	934.3779	-15.05206	2
38	4	-109.2597	283.1479	0
39	1	1512.623	468.3324	0
39	2	927.6929	-4.823303	2
39	3	932.5854	-14.1424	2
39	4	-107.741	283.8971	0
40	1	1508.578	468.1984	0
40	2	925.7675	-3.297119	2
40	3	930.6745	-12.57983	2
40	4	-106.7734	284.567	0
41	1	1504.646	467.8778	0
41	2	924.2336	-2.030334	2
41	3	930.2094	-12.81213	2
41	4	-105.8614	285.207	0
42	1	1500.755	467.1198	0
42	2	923.4428	-0.4818726	2
42	3	928.8794	-11.82861	2
42	4	-104.3588	286.1841	0
43	1	1497.244	466.1498	0
43	2	922.1174	0.7044678	2
43	3	927.483	-10.40588	2
43	4	-102.435	287.2731	0
44	1	1493.609	465.4238	0
44	2	920.915	1.949951	2
44	3	925.867	-9.072266	2
44	4	-100.2669	288.4688	0
45	1	1489.584	465.0348	0
45	2	919.7502	3.461792	2
45	3	923.7244	-7.350952	2
45	4	-98.28278	289.4735	0
46	1	1485.403	464.8387	0
46	2	918.3737	5.220825	2
46	3	924.0414	-7.598633	2
46	4	-96.27408	290.4635	0
47	1	1481.125	464.7151	0
47	2	916.9011	6.801147	2
47	3	922.0096	-6.340759	2
47	4	-94.3001	291.8493	0
20	1	1420.383	344.6422	0
20	2	951.7798	-34.7605	0
20	3	-205.9147	310.4513	2
20	4	-215.4428	316.4381	2
21	1	1418.128	343.6924	0
21	2	950.5419	-33.19849	0
21	3	-201.1952	310.8994	2
21	4	-217.7536	316.4197	2
22	1	1416.503	342.3735	0
22	2	948.9963	-31.45123	0
22	3	-196.9777	311.3097	2
22	4	-218.1126	316.3994	2
23	1	1414.801	340.8579	0
23	2	947.2479	-29.7547	0
23	3	-194.1737	311.4807	2
23	4	-213.529	314.6591	2
24	1	1413.098	339.136	0
24	2	947.0496	-30.89587	0
24	3	-192.0464	311.4954	2
24	4	-212.8852	314.7052	2
25	1	1411.454	337.2509	0
25	2	946.0932	-29.60687	0
25	3	-190.4146	311.4918	2
25	4	-211.8415	314.7932	2
26	1	1409.906	335.4075	0
26	2	944.9655	-29.05774	0
26	3	-189.1134	311.5442	2
26	4	-210.4595	316.2834	2
27	1	1408.165	333.5002	0
27	2	943.5535	-27.61572	0
27	3	-187.6615	311.6201	2
27	4	-208.7845	316.9534	2
28	1	1406.277	331.7417	0
28	2	942.0726	-25.91144	0
28	3	-186.067	311.8302	2
28	4	-206.8248	317.5134	2
29	1	1404.224	329.9491	0
29	2	940.4714	-24.55853	0
29	3	-184.4153	312.0854	2
29	4	-204.7389	317.869	2
30	1	1402.059	328.2122	0
30	2	938.3174	-22.74622	0
30	3	-182.7565	312.3259	2
30	4	-202.4451	318.0673	2
31	1	1399.85	326.4529	0
31	2	939.2936	-23.58661	0
31	3	-181.0982	312.5917	2
31	4	-199.5061	317.9231	2
32	1	1397.75	324.6006	0
32	2	937.1695	-22.20673	0
32	3	-179.4213	312.8682	2
32	4	-195.829	317.2679	2
33	1	1395.548	322.6475	0
33	2	935.8273	-21.41876	0
33	3	-177.7865	313.1306	2
33	4	-193.2228	317.366	2
34	1	1393.373	320.6836	0
34	2	935.6563	-20.13177	0
34	3	-176.1949	313.3534	2
34	4	-190.072	317.5374	2
35	1	1391.229	318.6404	0
35	2	934.6095	-18.78583	0
35	3	-174.6183	313.5583	2
35	4	-186.5157	317.7654	2
36	1	1389.097	316.401	0
36	2	933.2874	-17.26135	0
36	3	-172.894	313.8303	2
36	4	-182.8177	318.1178	2
37	1	1386.996	314.0135	0
37	2	931.9752	-15.57269	0
37	3	-171.163	314.2076	2
37	4	-179.01	318.4743	2
38	1	1384.727	311.7331	0
38	2	931.588	-16.05548	0
38	3	-169.3817	314.7241	2
38	4	-175.7487	318.8749	2
39	1	1381.89	309.7471	0
39	2	931.1193	-14.47052	0
39	3	-167.6088	315.184	2
39	4	-172.8382	319.1007	2
40	1	1379.441	307.6663	0
40	2	930.2421	-12.87964	0
40	3	-165.8411	315.412	2
40	4	-170.5229	319.245	2
41	1	1377.211	305.6093	0
41	2	928.8763	-11.89246	0
41	3	-164.0868	315.6124	2
41	4	-168.7896	319.4022	2
42	1	1374.772	303.6884	0
42	2	927.2493	-10.89301	0
42	3	-162.0272	316.0099	2
42	4	-166.6699	319.6653	2
43	1	1372.201	301.859	0
43	2	925.6057	-9.206421	0
43	3	-159.4524	316.1742	2
43	4	-164.1442	320.1736	2
44	1	1369.594	300.0432	0
44	2	923.9517	-7.283936	0
44	3	-155.6705	315.5636	2
44	4	-161.4162	320.7214	2
45	1	1366.922	298.1487	0
45	2	924.176	-8.209229	0
45	3	-152.632	315.3516	2
45	4	-158.6234	321.2841	2
46	1	1364.405	296.137	0
46	2	922.7308	-6.899841	0
46	3	-149.3474	315.5221	2
46	4	-156.078	321.694	2
47	1	1362.067	294.0905	0
47	2	921.2845	-5.525146	0
47	3	-145.3784	315.7637	2
47	4	-153.464	322.1134	2
48	1	1359.922	291.8461	0
48	2	919.577	-4.036255	0
48	3	-141.6898	316.0544	2
48	4	-150.8509	322.7726	2
49	1	1358.104	289.3862	0
49	2	918.3614	-2.802185	0
49	3	-138.156	316.3399	2
49	4	-148.2895	323.4943	2
50	1	1356.554	287.1517	0
50	2	917.4487	-1.105652	0
50	3	-135.1897	316.6536	2
50	4	-145.8491	323.6345	2
51	1	1354.714	285.1535	0
51	2	916.4856	0.7287598	0
51	3	-132.5434	316.8549	2
51	4	-143.4919	323.6613	2
52	1	1352.651	283.335	0
52	2	916.3089	-0.1123047	0
52	3	-130.1807	316.9926	2
52	4	-140.9746	323.5994	2
53	1	1350.463	281.6431	0
53	2	915.9009	0.9064941	0
53	3	-128.1657	317.1069	2
53	4	-137.8419	323.1566	2
54	1	1348.316	279.9441	0
54	2	915.4774	2.275635	0
54	3	-126.5074	317.2437	2
54	4	-134.8373	322.7395	2
55	1	1346.295	278.104	0
55	2	914.5756	4.030212	0
55	3	-124.7498	317.3977	2
55	4	-132.3886	322.8466	2
56	1	1344.201	276.2273	0
56	2	913.4183	5.87616	0
56	3	-122.6989	317.7569	2
56	4	-129.6628	322.9889	2
57	1	1342.199	274.3385	0
57	2	912.0992	7.652283	0
57	3	-120.1344	318.3486	2
57	4	-126.7301	323.1593	2
58	1	1340.193	272.2173	0
58	2	910.5215	9.340332	0
58	3	-117.2201	319.0921	2
58	4	-123.7621	323.3722	2
59	1	1338.231	269.9254	0
59	2	909.0189	11.34924	0
59	3	-114.1698	319.8745	2
59	4	-120.7298	323.6575	2
60	1	1336.081	267.7794	0
60	2	909.3605	10.37396	0
60	3	-111.6176	320.2144	2
60	4	-117.6115	323.9284	2
61	1	1333.32	265.9458	0
61	2	908.2745	11.46716	0
61	3	-108.9093	320.6683	2
61	4	-114.7327	324.2498	2
62	1	1331.231	264.0548	0
62	2	907.7726	12.35046	0
62	3	-106.3	320.9041	2
62	4	-112.1333	324.4859	2
20	1	1318.783	521.152	0
20	2	949.3132	-33.35089	0
20	3	-471.5529	479.2697	2
20	4	-468.582	492.3195	2
21	1	1318.798	519.7517	0
21	2	947.7799	-32.12286	0
21	3	-465.753	478.9229	2
21	4	-470.3463	491.8663	2
22	1	1318.024	517.6141	0
22	2	946.175	-30.4433	0
22	3	-460.0069	478.5657	2
22	4	-470.8362	491.9163	2
23	1	1317.173	515.1876	0
23	2	944.4662	-28.98132	0
23	3	-454.855	478.402	2
23	4	-465.7694	489.603	2
24	1	1316.176	512.5653	0
24	2	944.6134	-29.64606	0
24	3	-451.0375	478.3553	2
24	4	-464.9255	489.5542	2
25	1	1314.82	509.8821	0
25	2	943.1226	-28.43298	0
25	3	-447.935	478.2033	2
25	4	-463.5271	489.5051	2
26	1	1312.758	507.169	0
26	2	941.2922	-27.02185	0
26	3	-445.3552	478.055	2
26	4	-460.0155	489.6674	2
27	1	1310.629	504.304	0
27	2	940.2245	-26.16174	0
27	3	-443.2458	477.9554	2
27	4	-457.2357	489.6956	2
28	1	1309.245	501.3949	0
28	2	939.2053	-24.97839	0
28	3	-441.4597	477.9183	2
28	4	-454.0933	489.7469	2
29	1	1307.587	498.481	0
29	2	938.4816	-23.37256	0
29	3	-439.8975	477.939	2
29	4	-451.1457	489.8022	2
30	1	1305.704	495.6037	0
30	2	936.9662	-21.91479	0
30	3	-438.1799	477.9391	2
30	4	-448.4955	489.9082	2
31	1	1303.674	492.7545	0
31	2	936.6506	-22.43512	0
31	3	-436.2633	478.0004	2
31	4	-445.4807	490.0177	2
32	1	1301.593	489.8826	0
32	2	936.2443	-21.41913	0
32	3	-434.2088	478.1349	2
32	4	-441.868	490.3272	2
33	1	1299.478	486.9105	0
33	2	935.6376	-19.96271	0
33	3	-432.0517	478.2417	2
33	4	-437.7883	490.6781	2
34	1	1297.362	483.7202	0
34	2	934.438	-18.49518	0
34	3	-429.8056	478.3809	2
34	4	-433.5365	491.0526	2
35	1	1295.615	480.569	0
35	2	933.0262	-17.09332	0
35	3	-427.4288	478.5417	2
35	4	-429.6623	491.2849	2
36	1	1293.985	477.288	0
36	2	931.3351	-15.76788	0
36	3	-424.9918	478.7077	2
36	4	-425.5334	491.769	2
37	1	1292.759	473.7469	0
37	2	929.6006	-14.18384	0
37	3	-422.5692	478.8416	2
37	4	-421.5433	492.3867	2
38	1	1292.022	470.1926	0
38	2	929.5768	-14.88666	0
38	3	-420.2187	478.9269	2
38	4	-417.9232	492.1665	2
39	1	1291.298	466.9609	0
39	2	928.4138	-13.9826	0
39	3	-417.6189	479.0708	2
39	4	-414.3672	491.7691	2
40	1	1290.181	464.0716	0
40	2	927.2055	-12.60291	0
40	3	-414.9488	479.3481	2
40	4	-410.0023	490.8609	2
41	1	1288.757	461.242	0
41	2	925.9785	-11.27582	0
41	3	-412.1935	479.8243	2
41	4	-405.5641	489.8007	2
42	1	1287.163	458.5413	0
42	2	924.2773	-9.689026	0
42	3	-409.0703	480.6108	2
42	4	-402.0749	489.631	2
43	1	1285.642	455.8402	0
43	2	922.6168	-8.089294	0
43	3	-405.8181	480.9492	2
43	4	-398.1853	489.4505	2
44	1	1284.273	452.9567	0
44	2	921.1718	-6.443787	0
44	3	-402.4637	480.974	2
44	4	-394.0541	489.2701	2
45	1	1282.928	449.9963	0
45	2	921.6473	-7.140564	0
45	3	-398.178	480.3054	2
45	4	-389.913	489.1436	2
46	1	1281.804	447.024	0
46	2	920.7252	-6.03717	0
46	3	-392.3461	478.3356	2
46	4	-385.7263	489.0911	2
47	1	1280.48	443.7125	0
47	2	920.278	-5.135864	0
47	3	-388.446	478.0595	2
47	4	-381.5441	488.9889	2
48	1	1279.227	440.1564	0
48	2	919.2192	-3.660034	0
48	3	-383.9225	477.7585	2
48	4	-377.7694	489.0055	2
49	1	1277.584	436.7578	0
49	2	918.143	-1.995361	0
49	3	-379.305	477.514	2
49	4	-374.162	488.9443	2
50	1	1274.705	433.6497	0
50	2	916.8712	-0.06964111	0
50	3	-374.8319	477.3992	2
50	4	-370.9224	488.896	2
51	1	1272.917	430.565	0
51	2	915.3259	1.89502	0
51	3	-370.4484	477.2768	2
51	4	-368.1426	488.9044	2
52	1	1271.339	427.6323	0
52	2	915.0339	1.112854	0
52	3	-366.5724	477.2436	2
52	4	-365.5671	488.949	2
53	1	1269.424	424.8536	0
53	2	914.3162	2.675049	0
53	3	-363.0859	477.1922	2
53	4	-362.5014	489.0953	2
54	1	1267.369	422.1992	0
54	2	913.2665	3.432068	0
54	3	-359.8688	477.1043	2
54	4	-359.0864	489.3035	2
55	1	1265.313	419.5175	0
55	2	912.0531	4.636597	0
55	3	-357.0758	477.0487	2
55	4	-355.4769	489.5414	2
56	1	1263.216	416.629	0
56	2	910.8038	6.483643	0
56	3	-354.7086	477.0581	2
56	4	-351.8164	489.7721	2
57	1	1261.562	413.7252	0
57	2	909.4886	8.240662	0
57	3	-352.2083	477.2174	2
57	4	-348.4329	489.8945	2
58	1	1260.061	410.734	0
58	2	907.9526	10.01752	0
58	3	-349.0751	477.5075	2
58	4	-344.9644	490.0229	2
59	1	1258.997	407.4557	0
59	2	906.2253	12.17316	0
59	3	-345.243	477.9669	2
59	4	-341.4771	490.3727	2
60	1	1258.46	404.1768	0
60	2	907.3177	11.49774	0
60	3	-341.3418	478.32	2
60	4	-338.0243	490.8449	2
61	1	1257.854	401.2187	0
61	2	905.5339	12.80133	0
61	3	-337.5921	478.5942	2
61	4	-334.7646	490.7713	2
62	1	1256.859	398.7116	0
62	2	904.81	13.80518	0
62	3	-334.3283	478.6816	2
62	4	-331.6255	490.6084	2
63	1	1255.577	396.2895	0
63	2	905.1215	15.2171	0
63	3	-330.8619	478.8302	2
63	4	-328.3835	490.3519	2
64	1	1254.171	393.9729	0
64	2	904.2903	16.77307	0
64	3	-327.5123	479.2539	2
64	4	-324.5905	489.6966	2
65	1	1252.921	391.59	0
65	2	903.6146	18.58258	0
65	3	-324.2556	479.7825	2
65	4	-320.4981	488.7578	2
66	1	1251.685	389.0139	0
66	2	902.9095	20.6803	0
66	3	-320.9178	480.0134	2
66	4	-317.3474	488.6138	2
67	1	1250.649	386.4904	0
67	2	901.9946	23.01569	0
67	3	-317.6097	479.9745	2
67	4	-313.8398	488.4632	2
68	1	1249.634	383.791	0
68	2	902.0388	22.37463	0
68	3	-314.2872	479.4303	2
68	4	-310.0861	488.2952	2
69	1	1248.529	380.7079	0
69	2	901.6978	24.10516	0
69	3	-310.2315	478.3604	2
69	4	-306.2288	488.1473	2
70	1	1247.171	378.0523	0
70	2	901.3984	25.02948	0
70	3	-306.7905	478.319	2
70	4	-302.7784	488.1055	2
21	1	1219.552	406.9272	2
21	2	1252.381	399.3963	2
21	3	965.4619	22.10681	3
21	4	970.8407	13.10846	3
21	5	-240.0871	285.3428	0
22	1	1215.834	406.4077	2
22	2	1252.815	399.3947	2
22	3	964.6785	23.62976	3
22	4	969.9745	13.5658	3
22	5	-230.4838	283.0285	0
23	1	1212.133	406.3613	2
23	2	1251.663	401.9501	2
23	3	963.6232	24.65076	3
23	4	969.0182	14.06848	3
23	5	-226.3963	279.7729	0
24	1	1208.763	406.3702	2
24	2	1250.875	401.9496	2
24	3	962.304	25.33307	3
24	4	967.9622	14.64166	3
24	5	-220.9856	279.4802	0
25	1	1205.878	406.2904	2
25	2	1249.561	401.937	2
25	3	960.8749	26.69287	3
25	4	966.8293	15.23981	3
25	5	-214.8245	278.6447	0
26	1	1203.17	406.2056	2
26	2	1246.695	401.6205	2
26	3	959.398	28.31354	3
26	4	965.6465	15.77112	3
26	5	-208.1233	276.7447	0
27	1	1200.565	406.1069	2
27	2	1244.029	401.4426	2
27	3	957.8726	29.67719	3
27	4	963.3248	16.95959	3
27	5	-200.8026	275.0093	0
28	1	1198.074	405.976	2
28	2	1240.636	401.1329	2
28	3	955.9876	31.2793	3
28	4	960.5395	18.24237	3
28	5	-191.9265	273.4811	0
29	1	1195.867	405.929	2
29	2	1237.694	401.0707	2
29	3	954.5261	32.75629	3
29	4	958.1922	19.43042	3
29	5	-183.194	271.1999	0
19	1	1500.377	534.4246	0
19	2	1097.594	21.79376	0
19	3	-152.2723	258.4468	0
20	1	1498.581	534.3171	0
20	2	1097.89	22.18158	0
20	3	-151.5978	258.7607	0
21	1	1495.05	534.795	0
21	2	1098.316	22.81458	0
21	3	-150.8156	259.1403	0
22	1	1492.353	534.6832	0
22	2	1098.721	23.3645	0
22	3	-148.8989	259.9401	0
23	1	1489.402	534.4669	0
23	2	1099.159	23.98822	0
23	3	-147.6444	260.5452	0
24	1	1486.254	534.0657	0
24	2	1099.618	24.66553	0
24	3	-146.3437	261.1957	0
25	1	1482.959	533.4403	0
25	2	1100.097	25.40918	0
25	3	-145.1308	261.9179	0
26	1	1479.789	532.7257	0
26	2	1100.586	26.2182	0
26	3	-143.8965	262.6302	0
27	1	1476.492	532.0504	0
27	2	1101.136	27.05432	0
27	3	-142.73	263.351	0
28	1	1472.898	531.5099	0
28	2	1101.616	27.88	0
28	3	-141.7728	264.0642	0
29	1	1469.054	531.0667	0
29	2	1102.136	28.68121	0
29	3	-141.076	264.7694	0
30	1	1465.044	530.7177	0
30	2	1102.673	29.43622	0
30	3	-140.5358	265.445	0
31	1	1460.876	530.3983	0
31	2	1103.2	30.10181	0
31	3	-139.7428	266.2003	0
32	1	1456.873	530.0151	0
32	2	1103.66	30.67395	0
32	3	-138.6689	267.1861	0
33	1	1452.798	529.5475	0
33	2	1104.131	31.28546	0
33	3	-137.3847	268.231	0
34	1	1448.26	528.9345	0
34	2	1104.511	32.10828	0
34	3	-135.9211	269.3786	0
35	1	1443.322	528.0836	0
35	2	1104.92	33.03699	0
35	3	-134.4631	270.4984	0
36	1	1439.254	527.491	0
36	2	1105.309	34.06354	0
36	3	-133.1966	271.4703	0
37	1	1435.3	526.7783	0
37	2	1105.714	35.06519	0
37	3	-131.7998	272.6273	0
19	1	1363.802	323.8447	0
19	2	984.7359	0.8183594	0
19	3	-430.1677	510.7031	0
20	1	1362.937	322.8508	0
20	2	984.116	2.105347	0
20	3	-427.6808	509.8506	0
21	1	1362.224	321.7176	0
21	2	982.9005	3.475281	0
21	3	-423.6871	508.6039	0
22	1	1361.081	320.3243	0
22	2	981.3643	4.971252	0
22	3	-420.3634	507.4282	0
23	1	1359.635	318.8925	0
23	2	979.8011	6.632385	0
23	3	-416.7017	506.1436	0
24	1	1357.774	317.4153	0
24	2	979.0185	6.665161	0
24	3	-412.7274	504.7759	0
25	1	1355.894	315.7978	0
25	2	978.4268	8.020325	0
25	3	-408.4508	503.3512	0
26	1	1354.285	314.0626	0
26	2	977.4438	9.449097	0
26	3	-403.9641	501.8965	0
27	1	1352.479	312.3289	0
27	2	976.0214	10.45239	0
27	3	-399.1873	500.404	0
28	1	1350.513	310.6243	0
28	2	974.3289	11.49347	0
28	3	-394.1291	498.826	0
29	1	1348.409	308.9361	0
29	2	972.5594	13.11383	0
29	3	-389.0068	497.2039	0
30	1	1346.246	307.2557	0
30	2	970.7125	14.96375	0
30	3	-384.0223	495.6262	0
31	1	1344.017	305.5278	0
31	2	970.4373	14.67981	0
31	3	-379.0957	493.9476	0
32	1	1341.693	303.6591	0
32	2	969.095	15.78766	0
32	3	-374.3573	492.2061	0
33	1	1339.605	301.7294	0
33	2	967.6819	17.02185	0
33	3	-369.9558	490.4911	0
34	1	1337.59	299.7321	0
34	2	965.9669	18.41974	0
34	3	-365.9276	488.9553	0
35	1	1335.741	297.5258	0
35	2	964.5875	19.68054	0
35	3	-361.3534	487.5066	0
36	1	1334.185	295.0854	0
36	2	963.3576	21.35675	0
36	3	-356.3517	486.1508	0
37	1	1332.916	292.8562	0
37	2	962.0425	23.18518	0
37	3	-351.1006	484.8475	0
38	1	1331.384	290.7712	0
38	2	961.4534	22.9588	0
38	3	-345.7732	483.5326	0
39	1	1329.624	288.9589	0
39	2	960.9255	23.88971	0
39	3	-340.8424	482.102	0
40	1	1327.708	287.2515	0
40	2	960.2609	25.18396	0
40	3	-335.5384	480.6388	0
41	1	1325.741	285.5702	0
41	2	959.0533	26.81116	0
41	3	-330.0004	479.473	0
42	1	1323.944	283.7651	0
42	2	957.5611	28.5528	0
42	3	-324.7751	477.9814	0
43	1	1322.051	281.8497	0
43	2	955.8618	30.28394	0
43	3	-319.9702	476.0355	0
44	1	1320.283	279.9773	0
44	2	953.9133	31.98834	0
44	3	-315.2364	473.9421	0
45	1	1318.519	277.9381	0
45	2	953.4866	31.76221	0
45	3	-310.3531	471.5905	0
46	1	1316.59	275.9605	0
46	2	952.9147	32.37152	0
46	3	-305.2938	469.8679	0
19	1	1628.645	517.5234	0
19	2	1059.893	-17.96948	0
19	3	-541.3718	538.2827	0
20	1	1627.08	516.0166	0
20	2	1060.088	-17.64789	0
20	3	-539.525	538.1725	0
21	1	1624.904	513.88	0
21	2	1059.373	-16.60406	0
21	3	-535.1645	538.2551	0
22	1	1622.423	511.9662	0
22	2	1059.566	-16.17047	0
22	3	-532.4293	538.1815	0
23	1	1619.54	509.8951	0
23	2	1059.846	-15.72479	0
23	3	-529.6743	538.121	0
24	1	1616.987	507.5223	0
24	2	1060.27	-15.2478	0
24	3	-527.0151	538.0889	0
25	1	1614.156	505.0671	0
25	2	1060.973	-14.73999	0
25	3	-524.567	538.1055	0
26	1	1611.088	502.5719	0
26	2	1061.789	-14.23236	0
26	3	-522.0741	538.1197	0
27	1	1607.78	500.0424	0
27	2	1062.273	-13.72211	0
27	3	-519.1436	538.1873	0
28	1	1604.344	497.5081	0
28	2	1062.805	-13.10706	0
28	3	-515.8113	538.3452	0
29	1	1600.766	494.8969	0
29	2	1063.379	-12.40863	0
29	3	-512.1695	538.4993	0
30	1	1597.046	492.1793	0
30	2	1063.975	-11.62427	0
30	3	-508.2456	538.6992	0
31	1	1593.231	489.2827	0
31	2	1064.566	-10.78625	0
31	3	-504.3747	538.857	0
32	1	1589.691	486.3468	0
32	2	1065.141	-9.877625	0
32	3	-500.7634	538.9205	0
33	1	1586.24	483.3191	0
33	2	1065.781	-8.959412	0
33	3	-496.8073	539.1046	0
34	1	1583.044	480.0536	0
34	2	1066.3	-8.105225	0
34	3	-492.8699	539.6541	0
35	1	1580.239	476.6122	0
35	2	1066.864	-7.336304	0
35	3	-489.0872	539.8828	0
36	1	1577.769	473.4725	0
36	2	1067.424	-6.699524	0
36	3	-485.5558	539.6737	0
37	1	1574.865	470.4801	0
37	2	1067.927	-6.229004	0
37	3	-482.0423	539.3062	0
38	1	1571.625	467.65	0
38	2	1068.329	-5.835876	0
38	3	-477.9124	538.5771	0
39	1	1568.183	464.9357	0
39	2	1068.712	-5.196167	0
39	3	-472.6727	537.0067	0
40	1	1564.709	462.2299	0
40	2	1069.059	-4.335754	0
40	3	-468.9662	536.5569	0
41	1	1561.523	459.4379	0
41	2	1069.395	-3.345581	0
41	3	-464.841	536.2463	0
42	1	1558.124	456.4903	0
42	2	1069.741	-2.347412	0
42	3	-460.225	535.8904	0
43	1	1554.79	453.5186	0
43	2	1070.151	-1.52948	0
43	3	-455.389	535.5598	0
44	1	1551.582	450.4239	0
44	2	1070.53	-0.5772705	0
44	3	-450.3992	535.3317	0
45	1	1548.526	447.1051	0
45	2	1070.661	0.5171509	0
45	3	-445.2575	535.0646	0
46	1	1545.427	443.7984	0
46	2	1071.152	1.296082	0
46	3	-440.6632	534.9811	0
47	1	1542.126	440.8823	0
47	2	1071.749	2.094421	0
47	3	-436.5205	534.8179	0
19	1	1419.503	629.5016	0
19	2	946.8762	-25.4953	0
19	3	-308.0982	469.3228	0
20	1	1417.397	629.1025	0
20	2	945.5518	-24.50775	0
20	3	-305.843	468.4964	0
21	1	1413.811	629.037	0
21	2	943.951	-23.5282	0
21	3	-301.0545	467.6638	0
22	1	1410.995	628.6091	0
22	2	942.3353	-22.04437	0
22	3	-297.6788	466.6403	0
23	1	1407.912	628.2309	0
23	2	940.6754	-20.32959	0
23	3	-294.0526	465.4865	0
24	1	1404.605	627.9307	0
24	2	940.516	-20.87537	0
24	3	-290.2748	464.214	0
25	1	1401.104	627.7206	0
25	2	939.2559	-19.78748	0
25	3	-286.4717	462.8373	0
26	1	1397.378	627.5638	0
26	2	937.9752	-18.63226	0
26	3	-282.8317	461.4643	0
27	1	1393.491	627.4207	0
27	2	936.3525	-17.32037	0
27	3	-279.3458	460.1614	0
28	1	1389.315	627.2237	0
28	2	935.0772	-16.19952	0
28	3	-275.417	458.8593	0
29	1	1384.871	626.9886	0
29	2	933.9561	-14.71814	0
29	3	-271.1021	457.7242	0
30	1	1380.304	626.5289	0
30	2	932.873	-13.04846	0
30	3	-266.4981	456.5616	0
31	1	1375.812	625.9431	0
31	2	932.3914	-13.51965	0
31	3	-261.6289	455.44	0
32	1	1371.314	625.2035	0
32	2	931.92	-12.66003	0
32	3	-256.8775	454.2809	0
33	1	1366.799	624.0743	0
33	2	931.3338	-11.47119	0
33	3	-252.3464	452.9582	0
34	1	1362.517	622.6318	0
34	2	930.2825	-9.971741	0
34	3	-247.3095	451.6649	0
35	1	1358.46	621.3303	0
35	2	928.9795	-8.365906	0
35	3	-242.0097	450.7037	0
36	1	1354.021	620.2836	0
36	2	927.4927	-6.783508	0
36	3	-237.1475	449.264	0
37	1	1349.302	619.4191	0
37	2	925.7408	-5.24231	0
37	3	-232.6406	447.3756	0
38	1	1344.722	618.7311	0
38	2	924.2236	-3.647339	0
38	3	-227.8615	445.7145	0
19	1	1725.341	599.7498	0
19	2	1127.48	-17.82532	0
19	3	-381.7541	526.9584	0
20	1	1723.28	599.5245	0
20	2	1127.661	-17.50629	0
20	3	-379.2956	526.0041	0
21	1	1719.117	598.7535	0
21	2	1127.775	-16.82343	0
21	3	-375.1928	524.8955	0
22	1	1716.193	598.3683	0
22	2	1127.968	-16.4447	0
22	3	-371.5381	523.69	0
23	1	1712.851	597.9434	0
23	2	1128.141	-15.97162	0
23	3	-367.4888	522.3015	0
24	1	1709.128	597.3915	0
24	2	1128.304	-15.40454	0
24	3	-363.2616	520.905	0
25	1	1704.94	596.687	0
25	2	1128.49	-14.77283	0
25	3	-358.9217	519.4475	0
26	1	1700.993	596.0495	0
26	2	1128.666	-14.05505	0
26	3	-354.4632	517.8759	0
27	1	1697.222	595.4207	0
27	2	1128.852	-13.29742	0
27	3	-349.9811	516.2098	0
28	1	1693.435	594.7374	0
28	2	1129.077	-12.59735	0
28	3	-345.597	514.4822	0
29	1	1689.675	594.1746	0
29	2	1129.33	-11.91028	0
29	3	-341.5911	512.8893	0
30	1	1686.299	594.2247	0
30	2	1129.507	-11.11621	0
30	3	-337.4195	511.2564	0
31	1	1683.272	594.8312	0
31	2	1129.519	-10.21875	0
31	3	-332.8048	509.8382	0
32	1	1679.442	594.2852	0
32	2	1129.79	-9.520569	0
32	3	-327.8246	508.3696	0
33	1	1675.381	593.9384	0
33	2	1130.222	-8.97467	0
33	3	-322.5977	506.9634	0
34	1	1671.191	593.7712	0
34	2	1130.747	-8.476379	0
34	3	-317.3434	505.5374	0
35	1	1666.888	593.7054	0
35	2	1131.468	-7.907104	0
35	3	-312.4217	503.9882	0
36	1	1662.378	593.6169	0
36	2	1132.651	-7.275452	0
36	3	-307.0843	502.3952	0
37	1	1657.634	593.4784	0
37	2	1133.269	-6.725769	0
37	3	-301.5095	501.0941	0
38	1	1652.831	593.1534	0
38	2	1133.783	-6.028442	0
38	3	-296.1773	499.5395	0
39	1	1648.198	592.6994	0
39	2	1134.333	-5.203491	0
39	3	-291.3146	497.4893	0
40	1	1643.671	592.0645	0
40	2	1134.883	-4.292664	0
40	3	-286.5455	495.2728	0
41	1	1639.218	591.0519	0
41	2	1135.396	-3.311707	0
41	3	-281.6827	492.8556	0
42	1	1635.181	589.9424	0
42	2	1135.932	-2.291382	0
42	3	-276.634	489.8545	0
43	1	1630.898	589.0489	0
43	2	1136.389	-1.352173	0
43	3	-272.0571	487.8799	0
44	1	1626.207	588.3779	0
44	2	1136.87	-0.5254517	0
44	3	-267.0314	485.9419	0
45	1	1621.345	587.8512	0
45	2	1137.353	0.1434937	0
45	3	-261.7041	483.9973	0
46	1	1616.42	587.358	0
46	2	1137.769	0.6158447	0
46	3	-256.2693	482.1112	0
47	1	1611.843	586.7659	0
47	2	1138.092	1.018555	0
47	3	-250.6115	480.2677	0
48	1	1606.879	586.0955	0
48	2	1138.349	1.715881	0
48	3	-244.8013	478.2827	0
49	1	1601.377	585.1183	0
49	2	1138.589	2.611572	0
49	3	-239.3754	476.4759	0
50	1	1596.568	584.3248	0
50	2	1138.8	3.639954	0
50	3	-234.2222	474.5575	0
51	1	1592.237	583.5476	0
51	2	1139.042	4.61676	0
51	3	-229.3977	472.5587	0
52	1	1588.084	582.9131	0
52	2	1139.353	5.452393	0
52	3	-225.1894	470.7286	0
53	1	1584.525	583.2277	0
53	2	1139.538	6.442322	0
53	3	-220.9618	469.0077	0
54	1	1581.103	583.6458	0
54	2	1139.548	7.507385	0
54	3	-216.1824	467.6235	0
55	1	1576.91	583.1359	0
55	2	1140.065	8.184143	0
55	3	-211.0816	466.2395	0
56	1	1572.553	582.9037	0
56	2	1140.702	8.734192	0
56	3	-205.8331	464.9058	0
57	1	1568.066	582.8568	0
57	2	1141.507	9.337036	0
57	3	-200.9773	463.4666	0
58	1	1563.431	582.8085	0
58	2	1142.864	10.03882	0
58	3	-195.8785	461.9352	0
59	1	1558.553	582.692	0
59	2	1143.641	10.65265	0
59	3	-190.4849	460.7245	0
60	1	1553.64	582.3494	0
60	2	1144.218	11.43378	0
60	3	-185.3935	459.2079	0
61	1	1548.961	581.8757	0
61	2	1144.834	12.36682	0
61	3	-180.7729	457.1705	0
62	1	1544.4	581.1544	0
62	2	1145.436	13.38574	0
62	3	-176.2417	454.9853	0
63	1	1539.965	580.0309	0
63	2	1145.986	14.48474	0
63	3	-171.683	452.523	0
64	1	1535.965	578.9302	0
64	2	1146.595	15.59326	0
64	3	-167.1632	449.8347	0
65	1	1531.567	578.1065	0
65	2	1147.071	16.58344	0
65	3	-162.7569	448.0125	0
66	1	1526.878	577.4884	0
66	2	1147.609	17.44006	0
66	3	-158.007	446.2105	0
67	1	1522.029	577.0004	0
67	2	1148.125	18.09491	0
67	3	-153.018	444.424	0
68	1	1517.317	576.4961	0
68	2	1148.522	18.55182	0
68	3	-147.9245	442.7062	0
69	1	1512.766	575.8786	0
69	2	1148.903	19.09326	0
69	3	-142.6142	440.9862	0
70	1	1507.71	575.1027	0
70	2	1149.134	19.97821	0
70	3	-134.5389	438.4726	0
71	1	1502.368	574.0978	0
71	2	1149.389	21.00739	0
71	3	-125.5493	434.9926	0
72	1	1498.011	573.4058	0
72	2	1149.628	22.12103	0
72	3	-115.889	431.2341	0
73	1	1493.798	572.6583	0
73	2	1149.941	23.05579	0
73	3	-105.1593	427.4866	0
74	1	1489.841	572.3635	0
74	2	1150.26	24.04602	0
74	3	-101.417	422.5755	0
75	1	1486.518	573.1699	0
75	2	1150.314	25.18347	0
75	3	-96.09925	421.7067	0
76	1	1482.623	572.7996	0
76	2	1150.615	26.1228	0
76	3	-89.46232	420.5258	0
77	1	1478.375	572.4431	0
77	2	1151.243	26.7843	0
77	3	-81.41776	417.6873	0
78	1	1474.007	572.332	0
78	2	1151.988	27.40417	0
78	3	-71.47334	414.7266	0
79	1	1469.574	572.3148	0
79	2	1153.133	28.13525	0
79	3	-61.30738	410.4628	0
80	1	1464.9	572.2286	0
80	2	1154.438	28.85498	0
80	3	-50.42205	405.7625	0
81	1	1460.088	572.0741	0
81	2	1155.042	29.59973	0
81	3	-47.2509	400.5542	0
82	1	1455.38	571.6132	0
82	2	1155.683	30.52856	0
82	3	-42.234	398.9115	0
83	1	1450.858	571.0568	0
83	2	1156.346	31.59058	0
83	3	-36.77039	396.7728	0
84	1	1446.404	570.1172	0
84	2	1156.966	32.72473	0
84	3	-28.91155	393.9776	0
85	1	1442.314	568.9521	0
85	2	1157.571	33.92627	0
85	3	-20.00171	390.5889	0
86	1	1437.909	568.4696	0
86	2	1158.118	34.84058	0
86	3	-11.34258	386.9575	0
20	1	1420.526	442.3957	2
20	2	1448.841	454.944	2
20	3	1118.213	23.729	0
20	4	-428.9908	319.1774	0
21	1	1417.548	438.983	2
21	2	1449.779	455.2386	2
21	3	1116.995	24.01123	0
21	4	-427.3384	320.2162	0
22	1	1415.017	435.8333	2
22	2	1450.107	455.6271	2
22	3	1116.04	24.29858	0
22	4	-425.7056	320.5135	0
23	1	1412.626	432.5584	2
23	2	1444.812	453.7312	2
23	3	1114.991	24.62695	0
23	4	-423.8667	320.8751	0
24	1	1410.41	429.3657	2
24	2	1444.218	453.0284	2
24	3	1113.896	24.95959	0
24	4	-421.9492	321.3618	0
25	1	1408.453	426.4362	2
25	2	1443.226	451.8646	2
25	3	1112.771	25.24799	0
25	4	-419.9582	321.9649	0
26	1	1406.598	423.9106	2
26	2	1441.862	450.2336	2
26	3	1111.533	25.57666	0
26	4	-417.9607	322.2566	0
27	1	1404.643	421.8164	2
27	2	1440.121	448.4565	2
27	3	1110.165	25.92847	0
27	4	-416.0094	322.4569	0
28	1	1402.608	419.939	2
28	2	1438.108	446.3764	2
28	3	1108.637	26.30652	0
28	4	-414.0225	322.563	0
29	1	1400.966	418.1331	2
29	2	1436.023	443.9984	2
29	3	1107.266	26.58289	0
29	4	-411.7869	322.5822	0
30	1	1399.612	416.3976	2
30	2	1433.673	441.3501	2
30	3	1105.911	26.76007	0
30	4	-408.856	322.2727	0
31	1	1398.191	414.7515	2
31	2	1431.364	438.5679	2
31	3	1104.571	26.90283	0
31	4	-405.8397	321.8792	0
32	1	1396.728	413.1732	2
32	2	1429	435.4346	2
32	3	1103.327	27.14581	0
32	4	-403.5284	321.9675	0
33	1	1395.227	411.6375	2
33	2	1426.692	431.8194	2
33	3	1102.377	27.60217	0
33	4	-400.8331	322.0889	0
34	1	1393.694	410.1161	2
34	2	1424.055	428.2074	2
34	3	1101.249	27.91534	0
34	4	-397.8239	322.234	0
35	1	1392.15	408.6074	2
35	2	1419.954	425.1214	2
35	3	1099.906	28.21405	0
35	4	-394.6706	322.4179	0
36	1	1390.557	407.0556	2
36	2	1417.241	421.9263	2
36	3	1098.561	28.64276	0
36	4	-391.4097	322.6783	0
37	1	1388.911	405.46	2
37	2	1414.436	418.9431	2
37	3	1097.197	29.17493	0
37	4	-388.0359	322.9369	0
38	1	1387.182	403.7718	2
38	2	1411.216	416.1836	2
38	3	1095.797	29.74994	0
38	4	-384.9852	323.2536	0
39	1	1385.447	402.0064	2
39	2	1407.958	413.5199	2
39	3	1094.305	30.35107	0
39	4	-382.1363	323.4909	0
40	1	1383.782	400.1949	2
40	2	1404.692	410.7264	2
40	3	1092.755	30.89844	0
40	4	-379.6188	323.6574	0
41	1	1382.088	398.3101	2
41	2	1401.794	407.784	2
41	3	1089.996	31.23846	0
41	4	-377.622	323.7903	0
42	1	1380.018	396.0884	2
42	2	1399.285	404.8916	2
42	3	1086.704	30.76514	0
42	4	-375.9559	323.9413	0
43	1	1378.008	393.3719	2
43	2	1397.145	401.8102	2
43	3	1083.314	29.95349	0
43	4	-373.7487	324.2649	0
44	1	1376.357	390.3994	2
44	2	1395.507	398.5432	2
44	3	1079.574	29.58514	0
44	4	-371.0947	324.7508	0
45	1	1374.63	387.4468	2
45	2	1394.247	395.7001	2
45	3	1075.494	29.26044	0
45	4	-368.1695	325.3236	0
46	1	1372.441	384.8366	2
46	2	1392.59	393.0469	2
46	3	1071.32	28.49463	0
46	4	-365.2563	325.8766	0
47	1	1369.903	382.3775	2
47	2	1390.632	390.7114	2
47	3	1066.647	27.72174	0
47	4	-362.6323	326.2696	0
48	1	1367.697	379.9138	2
48	2	1388.485	388.4829	2
48	3	1061.806	26.81671	0
48	4	-359.8047	326.8282	0
49	1	1365.607	377.3432	2
49	2	1386.25	386.295	2
49	3	1059.146	24.97504	0
49	4	-357.0733	327.7034	0
50	1	1363.641	374.8873	2
50	2	1384.203	384.0557	2
50	3	1057.403	24.70105	0
50	4	-354.4948	327.9321	0
51	1	1361.817	372.4776	2
51	2	1382.162	381.6666	2
51	3	1055.222	24.34296	0
51	4	-352.101	327.9249	0
52	1	1360.013	369.9906	2
52	2	1380.159	379.2705	2
52	3	1053.159	24.53168	0
52	4	-349.4958	327.7886	0
53	1	1358.331	367.4549	2
53	2	1378.264	376.8388	2
53	3	1051.024	24.9613	0
53	4	-345.926	327.1786	0
54	1	1356.621	365.0338	2
54	2	1376.346	374.1875	2
54	3	1048.649	25.91992	0
54	4	-342.8717	326.8021	0
55	1	1354.596	362.8787	2
55	2	1374.524	371.3447	2
55	3	1046.122	27.14728	0
55	4	-340.1425	326.9036	0
56	1	1352.174	360.8381	2
56	2	1372.588	368.5889	2
56	3	1043.36	28.56134	0
56	4	-336.9925	327.0426	0
57	1	1350.215	358.5356	2
57	2	1370.007	366.198	2
57	3	1040.551	30.00177	0
57	4	-333.5929	327.2224	0
58	1	1348.131	356.1768	2
58	2	1367.12	363.8654	2
58	3	1039.669	29.41901	0
58	4	-330.103	327.4908	0
59	1	1345.707	353.8699	2
59	2	1365.321	361.4669	2
59	3	1038.466	30.54236	0
59	4	-326.5154	327.7716	0
60	1	1343.359	351.7091	2
60	2	1363.219	359.2084	2
60	3	1037.125	31.17828	0
60	4	-323.3115	328.1074	0
61	1	1341.102	349.6073	2
61	2	1360.904	357.0721	2
61	3	1035.37	32.64099	0
61	4	-320.3603	328.3424	0
62	1	1338.901	347.4941	2
62	2	1358.523	355.0353	2
62	3	1033.473	34.34515	0
62	4	-317.8273	328.4981	0
63	1	1336.896	345.3567	2
63	2	1356.118	352.986	2
63	3	1031.438	35.81543	0
63	4	-315.8766	328.631	0
64	1	1335.11	343.2838	2
64	2	1353.68	350.856	2
64	3	1028.854	37.70728	0
64	4	-314.04	328.7895	0
65	1	1333.423	341.1732	2
65	2	1351.386	348.6071	2
65	3	1029.276	37.5838	0
65	4	-311.6101	329.2305	0
66	1	1331.657	338.7787	2
66	2	1349.348	346.374	2
66	3	1027.13	38.75208	0
66	4	-308.7838	329.7489	0
67	1	1330.204	336.111	2
67	2	1347.443	344.0105	2
67	3	1025.637	39.60077	0
67	4	-305.7387	330.3566	0
68	1	1329.004	333.7638	2
68	2	1345.845	341.4239	2
68	3	1025.1	41.08905	0
68	4	-302.9034	330.8554	0
69	1	1327.552	331.7281	2
69	2	1344.611	338.8051	2
69	3	1023.566	42.55237	0
69	4	-300.1259	331.2797	0
70	1	1325.953	329.8358	2
70	2	1343.449	336.4414	2
70	3	1021.858	44.24353	0
70	4	-297.2877	332.0001	0
71	1	1324.294	328.0717	2
71	2	1341.985	334.3467	2
71	3	1020.091	46.1438	0
71	4	-294.551	332.7025	0
72	1	1322.62	326.3372	2
72	2	1340.299	332.3868	2
72	3	1019.297	46.2323	0
72	4	-291.9998	332.77	0
73	1	1320.917	324.4989	2
73	2	1338.488	330.5617	2
73	3	1018.545	47.74542	0
73	4	-289.4974	332.6907	0
74	1	1319.15	322.4427	2
74	2	1336.63	328.747	2
74	3	1017.367	49.2962	0
74	4	-286.444	332.3758	0
75	1	1317.475	320.3636	2
75	2	1334.928	326.8563	2
75	3	1015.729	50.40283	0
75	4	-282.6025	331.581	0
76	1	1315.93	318.3379	2
76	2	1333.203	324.8463	2
76	3	1013.819	51.58765	0
76	4	-280.1129	331.6408	0
77	1	1314.364	316.2014	2
77	2	1331.531	322.8457	2
77	3	1011.812	53.42145	0
77	4	-277.1212	331.7661	0
78	1	1312.902	313.9797	2
78	2	1329.959	320.8299	2
78	3	1009.711	55.47076	0
78	4	-273.7761	331.9244	0
79	1	1311.428	311.8212	2
79	2	1328.331	318.5938	2
79	3	1009.483	55.28186	0
79	4	-270.3232	332.1431	0
80	1	1309.512	309.731	2
80	2	1326.784	316.1617	2
80	3	1007.932	56.4707	0
80	4	-266.7799	332.457	0
81	1	1306.765	307.653	2
81	2	1325.164	313.7523	2
81	3	1006.251	57.82806	0
81	4	-263.286	332.7359	0
82	1	1305.278	305.5133	2
82	2	1323.06	311.6277	2
82	3	1004.342	59.34338	0
82	4	-260.2135	333.0434	0
83	1	1303.587	303.5654	2
83	2	1320.336	309.6313	2
83	3	1002.771	60.77924	0
83	4	-257.3993	333.2353	0
84	1	1301.785	301.7631	2
84	2	1318.762	307.5132	2
84	3	1001.427	62.72278	0
84	4	-255.0916	333.3755	0
85	1	1299.953	300.0609	2
85	2	1316.986	305.5287	2
85	3	999.8428	64.76068	0
85	4	-253.2857	333.5312	0
86	1	1298.152	298.4019	2
86	2	1315.024	303.6782	2
86	3	999.2291	64.63818	0
86	4	-251.042	333.8048	0
87	1	1296.099	296.6784	2
87	2	1312.955	301.9167	2
87	3	998.5993	65.69806	0
87	4	-248.3271	334.3152	0
88	1	1294.367	294.6298	2
88	2	1311.256	299.9442	2
88	3	997.6623	66.66962	0
88	4	-245.4287	334.5413	0
21	1	1225.668	564.3495	2
21	2	1262.467	567.3546	2
21	3	1048.178	-35.78534	0
21	4	-41.69836	267.1478	3
21	5	-78.68867	261.1255	3
22	1	1221.53	564.312	2
22	2	1262.997	567.4657	2
22	3	1048.51	-35.26514	0
22	4	-38.96938	267.7083	3
22	5	-81.86152	263.2143	3
23	1	1218.042	565.348	2
23	2	1261.108	570.6732	2
23	3	1048.882	-34.70837	0
23	4	-35.48715	268.28	3
23	5	-85.02534	264.8082	3
24	1	1214.27	564.7	2
24	2	1260.125	570.4561	2
24	3	1049.219	-34.13434	0
24	4	-31.17277	268.8889	3
24	5	-87.77817	266.0707	3
25	1	1210.679	564.3852	2
25	2	1258.485	570.1355	2
25	3	1049.592	-33.55981	0
25	4	-26.71552	269.1405	3
25	5	-89.39392	267.0981	3
26	1	1207.337	564.2208	2
26	2	1254.701	568.5729	2
26	3	1049.985	-33.00311	0
26	4	-21.79862	269.8634	3
26	5	-89.89911	267.9566	3
27	1	1204.262	564.0842	2
27	2	1251.642	567.8215	2
27	3	1050.373	-32.51007	0
27	4	-16.77771	269.6076	3
27	5	-89.61874	268.698	3
28	1	1201.388	563.934	2
28	2	1248.14	567.239	2
28	3	1050.732	-32.09613	0
28	4	-11.28097	269.0971	3
28	5	-88.62158	269.2851	3
29	1	1198.644	563.7631	2
29	2	1244.762	567.479	2
29	3	1051.029	-31.73065	0
29	4	-5.437356	268.3501	3
29	5	-86.81503	269.5758	3
30	1	1195.993	563.5831	2
30	2	1241.192	567.6838	2
30	3	1051.364	-31.25958	0
30	4	-0.06776941	268.182	3
30	5	-84.52908	269.6041	3
31	1	1193.419	563.4127	2
31	2	1237.149	567.1611	2
31	3	1051.624	-30.59503	0
31	4	5.741605	267.8902	3
31	5	-82.59412	269.847	3
32	1	1190.92	563.1442	2
32	2	1232.861	566.9246	2
32	3	1051.917	-29.84924	0
32	4	12.06733	267.8225	3
32	5	-80.1405	270.0669	3
33	1	1188.473	562.877	2
33	2	1228.34	566.9417	2
33	3	1052.2	-29.01019	0
33	4	18.38725	267.9365	3
33	5	-77.16471	270.2655	3
34	1	1186.003	562.5916	2
34	2	1223.573	566.9843	2
34	3	1052.505	-28.21448	0
34	4	24.40726	267.9475	3
34	5	-73.72535	270.4814	3
35	1	1183.457	562.241	2
35	2	1218.427	566.9366	2
35	3	1052.854	-27.52734	0
35	4	29.85117	267.9835	3
35	5	-67.75459	270.4737	3
36	1	1180.828	561.7719	2
36	2	1213.327	566.4415	2
36	3	1053.15	-26.71436	0
36	4	35.53648	268.206	3
36	5	-60.50576	269.9182	3
37	1	1178.113	561.1721	2
37	2	1208.49	565.7532	2
37	3	1053.262	-25.78656	0
37	4	41.37112	268.4352	3
37	5	-52.51719	269.3159	3
38	1	1175.445	560.5093	2
38	2	1203.754	564.4663	2
38	3	1053.671	-25.12805	0
38	4	46.84237	268.4897	3
38	5	-50.54902	266.7037	3
39	1	1172.644	560.1564	2
39	2	1199.193	563.8914	2
39	3	1054.168	-24.44464	0
39	4	52.8467	268.409	3
39	5	-47.58198	266.4141	3
23	1	1574.514	512.1373	2
23	2	1619.948	540.8763	2
23	3	1152.36	64.6297	3
23	4	1139.858	47.93927	3
23	5	1146.088	58.26984	3
23	6	-427.7052	391.3971	4
23	7	-467.6732	387.5089	4
24	1	1570.506	509.0316	2
24	2	1618.995	540.0056	2
24	3	1152.988	66.03693	3
24	4	1140.024	47.05304	3
24	5	1146.401	58.69452	3
24	6	-426.2223	391.3816	4
24	7	-466.8208	387.4682	4
25	1	1567.4	506.1377	2
25	2	1617.462	538.6053	2
25	3	1153.444	67.22272	3
25	4	1139.879	46.88226	3
25	5	1146.851	59.40796	3
25	6	-424.3346	391.3864	4
25	7	-465.4998	387.4489	4
26	1	1564.829	503.4694	2
26	2	1614.663	536.5677	2
26	3	1153.65	68.57501	3
26	4	1142.047	47.52399	3
26	5	1147.291	60.07312	3
26	6	-422.1347	391.6019	4
26	7	-462.7461	387.5253	4
27	1	1562.283	501.0742	2
27	2	1611.961	534.3519	2
27	3	1154.105	69.71588	3
27	4	1142.185	47.68652	3
27	5	1147.767	60.82178	3
27	6	-419.875	391.7793	4
27	7	-460.1297	387.6013	4
28	1	1559.839	498.9052	2
28	2	1608.625	531.7579	2
28	3	1155.076	70.35999	3
28	4	1142.414	47.9939	3
28	5	1148.275	61.65979	3
28	6	-417.6721	391.9642	4
28	7	-456.8617	387.7672	4
29	1	1557.493	496.8843	2
29	2	1604.961	528.9902	2
29	3	1155.939	70.92395	3
29	4	1142.721	48.43365	3
29	5	1148.81	62.64655	3
29	6	-415.5223	392.1452	4
29	7	-453.2047	387.9328	4
30	1	1555.293	495.0019	2
30	2	1600.918	525.9944	2
30	3	1156.689	71.49164	3
30	4	1143.035	49.77771	3
30	5	1149.428	63.73395	3
30	6	-413.5014	392.3026	4
30	7	-449.5037	388.1832	4
31	1	1553.156	493.1728	2
31	2	1596.487	522.7148	2
31	3	1157.437	72.07666	3
31	4	1143.468	50.65942	3
31	5	1149.99	64.77142	3
31	6	-411.6154	392.4168	4
31	7	-445.9027	388.4225	4
32	1	1551.051	491.3776	2
32	2	1592.082	519.1418	2
32	3	1158.27	72.66302	3
32	4	1143.963	51.53302	3
32	5	1150.576	65.75891	3
32	6	-409.8439	392.4936	4
32	7	-442.5929	388.5639	4
33	1	1548.936	489.5693	2
33	2	1587.953	515.4559	2
33	3	1159.024	73.23407	3
33	4	1144.441	52.3006	3
33	5	1151.175	66.53845	3
33	6	-407.9577	392.6238	4
33	7	-440.1282	388.6631	4
34	1	1546.819	487.7309	2
34	2	1584.276	511.3661	2
34	3	1159.471	73.78394	3
34	4	1144.925	53.05841	3
34	5	1151.73	67.20874	3
34	6	-406.0738	392.8347	4
34	7	-438.3309	388.7865	4
35	1	1544.784	485.8791	2
35	2	1581.482	507.0957	2
35	3	1159.926	74.37781	3
35	4	1145.251	54.21362	3
35	5	1152.22	67.80499	3
35	6	-404.1739	393.1576	4
35	7	-435.5699	389.2277	4
36	1	1542.722	483.9974	2
36	2	1578.79	503.2669	2
36	3	1160.394	74.99597	3
36	4	1145.554	55.63995	3
36	5	1152.653	68.45264	3
36	6	-402.2799	393.5474	4
36	7	-432.047	389.8242	4
37	1	1540.628	482.0247	2
37	2	1575.359	499.9181	2
37	3	1160.868	75.63214	3
37	4	1145.864	57.02722	3
37	5	1153.11	69.22711	3
37	6	-400.4163	393.7125	4
37	7	-428.2103	390.5107	4
38	1	1538.533	479.928	2
38	2	1571.536	496.7304	2
38	3	1161.34	76.29889	3
38	4	1146.23	58.41473	3
38	5	1153.485	70.17322	3
38	6	-398.5793	393.8513	4
38	7	-424.942	390.9527	4
39	1	1536.487	477.69	2
39	2	1567.762	493.6108	2
39	3	1161.803	76.96967	3
39	4	1146.339	59.95514	3
39	5	1153.885	71.211	3
39	6	-396.7343	393.9645	4
39	7	-421.467	391.5	4
40	1	1534.517	475.3376	2
40	2	1564.38	490.3577	2
40	3	1162.265	77.66571	3
40	4	1147.325	60.84912	3
40	5	1154.271	72.34601	3
40	6	-394.7872	394.0331	4
40	7	-418.1573	392.4967	4
41	1	1532.665	473.079	2
41	2	1560.842	486.995	2
41	3	1162.723	78.39453	3
41	4	1148.688	61.71155	3
41	5	1154.681	73.44525	3
41	6	-392.577	394.0025	4
41	7	-415.1539	392.5853	4
42	1	1530.284	470.4075	2
42	2	1557.481	483.6419	2
42	3	1163.194	79.15405	3
42	4	1150.664	62.64874	3
42	5	1155.16	74.45319	3
42	6	-389.3375	393.7317	4
42	7	-412.4551	392.373	4
43	1	1527.529	467.6772	2
43	2	1554.345	480.2213	2
43	3	1163.698	79.92413	3
43	4	1151.528	63.68677	3
43	5	1155.577	75.60107	3
43	6	-385.7084	393.2374	4
43	7	-409.5438	392.0304	4
44	1	1524.339	464.7863	2
44	2	1551.393	476.6666	2
44	3	1164.138	80.68896	3
44	4	1152.47	65.06458	3
44	5	1155.781	76.86151	3
44	6	-382.5607	393.2663	4
44	7	-405.6013	391.1446	4
45	1	1520.789	461.8874	2
45	2	1548.324	473.3032	2
45	3	1164.636	81.66681	3
45	4	1153.345	66.63788	3
45	5	1156.348	77.86902	3
45	6	-378.6597	393.2967	4
45	7	-402.0198	390.4153	4
46	1	1517.445	458.8642	2
46	2	1544.599	470.4213	2
46	3	1165.206	82.6803	3
46	4	1154.22	68.26202	3
46	5	1157.091	78.72742	3
46	6	-374.0516	393.3559	4
46	7	-399.1658	390.3903	4
47	1	1513.916	455.5349	2
47	2	1541.035	467.5316	2
47	3	1165.82	83.64233	3
47	4	1154.982	69.57404	3
47	5	1157.942	79.56976	3
47	6	-369.0784	393.5955	4
47	7	-395.8483	390.3811	4
48	1	1510.72	452.2204	2
48	2	1538.127	464.573	2
48	3	1166.415	84.48138	3
48	4	1155.791	70.50262	3
48	5	1159.155	80.49072	3
48	6	-364.8629	393.7047	4
48	7	-392.1819	390.3909	4
49	1	1507.792	448.9182	2
49	2	1534.897	461.7521	2
49	3	1166.956	85.24902	3
49	4	1156.4	71.08624	3
49	5	1160.532	81.40582	3
49	6	-361.5391	393.8492	4
49	7	-388.4378	390.452	4
50	1	1505.072	445.6585	2
50	2	1531.428	459.0311	2
50	3	1167.405	86.31146	3
50	4	1156.882	72.04626	3
50	5	1161.281	82.35565	3
50	6	-358.6503	393.8779	4
50	7	-384.6089	390.6072	4
51	1	1502.295	442.6989	2
51	2	1527.928	456.3965	2
51	3	1167.836	87.60791	3
51	4	1157.361	73.15997	3
51	5	1162.076	83.48083	3
51	6	-356.2945	393.8952	4
51	7	-380.7155	390.7045	4
52	1	1499.108	440.1651	2
52	2	1524.381	453.7154	2
52	3	1168.218	89.08313	3
52	4	1157.82	74.28473	3
52	5	1162.906	84.74084	3
52	6	-354.412	393.9597	4
52	7	-377.3338	390.9259	4
53	1	1496.102	437.6741	2
53	2	1520.77	450.8846	2
53	3	1168.662	90.40784	3
53	4	1158.23	75.45496	3
53	5	1163.703	86.08459	3
53	6	-352.4179	394.0396	4
53	7	-374.1621	391.0349	4
54	1	1493.684	435.1647	2
54	2	1517.554	448.0347	2
54	3	1169.128	91.80725	3
54	4	1158.715	76.50861	3
54	5	1164.51	87.5094	3
54	6	-350.0094	394.3128	4
54	7	-371.3933	391.0989	4
55	1	1491.093	432.7756	2
55	2	1514.521	445.1784	2
55	3	1169.198	93.43652	3
55	4	1159.118	77.7226	3
55	5	1165.259	88.86176	3
55	6	-347.3372	394.624	4
55	7	-369.1687	391.1665	4
56	1	1488.4	430.4916	2
56	2	1511.752	442.1509	2
56	3	1170.006	94.56775	3
56	4	1159.28	79.06213	3
56	5	1166.027	90.07867	3
56	6	-344.5261	394.978	4
56	7	-367.3431	391.2737	4
57	1	1485.31	428.1184	2
57	2	1509.359	438.9414	2
57	3	1171.122	95.48846	3
57	4	1159.918	80.07385	3
57	5	1166.819	91.11047	3
57	6	-341.2538	395.5594	4
57	7	-364.9977	391.4658	4
58	1	1481.947	425.6205	2
58	2	1507.366	436.0462	2
58	3	1172.78	96.52264	3
58	4	1160.735	80.93524	3
58	5	1167.507	91.90912	3
58	6	-338.0581	396.0658	4
58	7	-362.1925	391.875	4
59	1	1478.31	422.916	2
59	2	1505.076	433.2405	2
59	3	1174.467	97.51996	3
59	4	1161.703	81.80768	3
59	5	1168.139	92.75214	3
59	6	-334.7041	396.5765	4
59	7	-359.1109	392.3105	4
60	1	1475.25	420.1256	2
60	2	1502.508	430.7565	2
60	3	1175.378	98.70618	3
60	4	1163.226	82.77039	3
60	5	1168.601	93.96936	3
60	6	-331.5587	397.1593	4
60	7	-355.8585	392.7939	4
61	1	1472.519	417.4623	2
61	2	1499.737	428.3091	2
61	3	1176.35	100.1599	3
61	4	1164.401	83.6723	3
61	5	1169.066	95.36493	3
61	6	-328.6186	397.6382	4
61	7	-352.8239	393.1796	4
62	1	1470.031	414.7679	2
62	2	1496.849	425.9325	2
62	3	1177.28	101.7582	3
62	4	1165.197	84.72833	3
62	5	1169.531	96.7959	3
62	6	-325.9379	397.5367	4
62	7	-349.9321	393.4648	4
63	1	1467.848	411.9961	2
63	2	1494.095	423.5638	2
63	3	1178.221	103.471	3
63	4	1166.042	85.96503	3
63	5	1170.097	98.05133	3
63	6	-323.4253	397.386	4
63	7	-346.8654	393.9542	4
64	1	1465.978	409.3763	2
64	2	1491.499	421.0649	2
64	3	1179.027	105.0179	3
64	4	1166.885	87.31317	3
64	5	1170.519	99.50677	3
64	6	-320.8119	397.1983	4
64	7	-343.8683	394.7505	4
65	1	1463.57	407.0602	2
65	2	1488.766	418.4731	2
65	3	1179.862	106.3325	3
65	4	1167.628	88.47601	3
65	5	1171.334	100.7437	3
65	6	-317.9967	397.303	4
65	7	-340.8424	394.863	4
