63	1	365.3402	115.6328	0
63	2	658.0316	123.5034	0
63	3	364.218	121.6004	0
63	4	447.6277	116.5089	0
63	5	129.5379	156.9489	0
63	6	499.5869	151.0261	0
63	7	357.4665	143.7399	0
63	8	347.169	158.6743	0
63	9	682.1638	131.9459	0
63	10	223.2384	149.2492	0
63	11	674.7961	103.9373	0
63	12	609.2737	101.5378	0
63	13	402.8736	108.8134	0
63	14	613.6922	115.0055	0
63	15	640.3918	106.9745	0
63	16	480.3596	123.8109	0
63	17	565.4601	110.7242	0
63	18	617.6198	109.6483	0
63	19	261.3559	159.7862	0
63	20	428.401	142.1286	0
63	21	-62.96132	165.4895	0
63	22	7.938138	175.5866	0
63	23	458.054	129.2457	0
63	24	625.8864	105.9362	0
63	25	300.5074	168.9184	0
63	26	600.6863	131.3421	0
63	27	659.6843	136.5393	0
63	28	29.36311	138.219	0
63	29	595.5549	102.2952	0
63	30	565.2596	98.85095	0
63	31	174.8717	181.003	0
63	32	640.2393	102.4999	0
63	33	662.0601	108.3525	0
63	34	314.1656	124.9979	0
63	35	-149.8031	206.554	0
63	36	301.9686	141.4659	0
63	37	404.9054	122.2381	0
63	38	214.7033	177.9026	0
63	39	589.6084	111.3968	0
63	40	708.8149	113.6331	0
63	41	361.3046	133.4091	0
63	42	320.0139	143.04	0
63	43	419.8975	128.5387	0
64	1	365.3216	115.6513	0
64	2	657.9916	123.4932	0
64	3	364.2067	121.5922	0
64	4	447.6291	116.5044	0
64	5	129.5545	156.9496	0
64	6	499.6287	151.0266	0
64	7	357.4587	143.7263	0
64	8	347.1722	158.6783	0
64	9	682.1758	131.943	0
64	10	223.2442	149.2502	0
64	11	674.7615	103.9335	0
64	12	609.2588	101.5345	0
64	13	402.8558	108.8239	0
64	14	613.7145	115.0151	0
64	15	640.3792	106.9731	0
64	16	480.3727	123.8107	0
64	17	565.467	110.7261	0
64	18	617.6279	109.6497	0
64	19	261.4145	159.7846	0
64	20	428.3998	142.1482	0
64	21	-62.92168	165.488	0
64	22	7.927756	175.5911	0
64	23	458.068	129.24	0
64	24	625.8966	105.9361	0
64	25	300.5237	168.9148	0
64	26	600.6685	131.334	0
64	27	659.6364	136.5319	0
64	28	29.35673	138.2216	0
64	29	595.5631	102.295	0
64	30	565.2655	98.8519	0
64	31	174.8697	181.0052	0
64	32	640.2353	102.4999	0
64	33	662.094	108.3636	0
64	34	314.2015	124.9979	0
64	35	-149.7605	206.5211	0
64	36	301.9797	141.4662	0
64	37	404.8949	122.2369	0
64	38	214.6022	177.9654	0
64	39	589.5804	111.3895	0
64	40	708.8143	113.6332	0
64	41	361.3187	133.4007	0
64	42	320.0118	143.0433	0
64	43	419.8997	128.5541	0
65	1	365.2962	115.67	0
65	2	657.9449	123.4817	0
65	3	364.1934	121.5854	0
65	4	447.6219	116.4985	0
65	5	129.5767	156.9461	0
65	6	499.666	151.0246	0
65	7	357.4467	143.7122	0
65	8	347.1806	158.6801	0
65	9	682.1784	131.9387	0
65	10	223.2493	149.2502	0
65	11	674.7233	103.9298	0
65	12	609.2421	101.5307	0
65	13	402.8348	108.8289	0
65	14	613.7465	115.0261	0
65	15	640.3772	106.9739	0
65	16	480.385	123.8109	0
65	17	565.4745	110.7278	0
65	18	617.6372	109.6505	0
65	19	261.4742	159.7795	0
65	20	428.4024	142.1676	0
65	21	-62.85069	165.4858	0
65	22	7.924325	175.5934	0
65	23	458.0759	129.2336	0
65	24	625.9071	105.9359	0
65	25	300.5439	168.9103	0
65	26	600.6389	131.3238	0
65	27	659.5996	136.5262	0
65	28	29.34681	138.2247	0
65	29	595.5713	102.295	0
65	30	565.2728	98.85223	0
65	31	174.8682	181.0087	0
65	32	640.2361	102.5005	0
65	33	662.1195	108.3725	0
65	34	314.2375	124.9966	0
65	35	-149.736	206.4899	0
65	36	301.9853	141.4678	0
65	37	404.9207	122.2367	0
65	38	214.4868	178.0311	0
65	39	589.5504	111.3824	0
65	40	708.8137	113.6317	0
65	41	361.3318	133.3919	0
65	42	320.0125	143.0461	0
65	43	419.8989	128.5721	0
66	1	365.2868	115.6748	0
66	2	657.9314	123.4782	0
66	3	364.1892	121.5836	0
66	4	447.6183	116.4964	0
66	5	129.5837	156.9449	0
66	6	499.6759	151.0234	0
66	7	357.444	143.7082	0
66	8	347.1842	158.6807	0
66	9	682.1777	131.9372	0
66	10	223.251	149.25	0
66	11	674.7117	103.9287	0
66	12	609.2351	101.5291	0
66	13	402.8291	108.8294	0
66	14	613.7579	115.0293	0
66	15	640.3782	106.9743	0
66	16	480.3885	123.8111	0
66	17	565.4772	110.7279	0
66	18	617.6403	109.6505	0
66	19	261.4917	159.777	0
66	20	428.404	142.1741	0
66	21	-62.8264	165.4846	0
66	22	7.925579	175.5941	0
66	23	458.0767	129.2321	0
66	24	625.9106	105.9359	0
66	25	300.5503	168.9092	0
66	26	600.6281	131.3203	0
66	27	659.5909	136.5248	0
66	28	29.34312	138.2255	0
66	29	595.5736	102.2951	0
66	30	565.2752	98.85223	0
66	31	174.8675	181.0099	0
66	32	640.2368	102.5007	0
66	33	662.1253	108.3741	0
66	34	314.2478	124.9958	0
66	35	-149.7302	206.481	0
66	36	301.9852	141.4687	0
66	37	404.9326	122.2367	0
66	38	214.4497	178.05	0
66	39	589.5408	111.3806	0
66	40	708.825	113.6321	0
66	41	361.3335	133.3891	0
66	42	320.0133	143.0465	0
66	43	419.8979	128.5778	0
63	1	364.0153	121.3977	0
63	2	656.0767	131.0986	0
63	3	365.0886	122.331	0
63	4	446.3202	111.741	0
63	5	128.0816	154.8464	0
63	6	501.8653	139.7368	0
63	7	354.6588	130.3183	0
63	8	348.8539	167.8808	0
63	9	680.61	124.6248	0
63	10	220.7436	147.1762	0
63	11	674.2738	100.4848	0
63	12	609.6945	105.0748	0
63	13	401.6362	117.8883	0
63	14	610.2436	126.7068	0
63	15	636.9131	115.2048	0
63	16	480.3311	123.0103	0
63	17	565.938	112.731	0
63	18	616.426	115.0512	0
63	19	261.347	164.0338	0
63	20	429.1403	151.9564	0
63	21	-68.27655	150.1129	0
63	22	0.2709675	155.4212	0
63	23	458.7604	117.6786	0
63	24	627.2541	105.4309	0
63	25	301.8821	171.5185	0
63	26	596.7524	135.7663	0
63	27	662.5154	127.3292	0
63	28	32.33823	142.856	0
63	29	596.549	102.2727	0
63	30	563.5721	100.3946	0
63	31	171.509	178.6109	0
63	32	639.6014	104.649	0
63	33	663.0034	109.6763	0
63	34	315.0455	125.2131	0
63	35	-145.4736	208.5138	0
63	36	299.5596	124.8867	0
63	37	405.4557	126.533	0
63	38	216.2841	185.861	0
63	39	589.6029	111.087	0
63	40	708.8876	111.6691	0
63	41	359.6519	126.8657	0
63	42	317.9071	134.8786	0
63	43	419.5002	123.3869	0
64	1	364.0077	121.3972	0
64	2	656.086	131.0982	0
64	3	365.0978	122.3311	0
64	4	446.3215	111.7423	0
64	5	128.0865	154.8462	0
64	6	501.8719	139.7338	0
64	7	354.6759	130.3158	0
64	8	348.8401	167.8778	0
64	9	680.6208	124.6244	0
64	10	220.7397	147.1798	0
64	11	674.2824	100.4852	0
64	12	609.7031	105.0746	0
64	13	401.6369	117.8897	0
64	14	610.2521	126.7077	0
64	15	636.9357	115.2152	0
64	16	480.339	123.0302	0
64	17	565.905	112.7219	0
64	18	616.4301	115.0506	0
64	19	261.3604	164.0338	0
64	20	429.1047	151.9459	0
64	21	-68.45549	150.1513	0
64	22	0.2650951	155.4248	0
64	23	458.7873	117.674	0
64	24	627.2643	105.4305	0
64	25	301.9398	171.5161	0
64	26	596.7727	135.7776	0
64	27	662.5678	127.345	0
64	28	32.36482	142.8437	0
64	29	596.5658	102.281	0
64	30	563.5787	100.3949	0
64	31	171.593	178.5964	0
64	32	639.6046	104.6475	0
64	33	663.0128	109.6762	0
64	34	315.0279	125.2088	0
64	35	-145.5029	208.5238	0
64	36	299.558	124.8881	0
64	37	405.4413	126.5473	0
64	38	216.2927	185.8618	0
64	39	589.5859	111.082	0
64	40	708.8557	111.6635	0
64	41	359.6198	126.8575	0
64	42	317.9156	134.878	0
64	43	419.4941	123.3948	0
65	1	364.0066	121.3983	0
65	2	656.0961	131.0982	0
65	3	365.1064	122.3316	0
65	4	446.3228	111.7438	0
65	5	128.0922	154.8465	0
65	6	501.8797	139.7314	0
65	7	354.6941	130.3141	0
65	8	348.8359	167.8787	0
65	9	680.6325	124.6243	0
65	10	220.7332	147.1834	0
65	11	674.2907	100.4855	0
65	12	609.7119	105.0745	0
65	13	401.639	117.8909	0
65	14	610.2598	126.7086	0
65	15	636.9487	115.2206	0
65	16	480.3394	123.0488	0
65	17	565.8697	112.7139	0
65	18	616.431	115.0493	0
65	19	261.3735	164.0344	0
65	20	429.0664	151.9358	0
65	21	-68.6461	150.19	0
65	22	0.2580789	155.4292	0
65	23	458.8076	117.668	0
65	24	627.2745	105.4304	0
65	25	301.9971	171.5097	0
65	26	596.7983	135.7888	0
65	27	662.6309	127.3629	0
65	28	32.38776	142.8316	0
65	29	596.5747	102.2853	0
65	30	563.5867	100.3953	0
65	31	171.6769	178.5779	0
65	32	639.6027	104.6453	0
65	33	663.0205	109.6764	0
65	34	315.014	125.2055	0
65	35	-145.5189	208.53	0
65	36	299.5584	124.8903	0
65	37	405.4221	126.5562	0
65	38	216.302	185.8626	0
65	39	589.5591	111.0748	0
65	40	708.8198	111.6571	0
65	41	359.5911	126.8513	0
65	42	317.9258	134.878	0
65	43	419.4885	123.4056	0
66	1	364.0071	121.4	0
66	2	656.1055	131.0981	0
66	3	365.114	122.3304	0
66	4	446.3245	111.7455	0
66	5	128.1028	154.8469	0
66	6	501.8898	139.7286	0
66	7	354.7093	130.3141	0
66	8	348.8358	167.8813	0
66	9	680.6431	124.6242	0
66	10	220.7265	147.1873	0
66	11	674.2993	100.485	0
66	12	609.7206	105.0746	0
66	13	401.643	117.8912	0
66	14	610.2673	126.7091	0
66	15	636.9523	115.2224	0
66	16	480.3306	123.0609	0
66	17	565.8334	112.7075	0
66	18	616.4323	115.0482	0
66	19	261.3876	164.0317	0
66	20	429.0318	151.9268	0
66	21	-68.83625	150.2208	0
66	22	0.2456523	155.4347	0
66	23	458.8198	117.6606	0
66	24	627.2857	105.4303	0
66	25	302.0515	171.4987	0
66	26	596.8295	135.8022	0
66	27	662.6977	127.3846	0
66	28	32.40824	142.8211	0
66	29	596.5764	102.2865	0
66	30	563.5944	100.3961	0
66	31	171.7569	178.5549	0
66	32	639.5963	104.6427	0
66	33	663.0256	109.6764	0
66	34	315.0057	125.2039	0
66	35	-145.5169	208.5346	0
66	36	299.5583	124.893	0
66	37	405.4048	126.5601	0
66	38	216.3155	185.8641	0
66	39	589.528	111.0667	0
66	40	708.7715	111.648	0
66	41	359.569	126.8465	0
66	42	317.9394	134.8779	0
66	43	419.4866	123.4188	0
67	1	364.0075	121.402	0
67	2	656.116	131.098	0
67	3	365.1214	122.3289	0
67	4	446.3256	111.7469	0
67	5	128.1199	154.8467	0
67	6	501.9005	139.7267	0
67	7	354.7203	130.3157	0
67	8	348.8363	167.8846	0
67	9	680.655	124.6242	0
67	10	220.7236	147.1906	0
67	11	674.3085	100.4842	0
67	12	609.7281	105.0751	0
67	13	401.6488	117.8918	0
67	14	610.2748	126.709	0
67	15	636.9465	115.2219	0
67	16	480.3173	123.066	0
67	17	565.798	112.7015	0
67	18	616.4351	115.0472	0
67	19	261.4023	164.0281	0
67	20	429.0034	151.9202	0
67	21	-68.99448	150.2384	0
67	22	0.2253297	155.4409	0
67	23	458.8214	117.6544	0
67	24	627.2954	105.4304	0
67	25	302.1026	171.4844	0
67	26	596.8615	135.8182	0
67	27	662.762	127.4083	0
67	28	32.42319	142.8123	0
67	29	596.5726	102.2863	0
67	30	563.6014	100.3965	0
67	31	171.8227	178.5335	0
67	32	639.585	104.6407	0
67	33	663.0257	109.6754	0
67	34	315.0032	125.2044	0
67	35	-145.5135	208.5401	0
67	36	299.5571	124.8961	0
67	37	405.3932	126.5606	0
67	38	216.3367	185.8641	0
67	39	589.5001	111.0591	0
67	40	708.7184	111.6376	0
67	41	359.5557	126.8442	0
67	42	317.9547	134.8778	0
67	43	419.4888	123.4323	0
68	1	364.0076	121.4043	0
68	2	656.1247	131.0982	0
68	3	365.129	122.3278	0
68	4	446.3276	111.7486	0
68	5	128.1365	154.8468	0
68	6	501.9111	139.7266	0
68	7	354.7222	130.3192	0
68	8	348.8364	167.8886	0
68	9	680.6648	124.6247	0
68	10	220.7252	147.1921	0
68	11	674.3186	100.4839	0
68	12	609.731	105.0745	0
68	13	401.6539	117.8927	0
68	14	610.283	126.7085	0
68	15	636.9537	115.2211	0
68	16	480.3067	123.0672	0
68	17	565.759	112.696	0
68	18	616.4376	115.0462	0
68	19	261.4173	164.0249	0
68	20	428.9838	151.9158	0
68	21	-69.08567	150.2457	0
68	22	0.2006963	155.4471	0
68	23	458.8225	117.6475	0
68	24	627.3035	105.4309	0
68	25	302.1477	171.4665	0
68	26	596.8913	135.8356	0
68	27	662.8213	127.4332	0
68	28	32.4332	142.8037	0
68	29	596.5703	102.2852	0
68	30	563.6082	100.3966	0
68	31	171.8849	178.5107	0
68	32	639.5738	104.6382	0
68	33	663.0261	109.6744	0
68	34	315.0033	125.2056	0
68	35	-145.5112	208.5439	0
68	36	299.5534	124.899	0
68	37	405.3947	126.5589	0
68	38	216.3591	185.8645	0
68	39	589.4705	111.0518	0
68	40	708.6694	111.628	0
68	41	359.5515	126.8449	0
68	42	317.9695	134.878	0
68	43	419.4918	123.4489	0
69	1	364.0064	121.4064	0
69	2	656.1305	131.0981	0
69	3	365.1382	122.3265	0
69	4	446.3309	111.7499	0
69	5	128.1534	154.8478	0
69	6	501.9194	139.7281	0
69	7	354.7162	130.3254	0
69	8	348.8349	167.8933	0
69	9	680.6696	124.6243	0
69	10	220.7326	147.1936	0
69	11	674.3279	100.4839	0
69	12	609.732	105.0735	0
69	13	401.6588	117.8931	0
69	14	610.2922	126.7084	0
69	15	636.9802	115.2212	0
69	16	480.3005	123.0648	0
69	17	565.7156	112.6903	0
69	18	616.441	115.046	0
69	19	261.4339	164.0218	0
69	20	428.9742	151.9148	0
69	21	-69.10322	150.2431	0
69	22	0.182969	155.4525	0
69	23	458.8113	117.6386	0
69	24	627.3052	105.4299	0
69	25	302.1813	171.4499	0
69	26	596.9168	135.8534	0
69	27	662.8672	127.4545	0
69	28	32.43538	142.7957	0
69	29	596.5965	102.2858	0
69	30	563.6153	100.3961	0
69	31	171.9309	178.4877	0
69	32	639.5568	104.6346	0
69	33	663.0272	109.6737	0
69	34	315.0037	125.2072	0
69	35	-145.5119	208.5471	0
69	36	299.5503	124.9022	0
69	37	405.4299	126.5592	0
69	38	216.3814	185.8652	0
69	39	589.439	111.0455	0
69	40	708.6188	111.6187	0
69	41	359.5515	126.8468	0
69	42	317.9836	134.8782	0
69	43	419.491	123.4679	0
70	1	364.0061	121.4087	0
70	2	656.1309	131.0964	0
70	3	365.1489	122.3254	0
70	4	446.3363	111.7502	0
70	5	128.1752	154.8453	0
70	6	501.9243	139.732	0
70	7	354.7005	130.3361	0
70	8	348.8331	167.898	0
70	9	680.6689	124.6225	0
70	10	220.7399	147.1957	0
70	11	674.3386	100.4837	0
70	12	609.7334	105.0729	0
70	13	401.6634	117.8931	0
70	14	610.3012	126.7083	0
70	15	636.9999	115.2202	0
70	16	480.3451	123.0655	0
70	17	565.6756	112.6845	0
70	18	616.446	115.0464	0
70	19	261.4538	164.0182	0
70	20	428.9732	151.9162	0
70	21	-69.04098	150.2424	0
70	22	0.1745453	155.4557	0
70	23	458.7893	117.6276	0
70	24	627.3062	105.4287	0
70	25	302.2106	171.4321	0
70	26	596.9335	135.868	0
70	27	662.8959	127.4666	0
70	28	32.4319	142.7878	0
70	29	596.6176	102.2858	0
70	30	563.6232	100.3954	0
70	31	171.9571	178.4608	0
70	32	639.5355	104.6302	0
70	33	663.0291	109.6729	0
70	34	315.0036	125.209	0
70	35	-145.5141	208.5488	0
70	36	299.5504	124.9048	0
70	37	405.4633	126.558	0
70	38	216.405	185.8634	0
70	39	589.4075	111.0405	0
70	40	708.5659	111.6107	0
70	41	359.5522	126.8491	0
70	42	317.9973	134.8755	0
70	43	419.4853	123.4888	0
71	1	364.0079	121.4106	0
71	2	656.1315	131.0947	0
71	3	365.158	122.3253	0
71	4	446.3436	111.7508	0
71	5	128.2001	154.841	0
71	6	501.9285	139.739	0
71	7	354.6839	130.3505	0
71	8	348.8335	167.9023	0
71	9	680.6686	124.6209	0
71	10	220.7464	147.1968	0
71	11	674.3472	100.4839	0
71	12	609.7362	105.0722	0
71	13	401.6683	117.8926	0
71	14	610.3113	126.7082	0
71	15	637.0099	115.2178	0
71	16	480.3854	123.0645	0
71	17	565.6427	112.6801	0
71	18	616.4503	115.0478	0
71	19	261.4704	164.0168	0
71	20	428.9746	151.9185	0
71	21	-68.94596	150.24	0
71	22	0.1786142	155.4581	0
71	23	458.7652	117.6162	0
71	24	627.3076	105.4279	0
71	25	302.2288	171.4142	0
71	26	596.9406	135.8761	0
71	27	662.9058	127.4713	0
71	28	32.42643	142.7808	0
71	29	596.631	102.2844	0
71	30	563.632	100.3951	0
71	31	171.9716	178.4329	0
71	32	639.5143	104.6256	0
71	33	663.0313	109.6725	0
71	34	315.0022	125.211	0
71	35	-145.5159	208.5509	0
71	36	299.5552	124.9055	0
71	37	405.4922	126.5547	0
71	38	216.4319	185.856	0
71	39	589.3765	111.0358	0
71	40	708.5136	111.6042	0
71	41	359.5525	126.8518	0
71	42	318.0116	134.8726	0
71	43	419.4726	123.5093	0
72	1	364.0126	121.4112	0
72	2	656.1328	131.0934	0
72	3	365.1664	122.3259	0
72	4	446.3503	111.7518	0
72	5	128.225	154.8371	0
72	6	501.9312	139.7509	0
72	7	354.6687	130.3675	0
72	8	348.8374	167.9052	0
72	9	680.6696	124.6196	0
72	10	220.7523	147.1974	0
72	11	674.3535	100.4843	0
72	12	609.7388	105.0715	0
72	13	401.6738	117.8924	0
72	14	610.32	126.7083	0
72	15	637.0126	115.2142	0
72	16	480.4173	123.0606	0
72	17	565.6186	112.6766	0
72	18	616.4556	115.05	0
72	19	261.4847	164.0168	0
72	20	428.9763	151.9214	0
72	21	-68.83661	150.2328	0
72	22	0.1851904	155.4612	0
72	23	458.7435	117.6058	0
72	24	627.3109	105.4271	0
72	25	302.2306	171.393	0
72	26	596.9401	135.8793	0
72	27	662.8988	127.4711	0
72	28	32.41752	142.7755	0
72	29	596.6381	102.2823	0
72	30	563.6408	100.395	0
72	31	171.9899	178.4065	0
72	32	639.4938	104.6214	0
72	33	663.0349	109.6729	0
72	34	315.0003	125.2128	0
72	35	-145.5088	208.5533	0
72	36	299.5647	124.9066	0
72	37	405.5173	126.5501	0
72	38	216.4593	185.8486	0
72	39	589.3422	111.0313	0
72	40	708.4631	111.5981	0
72	41	359.5515	126.8548	0
72	42	318.0262	134.8704	0
72	43	419.451	123.524	0
73	1	364.0206	121.4121	0
73	2	656.1352	131.0919	0
73	3	365.17	122.3275	0
73	4	446.3565	111.7523	0
73	5	128.2511	154.8336	0
73	6	501.9397	139.7668	0
73	7	354.6564	130.3853	0
73	8	348.846	167.9072	0
73	9	680.6708	124.618	0
73	10	220.7583	147.1972	0
73	11	674.3538	100.4834	0
73	12	609.742	105.0717	0
73	13	401.6807	117.8923	0
73	14	610.3273	126.7086	0
73	15	637.0073	115.2093	0
73	16	480.4415	123.0551	0
73	17	565.6051	112.6748	0
73	18	616.4638	115.0536	0
73	19	261.4904	164.0192	0
73	20	428.9782	151.9249	0
73	21	-68.71282	150.2213	0
73	22	0.1903151	155.4631	0
73	23	458.7187	117.5958	0
73	24	627.3139	105.4265	0
73	25	302.2233	171.3709	0
73	26	596.9305	135.8783	0
73	27	662.9114	127.4696	0
73	28	32.40995	142.772	0
73	29	596.6384	102.2794	0
73	30	563.6505	100.3949	0
73	31	172.0047	178.3806	0
73	32	639.4721	104.6174	0
73	33	663.0388	109.674	0
73	34	314.9999	125.2144	0
73	35	-145.4845	208.5533	0
73	36	299.5736	124.9084	0
73	37	405.5376	126.544	0
73	38	216.4873	185.8423	0
73	39	589.3048	111.0268	0
73	40	708.4095	111.5925	0
73	41	359.5502	126.8575	0
73	42	318.0441	134.8679	0
73	43	419.427	123.5309	0
74	1	364.028	121.4135	0
74	2	656.1379	131.0909	0
74	3	365.1685	122.3303	0
74	4	446.3625	111.7522	0
74	5	128.2842	154.8293	0
74	6	501.9556	139.7852	0
74	7	354.6417	130.4072	0
74	8	348.8559	167.9095	0
74	9	680.6727	124.6173	0
74	10	220.7652	147.1971	0
74	11	674.3536	100.4825	0
74	12	609.7467	105.0723	0
74	13	401.6886	117.8921	0
74	14	610.3293	126.7072	0
74	15	636.9953	115.2049	0
74	16	480.4582	123.0475	0
74	17	565.6019	112.6754	0
74	18	616.4752	115.0594	0
74	19	261.4839	164.0249	0
74	20	428.9791	151.9283	0
74	21	-68.58055	150.2062	0
74	22	0.1939881	155.4649	0
74	23	458.6913	117.5874	0
74	24	627.318	105.4269	0
74	25	302.2195	171.3499	0
74	26	596.9478	135.8777	0
74	27	662.956	127.4693	0
74	28	32.40463	142.7712	0
74	29	596.6328	102.2761	0
74	30	563.6589	100.3952	0
74	31	172.0147	178.3568	0
74	32	639.4496	104.6143	0
74	33	663.0442	109.6756	0
74	34	315.0019	125.2154	0
74	35	-145.4615	208.5541	0
74	36	299.5817	124.9092	0
74	37	405.5513	126.5374	0
74	38	216.5225	185.8348	0
74	39	589.2712	111.0222	0
74	40	708.3529	111.5867	0
74	41	359.5508	126.86	0
74	42	318.0637	134.8659	0
74	43	419.4101	123.5331	0
75	1	364.0348	121.4142	0
75	2	656.142	131.0909	0
75	3	365.1616	122.3351	0
75	4	446.3689	111.7516	0
75	5	128.3126	154.8272	0
75	6	501.9784	139.8049	0
75	7	354.6212	130.4317	0
75	8	348.8646	167.9111	0
75	9	680.6769	124.6176	0
75	10	220.7749	147.1972	0
75	11	674.354	100.4819	0
75	12	609.7505	105.0737	0
75	13	401.6964	117.8921	0
75	14	610.3309	126.7056	0
75	15	636.9783	115.2002	0
75	16	480.4657	123.0386	0
75	17	565.6045	112.6768	0
75	18	616.4941	115.067	0
75	19	261.4654	164.0353	0
75	20	428.9812	151.9321	0
75	21	-68.44727	150.1871	0
75	22	0.1960555	155.465	0
75	23	458.664	117.5805	0
75	24	627.3229	105.428	0
75	25	302.2131	171.3293	0
75	26	596.9776	135.877	0
75	27	662.9882	127.4667	0
75	28	32.40157	142.7724	0
75	29	596.6208	102.2733	0
75	30	563.6647	100.3952	0
75	31	172.0192	178.3366	0
75	32	639.4281	104.6117	0
75	33	663.0532	109.6782	0
75	34	315.007	125.216	0
75	35	-145.4354	208.5554	0
75	36	299.589	124.9094	0
75	37	405.5584	126.5313	0
75	38	216.5585	185.8287	0
75	39	589.2441	111.0186	0
75	40	708.302	111.5809	0
75	41	359.5545	126.8616	0
75	42	318.0796	134.8657	0
75	43	419.397	123.5307	0
76	1	364.0412	121.4142	0
76	2	656.1465	131.092	0
76	3	365.1523	122.3423	0
76	4	446.3759	111.7512	0
76	5	128.3363	154.8271	0
76	6	502.0028	139.829	0
76	7	354.5941	130.4583	0
76	8	348.8728	167.9125	0
76	9	680.6814	124.6189	0
76	10	220.7891	147.197	0
76	11	674.3557	100.4813	0
76	12	609.7557	105.0755	0
76	13	401.7038	117.8925	0
76	14	610.3329	126.7044	0
76	15	636.9586	115.1951	0
76	16	480.4633	123.0312	0
76	17	565.608	112.6784	0
76	18	616.5197	115.0751	0
76	19	261.4389	164.0508	0
76	20	428.9851	151.9352	0
76	21	-68.32955	150.17	0
76	22	0.1984969	155.465	0
76	23	458.6335	117.5736	0
76	24	627.3279	105.4298	0
76	25	302.203	171.3105	0
76	26	597.0002	135.8745	0
76	27	663.0019	127.4609	0
76	28	32.3981	142.7743	0
76	29	596.6083	102.2699	0
76	30	563.6672	100.3943	0
76	31	172.0175	178.3176	0
76	32	639.4056	104.6091	0
76	33	663.0659	109.6827	0
76	34	315.013	125.217	0
76	35	-145.3934	208.5509	0
76	36	299.5964	124.9087	0
76	37	405.5633	126.5247	0
76	38	216.5872	185.8264	0
76	39	589.2247	111.0159	0
76	40	708.2621	111.5764	0
76	41	359.5625	126.8626	0
76	42	318.0917	134.867	0
76	43	419.4398	123.5312	0
77	1	364.048	121.4136	0
77	2	656.1523	131.0942	0
77	3	365.1441	122.3512	0
77	4	446.3843	111.751	0
77	5	128.3466	154.8296	0
77	6	502.0237	139.8557	0
77	7	354.5583	130.4836	0
77	8	348.8809	167.9128	0
77	9	680.6886	124.6215	0
77	10	220.8033	147.197	0
77	11	674.3573	100.481	0
77	12	609.7629	105.0786	0
77	13	401.7098	117.8918	0
77	14	610.3364	126.7031	0
77	15	636.9295	115.188	0
77	16	480.4605	123.0233	0
77	17	565.6124	112.6804	0
77	18	616.5514	115.0841	0
77	19	261.4095	164.0706	0
77	20	428.992	151.9367	0
77	21	-68.21549	150.1527	0
77	22	0.2058209	155.4657	0
77	23	458.5972	117.567	0
77	24	627.3359	105.4323	0
77	25	302.1898	171.2945	0
77	26	597.0131	135.8698	0
77	27	663.0019	127.453	0
77	28	32.39341	142.7766	0
77	29	596.5872	102.265	0
77	30	563.6699	100.3935	0
77	31	172.006	178.2999	0
77	32	639.3808	104.6065	0
77	33	663.0856	109.6887	0
77	34	315.0183	125.2176	0
77	35	-145.3356	208.5404	0
77	36	299.6044	124.9083	0
77	37	405.5573	126.5161	0
77	38	216.6055	185.8278	0
77	39	589.2146	111.0147	0
77	40	708.2336	111.5729	0
77	41	359.5717	126.8641	0
77	42	318.0943	134.8702	0
77	43	419.4864	123.5305	0
78	1	364.0555	121.4132	0
78	2	656.1622	131.0981	0
78	3	365.1375	122.3604	0
78	4	446.3938	111.7509	0
78	5	128.3347	154.8356	0
78	6	502.0391	139.8843	0
78	7	354.515	130.5009	0
78	8	348.8898	167.9128	0
78	9	680.7012	124.6259	0
78	10	220.8175	147.1977	0
78	11	674.3602	100.4815	0
78	12	609.7737	105.0834	0
78	13	401.7153	117.8907	0
78	14	610.34	126.702	0
78	15	636.8956	115.1799	0
78	16	480.4441	123.0132	0
78	17	565.6172	112.6825	0
78	18	616.585	115.0953	0
78	19	261.3788	164.0913	0
78	20	429.002	151.9381	0
78	21	-68.1247	150.1341	0
78	22	0.2252857	155.4657	0
78	23	458.5597	117.5604	0
78	24	627.3467	105.4367	0
78	25	302.1732	171.2794	0
78	26	597.0185	135.8636	0
78	27	662.9872	127.4422	0
78	28	32.38611	142.7793	0
78	29	596.5602	102.2588	0
78	30	563.6735	100.3929	0
78	31	171.9846	178.2827	0
78	32	639.3567	104.6039	0
78	33	663.1126	109.6956	0
78	34	315.0232	125.2181	0
78	35	-145.2779	208.5304	0
78	36	299.6157	124.9082	0
78	37	405.5437	126.5063	0
78	38	216.6023	185.8354	0
78	39	589.2128	111.0154	0
78	40	708.2191	111.5714	0
78	41	359.5799	126.8651	0
78	42	318.0872	134.876	0
78	43	419.5269	123.527	0
79	1	364.0651	121.4131	0
79	2	656.176	131.1047	0
79	3	365.1313	122.3714	0
79	4	446.4033	111.7509	0
79	5	128.3001	154.8468	0
79	6	502.0451	139.911	0
79	7	354.4757	130.5088	0
79	8	348.9006	167.9134	0
79	9	680.7194	124.6332	0
79	10	220.8331	147.1962	0
79	11	674.364	100.4826	0
79	12	609.7912	105.0894	0
79	13	401.7211	117.8897	0
79	14	610.3442	126.7019	0
79	15	636.8644	115.1722	0
79	16	480.4172	123.001	0
79	17	565.6231	112.6841	0
79	18	616.6169	115.1077	0
79	19	261.3463	164.1153	0
79	20	429.0113	151.9401	0
79	21	-68.05437	150.1113	0
79	22	0.2447725	155.4659	0
79	23	458.5266	117.5546	0
79	24	627.3638	105.4431	0
79	25	302.1495	171.2655	0
79	26	597.0156	135.8556	0
79	27	662.9603	127.4318	0
79	28	32.37551	142.782	0
79	29	596.5342	102.2526	0
79	30	563.678	100.3923	0
79	31	171.9625	178.2668	0
79	32	639.3364	104.6016	0
79	33	663.1448	109.7021	0
79	34	315.0277	125.2178	0
79	35	-145.2205	208.5215	0
79	36	299.6306	124.908	0
79	37	405.5303	126.4966	0
79	38	216.5775	185.8509	0
79	39	589.2153	111.0165	0
79	40	708.2167	111.5721	0
79	41	359.5877	126.866	0
79	42	318.0688	134.8864	0
79	43	419.561	123.5215	0
80	1	364.0768	121.4129	0
80	2	656.1972	131.1137	0
80	3	365.122	122.3844	0
80	4	446.4122	111.7514	0
80	5	128.2455	154.8644	0
80	6	502.0397	139.9292	0
80	7	354.4525	130.5113	0
80	8	348.9145	167.9134	0
80	9	680.7476	124.6427	0
80	10	220.8501	147.1929	0
80	11	674.3691	100.4843	0
80	12	609.8145	105.0956	0
80	13	401.7278	117.8889	0
80	14	610.3492	126.7027	0
80	15	636.8321	115.1648	0
80	16	480.3897	122.9886	0
80	17	565.63	112.6858	0
80	18	616.6457	115.1209	0
80	19	261.3079	164.1436	0
80	20	429.0198	151.9413	0
80	21	-67.99674	150.0877	0
80	22	0.2663487	155.4666	0
80	23	458.5001	117.55	0
80	24	627.3896	105.4507	0
80	25	302.1185	171.2518	0
80	26	597.0046	135.8484	0
80	27	662.927	127.4218	0
80	28	32.36419	142.7849	0
80	29	596.5085	102.2469	0
80	30	563.683	100.3923	0
80	31	171.9391	178.2554	0
80	32	639.3212	104.5997	0
80	33	663.1818	109.7107	0
80	34	315.0326	125.2173	0
80	35	-145.1472	208.5104	0
80	36	299.6457	124.9081	0
80	37	405.5175	126.4873	0
80	38	216.528	185.8775	0
80	39	589.2184	111.0179	0
80	40	708.2213	111.5736	0
80	41	359.5953	126.8657	0
80	42	318.0469	134.9007	0
80	43	419.5891	123.514	0
81	1	364.0884	121.4129	0
81	2	656.2267	131.1243	0
81	3	365.1093	122.3986	0
81	4	446.4188	111.7507	0
81	5	128.1806	154.8871	0
81	6	502.0275	139.938	0
81	7	354.4449	130.5078	0
81	8	348.9298	167.9134	0
81	9	680.7856	124.6536	0
81	10	220.8676	147.1899	0
81	11	674.3787	100.4865	0
81	12	609.8428	105.1026	0
81	13	401.7358	117.888	0
81	14	610.354	126.7045	0
81	15	636.7981	115.1582	0
81	16	480.3643	122.9771	0
81	17	565.6383	112.6866	0
81	18	616.6672	115.1323	0
81	19	261.2638	164.174	0
81	20	429.028	151.9418	0
81	21	-67.93449	150.0655	0
81	22	0.2936434	155.4657	0
81	23	458.4826	117.5471	0
81	24	627.4229	105.4583	0
81	25	302.0888	171.2392	0
81	26	596.9903	135.8407	0
81	27	662.8893	127.4114	0
81	28	32.35721	142.7873	0
81	29	596.4811	102.2416	0
81	30	563.6886	100.3929	0
81	31	171.9202	178.2475	0
81	32	639.3118	104.5986	0
81	33	663.2184	109.7206	0
81	34	315.0388	125.2173	0
81	35	-145.0799	208.5024	0
81	36	299.6602	124.9089	0
81	37	405.502	126.4787	0
81	38	216.4686	185.9132	0
81	39	589.2226	111.0194	0
81	40	708.2268	111.5753	0
81	41	359.6037	126.8649	0
81	42	318.0242	134.918	0
81	43	419.6086	123.5043	0
82	1	364.0996	121.4135	0
82	2	656.2618	131.1346	0
82	3	365.0919	122.4132	0
82	4	446.4242	111.7495	0
82	5	128.1082	154.9124	0
82	6	502.0164	139.9404	0
82	7	354.5028	130.5086	0
82	8	348.9443	167.9135	0
82	9	680.8322	124.6652	0
82	10	220.8858	147.1873	0
82	11	674.3922	100.4904	0
82	12	609.8719	105.1114	0
82	13	401.7429	117.8878	0
82	14	610.361	126.7076	0
82	15	636.7641	115.153	0
82	16	480.3358	122.9662	0
82	17	565.6484	112.6872	0
82	18	616.6792	115.1385	0
82	19	261.2124	164.2054	0
82	20	429.0367	151.9416	0
82	21	-67.87722	150.0439	0
82	22	0.3316492	155.4604	0
82	23	458.4749	117.5468	0
82	24	627.4614	105.4677	0
82	25	302.0617	171.23	0
82	26	596.9706	135.8325	0
82	27	662.8358	127.3974	0
82	28	32.35462	142.7883	0
82	29	596.4526	102.2375	0
82	30	563.6935	100.3941	0
82	31	171.908	178.2444	0
82	32	639.3083	104.5986	0
82	33	663.2529	109.7315	0
82	34	315.0472	125.2173	0
82	35	-145.0293	208.4991	0
82	36	299.6747	124.9077	0
82	37	405.4848	126.4716	0
82	38	216.4028	185.9558	0
82	39	589.227	111.0211	0
82	40	708.2345	111.5774	0
82	41	359.6137	126.8648	0
82	42	318.003	134.9347	0
82	43	419.6164	123.4964	0
83	1	364.1095	121.4126	0
83	2	656.3023	131.1478	0
83	3	365.0686	122.4246	0
83	4	446.4301	111.7485	0
83	5	128.0296	154.941	0
83	6	502.0114	139.9373	0
83	7	354.5603	130.507	0
83	8	348.9579	167.9132	0
83	9	680.8831	124.6796	0
83	10	220.9084	147.1843	0
83	11	674.4131	100.4959	0
83	12	609.8992	105.1212	0
83	13	401.7499	117.8883	0
83	14	610.3698	126.713	0
83	15	636.7309	115.1481	0
83	16	480.3044	122.9571	0
83	17	565.6583	112.6882	0
83	18	616.6819	115.1406	0
83	19	261.1548	164.2321	0
83	20	429.0462	151.9416	0
83	21	-67.82487	150.0246	0
83	22	0.3702929	155.4551	0
83	23	458.4748	117.548	0
83	24	627.5001	105.4788	0
83	25	302.041	171.2235	0
83	26	596.9405	135.8219	0
83	27	662.7742	127.3818	0
83	28	32.35825	142.7894	0
83	29	596.4252	102.2339	0
83	30	563.6978	100.3958	0
83	31	171.9035	178.246	0
83	32	639.3094	104.5992	0
83	33	663.2822	109.7418	0
83	34	315.0567	125.2172	0
83	35	-145.0047	208.5013	0
83	36	299.6892	124.9052	0
83	37	405.4669	126.4654	0
83	38	216.3351	186.0023	0
83	39	589.2327	111.0225	0
83	40	708.2433	111.5795	0
83	41	359.6264	126.8647	0
83	42	317.9796	134.9559	0
83	43	419.624	123.4881	0
84	1	364.1188	121.4108	0
84	2	656.3423	131.1627	0
84	3	365.0443	122.4304	0
84	4	446.437	111.7476	0
84	5	127.9391	154.975	0
84	6	502.0641	139.9375	0
84	7	354.6126	130.5017	0
84	8	348.9704	167.9092	0
84	9	680.9329	124.6955	0
84	10	220.9289	147.1827	0
84	11	674.4432	100.5023	0
84	12	609.9233	105.1315	0
84	13	401.7538	117.8896	0
84	14	610.384	126.7209	0
84	15	636.6953	115.1435	0
84	16	480.2737	122.9494	0
84	17	565.6673	112.6887	0
84	18	616.6778	115.1404	0
84	19	261.1002	164.2489	0
84	20	429.0578	151.9418	0
84	21	-67.78256	150.0085	0
84	22	0.4087606	155.4508	0
84	23	458.4767	117.5498	0
84	24	627.5361	105.4912	0
84	25	302.0287	171.2209	0
84	26	596.9064	135.8107	0
84	27	662.7175	127.367	0
84	28	32.36177	142.791	0
84	29	596.3959	102.2304	0
84	30	563.7031	100.3982	0
84	31	171.9003	178.2495	0
84	32	639.3115	104.5999	0
84	33	663.302	109.748	0
84	34	315.0657	125.2174	0
84	35	-145.0332	208.5126	0
84	36	299.704	124.903	0
84	37	405.4457	126.4594	0
84	38	216.2569	186.0577	0
84	39	589.239	111.0237	0
84	40	708.2546	111.5812	0
84	41	359.6406	126.8646	0
84	42	317.9503	134.9801	0
84	43	419.6185	123.4781	0
85	1	364.1285	121.4092	0
85	2	656.38	131.1789	0
85	3	365.0269	122.4324	0
85	4	446.4452	111.7466	0
85	5	127.8398	155.0116	0
85	6	502.1105	139.9352	0
85	7	354.66	130.4939	0
85	8	348.9834	167.9051	0
85	9	680.9798	124.7127	0
85	10	220.9461	147.1827	0
85	11	674.4805	100.5085	0
85	12	609.9401	105.1396	0
85	13	401.7538	117.8916	0
85	14	610.4055	126.7304	0
85	15	636.6567	115.1388	0
85	16	480.2398	122.9419	0
85	17	565.676	112.6892	0
85	18	616.6824	115.1395	0
85	19	261.0634	164.2565	0
85	20	429.071	151.9416	0
85	21	-67.74878	149.993	0
85	22	0.4565978	155.4456	0
85	23	458.4787	117.5519	0
85	24	627.5674	105.5035	0
85	25	302.0252	171.2221	0
85	26	596.8753	135.8002	0
85	27	662.659	127.3527	0
85	28	32.36496	142.7919	0
85	29	596.3633	102.2269	0
85	30	563.7097	100.4025	0
85	31	171.8968	178.2538	0
85	32	639.314	104.6008	0
85	33	663.311	109.7503	0
85	34	315.0744	125.2176	0
85	35	-145.1195	208.536	0
85	36	299.7202	124.901	0
85	37	405.4195	126.4535	0
85	38	216.1672	186.118	0
85	39	589.2464	111.0242	0
85	40	708.2662	111.5828	0
85	41	359.654	126.8648	0
85	42	317.9146	135.0064	0
85	43	419.6002	123.4653	0
86	1	364.1394	121.4078	0
86	2	656.4119	131.1942	0
86	3	365.0176	122.4314	0
86	4	446.4528	111.7466	0
86	5	127.7298	155.05	0
86	6	502.1459	139.9288	0
86	7	354.7018	130.4836	0
86	8	348.9968	167.9017	0
86	9	681.0189	124.7283	0
86	10	220.9553	147.1846	0
86	11	674.5233	100.5164	0
86	12	609.9486	105.1432	0
86	13	401.7505	117.8951	0
86	14	610.4317	126.7395	0
86	15	636.6213	115.1341	0
86	16	480.1994	122.9345	0
86	17	565.6848	112.6887	0
86	18	616.7115	115.1397	0
86	19	261.0471	164.2559	0
86	20	429.0844	151.9416	0
86	21	-67.72907	149.9785	0
86	22	0.5052708	155.4417	0
86	23	458.4811	117.5543	0
86	24	627.5886	105.512	0
86	25	302.0246	171.2249	0
86	26	596.8423	135.7899	0
86	27	662.5976	127.3398	0
86	28	32.3674	142.7922	0
86	29	596.332	102.2233	0
86	30	563.7213	100.4081	0
86	31	171.891	178.2592	0
86	32	639.3173	104.6018	0
86	33	663.311	109.7506	0
86	34	315.0829	125.2162	0
86	35	-145.2632	208.5741	0
86	36	299.7402	124.8988	0
86	37	405.3933	126.4476	0
86	38	216.0655	186.1821	0
86	39	589.2551	111.0247	0
86	40	708.2785	111.5836	0
86	41	359.6665	126.865	0
86	42	317.871	135.0322	0
86	43	419.578	123.452	0
87	1	364.1524	121.4063	0
87	2	656.4332	131.2047	0
87	3	365.0391	122.4311	0
87	4	446.4607	111.7472	0
87	5	127.6126	155.0839	0
87	6	502.1717	139.9197	0
87	7	354.734	130.4712	0
87	8	349.0134	167.8977	0
87	9	681.0453	124.7379	0
87	10	220.9501	147.1891	0
87	11	674.5658	100.5258	0
87	12	609.9496	105.144	0
87	13	401.7457	117.9005	0
87	14	610.463	126.7509	0
87	15	636.5926	115.1306	0
87	16	480.1592	122.9272	0
87	17	565.6941	112.688	0
87	18	616.7341	115.1387	0
87	19	261.0751	164.2541	0
87	20	429.097	151.9423	0
87	21	-67.72137	149.9644	0
87	22	0.541759	155.4408	0
87	23	458.4829	117.5563	0
87	24	627.5983	105.5152	0
87	25	302.0242	171.2283	0
87	26	596.8074	135.7808	0
87	27	662.536	127.3292	0
87	28	32.36968	142.7919	0
87	29	596.3055	102.2202	0
87	30	563.7382	100.4142	0
87	31	171.8812	178.2652	0
87	32	639.321	104.6026	0
87	33	663.302	109.749	0
87	34	315.0916	125.2146	0
87	35	-145.4453	208.6245	0
87	36	299.7587	124.898	0
87	37	405.3703	126.4429	0
87	38	215.9518	186.2433	0
87	39	589.2634	111.0255	0
87	40	708.2914	111.5841	0
87	41	359.6777	126.8628	0
87	42	317.8208	135.0509	0
87	43	419.5594	123.4398	0
88	1	364.1644	121.4059	0
88	2	656.4427	131.2096	0
88	3	365.0737	122.4308	0
88	4	446.4656	111.7487	0
88	5	127.5021	155.1058	0
88	6	502.1877	139.9079	0
88	7	354.7537	130.4608	0
88	8	349.0314	167.8944	0
88	9	681.057	124.7419	0
88	10	220.9307	147.1972	0
88	11	674.6062	100.5363	0
88	12	609.9439	105.1433	0
88	13	401.7422	117.9074	0
88	14	610.4944	126.7643	0
88	15	636.572	115.1278	0
88	16	480.1244	122.921	0
88	17	565.7048	112.6877	0
88	18	616.7465	115.1362	0
88	19	261.1284	164.2523	0
88	20	429.107	151.9406	0
88	21	-67.71812	149.9514	0
88	22	0.5635112	155.4427	0
88	23	458.4861	117.5586	0
88	24	627.5995	105.5159	0
88	25	302.023	171.2325	0
88	26	596.7729	135.7733	0
88	27	662.4768	127.3195	0
88	28	32.37261	142.7918	0
88	29	596.2859	102.2178	0
88	30	563.7595	100.42	0
88	31	171.8698	178.2716	0
88	32	639.3256	104.6034	0
88	33	663.3293	109.7497	0
88	34	315.1006	125.2134	0
88	35	-145.6587	208.6834	0
88	36	299.7751	124.8985	0
88	37	405.3521	126.4392	0
88	38	215.8341	186.2895	0
88	39	589.2711	111.026	0
88	40	708.3033	111.5852	0
88	41	359.6892	126.8604	0
88	42	317.7759	135.0605	0
88	43	419.5377	123.4278	0
89	1	364.1756	121.4064	0
89	2	656.4424	131.211	0
89	3	365.1063	122.4289	0
89	4	446.467	111.7509	0
89	5	127.4266	155.1161	0
89	6	502.1923	139.8944	0
89	7	354.7721	130.4498	0
89	8	349.0462	167.8933	0
89	9	681.0563	124.7425	0
89	10	220.8987	147.2104	0
89	11	674.6417	100.5464	0
89	12	609.955	105.143	0
89	13	401.74	117.9142	0
89	14	610.5236	126.779	0
89	15	636.5609	115.1264	0
89	16	480.0968	122.916	0
89	17	565.7155	112.6876	0
89	18	616.7513	115.1324	0
89	19	261.1827	164.247	0
89	20	429.1152	151.9375	0
89	21	-67.72529	149.9417	0
89	22	0.552954	155.4487	0
89	23	458.4908	117.5605	0
89	24	627.5889	105.5143	0
89	25	302.0196	171.2374	0
89	26	596.7383	135.7661	0
89	27	662.4134	127.3103	0
89	28	32.37859	142.7919	0
89	29	596.274	102.2163	0
89	30	563.7833	100.4279	0
89	31	171.8628	178.2772	0
89	32	639.3303	104.604	0
89	33	663.35	109.7495	0
89	34	315.1118	125.2121	0
89	35	-145.8943	208.7491	0
89	36	299.7842	124.9007	0
89	37	405.3407	126.4372	0
89	38	215.7404	186.3155	0
89	39	589.2784	111.0263	0
89	40	708.3141	111.5857	0
89	41	359.7012	126.8587	0
89	42	317.7481	135.0637	0
89	43	419.5126	123.4177	0
90	1	364.1821	121.4082	0
90	2	656.4319	131.2088	0
90	3	365.1353	122.4254	0
90	4	446.466	111.7546	0
90	5	127.3972	155.1171	0
90	6	502.1858	139.8825	0
90	7	354.7731	130.4363	0
90	8	349.0574	167.8942	0
90	9	681.0538	124.7408	0
90	10	220.8612	147.2275	0
90	11	674.667	100.5526	0
90	12	609.9805	105.1432	0
90	13	401.7392	117.9221	0
90	14	610.5484	126.7936	0
90	15	636.5583	115.127	0
90	16	480.0793	122.913	0
90	17	565.7278	112.6875	0
90	18	616.7477	115.1272	0
90	19	261.2359	164.2379	0
90	20	429.124	151.9346	0
90	21	-67.73329	149.9349	0
90	22	0.5065464	155.4603	0
90	23	458.4983	117.5609	0
90	24	627.6152	105.5147	0
90	25	302.0159	171.2423	0
90	26	596.7004	135.7594	0
90	27	662.3447	127.3011	0
90	28	32.38965	142.7917	0
90	29	596.27	102.2165	0
90	30	563.8057	100.437	0
90	31	171.8617	178.2807	0
90	32	639.3358	104.6041	0
90	33	663.3616	109.7478	0
90	34	315.1241	125.2111	0
90	35	-146.1622	208.8262	0
90	36	299.7813	124.9046	0
90	37	405.3363	126.4373	0
90	38	215.692	186.3246	0
90	39	589.2861	111.0258	0
90	40	708.3247	111.5861	0
90	41	359.716	126.8567	0
90	42	317.7338	135.0603	0
90	43	419.487	123.4094	0
91	1	364.1814	121.4112	0
91	2	656.4629	131.2093	0
91	3	365.1611	122.4206	0
91	4	446.464	111.7604	0
91	5	127.4249	155.1144	0
91	6	502.1783	139.8704	0
91	7	354.7603	130.4201	0
91	8	349.06	167.8983	0
91	9	681.0872	124.7411	0
91	10	220.8203	147.2462	0
91	11	674.6797	100.5544	0
91	12	609.9997	105.1425	0
91	13	401.7369	117.9319	0
91	14	610.5642	126.8044	0
91	15	636.5609	115.1281	0
91	16	480.0723	122.9128	0
91	17	565.7383	112.6878	0
91	18	616.7368	115.1219	0
91	19	261.287	164.226	0
91	20	429.1342	151.9321	0
91	21	-67.74024	149.9327	0
91	22	0.4209453	155.4802	0
91	23	458.508	117.5618	0
91	24	627.6439	105.5149	0
91	25	302.0148	171.2467	0
91	26	596.6597	135.7527	0
91	27	662.2821	127.292	0
91	28	32.40034	142.7917	0
91	29	596.2714	102.2173	0
91	30	563.8253	100.4471	0
91	31	171.8688	178.2833	0
91	32	639.3414	104.6045	0
91	33	663.3649	109.7452	0
91	34	315.1341	125.2112	0
91	35	-146.4508	208.9089	0
91	36	299.7676	124.9114	0
91	37	405.3365	126.4385	0
91	38	215.6915	186.3179	0
91	39	589.2943	111.0252	0
91	40	708.3356	111.5855	0
91	41	359.7322	126.8553	0
91	42	317.7861	135.0609	0
91	43	419.4587	123.4012	0
92	1	364.1746	121.4163	0
92	2	656.4864	131.2083	0
92	3	365.1821	122.4141	0
92	4	446.4648	111.7679	0
92	5	127.4995	155.113	0
92	6	502.1545	139.8554	0
92	7	354.745	130.4037	0
92	8	349.0543	167.9065	0
92	9	681.1113	124.7399	0
92	10	220.7777	147.2666	0
92	11	674.6826	100.5546	0
92	12	610.0101	105.1406	0
92	13	401.732	117.9427	0
92	14	610.5707	126.8098	0
92	15	636.5642	115.1294	0
92	16	480.0732	122.9142	0
92	17	565.7467	112.6881	0
92	18	616.721	115.1172	0
92	19	261.3336	164.211	0
92	20	429.1462	151.929	0
92	21	-67.74469	149.9345	0
92	22	0.3123384	155.5068	0
92	23	458.5168	117.5632	0
92	24	627.6632	105.5134	0
92	25	302.0177	171.2495	0
92	26	596.623	135.7464	0
92	27	662.2316	127.2851	0
92	28	32.41169	142.7923	0
92	29	596.2739	102.2184	0
92	30	563.8391	100.4562	0
92	31	171.8774	178.2863	0
92	32	639.3464	104.605	0
92	33	663.3604	109.7416	0
92	34	315.1415	125.2121	0
92	35	-146.7596	208.996	0
92	36	299.7439	124.9224	0
92	37	405.3375	126.4401	0
92	38	215.7821	186.3169	0
92	39	589.3035	111.0251	0
92	40	708.3476	111.5847	0
92	41	359.7456	126.8553	0
92	42	317.8434	135.0595	0
92	43	419.4234	123.3936	0
93	1	364.1633	121.4245	0
93	2	656.5001	131.2051	0
93	3	365.1952	122.4084	0
93	4	446.4679	111.7753	0
93	5	127.5816	155.1077	0
93	6	502.1186	139.8381	0
93	7	354.7328	130.3884	0
93	8	349.0393	167.9209	0
93	9	681.1224	124.7363	0
93	10	220.7282	147.2916	0
93	11	674.6703	100.5529	0
93	12	610.0137	105.1379	0
93	13	401.7234	117.9541	0
93	14	610.5703	126.8117	0
93	15	636.5687	115.131	0
93	16	480.0759	122.9161	0
93	17	565.7498	112.6867	0
93	18	616.7031	115.1121	0
93	19	261.3698	164.1972	0
93	20	429.1579	151.9275	0
93	21	-67.75102	149.9376	0
93	22	0.1848825	155.5384	0
93	23	458.525	117.5638	0
93	24	627.672	105.5108	0
93	25	302.0259	171.2516	0
93	26	596.5938	135.7417	0
93	27	662.1952	127.2797	0
93	28	32.42748	142.791	0
93	29	596.277	102.2196	0
93	30	563.8446	100.4611	0
93	31	171.8849	178.2884	0
93	32	639.3513	104.6053	0
93	33	663.3492	109.7373	0
93	34	315.1429	125.214	0
93	35	-147.0768	209.0773	0
93	36	299.7185	124.9365	0
93	37	405.3384	126.442	0
93	38	215.8801	186.309	0
93	39	589.3124	111.0251	0
93	40	708.3607	111.5845	0
93	41	359.756	126.8566	0
93	42	317.8978	135.0545	0
93	43	419.3854	123.3858	0
94	1	364.1527	121.435	0
94	2	656.5044	131.2004	0
94	3	365.2067	122.4026	0
94	4	446.4737	111.7837	0
94	5	127.6682	155.0975	0
94	6	502.0829	139.821	0
94	7	354.7164	130.3737	0
94	8	349.0224	167.9405	0
94	9	681.1227	124.7313	0
94	10	220.6722	147.3188	0
94	11	674.7	100.5537	0
94	12	610.0099	105.1339	0
94	13	401.71	117.9634	0
94	14	610.5593	126.8101	0
94	15	636.5737	115.1327	0
94	16	480.0788	122.9184	0
94	17	565.7527	112.6852	0
94	18	616.6752	115.1048	0
94	19	261.4025	164.1823	0
94	20	429.1693	151.9274	0
94	21	-67.75907	149.9414	0
94	22	0.04675949	155.5724	0
94	23	458.5328	117.5637	0
94	24	627.6722	105.507	0
94	25	302.035	171.2539	0
94	26	596.5733	135.7383	0
94	27	662.1755	127.2771	0
94	28	32.44651	142.7887	0
94	29	596.2809	102.221	0
94	30	563.8436	100.4623	0
94	31	171.8917	178.2901	0
94	32	639.3561	104.6051	0
94	33	663.3304	109.7338	0
94	34	315.1383	125.2173	0
94	35	-147.3707	209.1377	0
94	36	299.6926	124.952	0
94	37	405.339	126.4441	0
94	38	215.9783	186.2924	0
94	39	589.3227	111.025	0
94	40	708.3722	111.5844	0
94	41	359.759	126.8595	0
94	42	317.9492	135.047	0
94	43	419.3516	123.3788	0
95	1	364.143	121.4458	0
95	2	656.5002	131.1943	0
95	3	365.2105	122.3962	0
95	4	446.4786	111.7943	0
95	5	127.7568	155.0837	0
95	6	502.0491	139.8047	0
95	7	354.6961	130.3613	0
95	8	349.0061	167.9644	0
95	9	681.1125	124.7244	0
95	10	220.6083	147.3478	0
95	11	674.7236	100.554	0
95	12	609.9993	105.1303	0
95	13	401.694	117.9682	0
95	14	610.5831	126.8102	0
95	15	636.58	115.1342	0
95	16	480.0821	122.921	0
95	17	565.7563	112.6841	0
95	18	616.6416	115.0964	0
95	19	261.4246	164.1673	0
95	20	429.1767	151.9293	0
95	21	-67.77319	149.946	0
95	22	-0.1110703	155.6134	0
95	23	458.5414	117.563	0
95	24	627.6635	105.5018	0
95	25	302.0431	171.2556	0
95	26	596.5629	135.737	0
95	27	662.1709	127.2779	0
95	28	32.46562	142.7865	0
95	29	596.2854	102.222	0
95	30	563.8387	100.4622	0
95	31	171.8981	178.2906	0
95	32	639.3614	104.6047	0
95	33	663.3119	109.7296	0
95	34	315.1264	125.2231	0
95	35	-147.5749	209.1712	0
95	36	299.667	124.9692	0
95	37	405.3392	126.446	0
95	38	216.0766	186.2692	0
95	39	589.3313	111.0253	0
95	40	708.3856	111.5843	0
95	41	359.7548	126.8644	0
95	42	317.9962	135.0371	0
95	43	419.3234	123.3733	0
96	1	364.1348	121.4578	0
96	2	656.4883	131.1871	0
96	3	365.2043	122.3876	0
96	4	446.4808	111.8062	0
96	5	127.8451	155.0658	0
96	6	502.0118	139.7894	0
96	7	354.6745	130.3509	0
96	8	348.9919	167.9885	0
96	9	681.0932	124.7169	0
96	10	220.5375	147.3739	0
96	11	674.7371	100.5527	0
96	12	609.986	105.1269	0
96	13	401.6811	117.9699	0
96	14	610.609	126.8097	0
96	15	636.587	115.1355	0
96	16	480.085	122.9232	0
96	17	565.7618	112.683	0
96	18	616.6105	115.0883	0
96	19	261.432	164.1493	0
96	20	429.1784	151.9336	0
96	21	-67.79443	149.9509	0
96	22	-0.2845598	155.6585	0
96	23	458.5509	117.5627	0
96	24	627.6454	105.4978	0
96	25	302.0507	171.257	0
96	26	596.5614	135.7379	0
96	27	662.1757	127.2798	0
96	28	32.485	142.7846	0
96	29	596.2909	102.223	0
96	30	563.8342	100.4608	0
96	31	171.9053	178.2909	0
96	32	639.3671	104.6044	0
96	33	663.2852	109.7241	0
96	34	315.1123	125.2311	0
96	35	-147.658	209.1806	0
96	36	299.6359	124.9904	0
96	37	405.3406	126.4479	0
96	38	216.1722	186.2399	0
96	39	589.3374	111.0254	0
96	40	708.3961	111.5846	0
96	41	359.7422	126.8731	0
96	42	318.0356	135.025	0
96	43	419.304	123.3695	0
97	1	364.124	121.4728	0
97	2	656.468	131.1808	0
97	3	365.1934	122.3783	0
97	4	446.4789	111.8188	0
97	5	127.9211	155.048	0
97	6	501.9711	139.7763	0
97	7	354.6483	130.3406	0
97	8	348.9762	168.0182	0
97	9	681.0666	124.7104	0
97	10	220.4678	147.3908	0
97	11	674.7403	100.5506	0
97	12	609.969	105.123	0
97	13	401.6726	117.9694	0
97	14	610.6273	126.8073	0
97	15	636.5946	115.1363	0
97	16	480.0894	122.9257	0
97	17	565.7676	112.6823	0
97	18	616.5788	115.0805	0
97	19	261.4309	164.1304	0
97	20	429.1759	151.9416	0
97	21	-67.81907	149.9561	0
97	22	-0.4722136	155.7068	0
97	23	458.562	117.5625	0
97	24	627.6276	105.4935	0
97	25	302.0581	171.2572	0
97	26	596.5641	135.7394	0
97	27	662.1818	127.2823	0
97	28	32.5095	142.7823	0
97	29	596.2968	102.2238	0
97	30	563.8643	100.4616	0
97	31	171.9156	178.2917	0
97	32	639.373	104.6043	0
97	33	663.2518	109.7171	0
97	34	315.0981	125.2406	0
97	35	-147.6221	209.1727	0
97	36	299.5987	125.0135	0
97	37	405.3437	126.4493	0
97	38	216.2556	186.2068	0
97	39	589.3392	111.0242	0
97	40	708.4028	111.5847	0
97	41	359.7282	126.885	0
97	42	318.062	135.0146	0
97	43	419.2948	123.3687	0
98	1	364.1092	121.4895	0
98	2	656.4479	131.174	0
98	3	365.1852	122.3696	0
98	4	446.4707	111.8292	0
98	5	127.9907	155.0307	0
98	6	501.9317	139.765	0
98	7	354.6132	130.3308	0
98	8	348.9552	168.0514	0
98	9	681.04	124.7035	0
98	10	220.4172	147.3989	0
98	11	674.7349	100.5476	0
98	12	609.9432	105.117	0
98	13	401.6841	117.9689	0
98	14	610.6369	126.8034	0
98	15	636.6031	115.1368	0
98	16	480.0955	122.9276	0
98	17	565.7737	112.6826	0
98	18	616.5452	115.0735	0
98	19	261.4329	164.1125	0
98	20	429.1709	151.9545	0
98	21	-67.83601	149.9604	0
98	22	-0.6699847	155.7526	0
98	23	458.5745	117.5623	0
98	24	627.6019	105.488	0
98	25	302.0664	171.2573	0
98	26	596.5674	135.7412	0
98	27	662.1901	127.2852	0
98	28	32.53055	142.7813	0
98	29	596.304	102.2239	0
98	30	563.8894	100.4616	0
98	31	171.9326	178.2916	0
98	32	639.379	104.6042	0
98	33	663.2185	109.71	0
98	34	315.0849	125.2504	0
98	35	-147.4952	209.1688	0
98	36	299.5537	125.0382	0
98	37	405.3494	126.4499	0
98	38	216.3219	186.1764	0
98	39	589.3412	111.0231	0
98	40	708.4015	111.5833	0
98	41	359.7151	126.8995	0
98	42	318.0875	135.0032	0
98	43	419.2943	123.37	0
99	1	364.0888	121.5072	0
99	2	656.4186	131.1656	0
99	3	365.1752	122.3612	0
99	4	446.4578	111.8345	0
99	5	128.0466	155.0135	0
99	6	501.8884	139.754	0
99	7	354.576	130.321	0
99	8	348.928	168.0869	0
99	9	681.0021	124.6944	0
99	10	220.3932	147.4	0
99	11	674.7211	100.5433	0
99	12	609.9132	105.1101	0
99	13	401.712	117.9688	0
99	14	610.6393	126.7983	0
99	15	636.6116	115.1377	0
99	16	480.1046	122.928	0
99	17	565.7796	112.6838	0
99	18	616.5109	115.0679	0
99	19	261.4324	164.0949	0
99	20	429.1689	151.9711	0
99	21	-67.84441	149.9625	0
99	22	-0.8615534	155.7856	0
99	23	458.5868	117.5623	0
99	24	627.5664	105.4802	0
99	25	302.0769	171.258	0
99	26	596.5721	135.7434	0
99	27	662.1996	127.2885	0
99	28	32.54718	142.7814	0
99	29	596.3115	102.2245	0
99	30	563.9069	100.4603	0
99	31	171.9502	178.2917	0
99	32	639.3848	104.6042	0
99	33	663.1865	109.7034	0
99	34	315.07	125.2626	0
99	35	-147.3374	209.1556	0
99	36	299.5002	125.0599	0
99	37	405.3566	126.4509	0
99	38	216.3829	186.1461	0
99	39	589.3438	111.0222	0
99	40	708.4002	111.5818	0
99	41	359.7042	126.9132	0
99	42	318.0974	134.9899	0
99	43	419.2962	123.3719	0
100	1	364.0616	121.5224	0
100	2	656.3817	131.1556	0
100	3	365.1629	122.3539	0
100	4	446.4456	111.8362	0
100	5	128.0822	154.9922	0
100	6	501.8376	139.7434	0
100	7	354.5428	130.3127	0
100	8	348.8929	168.1216	0
100	9	680.957	124.6837	0
100	10	220.4067	147.3974	0
100	11	674.6989	100.5403	0
100	12	609.8862	105.1037	0
100	13	401.7381	117.9678	0
100	14	610.6341	126.7918	0
100	15	636.6192	115.1382	0
100	16	480.1151	122.929	0
100	17	565.7845	112.686	0
100	18	616.4778	115.0628	0
100	19	261.4285	164.0789	0
100	20	429.1698	151.9892	0
100	21	-67.84124	149.9644	0
100	22	-1.005527	155.8027	0
100	23	458.5982	117.563	0
100	24	627.5285	105.4718	0
100	25	302.091	171.2579	0
100	26	596.5769	135.7458	0
100	27	662.2116	127.2914	0
100	28	32.55441	142.783	0
100	29	596.3182	102.2251	0
100	30	563.9177	100.4582	0
100	31	171.9684	178.2921	0
100	32	639.3898	104.6046	0
100	33	663.1528	109.6971	0
100	34	315.0512	125.2764	0
100	35	-147.1529	209.1305	0
100	36	299.4442	125.0725	0
100	37	405.3629	126.4518	0
100	38	216.4164	186.1123	0
100	39	589.3476	111.0213	0
100	40	708.4	111.5808	0
100	41	359.6924	126.9308	0
100	42	318.093	134.9739	0
100	43	419.2981	123.3742	0
101	1	364.0313	121.5309	0
101	2	656.3448	131.1455	0
101	3	365.1492	122.3479	0
101	4	446.4361	111.8357	0
101	5	128.1039	154.9692	0
101	6	501.7876	139.7331	0
101	7	354.5147	130.3061	0
101	8	348.8506	168.148	0
101	9	680.9139	124.6733	0
101	10	220.4639	147.3968	0
101	11	674.6779	100.5368	0
101	12	609.8577	105.0976	0
101	13	401.7605	117.9654	0
101	14	610.6207	126.7863	0
101	15	636.6265	115.1387	0
101	16	480.1244	122.9304	0
101	17	565.791	112.6892	0
101	18	616.4422	115.058	0
101	19	261.4215	164.0654	0
101	20	429.1741	152.0091	0
101	21	-67.83706	149.967	0
101	22	-1.07472	155.8083	0
101	23	458.6063	117.5618	0
101	24	627.4937	105.4641	0
101	25	302.1062	171.258	0
101	26	596.5832	135.7481	0
101	27	662.2249	127.2941	0
101	28	32.54432	142.7865	0
101	29	596.3246	102.2255	0
101	30	563.9216	100.4551	0
101	31	171.9882	178.2907	0
101	32	639.3911	104.6041	0
101	33	663.1177	109.692	0
101	34	315.0282	125.2914	0
101	35	-146.9487	209.0967	0
101	36	299.4015	125.0775	0
101	37	405.369	126.4524	0
101	38	216.4292	186.075	0
101	39	589.3517	111.0209	0
101	40	708.4008	111.5796	0
101	41	359.676	126.951	0
101	42	318.0837	134.9574	0
101	43	419.3001	123.3769	0
102	1	364.0073	121.5341	0
102	2	656.3095	131.1361	0
102	3	365.1341	122.3422	0
102	4	446.4462	111.8349	0
102	5	128.1279	154.9472	0
102	6	501.7446	139.7245	0
102	7	354.4961	130.302	0
102	8	348.8122	168.1629	0
102	9	680.8713	124.6634	0
102	10	220.5246	147.3935	0
102	11	674.6487	100.532	0
102	12	609.8276	105.0923	0
102	13	401.7799	117.962	0
102	14	610.6064	126.7801	0
102	15	636.6341	115.1383	0
102	16	480.1334	122.931	0
102	17	565.7982	112.6951	0
102	18	616.4029	115.0531	0
102	19	261.4109	164.0527	0
102	20	429.1773	152.0333	0
102	21	-67.83385	149.9684	0
102	22	-1.067418	155.8029	0
102	23	458.613	117.5601	0
102	24	627.457	105.4567	0
102	25	302.121	171.2582	0
102	26	596.59	135.7501	0
102	27	662.239	127.2958	0
102	28	32.51632	142.7927	0
102	29	596.3311	102.2252	0
102	30	563.9191	100.4515	0
102	31	172.0116	178.2852	0
102	32	639.3915	104.6035	0
102	33	663.0844	109.6878	0
102	34	315.0003	125.306	0
102	35	-146.7302	209.0541	0
102	36	299.3807	125.0778	0
102	37	405.3748	126.4523	0
102	38	216.4378	186.0385	0
102	39	589.3566	111.0213	0
102	40	708.4018	111.579	0
102	41	359.654	126.9731	0
102	42	318.0777	134.942	0
102	43	419.3009	123.3794	0
103	1	363.9933	121.5339	0
103	2	656.2722	131.1271	0
103	3	365.1144	122.3369	0
103	4	446.4787	111.8351	0
103	5	128.1506	154.9258	0
103	6	501.7112	139.7179	0
103	7	354.4879	130.3017	0
103	8	348.7882	168.1686	0
103	9	680.8266	124.6542	0
103	10	220.5856	147.3864	0
103	11	674.6115	100.5253	0
103	12	609.7974	105.0881	0
103	13	401.7951	117.9575	0
103	14	610.5852	126.773	0
103	15	636.6425	115.1378	0
103	16	480.1418	122.9309	0
103	17	565.8108	112.7031	0
103	18	616.3665	115.0482	0
103	19	261.3936	164.0409	0
103	20	429.1765	152.0597	0
103	21	-67.83222	149.9694	0
103	22	-0.9738114	155.8029	0
103	23	458.6203	117.5586	0
103	24	627.4177	105.4506	0
103	25	302.1353	171.2573	0
103	26	596.5981	135.7512	0
103	27	662.2546	127.2968	0
103	28	32.47215	142.8027	0
103	29	596.3381	102.2245	0
103	30	563.9092	100.4487	0
103	31	172.0359	178.2798	0
103	32	639.3923	104.603	0
103	33	663.0498	109.6836	0
103	34	314.968	125.3163	0
103	35	-146.5246	209.0093	0
103	36	299.3955	125.0759	0
103	37	405.3812	126.4518	0
103	38	216.4504	186.0034	0
103	39	589.361	111.0224	0
103	40	708.4051	111.5795	0
103	41	359.6247	126.9945	0
103	42	318.0676	134.9271	0
103	43	419.303	123.382	0
104	1	364.0053	121.5326	0
104	2	656.2332	131.1195	0
104	3	365.0908	122.3315	0
104	4	446.5083	111.8343	0
104	5	128.1684	154.9061	0
104	6	501.6902	139.7139	0
104	7	354.4876	130.3033	0
104	8	348.774	168.164	0
104	9	680.7805	124.6466	0
104	10	220.6461	147.3766	0
104	11	674.5735	100.5181	0
104	12	609.768	105.0842	0
104	13	401.8045	117.9534	0
104	14	610.5551	126.764	0
104	15	636.6517	115.1376	0
104	16	480.151	122.9303	0
104	17	565.8311	112.7127	0
104	18	616.3365	115.0443	0
104	19	261.3696	164.0293	0
104	20	429.17	152.0876	0
104	21	-67.83174	149.9692	0
104	22	-0.8614215	155.7982	0
104	23	458.6292	117.5572	0
104	24	627.3799	105.4457	0
104	25	302.1497	171.2531	0
104	26	596.6073	135.752	0
104	27	662.2695	127.2984	0
104	28	32.41779	142.8156	0
104	29	596.3459	102.2242	0
104	30	563.8987	100.4452	0
104	31	172.0604	178.2752	0
104	32	639.394	104.6025	0
104	33	663.012	109.6794	0
104	34	314.939	125.321	0
104	35	-146.3322	208.9661	0
104	36	299.4541	125.0759	0
104	37	405.3884	126.4517	0
104	38	216.4559	185.9697	0
104	39	589.3653	111.0242	0
104	40	708.4095	111.5808	0
104	41	359.5884	127.0097	0
104	42	318.0542	134.9142	0
104	43	419.307	123.3843	0
105	1	364.0479	121.5327	0
105	2	656.1964	131.1131	0
105	3	365.0692	122.3262	0
105	4	446.5324	111.8319	0
105	5	128.1803	154.8894	0
105	6	501.6822	139.7137	0
105	7	354.489	130.3058	0
105	8	348.829	168.1643	0
105	9	680.7369	124.6399	0
105	10	220.7039	147.364	0
105	11	674.5377	100.5117	0
105	12	609.7357	105.0806	0
105	13	401.8108	117.9489	0
105	14	610.5228	126.7545	0
105	15	636.6603	115.1375	0
105	16	480.161	122.9301	0
105	17	565.858	112.7222	0
105	18	616.3145	115.0412	0
105	19	261.3461	164.0185	0
105	20	429.155	152.1125	0
105	21	-67.83086	149.9692	0
105	22	-0.7365829	155.7868	0
105	23	458.6393	117.5558	0
105	24	627.3416	105.4409	0
105	25	302.1647	171.2488	0
105	26	596.6162	135.7534	0
105	27	662.2831	127.2994	0
105	28	32.35638	142.8294	0
105	29	596.3539	102.224	0
105	30	563.8789	100.4399	0
105	31	172.0905	178.2697	0
105	32	639.3954	104.6021	0
105	33	662.9752	109.6753	0
105	34	314.9218	125.3225	0
105	35	-146.1609	208.9243	0
105	36	299.5133	125.0737	0
105	37	405.3973	126.4516	0
105	38	216.4556	185.9395	0
105	39	589.3718	111.027	0
105	40	708.4171	111.5832	0
105	41	359.5544	127.0169	0
105	42	318.0383	134.9036	0
105	43	419.3144	123.3849	0
106	1	364.0892	121.5312	0
106	2	656.158	131.1068	0
106	3	365.0503	122.3223	0
106	4	446.552	111.8285	0
106	5	128.1869	154.8741	0
106	6	501.6837	139.7156	0
106	7	354.4899	130.3087	0
106	8	348.8842	168.1609	0
106	9	680.6912	124.6335	0
106	10	220.7522	147.3514	0
106	11	674.5	100.5055	0
106	12	609.7005	105.0767	0
106	13	401.8127	117.9442	0
106	14	610.4931	126.7458	0
106	15	636.6702	115.1374	0
106	16	480.1727	122.9301	0
106	17	565.8887	112.7342	0
106	18	616.3019	115.0396	0
106	19	261.3239	164.0107	0
106	20	429.1336	152.1287	0
106	21	-67.82448	149.9696	0
106	22	-0.6007912	155.7707	0
106	23	458.6488	117.5556	0
106	24	627.2995	105.4364	0
106	25	302.1801	171.2453	0
106	26	596.6243	135.7541	0
106	27	662.2965	127.3003	0
106	28	32.28941	142.8447	0
106	29	596.3625	102.2238	0
106	30	563.8521	100.4333	0
106	31	172.1208	178.2656	0
106	32	639.3975	104.6023	0
106	33	662.944	109.6717	0
106	34	314.9138	125.3204	0
106	35	-146.0244	208.8772	0
106	36	299.5692	125.0684	0
106	37	405.4074	126.4514	0
106	38	216.4498	185.9135	0
106	39	589.3797	111.032	0
106	40	708.4316	111.5868	0
106	41	359.5326	127.0193	0
106	42	318.018	134.893	0
106	43	419.3245	123.3859	0
107	1	364.1263	121.5274	0
107	2	656.1159	131.1007	0
107	3	365.0363	122.3193	0
107	4	446.5661	111.8237	0
107	5	128.1843	154.8598	0
107	6	501.6873	139.7181	0
107	7	354.49	130.3121	0
107	8	348.9352	168.1527	0
107	9	680.6414	124.6272	0
107	10	220.7936	147.3387	0
107	11	674.4601	100.5006	0
107	12	609.6688	105.0728	0
107	13	401.8059	117.9376	0
107	14	610.4614	126.7372	0
107	15	636.6785	115.1375	0
107	16	480.1858	122.9299	0
107	17	565.918	112.7481	0
107	18	616.2985	115.04	0
107	19	261.3066	164.005	0
107	20	429.114	152.1364	0
107	21	-67.80715	149.9695	0
107	22	-0.4585333	155.75	0
107	23	458.6588	117.5564	0
107	24	627.2561	105.4317	0
107	25	302.1992	171.2411	0
107	26	596.6322	135.7546	0
107	27	662.3102	127.3	0
107	28	32.21304	142.8634	0
107	29	596.3705	102.2239	0
107	30	563.8257	100.4265	0
107	31	172.1444	178.2642	0
107	32	639.4006	104.6028	0
107	33	662.9205	109.6688	0
107	34	314.9482	125.3211	0
107	35	-145.9139	208.8272	0
107	36	299.622	125.0608	0
107	37	405.417	126.4515	0
107	38	216.4354	185.8884	0
107	39	589.3932	111.0387	0
107	40	708.4527	111.593	0
107	41	359.5187	127.0161	0
107	42	317.9893	134.8831	0
107	43	419.3338	123.3874	0
108	1	364.1596	121.5222	0
108	2	656.0748	131.0947	0
108	3	365.0288	122.3183	0
108	4	446.5733	111.8193	0
108	5	128.1699	154.8458	0
108	6	501.6913	139.7213	0
108	7	354.4883	130.3152	0
108	8	348.9822	168.1408	0
108	9	680.5944	124.6209	0
108	10	220.8278	147.3257	0
108	11	674.4226	100.4967	0
108	12	609.6431	105.0698	0
108	13	401.7945	117.9303	0
108	14	610.4278	126.7299	0
108	15	636.6846	115.1377	0
108	16	480.1984	122.93	0
108	17	565.9438	112.7634	0
108	18	616.3008	115.041	0
108	19	261.2962	164.0028	0
108	20	429.1	152.1374	0
108	21	-67.7907	149.9696	0
108	22	-0.3245891	155.7262	0
108	23	458.665	117.5583	0
108	24	627.2181	105.4272	0
108	25	302.2191	171.2378	0
108	26	596.6405	135.7544	0
108	27	662.3249	127.2993	0
108	28	32.13004	142.8839	0
108	29	596.3772	102.2244	0
108	30	563.8	100.4203	0
108	31	172.159	178.2657	0
108	32	639.4036	104.6038	0
108	33	662.9059	109.667	0
108	34	314.9843	125.3204	0
108	35	-145.8077	208.7789	0
108	36	299.67	125.0506	0
108	37	405.4259	126.4519	0
108	38	216.4055	185.8647	0
108	39	589.4136	111.0463	0
108	40	708.4846	111.6014	0
108	41	359.567	127.0169	0
108	42	317.9568	134.8733	0
108	43	419.3425	123.3881	0
109	1	364.1877	121.5151	0
109	2	656.0399	131.0896	0
109	3	365.0273	122.319	0
109	4	446.576	111.8147	0
109	5	128.1537	154.8322	0
109	6	501.6959	139.7249	0
109	7	354.4881	130.3186	0
109	8	349.0239	168.1259	0
109	9	680.5556	124.6158	0
109	10	220.8454	147.3097	0
109	11	674.3842	100.4926	0
109	12	609.6248	105.0674	0
109	13	401.7849	117.9233	0
109	14	610.3953	126.7239	0
109	15	636.6855	115.1365	0
109	16	480.2098	122.9308	0
109	17	565.9637	112.7781	0
109	18	616.3041	115.0424	0
109	19	261.2929	164.0039	0
109	20	429.1096	152.135	0
109	21	-67.7724	149.9705	0
109	22	-0.2063488	155.7049	0
109	23	458.6671	117.5615	0
109	24	627.1885	105.4236	0
109	25	302.2352	171.2368	0
109	26	596.6495	135.7541	0
109	27	662.3411	127.2993	0
109	28	32.03984	142.9055	0
109	29	596.3797	102.2237	0
109	30	563.7725	100.4145	0
109	31	172.1547	178.2716	0
109	32	639.408	104.6051	0
109	33	662.9004	109.6669	0
109	34	315.0185	125.3177	0
109	35	-145.699	208.7317	0
109	36	299.7072	125.0401	0
109	37	405.433	126.4505	0
109	38	216.371	185.8421	0
109	39	589.4396	111.0541	0
109	40	708.5288	111.6112	0
109	41	359.6173	127.016	0
109	42	317.9267	134.8647	0
109	43	419.3505	123.3882	0
110	1	364.2076	121.5084	0
110	2	656.0137	131.0857	0
110	3	365.0281	122.3203	0
110	4	446.5744	111.8097	0
110	5	128.1348	154.8221	0
110	6	501.7003	139.7282	0
110	7	354.491	130.3212	0
110	8	349.0573	168.1083	0
110	9	680.5269	124.6118	0
110	10	220.8515	147.2921	0
110	11	674.3419	100.4888	0
110	12	609.6151	105.0663	0
110	13	401.7742	117.9166	0
110	14	610.3621	126.7179	0
110	15	636.6866	115.1353	0
110	16	480.2172	122.9294	0
110	17	565.9734	112.7879	0
110	18	616.3085	115.044	0
110	19	261.2918	164.0063	0
110	20	429.1562	152.1342	0
110	21	-67.74539	149.9689	0
110	22	-0.09624624	155.6834	0
110	23	458.6664	117.5669	0
110	24	627.1685	105.4211	0
110	25	302.2463	171.238	0
110	26	596.6597	135.7541	0
110	27	662.356	127.2993	0
110	28	31.9461	142.9247	0
110	29	596.3812	102.2228	0
110	30	563.7433	100.41	0
110	31	172.1302	178.2834	0
110	32	639.4144	104.6073	0
110	33	662.9017	109.6678	0
110	34	315.0506	125.3136	0
110	35	-145.6002	208.6868	0
110	36	299.7372	125.0305	0
110	37	405.4399	126.4489	0
110	38	216.338	185.8235	0
110	39	589.4686	111.064	0
110	40	708.5833	111.6211	0
110	41	359.6636	127.012	0
110	42	317.9005	134.8581	0
110	43	419.359	123.3875	0
111	1	364.222	121.5015	0
111	2	655.9973	131.0833	0
111	3	365.0289	122.3218	0
111	4	446.5626	111.8025	0
111	5	128.1177	154.8144	0
111	6	501.7067	139.7319	0
111	7	354.4985	130.322	0
111	8	349.0779	168.0924	0
111	9	680.5099	124.6094	0
111	10	220.8582	147.2751	0
111	11	674.3001	100.4849	0
111	12	609.6132	105.0669	0
111	13	401.7617	117.9107	0
111	14	610.3254	126.7124	0
111	15	636.688	115.1345	0
111	16	480.2232	122.9273	0
111	17	565.9738	112.7918	0
111	18	616.3134	115.0458	0
111	19	261.2907	164.0093	0
111	20	429.1994	152.1308	0
111	21	-67.70919	149.9646	0
111	22	-0.01451612	155.6582	0
111	23	458.6653	117.5754	0
111	24	627.1592	105.4204	0
111	25	302.2467	171.2426	0
111	26	596.6694	135.754	0
111	27	662.3734	127.2993	0
111	28	31.85984	142.9366	0
111	29	596.3832	102.2223	0
111	30	563.7153	100.4061	0
111	31	172.0848	178.3034	0
111	32	639.4241	104.6107	0
111	33	662.905	109.6689	0
111	34	315.0801	125.3081	0
111	35	-145.5124	208.647	0
111	36	299.7594	125.0205	0
111	37	405.4471	126.4476	0
111	38	216.307	185.81	0
111	39	589.4963	111.0752	0
111	40	708.6444	111.6337	0
111	41	359.7058	127.006	0
111	42	317.8821	134.8538	0
111	43	419.368	123.3872	0
112	1	364.2307	121.4941	0
112	2	655.991	131.0831	0
112	3	365.0295	122.3237	0
112	4	446.5447	111.7943	0
112	5	128.106	154.8106	0
112	6	501.7148	139.7346	0
112	7	354.5094	130.3234	0
112	8	349.0976	168.0756	0
112	9	680.5044	124.6096	0
112	10	220.8646	147.2586	0
112	11	674.2643	100.4812	0
112	12	609.6155	105.0678	0
112	13	401.748	117.9059	0
112	14	610.2877	126.7068	0
112	15	636.6908	115.1335	0
112	16	480.2295	122.9257	0
112	17	565.9698	112.7928	0
112	18	616.3195	115.0473	0
112	19	261.2887	164.0129	0
112	20	429.2356	152.1237	0
112	21	-67.67299	149.9605	0
112	22	0.04625362	155.6295	0
112	23	458.6683	117.5861	0
112	24	627.1592	105.4212	0
112	25	302.2365	171.2516	0
112	26	596.6804	135.7539	0
112	27	662.3874	127.2996	0
112	28	31.80136	142.9421	0
112	29	596.3866	102.2216	0
112	30	563.6851	100.4023	0
112	31	172.029	178.3302	0
112	32	639.4388	104.6149	0
112	33	662.909	109.6703	0
112	34	315.1047	125.3011	0
112	35	-145.4409	208.6116	0
112	36	299.7641	125.0069	0
112	37	405.456	126.4462	0
112	38	216.2858	185.802	0
112	39	589.5212	111.0876	0
112	40	708.7053	111.648	0
112	41	359.743	126.9981	0
112	42	317.8728	134.853	0
112	43	419.3795	123.3871	0
113	1	364.2266	121.4842	0
113	2	655.9925	131.0842	0
113	3	365.0289	122.3255	0
113	4	446.529	111.7865	0
113	5	128.1014	154.8115	0
113	6	501.7263	139.7357	0
113	7	354.519	130.3252	0
113	8	349.1016	168.057	0
113	9	680.5072	124.6109	0
113	10	220.8668	147.2433	0
113	11	674.2371	100.4781	0
113	12	609.6185	105.069	0
113	13	401.7334	117.9014	0
113	14	610.2543	126.7018	0
113	15	636.6938	115.1328	0
113	16	480.238	122.9241	0
113	17	565.9567	112.7905	0
113	18	616.3265	115.0487	0
113	19	261.2843	164.017	0
113	20	429.2659	152.114	0
113	21	-67.63678	149.9571	0
113	22	0.1001832	155.601	0
113	23	458.6747	117.5967	0
113	24	627.1627	105.4225	0
113	25	302.2151	171.2672	0
113	26	596.6896	135.7542	0
113	27	662.3977	127.2999	0
113	28	31.77839	142.9426	0
113	29	596.39	102.2212	0
113	30	563.651	100.3985	0
113	31	171.9656	178.3618	0
113	32	639.457	104.6188	0
113	33	662.9143	109.6718	0
113	34	315.1211	125.2953	0
113	35	-145.3846	208.5779	0
113	36	299.7573	124.9915	0
113	37	405.4661	126.445	0
113	38	216.2759	185.8011	0
113	39	589.5406	111.0991	0
113	40	708.7634	111.6638	0
113	41	359.7725	126.9882	0
113	42	317.8711	134.8546	0
113	43	419.3927	123.387	0
114	1	364.2143	121.4729	0
114	2	655.9961	131.0858	0
114	3	365.0286	122.3273	0
114	4	446.5122	111.7789	0
114	5	128.0987	154.8142	0
114	6	501.7391	139.7372	0
114	7	354.528	130.3261	0
114	8	349.0919	168.0359	0
114	9	680.5118	124.6125	0
114	10	220.8655	147.2304	0
114	11	674.2192	100.476	0
114	12	609.6226	105.0704	0
114	13	401.7156	117.8973	0
114	14	610.2283	126.6979	0
114	15	636.6977	115.1331	0
114	16	480.2475	122.9224	0
114	17	565.9943	112.7914	0
114	18	616.3342	115.0496	0
114	19	261.2793	164.0212	0
114	20	429.2889	152.1017	0
114	21	-67.59068	149.9528	0
114	22	0.1585116	155.5741	0
114	23	458.6848	117.6089	0
114	24	627.1668	105.424	0
114	25	302.1904	171.2881	0
114	26	596.6958	135.7539	0
114	27	662.3984	127.2974	0
114	28	31.79524	142.9408	0
114	29	596.3937	102.2215	0
114	30	563.6177	100.3946	0
114	31	171.8998	178.3946	0
114	32	639.4788	104.6235	0
114	33	662.9202	109.6731	0
114	34	315.1371	125.2893	0
114	35	-145.3514	208.5457	0
114	36	299.7526	124.9767	0
114	37	405.4748	126.4449	0
114	38	216.2737	185.8046	0
114	39	589.5511	111.1062	0
114	40	708.8145	111.6786	0
114	41	359.7901	126.98	0
114	42	317.871	134.857	0
114	43	419.4063	123.387	0
115	1	364.2039	121.4621	0
115	2	656.0004	131.0876	0
115	3	365.0298	122.3288	0
115	4	446.4933	111.7722	0
115	5	128.0959	154.8176	0
115	6	501.7507	139.7389	0
115	7	354.5361	130.3262	0
115	8	349.0783	168.0148	0
115	9	680.5175	124.6145	0
115	10	220.86	147.2188	0
115	11	674.2117	100.4757	0
115	12	609.6269	105.0717	0
115	13	401.6942	117.893	0
115	14	610.2109	126.6952	0
115	15	636.7021	115.1341	0
115	16	480.2564	122.9222	0
115	17	566.027	112.7912	0
115	18	616.3432	115.05	0
115	19	261.277	164.0248	0
115	20	429.3025	152.0894	0
115	21	-67.54801	149.9503	0
115	22	0.209076	155.5482	0
115	23	458.6938	117.6242	0
115	24	627.1725	105.4258	0
115	25	302.1644	171.313	0
115	26	596.6977	135.7519	0
115	27	662.3986	127.2949	0
115	28	31.8449	142.9404	0
115	29	596.3984	102.2223	0
115	30	563.5894	100.3913	0
115	31	171.8243	178.4348	0
115	32	639.5016	104.6294	0
115	33	662.9275	109.6744	0
115	34	315.1427	125.2819	0
115	35	-145.3299	208.5154	0
115	36	299.7473	124.9625	0
115	37	405.4826	126.4455	0
115	38	216.2725	185.8096	0
115	39	589.5531	111.1088	0
115	40	708.8514	111.6879	0
115	41	359.8069	126.9707	0
115	42	317.8705	134.8599	0
115	43	419.4188	123.3878	0
116	1	364.1926	121.4518	0
116	2	656.0063	131.0897	0
116	3	365.0334	122.3295	0
116	4	446.4732	111.767	0
116	5	128.0904	154.8218	0
116	6	501.7616	139.74	0
116	7	354.5449	130.3256	0
116	8	349.0677	167.9948	0
116	9	680.5248	124.6168	0
116	10	220.8484	147.2078	0
116	11	674.2126	100.4765	0
116	12	609.6324	105.0728	0
116	13	401.6741	117.8888	0
116	14	610.2028	126.6945	0
116	15	636.7071	115.1358	0
116	16	480.2658	122.9229	0
116	17	566.0505	112.7888	0
116	18	616.3521	115.0508	0
116	19	261.2785	164.0272	0
116	20	429.3089	152.077	0
116	21	-67.51551	149.95	0
116	22	0.2533282	155.5257	0
116	23	458.6991	117.641	0
116	24	627.1784	105.4272	0
116	25	302.1396	171.3385	0
116	26	596.6999	135.7501	0
116	27	662.3998	127.293	0
116	28	31.90193	142.9379	0
116	29	596.4026	102.2237	0
116	30	563.5679	100.3885	0
116	31	171.7392	178.4789	0
116	32	639.5233	104.636	0
116	33	662.9347	109.6755	0
116	34	315.1395	125.2727	0
116	35	-145.3231	208.492	0
116	36	299.7381	124.9495	0
116	37	405.4864	126.4474	0
116	38	216.2693	185.8158	0
116	39	589.5504	111.1092	0
116	40	708.8707	111.6913	0
116	41	359.8097	126.9597	0
116	42	317.8692	134.8633	0
116	43	419.4289	123.3867	0
117	1	364.1784	121.4424	0
117	2	656.0128	131.0916	0
117	3	365.0397	122.3301	0
117	4	446.4525	111.762	0
117	5	128.0803	154.8268	0
117	6	501.7721	139.7401	0
117	7	354.5546	130.3254	0
117	8	349.0531	167.9753	0
117	9	680.5334	124.6187	0
117	10	220.8279	147.197	0
117	11	674.2162	100.4777	0
117	12	609.6386	105.0738	0
117	13	401.6567	117.8856	0
117	14	610.2026	126.6954	0
117	15	636.7151	115.1386	0
117	16	480.2714	122.925	0
117	17	566.0647	112.785	0
117	18	616.36	115.0514	0
117	19	261.2852	164.0289	0
117	20	429.3102	152.0643	0
117	21	-67.49923	149.9521	0
117	22	0.2868252	155.5064	0
117	23	458.6991	117.6587	0
117	24	627.1863	105.4287	0
117	25	302.1111	171.3699	0
117	26	596.7029	135.7486	0
117	27	662.403	127.2907	0
117	28	31.96499	142.9326	0
117	29	596.4079	102.2256	0
117	30	563.5546	100.3868	0
117	31	171.6443	178.5258	0
117	32	639.5426	104.6429	0
117	33	662.9431	109.6757	0
117	34	315.1335	125.2632	0
117	35	-145.3288	208.4751	0
117	36	299.7252	124.9389	0
117	37	405.4859	126.4505	0
117	38	216.2625	185.8236	0
117	39	589.5431	111.1076	0
117	40	708.8747	111.692	0
117	41	359.7997	126.9461	0
117	42	317.8659	134.8665	0
117	43	419.4373	123.3846	0
118	1	364.1622	121.4348	0
118	2	656.0209	131.0938	0
118	3	365.0459	122.3312	0
118	4	446.4283	111.7574	0
118	5	128.0672	154.8316	0
118	6	501.7835	139.7396	0
118	7	354.5676	130.3255	0
118	8	349.0352	167.958	0
118	9	680.5434	124.6208	0
118	10	220.806	147.1866	0
118	11	674.2206	100.479	0
118	12	609.6456	105.0742	0
118	13	401.6436	117.8831	0
118	14	610.2054	126.6968	0
118	15	636.7262	115.1435	0
118	16	480.2742	122.9286	0
118	17	566.0707	112.78	0
118	18	616.3678	115.0518	0
118	19	261.2928	164.0309	0
118	20	429.2969	152.0488	0
118	21	-67.51582	149.9577	0
118	22	0.310315	155.4876	0
118	23	458.6906	117.6733	0
118	24	627.1943	105.43	0
118	25	302.0764	171.4045	0
118	26	596.707	135.7468	0
118	27	662.4063	127.2891	0
118	28	32.03144	142.9254	0
118	29	596.4147	102.2287	0
118	30	563.5497	100.3869	0
118	31	171.5404	178.5705	0
118	32	639.5565	104.648	0
118	33	662.9517	109.6763	0
118	34	315.1299	125.2544	0
118	35	-145.3369	208.466	0
118	36	299.7101	124.9293	0
118	37	405.4811	126.4561	0
118	38	216.2514	185.8316	0
118	39	589.5743	111.1082	0
118	40	708.8621	111.6898	0
118	41	359.7856	126.932	0
118	42	317.8635	134.8701	0
118	43	419.446	123.3827	0
119	1	364.1442	121.4278	0
119	2	656.0289	131.0954	0
119	3	365.0516	122.3316	0
119	4	446.3998	111.7527	0
119	5	128.0575	154.8361	0
119	6	501.7959	139.7397	0
119	7	354.5833	130.3253	0
119	8	349.0155	167.9434	0
119	9	680.5535	124.6222	0
119	10	220.7844	147.1786	0
119	11	674.2267	100.4805	0
119	12	609.6538	105.0746	0
119	13	401.6361	117.882	0
119	14	610.2087	126.6985	0
119	15	636.7433	115.1501	0
119	16	480.2749	122.9349	0
119	17	566.0678	112.7732	0
119	18	616.3756	115.0515	0
119	19	261.2996	164.0323	0
119	20	429.2744	152.0319	0
119	21	-67.56737	149.968	0
119	22	0.3165613	155.4697	0
119	23	458.6758	117.6809	0
119	24	627.2039	105.4302	0
119	25	302.0348	171.4415	0
119	26	596.7115	135.7458	0
119	27	662.4115	127.2891	0
119	28	32.09913	142.916	0
119	29	596.4255	102.2335	0
119	30	563.5508	100.3878	0
119	31	171.4366	178.6035	0
119	32	639.5641	104.6502	0
119	33	662.9594	109.6772	0
119	34	315.1237	125.2459	0
119	35	-145.3432	208.4659	0
119	36	299.6886	124.9202	0
119	37	405.4756	126.4641	0
119	38	216.2421	185.8403	0
119	39	589.5998	111.108	0
119	40	708.9	111.6907	0
119	41	359.7745	126.9191	0
119	42	317.8642	134.873	0
119	43	419.4564	123.381	0
120	1	364.1217	121.4212	0
120	2	656.0381	131.096	0
120	3	365.0569	122.332	0
120	4	446.3729	111.7479	0
120	5	128.0541	154.8391	0
120	6	501.8102	139.7399	0
120	7	354.5986	130.3255	0
120	8	348.9913	167.9291	0
120	9	680.5649	124.6227	0
120	10	220.7659	147.1725	0
120	11	674.2333	100.4816	0
120	12	609.6616	105.0753	0
120	13	401.634	117.8825	0
120	14	610.2134	126.7004	0
120	15	636.7679	115.1581	0
120	16	480.2761	122.9445	0
120	17	566.0549	112.768	0
120	18	616.384	115.0509	0
120	19	261.3058	164.0334	0
120	20	429.2542	152.0157	0
120	21	-67.65451	149.985	0
120	22	0.3142739	155.4524	0
120	23	458.6616	117.6835	0
120	24	627.2141	105.4307	0
120	25	301.9852	171.4769	0
120	26	596.7171	135.7458	0
120	27	662.4178	127.2905	0
120	28	32.15962	142.9069	0
120	29	596.4423	102.2392	0
120	30	563.5533	100.389	0
120	31	171.3567	178.6219	0
120	32	639.5659	104.6507	0
120	33	662.9666	109.6776	0
120	34	315.1153	125.2387	0
120	35	-145.3527	208.4708	0
120	36	299.6581	124.9112	0
120	37	405.472	126.4741	0
120	38	216.2396	185.8469	0
120	39	589.6167	111.1059	0
120	40	708.9268	111.6903	0
120	41	359.7598	126.9064	0
120	42	317.8692	134.8741	0
120	43	419.4688	123.3792	0
121	1	364.0933	121.4146	0
121	2	656.0477	131.0969	0
121	3	365.062	122.3316	0
121	4	446.3499	111.7443	0
121	5	128.0589	154.8409	0
121	6	501.826	139.7397	0
121	7	354.6131	130.3264	0
121	8	348.959	167.9156	0
121	9	680.5759	124.6237	0
121	10	220.7536	147.1694	0
121	11	674.2417	100.4829	0
121	12	609.6688	105.0757	0
121	13	401.6345	117.8835	0
121	14	610.2183	126.7022	0
121	15	636.7975	115.1654	0
121	16	480.2831	122.9564	0
121	17	566.0428	112.7623	0
121	18	616.3934	115.0508	0
121	19	261.3119	164.0336	0
121	20	429.233	151.9999	0
121	21	-67.76408	150.0074	0
121	22	0.3067519	155.4379	0
121	23	458.6493	117.6827	0
121	24	627.2234	105.4317	0
121	25	301.9308	171.5031	0
121	26	596.7224	135.7469	0
121	27	662.4258	127.2936	0
121	28	32.21645	142.8975	0
121	29	596.4633	102.2443	0
121	30	563.5563	100.3904	0
121	31	171.3157	178.6278	0
121	32	639.5607	104.65	0
121	33	662.9738	109.6774	0
121	34	315.1054	125.2328	0
121	35	-145.3641	208.4773	0
121	36	299.6279	124.9022	0
121	37	405.4703	126.4837	0
121	38	216.2456	185.8504	0
121	39	589.6257	111.1028	0
121	40	708.9395	111.6877	0
121	41	359.742	126.8957	0
121	42	317.8787	134.8755	0
121	43	419.4805	123.3786	0
122	1	364.0657	121.408	0
122	2	656.0562	131.0981	0
122	3	365.0676	122.3311	0
122	4	446.3327	111.7414	0
122	5	128.0668	154.8432	0
122	6	501.841	139.7399	0
122	7	354.6263	130.3245	0
122	8	348.9237	167.9028	0
122	9	680.5858	124.6246	0
122	10	220.7485	147.1699	0
122	11	674.25	100.4839	0
122	12	609.6757	105.0759	0
122	13	401.6352	117.8848	0
122	14	610.2246	126.7041	0
122	15	636.832	115.1751	0
122	16	480.2951	122.9689	0
122	17	566.0203	112.755	0
122	18	616.4025	115.0507	0
122	19	261.3187	164.0335	0
122	20	429.2088	151.9853	0
122	21	-67.89156	150.0329	0
122	22	0.2923458	155.4271	0
122	23	458.6656	117.6818	0
122	24	627.232	105.432	0
122	25	301.8854	171.5175	0
122	26	596.7277	135.7494	0
122	27	662.4408	127.299	0
122	28	32.26497	142.8878	0
122	29	596.4887	102.2508	0
122	30	563.5601	100.3918	0
122	31	171.3168	178.6224	0
122	32	639.5699	104.6499	0
122	33	662.9818	109.6768	0
122	34	315.0931	125.2269	0
122	35	-145.3826	208.4857	0
122	36	299.6	124.8951	0
122	37	405.4698	126.4955	0
122	38	216.2584	185.8538	0
122	39	589.6274	111.0987	0
122	40	708.9388	111.6838	0
122	41	359.7227	126.8868	0
122	42	317.8875	134.8775	0
122	43	419.4922	123.3791	0
123	1	364.0411	121.4029	0
123	2	656.0643	131.0987	0
123	3	365.0748	122.3311	0
123	4	446.3227	111.74	0
123	5	128.0735	154.8448	0
123	6	501.8544	139.7407	0
123	7	354.6389	130.3217	0
123	8	348.8916	167.8918	0
123	9	680.5953	124.6252	0
123	10	220.7465	147.172	0
123	11	674.2596	100.4839	0
123	12	609.6828	105.0755	0
123	13	401.636	117.8862	0
123	14	610.2312	126.7058	0
123	15	636.8663	115.1862	0
123	16	480.311	122.9835	0
123	17	565.9876	112.7455	0
123	18	616.4129	115.0506	0
123	19	261.3275	164.034	0
123	20	429.1826	151.973	0
123	21	-68.03185	150.061	0
123	22	0.280293	155.4206	0
123	23	458.7074	117.6818	0
123	24	627.2405	105.432	0
123	25	301.8594	171.5224	0
123	26	596.7352	135.7539	0
123	27	662.4615	127.3085	0
123	28	32.30029	142.8758	0
123	29	596.5144	102.2589	0
123	30	563.5641	100.3929	0
123	31	171.3888	178.6217	0
123	32	639.5864	104.6501	0
123	33	662.9904	109.6765	0
123	34	315.075	125.2214	0
123	35	-145.4129	208.4964	0
123	36	299.5773	124.8896	0
123	37	405.4669	126.5096	0
123	38	216.2695	185.8575	0
123	39	589.6215	111.0934	0
123	40	708.9265	111.6785	0
123	41	359.6994	126.8781	0
123	42	317.8957	134.8785	0
123	43	419.4993	123.381	0
124	1	364.022	121.399	0
124	2	656.0724	131.0987	0
124	3	365.0837	122.331	0
124	4	446.3199	111.7405	0
124	5	128.0794	154.8463	0
124	6	501.8623	139.7383	0
124	7	354.6518	130.3194	0
124	8	348.8644	167.8837	0
124	9	680.605	124.625	0
124	10	220.7449	147.1747	0
124	11	674.2693	100.4843	0
124	12	609.6905	105.0749	0
124	13	401.6361	117.8878	0
124	14	610.2391	126.7064	0
124	15	636.8985	115.1986	0
124	16	480.3253	123.001	0
124	17	565.9533	112.7355	0
124	18	616.4218	115.0508	0
124	19	261.3402	164.0339	0
124	20	429.1554	151.9617	0
124	21	-68.19143	150.0949	0
124	22	0.2730569	155.42	0
124	23	458.7448	117.6802	0
124	24	627.2494	105.4313	0
124	25	301.8541	171.518	0
124	26	596.7452	135.7615	0
124	27	662.4937	127.3216	0
124	28	32.32592	142.8625	0
124	29	596.5383	102.2679	0
124	30	563.5693	100.394	0
124	31	171.4685	178.6161	0
124	32	639.598	104.6496	0
124	33	662.9993	109.6763	0
124	34	315.0549	125.2158	0
124	35	-145.4533	208.5077	0
124	36	299.5631	124.8867	0
124	37	405.4606	126.525	0
124	38	216.2797	185.8602	0
124	39	589.6082	111.0892	0
124	40	708.9032	111.6717	0
124	41	359.6689	126.8698	0
124	42	317.9032	134.8788	0
124	43	419.5006	123.3844	0
125	1	364.0105	121.3971	0
125	2	656.0813	131.0983	0
125	3	365.0933	122.331	0
125	4	446.3207	111.7416	0
125	5	128.084	154.8465	0
125	6	501.8686	139.7352	0
125	7	354.667	130.3171	0
125	8	348.8459	167.8787	0
125	9	680.6154	124.6245	0
125	10	220.742	147.178	0
125	11	674.2782	100.4852	0
125	12	609.699	105.0746	0
125	13	401.6364	117.8891	0
125	14	610.2479	126.7072	0
125	15	636.9257	115.2105	0
125	16	480.3358	123.0202	0
125	17	565.9218	112.7265	0
125	18	616.4288	115.0512	0
125	19	261.3537	164.0339	0
125	20	429.1236	151.9512	0
125	21	-68.36408	150.1318	0
125	22	0.2681082	155.4228	0
125	23	458.7747	117.6765	0
125	24	627.2589	105.4307	0
125	25	301.9107	171.5178	0
125	26	596.7617	135.7717	0
125	27	662.5402	127.3373	0
125	28	32.35176	142.8498	0
125	29	596.5584	102.2772	0
125	30	563.5751	100.3949	0
125	31	171.5507	178.6042	0
125	32	639.6035	104.6483	0
125	33	663.0081	109.6762	0
125	34	315.0365	125.2109	0
125	35	-145.4904	208.519	0
125	36	299.5583	124.8872	0
125	37	405.4494	126.5406	0
125	38	216.2882	185.8615	0
125	39	589.5954	111.0847	0
125	40	708.8702	111.6664	0
125	41	359.6354	126.8616	0
125	42	317.9113	134.8782	0
125	43	419.4973	123.3903	0
126	1	364.0067	121.3976	0
126	2	656.0909	131.0982	0
126	3	365.1022	122.3314	0
126	4	446.3221	111.7431	0
126	5	128.0891	154.8462	0
126	6	501.8754	139.7327	0
126	7	354.685	130.3146	0
126	8	348.8369	167.8779	0
126	9	680.6267	124.6243	0
126	10	220.7367	147.1818	0
126	11	674.2867	100.4855	0
126	12	609.7072	105.0746	0
126	13	401.6378	117.8903	0
126	14	610.2561	126.7083	0
126	15	636.9437	115.2184	0
126	16	480.3405	123.04	0
126	17	565.8879	112.7177	0
126	18	616.4305	115.05	0
126	19	261.3671	164.0342	0
126	20	429.0853	151.9408	0
126	21	-68.55003	150.1711	0
126	22	0.2621918	155.4269	0
126	23	458.7985	117.6713	0
126	24	627.2696	105.4305	0
126	25	301.969	171.5137	0
126	26	596.7849	135.7834	0
126	27	662.5983	127.3534	0
126	28	32.37707	142.8375	0
126	29	596.5712	102.2837	0
126	30	563.5826	100.395	0
126	31	171.635	178.5876	0
126	32	639.6043	104.6465	0
126	33	663.0165	109.6762	0
126	34	315.0203	125.207	0
126	35	-145.5131	208.5274	0
126	36	299.5581	124.8892	0
126	37	405.432	126.5526	0
126	38	216.2973	185.862	0
126	39	589.5732	111.0786	0
126	40	708.839	111.6606	0
126	41	359.6049	126.8542	0
126	42	317.9202	134.878	0
126	43	419.4907	123.3998	0
127	1	364.0067	121.3991	0
127	2	656.1009	131.0981	0
127	3	365.1104	122.3312	0
127	4	446.3238	111.7447	0
127	5	128.0965	154.8467	0
127	6	501.8849	139.7301	0
127	7	354.7008	130.314	0
127	8	348.8358	167.8799	0
127	9	680.6377	124.6243	0
127	10	220.7296	147.1854	0
127	11	674.2949	100.4852	0
127	12	609.7167	105.0745	0
127	13	401.6407	117.891	0
127	14	610.2636	126.7089	0
127	15	636.9515	115.2216	0
127	16	480.3358	123.0559	0
127	17	565.8513	112.7105	0
127	18	616.4316	115.0487	0
127	19	261.3805	164.0335	0
127	20	429.0485	151.9309	0
127	21	-68.74247	150.207	0
127	22	0.2526464	155.4318	0
127	23	458.8146	117.6642	0
127	24	627.2798	105.4303	0
127	25	302.0245	171.5046	0
127	26	596.8134	135.7951	0
127	27	662.6644	127.3734	0
127	28	32.39872	142.8261	0
127	29	596.5763	102.2862	0
127	30	563.5907	100.3956	0
127	31	171.718	178.5668	0
127	32	639.5999	104.6439	0
127	33	663.0239	109.6766	0
127	34	315.0092	125.2044	0
127	35	-145.5194	208.5325	0
127	36	299.5585	124.8916	0
127	37	405.4128	126.5586	0
127	38	216.3078	185.8634	0
127	39	589.5436	111.0708	0
127	40	708.7965	111.6528	0
127	41	359.5791	126.8486	0
127	42	317.9321	134.878	0
127	43	419.4872	123.412	0
128	1	364.0067	121.3991	0
128	2	656.1009	131.0981	0
128	3	365.1104	122.3312	0
128	4	446.3238	111.7447	0
128	5	128.0965	154.8467	0
128	6	501.8849	139.7301	0
128	7	354.7008	130.314	0
128	8	348.8358	167.8799	0
128	9	680.6377	124.6243	0
128	10	220.7296	147.1854	0
128	11	674.2949	100.4852	0
128	12	609.7167	105.0745	0
128	13	401.6407	117.891	0
128	14	610.2636	126.7089	0
128	15	636.9515	115.2216	0
128	16	480.3358	123.0559	0
128	17	565.8513	112.7105	0
128	18	616.4316	115.0487	0
128	19	261.3805	164.0335	0
128	20	429.0485	151.9309	0
128	21	-68.74247	150.207	0
128	22	0.2526464	155.4318	0
128	23	458.8146	117.6642	0
128	24	627.2798	105.4303	0
128	25	302.0245	171.5046	0
128	26	596.8134	135.7951	0
128	27	662.6644	127.3734	0
128	28	32.39872	142.8261	0
128	29	596.5763	102.2862	0
128	30	563.5907	100.3956	0
128	31	171.718	178.5668	0
128	32	639.5999	104.6439	0
128	33	663.0239	109.6766	0
128	34	315.0092	125.2044	0
128	35	-145.5194	208.5325	0
128	36	299.5585	124.8916	0
128	37	405.4128	126.5586	0
128	38	216.3078	185.8634	0
128	39	589.5436	111.0708	0
128	40	708.7965	111.6528	0
128	41	359.5791	126.8486	0
128	42	317.9321	134.878	0
128	43	419.4872	123.412	0
