63	1	331.8644	189.8909	0
63	2	595.4028	193.3756	0
63	3	333.8943	175.3771	0
63	4	420.1551	147.0107	0
63	5	136.7944	285.4111	0
63	6	426.0339	260.0053	0
63	7	313.6704	243.7188	0
63	8	295.3834	302.3938	0
63	9	621.0858	192.2536	0
63	10	206.0252	261.873	0
63	11	667.5387	117.5533	0
63	12	597.7012	118.2104	0
63	13	377.1097	141.5646	0
63	14	561.5444	184.3216	0
63	15	605.5436	154.6001	0
63	16	429.3289	198.8883	0
63	17	525.8207	165.6305	0
63	18	582.4633	152.7931	0
63	19	231.9786	284.1595	0
63	20	364.5118	262.4079	0
63	21	-0.6010708	285.1132	0
63	22	55.4707	308.9907	0
63	23	417.1914	183.3019	0
63	24	604.2335	132.926	0
63	25	260.4576	301.9843	0
63	26	530.8978	212.5266	0
63	27	567.9427	235.3818	0
63	28	46.34051	227.0491	0
63	29	594.3079	103.0844	0
63	30	555.613	109.2703	0
63	31	172.6055	325.2252	0
63	32	655.6808	82.88071	0
63	33	648.4311	127.2684	0
63	34	286.2715	175.6699	0
63	35	6.132719	386.933	0
63	36	267.9028	224.4518	0
63	37	367.1526	187.8933	0
63	38	200.9805	352.0705	0
63	39	562.9103	145.8521	0
63	40	659.1012	172.3896	0
63	41	319.8544	215.3869	0
63	42	280.7943	243.8845	0
63	43	372.3438	207.9142	0
64	1	331.8447	189.8716	0
64	2	595.3745	193.3469	0
64	3	333.8923	175.3834	0
64	4	420.1765	146.9906	0
64	5	136.799	285.4151	0
64	6	426.0397	260.008	0
64	7	313.679	243.7186	0
64	8	295.3636	302.3693	0
64	9	621.0831	192.2541	0
64	10	206.0224	261.8819	0
64	11	667.5475	117.5786	0
64	12	597.7087	118.2113	0
64	13	377.126	141.536	0
64	14	561.5239	184.2928	0
64	15	605.5479	154.6045	0
64	16	429.3206	198.9415	0
64	17	525.8273	165.624	0
64	18	582.4649	152.7638	0
64	19	231.9904	284.1598	0
64	20	364.5254	262.3994	0
64	21	-0.6207299	285.1342	0
64	22	55.53811	308.9573	0
64	23	417.1773	183.3578	0
64	24	604.2401	132.9307	0
64	25	260.4584	301.9364	0
64	26	530.9076	212.5268	0
64	27	567.9498	235.3852	0
64	28	46.35698	227.0415	0
64	29	594.3095	103.0898	0
64	30	555.6194	109.2726	0
64	31	172.6564	325.1727	0
64	32	655.6829	82.8894	0
64	33	648.4075	127.2412	0
64	34	286.2815	175.67	0
64	35	6.15748	386.9211	0
64	36	267.8901	224.4543	0
64	37	367.1424	187.9134	0
64	38	200.9737	352.0862	0
64	39	562.8987	145.8466	0
64	40	659.107	172.3852	0
64	41	319.8511	215.3509	0
64	42	280.7988	243.8876	0
64	43	372.3542	207.9069	0
65	1	331.8263	189.8551	0
65	2	595.3403	193.3199	0
65	3	333.8913	175.3897	0
65	4	420.1934	146.9675	0
65	5	136.8041	285.4193	0
65	6	426.0465	260.011	0
65	7	313.6875	243.7169	0
65	8	295.3451	302.3522	0
65	9	621.0847	192.2577	0
65	10	206.0225	261.8886	0
65	11	667.5587	117.6083	0
65	12	597.7171	118.2114	0
65	13	377.1349	141.5085	0
65	14	561.5029	184.2677	0
65	15	605.5542	154.6075	0
65	16	429.3115	199.0032	0
65	17	525.8358	165.6176	0
65	18	582.4661	152.7347	0
65	19	232.0034	284.1519	0
65	20	364.5375	262.395	0
65	21	-0.6564647	285.1693	0
65	22	55.60701	308.9136	0
65	23	417.1585	183.416	0
65	24	604.2487	132.934	0
65	25	260.4573	301.8887	0
65	26	530.9161	212.525	0
65	27	567.9565	235.3884	0
65	28	46.37729	227.0317	0
65	29	594.3122	103.0956	0
65	30	555.6252	109.275	0
65	31	172.6969	325.1206	0
65	32	655.6838	82.90442	0
65	33	648.381	127.2155	0
65	34	286.2915	175.6704	0
65	35	6.17699	386.9154	0
65	36	267.912	224.45	0
65	37	367.1302	187.9412	0
65	38	200.9673	352.1044	0
65	39	562.8934	145.8452	0
65	40	659.1132	172.3831	0
65	41	319.8447	215.3161	0
65	42	280.8033	243.8906	0
65	43	372.3672	207.8983	0
66	1	331.8099	189.8438	0
66	2	595.303	193.2946	0
66	3	333.8922	175.3945	0
66	4	420.2033	146.9451	0
66	5	136.811	285.4237	0
66	6	426.0551	260.012	0
66	7	313.696	243.7101	0
66	8	295.3307	302.3406	0
66	9	621.0869	192.2622	0
66	10	206.0267	261.8932	0
66	11	667.5687	117.6416	0
66	12	597.7252	118.2116	0
66	13	377.1327	141.4787	0
66	14	561.4799	184.2439	0
66	15	605.5607	154.6101	0
66	16	429.2982	199.0703	0
66	17	525.8453	165.6097	0
66	18	582.4564	152.7046	0
66	19	232.017	284.1408	0
66	20	364.5447	262.3954	0
66	21	-0.7009092	285.2164	0
66	22	55.6753	308.8601	0
66	23	417.1339	183.4714	0
66	24	604.2568	132.9373	0
66	25	260.453	301.8428	0
66	26	530.9227	212.5173	0
66	27	567.9631	235.3911	0
66	28	46.39429	227.0254	0
66	29	594.3162	103.0999	0
66	30	555.6307	109.2769	0
66	31	172.7352	325.0686	0
66	32	655.687	82.92487	0
66	33	648.3549	127.1933	0
66	34	286.3014	175.6708	0
66	35	6.182116	386.9204	0
66	36	267.9549	224.4433	0
66	37	367.1177	187.9763	0
66	38	200.9652	352.1188	0
66	39	562.8933	145.8467	0
66	40	659.1174	172.3847	0
66	41	319.8359	215.2834	0
66	42	280.8084	243.8938	0
66	43	372.3806	207.8903	0
67	1	331.7981	189.8367	0
67	2	595.2698	193.2726	0
67	3	333.8958	175.3978	0
67	4	420.2131	146.9233	0
67	5	136.823	285.4245	0
67	6	426.0648	260.0127	0
67	7	313.7049	243.7029	0
67	8	295.3223	302.3356	0
67	9	621.0895	192.2684	0
67	10	206.0323	261.8971	0
67	11	667.5765	117.6765	0
67	12	597.7325	118.2117	0
67	13	377.1246	141.449	0
67	14	561.4522	184.2216	0
67	15	605.5666	154.6123	0
67	16	429.2799	199.1405	0
67	17	525.8537	165.605	0
67	18	582.4383	152.6732	0
67	19	232.0306	284.1306	0
67	20	364.5436	262.4056	0
67	21	-0.7525703	285.2737	0
67	22	55.73457	308.8047	0
67	23	417.1054	183.5155	0
67	24	604.2643	132.9399	0
67	25	260.4459	301.8013	0
67	26	530.9293	212.5095	0
67	27	567.9703	235.394	0
67	28	46.40832	227.0224	0
67	29	594.3224	103.1026	0
67	30	555.6359	109.2787	0
67	31	172.7607	325.0191	0
67	32	655.6938	82.94998	0
67	33	648.3267	127.1718	0
67	34	286.3114	175.6665	0
67	35	6.166015	386.9434	0
67	36	267.9982	224.4288	0
67	37	367.106	188.0137	0
67	38	200.9681	352.1295	0
67	39	562.8945	145.8495	0
67	40	659.1197	172.3926	0
67	41	319.825	215.2547	0
67	42	280.8158	243.8964	0
67	43	372.3918	207.8861	0
68	1	331.7918	189.8346	0
68	2	595.2422	193.2574	0
68	3	333.901	175.4004	0
68	4	420.2144	146.901	0
68	5	136.8362	285.4258	0
68	6	426.0742	260.0127	0
68	7	313.714	243.6965	0
68	8	295.3201	302.3362	0
68	9	621.0917	192.2764	0
68	10	206.0372	261.9004	0
68	11	667.5809	117.7118	0
68	12	597.7375	118.2079	0
68	13	377.119	141.4205	0
68	14	561.4221	184.2009	0
68	15	605.5722	154.6145	0
68	16	429.2553	199.2105	0
68	17	525.8616	165.6029	0
68	18	582.4193	152.6427	0
68	19	232.0459	284.1208	0
68	20	364.5349	262.4276	0
68	21	-0.8075163	285.3362	0
68	22	55.78795	308.749	0
68	23	417.0817	183.5421	0
68	24	604.2715	132.9423	0
68	25	260.4354	301.7634	0
68	26	530.9364	212.5024	0
68	27	567.9782	235.3972	0
68	28	46.41387	227.0245	0
68	29	594.3292	103.105	0
68	30	555.6415	109.2801	0
68	31	172.7716	324.9673	0
68	32	655.7037	82.97647	0
68	33	648.2932	127.1515	0
68	34	286.3217	175.6592	0
68	35	6.128165	386.9872	0
68	36	268.0403	224.405	0
68	37	367.0934	188.058	0
68	38	200.9769	352.1365	0
68	39	562.8958	145.8529	0
68	40	659.1211	172.4081	0
68	41	319.81	215.2273	0
68	42	280.8259	243.8968	0
68	43	372.3996	207.8856	0
69	1	331.7905	189.8364	0
69	2	595.223	193.2475	0
69	3	333.9055	175.4028	0
69	4	420.2082	146.8774	0
69	5	136.8497	285.4256	0
69	6	426.083	260.0119	0
69	7	313.7253	243.6892	0
69	8	295.3201	302.3404	0
69	9	621.0947	192.2857	0
69	10	206.0417	261.9037	0
69	11	667.5799	117.7425	0
69	12	597.7419	118.2028	0
69	13	377.1115	141.3922	0
69	14	561.395	184.1831	0
69	15	605.5781	154.6161	0
69	16	429.2238	199.2708	0
69	17	525.8655	165.6054	0
69	18	582.4017	152.6131	0
69	19	232.0647	284.108	0
69	20	364.5199	262.4622	0
69	21	-0.8697784	285.4092	0
69	22	55.83192	308.6967	0
69	23	417.0677	183.5505	0
69	24	604.279	132.9443	0
69	25	260.4189	301.7277	0
69	26	530.9457	212.4942	0
69	27	567.9876	235.3986	0
69	28	46.40533	227.0355	0
69	29	594.3354	103.1073	0
69	30	555.6473	109.2818	0
69	31	172.7748	324.9168	0
69	32	655.7151	83.00818	0
69	33	648.2596	127.1328	0
69	34	286.3324	175.6524	0
69	35	6.075484	387.0504	0
69	36	268.0804	224.3749	0
69	37	367.0775	188.1064	0
69	38	200.9851	352.1436	0
69	39	562.8973	145.8577	0
69	40	659.123	172.4314	0
69	41	319.7885	215.2015	0
69	42	280.836	243.8976	0
69	43	372.4005	207.8921	0
70	1	331.7903	189.84	0
70	2	595.2133	193.244	0
70	3	333.9097	175.405	0
70	4	420.1999	146.8544	0
70	5	136.864	285.4231	0
70	6	426.0908	260.0049	0
70	7	313.7373	243.6819	0
70	8	295.3203	302.3453	0
70	9	621.099	192.294	0
70	10	206.0457	261.9066	0
70	11	667.5755	117.7637	0
70	12	597.7466	118.1982	0
70	13	377.1016	141.3653	0
70	14	561.3726	184.1709	0
70	15	605.5846	154.6178	0
70	16	429.1931	199.3119	0
70	17	525.8655	165.6154	0
70	18	582.3813	152.5842	0
70	19	232.0806	284.0995	0
70	20	397.4729	262.0976	0
70	21	-0.9386101	285.487	0
70	22	55.85823	308.6423	0
70	23	417.07	183.5446	0
70	24	604.287	132.9464	0
70	25	260.3953	301.6941	0
70	26	530.9556	212.4861	0
70	27	567.9983	235.3994	0
70	28	46.38309	227.0573	0
70	29	594.3411	103.1093	0
70	30	555.6545	109.2831	0
70	31	172.7816	324.8677	0
70	32	655.7247	83.04263	0
70	33	648.2304	127.1174	0
70	34	286.3439	175.6461	0
70	35	6.012898	387.1319	0
70	36	268.117	224.3384	0
70	37	367.0579	188.1571	0
70	38	200.9923	352.15	0
70	39	562.8982	145.8631	0
70	40	659.1289	172.4617	0
70	41	319.7655	215.178	0
70	42	280.8459	243.8983	0
70	43	372.3946	207.9081	0
71	1	331.79	189.8443	0
71	2	595.212	193.2456	0
71	3	333.9136	175.4068	0
71	4	420.1936	146.8321	0
71	5	136.8806	285.4118	0
71	6	426.0986	259.9969	0
71	7	313.747	243.6779	0
71	8	295.3197	302.3524	0
71	9	621.1055	192.3004	0
71	10	206.0501	261.9095	0
71	11	667.5704	117.7741	0
71	12	597.7526	118.1937	0
71	13	377.0899	141.3415	0
71	14	561.3571	184.1632	0
71	15	605.592	154.6197	0
71	16	429.1733	199.3314	0
71	17	525.8617	165.6343	0
71	18	582.3588	152.5571	0
71	19	232.0945	284.0951	0
71	20	451.2866	256.7141	0
71	21	-1.013763	285.5679	0
71	22	55.87231	308.5879	0
71	23	417.1082	183.5414	0
71	24	604.2967	132.9486	0
71	25	260.3721	301.6645	0
71	26	530.9641	212.4816	0
71	27	568.0082	235.3997	0
71	28	46.35029	227.0897	0
71	29	594.3469	103.1109	0
71	30	555.6627	109.2834	0
71	31	172.786	324.819	0
71	32	655.7313	83.07889	0
71	33	648.2076	127.1068	0
71	34	286.3579	175.6381	0
71	35	5.944564	387.2225	0
71	36	268.1452	224.302	0
71	37	367.0334	188.2076	0
71	38	200.9982	352.1563	0
71	39	562.9001	145.8694	0
71	40	659.1381	172.4957	0
71	41	319.7443	215.1597	0
71	42	280.856	243.8932	0
71	43	372.3817	207.9352	0
72	1	331.7892	189.8503	0
72	2	595.2139	193.2498	0
72	3	333.9179	175.4085	0
72	4	420.1853	146.8102	0
72	5	136.8981	285.4	0
72	6	426.1068	259.9895	0
72	7	313.754	243.6769	0
72	8	295.3172	302.3616	0
72	9	621.1144	192.3046	0
72	10	206.056	261.9127	0
72	11	667.5629	117.7729	0
72	12	597.7592	118.1882	0
72	13	377.0761	141.3195	0
72	14	561.3492	184.1608	0
72	15	605.6	154.62	0
72	16	429.1619	199.3266	0
72	17	525.8568	165.6619	0
72	18	582.3359	152.5335	0
72	19	232.1002	284.0972	0
72	20	472.45	255.7495	0
72	21	-1.094987	285.6464	0
72	22	55.88722	308.5356	0
72	23	417.1458	183.5314	0
72	24	604.3072	132.9489	0
72	25	260.3501	301.6437	0
72	26	530.9706	212.4805	0
72	27	568.0172	235.3995	0
72	28	46.31124	227.132	0
72	29	594.3531	103.1123	0
72	30	555.6711	109.2839	0
72	31	172.7874	324.7717	0
72	32	655.7336	83.11429	0
72	33	648.1928	127.1004	0
72	34	286.3706	175.6325	0
72	35	5.868939	387.3274	0
72	36	268.1706	224.2655	0
72	37	367.0046	188.2507	0
72	38	201.004	352.1627	0
72	39	562.903	145.8743	0
72	40	659.1505	172.5346	0
72	41	319.7264	215.1473	0
72	42	280.8665	243.8846	0
72	43	372.3673	207.9717	0
73	1	331.7869	189.8573	0
73	2	595.216	193.2549	0
73	3	333.923	175.4105	0
73	4	420.1749	146.7895	0
73	5	136.9156	285.3891	0
73	6	426.1167	259.9818	0
73	7	313.7548	243.682	0
73	8	295.3142	302.3726	0
73	9	621.1233	192.3085	0
73	10	206.0652	261.9132	0
73	11	667.5797	117.7711	0
73	12	597.7652	118.185	0
73	13	377.0577	141.2988	0
73	14	561.3481	184.1627	0
73	15	605.6091	154.6206	0
73	16	429.2016	199.3244	0
73	17	525.8547	165.6972	0
73	18	582.3102	152.5109	0
73	19	232.0945	284.1109	0
73	20	514.7303	250.6388	0
73	21	-1.176212	285.7112	0
73	22	55.9024	308.4833	0
73	23	417.18	183.5134	0
73	24	604.3185	132.9496	0
73	25	260.3327	301.6299	0
73	26	530.973	212.486	0
73	27	568.0235	235.3927	0
73	28	46.26799	227.1794	0
73	29	594.36	103.1141	0
73	30	555.6788	109.2844	0
73	31	172.7854	324.7296	0
73	32	655.7303	83.14294	0
73	33	648.1865	127.0991	0
73	34	286.3818	175.6298	0
73	35	5.783733	387.4433	0
73	36	268.187	224.2309	0
73	37	366.9782	188.2798	0
73	38	201.0107	352.1695	0
73	39	562.908	145.8777	0
73	40	659.1624	172.5789	0
73	41	319.7145	215.1406	0
73	42	280.8772	243.8765	0
73	43	372.3527	208.0164	0
74	1	331.7849	189.8652	0
74	2	595.2186	193.2621	0
74	3	333.9301	175.4113	0
74	4	420.1638	146.7714	0
74	5	136.9367	285.377	0
74	6	426.1279	259.9731	0
74	7	313.7493	243.6951	0
74	8	295.3132	302.3822	0
74	9	621.1313	192.3118	0
74	10	206.0752	261.9142	0
74	11	667.6029	117.7673	0
74	12	597.7713	118.1838	0
74	13	377.0346	141.2792	0
74	14	561.3492	184.1665	0
74	15	605.6171	154.6205	0
74	16	429.2464	199.3151	0
74	17	525.8557	165.7374	0
74	18	582.2794	152.4897	0
74	19	232.0773	284.1382	0
74	20	512.95	250.4944	0
74	21	-1.238573	285.7526	0
74	22	55.91377	308.4327	0
74	23	417.2111	183.4893	0
74	24	604.3285	132.95	0
74	25	260.3221	301.6241	0
74	26	530.9722	212.5004	0
74	27	568.0294	235.3844	0
74	28	46.22104	227.2338	0
74	29	594.368	103.1149	0
74	30	555.6848	109.2818	0
74	31	172.78	324.6904	0
74	32	655.7241	83.1608	0
74	33	648.1869	127.1013	0
74	34	286.3878	175.631	0
74	35	5.691185	387.5639	0
74	36	268.1913	224.1939	0
74	37	366.9615	188.2932	0
74	38	201.0216	352.1745	0
74	39	562.9144	145.88	0
74	40	659.1717	172.6253	0
74	41	319.7094	215.1398	0
74	42	280.8889	243.8691	0
74	43	372.3394	208.0645	0
75	1	331.785	189.8717	0
75	2	595.2205	193.2709	0
75	3	333.9383	175.4117	0
75	4	420.1507	146.754	0
75	5	136.9599	285.3646	0
75	6	426.1372	259.9679	0
75	7	313.7367	243.7178	0
75	8	295.315	302.3896	0
75	9	621.1392	192.3152	0
75	10	206.0855	261.9141	0
75	11	667.6223	117.7591	0
75	12	597.7748	118.1858	0
75	13	377.0127	141.2618	0
75	14	561.3505	184.1712	0
75	15	605.624	154.6194	0
75	16	429.2874	199.2966	0
75	17	525.858	165.7838	0
75	18	582.2482	152.4702	0
75	19	232.0518	284.1788	0
75	20	511.5917	250.6991	0
75	21	-1.26958	285.7681	0
75	22	55.92144	308.3859	0
75	23	417.238	183.4597	0
75	24	604.3363	132.9473	0
75	25	260.3188	301.6252	0
75	26	530.9673	212.5255	0
75	27	568.0355	235.3769	0
75	28	46.16763	227.2952	0
75	29	594.3771	103.1153	0
75	30	555.6895	109.2768	0
75	31	172.7672	324.6534	0
75	32	655.718	83.16806	0
75	33	648.189	127.1047	0
75	34	286.3851	175.6392	0
75	35	5.589556	387.6864	0
75	36	268.1884	224.1573	0
75	37	366.9527	188.2891	0
75	38	201.0371	352.1755	0
75	39	562.92	145.8826	0
75	40	659.1771	172.6731	0
75	41	319.7086	215.1432	0
75	42	280.9034	243.8593	0
75	43	372.3242	208.1212	0
76	1	331.7875	189.8763	0
76	2	595.2236	193.2811	0
76	3	333.9463	175.4117	0
76	4	420.133	146.7379	0
76	5	136.9778	285.3575	0
76	6	426.145	259.9659	0
76	7	313.7218	243.7487	0
76	8	295.3207	302.3946	0
76	9	621.1471	192.3181	0
76	10	206.0959	261.9122	0
76	11	667.6365	117.7464	0
76	12	597.776	118.193	0
76	13	376.9931	141.2495	0
76	14	561.3521	184.1775	0
76	15	605.6285	154.614	0
76	16	429.3243	199.2692	0
76	17	525.8578	165.8352	0
76	18	582.2208	152.4544	0
76	19	232.0237	284.2317	0
76	20	510.2284	251.1408	0
76	21	-1.26739	285.7597	0
76	22	55.92484	308.3438	0
76	23	417.2582	183.4287	0
76	24	604.3418	132.9404	0
76	25	260.3178	301.6307	0
76	26	530.9634	212.5597	0
76	27	568.0435	235.3692	0
76	28	46.1093	227.3595	0
76	29	594.3854	103.1156	0
76	30	555.6945	109.2721	0
76	31	172.7481	324.619	0
76	32	655.71	83.16391	0
76	33	648.1912	127.1091	0
76	34	286.3744	175.6561	0
76	35	5.482874	387.7969	0
76	36	268.1885	224.122	0
76	37	366.9824	188.2873	0
76	38	201.0524	352.1772	0
76	39	562.9254	145.8846	0
76	40	659.1766	172.7166	0
76	41	319.7084	215.1479	0
76	42	280.9164	243.8521	0
76	43	372.3049	208.1821	0
77	1	331.7932	189.8794	0
77	2	595.228	193.2895	0
77	3	333.9541	175.4113	0
77	4	420.1138	146.7228	0
77	5	136.9906	285.3554	0
77	6	426.1479	259.9697	0
77	7	313.7061	243.7872	0
77	8	295.3271	302.3989	0
77	9	621.1558	192.3211	0
77	10	206.1075	261.904	0
77	11	667.6465	117.7305	0
77	12	597.7753	118.2065	0
77	13	376.9783	141.2414	0
77	14	561.353	184.185	0
77	15	605.6333	154.6083	0
77	16	429.3569	199.235	0
77	17	525.8541	165.889	0
77	18	582.1992	152.4437	0
77	19	231.994	284.2929	0
77	20	508.8046	251.7327	0
77	21	-1.218018	285.7556	0
77	22	55.92188	308.3039	0
77	23	417.2717	183.397	0
77	24	604.3475	132.9336	0
77	25	260.317	301.6372	0
77	26	530.9626	212.6021	0
77	27	568.0524	235.3599	0
77	28	46.0448	227.4255	0
77	29	594.3928	103.1157	0
77	30	555.7004	109.2678	0
77	31	172.7294	324.5891	0
77	32	655.738	83.16339	0
77	33	648.194	127.1152	0
77	34	286.3572	175.6824	0
77	35	5.387863	387.8791	0
77	36	268.1869	224.0869	0
77	37	367.0166	188.2805	0
77	38	201.0678	352.1781	0
77	39	562.9305	145.8864	0
77	40	659.1714	172.7491	0
77	41	319.7077	215.154	0
77	42	280.9281	243.8483	0
77	43	372.2808	208.2456	0
78	1	331.7988	189.8827	0
78	2	595.2352	193.2955	0
78	3	333.9617	175.4064	0
78	4	420.0964	146.7102	0
78	5	136.9909	285.3629	0
78	6	426.1457	259.9823	0
78	7	313.6907	243.8285	0
78	8	295.3326	302.4026	0
78	9	621.1657	192.3242	0
78	10	206.1195	261.8954	0
78	11	667.6517	117.7116	0
78	12	597.7747	118.2265	0
78	13	376.9698	141.2381	0
78	14	561.3549	184.1935	0
78	15	605.6384	154.6032	0
78	16	429.3826	199.1954	0
78	17	525.8453	165.9437	0
78	18	582.1852	152.4375	0
78	19	231.9624	284.363	0
78	20	507.1392	251.9904	0
78	21	-1.161629	285.7417	0
78	22	55.90914	308.266	0
78	23	417.2823	183.3664	0
78	24	604.3542	132.9277	0
78	25	260.3153	301.6462	0
78	26	530.9651	212.6495	0
78	27	568.0602	235.3542	0
78	28	45.97597	227.4857	0
78	29	594.3979	103.1115	0
78	30	555.7074	109.2623	0
78	31	172.7106	324.5684	0
78	32	655.763	83.15854	0
78	33	648.1967	127.122	0
78	34	286.3381	175.7169	0
78	35	5.328786	387.9222	0
78	36	268.1827	224.0532	0
78	37	367.049	188.2671	0
78	38	201.085	352.1683	0
78	39	562.936	145.888	0
78	40	659.1647	172.7667	0
78	41	319.7059	215.162	0
78	42	280.9342	243.8489	0
78	43	372.2509	208.3075	0
79	1	331.8037	189.8853	0
79	2	595.2448	193.2997	0
79	3	333.9696	175.4005	0
79	4	420.0817	146.7015	0
79	5	136.9768	285.3839	0
79	6	426.1377	260.0053	0
79	7	313.6734	243.8772	0
79	8	295.3376	302.4065	0
79	9	621.1765	192.325	0
79	10	206.1318	261.8875	0
79	11	667.6505	117.6934	0
79	12	597.777	118.2522	0
79	13	376.9675	141.2392	0
79	14	561.358	184.2005	0
79	15	605.645	154.5975	0
79	16	429.3976	199.1569	0
79	17	525.8301	165.9923	0
79	18	582.1793	152.4366	0
79	19	231.925	284.4411	0
79	20	505.3868	252.3528	0
79	21	-1.101905	285.7168	0
79	22	55.89426	308.232	0
79	23	417.2814	183.3341	0
79	24	604.3624	132.9201	0
79	25	260.3114	301.6576	0
79	26	530.9675	212.7043	0
79	27	568.0677	235.3517	0
79	28	45.91179	227.531	0
79	29	594.4025	103.1063	0
79	30	555.7141	109.2583	0
79	31	172.6961	324.555	0
79	32	655.783	83.14883	0
79	33	648.2005	127.1296	0
79	34	286.3178	175.7564	0
79	35	5.309998	387.9221	0
79	36	268.176	224.0229	0
79	37	367.0794	188.2474	0
79	38	201.1033	352.1524	0
79	39	562.9419	145.8899	0
79	40	659.1569	172.7689	0
79	41	319.7029	215.1714	0
79	42	280.9315	243.8582	0
79	43	372.2166	208.3584	0
80	1	331.8083	189.8876	0
80	2	595.2537	193.3039	0
80	3	333.9776	175.3953	0
80	4	420.0715	146.696	0
80	5	136.9473	285.4208	0
80	6	426.1281	260.0378	0
80	7	313.6526	243.9297	0
80	8	295.3423	302.4101	0
80	9	621.1887	192.3262	0
80	10	206.1467	261.8787	0
80	11	667.6479	117.6744	0
80	12	597.7818	118.2802	0
80	13	376.9675	141.2426	0
80	14	561.3635	184.2054	0
80	15	605.6521	154.5919	0
80	16	429.4121	199.119	0
80	17	525.8121	166.0272	0
80	18	582.1793	152.4392	0
80	19	231.8827	284.5225	0
80	20	364.4959	262.8818	0
80	21	-1.039145	285.6829	0
80	22	55.87799	308.2068	0
80	23	417.2722	183.3011	0
80	24	604.3708	132.914	0
80	25	260.3067	301.6709	0
80	26	530.9666	212.7632	0
80	27	568.0714	235.3547	0
80	28	45.86929	227.5555	0
80	29	594.4073	103.1017	0
80	30	555.7209	109.2563	0
80	31	172.6876	324.5499	0
80	32	655.7979	83.1351	0
80	33	648.2056	127.1354	0
80	34	286.2973	175.8009	0
80	35	5.352527	387.9137	0
80	36	268.1671	223.9949	0
80	37	367.1071	188.2231	0
80	38	201.1218	352.1371	0
80	39	562.9492	145.8913	0
80	40	659.1681	172.7652	0
80	41	319.7009	215.181	0
80	42	280.9204	243.8777	0
80	43	372.1872	208.3909	0
81	1	331.813	189.8896	0
81	2	595.2621	193.3073	0
81	3	333.9872	175.3898	0
81	4	420.0667	146.6946	0
81	5	136.91	285.4713	0
81	6	426.1192	260.0794	0
81	7	313.628	243.9845	0
81	8	295.3472	302.4139	0
81	9	621.1993	192.3265	0
81	10	206.1628	261.8698	0
81	11	667.6403	117.6557	0
81	12	597.7887	118.3127	0
81	13	376.9675	141.2468	0
81	14	561.3712	184.2088	0
81	15	605.6584	154.5889	0
81	16	429.4144	199.0813	0
81	17	525.7983	166.0451	0
81	18	582.1807	152.4431	0
81	19	231.8337	284.6059	0
81	20	364.5208	262.8414	0
81	21	-0.9759375	285.6415	0
81	22	55.86261	308.1898	0
81	23	417.2631	183.2694	0
81	24	604.379	132.9109	0
81	25	260.3043	301.6828	0
81	26	530.9615	212.8246	0
81	27	568.0722	235.3665	0
81	28	45.85329	227.5582	0
81	29	594.4137	103.0969	0
81	30	555.7251	109.257	0
81	31	172.6856	324.5513	0
81	32	655.8081	83.11798	0
81	33	648.2133	127.1393	0
81	34	286.2731	175.8521	0
81	35	5.422304	387.8981	0
81	36	268.1528	223.9687	0
81	37	367.1301	188.1954	0
81	38	201.1418	352.1232	0
81	39	562.9573	145.8915	0
81	40	659.1968	172.7609	0
81	41	319.7018	215.1885	0
81	42	280.9023	243.908	0
81	43	372.1698	208.4037	0
82	1	331.8183	189.8919	0
82	2	595.27	193.3107	0
82	3	333.9981	175.3836	0
82	4	420.0663	146.6961	0
82	5	136.8673	285.5347	0
82	6	426.1116	260.1243	0
82	7	313.5986	244.0384	0
82	8	295.3539	302.4177	0
82	9	621.2081	192.3248	0
82	10	206.1755	261.8648	0
82	11	667.6257	117.6355	0
82	12	597.7944	118.3495	0
82	13	376.9673	141.2523	0
82	14	561.3784	184.2122	0
82	15	605.6636	154.5884	0
82	16	429.4048	199.0415	0
82	17	525.7888	166.045	0
82	18	582.1822	152.4481	0
82	19	231.7782	284.6821	0
82	20	364.5405	262.799	0
82	21	-0.9187022	285.597	0
82	22	55.85216	308.1813	0
82	23	417.2544	183.2381	0
82	24	604.3846	132.9111	0
82	25	260.3055	301.6919	0
82	26	530.9509	212.8847	0
82	27	568.0697	235.389	0
82	28	45.87519	227.5531	0
82	29	594.4207	103.0914	0
82	30	555.7262	109.2624	0
82	31	172.685	324.5566	0
82	32	655.8127	83.09882	0
82	33	648.2221	127.1422	0
82	34	286.2449	175.906	0
82	35	5.497655	387.8676	0
82	36	268.1328	223.9439	0
82	37	367.1454	188.1682	0
82	38	201.1669	352.1045	0
82	39	562.9654	145.8919	0
82	40	659.2216	172.7511	0
82	41	319.7061	215.1936	0
82	42	280.8824	243.9479	0
82	43	372.1652	208.3969	0
83	1	331.8253	189.8938	0
83	2	595.2784	193.3138	0
83	3	334.007	175.3801	0
83	4	420.067	146.6989	0
83	5	136.8229	285.6029	0
83	6	426.104	260.1771	0
83	7	313.5659	244.0837	0
83	8	295.3636	302.4185	0
83	9	621.2137	192.3169	0
83	10	206.1845	261.8635	0
83	11	667.6085	117.6154	0
83	12	597.7975	118.3881	0
83	13	376.9657	141.2591	0
83	14	561.3852	184.215	0
83	15	605.6662	154.5925	0
83	16	429.3914	199.0027	0
83	17	525.8113	166.0421	0
83	18	582.184	152.4547	0
83	19	231.7243	284.7402	0
83	20	364.554	262.7589	0
83	21	-0.8688825	285.552	0
83	22	55.84837	308.1806	0
83	23	417.243	183.2079	0
83	24	604.3871	132.9176	0
83	25	260.3117	301.698	0
83	26	530.9341	212.9352	0
83	27	568.0672	235.4213	0
83	28	45.9215	227.5467	0
83	29	594.4271	103.0882	0
83	30	555.725	109.2737	0
83	31	172.6841	324.5631	0
83	32	655.8102	83.0802	0
83	33	648.2299	127.1454	0
83	34	286.2117	175.9619	0
83	35	5.577959	387.8204	0
83	36	268.1136	223.9218	0
83	37	367.16	188.1405	0
83	38	201.1891	352.0907	0
83	39	562.9729	145.8925	0
83	40	659.2402	172.7346	0
83	41	319.7132	215.1974	0
83	42	280.8617	243.9949	0
83	43	372.2056	208.3945	0
84	1	331.8346	189.8939	0
84	2	595.2875	193.317	0
84	3	334.0145	175.3788	0
84	4	420.0675	146.7023	0
84	5	136.7729	285.6832	0
84	6	426.0933	260.235	0
84	7	313.5377	244.1135	0
84	8	295.3741	302.4199	0
84	9	621.2195	192.3088	0
84	10	206.1849	261.8693	0
84	11	667.5933	117.596	0
84	12	597.7966	118.4275	0
84	13	376.9641	141.2668	0
84	14	561.3917	184.2175	0
84	15	605.6673	154.603	0
84	16	429.3811	198.965	0
84	17	525.8466	166.0363	0
84	18	582.1854	152.4621	0
84	19	231.6875	284.7718	0
84	20	364.5543	262.7166	0
84	21	-0.8228454	285.5081	0
84	22	55.84681	308.1855	0
84	23	417.2295	183.1799	0
84	24	604.3877	132.932	0
84	25	260.3192	301.7032	0
84	26	530.9166	212.9682	0
84	27	568.0684	235.4627	0
84	28	45.97176	227.5325	0
84	29	594.433	103.087	0
84	30	555.7219	109.2918	0
84	31	172.6816	324.5724	0
84	32	655.8076	83.06137	0
84	33	648.2374	127.148	0
84	34	286.1731	176.0138	0
84	35	5.659657	387.7618	0
84	36	268.0954	223.9063	0
84	37	367.1655	188.1129	0
84	38	201.2086	352.0829	0
84	39	562.9785	145.8891	0
84	40	659.2539	172.7138	0
84	41	319.7195	215.2012	0
84	42	280.8405	244.0484	0
84	43	372.2464	208.3843	0
85	1	331.8439	189.8944	0
85	2	595.2982	193.32	0
85	3	334.0169	175.3817	0
85	4	420.0677	146.7071	0
85	5	136.7161	285.7699	0
85	6	426.079	260.2954	0
85	7	313.5211	244.1263	0
85	8	295.3843	302.4201	0
85	9	621.2257	192.3015	0
85	10	206.1758	261.8848	0
85	11	667.5764	117.577	0
85	12	597.7906	118.4624	0
85	13	376.9642	141.2735	0
85	14	561.3986	184.2196	0
85	15	605.6662	154.6212	0
85	16	429.3679	198.9279	0
85	17	525.8782	166.0238	0
85	18	582.1879	152.4702	0
85	19	231.6725	284.7754	0
85	20	364.5463	262.6745	0
85	21	-0.7921374	285.4634	0
85	22	55.84544	308.1917	0
85	23	417.2146	183.1552	0
85	24	604.3861	132.9559	0
85	25	260.3258	301.7076	0
85	26	530.9048	212.9822	0
85	27	568.0732	235.5096	0
85	28	46.02475	227.5092	0
85	29	594.4362	103.0894	0
85	30	555.7212	109.3155	0
85	31	172.6762	324.5843	0
85	32	655.7972	83.04169	0
85	33	648.2447	127.1503	0
85	34	286.1336	176.0535	0
85	35	5.738392	387.6935	0
85	36	268.0811	223.8958	0
85	37	367.1621	188.0838	0
85	38	201.2184	352.0834	0
85	39	562.9831	145.8837	0
85	40	659.2617	172.6885	0
85	41	319.7253	215.2045	0
85	42	280.8151	244.1089	0
85	43	372.2844	208.3657	0
86	1	331.853	189.8947	0
86	2	595.3099	193.3204	0
86	3	334.0134	175.3907	0
86	4	420.0669	146.7125	0
86	5	136.6529	285.8603	0
86	6	426.0597	260.3562	0
86	7	313.5146	244.1204	0
86	8	295.3944	302.4177	0
86	9	621.2341	192.293	0
86	10	206.1564	261.9119	0
86	11	667.5578	117.559	0
86	12	597.7813	118.4872	0
86	13	376.9668	141.2784	0
86	14	561.4062	184.222	0
86	15	605.6669	154.6461	0
86	16	429.3516	198.8922	0
86	17	525.9048	166.004	0
86	18	582.192	152.4763	0
86	19	231.6974	284.7698	0
86	20	364.5402	262.634	0
86	21	-0.7734239	285.4178	0
86	22	55.84213	308.2004	0
86	23	417.196	183.1316	0
86	24	604.3879	132.9878	0
86	25	260.3319	301.7121	0
86	26	530.8975	212.9763	0
86	27	568.0797	235.5638	0
86	28	46.0785	227.4796	0
86	29	594.4373	103.0971	0
86	30	555.723	109.3433	0
86	31	172.67	324.5982	0
86	32	655.7802	83.02069	0
86	33	648.2527	127.1523	0
86	34	286.1046	176.076	0
86	35	5.805308	387.6259	0
86	36	268.0728	223.8914	0
86	37	367.1555	188.0555	0
86	38	201.2121	352.1004	0
86	39	562.9878	145.8786	0
86	40	659.2628	172.6635	0
86	41	319.7306	215.2073	0
86	42	280.7857	244.1723	0
86	43	372.32	208.3399	0
87	1	331.862	189.891	0
87	2	595.3226	193.3216	0
87	3	334.0037	175.4074	0
87	4	420.0668	146.7187	0
87	5	136.5826	285.9498	0
87	6	426.0352	260.4094	0
87	7	313.5477	244.1188	0
87	8	295.4048	302.4084	0
87	9	621.2429	192.2845	0
87	10	206.1324	261.9489	0
87	11	667.5389	117.5432	0
87	12	597.7728	118.4999	0
87	13	376.9728	141.2817	0
87	14	561.4153	184.2241	0
87	15	605.6708	154.6771	0
87	16	429.334	198.8612	0
87	17	525.9267	165.9789	0
87	18	582.1987	152.4805	0
87	19	231.7469	284.7612	0
87	20	364.5331	262.5938	0
87	21	-0.7576469	285.374	0
87	22	55.83529	308.2122	0
87	23	417.1718	183.1093	0
87	24	604.3938	133.0258	0
87	25	260.3375	301.7161	0
87	26	530.9348	212.9747	0
87	27	568.0837	235.6235	0
87	28	46.13071	227.4442	0
87	29	594.436	103.1116	0
87	30	555.7272	109.3748	0
87	31	172.6668	324.61	0
87	32	655.7623	83.00018	0
87	33	648.2612	127.1547	0
87	34	286.0902	176.0807	0
87	35	5.869685	387.5559	0
87	36	268.0706	223.8921	0
87	37	367.1511	188.028	0
87	38	201.1904	352.1368	0
87	39	562.9937	145.874	0
87	40	659.26	172.6372	0
87	41	319.7364	215.21	0
87	42	280.7509	244.2379	0
87	43	372.352	208.3081	0
88	1	331.8709	189.884	0
88	2	595.3337	193.3222	0
88	3	333.9912	175.4311	0
88	4	420.0682	146.7236	0
88	5	136.5085	286.0262	0
88	6	426.0112	260.4469	0
88	7	313.582	244.1104	0
88	8	295.4154	302.3988	0
88	9	621.2509	192.2798	0
88	10	206.1055	261.9951	0
88	11	667.5192	117.5284	0
88	12	597.7647	118.4999	0
88	13	376.9792	141.2849	0
88	14	561.4254	184.2242	0
88	15	605.6774	154.71	0
88	16	429.3137	198.8317	0
88	17	525.9429	165.9487	0
88	18	582.2068	152.4836	0
88	19	231.7975	284.7425	0
88	20	364.523	262.555	0
88	21	-0.7399288	285.3308	0
88	22	55.82553	308.2264	0
88	23	417.1472	183.089	0
88	24	604.404	133.0688	0
88	25	260.3438	301.7203	0
88	26	530.9702	212.9653	0
88	27	568.0842	235.6857	0
88	28	46.1752	227.4092	0
88	29	594.4352	103.1324	0
88	30	555.7303	109.4109	0
88	31	172.6676	324.6189	0
88	32	655.7456	82.98038	0
88	33	648.2712	127.1562	0
88	34	286.1016	176.0758	0
88	35	5.917912	387.4893	0
88	36	268.0705	223.896	0
88	37	367.1443	188.001	0
88	38	201.1558	352.1927	0
88	39	563.0005	145.868	0
88	40	659.2532	172.6122	0
88	41	319.7432	215.2131	0
88	42	280.7103	244.299	0
88	43	372.3776	208.2735	0
89	1	331.8801	189.8774	0
89	2	595.3424	193.3183	0
89	3	333.9781	175.4612	0
89	4	420.0717	146.7269	0
89	5	136.4469	286.0777	0
89	6	425.9949	260.4653	0
89	7	313.615	244.0947	0
89	8	295.4265	302.3902	0
89	9	621.2573	192.2786	0
89	10	206.0779	262.0447	0
89	11	667.4965	117.5144	0
89	12	597.78	118.4974	0
89	13	376.985	141.2874	0
89	14	561.4359	184.2247	0
89	15	605.6853	154.7491	0
89	16	429.2866	198.8038	0
89	17	525.9504	165.9191	0
89	18	582.2141	152.4869	0
89	19	231.8473	284.7122	0
89	20	364.5107	262.5196	0
89	21	-0.7261923	285.2889	0
89	22	55.81799	308.24	0
89	23	417.1252	183.0734	0
89	24	604.4139	133.1183	0
89	25	260.3521	301.7246	0
89	26	531.0004	212.9477	0
89	27	568.0797	235.7486	0
89	28	46.21698	227.3723	0
89	29	594.4379	103.159	0
89	30	555.7308	109.4492	0
89	31	172.6738	324.6249	0
89	32	655.727	82.96106	0
89	33	648.2819	127.1566	0
89	34	286.1405	176.0716	0
89	35	5.947799	387.4203	0
89	36	268.0705	223.9006	0
89	37	367.1354	187.9753	0
89	38	201.1163	352.2666	0
89	39	563.0069	145.8638	0
89	40	659.2377	172.5853	0
89	41	319.7526	215.2146	0
89	42	280.6686	244.347	0
89	43	372.3947	208.239	0
90	1	331.8901	189.8714	0
90	2	595.3487	193.3095	0
90	3	333.9652	175.4937	0
90	4	420.0773	146.7292	0
90	5	136.4121	286.1008	0
90	6	425.9851	260.4624	0
90	7	313.6466	244.0725	0
90	8	295.4403	302.38	0
90	9	621.2604	192.2843	0
90	10	206.047	262.1033	0
90	11	667.472	117.5013	0
90	12	597.8071	118.4936	0
90	13	376.9904	141.2899	0
90	14	561.4455	184.2251	0
90	15	605.691	154.7915	0
90	16	429.2565	198.778	0
90	17	525.9563	165.8896	0
90	18	582.2211	152.4895	0
90	19	231.8955	284.6736	0
90	20	364.4962	262.4877	0
90	21	-0.7146955	285.2491	0
90	22	55.81518	308.2505	0
90	23	417.1074	183.0628	0
90	24	604.4206	133.1708	0
90	25	260.3641	301.7253	0
90	26	531.0258	212.9228	0
90	27	568.0683	235.8044	0
90	28	46.24948	227.3374	0
90	29	594.4438	103.1888	0
90	30	555.7278	109.4889	0
90	31	172.6805	324.6304	0
90	32	655.7065	82.94305	0
90	33	648.2924	127.1572	0
90	34	286.1803	176.061	0
90	35	5.966985	387.3535	0
90	36	268.0696	223.9072	0
90	37	367.1252	187.9529	0
90	38	201.0737	352.3538	0
90	39	563.0135	145.8617	0
90	40	659.2173	172.5583	0
90	41	319.764	215.215	0
90	42	280.6378	244.3746	0
90	43	372.4106	208.2049	0
91	1	331.9022	189.8638	0
91	2	595.3552	193.301	0
91	3	333.9515	175.5319	0
91	4	420.0823	146.7317	0
91	5	136.4016	286.0916	0
91	6	426.0122	260.4593	0
91	7	313.676	244.0453	0
91	8	295.4551	302.37	0
91	9	621.2623	192.2993	0
91	10	206.0113	262.1664	0
91	11	667.45	117.4898	0
91	12	597.8309	118.4851	0
91	13	376.9958	141.2917	0
91	14	561.4531	184.2212	0
91	15	605.6936	154.8359	0
91	16	429.2294	198.756	0
91	17	525.9547	165.861	0
91	18	582.2279	152.4917	0
91	19	231.9401	284.6273	0
91	20	364.477	262.4576	0
91	21	-0.707877	285.2142	0
91	22	55.81851	308.2578	0
91	23	417.096	183.0572	0
91	24	604.4229	133.2256	0
91	25	260.377	301.7266	0
91	26	531.0462	212.8919	0
91	27	568.0537	235.8447	0
91	28	46.26889	227.3002	0
91	29	594.4514	103.2233	0
91	30	555.7195	109.5259	0
91	31	172.6862	324.6352	0
91	32	655.6861	82.92749	0
91	33	648.3018	127.1577	0
91	34	286.2187	176.0426	0
91	35	5.98983	387.2885	0
91	36	268.0667	223.9154	0
91	37	367.1125	187.9315	0
91	38	201.0287	352.4531	0
91	39	563.0174	145.8627	0
91	40	659.1993	172.5325	0
91	41	319.7751	215.2152	0
91	42	280.6236	244.381	0
91	43	372.4143	208.17	0
92	1	331.9136	189.8581	0
92	2	595.3629	193.2933	0
92	3	333.9348	175.5741	0
92	4	420.087	146.7337	0
92	5	136.4533	286.0889	0
92	6	426.047	260.4512	0
92	7	313.7007	244.0151	0
92	8	295.467	302.3642	0
92	9	621.2614	192.3254	0
92	10	205.971	262.2323	0
92	11	667.4321	117.4818	0
92	12	597.8498	118.4714	0
92	13	377.0017	141.2936	0
92	14	561.4591	184.2138	0
92	15	605.6917	154.8796	0
92	16	429.2061	198.741	0
92	17	525.9426	165.8302	0
92	18	582.2355	152.4936	0
92	19	231.9752	284.5808	0
92	20	364.4515	262.4291	0
92	21	-0.7064834	285.1809	0
92	22	55.82513	308.2635	0
92	23	417.0915	183.0567	0
92	24	604.4186	133.2779	0
92	25	260.39	301.7263	0
92	26	531.0599	212.8573	0
92	27	568.0419	235.8652	0
92	28	46.28009	227.2633	0
92	29	594.4571	103.2616	0
92	30	555.7074	109.5542	0
92	31	172.6911	324.6401	0
92	32	655.6639	82.91251	0
92	33	648.3078	127.1531	0
92	34	286.2555	176.0187	0
92	35	6.00919	387.2242	0
92	36	268.063	223.9252	0
92	37	367.0948	187.9116	0
92	38	200.9762	352.565	0
92	39	563.0182	145.8689	0
92	40	659.1799	172.5068	0
92	41	319.786	215.2149	0
92	42	280.6363	244.3759	0
92	43	372.4085	208.1339	0
93	1	331.9236	189.8553	0
93	2	595.3724	193.2835	0
93	3	333.9147	175.6183	0
93	4	420.0912	146.7355	0
93	5	136.5115	286.0751	0
93	6	426.0796	260.4355	0
93	7	313.7182	243.9851	0
93	8	295.4754	302.3624	0
93	9	621.2632	192.361	0
93	10	205.9251	262.2972	0
93	11	667.4196	117.4766	0
93	12	597.8646	118.4541	0
93	13	377.0092	141.2957	0
93	14	561.4655	184.2067	0
93	15	605.6843	154.9159	0
93	16	429.1898	198.7315	0
93	17	525.926	165.7997	0
93	18	582.2438	152.4959	0
93	19	232.0071	284.5343	0
93	20	364.4264	262.4036	0
93	21	-0.7133517	285.1497	0
93	22	55.83055	308.2689	0
93	23	417.0912	183.0598	0
93	24	604.4081	133.3193	0
93	25	260.4029	301.7231	0
93	26	531.0646	212.8236	0
93	27	568.0325	235.8643	0
93	28	46.29323	227.2278	0
93	29	594.4599	103.3018	0
93	30	555.6958	109.5702	0
93	31	172.6953	324.645	0
93	32	655.6379	82.89841	0
93	33	648.3125	127.1464	0
93	34	286.2892	175.9896	0
93	35	6.025341	387.1618	0
93	36	268.0616	223.9337	0
93	37	367.0746	187.8931	0
93	38	200.9169	352.6817	0
93	39	563.017	145.8817	0
93	40	659.1583	172.4823	0
93	41	319.7969	215.2079	0
93	42	280.6767	244.3706	0
93	43	372.4008	208.099	0
94	1	331.9294	189.856	0
94	2	595.3817	193.2756	0
94	3	333.8904	175.6628	0
94	4	420.0956	146.737	0
94	5	136.5711	286.0494	0
94	6	426.109	260.412	0
94	7	313.7349	243.9553	0
94	8	295.4759	302.3689	0
94	9	621.27	192.4051	0
94	10	205.8762	262.3522	0
94	11	667.4133	117.4748	0
94	12	597.8744	118.4333	0
94	13	377.0188	141.296	0
94	14	561.473	184.2003	0
94	15	605.6748	154.9394	0
94	16	429.1818	198.7286	0
94	17	525.9124	165.7703	0
94	18	582.2535	152.4973	0
94	19	232.0287	284.4903	0
94	20	364.4037	262.3851	0
94	21	-0.7241517	285.1214	0
94	22	55.83524	308.2742	0
94	23	417.0917	183.064	0
94	24	604.3959	133.3441	0
94	25	260.4167	301.7117	0
94	26	531.0695	212.7909	0
94	27	568.0574	235.8611	0
94	28	46.30485	227.1926	0
94	29	594.4584	103.3425	0
94	30	555.6882	109.5742	0
94	31	172.7	324.6501	0
94	32	655.6116	82.88535	0
94	33	648.3173	127.1403	0
94	34	286.3159	175.9604	0
94	35	6.036464	387.106	0
94	36	268.0631	223.9401	0
94	37	367.0559	187.8775	0
94	38	200.849	352.8021	0
94	39	563.0144	145.9014	0
94	40	659.1359	172.4603	0
94	41	319.808	215.199	0
94	42	280.7179	244.3577	0
94	43	372.3949	208.0649	0
63	1	331.5951	187.2766	0
63	2	593.1962	196.7733	0
63	3	331.8019	172.9287	0
63	4	421.2979	143.895	0
63	5	135.6922	286.2691	0
63	6	425.3554	255.0448	0
63	7	311.0115	234.1949	0
63	8	294.9182	297.016	0
63	9	620.0132	192.9355	0
63	10	202.9026	254.3867	0
63	11	671.4263	110.9592	0
63	12	598.6124	118.5878	0
63	13	375.0708	145.7725	0
63	14	560.769	183.9668	0
63	15	607.0622	153.7642	0
63	16	428.673	208.627	0
63	17	524.305	169.1159	0
63	18	583.7049	151.6512	0
63	19	231.6469	283.8495	0
63	20	363.8392	263.7794	0
63	21	0.7608819	284.9056	0
63	22	55.94823	309.9634	0
63	23	416.2039	185.4573	0
63	24	602.4556	137.2406	0
63	25	258.6096	300.1378	0
63	26	531.7467	209.529	0
63	27	570.9757	228.4785	0
63	28	44.32941	224.9796	0
63	29	594.7039	102.3593	0
63	30	553.2792	112.8235	0
63	31	172.9618	324.8093	0
63	32	655.6821	86.14044	0
63	33	645.4017	130.6982	0
63	34	287.2266	181.1431	0
63	35	5.874065	391.2891	0
63	36	267.8412	225.7128	0
63	37	369.276	189.4514	0
63	38	203.4905	353.0533	0
63	39	564.4218	137.2896	0
63	40	661.2345	171.0308	0
63	41	319.2604	214.7811	0
63	42	282.42	243.7302	0
63	43	372.7035	209.884	0
64	1	331.5803	187.3021	0
64	2	593.1773	196.7401	0
64	3	331.8015	172.9318	0
64	4	421.2758	143.8781	0
64	5	135.633	286.3566	0
64	6	425.397	255.0282	0
64	7	310.9641	234.254	0
64	8	294.9266	297.0213	0
64	9	620.0216	192.9394	0
64	10	202.9185	254.3765	0
64	11	671.4016	110.9358	0
64	12	598.616	118.5918	0
64	13	375.0581	145.8133	0
64	14	560.776	183.9692	0
64	15	607.0688	153.7658	0
64	16	428.6734	208.6302	0
64	17	524.311	169.1102	0
64	18	583.7139	151.6433	0
64	19	231.647	283.8586	0
64	20	363.8317	263.7993	0
64	21	0.8128417	284.8611	0
64	22	55.96715	309.9513	0
64	23	416.2131	185.4511	0
64	24	602.455	137.2421	0
64	25	258.6425	300.0838	0
64	26	531.7242	209.4934	0
64	27	570.9769	228.4929	0
64	28	44.33424	224.9837	0
64	29	594.7134	102.3369	0
64	30	553.2851	112.8233	0
64	31	172.9339	324.8489	0
64	32	655.684	86.14478	0
64	33	645.4191	130.6801	0
64	34	287.2344	181.1428	0
64	35	5.931499	391.2266	0
64	36	267.8513	225.7088	0
64	37	369.2818	189.4534	0
64	38	203.5327	352.9888	0
64	39	564.3997	137.261	0
64	40	661.2145	171.0026	0
64	41	319.246	214.7511	0
64	42	282.3999	243.7737	0
64	43	372.7422	209.8732	0
65	1	331.5644	187.3361	0
65	2	593.1557	196.7079	0
65	3	331.8015	172.9355	0
65	4	421.2557	143.864	0
65	5	135.5664	286.4465	0
65	6	425.4341	255.0007	0
65	7	310.9271	234.2893	0
65	8	294.934	297.0263	0
65	9	620.0295	192.9427	0
65	10	202.9381	254.3649	0
65	11	671.3765	110.9153	0
65	12	598.6215	118.5944	0
65	13	375.0423	145.8566	0
65	14	560.7843	183.9718	0
65	15	607.0762	153.7678	0
65	16	428.6736	208.6342	0
65	17	524.3187	169.1043	0
65	18	583.722	151.6386	0
65	19	231.6515	283.8649	0
65	20	363.8176	263.8314	0
65	21	0.8631092	284.8152	0
65	22	55.98718	309.9401	0
65	23	416.2242	185.4431	0
65	24	602.4565	137.2451	0
65	25	258.6698	300.0329	0
65	26	531.701	209.4624	0
65	27	570.974	228.5204	0
65	28	44.33849	224.9871	0
65	29	594.7149	102.3152	0
65	30	553.2896	112.8196	0
65	31	172.9004	324.9023	0
65	32	655.6853	86.15396	0
65	33	645.4309	130.6577	0
65	34	287.2425	181.138	0
65	35	5.984952	391.1658	0
65	36	267.8618	225.7007	0
65	37	369.2894	189.4536	0
65	38	203.5613	352.9277	0
65	39	564.3766	137.236	0
65	40	661.1931	170.9745	0
65	41	319.2242	214.7231	0
65	42	282.3798	243.822	0
65	43	372.7782	209.854	0
66	1	331.5481	187.3767	0
66	2	593.1314	196.6773	0
66	3	331.8009	172.9405	0
66	4	421.2388	143.8543	0
66	5	135.4938	286.5287	0
66	6	425.4672	254.966	0
66	7	310.9087	234.2997	0
66	8	294.9407	297.031	0
66	9	620.0371	192.9458	0
66	10	202.9598	254.3528	0
66	11	671.3508	110.8961	0
66	12	598.6275	118.5966	0
66	13	375.0224	145.9016	0
66	14	560.7937	183.9723	0
66	15	607.0845	153.7687	0
66	16	428.6738	208.6396	0
66	17	524.3273	169.0973	0
66	18	583.7301	151.6368	0
66	19	231.6586	283.8697	0
66	20	363.8023	263.8742	0
66	21	0.8999389	284.7709	0
66	22	56.01266	309.9251	0
66	23	416.2338	185.4379	0
66	24	602.4582	137.2487	0
66	25	258.6804	299.9802	0
66	26	531.675	209.433	0
66	27	570.9709	228.5603	0
66	28	44.3418	224.9901	0
66	29	594.716	102.2931	0
66	30	553.2938	112.8154	0
66	31	172.863	324.9681	0
66	32	655.6861	86.1687	0
66	33	645.4365	130.6331	0
66	34	287.2509	181.1321	0
66	35	6.020587	391.1048	0
66	36	267.8725	225.6929	0
66	37	369.2977	189.4543	0
66	38	203.5729	352.8641	0
66	39	564.3524	137.2126	0
66	40	661.1693	170.9476	0
66	41	319.1995	214.6973	0
66	42	282.3565	243.8779	0
66	43	372.8117	209.8284	0
67	1	331.5324	187.4225	0
67	2	593.1072	196.6506	0
67	3	331.7991	172.9467	0
67	4	421.2272	143.8484	0
67	5	135.425	286.5914	0
67	6	425.4947	254.9241	0
67	7	310.9175	234.293	0
67	8	294.9465	297.0355	0
67	9	620.0452	192.9486	0
67	10	202.9769	254.3457	0
67	11	671.321	110.878	0
67	12	598.6329	118.5986	0
67	13	374.9976	145.9438	0
67	14	560.8043	183.9733	0
67	15	607.0938	153.769	0
67	16	428.6729	208.6459	0
67	17	524.3348	169.0931	0
67	18	583.7347	151.6396	0
67	19	231.6647	283.8743	0
67	20	363.7869	263.925	0
67	21	0.9228082	284.7246	0
67	22	56.03474	309.9145	0
67	23	416.243	185.4353	0
67	24	602.4603	137.2538	0
67	25	258.6794	299.9271	0
67	26	531.6431	209.4053	0
67	27	570.9726	228.6114	0
67	28	44.34506	224.993	0
67	29	594.7091	102.2705	0
67	30	553.2983	112.8117	0
67	31	172.8242	325.0422	0
67	32	655.69	86.18826	0
67	33	645.4341	130.6087	0
67	34	287.2594	181.1268	0
67	35	6.042312	391.0432	0
67	36	267.8839	225.6859	0
67	37	369.3056	189.4543	0
67	38	203.5751	352.8021	0
67	39	564.323	137.1905	0
67	40	661.1443	170.9235	0
67	41	319.177	214.6758	0
67	42	282.3292	243.937	0
67	43	372.8415	209.797	0
68	1	331.5135	187.4751	0
68	2	593.0804	196.625	0
68	3	331.7969	172.9537	0
68	4	421.2216	143.8471	0
68	5	135.3786	286.6259	0
68	6	425.5128	254.8823	0
68	7	310.9657	234.2879	0
68	8	294.9527	297.04	0
68	9	620.0538	192.9517	0
68	10	202.9894	254.3433	0
68	11	671.2886	110.8609	0
68	12	598.6381	118.6005	0
68	13	374.9707	145.9764	0
68	14	560.8136	183.9734	0
68	15	607.1024	153.7691	0
68	16	428.6726	208.6532	0
68	17	524.3417	169.0914	0
68	18	583.736	151.6498	0
68	19	231.6703	283.8788	0
68	20	363.7724	263.9812	0
68	21	0.937988	284.6794	0
68	22	56.05335	309.9086	0
68	23	416.2475	185.4368	0
68	24	602.4618	137.2598	0
68	25	258.6786	299.8762	0
68	26	531.6088	209.3799	0
68	27	570.9788	228.6696	0
68	28	44.34924	224.9962	0
68	29	594.694	102.2463	0
68	30	553.3041	112.8077	0
68	31	172.7799	325.1273	0
68	32	655.6971	86.2113	0
68	33	645.4315	130.5844	0
68	34	287.2693	181.1214	0
68	35	6.05998	390.9842	0
68	36	267.8983	225.6768	0
68	37	369.3131	189.4526	0
68	38	203.581	352.7421	0
68	39	564.2902	137.1696	0
68	40	661.1192	170.9013	0
68	41	319.1568	214.6612	0
68	42	282.2971	243.9984	0
68	43	372.8646	209.7643	0
69	1	331.4907	187.5307	0
69	2	593.0478	196.6009	0
69	3	331.7962	172.9602	0
69	4	421.2209	143.8491	0
69	5	135.3599	286.6302	0
69	6	425.5277	254.8402	0
69	7	311.0148	234.2737	0
69	8	294.9601	297.0449	0
69	9	620.064	192.9543	0
69	10	202.9904	254.35	0
69	11	671.2595	110.8457	0
69	12	598.6433	118.6018	0
69	13	374.9494	145.9953	0
69	14	560.8217	183.9718	0
69	15	607.1102	153.769	0
69	16	428.6737	208.6591	0
69	17	524.3448	169.0941	0
69	18	583.7344	151.6692	0
69	19	231.675	283.8829	0
69	20	363.7552	264.0463	0
69	21	0.9562038	284.6357	0
69	22	56.06196	309.9095	0
69	23	416.2462	185.4454	0
69	24	602.4644	137.2668	0
69	25	258.6786	299.8255	0
69	26	531.5782	209.3584	0
69	27	570.9873	228.7367	0
69	28	44.35701	224.9982	0
69	29	594.6768	102.2225	0
69	30	553.3104	112.8034	0
69	31	172.7293	325.2177	0
69	32	655.7074	86.23721	0
69	33	645.4197	130.5592	0
69	34	287.2808	181.1151	0
69	35	6.080137	390.9258	0
69	36	267.9118	225.6696	0
69	37	369.3203	189.4468	0
69	38	203.5838	352.6826	0
69	39	564.2606	137.1512	0
69	40	661.0906	170.8805	0
69	41	319.1429	214.6522	0
69	42	282.2597	244.0568	0
69	43	372.8812	209.7307	0
70	1	331.463	187.5887	0
70	2	593.0152	196.5788	0
70	3	331.7978	172.965	0
70	4	421.2212	143.8525	0
70	5	135.3854	286.6232	0
70	6	425.5342	254.8006	0
70	7	311.0613	234.2484	0
70	8	294.971	297.0473	0
70	9	620.075	192.9547	0
70	10	202.979	254.3695	0
70	11	671.2358	110.835	0
70	12	598.649	118.6031	0
70	13	374.9377	146.0001	0
70	14	560.8275	183.9649	0
70	15	607.1154	153.7641	0
70	16	428.677	208.6633	0
70	17	524.3448	169.1034	0
70	18	583.7329	151.6975	0
70	19	231.6799	283.8872	0
70	20	363.7339	264.1152	0
70	21	0.9714334	284.5924	0
70	22	56.05328	309.9236	0
70	23	416.2394	185.4628	0
70	24	602.468	137.2723	0
70	25	258.6749	299.7764	0
70	26	531.553	209.3439	0
70	27	570.9929	228.8109	0
70	28	44.36835	224.9984	0
70	29	594.6614	102.1996	0
70	30	553.3159	112.801	0
70	31	172.6723	325.3115	0
70	32	655.7175	86.26715	0
70	33	645.4006	130.5328	0
70	34	287.2903	181.1114	0
70	35	6.095715	390.869	0
70	36	267.9236	225.6657	0
70	37	369.3279	189.4409	0
70	38	203.5832	352.6249	0
70	39	564.2358	137.1383	0
70	40	661.058	170.8606	0
70	41	319.1362	214.6498	0
70	42	282.2206	244.1036	0
70	43	372.8946	209.6983	0
71	1	331.4295	187.6436	0
71	2	592.9869	196.5609	0
71	3	331.8024	172.9683	0
71	4	421.2214	143.8566	0
71	5	135.4406	286.6139	0
71	6	425.528	254.7584	0
71	7	311.1054	234.215	0
71	8	294.9844	297.0483	0
71	9	620.0866	192.9557	0
71	10	202.9534	254.4043	0
71	11	671.2191	110.8279	0
71	12	598.6556	118.6046	0
71	13	374.9435	145.9959	0
71	14	560.8335	183.9578	0
71	15	607.1201	153.7581	0
71	16	428.6826	208.6662	0
71	17	524.341	169.121	0
71	18	583.7349	151.734	0
71	19	231.6861	283.8917	0
71	20	363.7076	264.1869	0
71	21	0.9841745	284.5508	0
71	22	56.02752	309.9533	0
71	23	416.2291	185.4889	0
71	24	602.4738	137.2762	0
71	25	258.668	299.7303	0
71	26	531.5357	209.3349	0
71	27	570.994	228.8882	0
71	28	44.37968	224.9989	0
71	29	594.6439	102.1771	0
71	30	553.3209	112.8004	0
71	31	172.6082	325.4029	0
71	32	655.7256	86.29889	0
71	33	645.3807	130.5071	0
71	34	287.2981	181.11	0
71	35	6.10873	390.8145	0
71	36	267.9304	225.6657	0
71	37	369.3357	189.4357	0
71	38	203.5789	352.5734	0
71	39	564.2181	137.1297	0
71	40	661.0284	170.8427	0
71	41	319.1354	214.6524	0
71	42	282.1903	244.1319	0
71	43	372.8962	209.6645	0
72	1	331.3931	187.6876	0
72	2	592.9644	196.5488	0
72	3	331.8079	172.9711	0
72	4	421.2213	143.8621	0
72	5	135.4991	286.5941	0
72	6	425.5148	254.7168	0
72	7	311.1458	234.1736	0
72	8	294.9974	297.0489	0
72	9	620.0969	192.9564	0
72	10	202.9214	254.452	0
72	11	671.2104	110.8251	0
72	12	598.6629	118.6051	0
72	13	374.9758	145.993	0
72	14	560.8398	183.9514	0
72	15	607.1251	153.7527	0
72	16	428.6879	208.6692	0
72	17	524.3367	169.1463	0
72	18	583.7401	151.774	0
72	19	231.6961	283.8936	0
72	20	363.675	264.2554	0
72	21	0.9927598	284.5139	0
72	22	55.98753	309.9988	0
72	23	416.2196	185.5229	0
72	24	602.4812	137.2789	0
72	25	258.6585	299.6892	0
72	26	531.5273	209.3326	0
72	27	570.9889	228.9667	0
72	28	44.39155	224.999	0
72	29	594.6242	102.1559	0
72	30	553.3232	112.8028	0
72	31	172.5409	325.48	0
72	32	655.7307	86.33206	0
72	33	645.3621	130.4821	0
72	34	287.3008	181.1126	0
72	35	6.11637	390.7666	0
72	36	267.9285	225.6735	0
72	37	369.3454	189.4295	0
72	38	203.5699	352.5257	0
72	39	564.2089	137.1265	0
72	40	661.0036	170.83	0
72	41	319.1359	214.6571	0
72	42	282.1745	244.1405	0
72	43	372.8896	209.6299	0
73	1	331.3639	187.7139	0
73	2	592.9499	196.5417	0
73	3	331.8128	172.9736	0
73	4	421.2203	143.8683	0
73	5	135.5589	286.5619	0
73	6	425.5049	254.6766	0
73	7	311.1778	234.1305	0
73	8	295.0102	297.0487	0
73	9	620.1046	192.9524	0
73	10	202.886	254.5118	0
73	11	671.209	110.8262	0
73	12	598.6711	118.6055	0
73	13	375.0078	145.9851	0
73	14	560.8483	183.9441	0
73	15	607.1317	153.7472	0
73	16	428.6927	208.6715	0
73	17	524.3349	169.1786	0
73	18	583.7477	151.8203	0
73	19	231.7081	283.8949	0
73	20	363.6392	264.3107	0
73	21	0.9964427	284.4796	0
73	22	55.94012	310.0585	0
73	23	416.2113	185.5622	0
73	24	602.4879	137.2818	0
73	25	258.6436	299.6503	0
73	26	531.5264	209.3351	0
73	27	570.9751	229.0366	0
73	28	44.4064	224.9923	0
73	29	594.6043	102.1376	0
73	30	553.3236	112.8096	0
73	31	172.4865	325.5301	0
73	32	655.7311	86.3631	0
73	33	645.3412	130.4578	0
73	34	287.2968	181.1214	0
73	35	6.117863	390.7211	0
73	36	267.9183	225.6909	0
73	37	369.3556	189.4238	0
73	38	203.5532	352.481	0
73	39	564.2073	137.1277	0
73	40	660.9855	170.8212	0
73	41	319.1358	214.6628	0
73	42	282.1796	244.1345	0
73	43	372.8829	209.5967	0
74	1	331.3489	187.7223	0
74	2	592.9438	196.5403	0
74	3	331.8173	172.9759	0
74	4	421.2199	143.8754	0
74	5	135.6185	286.5212	0
74	6	425.4933	254.6365	0
74	7	311.2031	234.0874	0
74	8	295.0233	297.0389	0
74	9	620.1099	192.9443	0
74	10	202.8496	254.5789	0
74	11	671.2108	110.8291	0
74	12	598.6786	118.6055	0
74	13	375.0376	145.9709	0
74	14	560.8572	183.9368	0
74	15	607.1388	153.7407	0
74	16	428.6972	208.6737	0
74	17	524.3358	169.215	0
74	18	583.7537	151.8724	0
74	19	231.72	283.8954	0
74	20	363.6102	264.3445	0
74	21	0.9926602	284.4473	0
74	22	55.88717	310.1287	0
74	23	416.2036	185.6072	0
74	24	602.4943	137.2841	0
74	25	258.6199	299.6135	0
74	26	531.5276	209.3399	0
74	27	570.957	229.0874	0
74	28	44.42285	224.983	0
74	29	594.5826	102.1201	0
74	30	553.3214	112.8221	0
74	31	172.4583	325.5503	0
74	32	655.7272	86.38681	0
74	33	645.3184	130.4351	0
74	34	287.2859	181.1377	0
74	35	6.1098	390.6785	0
74	36	267.9002	225.7188	0
74	37	369.364	189.4208	0
74	38	203.5288	352.4391	0
74	39	564.2089	137.1312	0
74	40	660.9756	170.8174	0
74	41	319.1347	214.6709	0
74	42	282.2173	244.1305	0
74	43	372.8767	209.5639	0
75	1	331.3539	187.7171	0
75	2	592.9443	196.5428	0
75	3	331.8216	172.9778	0
75	4	421.2213	143.8809	0
75	5	135.6752	286.4724	0
75	6	425.4787	254.5979	0
75	7	311.2229	234.0467	0
75	8	295.0368	297.0267	0
75	9	620.1156	192.9365	0
75	10	202.8085	254.6565	0
75	11	671.213	110.8326	0
75	12	598.6852	118.6052	0
75	13	375.0651	145.9522	0
75	14	560.8651	183.9328	0
75	15	607.1453	153.737	0
75	16	428.7021	208.6756	0
75	17	524.3376	169.257	0
75	18	583.7561	151.9271	0
75	19	231.7319	283.8949	0
75	20	363.594	264.3555	0
75	21	0.9824325	284.4173	0
75	22	55.82973	310.2087	0
75	23	416.1931	185.6578	0
75	24	602.5004	137.2863	0
75	25	258.5951	299.5803	0
75	26	531.5287	209.3458	0
75	27	570.942	229.1136	0
75	28	44.43958	224.9744	0
75	29	594.5566	102.1036	0
75	30	553.3195	112.8397	0
75	31	172.4575	325.5416	0
75	32	655.7214	86.40042	0
75	33	645.2954	130.4153	0
75	34	287.2715	181.161	0
75	35	6.09686	390.64	0
75	36	267.8799	225.7559	0
75	37	369.3699	189.4203	0
75	38	203.5047	352.403	0
75	39	564.2106	137.1354	0
75	40	660.973	170.8178	0
75	41	319.1317	214.6804	0
75	42	282.2562	244.1193	0
75	43	372.8677	209.5322	0
76	1	331.3926	187.7138	0
76	2	592.9462	196.5469	0
76	3	331.8264	172.9797	0
76	4	421.2252	143.8846	0
76	5	135.7223	286.4242	0
76	6	425.4619	254.5633	0
76	7	311.2281	234.0039	0
76	8	295.0504	297.0154	0
76	9	620.1224	192.9294	0
76	10	202.7609	254.7402	0
76	11	671.2158	110.8375	0
76	12	598.6898	118.601	0
76	13	375.0894	145.9292	0
76	14	560.871	183.9319	0
76	15	607.1516	153.7356	0
76	16	428.7074	208.6777	0
76	17	524.3371	169.3035	0
76	18	583.7535	151.9828	0
76	19	231.745	283.8859	0
76	20	363.5974	264.3484	0
76	21	0.9708112	284.3916	0
76	22	55.76409	310.2986	0
76	23	416.1791	185.7108	0
76	24	602.507	137.2881	0
76	25	258.5718	299.555	0
76	26	531.5303	209.3538	0
76	27	570.9301	229.1133	0
76	28	44.45734	224.9662	0
76	29	594.5292	102.0883	0
76	30	553.3196	112.8619	0
76	31	172.5089	325.5374	0
76	32	655.7161	86.40421	0
76	33	645.2703	130.3963	0
76	34	287.2558	181.1909	0
76	35	6.082601	390.6094	0
76	36	267.8583	225.8	0
76	37	369.3706	189.425	0
76	38	203.4812	352.3782	0
76	39	564.2126	137.1413	0
76	40	660.9747	170.8208	0
76	41	319.1294	214.6912	0
76	42	282.2939	244.0995	0
76	43	372.8566	209.5028	0
77	1	331.4318	187.7039	0
77	2	592.9481	196.5521	0
77	3	331.8324	172.9818	0
77	4	421.2314	143.8873	0
77	5	135.7656	286.3734	0
77	6	425.4437	254.5314	0
77	7	311.2231	233.9605	0
77	8	295.0664	297.0041	0
77	9	620.1306	192.9202	0
77	10	202.707	254.8274	0
77	11	671.2182	110.8434	0
77	12	598.6941	118.5961	0
77	13	375.1079	145.9058	0
77	14	560.8734	183.9371	0
77	15	607.1552	153.7383	0
77	16	428.7141	208.6795	0
77	17	524.3333	169.3522	0
77	18	583.7438	152.0323	0
77	19	231.7586	283.875	0
77	20	363.6388	264.3438	0
77	21	0.9570748	284.374	0
77	22	55.6922	310.3925	0
77	23	416.1603	185.7652	0
77	24	602.5139	137.2902	0
77	25	258.5518	299.538	0
77	26	531.5308	209.3631	0
77	27	570.9597	229.109	0
77	28	44.47909	224.9558	0
77	29	594.5047	102.0752	0
77	30	553.3215	112.8856	0
77	31	172.5647	325.5213	0
77	32	655.7191	86.40134	0
77	33	645.241	130.3784	0
77	34	287.2399	181.2234	0
77	35	6.067072	390.5894	0
77	36	267.8365	225.8502	0
77	37	369.3663	189.4365	0
77	38	203.4629	352.3621	0
77	39	564.2139	137.1484	0
77	40	660.9767	170.8246	0
77	41	319.1299	214.6997	0
77	42	282.3302	244.0735	0
77	43	372.8438	209.4768	0
78	1	331.4686	187.6858	0
78	2	592.9504	196.5593	0
78	3	331.8406	172.9821	0
78	4	421.2371	143.8902	0
78	5	135.7983	286.3254	0
78	6	425.4201	254.5012	0
78	7	311.2192	233.919	0
78	8	295.0854	296.9901	0
78	9	620.1387	192.913	0
78	10	202.6458	254.9137	0
78	11	671.2217	110.8501	0
78	12	598.6987	118.5918	0
78	13	375.1218	145.8814	0
78	14	560.8734	183.9503	0
78	15	607.1566	153.7472	0
78	16	428.7223	208.6796	0
78	17	524.3251	169.4013	0
78	18	583.7303	152.0678	0
78	19	231.7723	283.8649	0
78	20	363.6805	264.3308	0
78	21	0.945777	284.3629	0
78	22	55.61234	310.4893	0
78	23	416.1357	185.8148	0
78	24	602.5222	137.292	0
78	25	258.5387	299.5289	0
78	26	531.5325	209.3737	0
78	27	571.0037	229.0999	0
78	28	44.49728	224.9491	0
78	29	594.4849	102.0662	0
78	30	553.3244	112.9137	0
78	31	172.6205	325.4924	0
78	32	655.7437	86.39966	0
78	33	645.2113	130.3619	0
78	34	287.2228	181.2614	0
78	35	6.055576	390.5782	0
78	36	267.8107	225.9073	0
78	37	369.3565	189.456	0
78	38	203.4519	352.356	0
78	39	564.216	137.1566	0
78	40	660.9793	170.8297	0
78	41	319.1339	214.7056	0
78	42	282.3638	244.0416	0
78	43	372.8272	209.4521	0
79	1	331.5032	187.6615	0
79	2	592.9521	196.5677	0
79	3	331.8496	172.9828	0
79	4	421.2424	143.8925	0
79	5	135.8152	286.275	0
79	6	425.391	254.4727	0
79	7	311.2155	233.8775	0
79	8	295.1012	296.9811	0
79	9	620.1471	192.9092	0
79	10	202.5793	254.9876	0
79	11	671.2263	110.8557	0
79	12	598.7047	118.5872	0
79	13	375.1321	145.858	0
79	14	560.8699	183.9732	0
79	15	607.1559	153.7639	0
79	16	428.7306	208.6801	0
79	17	524.3109	169.4445	0
79	18	583.7184	152.086	0
79	19	231.7885	283.8546	0
79	20	363.7193	264.3079	0
79	21	0.9386848	284.3591	0
79	22	55.52604	310.5793	0
79	23	416.1093	185.8522	0
79	24	602.5313	137.2922	0
79	25	258.5338	299.5278	0
79	26	531.5359	209.3822	0
79	27	571.0423	229.0813	0
79	28	44.51229	224.946	0
79	29	594.4714	102.0605	0
79	30	553.3257	112.9447	0
79	31	172.6766	325.4527	0
79	32	655.7653	86.39426	0
79	33	645.1855	130.3485	0
79	34	287.2025	181.3036	0
79	35	6.049653	390.5762	0
79	36	267.7809	225.9675	0
79	37	369.3456	189.4823	0
79	38	203.4486	352.3582	0
79	39	564.2195	137.1635	0
79	40	660.9817	170.8362	0
79	41	319.1416	214.7097	0
79	42	282.3911	244.0085	0
79	43	372.8049	209.4287	0
80	1	331.5348	187.6313	0
80	2	592.9554	196.5768	0
80	3	331.8583	172.9827	0
80	4	421.2474	143.8943	0
80	5	135.8224	286.2252	0
80	6	425.3638	254.4475	0
80	7	311.2085	233.8376	0
80	8	295.1147	296.9767	0
80	9	620.1526	192.9094	0
80	10	202.5223	255.0375	0
80	11	671.2328	110.8597	0
80	12	598.7111	118.5822	0
80	13	375.1326	145.833	0
80	14	560.8681	184.0044	0
80	15	607.1559	153.7879	0
80	16	428.7385	208.6803	0
80	17	524.2948	169.4749	0
80	18	583.7076	152.0858	0
80	19	231.8075	283.8422	0
80	20	363.7556	264.2775	0
80	21	0.936047	284.3613	0
80	22	55.44285	310.6503	0
80	23	416.0895	185.8724	0
80	24	602.5408	137.2929	0
80	25	258.5333	299.5323	0
80	26	531.5423	209.3882	0
80	27	571.0733	229.052	0
80	28	44.51816	224.9483	0
80	29	594.465	102.0591	0
80	30	553.3246	112.9773	0
80	31	172.7312	325.4036	0
80	32	655.7816	86.38422	0
80	33	645.1655	130.3394	0
80	34	287.1788	181.3478	0
80	35	6.046941	390.581	0
80	36	267.7458	226.0301	0
80	37	369.3345	189.5146	0
80	38	203.4471	352.3652	0
80	39	564.2256	137.1685	0
80	40	660.985	170.8438	0
80	41	319.1485	214.714	0
80	42	282.413	243.9744	0
80	43	372.782	209.4075	0
81	1	331.5597	187.5995	0
81	2	592.96	196.5838	0
81	3	331.8668	172.9814	0
81	4	421.2527	143.896	0
81	5	135.8322	286.1773	0
81	6	425.3399	254.4297	0
81	7	311.1986	233.8005	0
81	8	295.1195	296.9804	0
81	9	620.1551	192.9174	0
81	10	202.49	255.0602	0
81	11	671.241	110.8625	0
81	12	598.7169	118.5796	0
81	13	375.1266	145.8074	0
81	14	560.8696	184.0429	0
81	15	607.1592	153.8186	0
81	16	428.7457	208.6769	0
81	17	524.2827	169.4902	0
81	18	583.7286	152.0823	0
81	19	231.823	283.8345	0
81	20	363.788	264.2403	0
81	21	0.9334838	284.3665	0
81	22	55.38546	310.6908	0
81	23	416.0793	185.8752	0
81	24	602.5493	137.2935	0
81	25	258.5334	299.5385	0
81	26	531.5513	209.3924	0
81	27	571.098	229.0151	0
81	28	44.5088	224.9602	0
81	29	594.4644	102.0606	0
81	30	553.32	113.0101	0
81	31	172.7789	325.35	0
81	32	655.7935	86.37073	0
81	33	645.1525	130.334	0
81	34	287.1509	181.3925	0
81	35	6.044178	390.5882	0
81	36	267.7051	226.0893	0
81	37	369.3243	189.5492	0
81	38	203.4455	352.3735	0
81	39	564.234	137.1719	0
81	40	660.9892	170.8506	0
81	41	319.1548	214.7175	0
81	42	282.4311	243.9416	0
81	43	372.7611	209.3913	0
82	1	331.5786	187.5679	0
82	2	592.9674	196.5886	0
82	3	331.8752	172.9753	0
82	4	421.2587	143.8979	0
82	5	135.8401	286.1296	0
82	6	425.3219	254.4178	0
82	7	311.1868	233.7674	0
82	8	295.1136	296.9973	0
82	9	620.1559	192.9352	0
82	10	202.4796	255.0524	0
82	11	671.2485	110.8654	0
82	12	598.7222	118.5789	0
82	13	375.1213	145.7828	0
82	14	560.8747	184.0859	0
82	15	607.1654	153.8519	0
82	16	428.7522	208.6705	0
82	17	524.2742	169.4891	0
82	18	583.7645	152.0765	0
82	19	231.8356	283.8309	0
82	20	363.8134	264.2014	0
82	21	0.9304727	284.3729	0
82	22	55.36307	310.6992	0
82	23	416.0951	185.8715	0
82	24	602.5555	137.2904	0
82	25	258.5324	299.5467	0
82	26	531.5596	209.3966	0
82	27	571.1146	228.9713	0
82	28	44.48464	224.9836	0
82	29	594.4656	102.0637	0
82	30	553.3111	113.038	0
82	31	172.8172	325.2969	0
82	32	655.8008	86.35391	0
82	33	645.147	130.3331	0
82	34	287.1192	181.4319	0
82	35	6.039898	390.5976	0
82	36	267.6624	226.1367	0
82	37	369.3126	189.5901	0
82	38	203.4424	352.3852	0
82	39	564.242	137.1754	0
82	40	660.9952	170.8557	0
82	41	319.1604	214.7207	0
82	42	282.4377	243.9075	0
82	43	372.7441	209.3803	0
83	1	331.5938	187.5379	0
83	2	592.9761	196.5922	0
83	3	331.8839	172.9691	0
83	4	421.2663	143.8993	0
83	5	135.8447	286.0837	0
83	6	425.3117	254.4128	0
83	7	311.1701	233.7359	0
83	8	295.0965	297.0295	0
83	9	620.1552	192.9636	0
83	10	202.531	255.0504	0
83	11	671.2556	110.8676	0
83	12	598.725	118.5816	0
83	13	375.1158	145.7585	0
83	14	560.8799	184.1358	0
83	15	607.1738	153.8908	0
83	16	428.7592	208.6645	0
83	17	524.297	169.4868	0
83	18	583.7962	152.0642	0
83	19	231.8393	283.8348	0
83	20	363.8318	264.1615	0
83	21	0.9252718	284.3818	0
83	22	55.38584	310.6917	0
83	23	416.1306	185.8665	0
83	24	602.5602	137.2845	0
83	25	258.5294	299.5581	0
83	26	531.5673	209.4001	0
83	27	571.1201	228.9281	0
83	28	44.44925	225.0184	0
83	29	594.4669	102.0673	0
83	30	553.3007	113.0569	0
83	31	172.8524	325.2462	0
83	32	655.8027	86.3363	0
83	33	645.1472	130.3353	0
83	34	287.0896	181.4596	0
83	35	6.032657	390.6104	0
83	36	267.6295	226.1651	0
83	37	369.2979	189.6342	0
83	38	203.4364	352.3997	0
83	39	564.2495	137.1781	0
83	40	661.0032	170.8592	0
83	41	319.1661	214.7238	0
83	42	282.4362	243.873	0
83	43	372.7332	209.3745	0
84	1	331.5972	187.5062	0
84	2	592.9839	196.5958	0
84	3	331.8929	172.9635	0
84	4	421.2755	143.8993	0
84	5	135.8459	286.0423	0
84	6	425.3093	254.4135	0
84	7	311.1458	233.7061	0
84	8	295.0729	297.0764	0
84	9	620.1586	193.0013	0
84	10	202.5879	255.0374	0
84	11	671.2624	110.8697	0
84	12	598.7261	118.5895	0
84	13	375.1081	145.7352	0
84	14	560.8821	184.1894	0
84	15	607.1805	153.9342	0
84	16	428.7668	208.659	0
84	17	524.3285	169.4812	0
84	18	583.8217	152.0444	0
84	19	231.8319	283.8506	0
84	20	363.8468	264.123	0
84	21	0.9166865	284.3924	0
84	22	55.44394	310.6829	0
84	23	416.1647	185.8552	0
84	24	602.5651	137.2788	0
84	25	258.5244	299.5716	0
84	26	531.5748	209.4031	0
84	27	571.1238	228.885	0
84	28	44.40717	225.0636	0
84	29	594.4686	102.0722	0
84	30	553.2927	113.0658	0
84	31	172.8715	325.1949	0
84	32	655.8002	86.31894	0
84	33	645.1487	130.3387	0
84	34	287.0704	181.4734	0
84	35	6.021906	390.6257	0
84	36	267.6135	226.1737	0
84	37	369.2797	189.6801	0
84	38	203.4295	352.4168	0
84	39	564.2565	137.1808	0
84	40	661.0109	170.8624	0
84	41	319.1724	214.7272	0
84	42	282.4348	243.8398	0
84	43	372.7288	209.3742	0
85	1	331.5924	187.4738	0
85	2	592.9913	196.5989	0
85	3	331.904	172.9572	0
85	4	421.2845	143.8996	0
85	5	135.8428	286.0044	0
85	6	425.3101	254.4177	0
85	7	311.1212	233.679	0
85	8	295.0479	297.1367	0
85	9	620.1664	193.0462	0
85	10	202.6445	255.013	0
85	11	671.2695	110.8714	0
85	12	598.725	118.6039	0
85	13	375.0986	145.7139	0
85	14	560.8804	184.2452	0
85	15	607.1845	153.9798	0
85	16	428.776	208.6519	0
85	17	524.3566	169.4695	0
85	18	583.842	152.0195	0
85	19	231.8124	283.8806	0
85	20	363.8493	264.0833	0
85	21	0.9069565	284.4048	0
85	22	55.50723	310.6628	0
85	23	416.1953	185.8363	0
85	24	602.571	137.2737	0
85	25	258.5212	299.5852	0
85	26	531.5829	209.4059	0
85	27	571.1177	228.8436	0
85	28	44.36066	225.1144	0
85	29	594.4698	102.0777	0
85	30	553.2855	113.0638	0
85	31	172.8784	325.1427	0
85	32	655.796	86.30228	0
85	33	645.1505	130.3428	0
85	34	287.0618	181.4722	0
85	35	6.011903	390.6422	0
85	36	267.6208	226.1683	0
85	37	369.2571	189.725	0
85	38	203.426	352.4313	0
85	39	564.2639	137.1831	0
85	40	661.0181	170.865	0
85	41	319.1816	214.7298	0
85	42	282.4337	243.807	0
85	43	372.7284	209.3774	0
86	1	331.5878	187.4426	0
86	2	592.9984	196.6016	0
86	3	331.9158	172.951	0
86	4	421.2933	143.9	0
86	5	135.8332	285.9688	0
86	6	425.3111	254.4229	0
86	7	311.0984	233.6585	0
86	8	295.0229	297.2057	0
86	9	620.1786	193.097	0
86	10	202.701	254.9778	0
86	11	671.2773	110.8732	0
86	12	598.7249	118.6241	0
86	13	375.0877	145.6949	0
86	14	560.8732	184.3	0
86	15	607.1841	154.026	0
86	16	428.7847	208.6467	0
86	17	524.3801	169.4513	0
86	18	583.8558	151.9897	0
86	19	231.7863	283.9233	0
86	20	363.8427	264.0431	0
86	21	0.9009593	284.4151	0
86	22	55.57347	310.6287	0
86	23	416.2227	185.812	0
86	24	602.5781	137.267	0
86	25	258.5218	299.5957	0
86	26	531.5917	209.4091	0
86	27	571.0988	228.7996	0
86	28	44.30995	225.1726	0
86	29	594.472	102.084	0
86	30	553.3044	113.0625	0
86	31	172.8825	325.0926	0
86	32	655.7843	86.28415	0
86	33	645.1527	130.3484	0
86	34	287.0829	181.4697	0
86	35	6.007	390.6549	0
86	36	267.6604	226.1643	0
86	37	369.2312	189.7619	0
86	38	203.4269	352.4426	0
86	39	564.2717	137.1855	0
86	40	661.0248	170.8677	0
86	41	319.1935	214.7302	0
86	42	282.4298	243.7753	0
86	43	372.7285	209.3818	0
87	1	331.5839	187.4117	0
87	2	593.0061	196.6043	0
87	3	331.9254	172.9477	0
87	4	421.3011	143.896	0
87	5	135.8157	285.9351	0
87	6	425.3118	254.4303	0
87	7	311.0795	233.6447	0
87	8	294.996	297.2851	0
87	9	620.1902	193.155	0
87	10	202.7559	254.934	0
87	11	671.2862	110.875	0
87	12	598.7277	118.6497	0
87	13	375.0735	145.6769	0
87	14	560.86	184.3455	0
87	15	607.1779	154.0665	0
87	16	428.7927	208.6441	0
87	17	524.3996	169.4283	0
87	18	583.861	151.9607	0
87	19	231.7576	283.9782	0
87	20	363.8362	264.0045	0
87	21	0.899068	284.4228	0
87	22	55.64078	310.585	0
87	23	416.2459	185.7825	0
87	24	602.5849	137.2621	0
87	25	258.5272	299.603	0
87	26	531.6023	209.4115	0
87	27	571.0745	228.7563	0
87	28	44.25229	225.2383	0
87	29	594.4753	102.089	0
87	30	553.3276	113.0587	0
87	31	172.8892	325.043	0
87	32	655.7678	86.26526	0
87	33	645.1548	130.3545	0
87	34	287.1145	181.4645	0
87	35	6.007174	390.6642	0
87	36	267.7014	226.1529	0
87	37	369.2089	189.7854	0
87	38	203.434	352.45	0
87	39	564.2812	137.1878	0
87	40	661.0319	170.87	0
87	41	319.2052	214.7309	0
87	42	282.424	243.7458	0
87	43	372.7283	209.3875	0
88	1	331.5772	187.3818	0
88	2	593.0145	196.6073	0
88	3	331.9324	172.9471	0
88	4	421.3085	143.8899	0
88	5	135.7975	285.9054	0
88	6	425.311	254.4397	0
88	7	311.0674	233.6375	0
88	8	294.9634	297.3726	0
88	9	620.1986	193.2162	0
88	10	202.8045	254.8844	0
88	11	671.2956	110.8753	0
88	12	598.7328	118.6768	0
88	13	375.0546	145.6598	0
88	14	560.8453	184.375	0
88	15	607.1685	154.095	0
88	16	428.7975	208.6447	0
88	17	524.4138	169.401	0
88	18	583.8631	151.9303	0
88	19	231.7279	284.0404	0
88	20	363.8301	263.9662	0
88	21	0.9034975	284.4278	0
88	22	55.70698	310.5317	0
88	23	416.2617	185.7528	0
88	24	602.592	137.2597	0
88	25	258.5355	299.6085	0
88	26	531.6144	209.4116	0
88	27	571.054	228.7145	0
88	28	44.18943	225.307	0
88	29	594.4806	102.0923	0
88	30	553.348	113.0507	0
88	31	172.8921	324.9947	0
88	32	655.7524	86.24716	0
88	33	645.1581	130.3613	0
88	34	287.1458	181.4539	0
88	35	6.013471	390.6703	0
88	36	267.7411	226.1327	0
88	37	369.1956	189.7948	0
88	38	203.4422	352.4565	0
88	39	564.2918	137.1882	0
88	40	661.0397	170.8722	0
88	41	319.2166	214.7316	0
88	42	282.416	243.7196	0
88	43	372.7272	209.3949	0
89	1	331.5682	187.3541	0
89	2	593.0245	196.6092	0
89	3	331.9334	172.9517	0
89	4	421.3163	143.8842	0
89	5	135.7787	285.8846	0
89	6	425.3104	254.4508	0
89	7	311.0631	233.6368	0
89	8	294.9254	297.4636	0
89	9	620.2023	193.2799	0
89	10	202.8419	254.8358	0
89	11	671.3058	110.876	0
89	12	598.7396	118.709	0
89	13	375.0356	145.6441	0
89	14	560.8351	184.3873	0
89	15	607.1598	154.1093	0
89	16	428.7973	208.6515	0
89	17	524.42	169.3744	0
89	18	583.8583	151.901	0
89	19	231.6955	284.1121	0
89	20	363.821	263.9293	0
89	21	0.9085989	284.4326	0
89	22	55.76357	310.4777	0
89	23	416.2744	185.7232	0
89	24	602.5965	137.2603	0
89	25	258.5427	299.6136	0
89	26	531.6267	209.4122	0
89	27	571.0309	228.673	0
89	28	44.12	225.3776	0
89	29	594.4877	102.0948	0
89	30	553.3649	113.0387	0
89	31	172.8921	324.9484	0
89	32	655.7369	86.22922	0
89	33	645.1624	130.3665	0
89	34	287.1762	181.4374	0
89	35	6.018995	390.6766	0
89	36	267.7794	226.1059	0
89	37	369.1916	189.7899	0
89	38	203.4493	352.4621	0
89	39	564.3033	137.1891	0
89	40	661.0483	170.8747	0
89	41	319.2281	214.7254	0
89	42	282.4041	243.6948	0
89	43	372.7253	209.4035	0
90	1	331.5578	187.3296	0
90	2	593.0356	196.6096	0
90	3	331.9283	172.9633	0
90	4	421.3251	143.8789	0
90	5	135.7631	285.8708	0
90	6	425.3115	254.4606	0
90	7	311.063	233.6406	0
90	8	294.8802	297.556	0
90	9	620.1989	193.34	0
90	10	202.8779	254.7886	0
90	11	671.3146	110.8764	0
90	12	598.7446	118.7446	0
90	13	375.0184	145.6324	0
90	14	560.8281	184.3819	0
90	15	607.1507	154.1082	0
90	16	428.7926	208.6658	0
90	17	524.4254	169.3479	0
90	18	583.8429	151.8693	0
90	19	231.6572	284.1909	0
90	20	363.8097	263.8947	0
90	21	0.9129289	284.4366	0
90	22	55.8158	310.4231	0
90	23	416.2807	185.695	0
90	24	602.5982	137.2666	0
90	25	258.5493	299.6186	0
90	26	531.6381	209.4127	0
90	27	571.0044	228.6331	0
90	28	44.04585	225.4417	0
90	29	594.4941	102.0974	0
90	30	553.3784	113.0236	0
90	31	172.889	324.9077	0
90	32	655.7197	86.21207	0
90	33	645.1688	130.37	0
90	34	287.205	181.4167	0
90	35	6.023798	390.6821	0
90	36	267.8152	226.0728	0
90	37	369.2218	189.7883	0
90	38	203.4557	352.4677	0
90	39	564.3136	137.1897	0
90	40	661.0576	170.8753	0
90	41	319.2396	214.716	0
90	42	282.3865	243.6712	0
90	43	372.7245	209.4121	0
91	1	331.5435	187.3062	0
91	2	593.0464	196.6102	0
91	3	331.9164	172.9834	0
91	4	421.3355	143.8722	0
91	5	135.7531	285.8649	0
91	6	425.3156	254.468	0
91	7	311.0634	233.6457	0
91	8	294.8279	297.6391	0
91	9	620.1893	193.3877	0
91	10	202.8979	254.7414	0
91	11	671.3212	110.8743	0
91	12	598.7469	118.782	0
91	13	375.0045	145.6244	0
91	14	560.8638	184.3805	0
91	15	607.1706	154.1057	0
91	16	428.7846	208.6884	0
91	17	524.4233	169.3221	0
91	18	583.8224	151.8378	0
91	19	231.6136	284.2728	0
91	20	363.7966	263.864	0
91	21	0.9164128	284.4405	0
91	22	55.85669	310.3721	0
91	23	416.2766	185.6647	0
91	24	602.5983	137.28	0
91	25	258.5548	299.6232	0
91	26	531.6472	209.4071	0
91	27	570.9768	228.5977	0
91	28	43.97709	225.4898	0
91	29	594.5001	102.0994	0
91	30	553.388	113.006	0
91	31	172.8811	324.8688	0
91	32	655.7009	86.1965	0
91	33	645.1764	130.3727	0
91	34	287.2304	181.3925	0
91	35	6.027331	390.6873	0
91	36	267.8442	226.0381	0
91	37	369.2525	189.7812	0
91	38	203.4618	352.4729	0
91	39	564.322	137.187	0
91	40	661.0681	170.8762	0
91	41	319.2513	214.7072	0
91	42	282.368	243.65	0
91	43	372.7262	209.4187	0
92	1	331.5232	187.2839	0
92	2	593.0561	196.6106	0
92	3	331.9023	173.0108	0
92	4	421.3449	143.8677	0
92	5	135.7497	285.8659	0
92	6	425.3232	254.473	0
92	7	311.063	233.6526	0
92	8	294.7777	297.7006	0
92	9	620.1779	193.4159	0
92	10	202.9043	254.6923	0
92	11	671.3251	110.8686	0
92	12	598.7455	118.8195	0
92	13	374.9958	145.6204	0
92	14	560.897	184.3721	0
92	15	607.1998	154.1006	0
92	16	428.7769	208.718	0
92	17	524.4122	169.2943	0
92	18	583.8049	151.8075	0
92	19	231.5634	284.3556	0
92	20	363.7793	263.8349	0
92	21	0.919399	284.4441	0
92	22	55.8807	310.3186	0
92	23	416.2664	185.6344	0
92	24	602.597	137.3011	0
92	25	258.5607	299.628	0
92	26	531.6549	209.3978	0
92	27	570.9479	228.5647	0
92	28	43.93175	225.5157	0
92	29	594.506	102.1011	0
92	30	553.3915	112.989	0
92	31	172.8644	324.8325	0
92	32	655.6826	86.18259	0
92	33	645.1832	130.3754	0
92	34	287.2493	181.3689	0
92	35	6.03079	390.6927	0
92	36	267.8679	226.0036	0
92	37	369.2811	189.7679	0
92	38	203.4685	352.4786	0
92	39	564.3282	137.18	0
92	40	661.077	170.8765	0
92	41	319.2643	214.699	0
92	42	282.3506	243.6339	0
92	43	372.731	209.4233	0
93	1	331.5025	187.2636	0
93	2	593.0629	196.6046	0
93	3	331.8876	173.0447	0
93	4	421.3536	143.8658	0
93	5	135.7479	285.8714	0
93	6	425.3311	254.4776	0
93	7	311.061	233.6619	0
93	8	294.7446	297.7325	0
93	9	620.1687	193.4242	0
93	10	202.9058	254.6448	0
93	11	671.3292	110.863	0
93	12	598.7388	118.8514	0
93	13	374.9926	145.6204	0
93	14	560.9249	184.3562	0
93	15	607.225	154.0898	0
93	16	428.7697	208.7524	0
93	17	524.3975	169.2669	0
93	18	583.7852	151.7775	0
93	19	231.5072	284.4292	0
93	20	363.7559	263.8074	0
93	21	0.9228331	284.448	0
93	22	55.89362	310.2656	0
93	23	416.2589	185.6053	0
93	24	602.5989	137.3292	0
93	25	258.5681	299.6331	0
93	26	531.6631	209.389	0
93	27	570.913	228.5335	0
93	28	43.91485	225.5183	0
93	29	594.5125	102.1024	0
93	30	553.3942	112.9716	0
93	31	172.8448	324.7994	0
93	32	655.6619	86.16931	0
93	33	645.1896	130.3776	0
93	34	287.267	181.3443	0
93	35	6.035618	390.6986	0
93	36	267.8869	225.9709	0
93	37	369.308	189.7494	0
93	38	203.4779	352.4839	0
93	39	564.3347	137.1731	0
93	40	661.0843	170.8751	0
93	41	319.2804	214.6883	0
93	42	282.336	243.6231	0
93	43	372.7379	209.4268	0
94	1	331.4835	187.248	0
94	2	593.0685	196.5965	0
94	3	331.8735	173.0809	0
94	4	421.3584	143.8672	0
94	5	135.7461	285.8779	0
94	6	425.3382	254.4815	0
94	7	311.0576	233.6728	0
94	8	294.7307	297.7328	0
94	9	620.1735	193.4186	0
94	10	202.9109	254.5984	0
94	11	671.334	110.858	0
94	12	598.7299	118.873	0
94	13	374.9923	145.623	0
94	14	560.9478	184.3337	0
94	15	607.2448	154.073	0
94	16	428.7638	208.791	0
94	17	524.3853	169.2405	0
94	18	583.7631	151.749	0
94	19	231.4554	284.4825	0
94	20	363.7318	263.7826	0
94	21	0.929129	284.4514	0
94	22	55.90879	310.2145	0
94	23	416.2499	185.5764	0
94	24	602.6043	137.3622	0
94	25	258.5795	299.6353	0
94	26	531.6726	209.381	0
94	27	570.874	228.5044	0
94	28	43.93899	225.513	0
94	29	594.5195	102.1039	0
94	30	553.3912	112.954	0
94	31	172.826	324.7729	0
94	32	655.6378	86.15659	0
94	33	645.196	130.3794	0
94	34	287.2773	181.3204	0
94	35	6.045124	390.7019	0
94	36	267.8938	225.9366	0
94	37	369.3321	189.7266	0
94	38	203.4923	352.4844	0
94	39	564.3422	137.1669	0
94	40	661.0885	170.8687	0
94	41	319.2946	214.6808	0
94	42	282.3264	243.6175	0
94	43	372.7439	209.4301	0
95	1	331.4677	187.2373	0
95	2	593.0745	196.5891	0
95	3	331.8577	173.1239	0
95	4	421.3574	143.8748	0
95	5	135.7427	285.8868	0
95	6	425.3448	254.4856	0
95	7	311.0559	233.6836	0
95	8	294.7643	297.7275	0
95	9	620.2118	193.4146	0
95	10	202.9122	254.5529	0
95	11	671.3403	110.8518	0
95	12	598.7222	118.8831	0
95	13	374.9924	145.6263	0
95	14	560.9655	184.3058	0
95	15	607.2601	154.052	0
95	16	428.756	208.8354	0
95	17	524.3713	169.2144	0
95	18	583.7399	151.7238	0
95	19	231.4227	284.5096	0
95	20	363.7098	263.7636	0
95	21	0.9407253	284.4517	0
95	22	55.92313	310.1634	0
95	23	416.2387	185.5487	0
95	24	602.6129	137.3996	0
95	25	258.5932	299.6367	0
95	26	531.6838	209.3706	0
95	27	570.8389	228.4789	0
95	28	43.98876	225.506	0
95	29	594.5276	102.1052	0
95	30	553.3817	112.9351	0
95	31	172.8081	324.7554	0
95	32	655.6149	86.14487	0
95	33	645.2032	130.381	0
95	34	287.279	181.2949	0
95	35	6.058861	390.7025	0
95	36	267.8923	225.9018	0
95	37	369.3516	189.7016	0
95	38	203.5072	352.486	0
95	39	564.3514	137.1593	0
95	40	661.0928	170.8621	0
95	41	319.3074	214.677	0
95	42	282.3226	243.6171	0
95	43	372.7495	209.4331	0
96	1	331.4575	187.2316	0
96	2	593.0823	196.5819	0
96	3	331.8384	173.1704	0
96	4	421.3514	143.8897	0
96	5	135.7365	285.8982	0
96	6	425.3512	254.4893	0
96	7	311.0574	233.6918	0
96	8	294.8171	297.7165	0
96	9	620.2462	193.4034	0
96	10	202.9106	254.5091	0
96	11	671.3466	110.8466	0
96	12	598.714	118.8808	0
96	13	374.9923	145.6307	0
96	14	560.9766	184.2744	0
96	15	607.2698	154.0272	0
96	16	428.7455	208.8823	0
96	17	524.355	169.1894	0
96	18	583.7154	151.7004	0
96	19	231.4105	284.5079	0
96	20	363.6918	263.7509	0
96	21	0.9522471	284.4526	0
96	22	55.93395	310.1141	0
96	23	416.2256	185.5237	0
96	24	602.6207	137.4424	0
96	25	258.6066	299.6371	0
96	26	531.6943	209.3633	0
96	27	570.8095	228.4612	0
96	28	44.04279	225.4907	0
96	29	594.5366	102.1052	0
96	30	553.3698	112.9164	0
96	31	172.7958	324.7452	0
96	32	655.5955	86.13593	0
96	33	645.2109	130.3828	0
96	34	287.2765	181.2698	0
96	35	6.072497	390.7031	0
96	36	267.8914	225.8683	0
96	37	369.3647	189.6768	0
96	38	203.5223	352.4859	0
96	39	564.3607	137.1528	0
96	40	661.0976	170.8562	0
96	41	319.3139	214.6784	0
96	42	282.3218	243.6203	0
96	43	372.7548	209.4356	0
97	1	331.4538	187.231	0
97	2	593.091	196.5727	0
97	3	331.8152	173.2191	0
97	4	421.342	143.9125	0
97	5	135.7288	285.9114	0
97	6	425.3581	254.4931	0
97	7	311.0632	233.6975	0
97	8	294.8694	297.694	0
97	9	620.2729	193.383	0
97	10	202.9058	254.4708	0
97	11	671.353	110.844	0
97	12	598.7355	118.8793	0
97	13	374.9913	145.6363	0
97	14	560.9791	184.244	0
97	15	607.2721	154.003	0
97	16	428.7311	208.9309	0
97	17	524.3378	169.1674	0
97	18	583.6865	151.6785	0
97	19	231.4455	284.5036	0
97	20	363.6801	263.7443	0
97	21	0.9646647	284.4528	0
97	22	55.9409	310.0689	0
97	23	416.2114	185.5008	0
97	24	602.6259	137.4875	0
97	25	258.6198	299.6364	0
97	26	531.7047	209.3597	0
97	27	570.7885	228.4496	0
97	28	44.09975	225.4657	0
97	29	594.5458	102.1056	0
97	30	553.3596	112.8984	0
97	31	172.7903	324.7431	0
97	32	655.5808	86.1297	0
97	33	645.2197	130.384	0
97	34	287.276	181.2455	0
97	35	6.087105	390.7025	0
97	36	267.8908	225.8351	0
97	37	369.3768	189.6522	0
97	38	203.5383	352.4802	0
97	39	564.3695	137.1495	0
97	40	661.1041	170.8493	0
97	41	319.3108	214.6893	0
97	42	282.3214	243.6247	0
97	43	372.7606	209.438	0
98	1	331.4536	187.2338	0
98	2	593.0989	196.5668	0
98	3	331.7873	173.2669	0
98	4	421.3331	143.9422	0
98	5	135.7239	285.9233	0
98	6	425.3668	254.4969	0
98	7	311.071	233.702	0
98	8	294.9195	297.6589	0
98	9	620.2935	193.356	0
98	10	202.8968	254.4342	0
98	11	671.3577	110.8441	0
98	12	598.761	118.8749	0
98	13	374.9897	145.6426	0
98	14	560.9817	184.2144	0
98	15	607.2725	153.9779	0
98	16	428.7119	208.9765	0
98	17	524.3193	169.1467	0
98	18	583.6539	151.6578	0
98	19	231.4956	284.4932	0
98	20	363.6754	263.7437	0
98	21	0.9796952	284.4477	0
98	22	55.94378	310.028	0
98	23	416.1929	185.4794	0
98	24	602.627	137.5345	0
98	25	258.6341	299.6257	0
98	26	531.711	209.361	0
98	27	570.7776	228.4452	0
98	28	44.15748	225.4341	0
98	29	594.5543	102.106	0
98	30	553.3479	112.8807	0
98	31	172.7893	324.7469	0
98	32	655.572	86.1264	0
98	33	645.2292	130.3841	0
98	34	287.2737	181.2216	0
98	35	6.105968	390.6912	0
98	36	267.8875	225.8031	0
98	37	369.3799	189.627	0
98	38	203.5556	352.4653	0
98	39	564.3755	137.1495	0
98	40	661.1108	170.8425	0
98	41	319.2988	214.7115	0
98	42	282.3205	243.6303	0
98	43	372.7674	209.4408	0
99	1	331.4541	187.2376	0
99	2	593.1071	196.564	0
99	3	331.7558	173.3066	0
99	4	421.3249	143.9757	0
99	5	135.723	285.9324	0
99	6	425.3779	254.4977	0
99	7	311.0779	233.7063	0
99	8	294.9669	297.6149	0
99	9	620.3072	193.3225	0
99	10	202.8789	254.4	0
99	11	671.3605	110.8495	0
99	12	598.7828	118.8657	0
99	13	374.9893	145.6487	0
99	14	560.9738	184.1842	0
99	15	607.2667	153.9533	0
99	16	428.6902	209.0122	0
99	17	524.2965	169.1273	0
99	18	583.6242	151.6395	0
99	19	231.5459	284.4725	0
99	20	363.6749	263.7474	0
99	21	0.997687	284.4369	0
99	22	55.9398	309.9891	0
99	23	416.1696	185.459	0
99	24	602.6223	137.5783	0
99	25	258.6488	299.6132	0
99	26	531.7121	209.3714	0
99	27	570.7757	228.4467	0
99	28	44.21352	225.3961	0
99	29	594.5604	102.1028	0
99	30	553.3344	112.864	0
99	31	172.7888	324.7527	0
99	32	655.569	86.12628	0
99	33	645.2385	130.3843	0
99	34	287.2696	181.1987	0
99	35	6.126722	390.6764	0
99	36	267.8818	225.7733	0
99	37	369.3757	189.6007	0
99	38	203.5737	352.4506	0
99	39	564.3776	137.156	0
99	40	661.1171	170.8387	0
99	41	319.2799	214.7457	0
99	42	282.3184	243.6378	0
99	43	372.7765	209.442	0
100	1	331.454	187.2428	0
100	2	593.1115	196.566	0
100	3	331.7285	173.3324	0
100	4	421.3177	144.0138	0
100	5	135.728	285.9385	0
100	6	425.39	254.4992	0
100	7	311.0841	233.7104	0
100	8	295.009	297.5627	0
100	9	620.3126	193.2876	0
100	10	202.8569	254.3685	0
100	11	671.363	110.8614	0
100	12	598.8002	118.8518	0
100	13	374.9908	145.6534	0
100	14	560.9576	184.1526	0
100	15	607.2523	153.9269	0
100	16	428.6726	209.033	0
100	17	524.2709	169.1091	0
100	18	583.5992	151.6266	0
100	19	231.5955	284.4406	0
100	20	363.675	263.7524	0
100	21	1.016002	284.4263	0
100	22	55.92673	309.9524	0
100	23	416.1479	185.4407	0
100	24	602.6127	137.6123	0
100	25	258.6636	299.6016	0
100	26	531.7091	209.393	0
100	27	570.7776	228.4513	0
100	28	44.26127	225.3588	0
100	29	594.5652	102.0975	0
100	30	553.3206	112.8495	0
100	31	172.7872	324.7603	0
100	32	655.5698	86.12802	0
100	33	645.2468	130.3846	0
100	34	287.2639	181.1786	0
100	35	6.147749	390.6624	0
100	36	267.8743	225.7467	0
100	37	369.3701	189.5754	0
100	38	203.5923	352.4371	0
100	39	564.3771	137.1707	0
100	40	661.1223	170.8379	0
100	41	319.2599	214.7903	0
100	42	282.3151	243.6465	0
100	43	372.787	209.4424	0
101	1	331.4527	187.2497	0
101	2	593.113	196.5765	0
101	3	331.7122	173.3433	0
101	4	421.308	144.0574	0
101	5	135.7348	285.9437	0
101	6	425.4012	254.4996	0
101	7	311.0896	233.7141	0
101	8	295.04	297.511	0
101	9	620.3115	193.2527	0
101	10	202.836	254.3423	0
101	11	671.3645	110.8813	0
101	12	598.8135	118.8345	0
101	13	374.9951	145.6566	0
101	14	560.9401	184.122	0
101	15	607.2343	153.9009	0
101	16	428.6624	209.0382	0
101	17	524.2478	169.0932	0
101	18	583.5814	151.6182	0
101	19	231.6434	284.4006	0
101	20	363.6748	263.7589	0
101	21	1.034566	284.4168	0
101	22	55.91228	309.9197	0
101	23	416.1285	185.4277	0
101	24	602.6024	137.6317	0
101	25	258.6812	299.5896	0
101	26	531.7037	209.4264	0
101	27	570.7797	228.457	0
101	28	44.30624	225.3194	0
101	29	594.5704	102.0924	0
101	30	553.3054	112.8358	0
101	31	172.7835	324.7711	0
101	32	655.5714	86.13034	0
101	33	645.2521	130.3802	0
101	34	287.2559	181.1599	0
101	35	6.170345	390.6489	0
101	36	267.8627	225.7215	0
101	37	369.3658	189.5506	0
101	38	203.6151	352.421	0
101	39	564.3733	137.1949	0
101	40	661.1254	170.8425	0
101	41	319.2397	214.8424	0
101	42	282.313	243.6551	0
101	43	372.7972	209.4425	0
63	1	329.292	184.4321	0
63	2	591.3293	200.6129	0
63	3	333.1954	172.1813	0
63	4	420.6805	142.7375	0
63	5	140.0314	290.1337	0
63	6	426.1592	258.9623	0
63	7	311.8101	237.3454	0
63	8	294.2918	295.9872	0
63	9	621.2206	190.8752	0
63	10	205.291	258.6244	0
63	11	669.9109	116.7675	0
63	12	598.7307	115.979	0
63	13	376.1417	145.5829	0
63	14	560.7087	186.3987	0
63	15	604.484	156.7891	0
63	16	428.8225	201.6888	0
63	17	525.231	168.5441	0
63	18	581.289	156.5574	0
63	19	233.1455	287.1016	0
63	20	363.2283	266.1236	0
63	21	-6.104674	281.653	0
63	22	59.80901	309.7633	0
63	23	414.8174	181.1692	0
63	24	603.5033	137.3843	0
63	25	259.2269	305.5802	0
63	26	529.7858	216.1684	0
63	27	569.2585	233.6984	0
63	28	45.21526	223.7278	0
63	29	592.6439	105.3774	0
63	30	556.3486	107.276	0
63	31	172.4776	323.8439	0
63	32	658.7132	78.80338	0
63	33	644.7596	131.5812	0
63	34	286.8194	178.2981	0
63	35	5.440843	389.1275	0
63	36	268.4348	221.0904	0
63	37	367.9995	188.4724	0
63	38	202.3033	354.3738	0
63	39	561.3234	146.9698	0
63	40	663.096	165.3427	0
63	41	320.0538	218.2216	0
63	42	282.712	245.5994	0
63	43	373.5526	209.2631	0
64	1	329.2916	184.4387	0
64	2	591.3355	200.6158	0
64	3	333.1803	172.2169	0
64	4	420.6939	142.7109	0
64	5	140.0158	290.1067	0
64	6	426.1606	258.9686	0
64	7	311.8213	237.3448	0
64	8	294.2403	296.0721	0
64	9	621.226	190.8774	0
64	10	205.2973	258.6261	0
64	11	669.9233	116.8006	0
64	12	598.7297	115.9572	0
64	13	376.1215	145.6292	0
64	14	560.7172	186.3991	0
64	15	604.4907	156.7909	0
64	16	428.8288	201.6917	0
64	17	525.2234	168.5931	0
64	18	581.2958	156.5981	0
64	19	233.1421	287.0663	0
64	20	363.2364	266.1264	0
64	21	-6.084219	281.6408	0
64	22	59.80441	309.7741	0
64	23	414.8192	181.1765	0
64	24	603.5086	137.3844	0
64	25	259.1802	305.6324	0
64	26	529.8071	216.144	0
64	27	569.2643	233.7483	0
64	28	45.18042	223.7615	0
64	29	592.6579	105.3596	0
64	30	556.3329	107.2524	0
64	31	172.4836	323.8487	0
64	32	658.723	78.84564	0
64	33	644.7629	131.5874	0
64	34	286.8195	178.304	0
64	35	5.438952	389.1348	0
64	36	268.4119	221.1289	0
64	37	368.0077	188.4657	0
64	38	202.2545	354.475	0
64	39	561.3195	146.9478	0
64	40	663.1129	165.4014	0
64	41	320.065	218.1877	0
64	42	282.7162	245.6019	0
64	43	373.5627	209.2564	0
65	1	329.2893	184.4469	0
65	2	591.3417	200.6183	0
65	3	333.166	172.2567	0
65	4	420.7065	142.6837	0
65	5	140.0002	290.0842	0
65	6	426.1568	258.9845	0
65	7	311.8326	237.3369	0
65	8	294.1887	296.1375	0
65	9	621.2282	190.8885	0
65	10	205.292	258.6379	0
65	11	669.9341	116.8366	0
65	12	598.7198	115.9338	0
65	13	376.0964	145.6729	0
65	14	560.7236	186.3941	0
65	15	604.4979	156.7913	0
65	16	428.8364	201.6948	0
65	17	525.2099	168.637	0
65	18	581.3006	156.6433	0
65	19	233.1361	287.0353	0
65	20	363.2469	266.1266	0
65	21	-6.063613	281.6296	0
65	22	59.80396	309.7822	0
65	23	414.824	181.1816	0
65	24	603.511	137.3896	0
65	25	259.1509	305.659	0
65	26	529.8231	216.1147	0
65	27	569.271	233.8062	0
65	28	45.13924	223.8056	0
65	29	592.6669	105.3391	0
65	30	556.3195	107.2295	0
65	31	172.4888	323.8532	0
65	32	658.7282	78.88864	0
65	33	644.7675	131.5922	0
65	34	286.8225	178.3081	0
65	35	5.43507	389.1447	0
65	36	268.3868	221.1776	0
65	37	368.0161	188.4595	0
65	38	202.1994	354.5801	0
65	39	561.308	146.9242	0
65	40	663.1265	165.463	0
65	41	320.065	218.1518	0
65	42	282.7208	245.6045	0
65	43	373.575	209.2478	0
66	1	329.2868	184.4564	0
66	2	591.3484	200.6208	0
66	3	333.1497	172.3028	0
66	4	420.7097	142.6566	0
66	5	139.9849	290.0692	0
66	6	426.1474	259.0116	0
66	7	311.8443	237.3275	0
66	8	294.1522	296.1737	0
66	9	621.2284	190.9102	0
66	10	205.2755	258.6615	0
66	11	669.9421	116.8744	0
66	12	598.7034	115.9096	0
66	13	376.0687	145.707	0
66	14	560.7289	186.3873	0
66	15	604.5062	156.7917	0
66	16	428.8461	201.6957	0
66	17	525.1938	168.6688	0
66	18	581.3023	156.6906	0
66	19	233.1259	287.0057	0
66	20	363.2575	266.1274	0
66	21	-6.039724	281.6176	0
66	22	59.80923	309.7875	0
66	23	414.8317	181.1852	0
66	24	603.5118	137.4015	0
66	25	259.1396	305.6567	0
66	26	529.8323	216.0855	0
66	27	569.2747	233.8687	0
66	28	45.09323	223.8571	0
66	29	592.6684	105.3193	0
66	30	556.3042	107.2071	0
66	31	172.494	323.8576	0
66	32	658.7266	78.92606	0
66	33	644.7742	131.5954	0
66	34	286.8281	178.311	0
66	35	5.42743	389.1585	0
66	36	268.3616	221.2299	0
66	37	368.0257	188.4536	0
66	38	202.1366	354.6859	0
66	39	561.2938	146.901	0
66	40	663.1351	165.5267	0
66	41	320.0598	218.1166	0
66	42	282.7266	245.6073	0
66	43	373.5862	209.2418	0
67	1	329.2864	184.4646	0
67	2	591.356	200.6235	0
67	3	333.1294	172.3524	0
67	4	420.7032	142.6275	0
67	5	139.9736	290.0601	0
67	6	426.1375	259.0481	0
67	7	311.8562	237.3188	0
67	8	294.1361	296.179	0
67	9	621.2288	190.9426	0
67	10	205.2507	258.6973	0
67	11	669.9462	116.9119	0
67	12	598.6874	115.8863	0
67	13	376.0465	145.7271	0
67	14	560.7345	186.381	0
67	15	604.5135	156.7917	0
67	16	428.8571	201.6969	0
67	17	525.1812	168.6853	0
67	18	581.2995	156.7385	0
67	19	233.1092	286.9779	0
67	20	363.2679	266.1275	0
67	21	-6.011554	281.6039	0
67	22	59.81479	309.7927	0
67	23	414.8387	181.189	0
67	24	603.5106	137.4215	0
67	25	259.1742	305.6526	0
67	26	529.8375	216.0547	0
67	27	569.2743	233.9341	0
67	28	45.04318	223.9156	0
67	29	592.6695	105.299	0
67	30	556.2865	107.1857	0
67	31	172.5002	323.8625	0
67	32	658.7202	78.95206	0
67	33	644.7814	131.598	0
67	34	286.8332	178.3141	0
67	35	5.415983	389.175	0
67	36	268.3337	221.2915	0
67	37	368.037	188.4462	0
67	38	202.0675	354.7796	0
67	39	561.2816	146.8786	0
67	40	663.1357	165.5855	0
67	41	320.0573	218.0826	0
67	42	282.735	245.6079	0
67	43	373.5964	209.2388	0
68	1	329.2892	184.4707	0
68	2	591.3646	200.6244	0
68	3	333.105	172.4043	0
68	4	420.6932	142.5991	0
68	5	139.9675	290.0578	0
68	6	426.1283	259.0931	0
68	7	311.8702	237.31	0
68	8	294.1602	296.1724	0
68	9	621.2337	190.9846	0
68	10	205.2224	258.744	0
68	11	669.9446	116.9434	0
68	12	598.6717	115.8634	0
68	13	376.0341	145.7329	0
68	14	560.7417	186.3749	0
68	15	604.5199	156.791	0
68	16	428.8673	201.6972	0
68	17	525.1728	168.6859	0
68	18	581.2906	156.7805	0
68	19	233.0906	286.9527	0
68	20	363.2778	266.123	0
68	21	-5.989705	281.5955	0
68	22	59.81941	309.7971	0
68	23	414.8451	181.1921	0
68	24	603.5118	137.4485	0
68	25	259.2217	305.6419	0
68	26	529.838	216.0256	0
68	27	569.2684	233.9989	0
68	28	44.98597	223.9818	0
68	29	592.6635	105.2784	0
68	30	556.2684	107.1673	0
68	31	172.5097	323.8659	0
68	32	658.713	78.9649	0
68	33	644.7878	131.6004	0
68	34	286.8378	178.3167	0
68	35	5.406104	389.1922	0
68	36	268.3009	221.3589	0
68	37	368.0468	188.4416	0
68	38	202.0055	354.8468	0
68	39	561.2676	146.8566	0
68	40	663.1295	165.6306	0
68	41	320.0523	218.049	0
68	42	282.7444	245.6088	0
68	43	373.6021	209.2399	0
69	1	329.2958	184.4748	0
69	2	591.3745	200.6254	0
69	3	333.0756	172.455	0
69	4	420.6856	142.5716	0
69	5	139.9657	290.0607	0
69	6	426.1207	259.1417	0
69	7	311.8863	237.2996	0
69	8	294.2127	296.1632	0
69	9	621.2425	191.0316	0
69	10	205.1917	258.7971	0
69	11	669.9394	116.9641	0
69	12	598.6539	115.8414	0
69	13	376.0381	145.7284	0
69	14	560.7498	186.3671	0
69	15	604.5242	156.7862	0
69	16	428.8769	201.696	0
69	17	525.1913	168.6831	0
69	18	581.2787	156.8101	0
69	19	233.0729	286.9332	0
69	20	363.2874	266.1139	0
69	21	-5.973132	281.5919	0
69	22	59.8229	309.8016	0
69	23	414.851	181.1949	0
69	24	603.5161	137.4809	0
69	25	259.2686	305.621	0
69	26	529.8286	215.9947	0
69	27	569.2556	234.0546	0
69	28	44.92356	224.0509	0
69	29	592.65	105.2562	0
69	30	556.2488	107.1497	0
69	31	172.5232	323.8662	0
69	32	658.7045	78.96436	0
69	33	644.7939	131.6026	0
69	34	286.8417	178.3191	0
69	35	5.401575	389.2054	0
69	36	268.2629	221.4294	0
69	37	368.0557	188.4395	0
69	38	201.9679	354.8804	0
69	39	561.2515	146.8357	0
69	40	663.1206	165.6559	0
69	41	320.045	218.0168	0
69	42	282.7537	245.6087	0
69	43	373.6006	209.2487	0
70	1	329.3029	184.4787	0
70	2	591.3832	200.6256	0
70	3	333.042	172.4973	0
70	4	420.6754	142.5445	0
70	5	139.9643	290.0657	0
70	6	426.1121	259.1987	0
70	7	311.8995	237.2935	0
70	8	294.2654	296.1431	0
70	9	621.2549	191.0855	0
70	10	205.1592	258.8576	0
70	11	669.9342	116.9735	0
70	12	598.6343	115.8211	0
70	13	376.0712	145.7258	0
70	14	560.757	186.3621	0
70	15	604.5285	156.781	0
70	16	428.8853	201.6887	0
70	17	525.2228	168.6781	0
70	18	581.2689	156.8251	0
70	19	233.0573	286.9202	0
70	20	363.2974	266.105	0
70	21	-5.970992	281.5972	0
70	22	59.82593	309.806	0
70	23	414.8571	181.1976	0
70	24	603.5236	137.5158	0
70	25	259.3145	305.5891	0
70	26	529.8135	215.9637	0
70	27	569.2402	234.0923	0
70	28	44.85426	224.1222	0
70	29	592.6342	105.2344	0
70	30	556.2248	107.1331	0
70	31	172.5365	323.867	0
70	32	658.7252	78.96234	0
70	33	644.8004	131.6042	0
70	34	286.8458	178.3213	0
70	35	5.403242	389.2148	0
70	36	268.2187	221.4998	0
70	37	368.0598	188.4414	0
70	38	201.955	354.8762	0
70	39	561.2351	146.8174	0
70	40	663.1116	165.6611	0
70	41	320.0357	217.9885	0
70	42	282.7628	245.6074	0
70	43	373.5927	209.2669	0
71	1	329.3029	184.4787	0
71	2	591.3832	200.6256	0
71	3	333.042	172.4973	0
71	4	420.6754	142.5445	0
71	5	139.9643	290.0657	0
71	6	426.1121	259.1987	0
71	7	311.8995	237.2935	0
71	8	294.2654	296.1431	0
71	9	621.2549	191.0855	0
71	10	205.1592	258.8576	0
71	11	669.9342	116.9735	0
71	12	598.6343	115.8211	0
71	13	376.0712	145.7258	0
71	14	560.757	186.3621	0
71	15	604.5285	156.781	0
71	16	428.8853	201.6887	0
71	17	525.2228	168.6781	0
71	18	581.2689	156.8251	0
71	19	233.0573	286.9202	0
71	20	363.2974	266.105	0
71	21	-5.970992	281.5972	0
71	22	59.82593	309.806	0
71	23	414.8571	181.1976	0
71	24	603.5236	137.5158	0
71	25	259.3145	305.5891	0
71	26	529.8135	215.9637	0
71	27	569.2402	234.0923	0
71	28	44.85426	224.1222	0
71	29	592.6342	105.2344	0
71	30	556.2248	107.1331	0
71	31	172.5365	323.867	0
71	32	658.7252	78.96234	0
71	33	644.8004	131.6042	0
71	34	286.8458	178.3213	0
71	35	5.403242	389.2148	0
71	36	268.2187	221.4998	0
71	37	368.0598	188.4414	0
71	38	201.955	354.8762	0
71	39	561.2351	146.8174	0
71	40	663.1116	165.6611	0
71	41	320.0357	217.9885	0
71	42	282.7628	245.6074	0
71	43	373.5927	209.2669	0
