17	1	55.31256	0.05315495	-34.41979	55.27159	1.616571	-34.40972	0
18	1	55.30136	0.05315495	-34.40135	55.25912	1.616663	-34.39259	0
18	2	14.77101	0.05315495	-33.7598	14.75305	1.528498	-33.73317	0
19	1	55.28567	0.05315495	-34.37549	55.24222	1.616701	-34.36811	0
19	2	14.76917	0.05315495	-33.72961	14.74932	1.528438	-33.70237	0
19	3	48.98613	0.05315447	-5.32454	48.96027	1.585346	-5.337299	0
20	1	55.26607	0.05315495	-34.3432	55.22162	1.616718	-34.33714	0
20	2	14.76687	0.05315495	-33.69191	14.74506	1.528372	-33.66426	0
20	3	48.94842	0.05315447	-5.322488	48.92129	1.585286	-5.336874	0
20	4	15.14242	0.05315447	41.18529	15.17198	1.32766	41.16402	0
21	1	55.24308	0.05315495	-34.30534	55.18758	1.597494	-34.29819	0
21	2	14.76418	0.05315495	-33.6477	14.73456	1.52028	-33.61711	0
21	3	48.90419	0.05315447	-5.320083	48.87045	1.579192	-5.340424	0
21	4	15.14117	0.05315447	41.14101	15.15659	1.316365	41.11369	0
21	5	-27.83544	0.05315495	-33.949	-27.80521	1.463739	-33.93811	0
22	1	55.21717	0.05315495	-34.26265	55.15969	1.593185	-34.25487	0
22	2	14.76115	0.05315495	-33.59785	14.72762	1.516644	-33.56814	0
22	3	48.85432	0.05315447	-5.31737	48.81979	1.576447	-5.341605	0
22	4	15.13975	0.05315447	41.09109	15.15243	1.312021	41.06409	0
22	5	-27.78889	0.05315495	-33.9309	-27.75462	1.464734	-33.92437	0
22	6	-33.38737	0.05315447	38.51159	-33.35484	1.404508	38.50154	0
23	1	55.18872	0.05315495	-34.21577	55.12946	1.589536	-34.20758	0
23	2	14.75782	0.05315495	-33.54311	14.72045	1.512212	-33.51373	0
23	3	48.79956	0.05315447	-5.314391	48.76523	1.572752	-5.342912	0
23	4	15.13819	0.05315447	41.03627	15.14835	1.308833	41.01025	0
23	5	-27.73778	0.05315495	-33.91104	-27.70054	1.46623	-33.90704	0
23	6	-33.34644	0.05315447	38.47509	-33.31272	1.405285	38.46546	0
23	7	-29.30837	0.05315447	1.714343	-29.29417	1.615837	1.773064	0
24	1	55.15806	0.05315495	-34.16526	55.09709	1.587372	-34.15572	0
24	2	14.75422	0.05315495	-33.48414	14.71343	1.506779	-33.45432	0
24	3	48.74057	0.05315447	-5.311182	48.70652	1.568192	-5.344101	0
24	4	15.13651	0.05315447	40.97721	15.14389	1.306468	40.95195	0
24	5	-27.68271	0.05315495	-33.88963	-27.64719	1.467028	-33.88211	0
24	6	-33.30235	0.05315447	38.43577	-33.26679	1.404897	38.42765	0
24	7	-29.25509	0.05315447	1.739885	-29.23769	1.615545	1.799179	0
24	8	60.09578	0.05315447	38.45134	60.07228	1.392698	38.4198	0
25	1	55.12549	0.05315495	-34.11161	55.06378	1.587969	-34.09865	0
25	2	14.75041	0.05315495	-33.42149	14.70524	1.501877	-33.38928	0
25	3	48.6779	0.05315447	-5.307773	48.64327	1.562638	-5.344624	0
25	4	15.13472	0.05315447	40.91448	15.13823	1.302813	40.88818	0
25	5	-27.62422	0.05315495	-33.86689	-27.59458	1.467923	-33.84671	0
25	6	-33.2555	0.05315447	38.394	-33.21781	1.403202	38.38895	0
25	7	-29.1985	0.05315447	1.767018	-29.17587	1.618877	1.825083	0
25	8	60.0381	0.05315447	38.4266	60.01364	1.389818	38.39847	0
26	1	55.09127	0.05315495	-34.05524	55.03079	1.592592	-34.03638	0
26	2	14.7464	0.05315495	-33.35567	14.69975	1.497706	-33.32117	0
26	3	48.61205	0.05315447	-5.304191	48.57508	1.556813	-5.344932	0
26	4	15.13285	0.05315447	40.84856	15.12913	1.297548	40.82117	0
26	5	-27.56275	0.05315495	-33.843	-27.5365	1.470516	-33.81596	0
26	6	-33.20628	0.05315447	38.35011	-33.1657	1.399833	38.34864	0
26	7	-29.13904	0.05315447	1.795528	-29.11119	1.625275	1.849314	0
26	8	59.97749	0.05315447	38.4006	59.95289	1.384772	38.37606	0
27	1	55.05562	0.05315495	-33.99651	55.00031	1.599893	-33.97281	0
27	2	14.74223	0.05315495	-33.28708	14.69465	1.494776	-33.2512	0
27	3	48.54345	0.05315447	-5.300459	48.50311	1.552183	-5.343978	0
27	4	15.13089	0.05315447	40.77988	15.11768	1.292177	40.75031	0
27	5	-27.49871	0.05315495	-33.81811	-27.47331	1.472239	-33.79029	0
27	6	-33.155	0.05315447	38.30438	-33.11221	1.395335	38.30737	0
27	7	-29.07708	0.05315447	1.825233	-29.0486	1.631585	1.871942	0
27	8	59.91434	0.05315447	38.37352	59.88915	1.378266	38.35233	0
28	1	55.01872	0.05315495	-33.93572	54.97046	1.606735	-33.91037	0
28	2	14.73791	0.05315495	-33.21611	14.69003	1.494334	-33.1778	0
28	3	48.47245	0.05315447	-5.296597	48.43031	1.548806	-5.340202	0
28	4	15.12887	0.05315447	40.7088	15.11265	1.293535	40.67822	0
28	5	-27.43244	0.05315495	-33.79235	-27.40859	1.471555	-33.76184	0
28	6	-33.10193	0.05315447	38.25705	-33.05637	1.389823	38.2634	0
28	7	-29.01297	0.05315447	1.855973	-28.98324	1.634638	1.897266	0
28	8	59.84899	0.05315447	38.3455	59.82462	1.372744	38.3279	0
29	1	54.98075	0.05315495	-33.87317	54.93879	1.608066	-33.84649	0
29	2	14.73346	0.05315495	-33.14307	14.6882	1.498357	-33.10058	0
29	3	48.39938	0.05315447	-5.292622	48.35509	1.547829	-5.336413	0
29	4	15.12679	0.05315447	40.63565	15.10746	1.298461	40.60231	0
29	5	-27.36423	0.05315495	-33.76583	-27.34282	1.46851	-33.731	0
29	6	-33.04731	0.05315447	38.20835	-32.99805	1.383629	38.21643	0
29	7	-28.94698	0.05315447	1.88761	-28.91757	1.631035	1.922435	0
29	8	59.78173	0.05315447	38.31665	59.75846	1.370649	38.30284	0
30	1	54.94184	0.05315495	-33.80907	54.90597	1.604124	-33.78166	0
30	2	14.7289	0.05315495	-33.06823	14.6902	1.507044	-33.02105	0
30	3	48.32451	0.05315447	-5.288549	48.27649	1.551287	-5.329777	0
30	4	15.12466	0.05315447	40.5607	15.10416	1.304697	40.52455	0
30	5	-27.29435	0.05315495	-33.73867	-27.27624	1.463527	-33.69904	0
30	6	-32.99135	0.05315447	38.15845	-32.93716	1.379052	38.16672	0
30	7	-28.87937	0.05315447	1.920025	-28.84989	1.625347	1.949898	0
30	8	59.71283	0.05315447	38.2871	59.68686	1.366665	38.2768	0
31	1	54.90213	0.05315495	-33.74364	54.87153	1.597192	-33.71611	0
31	2	14.72425	0.05315495	-32.99183	14.69394	1.515737	-32.94756	0
31	3	48.24809	0.05315447	-5.284392	48.19547	1.560168	-5.318809	0
31	4	15.12248	0.05315447	40.4842	15.10858	1.308757	40.44759	0
31	5	-27.22301	0.05315495	-33.71094	-27.20722	1.457309	-33.66661	0
31	6	-32.93423	0.05315447	38.10751	-32.87856	1.376027	38.11455	0
31	7	-28.81036	0.05315447	1.953113	-28.7809	1.616538	1.978225	0
31	8	59.64249	0.05315447	38.25694	59.61115	1.360172	38.25468	0
32	1	54.86171	0.05315495	-33.67706	54.83585	1.588032	-33.64894	0
32	2	14.71952	0.05315495	-32.91409	14.69564	1.520087	-32.87124	0
32	3	48.17031	0.05315447	-5.280161	48.12132	1.569692	-5.306405	0
32	4	15.12027	0.05315447	40.40635	15.12786	1.311372	40.37087	0
32	5	-27.15041	0.05315495	-33.68272	-27.13468	1.450181	-33.63387	0
32	6	-32.8761	0.05315447	38.05567	-32.81859	1.375846	38.06133	0
32	7	-28.74013	0.05315447	1.986786	-28.71182	1.608839	2.006799	0
32	8	59.5709	0.05315447	38.22623	59.53316	1.35584	38.23186	0
33	1	54.82069	0.05315495	-33.60948	54.80008	1.581772	-33.58255	0
33	2	14.71472	0.05315495	-32.83518	14.69726	1.516346	-32.79541	0
33	3	48.09137	0.05315447	-5.275867	48.04462	1.575552	-5.295887	0
33	4	15.11802	0.05315447	40.32732	15.13183	1.315962	40.29354	0
33	5	-27.07673	0.05315495	-33.65408	-27.05843	1.445078	-33.60009	0
33	6	-32.81709	0.05315447	38.00306	-32.75863	1.380756	38.00372	0
33	7	-28.66884	0.05315447	2.020964	-28.64171	1.6063	2.035905	0
33	8	59.49825	0.05315447	38.19507	59.45764	1.360485	38.2019	0
34	1	54.77914	0.05315495	-33.54103	54.76325	1.57903	-33.5139	0
34	2	14.70985	0.05315495	-32.75525	14.69721	1.509679	-32.71798	0
34	3	48.01142	0.05315447	-5.271518	47.96914	1.57189	-5.285332	0
34	4	15.11575	0.05315447	40.24728	15.13153	1.317269	40.21472	0
34	5	-27.00209	0.05315495	-33.62507	-26.98167	1.442036	-33.5705	0
34	6	-32.75733	0.05315447	37.94976	-32.70095	1.390728	37.94236	0
34	7	-28.59664	0.05315447	2.055581	-28.56543	1.601206	2.065809	0
34	8	59.42466	0.05315447	38.16351	59.38003	1.368801	38.17034	0
34	9	-22.81377	0.05315495	-32.26716	-22.82625	1.9066	-32.22346	0
35	1	54.73713	0.05315495	-33.47184	54.72747	1.572888	-33.43889	0
35	2	14.70493	0.05315495	-32.67445	14.69675	1.500392	-32.63916	0
35	3	47.93059	0.05315447	-5.267121	47.89142	1.565242	-5.276384	0
35	4	15.11344	0.05315447	40.16636	15.13381	1.315103	40.1353	0
35	5	-26.92664	0.05315495	-33.59574	-26.90371	1.442541	-33.54047	0
35	6	-32.69691	0.05315447	37.89589	-32.64875	1.400043	37.88485	0
35	7	-28.52364	0.05315447	2.090578	-28.48393	1.592378	2.089759	0
35	8	59.35026	0.05315447	38.13161	59.30489	1.375916	38.13453	0
35	9	-22.80475	0.05315495	-32.24757	-22.81947	1.906724	-32.20332	0
36	1	54.69473	0.05315495	-33.40199	54.6961	1.563832	-33.35775	0
36	2	14.69996	0.05315495	-32.59289	14.6958	1.494381	-32.56139	0
36	3	47.849	0.05315447	-5.262682	47.81257	1.555582	-5.267744	0
36	4	15.11112	0.05315447	40.08468	15.13755	1.310178	40.0549	0
36	5	-26.85048	0.05315495	-33.56614	-26.82186	1.449162	-33.51295	0
36	6	-32.63593	0.05315447	37.8415	-32.5943	1.402323	37.82749	0
36	7	-28.44996	0.05315447	2.125905	-28.40446	1.590812	2.118961	0
36	8	59.27516	0.05315447	38.0994	59.24002	1.37948	38.0837	0
36	9	-22.79212	0.05315495	-32.22008	-22.80899	1.906875	-32.1754	0
36	10	47.19887	0.05315495	-34.9313	47.16243	1.645421	-34.96141	0
37	1	54.65199	0.05315495	-33.33157	54.65528	1.567232	-33.28372	0
37	2	14.69496	0.05315495	-32.51067	14.69505	1.491548	-32.4808	0
37	3	47.76674	0.05315447	-5.258208	47.73467	1.549026	-5.259424	0
37	4	15.10878	0.05315447	40.00234	15.14068	1.303743	39.97334	0
37	5	-26.7737	0.05315495	-33.53629	-26.73976	1.46069	-33.49011	0
37	6	-32.57445	0.05315447	37.78668	-32.53862	1.398221	37.77046	0
37	7	-28.37568	0.05315447	2.161517	-28.32576	1.598941	2.153852	0
37	8	59.19945	0.05315447	38.06693	59.17228	1.384713	38.03833	0
37	9	-22.77634	0.05315495	-32.18576	-22.79532	1.906989	-32.14058	0
37	10	47.17906	0.05315495	-34.92276	47.14271	1.645395	-34.9529	0
37	11	16.32375	0.05315495	-38.86737	16.27794	1.934719	-38.83979	0
38	1	54.60895	0.05315495	-33.26067	54.61168	1.577383	-33.20779	0
38	2	14.68992	0.05315495	-32.42787	14.69904	1.485143	-32.39569	0
38	3	47.68392	0.05315447	-5.253703	47.65389	1.546283	-5.250727	0
38	4	15.10642	0.05315447	39.91943	15.14254	1.296483	39.8886	0
38	5	-26.69639	0.05315495	-33.50624	-26.66302	1.470276	-33.46858	0
38	6	-32.51254	0.05315447	37.73147	-32.48196	1.390247	37.7141	0
38	7	-28.30088	0.05315447	2.197377	-28.24713	1.609959	2.191462	0
38	8	59.12322	0.05315447	38.03424	59.09837	1.387335	38.00498	0
38	9	-22.75783	0.05315495	-32.14552	-22.78353	1.888123	-32.09209	0
38	10	47.15128	0.05315495	-34.9108	47.11497	1.645367	-34.94076	0
38	11	16.3221	0.05315495	-38.84586	16.27473	1.93475	-38.8195	0
38	12	11.06352	0.05315447	41.26416	11.10452	1.361246	41.27005	0
39	1	54.56565	0.05315495	-33.18933	54.5647	1.587627	-33.13437	0
39	2	14.68485	0.05315495	-32.34459	14.70809	1.477357	-32.30755	0
39	3	47.6006	0.05315447	-5.24917	47.5691	1.539783	-5.236821	0
39	4	15.10405	0.05315447	39.83602	15.14324	1.291674	39.80082	0
39	5	-26.61862	0.05315495	-33.47601	-26.58684	1.469731	-33.44637	0
39	6	-32.45026	0.05315447	37.67594	-32.42446	1.381722	37.65751	0
39	7	-28.22564	0.05315447	2.233451	-28.17728	1.61678	2.238482	0
39	8	59.04653	0.05315447	38.00135	59.02535	1.38547	37.96856	0
39	9	-22.73697	0.05315495	-32.10015	-22.76571	1.88227	-32.04318	0
39	10	47.11659	0.05315495	-34.89585	47.08033	1.645332	-34.9256	0
39	11	16.31979	0.05315495	-38.8157	16.271	1.934805	-38.79071	0
39	12	11.07864	0.05315447	41.24879	11.11952	1.361208	41.25446	0
40	1	54.52213	0.05315495	-33.11764	54.50323	1.592838	-33.07586	0
40	2	14.67975	0.05315495	-32.26087	14.70505	1.482642	-32.2214	0
40	3	47.51685	0.05315447	-5.244615	47.48215	1.531749	-5.217196	0
40	4	15.10166	0.05315447	39.75218	15.14088	1.289359	39.71488	0
40	5	-26.54045	0.05315495	-33.44562	-26.50951	1.464549	-33.42167	0
40	6	-32.38766	0.05315447	37.62012	-32.36738	1.3787	37.60167	0
40	7	-28.15001	0.05315447	2.269711	-28.11877	1.621101	2.304078	0
40	8	58.96945	0.05315447	37.96829	58.95236	1.380177	37.92997	0
40	9	-22.71406	0.05315495	-32.05032	-22.74507	1.876925	-31.98922	0
40	10	47.07591	0.05315495	-34.87833	47.02337	1.632248	-34.89932	0
40	11	16.3169	0.05315495	-38.77804	16.26692	1.93488	-38.7543	0
40	12	11.09986	0.05315447	41.22722	11.14016	1.361194	41.23251	0
41	1	54.47841	0.05315495	-33.04562	54.44058	1.599052	-33.01847	0
41	2	14.67463	0.05315495	-32.17678	14.7009	1.493399	-32.13268	0
41	3	47.43273	0.05315447	-5.240038	47.39591	1.537144	-5.21032	0
41	4	15.09927	0.05315447	39.66797	15.13752	1.291522	39.62757	0
41	5	-26.46192	0.05315495	-33.4151	-26.43219	1.455179	-33.39629	0
41	6	-32.32478	0.05315447	37.56405	-32.30738	1.374266	37.54108	0
41	7	-28.07405	0.05315447	2.306132	-28.04596	1.627883	2.339963	0
41	8	58.89202	0.05315447	37.93509	58.87843	1.373095	37.89163	0
41	9	-22.68937	0.05315495	-31.99664	-22.72018	1.872235	-31.93344	0
41	10	47.03004	0.05315495	-34.85858	46.97792	1.634573	-34.87506	0
41	11	16.31352	0.05315495	-38.73388	16.25682	1.909326	-38.69701	0
41	12	11.12634	0.05315447	41.20029	11.16555	1.361168	41.20498	0
41	13	58.56208	0.05315447	45.08721	58.54837	1.747807	45.06609	0
42	1	54.43453	0.05315495	-32.97333	54.39693	1.603162	-32.9491	0
42	2	14.66949	0.05315495	-32.09237	14.69062	1.502562	-32.04593	0
42	3	47.34829	0.05315447	-5.235445	47.30697	1.548294	-5.204151	0
42	4	15.09686	0.05315447	39.58344	15.12933	1.300413	39.53823	0
42	5	-26.3831	0.05315495	-33.38446	-26.35551	1.447437	-33.37089	0
42	6	-32.26167	0.05315447	37.50777	-32.25077	1.366134	37.47353	0
42	7	-27.99779	0.05315447	2.342692	-27.97301	1.62805	2.378992	0
42	8	58.8143	0.05315447	37.90176	58.80083	1.36511	37.85324	0
42	9	-22.66311	0.05315495	-31.9396	-22.6941	1.868939	-31.87436	0
42	10	46.97968	0.05315495	-34.83689	46.92952	1.637678	-34.84918	0
42	11	16.3097	0.05315495	-38.68408	16.25215	1.906154	-38.64452	0
42	12	11.1574	0.05315447	41.16872	11.17855	1.341731	41.14841	0
42	13	58.54287	0.05315447	45.07741	58.52786	1.747751	45.05544	0
43	1	54.3905	0.05315495	-32.9008	54.34966	1.601355	-32.8814	0
43	2	14.66434	0.05315495	-32.00768	14.65841	1.507121	-31.96541	0
43	3	47.26357	0.05315447	-5.230836	47.21954	1.557727	-5.20471	0
43	4	15.09445	0.05315447	39.49863	15.1179	1.311649	39.45546	0
43	5	-26.30402	0.05315495	-33.35372	-26.27756	1.445029	-33.34504	0
43	6	-32.19834	0.05315447	37.4513	-32.19016	1.36543	37.41014	0
43	7	-27.92128	0.05315447	2.379374	-27.90101	1.623347	2.421463	0
43	8	58.73632	0.05315447	37.86831	58.71982	1.359939	37.81492	0
43	9	-22.63545	0.05315495	-31.87965	-22.66473	1.868393	-31.81164	0
43	10	46.92541	0.05315495	-34.81351	46.8768	1.639149	-34.82186	0
43	11	16.30551	0.05315495	-38.6294	16.2489	1.90575	-38.58581	0
43	12	11.19243	0.05315447	41.13312	11.21091	1.342003	41.10749	0
43	13	58.51591	0.05315447	45.06367	58.49966	1.747671	45.04037	0
43	14	-35.19	0.05315447	-1.449704	-35.19725	1.666654	-1.404583	0
44	1	54.34634	0.05315495	-32.82806	54.29971	1.595174	-32.8144	0
44	2	14.65916	0.05315495	-31.92275	14.63957	1.5137	-31.88422	0
44	3	47.1786	0.05315447	-5.226214	47.13589	1.562414	-5.22831	0
44	4	15.09203	0.05315447	39.41357	15.10873	1.318447	39.37292	0
44	5	-26.22475	0.05315495	-33.32291	-26.19369	1.439292	-33.32091	0
44	6	-32.13483	0.05315447	37.39466	-32.12505	1.373925	37.34958	0
44	7	-27.84456	0.05315447	2.416161	-27.82972	1.615702	2.464559	0
44	8	58.65812	0.05315447	37.83477	58.63955	1.357674	37.78037	0
44	9	-22.60657	0.05315495	-31.81715	-22.63039	1.872811	-31.74622	0
44	10	46.86777	0.05315495	-34.78869	46.8228	1.636144	-34.79332	0
44	11	16.30099	0.05315495	-38.57049	16.24795	1.909201	-38.52164	0
44	12	11.23088	0.05315447	41.09402	11.24772	1.34383	41.06376	0
44	13	58.48226	0.05315447	45.04652	58.4651	1.74761	45.02153	0
44	14	-35.17401	0.05315447	-1.435226	-35.18095	1.666627	-1.389833	0
45	1	54.30208	0.05315495	-32.75515	54.24998	1.58675	-32.74657	0
45	2	14.65398	0.05315495	-31.8376	14.63216	1.515848	-31.80137	0
45	3	47.09343	0.05315447	-5.221581	47.05311	1.569175	-5.236905	0
45	4	15.08961	0.05315447	39.3283	15.10016	1.315042	39.29179	0
45	5	-26.14533	0.05315495	-33.29204	-26.10537	1.430985	-33.30238	0
45	6	-32.07122	0.05315447	37.33788	-32.0579	1.384205	37.29095	0
45	7	-27.76764	0.05315447	2.453038	-27.75485	1.606351	2.507243	0
45	8	58.57973	0.05315447	37.80115	58.55739	1.360615	37.74652	0
45	9	-22.57659	0.05315495	-31.75244	-22.59127	1.882092	-31.68045	0
45	10	46.8072	0.05315495	-34.7626	46.76453	1.632157	-34.7639	0
45	11	16.29619	0.05315495	-38.50792	16.24963	1.915649	-38.45594	0
45	12	11.27231	0.05315447	41.0519	11.28876	1.345886	41.0188	0
45	13	58.4428	0.05315447	45.02641	58.41999	1.741506	44.99173	0
45	14	-35.15159	0.05315447	-1.414921	-35.15846	1.666615	-1.369046	0
45	15	-28.34449	0.05315447	38.40005	-28.30996	1.532149	38.38564	0
46	1	54.25772	0.05315495	-32.68207	54.19972	1.57724	-32.67449	0
46	2	14.64879	0.05315495	-31.75228	14.62107	1.512734	-31.7186	0
46	3	47.00807	0.05315447	-5.216938	46.96972	1.571209	-5.234596	0
46	4	15.08718	0.05315447	39.24286	15.09341	1.308068	39.20963	0
46	5	-26.06581	0.05315495	-33.26113	-26.02306	1.435555	-33.27291	0
46	6	-32.00756	0.05315447	37.28095	-31.98429	1.389798	37.24661	0
46	7	-27.69056	0.05315447	2.489994	-27.67549	1.598823	2.552092	0
46	8	58.50116	0.05315447	37.76746	58.47122	1.370978	37.71681	0
46	9	-22.54565	0.05315495	-31.6858	-22.55375	1.89127	-31.62099	0
46	10	46.74409	0.05315495	-34.73542	46.70457	1.625268	-34.73392	0
46	11	16.29115	0.05315495	-38.44216	16.25192	1.922185	-38.39194	0
46	12	11.31632	0.05315447	41.00716	11.33659	1.346937	40.97858	0
46	13	58.3983	0.05315447	45.00373	58.37665	1.739726	44.96538	0
46	14	-35.12359	0.05315447	-1.389567	-35.13053	1.666604	-1.343094	0
46	15	-28.33406	0.05315447	38.38113	-28.2981	1.532249	38.36794	0
47	1	54.21329	0.05315495	-32.60886	54.14914	1.571156	-32.59846	0
47	2	14.64358	0.05315495	-31.6668	14.60828	1.506027	-31.63585	0
47	3	46.92112	0.05315447	-5.212561	46.8844	1.567289	-5.236798	0
47	4	15.08474	0.05315447	39.15725	15.08705	1.299254	39.12686	0
47	5	-25.98622	0.05315495	-33.2302	-25.93896	1.446239	-33.24151	0
47	6	-31.94388	0.05315447	37.22388	-31.90498	1.395011	37.21051	0
47	7	-27.61333	0.05315447	2.527018	-27.59491	1.594761	2.590186	0
47	8	58.42245	0.05315447	37.7337	58.3914	1.382992	37.69318	0
47	9	-22.51385	0.05315495	-31.61748	-22.51634	1.896038	-31.55734	0
47	10	46.67879	0.05315495	-34.7073	46.64206	1.617433	-34.70286	0
47	11	16.2859	0.05315495	-38.37365	16.25276	1.925205	-38.32411	0
47	12	11.36257	0.05315447	40.96014	11.3934	1.34816	40.94317	0
47	13	58.34945	0.05315447	44.97884	58.32957	1.736606	44.93619	0
47	14	-35.09076	0.05315447	-1.359838	-35.08073	1.647159	-1.326358	0
47	15	-28.31939	0.05315447	38.3546	-28.28209	1.532364	38.34264	0
47	16	48.98454	0.05315447	-4.835939	48.96123	1.418574	-4.868313	0
48	1	54.16878	0.05315495	-32.53554	54.10308	1.568645	-32.52288	0
48	2	14.63837	0.05315495	-31.58118	14.59672	1.497444	-31.55104	0
48	3	46.83283	0.05315447	-5.208394	46.798	1.559192	-5.241393	0
48	4	15.0823	0.05315447	39.07151	15.08113	1.295593	39.04543	0
48	5	-25.90659	0.05315495	-33.19926	-25.85863	1.455584	-33.20536	0
48	6	-31.88021	0.05315447	37.16669	-31.84278	1.399688	37.15556	0
48	7	-27.53599	0.05315447	2.564102	-27.51461	1.595575	2.628368	0
48	8	58.34362	0.05315447	37.69989	58.31219	1.388848	37.66706	0
48	9	-22.4813	0.05315495	-31.54769	-22.47887	1.891508	-31.49444	0
48	10	46.61158	0.05315495	-34.67835	46.57891	1.612178	-34.67171	0
48	11	16.28046	0.05315495	-38.30276	16.25396	1.921065	-38.25603	0
48	12	11.41075	0.05315447	40.91116	11.44434	1.351216	40.89804	0
48	13	58.29681	0.05315447	44.95201	58.27979	1.732255	44.90514	0
48	14	-35.05374	0.05315447	-1.326316	-35.03976	1.64273	-1.295022	0
48	15	-28.30101	0.05315447	38.32149	-28.26236	1.532453	38.31071	0
48	16	48.96551	0.05315447	-4.834451	48.94299	1.418625	-4.867798	0
49	1	54.12421	0.05315495	-32.46211	54.05772	1.57251	-32.44492	0
49	2	14.63315	0.05315495	-31.49544	14.58546	1.489177	-31.46171	0
49	3	46.74344	0.05315447	-5.204389	46.70807	1.548578	-5.24436	0
49	4	15.07986	0.05315447	38.98565	15.07391	1.291702	38.9594	0
49	5	-25.82693	0.05315495	-33.16833	-25.79084	1.460178	-33.15124	0
49	6	-31.81658	0.05315447	37.10938	-31.77785	1.398624	37.10285	0
49	7	-27.45853	0.05315447	2.601237	-27.42981	1.604709	2.663186	0
49	8	58.26468	0.05315447	37.66604	58.23429	1.384763	37.64053	0
49	9	-22.44806	0.05315495	-31.47661	-22.4418	1.883837	-31.42849	0
49	10	46.54272	0.05315495	-34.64869	46.51297	1.609524	-34.63911	0
49	11	16.27487	0.05315495	-38.22979	16.25354	1.91479	-38.18476	0
49	12	11.46062	0.05315447	40.86047	11.49488	1.352476	40.84883	0
49	13	58.24089	0.05315447	44.92351	58.22678	1.726873	44.87238	0
49	14	-35.01309	0.05315447	-1.289507	-34.99339	1.637154	-1.262524	0
49	15	-28.27941	0.05315447	38.2827	-28.23213	1.517422	38.27327	0
49	16	48.93876	0.05315447	-4.832391	48.91693	1.418686	-4.866393	0
50	1	54.07958	0.05315495	-32.3886	54.01675	1.585188	-32.36175	0
50	2	14.62792	0.05315495	-31.4096	14.57905	1.484385	-31.37159	0
50	3	46.65314	0.05315447	-5.200509	46.61155	1.539357	-5.246874	0
50	4	15.07742	0.05315447	38.89968	15.05946	1.28406	38.87136	0
50	5	-25.74727	0.05315495	-33.1374	-25.71878	1.466561	-33.10884	0
50	6	-31.75299	0.05315447	37.05195	-31.71084	1.393476	37.05167	0
50	7	-27.38099	0.05315447	2.638416	-27.3465	1.619487	2.691164	0
50	8	58.18564	0.05315447	37.63214	58.15664	1.376572	37.61229	0
50	9	-22.41423	0.05315495	-31.40441	-22.40421	1.872607	-31.36096	0
50	10	46.47242	0.05315495	-34.61842	46.44384	1.604031	-34.60167	0
50	11	16.26913	0.05315495	-38.15504	16.25281	1.904797	-38.11201	0
50	12	11.51193	0.05315447	40.8083	11.54808	1.351348	40.79976	0
50	13	58.18213	0.05315447	44.89357	58.16964	1.720318	44.83818	0
50	14	-34.9693	0.05315447	-1.24985	-34.94073	1.629762	-1.22903	0
50	15	-28.25498	0.05315447	38.23898	-28.20388	1.512739	38.22998	0
50	16	48.90526	0.05315447	-4.82985	48.88392	1.418731	-4.864254	0
51	1	54.03491	0.05315495	-32.31501	53.98385	1.599249	-32.28568	0
51	2	14.62269	0.05315495	-31.32367	14.57322	1.483645	-31.28302	0
51	3	46.56208	0.05315447	-5.196725	46.51657	1.53458	-5.24244	0
51	4	15.07497	0.05315447	38.81363	15.0497	1.282968	38.78289	0
51	5	-25.66762	0.05315495	-33.1065	-25.64172	1.468698	-33.07682	0
51	6	-31.68947	0.05315447	36.99442	-31.64408	1.386248	37.00002	0
51	7	-27.30336	0.05315447	2.675634	-27.26851	1.630399	2.718769	0
51	8	58.10653	0.05315447	37.59821	58.07878	1.367531	37.58345	0
51	9	-22.37987	0.05315495	-31.33122	-22.36724	1.86415	-31.29407	0
51	10	46.40089	0.05315495	-34.58761	46.37481	1.595239	-34.55688	0
51	11	16.26328	0.05315495	-38.07872	16.25188	1.895509	-38.03875	0
51	12	11.56451	0.05315447	40.75485	11.60371	1.347816	40.75042	0
51	13	58.12091	0.05315447	44.86237	58.10802	1.713827	44.80136	0
51	14	-34.92278	0.05315447	-1.207723	-34.88842	1.626945	-1.191086	0
51	15	-28.22809	0.05315447	38.19101	-28.17328	1.508431	38.18166	0
51	16	48.86588	0.05315447	-4.826903	48.84479	1.418731	-4.861448	0
52	1	53.9902	0.05315495	-32.24135	53.94813	1.605057	-32.21057	0
52	2	14.61745	0.05315495	-31.23767	14.57113	1.490174	-31.19194	0
52	3	46.47041	0.05315447	-5.193014	46.42045	1.537258	-5.237221	0
52	4	15.07252	0.05315447	38.7275	15.04553	1.291279	38.69315	0
52	5	-25.58799	0.05315495	-33.07562	-25.56578	1.465841	-33.04144	0
52	6	-31.62604	0.05315447	36.93678	-31.5762	1.377923	36.94485	0
52	7	-27.22566	0.05315447	2.712885	-27.19243	1.627523	2.746305	0
52	8	58.02734	0.05315447	37.56425	58.00203	1.364532	37.55479	0
52	9	-22.34504	0.05315495	-31.25717	-22.32891	1.86097	-31.2248	0
52	10	46.32828	0.05315495	-34.55634	46.30269	1.595368	-34.5196	0
52	11	16.25733	0.05315495	-38.00106	16.25081	1.892227	-37.96474	0
52	12	11.61818	0.05315447	40.70029	11.66004	1.342703	40.70081	0
52	13	58.05756	0.05315447	44.83008	58.04262	1.708803	44.76536	0
52	14	-34.87389	0.05315447	-1.163458	-34.83513	1.629104	-1.148805	0
52	15	-28.19904	0.05315447	38.13935	-28.14283	1.504656	38.12907	0
52	16	48.82137	0.05315447	-4.823615	48.78688	1.402051	-4.859314	0
53	1	53.94545	0.05315495	-32.16764	53.91167	1.600043	-32.13678	0
53	2	14.61221	0.05315495	-31.15159	14.57517	1.503964	-31.10104	0
53	3	46.37823	0.05315447	-5.189354	46.32126	1.551867	-5.224211	0
53	4	15.07008	0.05315447	38.6413	15.04418	1.301253	38.60318	0
53	5	-25.50839	0.05315495	-33.04478	-25.49053	1.459612	-33.0044	0
53	6	-31.56269	0.05315447	36.87905	-31.50658	1.372482	36.88652	0
53	7	-27.14791	0.05315447	2.750165	-27.11567	1.619862	2.776975	0
53	8	57.94809	0.05315447	37.53026	57.91939	1.359685	37.52586	0
53	9	-22.30978	0.05315495	-31.18236	-22.28355	1.853549	-31.15222	0
53	10	46.25474	0.05315495	-34.52466	46.22694	1.603069	-34.48367	0
53	11	16.25128	0.05315495	-37.92224	16.25079	1.886711	-37.88396	0
53	12	11.6728	0.05315447	40.64476	11.71784	1.336406	40.64853	0
53	13	57.99236	0.05315447	44.79685	57.97591	1.705451	44.73096	0
53	14	-34.82296	0.05315447	-1.117338	-34.77895	1.63453	-1.10356	0
53	15	-28.16809	0.05315447	38.08452	-28.11026	1.50209	38.07355	0
53	16	48.77236	0.05315447	-4.82004	48.73507	1.403141	-4.853638	0
54	1	53.90068	0.05315495	-32.09387	53.87362	1.590027	-32.06369	0
54	2	14.60697	0.05315495	-31.06546	14.58001	1.515988	-31.01887	0
54	3	46.28565	0.05315447	-5.185733	46.23417	1.568075	-5.208686	0
54	4	15.06768	0.05315447	38.55501	15.05817	1.306579	38.51747	0
54	5	-25.42883	0.05315495	-33.01397	-25.41338	1.451721	-32.96795	0
54	6	-31.49945	0.05315447	36.82123	-31.44157	1.370104	36.82693	0
54	7	-27.0701	0.05315447	2.78747	-27.03878	1.608652	2.80827	0
54	8	57.86878	0.05315447	37.49625	57.83162	1.351036	37.50351	0
54	9	-22.27416	0.05315495	-31.10688	-22.22894	1.842614	-31.08046	0
54	10	46.18039	0.05315495	-34.49264	46.14914	1.613149	-34.44972	0
54	11	16.24516	0.05315495	-37.8424	16.2588	1.877131	-37.80022	0
54	12	11.72823	0.05315447	40.58841	11.77826	1.330086	40.59332	0
54	13	57.92556	0.05315447	44.7628	57.90658	1.705335	44.69578	0
54	14	-34.77026	0.05315447	-1.069611	-34.72317	1.640538	-1.055006	0
54	15	-28.13549	0.05315447	38.02694	-28.07655	1.501847	38.01359	0
54	16	48.71944	0.05315447	-4.816224	48.67966	1.406216	-4.846056	0
55	1	53.85587	0.05315495	-32.02007	53.83497	1.579789	-31.99074	0
55	2	14.60172	0.05315495	-30.97928	14.58318	1.516104	-30.93694	0
55	3	46.19275	0.05315447	-5.182136	46.14747	1.569334	-5.195697	0
55	4	15.06532	0.05315447	38.46865	15.07939	1.311855	38.43276	0
55	5	-25.3493	0.05315495	-32.9832	-25.33242	1.444054	-32.93082	0
55	6	-31.43631	0.05315447	36.76332	-31.37664	1.37298	36.76568	0
55	7	-26.99224	0.05315447	2.824797	-26.96347	1.60277	2.839139	0
55	8	57.78943	0.05315447	37.46222	57.7482	1.3527	37.47303	0
55	9	-22.2382	0.05315495	-31.03082	-22.18845	1.84721	-31.00377	0
55	10	46.10534	0.05315495	-34.46032	46.06976	1.619383	-34.42791	0
55	11	16.23897	0.05315495	-37.76168	16.26499	1.87235	-37.71489	0
55	12	11.78435	0.05315447	40.53135	11.83798	1.32589	40.5349	0
55	13	57.85737	0.05315447	44.72805	57.83243	1.710957	44.66219	0
55	14	-34.71601	0.05315447	-1.020491	-34.67612	1.644009	-0.9991444	0
55	15	-28.10143	0.05315447	37.967	-28.04323	1.50572	37.94871	0
55	16	48.66309	0.05315447	-4.812207	48.62473	1.409543	-4.837747	0
56	1	53.81105	0.05315495	-31.94622	53.79658	1.576607	-31.91856	0
56	2	14.59647	0.05315495	-30.89306	14.58389	1.510225	-30.85367	0
56	3	46.0996	0.05315447	-5.178555	46.05913	1.560748	-5.185406	0
56	4	15.06303	0.05315447	38.3822	15.07808	1.315894	38.34875	0
56	5	-25.26972	0.05315495	-32.95219	-25.2494	1.439509	-32.89737	0
56	6	-31.37328	0.05315447	36.70533	-31.31406	1.383394	36.69905	0
56	7	-26.91435	0.05315447	2.862143	-26.88357	1.598828	2.871511	0
56	8	57.71004	0.05315447	37.42817	57.66428	1.362511	37.43867	0
56	9	-22.20196	0.05315495	-30.95423	-22.14776	1.860076	-30.92315	0
56	10	46.02969	0.05315495	-34.42773	45.98389	1.623418	-34.4257	0
56	11	16.23273	0.05315495	-37.68021	16.26134	1.880546	-37.62963	0
56	12	11.84103	0.05315447	40.47369	11.89627	1.323998	40.47623	0
56	13	57.78798	0.05315447	44.69268	57.75525	1.72217	44.6323	0
56	14	-34.66043	0.05315447	-0.9701636	-34.63907	1.646767	-0.9312183	0
56	15	-28.06608	0.05315447	37.905	-28.0118	1.513416	37.88049	0
56	16	48.60375	0.05315447	-4.80802	48.56569	1.412756	-4.829978	0
56	17	-26.45419	0.05315495	-36.38499	-26.47042	1.42946	-36.34922	0
57	1	53.7662	0.05315495	-31.87235	53.75747	1.570597	-31.83932	0
57	2	14.59122	0.05315495	-30.8068	14.5838	1.499694	-30.77034	0
57	3	46.00626	0.05315447	-5.174981	45.97069	1.5472	-5.175914	0
57	4	15.06081	0.05315447	38.29566	15.08035	1.314463	38.26425	0
57	5	-25.1901	0.05315495	-32.92101	-25.16775	1.438574	-32.86509	0
57	6	-31.31036	0.05315447	36.64725	-31.25989	1.395683	36.63547	0
57	7	-26.83642	0.05315447	2.899505	-26.79742	1.590112	2.897919	0
57	8	57.63062	0.05315447	37.39411	57.58269	1.372513	37.40084	0
57	9	-22.16546	0.05315495	-30.87719	-22.11352	1.872222	-30.84085	0
57	10	45.95351	0.05315495	-34.39492	45.90955	1.629954	-34.39584	0
57	11	16.22643	0.05315495	-37.59808	16.25567	1.893399	-37.54235	0
57	12	11.89819	0.05315447	40.41552	11.95484	1.32636	40.415	0
57	13	57.71754	0.05315447	44.65679	57.68456	1.732676	44.6065	0
57	14	-34.6037	0.05315447	-0.9187905	-34.58635	1.652017	-0.8784314	0
57	15	-28.02961	0.05315447	37.84124	-27.98328	1.520921	37.81572	0
57	16	48.54179	0.05315447	-4.803692	48.50561	1.411989	-4.821839	0
57	17	-26.44496	0.05315495	-36.366	-26.46263	1.429487	-36.33021	0
58	1	53.72134	0.05315495	-31.79844	53.72494	1.560489	-31.75315	0
58	2	14.58597	0.05315495	-30.7205	14.58316	1.492057	-30.68838	0
58	3	45.91277	0.05315447	-5.171408	45.8834	1.541893	-5.166447	0
58	4	15.05868	0.05315447	38.20903	15.08506	1.309166	38.17915	0
58	5	-25.11045	0.05315495	-32.88971	-25.08311	1.444109	-32.83484	0
58	6	-31.24756	0.05315447	36.58911	-31.20402	1.402094	36.57372	0
58	7	-26.75846	0.05315447	2.936881	-26.71133	1.586523	2.926635	0
58	8	57.55116	0.05315447	37.36003	57.51382	1.377513	37.347	0
58	9	-22.12874	0.05315495	-30.79973	-22.1069	1.878208	-30.75269	0
58	10	45.87687	0.05315495	-34.36192	45.83328	1.630446	-34.36648	0
58	11	16.22009	0.05315495	-37.51537	16.23999	1.902691	-37.45893	0
58	12	11.95575	0.05315447	40.35694	12.01177	1.334916	40.34901	0
58	13	57.64619	0.05315447	44.62043	57.61282	1.735781	44.57813	0
58	14	-34.54597	0.05315447	-0.8665107	-34.53101	1.653186	-0.8253126	0
58	15	-27.99215	0.05315447	37.77595	-27.95169	1.524389	37.74891	0
58	16	48.47754	0.05315447	-4.799247	48.44281	1.40928	-4.813997	0
58	17	-26.43202	0.05315495	-36.33932	-26.45112	1.429509	-36.3037	0
58	18	16.88492	0.05315495	-41.71787	16.84385	1.402306	-41.7137	0
59	1	53.67646	0.05315495	-31.72451	53.68229	1.56414	-31.67484	0
59	2	14.58071	0.05315495	-30.63418	14.58261	1.489181	-30.60428	0
59	3	45.81917	0.05315447	-5.167832	45.78828	1.53419	-5.152603	0
59	4	15.05664	0.05315447	38.12231	15.08922	1.301913	38.09347	0
59	5	-25.03079	0.05315495	-32.85833	-24.99608	1.456702	-32.80952	0
59	6	-31.18489	0.05315447	36.53089	-31.14869	1.398164	36.51344	0
59	7	-26.68048	0.05315447	2.974269	-26.62896	1.596113	2.964082	0
59	8	57.47168	0.05315447	37.32594	57.44408	1.383658	37.29696	0
59	9	-22.09182	0.05315495	-30.72192	-22.09031	1.886384	-30.66938	0
59	10	45.79984	0.05315495	-34.32874	45.75505	1.626239	-34.34006	0
59	11	16.21371	0.05315495	-37.43217	16.19795	1.907792	-37.38186	0
59	12	12.01363	0.05315447	40.29801	12.0622	1.345522	40.28519	0
59	13	57.57407	0.05315447	44.58367	57.54098	1.730951	44.54881	0
59	14	-34.48737	0.05315447	-0.8134452	-34.47712	1.650542	-0.7694247	0
59	15	-27.9538	0.05315447	37.70935	-27.92002	1.520727	37.68213	0
59	16	48.41127	0.05315447	-4.794705	48.37814	1.404914	-4.806534	0
59	17	-26.41584	0.05315495	-36.30597	-26.43637	1.429548	-36.2707	0
59	18	16.87414	0.05315495	-41.69919	16.83244	1.40227	-41.69487	0
60	1	53.63158	0.05315495	-31.65056	53.63597	1.576127	-31.59576	0
60	2	14.57545	0.05315495	-30.54783	14.5876	1.482095	-30.51531	0
60	3	45.7255	0.05315447	-5.164248	45.69036	1.52393	-5.129527	0
60	4	15.0547	0.05315447	38.03549	15.09207	1.293959	38.00426	0
60	5	-24.95112	0.05315495	-32.82692	-24.91739	1.468219	-32.78814	0
60	6	-31.12233	0.05315447	36.4726	-31.09189	1.390291	36.45407	0
60	7	-26.60248	0.05315447	3.011668	-26.54716	1.608803	3.004287	0
60	8	57.39217	0.05315447	37.29185	57.36734	1.386559	37.26219	0
60	9	-22.05472	0.05315495	-30.64378	-22.05668	1.889488	-30.5927	0
60	10	45.72247	0.05315495	-34.29541	45.67655	1.618959	-34.31482	0
60	11	16.20729	0.05315495	-37.34855	16.1823	1.91574	-37.30256	0
60	12	12.07177	0.05315447	40.23879	12.11412	1.352444	40.22284	0
60	13	57.50127	0.05315447	44.54657	57.46913	1.721854	44.51797	0
60	14	-34.42801	0.05315447	-0.7596987	-34.42355	1.644699	-0.7113093	0
60	15	-27.91467	0.05315447	37.64161	-27.88603	1.514458	37.61433	0
60	16	48.34324	0.05315447	-4.790082	48.31141	1.398836	-4.79911	0
60	17	-26.39687	0.05315495	-36.26682	-26.41891	1.411505	-36.22172	0
60	18	16.85901	0.05315495	-41.67299	16.81687	1.402222	-41.66851	0
60	19	6.815788	0.05315447	41.8298	6.841355	1.699259	41.78704	0
61	1	53.58668	0.05315495	-31.5766	53.58545	1.587305	-31.52104	0
61	2	14.5702	0.05315495	-30.46147	14.5963	1.475243	-30.42392	0
61	3	45.63179	0.05315447	-5.160655	45.59268	1.533792	-5.124039	0
61	4	15.05287	0.05315447	37.94856	15.09248	1.289096	37.91277	0
61	5	-24.87145	0.05315495	-32.79549	-24.8391	1.469648	-32.76498	0
61	6	-31.0599	0.05315447	36.41424	-31.03453	1.381214	36.39469	0
61	7	-26.52445	0.05315447	3.049076	-26.47731	1.616002	3.05669	0
61	8	57.31265	0.05315447	37.25774	57.29192	1.384127	37.22408	0
61	9	-22.01748	0.05315495	-30.56536	-22.02723	1.885587	-30.51333	0
61	10	45.64479	0.05315495	-34.26196	45.59616	1.609956	-34.28699	0
61	11	16.20085	0.05315495	-37.26455	16.17292	1.917341	-37.22105	0
61	12	12.13012	0.05315447	40.17933	12.16515	1.349413	40.1618	0
61	13	57.42788	0.05315447	44.50917	57.39643	1.711331	44.48627	0
61	14	-34.36801	0.05315447	-0.705362	-34.3688	1.637084	-0.6526924	0
61	15	-27.87484	0.05315447	37.57291	-27.8509	1.505451	37.54527	0
61	16	48.27367	0.05315447	-4.785393	48.24397	1.393244	-4.791811	0
61	17	-26.37546	0.05315495	-36.22261	-26.39791	1.408619	-36.17583	0
61	18	16.84011	0.05315495	-41.64029	16.79769	1.402167	-41.63561	0
61	19	6.803769	0.05315447	41.80204	6.829624	1.699233	41.75861	0
62	1	53.54177	0.05315495	-31.50261	53.51714	1.59279	-31.46432	0
62	2	14.56494	0.05315495	-30.37508	14.59245	1.482776	-30.33438	0
62	3	45.53806	0.05315447	-5.157048	45.49317	1.54941	-5.122124	0
62	4	15.05114	0.05315447	37.86153	15.09102	1.287544	37.82343	0
62	5	-24.79177	0.05315495	-32.76406	-24.76045	1.464577	-32.73979	0
62	6	-30.99759	0.05315447	36.35582	-30.97804	1.377986	36.33649	0
62	7	-26.44641	0.05315447	3.086493	-26.41581	1.621994	3.121774	0
62	8	57.23311	0.05315447	37.22363	57.21708	1.378058	37.18411	0
62	9	-21.98011	0.05315495	-30.48668	-22.00008	1.87684	-30.43258	0
62	10	45.56687	0.05315495	-34.2284	45.51131	1.602	-34.25718	0
62	11	16.19439	0.05315495	-37.18023	16.15912	1.912957	-37.13941	0
62	12	12.18863	0.05315447	40.11969	12.21854	1.34324	40.10116	0
62	13	57.35397	0.05315447	44.4715	57.32467	1.706762	44.45483	0
62	14	-34.30744	0.05315447	-0.6505137	-34.31041	1.628276	-0.5928129	0
62	15	-27.8344	0.05315447	37.50336	-27.81554	1.498904	37.47705	0
62	16	48.20275	0.05315447	-4.78065	48.1756	1.391043	-4.784643	0
62	17	-26.35194	0.05315495	-36.17403	-26.37368	1.407017	-36.12518	0
62	18	16.81796	0.05315495	-41.60193	16.79904	1.379902	-41.57895	0
62	19	6.788761	0.05315447	41.76737	6.814892	1.699182	41.72326	0
63	1	53.49648	0.05315495	-31.42802	53.45882	1.600025	-31.40138	0
63	2	14.55968	0.05315495	-30.28868	14.58681	1.494944	-30.24323	0
63	3	45.44432	0.05315447	-5.153428	45.40012	1.557676	-5.146296	0
63	4	15.04952	0.05315447	37.77439	15.08718	1.292013	37.73239	0
63	5	-24.71209	0.05315495	-32.73265	-24.68219	1.45504	-32.71378	0
63	6	-30.9354	0.05315447	36.29734	-30.91896	1.373654	36.2736	0
63	7	-26.36836	0.05315447	3.123916	-26.34081	1.627801	3.158166	0
63	8	57.15355	0.05315447	37.18951	57.14046	1.370155	37.14464	0
63	9	-21.94264	0.05315495	-30.40777	-21.97019	1.865567	-30.35019	0
63	10	45.48872	0.05315495	-34.19474	45.42952	1.597426	-34.22203	0
63	11	16.1879	0.05315495	-37.09563	16.14339	1.904496	-37.05805	0
63	12	12.24728	0.05315447	40.05991	12.27264	1.334515	40.04034	0
63	13	57.27963	0.05315447	44.43362	57.24741	1.702222	44.42168	0
63	14	-34.24638	0.05315447	-0.5952222	-34.2485	1.622139	-0.5305467	0
63	15	-27.79341	0.05315447	37.43309	-27.77924	1.496326	37.40698	0
63	16	48.13063	0.05315447	-4.775863	48.10331	1.388262	-4.776782	0
63	17	-26.3266	0.05315495	-36.12164	-26.34555	1.408015	-36.07065	0
63	18	16.79298	0.05315495	-41.55869	16.77889	1.376872	-41.53182	0
63	19	6.771162	0.05315447	41.72673	6.768681	1.675371	41.69081	0
63	20	55.13528	0.05315495	-34.09946	55.10022	1.515117	-34.09858	0
64	1	53.4509	0.05315495	-31.35295	53.41228	1.602306	-31.32985	0
64	2	14.55441	0.05315495	-30.20226	14.57085	1.503192	-30.1564	0
64	3	45.35061	0.05315447	-5.149792	45.30959	1.56653	-5.166123	0
64	4	15.048	0.05315447	37.68713	15.07778	1.303764	37.64048	0
64	5	-24.6324	0.05315495	-32.70126	-24.60468	1.446993	-32.68776	0
64	6	-30.87334	0.05315447	36.23881	-30.86381	1.365524	36.20375	0
64	7	-26.29029	0.05315447	3.161345	-26.26691	1.626599	3.198955	0
64	8	57.07399	0.05315447	37.15539	57.05983	1.362334	37.10429	0
64	9	-21.90507	0.05315495	-30.32867	-21.93711	1.85509	-30.26254	0
64	10	45.41037	0.05315495	-34.161	45.34858	1.597177	-34.18731	0
64	11	16.18139	0.05315495	-37.01079	16.12919	1.89388	-36.9738	0
64	12	12.30602	0.05315447	40.00002	12.32614	1.329583	39.98085	0
64	13	57.2049	0.05315447	44.39553	57.16411	1.693277	44.39454	0
64	14	-34.18489	0.05315447	-0.5395464	-34.18484	1.618857	-0.4733393	0
64	15	-27.75192	0.05315447	37.36221	-27.74378	1.490406	37.33062	0
64	16	48.05746	0.05315447	-4.77104	48.02921	1.383539	-4.765084	0
64	17	-26.29967	0.05315495	-36.06595	-26.31336	1.412034	-36.01328	0
64	18	16.76556	0.05315495	-41.5112	16.75507	1.376606	-41.48085	0
64	19	6.751318	0.05315447	41.6809	6.738572	1.668155	41.64702	0
64	20	55.11967	0.05315495	-34.08619	55.08356	1.515178	-34.08673	0
64	21	-30.2362	0.05315447	43.39542	-30.19354	1.457055	43.404	0
65	1	53.4051	0.05315495	-31.27751	53.3617	1.598211	-31.26015	0
65	2	14.54915	0.05315495	-30.11583	14.53143	1.507895	-30.07476	0
65	3	45.25692	0.05315447	-5.146139	45.21885	1.568651	-5.165488	0
65	4	15.0466	0.05315447	37.59977	15.06736	1.315043	37.55744	0
65	5	-24.55271	0.05315495	-32.66989	-24.5262	1.444608	-32.66139	0
65	6	-30.81141	0.05315447	36.18021	-30.80461	1.365273	36.13859	0
65	7	-26.21221	0.05315447	3.198779	-26.19385	1.620497	3.243017	0
65	8	56.99441	0.05315447	37.12126	56.97681	1.357826	37.06754	0
65	9	-21.86743	0.05315495	-30.24938	-21.89745	1.849233	-30.17847	0
65	10	45.33186	0.05315495	-34.12719	45.2669	1.60462	-34.14776	0
65	11	16.17487	0.05315495	-36.92574	16.11499	1.883966	-36.88399	0
65	12	12.36484	0.05315447	39.94004	12.38142	1.326827	39.91898	0
65	13	57.13028	0.05315447	44.35592	57.08057	1.688886	44.3633	0
65	14	-34.12304	0.05315447	-0.4835377	-34.1201	1.620422	-0.4155594	0
65	15	-27.70998	0.05315447	37.29079	-27.71266	1.481666	37.24839	0
65	16	47.98336	0.05315447	-4.766191	47.95296	1.377215	-4.749272	0
65	17	-26.27137	0.05315495	-36.0074	-26.28005	1.417273	-35.95757	0
65	18	16.73601	0.05315495	-41.46004	16.72848	1.378699	-41.42527	0
65	19	6.729529	0.05315447	41.63057	6.709445	1.664702	41.59844	0
65	20	55.09772	0.05315495	-34.0675	55.06082	1.515293	-34.06962	0
65	21	-30.21467	0.05315447	43.37418	-30.17166	1.456996	43.38265	0
65	22	55.18124	0.05315447	2.313841	55.15602	1.779408	2.271563	0
66	1	53.35913	0.05315495	-31.20178	53.3096	1.589916	-31.19132	0
66	2	14.54389	0.05315495	-30.02939	14.5239	1.514827	-29.99163	0
66	3	45.16327	0.05315447	-5.14247	45.1272	1.562596	-5.17039	0
66	4	15.04529	0.05315447	37.51228	15.05892	1.316531	37.47396	0
66	5	-24.47299	0.05315495	-32.63855	-24.4418	1.438858	-32.6368	0
66	6	-30.74959	0.05315447	36.12157	-30.74119	1.374109	36.07605	0
66	7	-26.13412	0.05315447	3.236218	-26.12048	1.61191	3.286913	0
66	8	56.91482	0.05315447	37.08713	56.89511	1.357075	37.03207	0
66	9	-21.82973	0.05315495	-30.16993	-21.85804	1.849316	-30.09569	0
66	10	45.25321	0.05315495	-34.09331	45.18882	1.619059	-34.1033	0
66	11	16.16833	0.05315495	-36.8405	16.10744	1.878235	-36.79374	0
66	12	12.42371	0.05315447	39.88002	12.43495	1.320702	39.85131	0
66	13	57.05569	0.05315447	44.31498	57.00132	1.697808	44.32194	0
66	14	-34.06087	0.05315447	-0.4272404	-34.04987	1.629908	-0.359615	0
66	15	-27.66765	0.05315447	37.21893	-27.67198	1.485269	37.1731	0
66	16	47.90845	0.05315447	-4.761319	47.87708	1.37904	-4.741619	0
66	17	-26.24188	0.05315495	-35.94637	-26.24635	1.422231	-35.89965	0
66	18	16.70462	0.05315495	-41.40569	16.69864	1.382187	-41.36724	0
66	19	6.706054	0.05315447	41.57635	6.680369	1.665252	41.54487	0
66	20	55.07027	0.05315495	-34.04409	55.03254	1.515399	-34.04768	0
66	21	-30.18778	0.05315447	43.34765	-30.1448	1.456947	43.35594	0
66	22	55.15101	0.05315447	2.312712	55.12549	1.779467	2.270641	0
66	23	56.54512	0.05315447	46.35249	56.54678	1.7642	46.2984	0
67	1	53.31302	0.05315495	-31.12584	53.25762	1.579355	-31.11864	0
67	2	14.53863	0.05315495	-29.94294	14.51493	1.51491	-29.90764	0
67	3	45.06966	0.05315447	-5.138783	45.03527	1.55219	-5.176153	0
67	4	15.04409	0.05315447	37.42468	15.05242	1.311505	37.3895	0
67	5	-24.39326	0.05315495	-32.60723	-24.35303	1.430618	-32.61784	0
67	6	-30.6879	0.05315447	36.06287	-30.67596	1.384429	36.01562	0
67	7	-26.05603	0.05315447	3.273661	-26.04286	1.602167	3.330683	0
67	8	56.83522	0.05315447	37.05299	56.81017	1.363057	36.99905	0
67	9	-21.79198	0.05315495	-30.09034	-21.8119	1.860008	-30.01254	0
67	10	45.17443	0.05315495	-34.05938	45.11803	1.631129	-34.06256	0
67	11	16.16179	0.05315495	-36.75512	16.10038	1.877499	-36.70517	0
67	12	12.4826	0.05315447	39.81997	12.48803	1.315372	39.78074	0
67	13	56.9811	0.05315447	44.27289	56.92239	1.71069	44.27671	0
67	14	-33.99842	0.05315447	-0.370693	-33.98035	1.643823	-0.3107539	0
67	15	-27.62495	0.05315447	37.14667	-27.6285	1.495378	37.09602	0
67	16	47.83283	0.05315447	-4.756432	47.79867	1.385304	-4.73415	0
67	17	-26.21136	0.05315495	-35.88319	-26.21214	1.422086	-35.84051	0
67	18	16.67163	0.05315495	-41.34858	16.66427	1.385075	-41.30952	0
67	19	6.681118	0.05315447	41.51876	6.649377	1.668881	41.48655	0
67	20	55.03803	0.05315495	-34.01656	54.99313	1.502307	-34.0234	0
67	21	-30.15625	0.05315447	43.31654	-30.13217	1.433476	43.29821	0
67	22	55.11326	0.05315447	2.311302	55.08739	1.779504	2.269429	0
67	23	56.52272	0.05315447	46.33482	56.52415	1.764168	46.2812	0
67	24	-30.84152	0.05315447	2.670455	-30.79453	1.745716	2.684636	0
68	1	53.26683	0.05315495	-31.04974	53.20271	1.570687	-31.04087	0
68	2	14.53336	0.05315495	-29.85649	14.50247	1.509937	-29.82355	0
68	3	44.97612	0.05315447	-5.13508	44.93781	1.540432	-5.179474	0
68	4	15.04298	0.05315447	37.33696	15.04687	1.302096	37.30486	0
68	5	-24.31349	0.05315495	-32.57594	-24.27048	1.435512	-32.58781	0
68	6	-30.62634	0.05315447	36.00413	-30.60391	1.389968	35.96946	0
68	7	-25.97792	0.05315447	3.311107	-25.96108	1.595998	3.374004	0
68	8	56.75562	0.05315447	37.01885	56.72349	1.375804	36.97146	0
68	9	-21.7542	0.05315495	-30.01062	-21.76131	1.87851	-29.93705	0
68	10	45.09554	0.05315495	-34.0254	45.0473	1.630395	-34.02328	0
68	11	16.15523	0.05315495	-36.66959	16.09765	1.88574	-36.61335	0
68	12	12.54152	0.05315447	39.75991	12.54767	1.32149	39.71796	0
68	13	56.90646	0.05315447	44.2298	56.85535	1.718572	44.22016	0
68	14	-33.93574	0.05315447	-0.3139288	-33.91459	1.653898	-0.2623722	0
68	15	-27.58191	0.05315447	37.07408	-27.58129	1.505166	37.02192	0
68	16	47.75657	0.05315447	-4.751533	47.71955	1.39288	-4.728553	0
68	17	-26.17996	0.05315495	-35.81815	-26.1775	1.41877	-35.77892	0
68	18	16.63727	0.05315495	-41.28909	16.61966	1.386535	-41.25743	0
68	19	6.654914	0.05315447	41.45824	6.619098	1.673949	41.42447	0
68	20	55.00161	0.05315495	-33.98542	54.95411	1.497758	-33.99392	0
68	21	-30.1207	0.05315447	43.28146	-30.09972	1.431822	43.25885	0
68	22	55.069	0.05315447	2.309648	55.03347	1.765105	2.285883	0
68	23	56.49484	0.05315447	46.31274	56.49584	1.764147	46.26025	0
68	24	-30.82575	0.05315447	2.655747	-30.77908	1.74572	2.669536	0
69	1	53.22058	0.05315495	-30.97353	53.15475	1.566326	-30.96118	0
69	2	14.5281	0.05315495	-29.77003	14.48977	1.502185	-29.73982	0
69	3	44.88263	0.05315447	-5.131359	44.83787	1.533833	-5.177317	0
69	4	15.04197	0.05315447	37.24911	15.04194	1.29504	37.22117	0
69	5	-24.23369	0.05315495	-32.54465	-24.18619	1.446414	-32.55593	0
69	6	-30.5649	0.05315447	35.94534	-30.52653	1.395183	35.93074	0
69	7	-25.89981	0.05315447	3.348556	-25.88038	1.593626	3.412496	0
69	8	56.67601	0.05315447	36.98471	56.64419	1.386889	36.94728	0
69	9	-21.71639	0.05315495	-29.93079	-21.71565	1.891766	-29.86623	0
69	10	45.01655	0.05315495	-33.99138	44.9738	1.623925	-33.98541	0
69	11	16.14866	0.05315495	-36.58395	16.10213	1.902811	-36.52174	0
69	12	12.60045	0.05315447	39.69986	12.60913	1.33144	39.65485	0
69	13	56.83175	0.05315447	44.18585	56.80225	1.724128	44.14526	0
69	14	-33.87284	0.05315447	-0.2569768	-33.85053	1.650777	-0.2148571	0
69	15	-27.53858	0.05315447	37.00121	-27.51867	1.51006	36.96298	0
69	16	47.67973	0.05315447	-4.746625	47.64219	1.397771	-4.730671	0
69	17	-26.1478	0.05315495	-35.7515	-26.14285	1.412884	-35.71581	0
69	18	16.60171	0.05315495	-41.22751	16.57083	1.389081	-41.20476	0
69	19	6.627614	0.05315447	41.39519	6.594864	1.677661	41.35912	0
69	20	54.96155	0.05315495	-33.95112	54.91002	1.49361	-33.96087	0
69	21	-30.08167	0.05315447	43.24295	-30.06313	1.432463	43.21501	0
69	22	55.01909	0.05315447	2.307784	54.98347	1.759077	2.287814	0
69	23	56.46223	0.05315447	46.28684	56.46255	1.764104	46.23609	0
69	24	-30.80362	0.05315447	2.635121	-30.75713	1.745738	2.648525	0
70	1	53.17429	0.05315495	-30.89726	53.10697	1.568522	-30.881	0
70	2	14.52283	0.05315495	-29.68356	14.47894	1.492837	-29.65268	0
70	3	44.7892	0.05315447	-5.12762	44.7406	1.533814	-5.173166	0
70	4	15.04105	0.05315447	37.16115	15.03685	1.292305	37.13546	0
70	5	-24.15385	0.05315495	-32.51339	-24.10604	1.455686	-32.51896	0
70	6	-30.50357	0.05315447	35.88651	-30.46658	1.399814	35.87415	0
70	7	-25.8217	0.05315447	3.386007	-25.79747	1.59793	3.449976	0
70	8	56.59639	0.05315447	36.95057	56.56568	1.386896	36.92175	0
70	9	-21.67857	0.05315495	-29.85086	-21.67187	1.887451	-29.79671	0
70	10	44.93748	0.05315495	-33.95733	44.89985	1.612807	-33.94812	0
70	11	16.14209	0.05315495	-36.4982	16.1074	1.917553	-36.44086	0
70	12	12.65938	0.05315447	39.63984	12.67381	1.338817	39.59838	0
70	13	56.75694	0.05315447	44.14115	56.73075	1.731093	44.10218	0
70	14	-33.80977	0.05315447	-0.199862	-33.78653	1.643274	-0.1641365	0
70	15	-27.49497	0.05315447	36.92809	-27.4595	1.516386	36.90232	0
70	16	47.6024	0.05315447	-4.741714	47.5656	1.400771	-4.747901	0
70	17	-26.11497	0.05315495	-35.68344	-26.10738	1.405277	-35.65069	0
70	18	16.56511	0.05315495	-41.16414	16.53432	1.392248	-41.14267	0
70	19	6.599361	0.05315447	41.32994	6.585123	1.679807	41.28779	0
70	20	54.91832	0.05315495	-33.91406	54.86471	1.489778	-33.92354	0
70	21	-30.03961	0.05315447	43.20145	-30.02252	1.43511	43.16861	0
70	22	54.96429	0.05315447	2.305737	54.92964	1.754124	2.289296	0
70	23	56.42556	0.05315447	46.25763	56.39378	1.738094	46.23483	0
70	24	-30.77599	0.05315447	2.609365	-30.72947	1.745747	2.622385	0
71	1	53.12799	0.05315495	-30.82094	53.06369	1.581199	-30.79474	0
71	2	14.51757	0.05315495	-29.59708	14.46808	1.486127	-29.56098	0
71	3	44.69584	0.05315447	-5.123865	44.64043	1.545875	-5.162303	0
71	4	15.0402	0.05315447	37.07306	15.02616	1.285582	37.04559	0
71	5	-24.07397	0.05315495	-32.48213	-24.03852	1.46026	-32.46358	0
71	6	-30.44237	0.05315447	35.82763	-30.40396	1.398871	35.8197	0
71	7	-25.74358	0.05315447	3.423461	-25.70992	1.611236	3.482548	0
71	8	56.51677	0.05315447	36.91642	56.48679	1.381432	36.89366	0
71	9	-21.64075	0.05315495	-29.77085	-21.63003	1.876783	-29.7241	0
71	10	44.85835	0.05315495	-33.92324	44.82705	1.604995	-33.91165	0
71	11	16.13551	0.05315495	-36.41236	16.11083	1.91749	-36.3605	0
71	12	12.71831	0.05315447	39.57985	12.74963	1.342734	39.55825	0
71	13	56.68202	0.05315447	44.0958	56.66072	1.730048	44.05376	0
71	14	-33.74654	0.05315447	-0.1426062	-33.72245	1.632168	-0.1126942	0
71	15	-27.45111	0.05315447	36.85477	-27.41535	1.519589	36.83199	0
71	16	47.52462	0.05315447	-4.736799	47.48945	1.405621	-4.750068	0
71	17	-26.08158	0.05315495	-35.61419	-26.07238	1.399819	-35.58554	0
71	18	16.52761	0.05315495	-41.09922	16.49485	1.392206	-41.07985	0
71	19	6.570285	0.05315447	41.26278	6.570455	1.683946	41.21606	0
71	20	54.87234	0.05315495	-33.8746	54.8173	1.486733	-33.88387	0
71	21	-29.99494	0.05315447	43.15737	-29.97805	1.438165	43.12142	0
71	22	54.90525	0.05315447	2.303531	54.87196	1.751226	2.290785	0
71	23	56.3854	0.05315447	46.22553	56.34767	1.73974	46.20605	0
71	24	-30.74359	0.05315447	2.579165	-30.6946	1.741736	2.574093	0
72	1	53.08168	0.05315495	-30.74461	53.02978	1.597268	-30.71457	0
72	2	14.51231	0.05315495	-29.51061	14.46293	1.482896	-29.47151	0
72	3	44.60255	0.05315447	-5.120092	44.54994	1.563903	-5.145458	0
72	4	15.03943	0.05315447	36.98485	15.01346	1.280366	36.95387	0
72	5	-23.99403	0.05315495	-32.45088	-23.96572	1.466731	-32.42227	0
72	6	-30.38129	0.05315447	35.76872	-30.33933	1.393968	35.76674	0
72	7	-25.66545	0.05315447	3.460917	-25.63121	1.625289	3.508175	0
72	8	56.43715	0.05315447	36.88227	56.40808	1.371752	36.86485	0
72	9	-21.60294	0.05315495	-29.69076	-21.58855	1.86309	-29.65091	0
72	10	44.77915	0.05315495	-33.88913	44.75163	1.601985	-33.87387	0
72	11	16.12892	0.05315495	-36.32645	16.11139	1.910081	-36.27823	0
72	12	12.77722	0.05315447	39.51991	12.8125	1.348539	39.50581	0
72	13	56.60698	0.05315447	44.0499	56.59214	1.723287	44.00118	0
72	14	-33.68318	0.05315447	-0.08522797	-33.65968	1.625817	-0.0620807	0
72	15	-27.40701	0.05315447	36.78128	-27.36768	1.517179	36.76342	0
72	16	47.44645	0.05315447	-4.731885	47.41245	1.40731	-4.746765	0
72	17	-26.04771	0.05315495	-35.54389	-26.03639	1.397654	-35.51872	0
72	18	16.48933	0.05315495	-41.03294	16.45297	1.389425	-41.01707	0
72	19	6.540494	0.05315447	41.19398	6.542434	1.686975	41.14804	0
72	20	54.82394	0.05315495	-33.83302	54.76723	1.48531	-33.84135	0
72	21	-29.94799	0.05315447	43.11105	-29.9273	1.43992	43.07971	0
72	22	54.84254	0.05315447	2.301188	54.80772	1.746535	2.293001	0
72	23	56.34222	0.05315447	46.19094	56.29968	1.74275	46.17337	0
72	24	-30.70704	0.05315447	2.545128	-30.66084	1.73887	2.536868	0
73	1	53.03539	0.05315495	-30.66829	52.9935	1.604162	-30.63669	0
73	2	14.50704	0.05315495	-29.42413	14.45828	1.485249	-29.38134	0
73	3	44.50933	0.05315447	-5.116303	44.46202	1.570763	-5.132055	0
73	4	15.03873	0.05315447	36.89651	15.01135	1.288007	36.8623	0
73	5	-23.91402	0.05315495	-32.41962	-23.88836	1.468539	-32.38968	0
73	6	-30.32032	0.05315447	35.70977	-30.27506	1.38706	35.71357	0
73	7	-25.58733	0.05315447	3.498374	-25.55322	1.629931	3.536491	0
73	8	56.35752	0.05315447	36.84812	56.33083	1.364957	36.83604	0
73	9	-21.56514	0.05315495	-29.61061	-21.54791	1.858057	-29.57893	0
73	10	44.6999	0.05315495	-33.855	44.67467	1.594455	-33.82862	0
73	11	16.12232	0.05315495	-36.24047	16.111	1.896946	-36.19592	0
73	12	12.83613	0.05315447	39.46002	12.87189	1.349909	39.44886	0
73	13	56.53182	0.05315447	44.00352	56.52318	1.713439	43.94814	0
73	14	-33.61971	0.05315447	-0.02775758	-33.59343	1.622211	-0.008935876	0
73	15	-27.36269	0.05315447	36.70764	-27.31772	1.510749	36.69561	0
73	16	47.36791	0.05315447	-4.726972	47.33509	1.405631	-4.746084	0
73	17	-26.01342	0.05315495	-35.47269	-25.99582	1.3928	-35.44894	0
73	18	16.45037	0.05315495	-40.9655	16.40976	1.38443	-40.95386	0
73	19	6.510084	0.05315447	41.12374	6.51637	1.686072	41.0774	0
73	20	54.77346	0.05315495	-33.78959	54.71531	1.486845	-33.7947	0
73	21	-29.89908	0.05315447	43.06279	-29.86705	1.441485	43.04475	0
73	22	54.77663	0.05315447	2.298726	54.73995	1.739942	2.299452	0
73	23	56.29646	0.05315447	46.15418	56.25249	1.745378	46.13611	0
73	24	-30.66685	0.05315447	2.507806	-30.62327	1.73494	2.496698	0
74	1	52.98912	0.05315495	-30.59199	52.9562	1.598515	-30.56034	0
74	2	14.50177	0.05315495	-29.33764	14.45936	1.496191	-29.28845	0
74	3	44.41618	0.05315447	-5.112498	44.3742	1.563775	-5.120765	0
74	4	15.0381	0.05315447	36.80806	15.01146	1.299032	36.76958	0
74	5	-23.83396	0.05315495	-32.38836	-23.81204	1.465304	-32.35363	0
74	6	-30.25947	0.05315447	35.65079	-30.21003	1.378995	35.65708	0
74	7	-25.5092	0.05315447	3.535832	-25.47596	1.62456	3.566072	0
74	8	56.27789	0.05315447	36.81397	56.25147	1.36225	36.80658	0
74	9	-21.52736	0.05315495	-29.53041	-21.50145	1.851152	-29.50095	0
74	10	44.62061	0.05315495	-33.82085	44.59734	1.58743	-33.77915	0
74	11	16.11573	0.05315495	-36.15444	16.11037	1.887289	-36.11515	0
74	12	12.89502	0.05315447	39.4002	12.93336	1.34707	39.39408	0
74	13	56.45653	0.05315447	43.95674	56.44913	1.702217	43.89404	0
74	14	-33.55621	0.05315447	0.02975443	-33.51982	1.614055	0.04107194	0
74	15	-27.31816	0.05315447	36.63387	-27.26784	1.502248	36.62617	0
74	16	47.28906	0.05315447	-4.722063	47.25683	1.401233	-4.746991	0
74	17	-25.97877	0.05315495	-35.40072	-25.9485	1.384927	-35.37969	0
74	18	16.41084	0.05315495	-40.89704	16.36603	1.37809	-40.88865	0
74	19	6.479136	0.05315447	41.05227	6.492078	1.681666	41.00448	0
74	20	54.72114	0.05315495	-33.74454	54.66265	1.492389	-33.74346	0
74	21	-29.84847	0.05315447	43.01285	-29.81304	1.444998	42.99991	0
74	22	54.70797	0.05315447	2.296161	54.66739	1.731634	2.310107	0
74	23	56.24848	0.05315447	46.11553	56.21236	1.7466	46.08981	0
74	24	-30.62346	0.05315447	2.467674	-30.58311	1.728701	2.454358	0
75	1	52.94289	0.05315495	-30.51572	52.9172	1.587074	-30.4847	0
75	2	14.49651	0.05315495	-29.25115	14.46527	1.51018	-29.20349	0
75	3	44.32311	0.05315447	-5.108677	44.28587	1.550494	-5.110992	0
75	4	15.03751	0.05315447	36.71949	15.02556	1.305404	36.6812	0
75	5	-23.75381	0.05315495	-32.35709	-23.73643	1.45872	-32.31609	0
75	6	-30.19874	0.05315447	35.59177	-30.14277	1.373506	35.59774	0
75	7	-25.43107	0.05315447	3.573292	-25.39921	1.614027	3.597011	0
75	8	56.19825	0.05315447	36.77982	56.16627	1.355629	36.78067	0
75	9	-21.48961	0.05315495	-29.45017	-21.44281	1.838624	-29.42526	0
75	10	44.54127	0.05315495	-33.78667	44.51582	1.595378	-33.74218	0
75	11	16.10913	0.05315495	-36.06835	16.10969	1.883847	-36.03135	0
75	12	12.9539	0.05315447	39.34044	12.99553	1.341449	39.34033	0
75	13	56.38111	0.05315447	43.9096	56.37006	1.695215	43.84065	0
75	14	-33.49271	0.05315447	0.08726637	-33.44466	1.608831	0.09152481	0
75	15	-27.27345	0.05315447	36.56	-27.21659	1.493372	36.55251	0
75	16	47.20992	0.05315447	-4.717158	47.17852	1.395462	-4.747731	0
75	17	-25.94382	0.05315495	-35.32807	-25.90866	1.385893	-35.30735	0
75	18	16.37079	0.05315495	-40.8277	16.3215	1.370907	-40.81998	0
75	19	6.447724	0.05315447	40.97972	6.468194	1.674903	40.93114	0
75	20	54.66723	0.05315495	-33.69809	54.61323	1.499743	-33.69202	0
75	21	-29.79638	0.05315447	42.96145	-29.76048	1.4465	42.95006	0
75	22	54.63692	0.05315447	2.293506	54.59471	1.732287	2.312201	0
75	23	56.19859	0.05315447	46.07524	56.17657	1.748236	46.03387	0
75	24	-30.57724	0.05315447	2.425142	-30.53992	1.72137	2.40937	0
76	1	52.89668	0.05315495	-30.4395	52.87795	1.576934	-30.40992	0
76	2	14.49124	0.05315495	-29.16466	14.46841	1.518025	-29.11949	0
76	3	44.23011	0.05315447	-5.10484	44.19939	1.542778	-5.101573	0
76	4	15.03697	0.05315447	36.63079	15.05196	1.310853	36.59476	0
76	5	-23.6736	0.05315495	-32.3258	-23.65838	1.450419	-32.27916	0
76	6	-30.13812	0.05315447	35.53272	-30.08055	1.370861	35.53677	0
76	7	-25.35293	0.05315447	3.610754	-25.32285	1.604169	3.628159	0
76	8	56.11862	0.05315447	36.74566	56.07822	1.349804	36.75663	0
76	9	-21.4519	0.05315495	-29.3699	-21.39867	1.842599	-29.34439	0
76	10	44.46189	0.05315495	-33.75249	44.432	1.608235	-33.70604	0
76	11	16.10252	0.05315495	-35.98222	16.11563	1.875123	-35.94157	0
76	12	13.01277	0.05315447	39.28075	13.05798	1.334413	39.28471	0
76	13	56.30556	0.05315447	43.86215	56.29181	1.69308	43.79138	0
76	14	-33.42926	0.05315447	0.1447446	-33.37749	1.617564	0.1500616	0
76	15	-27.22855	0.05315447	36.48604	-27.16755	1.488071	36.47538	0
76	16	47.13052	0.05315447	-4.712259	47.09803	1.388691	-4.747007	0
76	17	-25.90861	0.05315495	-35.25484	-25.86984	1.393506	-35.23187	0
76	18	16.3303	0.05315495	-40.7576	16.27583	1.365955	-40.74799	0
76	19	6.415909	0.05315447	40.90624	6.441967	1.666544	40.85537	0
76	20	54.61193	0.05315495	-33.65038	54.56306	1.506165	-33.64109	0
76	21	-29.74301	0.05315447	42.90879	-29.70521	1.445214	42.90071	0
76	22	54.56379	0.05315447	2.290775	54.5178	1.738325	2.313622	0
76	23	56.14706	0.05315447	46.03352	56.12639	1.752401	45.99202	0
76	24	-30.52853	0.05315447	2.380563	-30.49517	1.715351	2.363708	0
77	1	52.85052	0.05315495	-30.36333	52.83823	1.573644	-30.33424	0
77	2	14.48598	0.05315495	-29.07817	14.47071	1.513715	-29.03712	0
77	3	44.13719	0.05315447	-5.100987	44.10673	1.537353	-5.090332	0
77	4	15.03647	0.05315447	36.54198	15.05231	1.315397	36.50869	0
77	5	-23.59329	0.05315495	-32.29449	-23.57612	1.442822	-32.24098	0
77	6	-30.07762	0.05315447	35.47364	-30.01829	1.372786	35.47503	0
77	7	-25.2748	0.05315447	3.648216	-25.24613	1.601256	3.659539	0
77	8	56.03898	0.05315447	36.71151	55.99532	1.356979	36.72263	0
77	9	-21.41423	0.05315495	-29.28961	-21.357	1.857795	-29.25901	0
77	10	44.38249	0.05315495	-33.71829	44.34742	1.616927	-33.6818	0
77	11	16.09591	0.05315495	-35.89605	16.12664	1.866303	-35.84893	0
77	12	13.07163	0.05315447	39.22114	13.12238	1.327542	39.22631	0
77	13	56.22989	0.05315447	43.81444	56.20944	1.700093	43.74364	0
77	14	-33.36591	0.05315447	0.2021628	-33.31088	1.630307	0.2108697	0
77	15	-27.18349	0.05315447	36.41201	-27.12069	1.486694	36.39937	0
77	16	47.05088	0.05315447	-4.707366	47.01406	1.38358	-4.746468	0
77	17	-25.87318	0.05315495	-35.18111	-25.83316	1.402645	-35.15479	0
77	18	16.28943	0.05315495	-40.68684	16.23387	1.363234	-40.67539	0
77	19	6.383744	0.05315447	40.83195	6.41366	1.658355	40.77533	0
77	20	54.55542	0.05315495	-33.60159	54.51252	1.505694	-33.59001	0
77	21	-29.68852	0.05315447	42.85503	-29.64737	1.441243	42.85136	0
77	22	54.48886	0.05315447	2.287976	54.43882	1.746972	2.312595	0
77	23	56.09414	0.05315447	45.99057	56.07539	1.753498	45.94758	0
77	24	-30.47762	0.05315447	2.334239	-30.44858	1.712731	2.316416	0
78	1	52.80439	0.05315495	-30.28721	52.80062	1.565793	-30.2504	0
78	2	14.48071	0.05315495	-28.99167	14.47088	1.504846	-28.95422	0
78	3	44.04434	0.05315447	-5.09712	44.01047	1.525696	-5.067043	0
78	4	15.03601	0.05315447	36.45306	15.0566	1.313682	36.42208	0
78	5	-23.51291	0.05315495	-32.26316	-23.49224	1.438539	-32.20806	0
78	6	-30.01723	0.05315447	35.41454	-29.95811	1.381742	35.40844	0
78	7	-25.19666	0.05315447	3.685678	-25.16239	1.594892	3.690112	0
78	8	55.95934	0.05315447	36.67736	55.91181	1.368115	36.68654	0
78	9	-21.3766	0.05315495	-29.2093	-21.32473	1.871328	-29.17221	0
78	10	44.30306	0.05315495	-33.68408	44.25653	1.621873	-33.68191	0
78	11	16.0893	0.05315495	-35.80985	16.12181	1.875417	-35.75904	0
78	12	13.13049	0.05315447	39.16161	13.18478	1.323495	39.16497	0
78	13	56.15408	0.05315447	43.76651	56.12315	1.71723	43.70255	0
78	14	-33.30268	0.05315447	0.2595012	-33.25576	1.638453	0.2775628	0
78	15	-27.13826	0.05315447	36.33792	-27.07546	1.492486	36.31976	0
78	16	46.97104	0.05315447	-4.702481	46.93182	1.380595	-4.741156	0
78	17	-25.83756	0.05315495	-35.10695	-25.80911	1.407886	-35.07566	0
78	18	16.24823	0.05315495	-40.61551	16.19161	1.364501	-40.60132	0
78	19	6.351277	0.05315447	40.75697	6.38085	1.65309	40.69564	0
78	20	54.49784	0.05315495	-33.55185	54.45954	1.501788	-33.5381	0
78	21	-29.63308	0.05315447	42.80033	-29.5889	1.435581	42.80194	0
78	22	54.41238	0.05315447	2.285118	54.36121	1.753279	2.303696	0
78	23	56.04	0.05315447	45.94654	56.02507	1.751976	45.90066	0
78	24	-30.42474	0.05315447	2.28643	-30.39808	1.707815	2.263917	0
79	1	52.75831	0.05315495	-30.21115	52.76583	1.558087	-30.16203	0
79	2	14.47544	0.05315495	-28.90518	14.4705	1.494669	-28.87092	0
79	3	43.95156	0.05315447	-5.093238	43.91458	1.529976	-5.057898	0
79	4	15.03556	0.05315447	36.36402	15.06346	1.307704	36.33496	0
79	5	-23.43243	0.05315495	-32.23179	-23.40936	1.438337	-32.1757	0
79	6	-29.95695	0.05315447	35.35541	-29.90499	1.39396	35.3429	0
79	7	-25.11852	0.05315447	3.723142	-25.07292	1.585201	3.714057	0
79	8	55.8797	0.05315447	36.6432	55.83574	1.375394	36.64235	0
79	9	-21.33902	0.05315495	-29.12899	-21.32475	1.877921	-29.07842	0
79	10	44.22361	0.05315495	-33.64986	44.17938	1.629179	-33.65094	0
79	11	16.08269	0.05315495	-35.72362	16.11497	1.890642	-35.66703	0
79	12	13.18935	0.05315447	39.10215	13.24535	1.322414	39.1044	0
79	13	56.07816	0.05315447	43.71839	56.04589	1.731941	43.66705	0
79	14	-33.2396	0.05315447	0.3167463	-33.21885	1.643325	0.3591884	0
79	15	-27.09288	0.05315447	36.26377	-27.03539	1.506295	36.23648	0
79	16	46.891	0.05315447	-4.697604	46.84985	1.380502	-4.736344	0
79	17	-25.80179	0.05315495	-35.03241	-25.79992	1.411768	-34.99074	0
79	18	16.20675	0.05315495	-40.54368	16.1519	1.372236	-40.52295	0
79	19	6.318547	0.05315447	40.68137	6.347684	1.651141	40.61752	0
79	20	54.43935	0.05315495	-33.50126	54.40569	1.494485	-33.48623	0
79	21	-29.57681	0.05315447	42.7448	-29.52904	1.428657	42.74969	0
79	22	54.33455	0.05315447	2.282211	54.28681	1.756808	2.274276	0
79	23	55.98484	0.05315447	45.90158	55.97453	1.747837	45.8513	0
79	24	-30.37012	0.05315447	2.237354	-30.34923	1.700145	2.205461	0
80	1	52.71228	0.05315495	-30.13515	52.71926	1.567168	-30.08203	0
80	2	14.47018	0.05315495	-28.81868	14.46987	1.491217	-28.78903	0
80	3	43.85886	0.05315447	-5.089342	43.81594	1.545003	-5.053538	0
80	4	15.03513	0.05315447	36.27488	15.06933	1.299554	36.24657	0
80	5	-23.35186	0.05315495	-32.20039	-23.32291	1.445405	-32.14614	0
80	6	-29.89678	0.05315447	35.29625	-29.85188	1.402324	35.28028	0
80	7	-25.04038	0.05315447	3.760606	-24.99136	1.590483	3.750129	0
80	8	55.80006	0.05315447	36.60904	55.77093	1.379669	36.57979	0
80	9	-21.3015	0.05315495	-29.04868	-21.30077	1.887071	-28.99658	0
80	10	44.14414	0.05315495	-33.61563	44.10038	1.629265	-33.62103	0
80	11	16.07608	0.05315495	-35.63737	16.0958	1.901191	-35.58051	0
80	12	13.24821	0.05315447	39.04277	13.30535	1.326485	39.04115	0
80	13	56.00211	0.05315447	43.6701	55.97017	1.730081	43.63043	0
80	14	-33.17671	0.05315447	0.3738896	-33.15919	1.65055	0.4149808	0
80	15	-27.04736	0.05315447	36.18959	-27.0011	1.518963	36.16105	0
80	16	46.81078	0.05315447	-4.692735	46.76614	1.385374	-4.7287	0
80	17	-25.76589	0.05315495	-34.95754	-25.76514	1.417353	-34.91809	0
80	18	16.16502	0.05315495	-40.47142	16.11777	1.383807	-40.44579	0
80	19	6.28559	0.05315447	40.60526	6.311033	1.655289	40.53816	0
80	20	54.38004	0.05315495	-33.44993	54.35055	1.486243	-33.43344	0
80	21	-29.51981	0.05315447	42.68856	-29.46611	1.422174	42.6945	0
80	22	54.25555	0.05315447	2.279259	54.21078	1.762827	2.257654	0
80	23	55.92881	0.05315447	45.8558	55.92414	1.742086	45.80177	0
80	24	-30.31395	0.05315447	2.187201	-30.29896	1.69354	2.143292	0
81	1	52.66629	0.05315495	-30.05922	52.66982	1.581066	-30.00197	0
81	2	14.46491	0.05315495	-28.73218	14.47108	1.485918	-28.70098	0
81	3	43.76622	0.05315447	-5.085431	43.72139	1.555841	-5.063178	0
81	4	15.03471	0.05315447	36.18563	15.07434	1.291414	36.15368	0
81	5	-23.2712	0.05315495	-32.16896	-23.23614	1.458839	-32.12236	0
81	6	-29.83673	0.05315447	35.23708	-29.79981	1.399526	35.21934	0
81	7	-24.96223	0.05315447	3.79807	-24.90817	1.602998	3.788797	0
81	8	55.72041	0.05315447	36.57489	55.69424	1.385969	36.54605	0
81	9	-21.26403	0.05315495	-28.96839	-21.26811	1.888358	-28.91715	0
81	10	44.06465	0.05315495	-33.58139	44.01945	1.624048	-33.59438	0
81	11	16.06946	0.05315495	-35.55109	16.04742	1.907073	-35.50107	0
81	12	13.30708	0.05315447	38.98346	13.3627	1.336907	38.9736	0
81	13	55.92595	0.05315447	43.62167	55.8943	1.720777	43.59011	0
81	14	-33.11402	0.05315447	0.4309278	-33.10043	1.650848	0.473343	0
81	15	-27.0017	0.05315447	36.11537	-26.96495	1.519818	36.08649	0
81	16	46.73039	0.05315447	-4.687874	46.682	1.395504	-4.716829	0
81	17	-25.72949	0.05315495	-34.88186	-25.73257	1.417171	-34.84246	0
81	18	16.12307	0.05315495	-40.3988	16.08364	1.392454	-40.3718	0
81	19	6.252435	0.05315447	40.52868	6.267757	1.667626	40.45913	0
81	20	54.32003	0.05315495	-33.39796	54.29557	1.482074	-33.38103	0
81	21	-29.46218	0.05315447	42.63171	-29.40553	1.417985	42.63575	0
81	22	54.17553	0.05315447	2.27627	54.13274	1.765476	2.252724	0
81	23	55.87202	0.05315447	45.80931	55.87118	1.735186	45.75116	0
81	24	-30.25637	0.05315447	2.136128	-30.24176	1.697803	2.088414	0
81	25	-27.58524	0.05315495	-37.4492	-27.5914	1.835014	-37.39818	0
82	1	52.62034	0.05315495	-29.98335	52.60981	1.589434	-29.93455	0
82	2	14.45965	0.05315495	-28.64568	14.48111	1.476368	-28.61004	0
82	3	43.67366	0.05315447	-5.081507	43.63064	1.562644	-5.098148	0
82	4	15.03428	0.05315447	36.09628	15.07466	1.286844	36.06015	0
82	5	-23.19044	0.05315495	-32.13748	-23.1561	1.469707	-32.10032	0
82	6	-29.77677	0.05315447	35.17788	-29.74531	1.39325	35.15897	0
82	7	-24.88409	0.05315447	3.835536	-24.83043	1.613566	3.833181	0
82	8	55.64077	0.05315447	36.54073	55.61795	1.385808	36.50932	0
82	9	-21.22662	0.05315495	-28.88812	-21.23986	1.88246	-28.83509	0
82	10	43.98515	0.05315495	-33.54715	43.93865	1.615882	-33.56844	0
82	11	16.06285	0.05315495	-35.4648	16.0375	1.915744	-35.41908	0
82	12	13.36596	0.05315447	38.92423	13.41281	1.34759	38.91077	0
82	13	55.84968	0.05315447	43.57313	55.81856	1.707239	43.54913	0
82	14	-33.05155	0.05315447	0.4878621	-33.04395	1.646253	0.5344817	0
82	15	-26.9559	0.05315447	36.04112	-26.92606	1.513873	36.01204	0
82	16	46.64986	0.05315447	-4.683022	46.60583	1.405082	-4.70456	0
82	17	-25.69268	0.05315495	-34.8055	-25.70225	1.412779	-34.76475	0
82	18	16.08093	0.05315495	-40.32584	16.04972	1.39025	-40.29919	0
82	19	6.21911	0.05315447	40.45171	6.225648	1.681138	40.39034	0
82	20	54.2594	0.05315495	-33.34541	54.23783	1.478903	-33.32567	0
82	21	-29.40402	0.05315447	42.57431	-29.34572	1.416532	42.57718	0
82	22	54.09464	0.05315447	2.273248	54.0543	1.763226	2.244151	0
82	23	55.8146	0.05315447	45.76221	55.81516	1.727777	45.699	0
82	24	-30.19754	0.05315447	2.084269	-30.18135	1.70706	2.031415	0
82	25	-27.57028	0.05315495	-37.43518	-27.57498	1.834973	-37.3864	0
83	1	52.57444	0.05315495	-29.90755	52.53548	1.595821	-29.87942	0
83	2	14.45438	0.05315495	-28.55918	14.48105	1.478248	-28.52061	0
83	3	43.58118	0.05315447	-5.077569	43.54202	1.569246	-5.094676	0
83	4	15.03385	0.05315447	36.00684	15.07438	1.286717	35.96789	0
83	5	-23.10958	0.05315495	-32.10596	-23.07728	1.468277	-32.07759	0
83	6	-29.71693	0.05315447	35.11866	-29.69025	1.384133	35.0986	0
83	7	-24.80595	0.05315447	3.873001	-24.76882	1.618789	3.897928	0
83	8	55.56112	0.05315447	36.50657	55.54258	1.381096	36.46962	0
83	9	-21.18928	0.05315495	-28.80787	-21.21295	1.872442	-28.75295	0
83	10	43.90564	0.05315495	-33.51291	43.85567	1.60606	-33.5392	0
83	11	16.05623	0.05315495	-35.37849	16.0268	1.916029	-35.33562	0
83	12	13.42486	0.05315447	38.86507	13.46529	1.35209	38.8489	0
83	13	55.77329	0.05315447	43.52448	55.74415	1.701772	43.50882	0
83	14	-32.98932	0.05315447	0.5446975	-32.98867	1.638881	0.5956666	0
83	15	-26.90997	0.05315447	35.96685	-26.88625	1.503018	35.93797	0
83	16	46.56919	0.05315447	-4.67818	46.52814	1.408793	-4.694124	0
83	17	-25.65557	0.05315495	-34.72859	-25.67231	1.405793	-34.68676	0
83	18	16.03864	0.05315495	-40.25261	16.01299	1.384324	-40.22607	0
83	19	6.185637	0.05315447	40.3744	6.18565	1.687466	40.31922	0
83	20	54.19822	0.05315495	-33.29235	54.1814	1.472538	-33.2644	0
83	21	-29.34538	0.05315447	42.51646	-29.28585	1.420119	42.51535	0
83	22	54.01298	0.05315447	2.270197	53.97467	1.756937	2.233138	0
83	23	55.75663	0.05315447	45.71458	55.75642	1.72271	45.64552	0
83	24	-30.13758	0.05315447	2.031733	-30.11768	1.71614	1.977637	0
83	25	-27.54925	0.05315495	-37.41546	-27.55217	1.834981	-37.36915	0
84	1	52.52859	0.05315495	-29.83181	52.49086	1.602008	-29.80696	0
84	2	14.44911	0.05315495	-28.47268	14.47708	1.489177	-28.42926	0
84	3	43.48876	0.05315447	-5.073618	43.4521	1.56663	-5.096834	0
84	4	15.0334	0.05315447	35.91731	15.06944	1.294597	35.87334	0
84	5	-23.02862	0.05315495	-32.07439	-22.99754	1.461821	-32.05205	0
84	6	-29.65719	0.05315447	35.05943	-29.636	1.378905	35.03973	0
84	7	-24.7278	0.05315447	3.910467	-24.6989	1.626205	3.944535	0
84	8	55.48148	0.05315447	36.47242	55.46746	1.373942	36.42993	0
84	9	-21.152	0.05315495	-28.72766	-21.18188	1.860291	-28.66828	0
84	10	43.82611	0.05315495	-33.47865	43.7685	1.598968	-33.50765	0
84	11	16.04961	0.05315495	-35.29217	16.01157	1.909986	-35.25196	0
84	12	13.48378	0.05315447	38.80597	13.51782	1.348371	38.78826	0
84	13	55.6968	0.05315447	43.47574	55.66168	1.694913	43.46671	0
84	14	-32.92733	0.05315447	0.6014427	-32.93035	1.630027	0.6571727	0
84	15	-26.86392	0.05315447	35.89256	-26.84653	1.495186	35.86539	0
84	16	46.48839	0.05315447	-4.673347	46.45095	1.405172	-4.68433	0
84	17	-25.61821	0.05315495	-34.65124	-25.6394	1.397171	-34.60661	0
84	18	15.9962	0.05315495	-40.17914	15.97559	1.374978	-40.15271	0
84	19	6.152035	0.05315447	40.2968	6.146932	1.682594	40.24869	0
84	20	54.13658	0.05315495	-33.23885	54.12552	1.465925	-33.19883	0
84	21	-29.28634	0.05315447	42.4582	-29.22792	1.430365	42.44857	0
84	22	53.93066	0.05315447	2.267122	53.8944	1.748459	2.222524	0
84	23	55.69821	0.05315447	45.66648	55.69643	1.719688	45.596	0
84	24	-30.07658	0.05315447	1.978614	-30.04412	1.720781	1.941787	0
84	25	-27.52293	0.05315495	-37.39076	-27.52378	1.834962	-37.34725	0
85	1	52.48278	0.05315495	-29.75613	52.44505	1.602008	-29.73129	0
85	2	14.44385	0.05315495	-28.38618	14.47181	1.489177	-28.34276	0
85	3	43.39641	0.05315447	-5.069655	43.35975	1.56663	-5.092864	0
85	4	15.03293	0.05315447	35.82769	15.06896	1.294597	35.78372	0
85	5	-22.94756	0.05315495	-32.04277	-22.91649	1.461821	-32.02042	0
85	6	-29.59755	0.05315447	35.00019	-29.57639	1.378905	34.98046	0
85	7	-24.64966	0.05315447	3.947933	-24.62076	1.626205	3.982001	0
85	8	55.40183	0.05315447	36.43826	55.38782	1.373942	36.39577	0
85	9	-21.11479	0.05315495	-28.6475	-21.14469	1.860291	-28.58813	0
85	10	43.74657	0.05315495	-33.4444	43.68896	1.598968	-33.47339	0
85	11	16.04299	0.05315495	-35.20584	16.00495	1.909986	-35.16563	0
85	12	13.54273	0.05315447	38.74694	13.57678	1.348371	38.72926	0
85	13	55.61895	0.05315447	43.42718	55.58375	1.694913	43.41848	0
85	14	-32.8656	0.05315447	0.6581092	-32.86869	1.630027	0.7138351	0
85	15	-26.81775	0.05315447	35.81825	-26.80033	1.495186	35.7911	0
85	16	46.40747	0.05315447	-4.668523	46.37003	1.405172	-4.679513	0
85	17	-25.58067	0.05315495	-34.57353	-25.60186	1.397171	-34.5289	0
85	18	15.95364	0.05315495	-40.10545	15.93303	1.374978	-40.07903	0
85	19	6.117943	0.05315447	40.21843	6.112757	1.682594	40.17033	0
85	20	54.07452	0.05315495	-33.18495	54.06348	1.465925	-33.14492	0
85	21	-29.22694	0.05315447	42.3996	-29.16852	1.430365	42.38997	0
85	22	53.84777	0.05315447	2.264026	53.81151	1.748459	2.219427	0
85	23	55.63914	0.05315447	45.61828	55.63705	1.719688	45.54781	0
85	24	-30.01466	0.05315447	1.924985	-29.9821	1.720781	1.888249	0
85	25	-27.49201	0.05315495	-37.36173	-27.49287	1.834962	-37.31821	0
85	26	8.69277	0.05315495	-40.73157	8.662972	1.540787	-40.75701	0
