63	1	400.6394	162.8648	0
63	2	678.3427	164.5913	0
63	3	397.3311	156.2814	0
63	4	479.2265	146.1059	0
63	5	175.8572	214.1195	0
63	6	529.2409	192.7847	0
63	7	391.7387	184.7888	0
63	8	384.1543	217.2844	0
63	9	706.1783	163.4615	0
63	10	262.676	197.0625	0
63	11	699.3021	134.6868	0
63	12	636.2706	135.9519	0
63	13	435.0177	146.5561	0
63	14	639.1213	159.7588	0
63	15	662.4763	147.3075	0
63	16	510.011	168.1943	0
63	17	592.6104	153.6599	0
63	18	642.1134	148.887	0
63	19	298.0304	210.8156	0
63	20	456.943	197.0854	0
63	21	-8.17745	213.8008	0
63	22	60.68914	229.4043	0
63	23	487.5455	161.1288	0
63	24	650.9071	142.5545	0
63	25	336.5378	221.1375	0
63	26	622.8729	171.4555	0
63	27	681.4132	180.2284	0
63	28	76.9418	182.2314	0
63	29	623.8207	132.1843	0
63	30	593.2993	133.6445	0
63	31	216.2767	237.5091	0
63	32	669.4142	125.9365	0
63	33	688.9752	140.516	0
63	34	350.2312	159.2195	0
63	35	-67.58366	293.5634	0
63	36	337.0016	179.0488	0
63	37	437.2691	161.4756	0
63	38	259.1909	259.4998	0
63	39	617.5256	144.7136	0
63	40	728.8655	153.4578	0
63	41	395.0385	175.0942	0
63	42	354.7326	186.7889	0
63	43	451.5027	170.8909	0
64	1	400.6394	162.8648	0
64	2	678.3427	164.5913	0
64	3	397.3311	156.2814	0
64	4	479.2265	146.1059	0
64	5	175.8572	214.1195	0
64	6	529.2409	192.7847	0
64	7	391.7387	184.7888	0
64	8	384.1543	217.2844	0
64	9	706.1783	163.4615	0
64	10	262.676	197.0625	0
64	11	699.3021	134.6868	0
64	12	636.2706	135.9519	0
64	13	435.0177	146.5561	0
64	14	639.1213	159.7588	0
64	15	662.4763	147.3075	0
64	16	510.011	168.1943	0
64	17	592.6104	153.6599	0
64	18	642.1134	148.887	0
64	19	298.0304	210.8156	0
64	20	456.943	197.0854	0
64	21	-8.17745	213.8008	0
64	22	60.68914	229.4043	0
64	23	487.5455	161.1288	0
64	24	650.9071	142.5545	0
64	25	336.5378	221.1375	0
64	26	622.8729	171.4555	0
64	27	681.4132	180.2284	0
64	28	76.9418	182.2314	0
64	29	623.8207	132.1843	0
64	30	593.2993	133.6445	0
64	31	216.2767	237.5091	0
64	32	669.4142	125.9365	0
64	33	688.9752	140.516	0
64	34	350.2312	159.2195	0
64	35	-67.58366	293.5634	0
64	36	337.0016	179.0488	0
64	37	437.2691	161.4756	0
64	38	259.1909	259.4998	0
64	39	617.5256	144.7136	0
64	40	728.8655	153.4578	0
64	41	395.0385	175.0942	0
64	42	354.7326	186.7889	0
64	43	451.5027	170.8909	0
65	1	400.6394	162.8648	0
65	2	678.3427	164.5913	0
65	3	397.3311	156.2814	0
65	4	479.2265	146.1059	0
65	5	175.8572	214.1195	0
65	6	529.2409	192.7847	0
65	7	391.7387	184.7888	0
65	8	384.1543	217.2844	0
65	9	706.1783	163.4615	0
65	10	262.676	197.0625	0
65	11	699.3021	134.6868	0
65	12	636.2706	135.9519	0
65	13	435.0177	146.5561	0
65	14	639.1213	159.7588	0
65	15	662.4763	147.3075	0
65	16	510.011	168.1943	0
65	17	592.6104	153.6599	0
65	18	642.1134	148.887	0
65	19	298.0304	210.8156	0
65	20	456.943	197.0854	0
65	21	-8.17745	213.8008	0
65	22	60.68914	229.4043	0
65	23	487.5455	161.1288	0
65	24	650.9071	142.5545	0
65	25	336.5378	221.1375	0
65	26	622.8729	171.4555	0
65	27	681.4132	180.2284	0
65	28	76.9418	182.2314	0
65	29	623.8207	132.1843	0
65	30	593.2993	133.6445	0
65	31	216.2767	237.5091	0
65	32	669.4142	125.9365	0
65	33	688.9752	140.516	0
65	34	350.2312	159.2195	0
65	35	-67.58366	293.5634	0
65	36	337.0016	179.0488	0
65	37	437.2691	161.4756	0
65	38	259.1909	259.4998	0
65	39	617.5256	144.7136	0
65	40	728.8655	153.4578	0
65	41	395.0385	175.0942	0
65	42	354.7326	186.7889	0
65	43	451.5027	170.8909	0
66	1	400.6394	162.8648	0
66	2	678.3427	164.5913	0
66	3	397.3311	156.2814	0
66	4	479.2265	146.1059	0
66	5	175.8572	214.1195	0
66	6	529.2409	192.7847	0
66	7	391.7387	184.7888	0
66	8	384.1543	217.2844	0
66	9	706.1783	163.4615	0
66	10	262.676	197.0625	0
66	11	699.3021	134.6868	0
66	12	636.2706	135.9519	0
66	13	435.0177	146.5561	0
66	14	639.1213	159.7588	0
66	15	662.4763	147.3075	0
66	16	510.011	168.1943	0
66	17	592.6104	153.6599	0
66	18	642.1134	148.887	0
66	19	298.0304	210.8156	0
66	20	456.943	197.0854	0
66	21	-8.17745	213.8008	0
66	22	60.68914	229.4043	0
66	23	487.5455	161.1288	0
66	24	650.9071	142.5545	0
66	25	336.5378	221.1375	0
66	26	622.8729	171.4555	0
66	27	681.4132	180.2284	0
66	28	76.9418	182.2314	0
66	29	623.8207	132.1843	0
66	30	593.2993	133.6445	0
66	31	216.2767	237.5091	0
66	32	669.4142	125.9365	0
66	33	688.9752	140.516	0
66	34	350.2312	159.2195	0
66	35	-67.58366	293.5634	0
66	36	337.0016	179.0488	0
66	37	437.2691	161.4756	0
66	38	259.1909	259.4998	0
66	39	617.5256	144.7136	0
66	40	728.8655	153.4578	0
66	41	395.0385	175.0942	0
66	42	354.7326	186.7889	0
66	43	451.5027	170.8909	0
67	1	400.6394	162.8648	0
67	2	678.3427	164.5913	0
67	3	397.3311	156.2814	0
67	4	479.2265	146.1059	0
67	5	175.8572	214.1195	0
67	6	529.2409	192.7847	0
67	7	391.7387	184.7888	0
67	8	384.1543	217.2844	0
67	9	706.1783	163.4615	0
67	10	262.676	197.0625	0
67	11	699.3021	134.6868	0
67	12	636.2706	135.9519	0
67	13	435.0177	146.5561	0
67	14	639.1213	159.7588	0
67	15	662.4763	147.3075	0
67	16	510.011	168.1943	0
67	17	592.6104	153.6599	0
67	18	642.1134	148.887	0
67	19	298.0304	210.8156	0
67	20	456.943	197.0854	0
67	21	-8.17745	213.8008	0
67	22	60.68914	229.4043	0
67	23	487.5455	161.1288	0
67	24	650.9071	142.5545	0
67	25	336.5378	221.1375	0
67	26	622.8729	171.4555	0
67	27	681.4132	180.2284	0
67	28	76.9418	182.2314	0
67	29	623.8207	132.1843	0
67	30	593.2993	133.6445	0
67	31	216.2767	237.5091	0
67	32	669.4142	125.9365	0
67	33	688.9752	140.516	0
67	34	350.2312	159.2195	0
67	35	-67.58366	293.5634	0
67	36	337.0016	179.0488	0
67	37	437.2691	161.4756	0
67	38	259.1909	259.4998	0
67	39	617.5256	144.7136	0
67	40	728.8655	153.4578	0
67	41	395.0385	175.0942	0
67	42	354.7326	186.7889	0
67	43	451.5027	170.8909	0
68	1	400.6394	162.8648	0
68	2	678.3427	164.5913	0
68	3	397.3311	156.2814	0
68	4	479.2265	146.1059	0
68	5	175.8572	214.1195	0
68	6	529.2409	192.7847	0
68	7	391.7387	184.7888	0
68	8	384.1543	217.2844	0
68	9	706.1783	163.4615	0
68	10	262.676	197.0625	0
68	11	699.3021	134.6868	0
68	12	636.2706	135.9519	0
68	13	435.0177	146.5561	0
68	14	639.1213	159.7588	0
68	15	662.4763	147.3075	0
68	16	510.011	168.1943	0
68	17	592.6104	153.6599	0
68	18	642.1134	148.887	0
68	19	298.0304	210.8156	0
68	20	456.943	197.0854	0
68	21	-8.17745	213.8008	0
68	22	60.68914	229.4043	0
68	23	487.5455	161.1288	0
68	24	650.9071	142.5545	0
68	25	336.5378	221.1375	0
68	26	622.8729	171.4555	0
68	27	681.4132	180.2284	0
68	28	76.9418	182.2314	0
68	29	623.8207	132.1843	0
68	30	593.2993	133.6445	0
68	31	216.2767	237.5091	0
68	32	669.4142	125.9365	0
68	33	688.9752	140.516	0
68	34	350.2312	159.2195	0
68	35	-67.58366	293.5634	0
68	36	337.0016	179.0488	0
68	37	437.2691	161.4756	0
68	38	259.1909	259.4998	0
68	39	617.5256	144.7136	0
68	40	728.8655	153.4578	0
68	41	395.0385	175.0942	0
68	42	354.7326	186.7889	0
68	43	451.5027	170.8909	0
69	1	400.6394	162.8648	0
69	2	678.3427	164.5913	0
69	3	397.3311	156.2814	0
69	4	479.2265	146.1059	0
69	5	175.8572	214.1195	0
69	6	529.2409	192.7847	0
69	7	391.7387	184.7888	0
69	8	384.1543	217.2844	0
69	9	706.1783	163.4615	0
69	10	262.676	197.0625	0
69	11	699.3021	134.6868	0
69	12	636.2706	135.9519	0
69	13	435.0177	146.5561	0
69	14	639.1213	159.7588	0
69	15	662.4763	147.3075	0
69	16	510.011	168.1943	0
69	17	592.6104	153.6599	0
69	18	642.1134	148.887	0
69	19	298.0304	210.8156	0
69	20	456.943	197.0854	0
69	21	-8.17745	213.8008	0
69	22	60.68914	229.4043	0
69	23	487.5455	161.1288	0
69	24	650.9071	142.5545	0
69	25	336.5378	221.1375	0
69	26	622.8729	171.4555	0
69	27	681.4132	180.2284	0
69	28	76.9418	182.2314	0
69	29	623.8207	132.1843	0
69	30	593.2993	133.6445	0
69	31	216.2767	237.5091	0
69	32	669.4142	125.9365	0
69	33	688.9752	140.516	0
69	34	350.2312	159.2195	0
69	35	-67.58366	293.5634	0
69	36	337.0016	179.0488	0
69	37	437.2691	161.4756	0
69	38	259.1909	259.4998	0
69	39	617.5256	144.7136	0
69	40	728.8655	153.4578	0
69	41	395.0385	175.0942	0
69	42	354.7326	186.7889	0
69	43	451.5027	170.8909	0
70	1	400.6394	162.8648	0
70	2	678.3427	164.5913	0
70	3	397.3311	156.2814	0
70	4	479.2265	146.1059	0
70	5	175.8572	214.1195	0
70	6	529.2409	192.7847	0
70	7	391.7387	184.7888	0
70	8	384.1543	217.2844	0
70	9	706.1783	163.4615	0
70	10	262.676	197.0625	0
70	11	699.3021	134.6868	0
70	12	636.2706	135.9519	0
70	13	435.0177	146.5561	0
70	14	639.1213	159.7588	0
70	15	662.4763	147.3075	0
70	16	510.011	168.1943	0
70	17	592.6104	153.6599	0
70	18	642.1134	148.887	0
70	19	298.0304	210.8156	0
70	20	456.943	197.0854	0
70	21	-8.17745	213.8008	0
70	22	60.68914	229.4043	0
70	23	487.5455	161.1288	0
70	24	650.9071	142.5545	0
70	25	336.5378	221.1375	0
70	26	622.8729	171.4555	0
70	27	681.4132	180.2284	0
70	28	76.9418	182.2314	0
70	29	623.8207	132.1843	0
70	30	593.2993	133.6445	0
70	31	216.2767	237.5091	0
70	32	669.4142	125.9365	0
70	33	688.9752	140.516	0
70	34	350.2312	159.2195	0
70	35	-67.58366	293.5634	0
70	36	337.0016	179.0488	0
70	37	437.2691	161.4756	0
70	38	259.1909	259.4998	0
70	39	617.5256	144.7136	0
70	40	728.8655	153.4578	0
70	41	395.0385	175.0942	0
70	42	354.7326	186.7889	0
70	43	451.5027	170.8909	0
71	1	400.6394	162.8648	0
71	2	678.3427	164.5913	0
71	3	397.3311	156.2814	0
71	4	479.2265	146.1059	0
71	5	175.8572	214.1195	0
71	6	529.2409	192.7847	0
71	7	391.7387	184.7888	0
71	8	384.1543	217.2844	0
71	9	706.1783	163.4615	0
71	10	262.676	197.0625	0
71	11	699.3021	134.6868	0
71	12	636.2706	135.9519	0
71	13	435.0177	146.5561	0
71	14	639.1213	159.7588	0
71	15	662.4763	147.3075	0
71	16	510.011	168.1943	0
71	17	592.6104	153.6599	0
71	18	642.1134	148.887	0
71	19	298.0304	210.8156	0
71	20	456.943	197.0854	0
71	21	-8.17745	213.8008	0
71	22	60.68914	229.4043	0
71	23	487.5455	161.1288	0
71	24	650.9071	142.5545	0
71	25	336.5378	221.1375	0
71	26	622.8729	171.4555	0
71	27	681.4132	180.2284	0
71	28	76.9418	182.2314	0
71	29	623.8207	132.1843	0
71	30	593.2993	133.6445	0
71	31	216.2767	237.5091	0
71	32	669.4142	125.9365	0
71	33	688.9752	140.516	0
71	34	350.2312	159.2195	0
71	35	-67.58366	293.5634	0
71	36	337.0016	179.0488	0
71	37	437.2691	161.4756	0
71	38	259.1909	259.4998	0
71	39	617.5256	144.7136	0
71	40	728.8655	153.4578	0
71	41	395.0385	175.0942	0
71	42	354.7326	186.7889	0
71	43	451.5027	170.8909	0
72	1	400.6394	162.8648	0
72	2	678.3427	164.5913	0
72	3	397.3311	156.2814	0
72	4	479.2265	146.1059	0
72	5	175.8572	214.1195	0
72	6	529.2409	192.7847	0
72	7	391.7387	184.7888	0
72	8	384.1543	217.2844	0
72	9	706.1783	163.4615	0
72	10	262.676	197.0625	0
72	11	699.3021	134.6868	0
72	12	636.2706	135.9519	0
72	13	435.0177	146.5561	0
72	14	639.1213	159.7588	0
72	15	662.4763	147.3075	0
72	16	510.011	168.1943	0
72	17	592.6104	153.6599	0
72	18	642.1134	148.887	0
72	19	298.0304	210.8156	0
72	20	456.943	197.0854	0
72	21	-8.17745	213.8008	0
72	22	60.68914	229.4043	0
72	23	487.5455	161.1288	0
72	24	650.9071	142.5545	0
72	25	336.5378	221.1375	0
72	26	622.8729	171.4555	0
72	27	681.4132	180.2284	0
72	28	76.9418	182.2314	0
72	29	623.8207	132.1843	0
72	30	593.2993	133.6445	0
72	31	216.2767	237.5091	0
72	32	669.4142	125.9365	0
72	33	688.9752	140.516	0
72	34	350.2312	159.2195	0
72	35	-67.58366	293.5634	0
72	36	337.0016	179.0488	0
72	37	437.2691	161.4756	0
72	38	259.1909	259.4998	0
72	39	617.5256	144.7136	0
72	40	728.8655	153.4578	0
72	41	395.0385	175.0942	0
72	42	354.7326	186.7889	0
72	43	451.5027	170.8909	0
73	1	400.6394	162.8648	0
73	2	678.3427	164.5913	0
73	3	397.3311	156.2814	0
73	4	479.2265	146.1059	0
73	5	175.8572	214.1195	0
73	6	529.2409	192.7847	0
73	7	391.7387	184.7888	0
73	8	384.1543	217.2844	0
73	9	706.1783	163.4615	0
73	10	262.676	197.0625	0
73	11	699.3021	134.6868	0
73	12	636.2706	135.9519	0
73	13	435.0177	146.5561	0
73	14	639.1213	159.7588	0
73	15	662.4763	147.3075	0
73	16	510.011	168.1943	0
73	17	592.6104	153.6599	0
73	18	642.1134	148.887	0
73	19	298.0304	210.8156	0
73	20	456.943	197.0854	0
73	21	-8.17745	213.8008	0
73	22	60.68914	229.4043	0
73	23	487.5455	161.1288	0
73	24	650.9071	142.5545	0
73	25	336.5378	221.1375	0
73	26	622.8729	171.4555	0
73	27	681.4132	180.2284	0
73	28	76.9418	182.2314	0
73	29	623.8207	132.1843	0
73	30	593.2993	133.6445	0
73	31	216.2767	237.5091	0
73	32	669.4142	125.9365	0
73	33	688.9752	140.516	0
73	34	350.2312	159.2195	0
73	35	-67.58366	293.5634	0
73	36	337.0016	179.0488	0
73	37	437.2691	161.4756	0
73	38	259.1909	259.4998	0
73	39	617.5256	144.7136	0
73	40	728.8655	153.4578	0
73	41	395.0385	175.0942	0
73	42	354.7326	186.7889	0
73	43	451.5027	170.8909	0
74	1	400.6394	162.8648	0
74	2	678.3427	164.5913	0
74	3	397.3311	156.2814	0
74	4	479.2265	146.1059	0
74	5	175.8572	214.1195	0
74	6	529.2409	192.7847	0
74	7	391.7387	184.7888	0
74	8	384.1543	217.2844	0
74	9	706.1783	163.4615	0
74	10	262.676	197.0625	0
74	11	699.3021	134.6868	0
74	12	636.2706	135.9519	0
74	13	435.0177	146.5561	0
74	14	639.1213	159.7588	0
74	15	662.4763	147.3075	0
74	16	510.011	168.1943	0
74	17	592.6104	153.6599	0
74	18	642.1134	148.887	0
74	19	298.0304	210.8156	0
74	20	456.943	197.0854	0
74	21	-8.17745	213.8008	0
74	22	60.68914	229.4043	0
74	23	487.5455	161.1288	0
74	24	650.9071	142.5545	0
74	25	336.5378	221.1375	0
74	26	622.8729	171.4555	0
74	27	681.4132	180.2284	0
74	28	76.9418	182.2314	0
74	29	623.8207	132.1843	0
74	30	593.2993	133.6445	0
74	31	216.2767	237.5091	0
74	32	669.4142	125.9365	0
74	33	688.9752	140.516	0
74	34	350.2312	159.2195	0
74	35	-67.58366	293.5634	0
74	36	337.0016	179.0488	0
74	37	437.2691	161.4756	0
74	38	259.1909	259.4998	0
74	39	617.5256	144.7136	0
74	40	728.8655	153.4578	0
74	41	395.0385	175.0942	0
74	42	354.7326	186.7889	0
74	43	451.5027	170.8909	0
75	1	400.6394	162.8648	0
75	2	678.3427	164.5913	0
75	3	397.3311	156.2814	0
75	4	479.2265	146.1059	0
75	5	175.8572	214.1195	0
75	6	529.2409	192.7847	0
75	7	391.7387	184.7888	0
75	8	384.1543	217.2844	0
75	9	706.1783	163.4615	0
75	10	262.676	197.0625	0
75	11	699.3021	134.6868	0
75	12	636.2706	135.9519	0
75	13	435.0177	146.5561	0
75	14	639.1213	159.7588	0
75	15	662.4763	147.3075	0
75	16	510.011	168.1943	0
75	17	592.6104	153.6599	0
75	18	642.1134	148.887	0
75	19	298.0304	210.8156	0
75	20	456.943	197.0854	0
75	21	-8.17745	213.8008	0
75	22	60.68914	229.4043	0
75	23	487.5455	161.1288	0
75	24	650.9071	142.5545	0
75	25	336.5378	221.1375	0
75	26	622.8729	171.4555	0
75	27	681.4132	180.2284	0
75	28	76.9418	182.2314	0
75	29	623.8207	132.1843	0
75	30	593.2993	133.6445	0
75	31	216.2767	237.5091	0
75	32	669.4142	125.9365	0
75	33	688.9752	140.516	0
75	34	350.2312	159.2195	0
75	35	-67.58366	293.5634	0
75	36	337.0016	179.0488	0
75	37	437.2691	161.4756	0
75	38	259.1909	259.4998	0
75	39	617.5256	144.7136	0
75	40	728.8655	153.4578	0
75	41	395.0385	175.0942	0
75	42	354.7326	186.7889	0
75	43	451.5027	170.8909	0
76	1	400.6394	162.8648	0
76	2	678.3427	164.5913	0
76	3	397.3311	156.2814	0
76	4	479.2265	146.1059	0
76	5	175.8572	214.1195	0
76	6	529.2409	192.7847	0
76	7	391.7387	184.7888	0
76	8	384.1543	217.2844	0
76	9	706.1783	163.4615	0
76	10	262.676	197.0625	0
76	11	699.3021	134.6868	0
76	12	636.2706	135.9519	0
76	13	435.0177	146.5561	0
76	14	639.1213	159.7588	0
76	15	662.4763	147.3075	0
76	16	510.011	168.1943	0
76	17	592.6104	153.6599	0
76	18	642.1134	148.887	0
76	19	298.0304	210.8156	0
76	20	456.943	197.0854	0
76	21	-8.17745	213.8008	0
76	22	60.68914	229.4043	0
76	23	487.5455	161.1288	0
76	24	650.9071	142.5545	0
76	25	336.5378	221.1375	0
76	26	622.8729	171.4555	0
76	27	681.4132	180.2284	0
76	28	76.9418	182.2314	0
76	29	623.8207	132.1843	0
76	30	593.2993	133.6445	0
76	31	216.2767	237.5091	0
76	32	669.4142	125.9365	0
76	33	688.9752	140.516	0
76	34	350.2312	159.2195	0
76	35	-67.58366	293.5634	0
76	36	337.0016	179.0488	0
76	37	437.2691	161.4756	0
76	38	259.1909	259.4998	0
76	39	617.5256	144.7136	0
76	40	728.8655	153.4578	0
76	41	395.0385	175.0942	0
76	42	354.7326	186.7889	0
76	43	451.5027	170.8909	0
77	1	400.6394	162.8648	0
77	2	678.3427	164.5913	0
77	3	397.3311	156.2814	0
77	4	479.2265	146.1059	0
77	5	175.8572	214.1195	0
77	6	529.2409	192.7847	0
77	7	391.7387	184.7888	0
77	8	384.1543	217.2844	0
77	9	706.1783	163.4615	0
77	10	262.676	197.0625	0
77	11	699.3021	134.6868	0
77	12	636.2706	135.9519	0
77	13	435.0177	146.5561	0
77	14	639.1213	159.7588	0
77	15	662.4763	147.3075	0
77	16	510.011	168.1943	0
77	17	592.6104	153.6599	0
77	18	642.1134	148.887	0
77	19	298.0304	210.8156	0
77	20	456.943	197.0854	0
77	21	-8.17745	213.8008	0
77	22	60.68914	229.4043	0
77	23	487.5455	161.1288	0
77	24	650.9071	142.5545	0
77	25	336.5378	221.1375	0
77	26	622.8729	171.4555	0
77	27	681.4132	180.2284	0
77	28	76.9418	182.2314	0
77	29	623.8207	132.1843	0
77	30	593.2993	133.6445	0
77	31	216.2767	237.5091	0
77	32	669.4142	125.9365	0
77	33	688.9752	140.516	0
77	34	350.2312	159.2195	0
77	35	-67.58366	293.5634	0
77	36	337.0016	179.0488	0
77	37	437.2691	161.4756	0
77	38	259.1909	259.4998	0
77	39	617.5256	144.7136	0
77	40	728.8655	153.4578	0
77	41	395.0385	175.0942	0
77	42	354.7326	186.7889	0
77	43	451.5027	170.8909	0
78	1	400.6394	162.8648	0
78	2	678.3427	164.5913	0
78	3	397.3311	156.2814	0
78	4	479.2265	146.1059	0
78	5	175.8572	214.1195	0
78	6	529.2409	192.7847	0
78	7	391.7387	184.7888	0
78	8	384.1543	217.2844	0
78	9	706.1783	163.4615	0
78	10	262.676	197.0625	0
78	11	699.3021	134.6868	0
78	12	636.2706	135.9519	0
78	13	435.0177	146.5561	0
78	14	639.1213	159.7588	0
78	15	662.4763	147.3075	0
78	16	510.011	168.1943	0
78	17	592.6104	153.6599	0
78	18	642.1134	148.887	0
78	19	298.0304	210.8156	0
78	20	456.943	197.0854	0
78	21	-8.17745	213.8008	0
78	22	60.68914	229.4043	0
78	23	487.5455	161.1288	0
78	24	650.9071	142.5545	0
78	25	336.5378	221.1375	0
78	26	622.8729	171.4555	0
78	27	681.4132	180.2284	0
78	28	76.9418	182.2314	0
78	29	623.8207	132.1843	0
78	30	593.2993	133.6445	0
78	31	216.2767	237.5091	0
78	32	669.4142	125.9365	0
78	33	688.9752	140.516	0
78	34	350.2312	159.2195	0
78	35	-67.58366	293.5634	0
78	36	337.0016	179.0488	0
78	37	437.2691	161.4756	0
78	38	259.1909	259.4998	0
78	39	617.5256	144.7136	0
78	40	728.8655	153.4578	0
78	41	395.0385	175.0942	0
78	42	354.7326	186.7889	0
78	43	451.5027	170.8909	0
79	1	400.6394	162.8648	0
79	2	678.3427	164.5913	0
79	3	397.3311	156.2814	0
79	4	479.2265	146.1059	0
79	5	175.8572	214.1195	0
79	6	529.2409	192.7847	0
79	7	391.7387	184.7888	0
79	8	384.1543	217.2844	0
79	9	706.1783	163.4615	0
79	10	262.676	197.0625	0
79	11	699.3021	134.6868	0
79	12	636.2706	135.9519	0
79	13	435.0177	146.5561	0
79	14	639.1213	159.7588	0
79	15	662.4763	147.3075	0
79	16	510.011	168.1943	0
79	17	592.6104	153.6599	0
79	18	642.1134	148.887	0
79	19	298.0304	210.8156	0
79	20	456.943	197.0854	0
79	21	-8.17745	213.8008	0
79	22	60.68914	229.4043	0
79	23	487.5455	161.1288	0
79	24	650.9071	142.5545	0
79	25	336.5378	221.1375	0
79	26	622.8729	171.4555	0
79	27	681.4132	180.2284	0
79	28	76.9418	182.2314	0
79	29	623.8207	132.1843	0
79	30	593.2993	133.6445	0
79	31	216.2767	237.5091	0
79	32	669.4142	125.9365	0
79	33	688.9752	140.516	0
79	34	350.2312	159.2195	0
79	35	-67.58366	293.5634	0
79	36	337.0016	179.0488	0
79	37	437.2691	161.4756	0
79	38	259.1909	259.4998	0
79	39	617.5256	144.7136	0
79	40	728.8655	153.4578	0
79	41	395.0385	175.0942	0
79	42	354.7326	186.7889	0
79	43	451.5027	170.8909	0
80	1	400.6394	162.8648	0
80	2	678.3427	164.5913	0
80	3	397.3311	156.2814	0
80	4	479.2265	146.1059	0
80	5	175.8572	214.1195	0
80	6	529.2409	192.7847	0
80	7	391.7387	184.7888	0
80	8	384.1543	217.2844	0
80	9	706.1783	163.4615	0
80	10	262.676	197.0625	0
80	11	699.3021	134.6868	0
80	12	636.2706	135.9519	0
80	13	435.0177	146.5561	0
80	14	639.1213	159.7588	0
80	15	662.4763	147.3075	0
80	16	510.011	168.1943	0
80	17	592.6104	153.6599	0
80	18	642.1134	148.887	0
80	19	298.0304	210.8156	0
80	20	456.943	197.0854	0
80	21	-8.17745	213.8008	0
80	22	60.68914	229.4043	0
80	23	487.5455	161.1288	0
80	24	650.9071	142.5545	0
80	25	336.5378	221.1375	0
80	26	622.8729	171.4555	0
80	27	681.4132	180.2284	0
80	28	76.9418	182.2314	0
80	29	623.8207	132.1843	0
80	30	593.2993	133.6445	0
80	31	216.2767	237.5091	0
80	32	669.4142	125.9365	0
80	33	688.9752	140.516	0
80	34	350.2312	159.2195	0
80	35	-67.58366	293.5634	0
80	36	337.0016	179.0488	0
80	37	437.2691	161.4756	0
80	38	259.1909	259.4998	0
80	39	617.5256	144.7136	0
80	40	728.8655	153.4578	0
80	41	395.0385	175.0942	0
80	42	354.7326	186.7889	0
80	43	451.5027	170.8909	0
81	1	400.6394	162.8648	0
81	2	678.3427	164.5913	0
81	3	397.3311	156.2814	0
81	4	479.2265	146.1059	0
81	5	175.8572	214.1195	0
81	6	529.2409	192.7847	0
81	7	391.7387	184.7888	0
81	8	384.1543	217.2844	0
81	9	706.1783	163.4615	0
81	10	262.676	197.0625	0
81	11	699.3021	134.6868	0
81	12	636.2706	135.9519	0
81	13	435.0177	146.5561	0
81	14	639.1213	159.7588	0
81	15	662.4763	147.3075	0
81	16	510.011	168.1943	0
81	17	592.6104	153.6599	0
81	18	642.1134	148.887	0
81	19	298.0304	210.8156	0
81	20	456.943	197.0854	0
81	21	-8.17745	213.8008	0
81	22	60.68914	229.4043	0
81	23	487.5455	161.1288	0
81	24	650.9071	142.5545	0
81	25	336.5378	221.1375	0
81	26	622.8729	171.4555	0
81	27	681.4132	180.2284	0
81	28	76.9418	182.2314	0
81	29	623.8207	132.1843	0
81	30	593.2993	133.6445	0
81	31	216.2767	237.5091	0
81	32	669.4142	125.9365	0
81	33	688.9752	140.516	0
81	34	350.2312	159.2195	0
81	35	-67.58366	293.5634	0
81	36	337.0016	179.0488	0
81	37	437.2691	161.4756	0
81	38	259.1909	259.4998	0
81	39	617.5256	144.7136	0
81	40	728.8655	153.4578	0
81	41	395.0385	175.0942	0
81	42	354.7326	186.7889	0
81	43	451.5027	170.8909	0
82	1	400.6394	162.8648	0
82	2	678.3427	164.5913	0
82	3	397.3311	156.2814	0
82	4	479.2265	146.1059	0
82	5	175.8572	214.1195	0
82	6	529.2409	192.7847	0
82	7	391.7387	184.7888	0
82	8	384.1543	217.2844	0
82	9	706.1783	163.4615	0
82	10	262.676	197.0625	0
82	11	699.3021	134.6868	0
82	12	636.2706	135.9519	0
82	13	435.0177	146.5561	0
82	14	639.1213	159.7588	0
82	15	662.4763	147.3075	0
82	16	510.011	168.1943	0
82	17	592.6104	153.6599	0
82	18	642.1134	148.887	0
82	19	298.0304	210.8156	0
82	20	456.943	197.0854	0
82	21	-8.17745	213.8008	0
82	22	60.68914	229.4043	0
82	23	487.5455	161.1288	0
82	24	650.9071	142.5545	0
82	25	336.5378	221.1375	0
82	26	622.8729	171.4555	0
82	27	681.4132	180.2284	0
82	28	76.9418	182.2314	0
82	29	623.8207	132.1843	0
82	30	593.2993	133.6445	0
82	31	216.2767	237.5091	0
82	32	669.4142	125.9365	0
82	33	688.9752	140.516	0
82	34	350.2312	159.2195	0
82	35	-67.58366	293.5634	0
82	36	337.0016	179.0488	0
82	37	437.2691	161.4756	0
82	38	259.1909	259.4998	0
82	39	617.5256	144.7136	0
82	40	728.8655	153.4578	0
82	41	395.0385	175.0942	0
82	42	354.7326	186.7889	0
82	43	451.5027	170.8909	0
83	1	400.6394	162.8648	0
83	2	678.3427	164.5913	0
83	3	397.3311	156.2814	0
83	4	479.2265	146.1059	0
83	5	175.8572	214.1195	0
83	6	529.2409	192.7847	0
83	7	391.7387	184.7888	0
83	8	384.1543	217.2844	0
83	9	706.1783	163.4615	0
83	10	262.676	197.0625	0
83	11	699.3021	134.6868	0
83	12	636.2706	135.9519	0
83	13	435.0177	146.5561	0
83	14	639.1213	159.7588	0
83	15	662.4763	147.3075	0
83	16	510.011	168.1943	0
83	17	592.6104	153.6599	0
83	18	642.1134	148.887	0
83	19	298.0304	210.8156	0
83	20	456.943	197.0854	0
83	21	-8.17745	213.8008	0
83	22	60.68914	229.4043	0
83	23	487.5455	161.1288	0
83	24	650.9071	142.5545	0
83	25	336.5378	221.1375	0
83	26	622.8729	171.4555	0
83	27	681.4132	180.2284	0
83	28	76.9418	182.2314	0
83	29	623.8207	132.1843	0
83	30	593.2993	133.6445	0
83	31	216.2767	237.5091	0
83	32	669.4142	125.9365	0
83	33	688.9752	140.516	0
83	34	350.2312	159.2195	0
83	35	-67.58366	293.5634	0
83	36	337.0016	179.0488	0
83	37	437.2691	161.4756	0
83	38	259.1909	259.4998	0
83	39	617.5256	144.7136	0
83	40	728.8655	153.4578	0
83	41	395.0385	175.0942	0
83	42	354.7326	186.7889	0
83	43	451.5027	170.8909	0
84	1	400.6394	162.8648	0
84	2	678.3427	164.5913	0
84	3	397.3311	156.2814	0
84	4	479.2265	146.1059	0
84	5	175.8572	214.1195	0
84	6	529.2409	192.7847	0
84	7	391.7387	184.7888	0
84	8	384.1543	217.2844	0
84	9	706.1783	163.4615	0
84	10	262.676	197.0625	0
84	11	699.3021	134.6868	0
84	12	636.2706	135.9519	0
84	13	435.0177	146.5561	0
84	14	639.1213	159.7588	0
84	15	662.4763	147.3075	0
84	16	510.011	168.1943	0
84	17	592.6104	153.6599	0
84	18	642.1134	148.887	0
84	19	298.0304	210.8156	0
84	20	456.943	197.0854	0
84	21	-8.17745	213.8008	0
84	22	60.68914	229.4043	0
84	23	487.5455	161.1288	0
84	24	650.9071	142.5545	0
84	25	336.5378	221.1375	0
84	26	622.8729	171.4555	0
84	27	681.4132	180.2284	0
84	28	76.9418	182.2314	0
84	29	623.8207	132.1843	0
84	30	593.2993	133.6445	0
84	31	216.2767	237.5091	0
84	32	669.4142	125.9365	0
84	33	688.9752	140.516	0
84	34	350.2312	159.2195	0
84	35	-67.58366	293.5634	0
84	36	337.0016	179.0488	0
84	37	437.2691	161.4756	0
84	38	259.1909	259.4998	0
84	39	617.5256	144.7136	0
84	40	728.8655	153.4578	0
84	41	395.0385	175.0942	0
84	42	354.7326	186.7889	0
84	43	451.5027	170.8909	0
85	1	400.6394	162.8648	0
85	2	678.3427	164.5913	0
85	3	397.3311	156.2814	0
85	4	479.2265	146.1059	0
85	5	175.8572	214.1195	0
85	6	529.2409	192.7847	0
85	7	391.7387	184.7888	0
85	8	384.1543	217.2844	0
85	9	706.1783	163.4615	0
85	10	262.676	197.0625	0
85	11	699.3021	134.6868	0
85	12	636.2706	135.9519	0
85	13	435.0177	146.5561	0
85	14	639.1213	159.7588	0
85	15	662.4763	147.3075	0
85	16	510.011	168.1943	0
85	17	592.6104	153.6599	0
85	18	642.1134	148.887	0
85	19	298.0304	210.8156	0
85	20	456.943	197.0854	0
85	21	-8.17745	213.8008	0
85	22	60.68914	229.4043	0
85	23	487.5455	161.1288	0
85	24	650.9071	142.5545	0
85	25	336.5378	221.1375	0
85	26	622.8729	171.4555	0
85	27	681.4132	180.2284	0
85	28	76.9418	182.2314	0
85	29	623.8207	132.1843	0
85	30	593.2993	133.6445	0
85	31	216.2767	237.5091	0
85	32	669.4142	125.9365	0
85	33	688.9752	140.516	0
85	34	350.2312	159.2195	0
85	35	-67.58366	293.5634	0
85	36	337.0016	179.0488	0
85	37	437.2691	161.4756	0
85	38	259.1909	259.4998	0
85	39	617.5256	144.7136	0
85	40	728.8655	153.4578	0
85	41	395.0385	175.0942	0
85	42	354.7326	186.7889	0
85	43	451.5027	170.8909	0
86	1	400.6394	162.8648	0
86	2	678.3427	164.5913	0
86	3	397.3311	156.2814	0
86	4	479.2265	146.1059	0
86	5	175.8572	214.1195	0
86	6	529.2409	192.7847	0
86	7	391.7387	184.7888	0
86	8	384.1543	217.2844	0
86	9	706.1783	163.4615	0
86	10	262.676	197.0625	0
86	11	699.3021	134.6868	0
86	12	636.2706	135.9519	0
86	13	435.0177	146.5561	0
86	14	639.1213	159.7588	0
86	15	662.4763	147.3075	0
86	16	510.011	168.1943	0
86	17	592.6104	153.6599	0
86	18	642.1134	148.887	0
86	19	298.0304	210.8156	0
86	20	456.943	197.0854	0
86	21	-8.17745	213.8008	0
86	22	60.68914	229.4043	0
86	23	487.5455	161.1288	0
86	24	650.9071	142.5545	0
86	25	336.5378	221.1375	0
86	26	622.8729	171.4555	0
86	27	681.4132	180.2284	0
86	28	76.9418	182.2314	0
86	29	623.8207	132.1843	0
86	30	593.2993	133.6445	0
86	31	216.2767	237.5091	0
86	32	669.4142	125.9365	0
86	33	688.9752	140.516	0
86	34	350.2312	159.2195	0
86	35	-67.58366	293.5634	0
86	36	337.0016	179.0488	0
86	37	437.2691	161.4756	0
86	38	259.1909	259.4998	0
86	39	617.5256	144.7136	0
86	40	728.8655	153.4578	0
86	41	395.0385	175.0942	0
86	42	354.7326	186.7889	0
86	43	451.5027	170.8909	0
87	1	400.6394	162.8648	0
87	2	678.3427	164.5913	0
87	3	397.3311	156.2814	0
87	4	479.2265	146.1059	0
87	5	175.8572	214.1195	0
87	6	529.2409	192.7847	0
87	7	391.7387	184.7888	0
87	8	384.1543	217.2844	0
87	9	706.1783	163.4615	0
87	10	262.676	197.0625	0
87	11	699.3021	134.6868	0
87	12	636.2706	135.9519	0
87	13	435.0177	146.5561	0
87	14	639.1213	159.7588	0
87	15	662.4763	147.3075	0
87	16	510.011	168.1943	0
87	17	592.6104	153.6599	0
87	18	642.1134	148.887	0
87	19	298.0304	210.8156	0
87	20	456.943	197.0854	0
87	21	-8.17745	213.8008	0
87	22	60.68914	229.4043	0
87	23	487.5455	161.1288	0
87	24	650.9071	142.5545	0
87	25	336.5378	221.1375	0
87	26	622.8729	171.4555	0
87	27	681.4132	180.2284	0
87	28	76.9418	182.2314	0
87	29	623.8207	132.1843	0
87	30	593.2993	133.6445	0
87	31	216.2767	237.5091	0
87	32	669.4142	125.9365	0
87	33	688.9752	140.516	0
87	34	350.2312	159.2195	0
87	35	-67.58366	293.5634	0
87	36	337.0016	179.0488	0
87	37	437.2691	161.4756	0
87	38	259.1909	259.4998	0
87	39	617.5256	144.7136	0
87	40	728.8655	153.4578	0
87	41	395.0385	175.0942	0
87	42	354.7326	186.7889	0
87	43	451.5027	170.8909	0
88	1	400.6394	162.8648	0
88	2	678.3427	164.5913	0
88	3	397.3311	156.2814	0
88	4	479.2265	146.1059	0
88	5	175.8572	214.1195	0
88	6	529.2409	192.7847	0
88	7	391.7387	184.7888	0
88	8	384.1543	217.2844	0
88	9	706.1783	163.4615	0
88	10	262.676	197.0625	0
88	11	699.3021	134.6868	0
88	12	636.2706	135.9519	0
88	13	435.0177	146.5561	0
88	14	639.1213	159.7588	0
88	15	662.4763	147.3075	0
88	16	510.011	168.1943	0
88	17	592.6104	153.6599	0
88	18	642.1134	148.887	0
88	19	298.0304	210.8156	0
88	20	456.943	197.0854	0
88	21	-8.17745	213.8008	0
88	22	60.68914	229.4043	0
88	23	487.5455	161.1288	0
88	24	650.9071	142.5545	0
88	25	336.5378	221.1375	0
88	26	622.8729	171.4555	0
88	27	681.4132	180.2284	0
88	28	76.9418	182.2314	0
88	29	623.8207	132.1843	0
88	30	593.2993	133.6445	0
88	31	216.2767	237.5091	0
88	32	669.4142	125.9365	0
88	33	688.9752	140.516	0
88	34	350.2312	159.2195	0
88	35	-67.58366	293.5634	0
88	36	337.0016	179.0488	0
88	37	437.2691	161.4756	0
88	38	259.1909	259.4998	0
88	39	617.5256	144.7136	0
88	40	728.8655	153.4578	0
88	41	395.0385	175.0942	0
88	42	354.7326	186.7889	0
88	43	451.5027	170.8909	0
89	1	464.1857	162.8648	0
89	2	785.936	164.5913	0
89	3	460.3526	156.2814	0
89	4	555.2377	146.1059	0
89	5	203.7503	214.1195	0
89	6	613.1849	192.7847	0
89	7	453.8732	184.7888	0
89	8	445.0858	217.2844	0
89	9	818.1868	163.4615	0
89	10	304.3396	197.0625	0
89	11	810.2198	134.6868	0
89	12	737.1908	135.9519	0
89	13	504.0168	146.5561	0
89	14	740.4938	159.7588	0
89	15	767.553	147.3075	0
89	16	590.905	168.1943	0
89	17	686.6057	153.6599	0
89	18	743.9604	148.887	0
89	19	345.3016	210.8156	0
89	20	529.4197	197.0854	0
89	21	-9.474493	213.8008	0
89	22	70.31517	229.4043	0
89	23	564.8761	161.1288	0
89	24	754.1489	142.5545	0
89	25	389.9168	221.1375	0
89	26	721.6681	171.4555	0
89	27	789.4937	180.2284	0
89	28	89.1457	182.2314	0
89	29	722.7662	132.1843	0
89	30	687.4038	133.6445	0
89	31	250.5808	237.5091	0
89	32	775.5914	125.9365	0
89	33	798.2551	140.516	0
89	34	405.7821	159.2195	0
89	35	-78.30325	293.5634	0
89	36	390.4542	179.0488	0
89	37	506.6253	161.4756	0
89	38	300.3018	259.4998	0
89	39	715.4727	144.7136	0
89	40	844.4725	153.4578	0
89	41	457.6964	175.0942	0
89	42	410.9975	186.7889	0
89	43	523.1165	170.8909	0
90	1	480.0723	162.8648	0
90	2	812.8344	164.5913	0
90	3	476.108	156.2814	0
90	4	574.2405	146.1059	0
90	5	210.7235	214.1195	0
90	6	634.1709	192.7847	0
90	7	469.4069	184.7888	0
90	8	460.3187	217.2844	0
90	9	846.1888	163.4615	0
90	10	314.7555	197.0625	0
90	11	837.9493	134.6868	0
90	12	762.4208	135.9519	0
90	13	521.2666	146.5561	0
90	14	765.8369	159.7588	0
90	15	793.8223	147.3075	0
90	16	611.1285	168.1943	0
90	17	710.1044	153.6599	0
90	18	769.4221	148.887	0
90	19	357.1194	210.8156	0
90	20	547.5389	197.0854	0
90	21	-9.798754	213.8008	0
90	22	72.72168	229.4043	0
90	23	584.2088	161.1288	0
90	24	779.9594	142.5545	0
90	25	403.2616	221.1375	0
90	26	746.3669	171.4555	0
90	27	816.5137	180.2284	0
90	28	92.19668	182.2314	0
90	29	747.5026	132.1843	0
90	30	710.9299	133.6445	0
90	31	259.1569	237.5091	0
90	32	802.1357	125.9365	0
90	33	825.575	140.516	0
90	34	419.6698	159.2195	0
90	35	-80.98315	293.5634	0
90	36	403.8173	179.0488	0
90	37	523.9643	161.4756	0
90	38	310.5795	259.4998	0
90	39	739.9595	144.7136	0
90	40	873.3742	153.4578	0
90	41	473.3609	175.0942	0
90	42	425.0637	186.7889	0
90	43	541.02	170.8909	0
91	1	480.0723	162.8648	0
91	2	812.8344	164.5913	0
91	3	476.108	156.2814	0
91	4	574.2405	146.1059	0
91	5	210.7235	214.1195	0
91	6	634.1709	192.7847	0
91	7	469.4069	184.7888	0
91	8	460.3187	217.2844	0
91	9	846.1888	163.4615	0
91	10	314.7555	197.0625	0
91	11	837.9493	134.6868	0
91	12	762.4208	135.9519	0
91	13	521.2666	146.5561	0
91	14	765.8369	159.7588	0
91	15	793.8223	147.3075	0
91	16	611.1285	168.1943	0
91	17	710.1044	153.6599	0
91	18	769.4221	148.887	0
91	19	357.1194	210.8156	0
91	20	547.5389	197.0854	0
91	21	-9.798754	213.8008	0
91	22	72.72168	229.4043	0
91	23	584.2088	161.1288	0
91	24	779.9594	142.5545	0
91	25	403.2616	221.1375	0
91	26	746.3669	171.4555	0
91	27	816.5137	180.2284	0
91	28	92.19668	182.2314	0
91	29	747.5026	132.1843	0
91	30	710.9299	133.6445	0
91	31	259.1569	237.5091	0
91	32	802.1357	125.9365	0
91	33	825.575	140.516	0
91	34	419.6698	159.2195	0
91	35	-80.98315	293.5634	0
91	36	403.8173	179.0488	0
91	37	523.9643	161.4756	0
91	38	310.5795	259.4998	0
91	39	739.9595	144.7136	0
91	40	873.3742	153.4578	0
91	41	473.3609	175.0942	0
91	42	425.0637	186.7889	0
91	43	541.02	170.8909	0
92	1	480.0723	162.8648	0
92	2	812.8344	164.5913	0
92	3	476.108	156.2814	0
92	4	574.2405	146.1059	0
92	5	210.7235	214.1195	0
92	6	634.1709	192.7847	0
92	7	469.4069	184.7888	0
92	8	460.3187	217.2844	0
92	9	846.1888	163.4615	0
92	10	314.7555	197.0625	0
92	11	837.9493	134.6868	0
92	12	762.4208	135.9519	0
92	13	521.2666	146.5561	0
92	14	765.8369	159.7588	0
92	15	793.8223	147.3075	0
92	16	611.1285	168.1943	0
92	17	710.1044	153.6599	0
92	18	769.4221	148.887	0
92	19	357.1194	210.8156	0
92	20	547.5389	197.0854	0
92	21	-9.798754	213.8008	0
92	22	72.72168	229.4043	0
92	23	584.2088	161.1288	0
92	24	779.9594	142.5545	0
92	25	403.2616	221.1375	0
92	26	746.3669	171.4555	0
92	27	816.5137	180.2284	0
92	28	92.19668	182.2314	0
92	29	747.5026	132.1843	0
92	30	710.9299	133.6445	0
92	31	259.1569	237.5091	0
92	32	802.1357	125.9365	0
92	33	825.575	140.516	0
92	34	419.6698	159.2195	0
92	35	-80.98315	293.5634	0
92	36	403.8173	179.0488	0
92	37	523.9643	161.4756	0
92	38	310.5795	259.4998	0
92	39	739.9595	144.7136	0
92	40	873.3742	153.4578	0
92	41	473.3609	175.0942	0
92	42	425.0637	186.7889	0
92	43	541.02	170.8909	0
93	1	480.0723	162.8648	0
93	2	812.8344	164.5913	0
93	3	476.108	156.2814	0
93	4	574.2405	146.1059	0
93	5	210.7235	214.1195	0
93	6	634.1709	192.7847	0
93	7	469.4069	184.7888	0
93	8	460.3187	217.2844	0
93	9	846.1888	163.4615	0
93	10	314.7555	197.0625	0
93	11	837.9493	134.6868	0
93	12	762.4208	135.9519	0
93	13	521.2666	146.5561	0
93	14	765.8369	159.7588	0
93	15	793.8223	147.3075	0
93	16	611.1285	168.1943	0
93	17	710.1044	153.6599	0
93	18	769.4221	148.887	0
93	19	357.1194	210.8156	0
93	20	547.5389	197.0854	0
93	21	-9.798754	213.8008	0
93	22	72.72168	229.4043	0
93	23	584.2088	161.1288	0
93	24	779.9594	142.5545	0
93	25	403.2616	221.1375	0
93	26	746.3669	171.4555	0
93	27	816.5137	180.2284	0
93	28	92.19668	182.2314	0
93	29	747.5026	132.1843	0
93	30	710.9299	133.6445	0
93	31	259.1569	237.5091	0
93	32	802.1357	125.9365	0
93	33	825.575	140.516	0
93	34	419.6698	159.2195	0
93	35	-80.98315	293.5634	0
93	36	403.8173	179.0488	0
93	37	523.9643	161.4756	0
93	38	310.5795	259.4998	0
93	39	739.9595	144.7136	0
93	40	873.3742	153.4578	0
93	41	473.3609	175.0942	0
93	42	425.0637	186.7889	0
93	43	541.02	170.8909	0
94	1	480.0723	162.8648	0
94	2	812.8344	164.5913	0
94	3	476.108	156.2814	0
94	4	574.2405	146.1059	0
94	5	210.7235	214.1195	0
94	6	634.1709	192.7847	0
94	7	469.4069	184.7888	0
94	8	460.3187	217.2844	0
94	9	846.1888	163.4615	0
94	10	314.7555	197.0625	0
94	11	837.9493	134.6868	0
94	12	762.4208	135.9519	0
94	13	521.2666	146.5561	0
94	14	765.8369	159.7588	0
94	15	793.8223	147.3075	0
94	16	611.1285	168.1943	0
94	17	710.1044	153.6599	0
94	18	769.4221	148.887	0
94	19	357.1194	210.8156	0
94	20	547.5389	197.0854	0
94	21	-9.798754	213.8008	0
94	22	72.72168	229.4043	0
94	23	584.2088	161.1288	0
94	24	779.9594	142.5545	0
94	25	403.2616	221.1375	0
94	26	746.3669	171.4555	0
94	27	816.5137	180.2284	0
94	28	92.19668	182.2314	0
94	29	747.5026	132.1843	0
94	30	710.9299	133.6445	0
94	31	259.1569	237.5091	0
94	32	802.1357	125.9365	0
94	33	825.575	140.516	0
94	34	419.6698	159.2195	0
94	35	-80.98315	293.5634	0
94	36	403.8173	179.0488	0
94	37	523.9643	161.4756	0
94	38	310.5795	259.4998	0
94	39	739.9595	144.7136	0
94	40	873.3742	153.4578	0
94	41	473.3609	175.0942	0
94	42	425.0637	186.7889	0
94	43	541.02	170.8909	0
95	1	480.0723	162.8648	0
95	2	812.8344	164.5913	0
95	3	476.108	156.2814	0
95	4	574.2405	146.1059	0
95	5	210.7235	214.1195	0
95	6	634.1709	192.7847	0
95	7	469.4069	184.7888	0
95	8	460.3187	217.2844	0
95	9	846.1888	163.4615	0
95	10	314.7555	197.0625	0
95	11	837.9493	134.6868	0
95	12	762.4208	135.9519	0
95	13	521.2666	146.5561	0
95	14	765.8369	159.7588	0
95	15	793.8223	147.3075	0
95	16	611.1285	168.1943	0
95	17	710.1044	153.6599	0
95	18	769.4221	148.887	0
95	19	357.1194	210.8156	0
95	20	547.5389	197.0854	0
95	21	-9.798754	213.8008	0
95	22	72.72168	229.4043	0
95	23	584.2088	161.1288	0
95	24	779.9594	142.5545	0
95	25	403.2616	221.1375	0
95	26	746.3669	171.4555	0
95	27	816.5137	180.2284	0
95	28	92.19668	182.2314	0
95	29	747.5026	132.1843	0
95	30	710.9299	133.6445	0
95	31	259.1569	237.5091	0
95	32	802.1357	125.9365	0
95	33	825.575	140.516	0
95	34	419.6698	159.2195	0
95	35	-80.98315	293.5634	0
95	36	403.8173	179.0488	0
95	37	523.9643	161.4756	0
95	38	310.5795	259.4998	0
95	39	739.9595	144.7136	0
95	40	873.3742	153.4578	0
95	41	473.3609	175.0942	0
95	42	425.0637	186.7889	0
95	43	541.02	170.8909	0
96	1	480.0723	162.8648	0
96	2	812.8344	164.5913	0
96	3	476.108	156.2814	0
96	4	574.2405	146.1059	0
96	5	210.7235	214.1195	0
96	6	634.1709	192.7847	0
96	7	469.4069	184.7888	0
96	8	460.3187	217.2844	0
96	9	846.1888	163.4615	0
96	10	314.7555	197.0625	0
96	11	837.9493	134.6868	0
96	12	762.4208	135.9519	0
96	13	521.2666	146.5561	0
96	14	765.8369	159.7588	0
96	15	793.8223	147.3075	0
96	16	611.1285	168.1943	0
96	17	710.1044	153.6599	0
96	18	769.4221	148.887	0
96	19	357.1194	210.8156	0
96	20	547.5389	197.0854	0
96	21	-9.798754	213.8008	0
96	22	72.72168	229.4043	0
96	23	584.2088	161.1288	0
96	24	779.9594	142.5545	0
96	25	403.2616	221.1375	0
96	26	746.3669	171.4555	0
96	27	816.5137	180.2284	0
96	28	92.19668	182.2314	0
96	29	747.5026	132.1843	0
96	30	710.9299	133.6445	0
96	31	259.1569	237.5091	0
96	32	802.1357	125.9365	0
96	33	825.575	140.516	0
96	34	419.6698	159.2195	0
96	35	-80.98315	293.5634	0
96	36	403.8173	179.0488	0
96	37	523.9643	161.4756	0
96	38	310.5795	259.4998	0
96	39	739.9595	144.7136	0
96	40	873.3742	153.4578	0
96	41	473.3609	175.0942	0
96	42	425.0637	186.7889	0
96	43	541.02	170.8909	0
97	1	480.0723	162.8648	0
97	2	812.8344	164.5913	0
97	3	476.108	156.2814	0
97	4	574.2405	146.1059	0
97	5	210.7235	214.1195	0
97	6	634.1709	192.7847	0
97	7	469.4069	184.7888	0
97	8	460.3187	217.2844	0
97	9	846.1888	163.4615	0
97	10	314.7555	197.0625	0
97	11	837.9493	134.6868	0
97	12	762.4208	135.9519	0
97	13	521.2666	146.5561	0
97	14	765.8369	159.7588	0
97	15	793.8223	147.3075	0
97	16	611.1285	168.1943	0
97	17	710.1044	153.6599	0
97	18	769.4221	148.887	0
97	19	357.1194	210.8156	0
97	20	547.5389	197.0854	0
97	21	-9.798754	213.8008	0
97	22	72.72168	229.4043	0
97	23	584.2088	161.1288	0
97	24	779.9594	142.5545	0
97	25	403.2616	221.1375	0
97	26	746.3669	171.4555	0
97	27	816.5137	180.2284	0
97	28	92.19668	182.2314	0
97	29	747.5026	132.1843	0
97	30	710.9299	133.6445	0
97	31	259.1569	237.5091	0
97	32	802.1357	125.9365	0
97	33	825.575	140.516	0
97	34	419.6698	159.2195	0
97	35	-80.98315	293.5634	0
97	36	403.8173	179.0488	0
97	37	523.9643	161.4756	0
97	38	310.5795	259.4998	0
97	39	739.9595	144.7136	0
97	40	873.3742	153.4578	0
97	41	473.3609	175.0942	0
97	42	425.0637	186.7889	0
97	43	541.02	170.8909	0
98	1	480.0723	162.8648	0
98	2	812.8344	164.5913	0
98	3	476.108	156.2814	0
98	4	574.2405	146.1059	0
98	5	210.7235	214.1195	0
98	6	634.1709	192.7847	0
98	7	469.4069	184.7888	0
98	8	460.3187	217.2844	0
98	9	846.1888	163.4615	0
98	10	314.7555	197.0625	0
98	11	837.9493	134.6868	0
98	12	762.4208	135.9519	0
98	13	521.2666	146.5561	0
98	14	765.8369	159.7588	0
98	15	793.8223	147.3075	0
98	16	611.1285	168.1943	0
98	17	710.1044	153.6599	0
98	18	769.4221	148.887	0
98	19	357.1194	210.8156	0
98	20	547.5389	197.0854	0
98	21	-9.798754	213.8008	0
98	22	72.72168	229.4043	0
98	23	584.2088	161.1288	0
98	24	779.9594	142.5545	0
98	25	403.2616	221.1375	0
98	26	746.3669	171.4555	0
98	27	816.5137	180.2284	0
98	28	92.19668	182.2314	0
98	29	747.5026	132.1843	0
98	30	710.9299	133.6445	0
98	31	259.1569	237.5091	0
98	32	802.1357	125.9365	0
98	33	825.575	140.516	0
98	34	419.6698	159.2195	0
98	35	-80.98315	293.5634	0
98	36	403.8173	179.0488	0
98	37	523.9643	161.4756	0
98	38	310.5795	259.4998	0
98	39	739.9595	144.7136	0
98	40	873.3742	153.4578	0
98	41	473.3609	175.0942	0
98	42	425.0637	186.7889	0
98	43	541.02	170.8909	0
99	1	480.0723	162.8648	0
99	2	812.8344	164.5913	0
99	3	476.108	156.2814	0
99	4	574.2405	146.1059	0
99	5	210.7235	214.1195	0
99	6	634.1709	192.7847	0
99	7	469.4069	184.7888	0
99	8	460.3187	217.2844	0
99	9	846.1888	163.4615	0
99	10	314.7555	197.0625	0
99	11	837.9493	134.6868	0
99	12	762.4208	135.9519	0
99	13	521.2666	146.5561	0
99	14	765.8369	159.7588	0
99	15	793.8223	147.3075	0
99	16	611.1285	168.1943	0
99	17	710.1044	153.6599	0
99	18	769.4221	148.887	0
99	19	357.1194	210.8156	0
99	20	547.5389	197.0854	0
99	21	-9.798754	213.8008	0
99	22	72.72168	229.4043	0
99	23	584.2088	161.1288	0
99	24	779.9594	142.5545	0
99	25	403.2616	221.1375	0
99	26	746.3669	171.4555	0
99	27	816.5137	180.2284	0
99	28	92.19668	182.2314	0
99	29	747.5026	132.1843	0
99	30	710.9299	133.6445	0
99	31	259.1569	237.5091	0
99	32	802.1357	125.9365	0
99	33	825.575	140.516	0
99	34	419.6698	159.2195	0
99	35	-80.98315	293.5634	0
99	36	403.8173	179.0488	0
99	37	523.9643	161.4756	0
99	38	310.5795	259.4998	0
99	39	739.9595	144.7136	0
99	40	873.3742	153.4578	0
99	41	473.3609	175.0942	0
99	42	425.0637	186.7889	0
99	43	541.02	170.8909	0
100	1	480.0723	162.8648	0
100	2	812.8344	164.5913	0
100	3	476.108	156.2814	0
100	4	574.2405	146.1059	0
100	5	210.7235	214.1195	0
100	6	634.1709	192.7847	0
100	7	469.4069	184.7888	0
100	8	460.3187	217.2844	0
100	9	846.1888	163.4615	0
100	10	314.7555	197.0625	0
100	11	837.9493	134.6868	0
100	12	762.4208	135.9519	0
100	13	521.2666	146.5561	0
100	14	765.8369	159.7588	0
100	15	793.8223	147.3075	0
100	16	611.1285	168.1943	0
100	17	710.1044	153.6599	0
100	18	769.4221	148.887	0
100	19	357.1194	210.8156	0
100	20	547.5389	197.0854	0
100	21	-9.798754	213.8008	0
100	22	72.72168	229.4043	0
100	23	584.2088	161.1288	0
100	24	779.9594	142.5545	0
100	25	403.2616	221.1375	0
100	26	746.3669	171.4555	0
100	27	816.5137	180.2284	0
100	28	92.19668	182.2314	0
100	29	747.5026	132.1843	0
100	30	710.9299	133.6445	0
100	31	259.1569	237.5091	0
100	32	802.1357	125.9365	0
100	33	825.575	140.516	0
100	34	419.6698	159.2195	0
100	35	-80.98315	293.5634	0
100	36	403.8173	179.0488	0
100	37	523.9643	161.4756	0
100	38	310.5795	259.4998	0
100	39	739.9595	144.7136	0
100	40	873.3742	153.4578	0
100	41	473.3609	175.0942	0
100	42	425.0637	186.7889	0
100	43	541.02	170.8909	0
101	1	480.0723	162.8648	0
101	2	812.8344	164.5913	0
101	3	476.108	156.2814	0
101	4	574.2405	146.1059	0
101	5	210.7235	214.1195	0
101	6	634.1709	192.7847	0
101	7	469.4069	184.7888	0
101	8	460.3187	217.2844	0
101	9	846.1888	163.4615	0
101	10	314.7555	197.0625	0
101	11	837.9493	134.6868	0
101	12	762.4208	135.9519	0
101	13	521.2666	146.5561	0
101	14	765.8369	159.7588	0
101	15	793.8223	147.3075	0
101	16	611.1285	168.1943	0
101	17	710.1044	153.6599	0
101	18	769.4221	148.887	0
101	19	357.1194	210.8156	0
101	20	547.5389	197.0854	0
101	21	-9.798754	213.8008	0
101	22	72.72168	229.4043	0
101	23	584.2088	161.1288	0
101	24	779.9594	142.5545	0
101	25	403.2616	221.1375	0
101	26	746.3669	171.4555	0
101	27	816.5137	180.2284	0
101	28	92.19668	182.2314	0
101	29	747.5026	132.1843	0
101	30	710.9299	133.6445	0
101	31	259.1569	237.5091	0
101	32	802.1357	125.9365	0
101	33	825.575	140.516	0
101	34	419.6698	159.2195	0
101	35	-80.98315	293.5634	0
101	36	403.8173	179.0488	0
101	37	523.9643	161.4756	0
101	38	310.5795	259.4998	0
101	39	739.9595	144.7136	0
101	40	873.3742	153.4578	0
101	41	473.3609	175.0942	0
101	42	425.0637	186.7889	0
101	43	541.02	170.8909	0
102	1	480.0723	162.8648	0
102	2	812.8344	164.5913	0
102	3	476.108	156.2814	0
102	4	574.2405	146.1059	0
102	5	210.7235	214.1195	0
102	6	634.1709	192.7847	0
102	7	469.4069	184.7888	0
102	8	460.3187	217.2844	0
102	9	846.1888	163.4615	0
102	10	314.7555	197.0625	0
102	11	837.9493	134.6868	0
102	12	762.4208	135.9519	0
102	13	521.2666	146.5561	0
102	14	765.8369	159.7588	0
102	15	793.8223	147.3075	0
102	16	611.1285	168.1943	0
102	17	710.1044	153.6599	0
102	18	769.4221	148.887	0
102	19	357.1194	210.8156	0
102	20	547.5389	197.0854	0
102	21	-9.798754	213.8008	0
102	22	72.72168	229.4043	0
102	23	584.2088	161.1288	0
102	24	779.9594	142.5545	0
102	25	403.2616	221.1375	0
102	26	746.3669	171.4555	0
102	27	816.5137	180.2284	0
102	28	92.19668	182.2314	0
102	29	747.5026	132.1843	0
102	30	710.9299	133.6445	0
102	31	259.1569	237.5091	0
102	32	802.1357	125.9365	0
102	33	825.575	140.516	0
102	34	419.6698	159.2195	0
102	35	-80.98315	293.5634	0
102	36	403.8173	179.0488	0
102	37	523.9643	161.4756	0
102	38	310.5795	259.4998	0
102	39	739.9595	144.7136	0
102	40	873.3742	153.4578	0
102	41	473.3609	175.0942	0
102	42	425.0637	186.7889	0
102	43	541.02	170.8909	0
103	1	480.0723	162.8648	0
103	2	812.8344	164.5913	0
103	3	476.108	156.2814	0
103	4	574.2405	146.1059	0
103	5	210.7235	214.1195	0
103	6	634.1709	192.7847	0
103	7	469.4069	184.7888	0
103	8	460.3187	217.2844	0
103	9	846.1888	163.4615	0
103	10	314.7555	197.0625	0
103	11	837.9493	134.6868	0
103	12	762.4208	135.9519	0
103	13	521.2666	146.5561	0
103	14	765.8369	159.7588	0
103	15	793.8223	147.3075	0
103	16	611.1285	168.1943	0
103	17	710.1044	153.6599	0
103	18	769.4221	148.887	0
103	19	357.1194	210.8156	0
103	20	547.5389	197.0854	0
103	21	-9.798754	213.8008	0
103	22	72.72168	229.4043	0
103	23	584.2088	161.1288	0
103	24	779.9594	142.5545	0
103	25	403.2616	221.1375	0
103	26	746.3669	171.4555	0
103	27	816.5137	180.2284	0
103	28	92.19668	182.2314	0
103	29	747.5026	132.1843	0
103	30	710.9299	133.6445	0
103	31	259.1569	237.5091	0
103	32	802.1357	125.9365	0
103	33	825.575	140.516	0
103	34	419.6698	159.2195	0
103	35	-80.98315	293.5634	0
103	36	403.8173	179.0488	0
103	37	523.9643	161.4756	0
103	38	310.5795	259.4998	0
103	39	739.9595	144.7136	0
103	40	873.3742	153.4578	0
103	41	473.3609	175.0942	0
103	42	425.0637	186.7889	0
103	43	541.02	170.8909	0
104	1	480.0723	162.8648	0
104	2	812.8344	164.5913	0
104	3	476.108	156.2814	0
104	4	574.2405	146.1059	0
104	5	210.7235	214.1195	0
104	6	634.1709	192.7847	0
104	7	469.4069	184.7888	0
104	8	460.3187	217.2844	0
104	9	846.1888	163.4615	0
104	10	314.7555	197.0625	0
104	11	837.9493	134.6868	0
104	12	762.4208	135.9519	0
104	13	521.2666	146.5561	0
104	14	765.8369	159.7588	0
104	15	793.8223	147.3075	0
104	16	611.1285	168.1943	0
104	17	710.1044	153.6599	0
104	18	769.4221	148.887	0
104	19	357.1194	210.8156	0
104	20	547.5389	197.0854	0
104	21	-9.798754	213.8008	0
104	22	72.72168	229.4043	0
104	23	584.2088	161.1288	0
104	24	779.9594	142.5545	0
104	25	403.2616	221.1375	0
104	26	746.3669	171.4555	0
104	27	816.5137	180.2284	0
104	28	92.19668	182.2314	0
104	29	747.5026	132.1843	0
104	30	710.9299	133.6445	0
104	31	259.1569	237.5091	0
104	32	802.1357	125.9365	0
104	33	825.575	140.516	0
104	34	419.6698	159.2195	0
104	35	-80.98315	293.5634	0
104	36	403.8173	179.0488	0
104	37	523.9643	161.4756	0
104	38	310.5795	259.4998	0
104	39	739.9595	144.7136	0
104	40	873.3742	153.4578	0
104	41	473.3609	175.0942	0
104	42	425.0637	186.7889	0
104	43	541.02	170.8909	0
105	1	480.0723	162.8648	0
105	2	812.8344	164.5913	0
105	3	476.108	156.2814	0
105	4	574.2405	146.1059	0
105	5	210.7235	214.1195	0
105	6	634.1709	192.7847	0
105	7	469.4069	184.7888	0
105	8	460.3187	217.2844	0
105	9	846.1888	163.4615	0
105	10	314.7555	197.0625	0
105	11	837.9493	134.6868	0
105	12	762.4208	135.9519	0
105	13	521.2666	146.5561	0
105	14	765.8369	159.7588	0
105	15	793.8223	147.3075	0
105	16	611.1285	168.1943	0
105	17	710.1044	153.6599	0
105	18	769.4221	148.887	0
105	19	357.1194	210.8156	0
105	20	547.5389	197.0854	0
105	21	-9.798754	213.8008	0
105	22	72.72168	229.4043	0
105	23	584.2088	161.1288	0
105	24	779.9594	142.5545	0
105	25	403.2616	221.1375	0
105	26	746.3669	171.4555	0
105	27	816.5137	180.2284	0
105	28	92.19668	182.2314	0
105	29	747.5026	132.1843	0
105	30	710.9299	133.6445	0
105	31	259.1569	237.5091	0
105	32	802.1357	125.9365	0
105	33	825.575	140.516	0
105	34	419.6698	159.2195	0
105	35	-80.98315	293.5634	0
105	36	403.8173	179.0488	0
105	37	523.9643	161.4756	0
105	38	310.5795	259.4998	0
105	39	739.9595	144.7136	0
105	40	873.3742	153.4578	0
105	41	473.3609	175.0942	0
105	42	425.0637	186.7889	0
105	43	541.02	170.8909	0
106	1	480.0723	162.8648	0
106	2	812.8344	164.5913	0
106	3	476.108	156.2814	0
106	4	574.2405	146.1059	0
106	5	210.7235	214.1195	0
106	6	634.1709	192.7847	0
106	7	469.4069	184.7888	0
106	8	460.3187	217.2844	0
106	9	846.1888	163.4615	0
106	10	314.7555	197.0625	0
106	11	837.9493	134.6868	0
106	12	762.4208	135.9519	0
106	13	521.2666	146.5561	0
106	14	765.8369	159.7588	0
106	15	793.8223	147.3075	0
106	16	611.1285	168.1943	0
106	17	710.1044	153.6599	0
106	18	769.4221	148.887	0
106	19	357.1194	210.8156	0
106	20	547.5389	197.0854	0
106	21	-9.798754	213.8008	0
106	22	72.72168	229.4043	0
106	23	584.2088	161.1288	0
106	24	779.9594	142.5545	0
106	25	403.2616	221.1375	0
106	26	746.3669	171.4555	0
106	27	816.5137	180.2284	0
106	28	92.19668	182.2314	0
106	29	747.5026	132.1843	0
106	30	710.9299	133.6445	0
106	31	259.1569	237.5091	0
106	32	802.1357	125.9365	0
106	33	825.575	140.516	0
106	34	419.6698	159.2195	0
106	35	-80.98315	293.5634	0
106	36	403.8173	179.0488	0
106	37	523.9643	161.4756	0
106	38	310.5795	259.4998	0
106	39	739.9595	144.7136	0
106	40	873.3742	153.4578	0
106	41	473.3609	175.0942	0
106	42	425.0637	186.7889	0
106	43	541.02	170.8909	0
107	1	480.0723	162.8648	0
107	2	812.8344	164.5913	0
107	3	476.108	156.2814	0
107	4	574.2405	146.1059	0
107	5	210.7235	214.1195	0
107	6	634.1709	192.7847	0
107	7	469.4069	184.7888	0
107	8	460.3187	217.2844	0
107	9	846.1888	163.4615	0
107	10	314.7555	197.0625	0
107	11	837.9493	134.6868	0
107	12	762.4208	135.9519	0
107	13	521.2666	146.5561	0
107	14	765.8369	159.7588	0
107	15	793.8223	147.3075	0
107	16	611.1285	168.1943	0
107	17	710.1044	153.6599	0
107	18	769.4221	148.887	0
107	19	357.1194	210.8156	0
107	20	547.5389	197.0854	0
107	21	-9.798754	213.8008	0
107	22	72.72168	229.4043	0
107	23	584.2088	161.1288	0
107	24	779.9594	142.5545	0
107	25	403.2616	221.1375	0
107	26	746.3669	171.4555	0
107	27	816.5137	180.2284	0
107	28	92.19668	182.2314	0
107	29	747.5026	132.1843	0
107	30	710.9299	133.6445	0
107	31	259.1569	237.5091	0
107	32	802.1357	125.9365	0
107	33	825.575	140.516	0
107	34	419.6698	159.2195	0
107	35	-80.98315	293.5634	0
107	36	403.8173	179.0488	0
107	37	523.9643	161.4756	0
107	38	310.5795	259.4998	0
107	39	739.9595	144.7136	0
107	40	873.3742	153.4578	0
107	41	473.3609	175.0942	0
107	42	425.0637	186.7889	0
107	43	541.02	170.8909	0
108	1	480.0723	162.8648	0
108	2	812.8344	164.5913	0
108	3	476.108	156.2814	0
108	4	574.2405	146.1059	0
108	5	210.7235	214.1195	0
108	6	634.1709	192.7847	0
108	7	469.4069	184.7888	0
108	8	460.3187	217.2844	0
108	9	846.1888	163.4615	0
108	10	314.7555	197.0625	0
108	11	837.9493	134.6868	0
108	12	762.4208	135.9519	0
108	13	521.2666	146.5561	0
108	14	765.8369	159.7588	0
108	15	793.8223	147.3075	0
108	16	611.1285	168.1943	0
108	17	710.1044	153.6599	0
108	18	769.4221	148.887	0
108	19	357.1194	210.8156	0
108	20	547.5389	197.0854	0
108	21	-9.798754	213.8008	0
108	22	72.72168	229.4043	0
108	23	584.2088	161.1288	0
108	24	779.9594	142.5545	0
108	25	403.2616	221.1375	0
108	26	746.3669	171.4555	0
108	27	816.5137	180.2284	0
108	28	92.19668	182.2314	0
108	29	747.5026	132.1843	0
108	30	710.9299	133.6445	0
108	31	259.1569	237.5091	0
108	32	802.1357	125.9365	0
108	33	825.575	140.516	0
108	34	419.6698	159.2195	0
108	35	-80.98315	293.5634	0
108	36	403.8173	179.0488	0
108	37	523.9643	161.4756	0
108	38	310.5795	259.4998	0
108	39	739.9595	144.7136	0
108	40	873.3742	153.4578	0
108	41	473.3609	175.0942	0
108	42	425.0637	186.7889	0
108	43	541.02	170.8909	0
109	1	480.0723	162.8648	0
109	2	812.8344	164.5913	0
109	3	476.108	156.2814	0
109	4	574.2405	146.1059	0
109	5	210.7235	214.1195	0
109	6	634.1709	192.7847	0
109	7	469.4069	184.7888	0
109	8	460.3187	217.2844	0
109	9	846.1888	163.4615	0
109	10	314.7555	197.0625	0
109	11	837.9493	134.6868	0
109	12	762.4208	135.9519	0
109	13	521.2666	146.5561	0
109	14	765.8369	159.7588	0
109	15	793.8223	147.3075	0
109	16	611.1285	168.1943	0
109	17	710.1044	153.6599	0
109	18	769.4221	148.887	0
109	19	357.1194	210.8156	0
109	20	547.5389	197.0854	0
109	21	-9.798754	213.8008	0
109	22	72.72168	229.4043	0
109	23	584.2088	161.1288	0
109	24	779.9594	142.5545	0
109	25	403.2616	221.1375	0
109	26	746.3669	171.4555	0
109	27	816.5137	180.2284	0
109	28	92.19668	182.2314	0
109	29	747.5026	132.1843	0
109	30	710.9299	133.6445	0
109	31	259.1569	237.5091	0
109	32	802.1357	125.9365	0
109	33	825.575	140.516	0
109	34	419.6698	159.2195	0
109	35	-80.98315	293.5634	0
109	36	403.8173	179.0488	0
109	37	523.9643	161.4756	0
109	38	310.5795	259.4998	0
109	39	739.9595	144.7136	0
109	40	873.3742	153.4578	0
109	41	473.3609	175.0942	0
109	42	425.0637	186.7889	0
109	43	541.02	170.8909	0
110	1	480.0723	162.8648	0
110	2	812.8344	164.5913	0
110	3	476.108	156.2814	0
110	4	574.2405	146.1059	0
110	5	210.7235	214.1195	0
110	6	634.1709	192.7847	0
110	7	469.4069	184.7888	0
110	8	460.3187	217.2844	0
110	9	846.1888	163.4615	0
110	10	314.7555	197.0625	0
110	11	837.9493	134.6868	0
110	12	762.4208	135.9519	0
110	13	521.2666	146.5561	0
110	14	765.8369	159.7588	0
110	15	793.8223	147.3075	0
110	16	611.1285	168.1943	0
110	17	710.1044	153.6599	0
110	18	769.4221	148.887	0
110	19	357.1194	210.8156	0
110	20	547.5389	197.0854	0
110	21	-9.798754	213.8008	0
110	22	72.72168	229.4043	0
110	23	584.2088	161.1288	0
110	24	779.9594	142.5545	0
110	25	403.2616	221.1375	0
110	26	746.3669	171.4555	0
110	27	816.5137	180.2284	0
110	28	92.19668	182.2314	0
110	29	747.5026	132.1843	0
110	30	710.9299	133.6445	0
110	31	259.1569	237.5091	0
110	32	802.1357	125.9365	0
110	33	825.575	140.516	0
110	34	419.6698	159.2195	0
110	35	-80.98315	293.5634	0
110	36	403.8173	179.0488	0
110	37	523.9643	161.4756	0
110	38	310.5795	259.4998	0
110	39	739.9595	144.7136	0
110	40	873.3742	153.4578	0
110	41	473.3609	175.0942	0
110	42	425.0637	186.7889	0
110	43	541.02	170.8909	0
111	1	480.0723	162.8648	0
111	2	812.8344	164.5913	0
111	3	476.108	156.2814	0
111	4	574.2405	146.1059	0
111	5	210.7235	214.1195	0
111	6	634.1709	192.7847	0
111	7	469.4069	184.7888	0
111	8	460.3187	217.2844	0
111	9	846.1888	163.4615	0
111	10	314.7555	197.0625	0
111	11	837.9493	134.6868	0
111	12	762.4208	135.9519	0
111	13	521.2666	146.5561	0
111	14	765.8369	159.7588	0
111	15	793.8223	147.3075	0
111	16	611.1285	168.1943	0
111	17	710.1044	153.6599	0
111	18	769.4221	148.887	0
111	19	357.1194	210.8156	0
111	20	547.5389	197.0854	0
111	21	-9.798754	213.8008	0
111	22	72.72168	229.4043	0
111	23	584.2088	161.1288	0
111	24	779.9594	142.5545	0
111	25	403.2616	221.1375	0
111	26	746.3669	171.4555	0
111	27	816.5137	180.2284	0
111	28	92.19668	182.2314	0
111	29	747.5026	132.1843	0
111	30	710.9299	133.6445	0
111	31	259.1569	237.5091	0
111	32	802.1357	125.9365	0
111	33	825.575	140.516	0
111	34	419.6698	159.2195	0
111	35	-80.98315	293.5634	0
111	36	403.8173	179.0488	0
111	37	523.9643	161.4756	0
111	38	310.5795	259.4998	0
111	39	739.9595	144.7136	0
111	40	873.3742	153.4578	0
111	41	473.3609	175.0942	0
111	42	425.0637	186.7889	0
111	43	541.02	170.8909	0
112	1	480.0723	162.8648	0
112	2	812.8344	164.5913	0
112	3	476.108	156.2814	0
112	4	574.2405	146.1059	0
112	5	210.7235	214.1195	0
112	6	634.1709	192.7847	0
112	7	469.4069	184.7888	0
112	8	460.3187	217.2844	0
112	9	846.1888	163.4615	0
112	10	314.7555	197.0625	0
112	11	837.9493	134.6868	0
112	12	762.4208	135.9519	0
112	13	521.2666	146.5561	0
112	14	765.8369	159.7588	0
112	15	793.8223	147.3075	0
112	16	611.1285	168.1943	0
112	17	710.1044	153.6599	0
112	18	769.4221	148.887	0
112	19	357.1194	210.8156	0
112	20	547.5389	197.0854	0
112	21	-9.798754	213.8008	0
112	22	72.72168	229.4043	0
112	23	584.2088	161.1288	0
112	24	779.9594	142.5545	0
112	25	403.2616	221.1375	0
112	26	746.3669	171.4555	0
112	27	816.5137	180.2284	0
112	28	92.19668	182.2314	0
112	29	747.5026	132.1843	0
112	30	710.9299	133.6445	0
112	31	259.1569	237.5091	0
112	32	802.1357	125.9365	0
112	33	825.575	140.516	0
112	34	419.6698	159.2195	0
112	35	-80.98315	293.5634	0
112	36	403.8173	179.0488	0
112	37	523.9643	161.4756	0
112	38	310.5795	259.4998	0
112	39	739.9595	144.7136	0
112	40	873.3742	153.4578	0
112	41	473.3609	175.0942	0
112	42	425.0637	186.7889	0
112	43	541.02	170.8909	0
113	1	480.0723	162.8648	0
113	2	812.8344	164.5913	0
113	3	476.108	156.2814	0
113	4	574.2405	146.1059	0
113	5	210.7235	214.1195	0
113	6	634.1709	192.7847	0
113	7	469.4069	184.7888	0
113	8	460.3187	217.2844	0
113	9	846.1888	163.4615	0
113	10	314.7555	197.0625	0
113	11	837.9493	134.6868	0
113	12	762.4208	135.9519	0
113	13	521.2666	146.5561	0
113	14	765.8369	159.7588	0
113	15	793.8223	147.3075	0
113	16	611.1285	168.1943	0
113	17	710.1044	153.6599	0
113	18	769.4221	148.887	0
113	19	357.1194	210.8156	0
113	20	547.5389	197.0854	0
113	21	-9.798754	213.8008	0
113	22	72.72168	229.4043	0
113	23	584.2088	161.1288	0
113	24	779.9594	142.5545	0
113	25	403.2616	221.1375	0
113	26	746.3669	171.4555	0
113	27	816.5137	180.2284	0
113	28	92.19668	182.2314	0
113	29	747.5026	132.1843	0
113	30	710.9299	133.6445	0
113	31	259.1569	237.5091	0
113	32	802.1357	125.9365	0
113	33	825.575	140.516	0
113	34	419.6698	159.2195	0
113	35	-80.98315	293.5634	0
113	36	403.8173	179.0488	0
113	37	523.9643	161.4756	0
113	38	310.5795	259.4998	0
113	39	739.9595	144.7136	0
113	40	873.3742	153.4578	0
113	41	473.3609	175.0942	0
113	42	425.0637	186.7889	0
113	43	541.02	170.8909	0
114	1	480.0723	162.8648	0
114	2	812.8344	164.5913	0
114	3	476.108	156.2814	0
114	4	574.2405	146.1059	0
114	5	210.7235	214.1195	0
114	6	634.1709	192.7847	0
114	7	469.4069	184.7888	0
114	8	460.3187	217.2844	0
114	9	846.1888	163.4615	0
114	10	314.7555	197.0625	0
114	11	837.9493	134.6868	0
114	12	762.4208	135.9519	0
114	13	521.2666	146.5561	0
114	14	765.8369	159.7588	0
114	15	793.8223	147.3075	0
114	16	611.1285	168.1943	0
114	17	710.1044	153.6599	0
114	18	769.4221	148.887	0
114	19	357.1194	210.8156	0
114	20	547.5389	197.0854	0
114	21	-9.798754	213.8008	0
114	22	72.72168	229.4043	0
114	23	584.2088	161.1288	0
114	24	779.9594	142.5545	0
114	25	403.2616	221.1375	0
114	26	746.3669	171.4555	0
114	27	816.5137	180.2284	0
114	28	92.19668	182.2314	0
114	29	747.5026	132.1843	0
114	30	710.9299	133.6445	0
114	31	259.1569	237.5091	0
114	32	802.1357	125.9365	0
114	33	825.575	140.516	0
114	34	419.6698	159.2195	0
114	35	-80.98315	293.5634	0
114	36	403.8173	179.0488	0
114	37	523.9643	161.4756	0
114	38	310.5795	259.4998	0
114	39	739.9595	144.7136	0
114	40	873.3742	153.4578	0
114	41	473.3609	175.0942	0
114	42	425.0637	186.7889	0
114	43	541.02	170.8909	0
115	1	480.0723	162.8648	0
115	2	812.8344	164.5913	0
115	3	476.108	156.2814	0
115	4	574.2405	146.1059	0
115	5	210.7235	214.1195	0
115	6	634.1709	192.7847	0
115	7	469.4069	184.7888	0
115	8	460.3187	217.2844	0
115	9	846.1888	163.4615	0
115	10	314.7555	197.0625	0
115	11	837.9493	134.6868	0
115	12	762.4208	135.9519	0
115	13	521.2666	146.5561	0
115	14	765.8369	159.7588	0
115	15	793.8223	147.3075	0
115	16	611.1285	168.1943	0
115	17	710.1044	153.6599	0
115	18	769.4221	148.887	0
115	19	357.1194	210.8156	0
115	20	547.5389	197.0854	0
115	21	-9.798754	213.8008	0
115	22	72.72168	229.4043	0
115	23	584.2088	161.1288	0
115	24	779.9594	142.5545	0
115	25	403.2616	221.1375	0
115	26	746.3669	171.4555	0
115	27	816.5137	180.2284	0
115	28	92.19668	182.2314	0
115	29	747.5026	132.1843	0
115	30	710.9299	133.6445	0
115	31	259.1569	237.5091	0
115	32	802.1357	125.9365	0
115	33	825.575	140.516	0
115	34	419.6698	159.2195	0
115	35	-80.98315	293.5634	0
115	36	403.8173	179.0488	0
115	37	523.9643	161.4756	0
115	38	310.5795	259.4998	0
115	39	739.9595	144.7136	0
115	40	873.3742	153.4578	0
115	41	473.3609	175.0942	0
115	42	425.0637	186.7889	0
115	43	541.02	170.8909	0
116	1	480.0723	162.8648	0
116	2	812.8344	164.5913	0
116	3	476.108	156.2814	0
116	4	574.2405	146.1059	0
116	5	210.7235	214.1195	0
116	6	634.1709	192.7847	0
116	7	469.4069	184.7888	0
116	8	460.3187	217.2844	0
116	9	846.1888	163.4615	0
116	10	314.7555	197.0625	0
116	11	837.9493	134.6868	0
116	12	762.4208	135.9519	0
116	13	521.2666	146.5561	0
116	14	765.8369	159.7588	0
116	15	793.8223	147.3075	0
116	16	611.1285	168.1943	0
116	17	710.1044	153.6599	0
116	18	769.4221	148.887	0
116	19	357.1194	210.8156	0
116	20	547.5389	197.0854	0
116	21	-9.798754	213.8008	0
116	22	72.72168	229.4043	0
116	23	584.2088	161.1288	0
116	24	779.9594	142.5545	0
116	25	403.2616	221.1375	0
116	26	746.3669	171.4555	0
116	27	816.5137	180.2284	0
116	28	92.19668	182.2314	0
116	29	747.5026	132.1843	0
116	30	710.9299	133.6445	0
116	31	259.1569	237.5091	0
116	32	802.1357	125.9365	0
116	33	825.575	140.516	0
116	34	419.6698	159.2195	0
116	35	-80.98315	293.5634	0
116	36	403.8173	179.0488	0
116	37	523.9643	161.4756	0
116	38	310.5795	259.4998	0
116	39	739.9595	144.7136	0
116	40	873.3742	153.4578	0
116	41	473.3609	175.0942	0
116	42	425.0637	186.7889	0
116	43	541.02	170.8909	0
117	1	480.0723	162.8648	0
117	2	812.8344	164.5913	0
117	3	476.108	156.2814	0
117	4	574.2405	146.1059	0
117	5	210.7235	214.1195	0
117	6	634.1709	192.7847	0
117	7	469.4069	184.7888	0
117	8	460.3187	217.2844	0
117	9	846.1888	163.4615	0
117	10	314.7555	197.0625	0
117	11	837.9493	134.6868	0
117	12	762.4208	135.9519	0
117	13	521.2666	146.5561	0
117	14	765.8369	159.7588	0
117	15	793.8223	147.3075	0
117	16	611.1285	168.1943	0
117	17	710.1044	153.6599	0
117	18	769.4221	148.887	0
117	19	357.1194	210.8156	0
117	20	547.5389	197.0854	0
117	21	-9.798754	213.8008	0
117	22	72.72168	229.4043	0
117	23	584.2088	161.1288	0
117	24	779.9594	142.5545	0
117	25	403.2616	221.1375	0
117	26	746.3669	171.4555	0
117	27	816.5137	180.2284	0
117	28	92.19668	182.2314	0
117	29	747.5026	132.1843	0
117	30	710.9299	133.6445	0
117	31	259.1569	237.5091	0
117	32	802.1357	125.9365	0
117	33	825.575	140.516	0
117	34	419.6698	159.2195	0
117	35	-80.98315	293.5634	0
117	36	403.8173	179.0488	0
117	37	523.9643	161.4756	0
117	38	310.5795	259.4998	0
117	39	739.9595	144.7136	0
117	40	873.3742	153.4578	0
117	41	473.3609	175.0942	0
117	42	425.0637	186.7889	0
117	43	541.02	170.8909	0
118	1	480.0723	162.8648	0
118	2	812.8344	164.5913	0
118	3	476.108	156.2814	0
118	4	574.2405	146.1059	0
118	5	210.7235	214.1195	0
118	6	634.1709	192.7847	0
118	7	469.4069	184.7888	0
118	8	460.3187	217.2844	0
118	9	846.1888	163.4615	0
118	10	314.7555	197.0625	0
118	11	837.9493	134.6868	0
118	12	762.4208	135.9519	0
118	13	521.2666	146.5561	0
118	14	765.8369	159.7588	0
118	15	793.8223	147.3075	0
118	16	611.1285	168.1943	0
118	17	710.1044	153.6599	0
118	18	769.4221	148.887	0
118	19	357.1194	210.8156	0
118	20	547.5389	197.0854	0
118	21	-9.798754	213.8008	0
118	22	72.72168	229.4043	0
118	23	584.2088	161.1288	0
118	24	779.9594	142.5545	0
118	25	403.2616	221.1375	0
118	26	746.3669	171.4555	0
118	27	816.5137	180.2284	0
118	28	92.19668	182.2314	0
118	29	747.5026	132.1843	0
118	30	710.9299	133.6445	0
118	31	259.1569	237.5091	0
118	32	802.1357	125.9365	0
118	33	825.575	140.516	0
118	34	419.6698	159.2195	0
118	35	-80.98315	293.5634	0
118	36	403.8173	179.0488	0
118	37	523.9643	161.4756	0
118	38	310.5795	259.4998	0
118	39	739.9595	144.7136	0
118	40	873.3742	153.4578	0
118	41	473.3609	175.0942	0
118	42	425.0637	186.7889	0
118	43	541.02	170.8909	0
119	1	480.0723	162.8648	0
119	2	812.8344	164.5913	0
119	3	476.108	156.2814	0
119	4	574.2405	146.1059	0
119	5	210.7235	214.1195	0
119	6	634.1709	192.7847	0
119	7	469.4069	184.7888	0
119	8	460.3187	217.2844	0
119	9	846.1888	163.4615	0
119	10	314.7555	197.0625	0
119	11	837.9493	134.6868	0
119	12	762.4208	135.9519	0
119	13	521.2666	146.5561	0
119	14	765.8369	159.7588	0
119	15	793.8223	147.3075	0
119	16	611.1285	168.1943	0
119	17	710.1044	153.6599	0
119	18	769.4221	148.887	0
119	19	357.1194	210.8156	0
119	20	547.5389	197.0854	0
119	21	-9.798754	213.8008	0
119	22	72.72168	229.4043	0
119	23	584.2088	161.1288	0
119	24	779.9594	142.5545	0
119	25	403.2616	221.1375	0
119	26	746.3669	171.4555	0
119	27	816.5137	180.2284	0
119	28	92.19668	182.2314	0
119	29	747.5026	132.1843	0
119	30	710.9299	133.6445	0
119	31	259.1569	237.5091	0
119	32	802.1357	125.9365	0
119	33	825.575	140.516	0
119	34	419.6698	159.2195	0
119	35	-80.98315	293.5634	0
119	36	403.8173	179.0488	0
119	37	523.9643	161.4756	0
119	38	310.5795	259.4998	0
119	39	739.9595	144.7136	0
119	40	873.3742	153.4578	0
119	41	473.3609	175.0942	0
119	42	425.0637	186.7889	0
119	43	541.02	170.8909	0
120	1	480.0723	162.8648	0
120	2	812.8344	164.5913	0
120	3	476.108	156.2814	0
120	4	574.2405	146.1059	0
120	5	210.7235	214.1195	0
120	6	634.1709	192.7847	0
120	7	469.4069	184.7888	0
120	8	460.3187	217.2844	0
120	9	846.1888	163.4615	0
120	10	314.7555	197.0625	0
120	11	837.9493	134.6868	0
120	12	762.4208	135.9519	0
120	13	521.2666	146.5561	0
120	14	765.8369	159.7588	0
120	15	793.8223	147.3075	0
120	16	611.1285	168.1943	0
120	17	710.1044	153.6599	0
120	18	769.4221	148.887	0
120	19	357.1194	210.8156	0
120	20	547.5389	197.0854	0
120	21	-9.798754	213.8008	0
120	22	72.72168	229.4043	0
120	23	584.2088	161.1288	0
120	24	779.9594	142.5545	0
120	25	403.2616	221.1375	0
120	26	746.3669	171.4555	0
120	27	816.5137	180.2284	0
120	28	92.19668	182.2314	0
120	29	747.5026	132.1843	0
120	30	710.9299	133.6445	0
120	31	259.1569	237.5091	0
120	32	802.1357	125.9365	0
120	33	825.575	140.516	0
120	34	419.6698	159.2195	0
120	35	-80.98315	293.5634	0
120	36	403.8173	179.0488	0
120	37	523.9643	161.4756	0
120	38	310.5795	259.4998	0
120	39	739.9595	144.7136	0
120	40	873.3742	153.4578	0
120	41	473.3609	175.0942	0
120	42	425.0637	186.7889	0
120	43	541.02	170.8909	0
