17	1	400.7229	368.6841	0
18	1	400.7127	368.6758	0
18	2	414.1746	86.93146	0
19	1	400.7015	368.6673	0
19	2	414.1796	86.93124	0
19	3	371.1686	371.9679	0
20	1	400.6909	368.6586	0
20	2	414.1861	86.9313	0
20	3	371.1694	371.9571	0
20	4	322.1857	271.1752	0
21	1	400.6794	368.6475	0
21	2	414.1952	86.93182	0
21	3	371.1692	371.9465	0
21	4	322.1412	271.1838	0
21	5	537.7459	531.6802	0
22	1	400.6662	368.6351	0
22	2	414.2064	86.93283	0
22	3	371.1612	371.9371	0
22	4	322.0977	271.1953	0
22	5	537.7612	531.6802	0
22	6	494.8758	266.2367	0
23	1	400.6578	368.6246	0
23	2	414.2181	86.93298	0
23	3	371.1491	371.9281	0
23	4	322.0557	271.209	0
23	5	537.7731	531.6779	0
23	6	494.8637	266.2256	0
23	7	473.7545	377.312	0
24	1	400.6535	368.6161	0
24	2	414.2272	86.931	0
24	3	371.1376	371.9188	0
24	4	322.0188	271.2239	0
24	5	537.7825	531.6723	0
24	6	494.8512	266.2138	0
24	7	473.8011	377.3352	0
24	8	546.7449	384.4426	0
25	1	400.658	368.6132	0
25	2	414.234	86.92603	0
25	3	371.1269	371.9082	0
25	4	321.9838	271.2421	0
25	5	537.7883	531.6635	0
25	6	494.8434	266.2039	0
25	7	473.8245	377.3508	0
25	8	546.735	384.431	0
25	9	408.6476	54.10754	0
26	1	400.6755	368.6158	0
26	2	414.2383	86.9194	0
26	3	371.1129	371.8956	0
26	4	321.951	271.266	0
26	5	537.794	531.6554	0
26	6	494.84	266.1968	0
26	7	473.8213	377.3602	0
26	8	546.7296	384.4213	0
26	9	408.5987	54.08441	0
27	1	400.7077	368.6249	0
27	2	414.2426	86.91354	0
27	3	371.1026	371.8841	0
27	4	321.9216	271.2914	0
27	5	537.7997	531.6483	0
27	6	494.8465	266.1953	0
27	7	473.8169	377.3336	0
27	8	546.7338	384.4178	0
27	9	408.5495	54.07108	0
27	10	499.6268	477.894	0
28	1	400.7526	368.6355	0
28	2	414.2465	86.9079	0
28	3	371.0969	371.8732	0
28	4	321.898	271.3143	0
28	5	537.8058	531.6422	0
28	6	494.866	266.199	0
28	7	473.8054	377.3007	0
28	8	546.7525	384.4205	0
28	9	408.5002	54.05829	0
28	10	499.6143	477.8821	0
28	11	256.9987	-56.12439	0
29	1	400.8098	368.6451	0
29	2	414.2506	86.90228	0
29	3	371.0976	371.8671	0
29	4	321.8827	271.3334	0
29	5	537.8126	531.636	0
29	6	494.8999	266.2089	0
29	7	473.7852	377.2701	0
29	8	546.7874	384.4305	0
29	9	408.4529	54.05499	0
29	10	499.6063	477.8721	0
29	11	257.0136	-56.1239	0
29	12	261.6348	41.03568	0
30	1	400.8747	368.6529	0
30	2	414.255	86.89597	0
30	3	371.1109	371.868	0
30	4	321.874	271.3462	0
30	5	537.8193	531.6289	0
30	6	494.9461	266.2193	0
30	7	473.7556	377.2422	0
30	8	546.8363	384.4421	0
30	9	408.4052	54.06113	0
30	10	499.6022	477.8639	0
30	11	257.0257	-56.12561	0
30	12	261.638	41.03708	0
30	13	323.7747	323.8351	0
31	1	400.9493	368.6612	0
31	2	414.2595	86.88904	0
31	3	371.1388	371.8749	0
31	4	321.8722	271.3519	0
31	5	537.8235	531.6188	0
31	6	495.0038	266.2287	0
31	7	473.7194	377.2174	0
31	8	546.8987	384.4526	0
31	9	408.3596	54.07065	0
31	10	499.6066	477.8611	0
31	11	257.0349	-56.13104	0
31	12	261.6439	41.03705	0
31	13	323.7399	323.8076	0
31	14	393.3921	116.2342	0
32	1	401.0296	368.6729	0
32	2	414.2618	86.8804	0
32	3	371.1811	371.8857	0
32	4	321.8756	271.3525	0
32	5	537.8246	531.6064	0
32	6	495.0694	266.2361	0
32	7	473.6786	377.1974	0
32	8	546.9706	384.4614	0
32	9	408.3148	54.07797	0
32	10	499.6232	477.8636	0
32	11	257.041	-56.13922	0
32	12	261.6513	41.0372	0
32	13	323.698	323.7842	0
32	14	393.3629	116.2546	0
32	15	338.4904	53.26282	0
33	1	401.1126	368.6886	0
33	2	414.2625	86.87033	0
33	3	371.2367	371.8961	0
33	4	321.881	271.3521	0
33	5	537.8259	531.5941	0
33	6	495.1441	266.2449	0
33	7	473.6376	377.1848	0
33	8	547.0526	384.4704	0
33	9	408.2708	54.08804	0
33	10	499.6535	477.8721	0
33	11	257.0467	-56.14661	0
33	12	261.6618	41.03751	0
33	13	323.6559	323.7675	0
33	14	393.3365	116.277	0
33	15	338.4534	53.27344	0
33	16	423.3556	259.3985	0
34	1	401.1958	368.7098	0
34	2	414.2627	86.86063	0
34	3	371.3009	371.9059	0
34	4	321.8879	271.3518	0
34	5	537.8256	531.5819	0
34	6	495.2232	266.2574	0
34	7	473.5964	377.1732	0
34	8	547.1407	384.4832	0
34	9	408.2275	54.1011	0
34	10	499.6955	477.8817	0
34	11	257.0518	-56.15387	0
34	12	261.6744	41.03888	0
34	13	323.6115	323.7551	0
34	14	393.3148	116.2972	0
34	15	338.4201	53.28577	0
34	16	423.4384	259.4327	0
34	17	363.5284	149.7049	0
35	1	401.2703	368.7376	0
35	2	414.2618	86.85168	0
35	3	371.3741	371.9146	0
35	4	321.8976	271.3519	0
35	5	537.8157	531.5714	0
35	6	495.3048	266.2742	0
35	7	473.5572	377.1702	0
35	8	547.2315	384.5002	0
35	9	408.1892	54.11578	0
35	10	499.7489	477.8904	0
35	11	257.057	-56.16071	0
35	12	261.6888	41.03943	0
35	13	323.57	323.7475	0
35	14	393.3007	116.3143	0
35	15	338.3894	53.29987	0
35	16	423.4912	259.4613	0
35	17	363.5162	149.6932	0
35	18	341.0558	76.47672	0
36	1	401.3242	368.7652	0
36	2	414.2533	86.84363	0
36	3	371.4561	371.9257	0
36	4	321.9094	271.3531	0
36	5	537.8018	531.5612	0
36	6	495.3853	266.2966	0
36	7	473.5177	377.1765	0
36	8	547.3228	384.5233	0
36	9	408.1534	54.13312	0
36	10	499.8098	477.8977	0
36	11	257.0624	-56.16827	0
36	12	261.7002	41.03781	0
36	13	323.5277	323.7506	0
36	14	393.2924	116.3259	0
36	15	338.3605	53.31827	0
36	16	423.5091	259.4783	0
36	17	363.4999	149.6794	0
36	18	341.0398	76.46231	0
37	1	401.3508	368.7831	0
37	2	414.2425	86.8356	0
37	3	371.5415	371.9403	0
37	4	321.9222	271.3534	0
37	5	537.7884	531.5507	0
37	6	495.4562	266.3242	0
37	7	473.4803	377.1863	0
37	8	547.4058	384.5538	0
37	9	408.1198	54.15591	0
37	10	499.8795	477.9054	0
37	11	257.0681	-56.17627	0
37	12	261.7088	41.03278	0
37	13	323.4862	323.7604	0
37	14	393.2901	116.3318	0
37	15	338.3339	53.34	0
37	16	423.4991	259.4756	0
37	17	363.4881	149.6674	0
37	18	341.0241	76.44766	0
37	19	531.2269	445.009	0
38	1	401.3465	368.793	0
38	2	414.2322	86.82742	0
38	3	371.6294	371.9601	0
38	4	321.9321	271.3515	0
38	5	537.7758	531.5383	0
38	6	495.5053	266.3494	0
38	7	473.4433	377.1938	0
38	8	547.4676	384.5846	0
38	9	408.0892	54.1814	0
38	10	499.9542	477.9161	0
38	11	257.0727	-56.18622	0
38	12	261.7142	41.02487	0
38	13	323.4463	323.7686	0
38	14	393.2926	116.3328	0
38	15	338.311	53.35995	0
38	16	423.4908	259.429	0
38	17	363.4812	149.656	0
38	18	341.0147	76.4353	0
38	19	531.1876	445.0249	0
38	20	506.5598	324.7891	0
39	1	401.3423	368.7593	0
39	2	414.2222	86.81772	0
39	3	371.7117	371.9867	0
39	4	321.9395	271.3468	0
39	5	537.7587	531.5234	0
39	6	495.5268	266.3644	0
39	7	473.407	377.2034	0
39	8	547.4988	384.6049	0
39	9	408.0639	54.20456	0
39	10	500.0311	477.9303	0
39	11	257.0735	-56.19794	0
39	12	261.7195	41.01788	0
39	13	323.4064	323.7775	0
39	14	393.2973	116.3326	0
39	15	338.2956	53.37735	0
39	16	423.4699	259.3831	0
39	17	363.4819	149.6504	0
39	18	341.0114	76.42712	0
39	19	531.1506	445.0443	0
39	20	506.5181	324.8055	0
39	21	534.9523	663.1309	0
40	1	401.3291	368.7205	0
40	2	414.2095	86.80673	0
40	3	371.7777	372.0165	0
40	4	321.9443	271.3395	0
40	5	537.7463	531.5099	0
40	6	495.5199	266.3701	0
40	7	473.3711	377.2148	0
40	8	547.4955	384.6159	0
40	9	408.0473	54.22418	0
40	10	500.1082	477.9498	0
40	11	257.0751	-56.21008	0
40	12	261.7242	41.01111	0
40	13	323.3677	323.7887	0
40	14	393.3031	116.3326	0
40	15	338.2859	53.38998	0
40	16	423.435	259.3415	0
40	17	363.4972	149.6521	0
40	18	341.0214	76.4263	0
40	19	531.1161	445.0697	0
40	20	506.4788	324.8248	0
40	21	534.9537	663.1185	0
40	22	562.8831	596.1905	0
41	1	401.3051	368.685	0
41	2	414.2011	86.79742	0
41	3	371.8162	372.0398	0
41	4	321.949	271.3331	0
41	5	537.739	531.497	0
41	6	495.5155	266.3324	0
41	7	473.3392	377.2272	0
41	8	547.4903	384.5803	0
41	9	408.0372	54.23788	0
41	10	500.1774	477.976	0
41	11	257.0757	-56.22107	0
41	12	261.7286	41.00443	0
41	13	323.3318	323.8015	0
41	14	393.3114	116.3328	0
41	15	338.2823	53.39706	0
41	16	423.389	259.3038	0
41	17	363.5292	149.6606	0
41	18	341.0486	76.43182	0
41	19	531.0851	445.0974	0
41	20	506.442	324.8506	0
41	21	534.9532	663.1061	0
41	22	562.8892	596.1829	0
41	23	393.6433	275.0856	0
42	1	401.2701	368.6528	0
42	2	414.1966	86.78912	0
42	3	371.8239	372.053	0
42	4	321.9532	271.327	0
42	5	537.7393	531.4901	0
42	6	495.5002	266.295	0
42	7	473.3094	377.2419	0
42	8	547.4753	384.5375	0
42	9	408.0342	54.24509	0
42	10	500.2275	478.0024	0
42	11	257.0691	-56.2309	0
42	12	261.7333	40.99707	0
42	13	323.2996	323.8157	0
42	14	393.3215	116.3339	0
42	15	338.2836	53.3989	0
42	16	423.3335	259.2712	0
42	17	363.5774	149.6738	0
42	18	341.0947	76.44556	0
42	19	531.0602	445.1226	0
42	20	506.4089	324.8792	0
42	21	534.9465	663.0947	0
42	22	562.8958	596.1766	0
42	23	393.6487	275.0794	0
42	24	307.7334	45.26285	0
43	1	401.2268	368.6243	0
43	2	414.1989	86.78561	0
43	3	371.8161	372.0392	0
43	4	321.9574	271.3214	0
43	5	537.7551	531.4913	0
43	6	495.4741	266.2611	0
43	7	473.2816	377.2611	0
43	8	547.4486	384.498	0
43	9	408.0366	54.24658	0
43	10	500.2519	478.0193	0
43	11	257.0562	-56.24005	0
43	12	261.7383	40.98901	0
43	13	323.2691	323.8336	0
43	14	393.3331	116.3343	0
43	15	338.288	53.39893	0
43	16	423.2758	259.2468	0
43	17	363.6407	149.6859	0
43	18	341.157	76.45978	0
43	19	531.0444	445.1439	0
43	20	506.3815	324.905	0
43	21	534.9329	663.0844	0
43	22	562.9031	596.1703	0
43	23	393.6528	275.0712	0
43	24	307.6909	45.28168	0
43	25	553.204	415.3384	0
44	1	401.1779	368.6017	0
44	2	414.2132	86.78766	0
44	3	371.8066	371.9989	0
44	4	321.9618	271.3152	0
44	5	537.788	531.4997	0
44	6	495.4379	266.2305	0
44	7	473.2562	377.283	0
44	8	547.4095	384.4623	0
44	9	408.0418	54.24652	0
44	10	500.2472	478.0287	0
44	11	257.0435	-56.24951	0
44	12	261.7419	40.97913	0
44	13	323.2406	323.8564	0
44	14	393.3422	116.3329	0
44	15	338.2933	53.39896	0
44	16	423.2158	259.2308	0
44	17	363.7151	149.6961	0
44	18	341.234	76.47238	0
44	19	531.0352	445.1584	0
44	20	506.3638	324.9272	0
44	21	534.9195	663.0735	0
44	22	562.9103	596.1627	0
44	23	393.6535	275.061	0
44	24	307.651	45.30582	0
44	25	553.1466	415.3464	0
44	26	437.1308	156.4939	0
45	1	401.129	368.5879	0
45	2	414.241	86.79538	0
45	3	371.7866	371.9598	0
45	4	321.9664	271.3082	0
45	5	537.8369	531.5121	0
45	6	495.3936	266.2036	0
45	7	473.2351	377.3033	0
45	8	547.3616	384.4306	0
45	9	408.0483	54.24658	0
45	10	500.2433	477.9955	0
45	11	257.032	-56.26001	0
45	12	261.7421	40.96741	0
45	13	323.2154	323.8786	0
45	14	393.3492	116.3288	0
45	15	338.3008	53.39908	0
45	16	423.1589	259.2181	0
45	17	363.8002	149.7053	0
45	18	341.3212	76.48196	0
45	19	531.0329	445.1651	0
45	20	506.353	324.9425	0
45	21	534.9072	663.0618	0
45	22	562.9144	596.1517	0
45	23	393.655	275.0506	0
45	24	307.6136	45.33554	0
45	25	553.0917	415.3621	0
45	26	437.0886	156.5031	0
45	27	465.437	122.6735	0
46	1	401.0815	368.5746	0
46	2	414.2812	86.80579	0
46	3	371.7541	371.9244	0
46	4	321.9692	271.2993	0
46	5	537.9009	531.5233	0
46	6	495.3452	266.1828	0
46	7	473.2213	377.3207	0
46	8	547.3072	384.4053	0
46	9	408.0575	54.24686	0
46	10	500.2303	477.959	0
46	11	257.017	-56.27277	0
46	12	261.7429	40.95572	0
46	13	323.1974	323.8984	0
46	14	393.3535	116.3224	0
46	15	338.3102	53.40005	0
46	16	423.1022	259.2196	0
46	17	363.8947	149.7185	0
46	18	341.4207	76.49426	0
46	19	531.0359	445.1656	0
46	20	506.3496	324.9498	0
46	21	534.8916	663.0472	0
46	22	562.9157	596.1384	0
46	23	393.6553	275.0407	0
46	24	307.5811	45.36343	0
46	25	553.0381	415.3738	0
46	26	437.0475	156.5149	0
46	27	465.4413	122.6674	0
47	1	401.0358	368.5723	0
47	2	414.3333	86.81561	0
47	3	371.7132	371.8925	0
47	4	321.9696	271.2887	0
47	5	537.9766	531.5336	0
47	6	495.2965	266.1704	0
47	7	473.2129	377.3331	0
47	8	547.2524	384.3898	0
47	9	408.069	54.24808	0
47	10	500.2073	477.9257	0
47	11	257.0046	-56.28442	0
47	12	261.7429	40.94489	0
47	13	323.1856	323.9138	0
47	14	393.3577	116.3167	0
47	15	338.3214	53.4006	0
47	16	423.0463	259.2312	0
47	17	363.9926	149.7363	0
47	18	341.526	76.51196	0
47	19	531.0414	445.1648	0
47	20	506.3519	324.9504	0
47	21	534.8779	663.0322	0
47	22	562.9168	596.1252	0
47	23	393.6491	275.0318	0
47	24	307.5585	45.38809	0
47	25	552.9844	415.3877	0
47	26	437.0096	156.5289	0
47	27	465.4453	122.6618	0
47	28	460.8166	655.8557	0
48	1	400.9897	368.5804	0
48	2	414.392	86.82391	0
48	3	371.6644	371.8656	0
48	4	321.9701	271.2783	0
48	5	538.0627	531.5428	0
48	6	495.2502	266.1587	0
48	7	473.2102	377.3394	0
48	8	547.1993	384.375	0
48	9	408.0823	54.24863	0
48	10	500.174	477.8955	0
48	11	256.9973	-56.29498	0
48	12	261.7349	40.93509	0
48	13	323.1802	323.9232	0
48	14	393.3614	116.3113	0
48	15	338.3308	53.39981	0
48	16	422.9929	259.2426	0
48	17	364.0932	149.7604	0
48	18	341.6349	76.53601	0
48	19	531.0482	445.1642	0
48	20	506.357	324.9493	0
48	21	534.8698	663.0187	0
48	22	562.916	596.1122	0
48	23	393.6377	275.0235	0
48	24	307.5439	45.40643	0
48	25	552.9313	415.4043	0
48	26	436.9751	156.5441	0
48	27	465.4489	122.6566	0
48	28	460.9073	655.8688	0
48	29	231.9943	40.75519	0
49	1	400.9457	368.5923	0
49	2	414.4596	86.83188	0
49	3	371.6154	371.8464	0
49	4	321.9697	271.2683	0
49	5	538.1578	531.5549	0
49	6	495.2052	266.1584	0
49	7	473.2119	377.3404	0
49	8	547.1489	384.3719	0
49	9	408.0928	54.24728	0
49	10	500.1331	477.8687	0
49	11	256.9962	-56.30066	0
49	12	261.7221	40.92572	0
49	13	323.1803	323.9261	0
49	14	393.3652	116.3061	0
49	15	338.3382	53.39648	0
49	16	422.9395	259.2536	0
49	17	364.187	149.7914	0
49	18	341.7415	76.56708	0
49	19	531.0582	445.1641	0
49	20	506.3634	324.9484	0
49	21	534.8677	663.0092	0
49	22	562.9048	596.1009	0
49	23	393.6266	275.015	0
49	24	307.5378	45.41724	0
49	25	552.8828	415.4228	0
49	26	436.9424	156.5637	0
49	27	465.4527	122.6515	0
49	28	461.0008	655.8865	0
49	29	231.9991	40.74802	0
49	30	242.1649	92.33673	0
50	1	400.9022	368.6012	0
50	2	414.5341	86.84314	0
50	3	371.5638	371.8319	0
50	4	321.9612	271.2594	0
50	5	538.2559	531.571	0
50	6	495.1605	266.1671	0
50	7	473.2162	377.3399	0
50	8	547.0986	384.3807	0
50	9	408.1011	54.2428	0
50	10	500.0874	477.8477	0
50	11	257.008	-56.29993	0
50	12	261.7098	40.91611	0
50	13	323.1844	323.926	0
50	14	393.3693	116.3003	0
50	15	338.3429	53.39066	0
50	16	422.8876	259.2679	0
50	17	364.2623	149.8241	0
50	18	341.8331	76.60257	0
50	19	531.0704	445.1653	0
50	20	506.3733	324.9479	0
50	21	534.8791	663.0079	0
50	22	562.8899	596.0899	0
50	23	393.6164	275.0056	0
50	24	307.5388	45.42072	0
50	25	552.8384	415.4432	0
50	26	436.9119	156.5882	0
50	27	465.4568	122.6459	0
50	28	461.0916	655.9119	0
50	29	232.0043	40.74036	0
50	30	242.175	92.33237	0
50	31	573.2277	482.1757	0
51	1	400.8593	368.6125	0
51	2	414.6113	86.85834	0
51	3	371.5158	371.8235	0
51	4	321.9496	271.2508	0
51	5	538.3563	531.5933	0
51	6	495.1182	266.1776	0
51	7	473.2214	377.3395	0
51	8	547.051	384.394	0
51	9	408.1063	54.2356	0
51	10	500.0414	477.8346	0
51	11	257.0354	-56.29327	0
51	12	261.6986	40.90527	0
51	13	323.1896	323.9255	0
51	14	393.3736	116.2939	0
51	15	338.347	53.38498	0
51	16	422.8379	259.2848	0
51	17	364.3054	149.8487	0
51	18	341.894	76.63324	0
51	19	531.0842	445.1657	0
51	20	506.3858	324.949	0
51	21	534.9067	663.0137	0
51	22	562.8757	596.0786	0
51	23	393.6029	274.9938	0
51	24	307.5447	45.42093	0
51	25	552.7963	415.4698	0
51	26	436.8854	156.611	0
51	27	465.461	122.6399	0
51	28	461.1695	655.9456	0
51	29	232.0089	40.7309	0
51	30	242.1816	92.32446	0
51	31	573.186	482.1879	0
51	32	186.4965	-56.36774	0
52	1	400.8169	368.6263	0
52	2	414.6899	86.87851	0
52	3	371.4669	371.8277	0
52	4	321.9385	271.2418	0
52	5	538.4503	531.6244	0
52	6	495.0758	266.186	0
52	7	473.2289	377.3393	0
52	8	547.0037	384.4039	0
52	9	408.111	54.22906	0
52	10	499.9969	477.8221	0
52	11	257.079	-56.28033	0
52	12	261.684	40.89252	0
52	13	323.1966	323.9251	0
52	14	393.3766	116.286	0
52	15	338.3506	53.37964	0
52	16	422.794	259.3033	0
52	17	364.3134	149.8615	0
52	18	341.919	76.65118	0
52	19	531.0948	445.1638	0
52	20	506.4004	324.9492	0
52	21	534.9512	663.0251	0
52	22	562.8619	596.0651	0
52	23	393.5919	274.9828	0
52	24	307.5518	45.42081	0
52	25	552.7574	415.5024	0
52	26	436.8669	156.6311	0
52	27	465.4643	122.6324	0
52	28	461.2202	655.9763	0
52	29	232.0095	40.71936	0
52	30	242.1874	92.31653	0
52	31	573.1445	482.202	0
52	32	186.5671	-56.3407	0
52	33	298.6917	-4.312988	0
53	1	400.7796	368.6409	0
53	2	414.7619	86.9035	0
53	3	371.4192	371.8395	0
53	4	321.9282	271.2315	0
53	5	538.5265	531.6605	0
53	6	495.0345	266.1971	0
53	7	473.2383	377.3402	0
53	8	546.9572	384.4165	0
53	9	408.1153	54.22284	0
53	10	499.9545	477.8203	0
53	11	257.1373	-56.26776	0
53	12	261.6732	40.88116	0
53	13	323.2059	323.9257	0
53	14	393.3768	116.2766	0
53	15	338.3543	53.37454	0
53	16	422.7524	259.3263	0
53	17	364.3057	149.8425	0
53	18	341.9091	76.65454	0
53	19	531.1033	445.1594	0
53	20	506.4118	324.9473	0
53	21	535.0107	663.0363	0
53	22	562.8437	596.0488	0
53	23	393.5853	274.9725	0
53	24	307.5617	45.42099	0
53	25	552.7241	415.5327	0
53	26	436.8549	156.6463	0
53	27	465.4646	122.6233	0
53	28	461.239	655.9937	0
53	29	232.0109	40.70737	0
53	30	242.1926	92.30923	0
53	31	573.1079	482.2168	0
53	32	186.6133	-56.31805	0
53	33	298.697	-4.312866	0
53	34	382.5233	421.8304	0
54	1	400.7443	368.658	0
54	2	414.8173	86.92798	0
54	3	371.3733	371.8491	0
54	4	321.9147	271.2194	0
54	5	538.5702	531.6881	0
54	6	494.9936	266.2107	0
54	7	473.2494	377.3407	0
54	8	546.9108	384.4316	0
54	9	408.1197	54.21674	0
54	10	499.912	477.8286	0
54	11	257.2072	-56.25702	0
54	12	261.6672	40.87064	0
54	13	323.2172	323.9266	0
54	14	393.3775	116.2672	0
54	15	338.3581	53.36893	0
54	16	422.7136	259.3561	0
54	17	364.2946	149.7972	0
54	18	341.9031	76.60556	0
54	19	531.1083	445.1516	0
54	20	506.421	324.9423	0
54	21	535.0824	663.0477	0
54	22	562.8307	596.0342	0
54	23	393.584	274.9665	0
54	24	307.5744	45.42227	0
54	25	552.7014	415.5596	0
54	26	436.8497	156.655	0
54	27	465.4653	122.6142	0
54	28	461.2307	655.9921	0
54	29	232.0113	40.6965	0
54	30	242.198	92.3024	0
54	31	573.0732	482.2345	0
54	32	186.6318	-56.30414	0
54	33	298.7046	-4.312561	0
54	34	382.5298	421.8241	0
54	35	638.1342	599.4446	0
55	1	400.7111	368.6808	0
55	2	414.8473	86.94525	0
55	3	371.3274	371.8599	0
55	4	321.9055	271.2088	0
55	5	538.5773	531.7024	0
55	6	494.9575	266.2252	0
55	7	473.2582	377.3396	0
55	8	546.8694	384.4478	0
55	9	408.1244	54.21002	0
55	10	499.8716	477.8404	0
55	11	257.2866	-56.24854	0
55	12	261.6679	40.86505	0
55	13	323.2278	323.9263	0
55	14	393.3773	116.2585	0
55	15	338.3621	53.36279	0
55	16	422.6791	259.3864	0
55	17	364.2713	149.7538	0
55	18	341.8831	76.55728	0
55	19	531.1131	445.1445	0
55	20	506.4265	324.9342	0
55	21	535.1628	663.058	0
55	22	562.823	596.0204	0
55	23	393.5945	274.9667	0
55	24	307.5896	45.42331	0
55	25	552.687	415.5798	0
55	26	436.8498	156.6573	0
55	27	465.4652	122.6057	0
55	28	461.2237	655.9476	0
55	29	232.0051	40.68665	0
55	30	242.2035	92.29541	0
55	31	573.0409	482.2583	0
55	32	186.6229	-56.29968	0
55	33	298.7139	-4.311584	0
55	34	382.5347	421.8166	0
55	35	638.0757	599.4111	0
55	36	454.8344	427.3528	0
56	1	400.6809	368.7064	0
56	2	414.8488	86.95538	0
56	3	371.2828	371.8731	0
56	4	321.9006	271.1989	0
56	5	538.5695	531.6801	0
56	6	494.9233	266.2426	0
56	7	473.2653	377.3364	0
56	8	546.8306	384.4666	0
56	9	408.1292	54.20267	0
56	10	499.8315	477.8492	0
56	11	257.3765	-56.23615	0
56	12	261.6818	40.86633	0
56	13	323.236	323.9239	0
56	14	393.3705	116.2505	0
56	15	338.3657	53.35547	0
56	16	422.653	259.4135	0
56	17	364.2334	149.7149	0
56	18	341.8483	76.51361	0
56	19	531.1175	445.138	0
56	20	506.4318	324.9267	0
56	21	535.254	663.069	0
56	22	562.8243	596.0134	0
56	23	393.6188	274.9724	0
56	24	307.6031	45.42239	0
56	25	552.681	415.5908	0
56	26	436.8539	156.6569	0
56	27	465.4591	122.598	0
56	28	461.2049	655.9036	0
56	29	231.9922	40.67746	0
56	30	242.2091	92.28769	0
56	31	573.0119	482.284	0
56	32	186.6186	-56.33746	0
56	33	298.7248	-4.311035	0
56	34	382.5392	421.81	0
56	35	638.0148	599.3868	0
56	36	454.8362	427.3409	0
57	1	400.6557	368.7297	0
57	2	414.8427	86.93454	0
57	3	371.2415	371.888	0
57	4	321.9024	271.194	0
57	5	538.5569	531.6327	0
57	6	494.8914	266.2659	0
57	7	473.2696	377.3305	0
57	8	546.7943	384.4916	0
57	9	408.133	54.19366	0
57	10	499.792	477.8604	0
57	11	257.4707	-56.21893	0
57	12	261.711	40.87387	0
57	13	323.2415	323.9185	0
57	14	393.3602	116.243	0
57	15	338.366	53.34671	0
57	16	422.6361	259.4355	0
57	17	364.1858	149.6801	0
57	18	341.8006	76.4743	0
57	19	531.1223	445.1323	0
57	20	506.4367	324.9199	0
57	21	535.3497	663.0834	0
57	22	562.8422	596.0149	0
57	23	393.6571	274.9831	0
57	24	307.6136	45.41855	0
57	25	552.6813	415.593	0
57	26	436.8588	156.6562	0
57	27	465.4491	122.5907	0
57	28	461.1731	655.8641	0
57	29	231.9797	40.66809	0
57	30	242.2145	92.27844	0
57	31	572.9886	482.3071	0
57	32	186.6037	-56.37445	0
57	33	298.7337	-4.312073	0
57	34	382.5437	421.8038	0
57	35	637.9526	599.369	0
57	36	454.8363	427.3295	0
57	37	395.7575	328.3093	0
58	1	400.639	368.7498	0
58	2	414.8321	86.89926	0
58	3	371.2043	371.9047	0
58	4	321.9168	271.1956	0
58	5	538.5323	531.5873	0
58	6	494.8629	266.2905	0
58	7	473.2735	377.3247	0
58	8	546.7614	384.52	0
58	9	408.1333	54.18301	0
58	10	499.7528	477.8734	0
58	11	257.5682	-56.19562	0
58	12	261.7558	40.88611	0
58	13	323.2458	323.9121	0
58	14	393.3503	116.2352	0
58	15	338.367	53.33737	0
58	16	422.6275	259.4495	0
58	17	364.1286	149.6508	0
58	18	341.7421	76.43985	0
58	19	531.1276	445.1263	0
58	20	506.442	324.9138	0
58	21	535.4483	663.1026	0
58	22	562.8786	596.0243	0
58	23	393.7081	274.9933	0
58	24	307.6205	45.41089	0
58	25	552.6866	415.5918	0
58	26	436.8662	156.6558	0
58	27	465.4394	122.5831	0
58	28	461.1306	655.8284	0
58	29	231.9684	40.65781	0
58	30	242.2155	92.26703	0
58	31	572.9736	482.3269	0
58	32	186.5773	-56.40851	0
58	33	298.7406	-4.315613	0
58	34	382.5483	421.7982	0
58	35	637.8951	599.3563	0
58	36	454.8304	427.319	0
58	37	395.827	328.3329	0
58	38	605.1665	450.2569	0
59	1	400.6288	368.7639	0
59	2	414.8119	86.86572	0
59	3	371.1692	371.9257	0
59	4	321.9453	271.2031	0
59	5	538.4928	531.5465	0
59	6	494.84	266.3126	0
59	7	473.277	377.3195	0
59	8	546.7339	384.5458	0
59	9	408.1342	54.17218	0
59	10	499.7182	477.8872	0
59	11	257.6613	-56.16626	0
59	12	261.8148	40.89801	0
59	13	323.2496	323.9066	0
59	14	393.3411	116.2264	0
59	15	338.3668	53.3288	0
59	16	422.6264	259.455	0
59	17	364.0706	149.6311	0
59	18	341.6787	76.41364	0
59	19	531.133	445.1194	0
59	20	506.4479	324.9075	0
59	21	535.5437	663.13	0
59	22	562.9319	596.0375	0
59	23	393.7693	275.0023	0
59	24	307.626	45.40283	0
59	25	552.6929	415.5903	0
59	26	436.8763	156.6565	0
59	27	465.4305	122.5747	0
59	28	461.0788	655.7974	0
59	29	231.9538	40.64511	0
59	30	242.2176	92.25449	0
59	31	572.9649	482.3403	0
59	32	186.541	-56.43927	0
59	33	298.745	-4.321472	0
59	34	382.5532	421.7919	0
59	35	637.8388	599.3602	0
59	36	454.8174	427.3096	0
59	37	395.8813	328.358	0
59	38	605.2628	450.2729	0
59	39	317.1299	98.19232	0
60	1	400.6254	368.7708	0
60	2	414.7808	86.83551	0
60	3	371.1364	371.9523	0
60	4	321.9875	271.2138	0
60	5	538.4435	531.5101	0
60	6	494.8252	266.3311	0
60	7	473.2807	377.3148	0
60	8	546.7161	384.5682	0
60	9	408.1341	54.16217	0
60	10	499.6855	477.9034	0
60	11	257.7381	-56.1358	0
60	12	261.883	40.90851	0
60	13	323.2535	323.9012	0
60	14	393.329	116.216	0
60	15	338.3625	53.32095	0
60	16	422.6312	259.4554	0
60	17	364.0122	149.6156	0
60	18	341.6153	76.39835	0
60	19	531.1366	445.1103	0
60	20	506.4539	324.9006	0
60	21	535.625	663.1656	0
60	22	563.0015	596.0492	0
60	23	393.8391	275.0099	0
60	24	307.631	45.39551	0
60	25	552.7026	415.5894	0
60	26	436.8886	156.6571	0
60	27	465.4188	122.5646	0
60	28	461.024	655.7745	0
60	29	231.9415	40.63312	0
60	30	242.2178	92.2431	0
60	31	572.9623	482.3461	0
60	32	186.4967	-56.46606	0
60	33	298.749	-4.326965	0
60	34	382.5581	421.7842	0
60	35	637.7844	599.3756	0
60	36	454.8047	427.2998	0
60	37	395.9114	328.3766	0
60	38	605.3619	450.2945	0
60	39	317.1259	98.18375	0
60	40	370.2973	-0.4475098	0
61	1	400.6273	368.7713	0
61	2	414.7425	86.80841	0
61	3	371.1076	371.9781	0
61	4	322.0425	271.2239	0
61	5	538.3851	531.4798	0
61	6	494.8167	266.3435	0
61	7	473.2848	377.3099	0
61	8	546.705	384.5841	0
61	9	408.1271	54.15311	0
61	10	499.6548	477.925	0
61	11	257.7853	-56.11157	0
61	12	261.9605	40.91745	0
61	13	323.2573	323.8962	0
61	14	393.3201	116.2067	0
61	15	338.3528	53.31375	0
61	16	422.6378	259.4548	0
61	17	363.958	149.6077	0
61	18	341.555	76.38425	0
61	19	531.137	445.0991	0
61	20	506.4583	324.8912	0
61	21	535.6773	663.1971	0
61	22	563.0829	596.06	0
61	23	393.9175	275.02	0
61	24	307.6361	45.38843	0
61	25	552.7156	415.5901	0
61	26	436.8995	156.6562	0
61	27	465.4097	122.5555	0
61	28	460.9685	655.7583	0
61	29	231.9344	40.62238	0
61	30	242.2138	92.23267	0
61	31	572.9646	482.3461	0
61	32	186.4489	-56.48688	0
61	33	298.7525	-4.33197	0
61	34	382.5591	421.7742	0
61	35	637.7325	599.3901	0
61	36	454.793	427.2892	0
61	37	395.9146	328.3872	0
61	38	605.4565	450.324	0
61	39	317.1309	98.18085	0
61	40	370.2944	-0.4538574	0
61	41	445.6204	374.9509	0
62	1	400.6319	368.7703	0
62	2	414.6978	86.78592	0
62	3	371.0873	372.0011	0
62	4	322.105	271.2332	0
62	5	538.3261	531.459	0
62	6	494.8144	266.349	0
62	7	473.2889	377.3045	0
62	8	546.7012	384.5919	0
62	9	408.1152	54.14456	0
62	10	499.6271	477.9491	0
62	11	257.8002	-56.09827	0
62	12	262.048	40.92987	0
62	13	323.2614	323.8906	0
62	14	393.3151	116.1981	0
62	15	338.343	53.30618	0
62	16	422.6465	259.4545	0
62	17	363.9026	149.6128	0
62	18	341.4953	76.38425	0
62	19	531.1376	445.088	0
62	20	506.4591	324.8798	0
62	21	535.6953	663.2156	0
62	22	563.176	596.0699	0
62	23	393.9993	275.0337	0
62	24	307.6411	45.38092	0
62	25	552.7318	415.591	0
62	26	436.9082	156.6528	0
62	27	465.4044	122.5471	0
62	28	460.9166	655.7457	0
62	29	231.9333	40.61615	0
62	30	242.201	92.22318	0
62	31	572.9691	482.3448	0
62	32	186.4006	-56.49872	0
62	33	298.7561	-4.337158	0
62	34	382.5605	421.763	0
62	35	637.6797	599.4036	0
62	36	454.778	427.2757	0
62	37	395.9086	328.3698	0
62	38	605.5358	450.3588	0
62	39	317.1494	98.18384	0
62	40	370.3	-0.4553833	0
62	41	445.5741	374.9675	0
62	42	478.8543	411.4384	0
63	1	400.6376	368.7694	0
63	2	414.6534	86.77151	0
63	3	371.0741	372.0188	0
63	4	322.1766	271.2416	0
63	5	538.2664	531.4417	0
63	6	494.817	266.3491	0
63	7	473.2923	377.2976	0
63	8	546.7031	384.5927	0
63	9	408.1038	54.13562	0
63	10	499.6042	477.971	0
63	11	257.7917	-56.10553	0
63	12	262.1395	40.9469	0
63	13	323.2655	323.8839	0
63	14	393.3155	116.1935	0
63	15	338.3341	53.29819	0
63	16	422.6586	259.4551	0
63	17	363.8486	149.6253	0
63	18	341.4354	76.39481	0
63	19	531.137	445.077	0
63	20	506.4604	324.8682	0
63	21	535.6857	663.2131	0
63	22	563.2779	596.0829	0
63	23	394.0837	275.0524	0
63	24	307.6464	45.37247	0
63	25	552.7457	415.5897	0
63	26	436.9139	156.6464	0
63	27	465.404	122.5423	0
63	28	460.8652	655.7484	0
63	29	231.9447	40.61655	0
63	30	242.1881	92.21335	0
63	31	572.9749	482.3438	0
63	32	186.3534	-56.51001	0
63	33	298.7596	-4.342712	0
63	34	382.56	421.7522	0
63	35	637.6282	599.42	0
63	36	454.7647	427.2622	0
63	37	395.899	328.3352	0
63	38	605.5845	450.3871	0
63	39	317.1835	98.19354	0
63	40	370.3174	-0.4522095	0
63	41	445.5328	374.985	0
63	42	478.8601	411.4305	0
63	43	433.041	320.9263	0
64	1	400.6464	368.7688	0
64	2	414.6073	86.7594	0
64	3	371.0682	372.0294	0
64	4	322.2563	271.2529	0
64	5	538.2114	531.4338	0
64	6	494.8216	266.3482	0
64	7	473.2925	377.2888	0
64	8	546.7079	384.5916	0
64	9	408.0934	54.12579	0
64	10	499.5892	477.99	0
64	11	257.7841	-56.1485	0
64	12	262.2338	40.96964	0
64	13	323.2664	323.8753	0
64	14	393.3268	116.1946	0
64	15	338.3232	53.28833	0
64	16	422.6734	259.4565	0
64	17	363.7965	149.6348	0
64	18	341.3783	76.40665	0
64	19	531.1283	445.0674	0
64	20	506.4605	324.8572	0
64	21	535.6772	663.1661	0
64	22	563.3829	596.1002	0
64	23	394.1643	275.0773	0
64	24	307.6517	45.36273	0
64	25	552.757	415.5853	0
64	26	436.9186	156.6396	0
64	27	465.414	122.5429	0
64	28	460.8145	655.7622	0
64	29	231.9712	40.6228	0
64	30	242.1762	92.20322	0
64	31	572.9838	482.3432	0
64	32	186.306	-56.51099	0
64	33	298.7635	-4.348816	0
64	34	382.5572	421.7419	0
64	35	637.5784	599.4381	0
64	36	454.7565	427.2501	0
64	37	395.8805	328.3021	0
64	38	605.5977	450.4033	0
64	39	317.2314	98.20541	0
64	40	370.3483	-0.4430542	0
64	41	445.4936	375.007	0
64	42	478.8662	411.4232	0
64	43	433.0182	320.8802	0
65	1	400.6574	368.7698	0
65	2	414.5641	86.75418	0
65	3	371.0685	372.0326	0
65	4	322.3392	271.2679	0
65	5	538.1563	531.4412	0
65	6	494.8277	266.3475	0
65	7	473.2934	377.2799	0
65	8	546.7141	384.5905	0
65	9	408.0797	54.11411	0
65	10	499.5801	478.0033	0
65	11	257.7648	-56.19025	0
65	12	262.3224	40.99841	0
65	13	323.2675	323.8657	0
65	14	393.3505	116.2007	0
65	15	338.3134	53.27866	0
65	16	422.6883	259.4564	0
65	17	363.7444	149.6459	0
65	18	341.3213	76.41669	0
65	19	531.1158	445.0581	0
65	20	506.4525	324.8473	0
65	21	535.6562	663.1194	0
65	22	563.4901	596.1239	0
65	23	394.2316	275.1058	0
65	24	307.6523	45.35086	0
65	25	552.7642	415.5769	0
65	26	436.923	156.6335	0
65	27	465.4359	122.5485	0
65	28	460.7661	655.7761	0
65	29	232.0141	40.63531	0
65	30	242.162	92.19022	0
65	31	572.9952	482.3442	0
65	32	186.2578	-56.50403	0
65	33	298.7666	-4.356201	0
65	34	382.5459	421.733	0
65	35	637.5341	599.4573	0
65	36	454.7541	427.242	0
65	37	395.8514	328.2722	0
65	38	605.5884	450.3925	0
65	39	317.2927	98.21646	0
65	40	370.3906	-0.4327393	0
65	41	445.4567	375.0358	0
65	42	478.8728	411.4166	0
65	43	432.9803	320.8388	0
66	1	400.6703	368.77	0
66	2	414.5203	86.75854	0
66	3	371.0733	372.0323	0
66	4	322.424	271.2881	0
66	5	538.1034	531.4571	0
66	6	494.8367	266.3474	0
66	7	473.2932	377.2713	0
66	8	546.7234	384.5898	0
66	9	408.069	54.10339	0
66	10	499.5772	478.0094	0
66	11	257.7316	-56.22772	0
66	12	262.3931	41.02805	0
66	13	323.2672	323.8565	0
66	14	393.3866	116.2105	0
66	15	338.3078	53.27039	0
66	16	422.6999	259.4536	0
66	17	363.6936	149.6603	0
66	18	341.2658	76.43039	0
66	19	531.1038	445.0484	0
66	20	506.4395	324.838	0
66	21	535.6216	663.0773	0
66	22	563.5899	596.1577	0
66	23	394.2729	275.1292	0
66	24	307.6538	45.33792	0
66	25	552.7701	415.5681	0
66	26	436.9276	156.6279	0
66	27	465.4701	122.5579	0
66	28	460.7176	655.7885	0
66	29	232.0713	40.64752	0
66	30	242.1481	92.17685	0
66	31	573.008	482.3443	0
66	32	186.2117	-56.49597	0
66	33	298.7669	-4.364807	0
66	34	382.534	421.7236	0
66	35	637.4919	599.4811	0
66	36	454.7643	427.2412	0
66	37	395.8152	328.2453	0
66	38	605.5777	450.346	0
66	39	317.36	98.22546	0
66	40	370.4441	-0.4232788	0
66	41	445.4241	375.0643	0
66	42	478.8799	411.4095	0
66	43	432.9319	320.8017	0
67	1	400.6806	368.7684	0
67	2	414.4781	86.76773	0
67	3	371.0792	372.0317	0
67	4	322.5023	271.3145	0
67	5	538.0521	531.4692	0
67	6	494.848	266.3483	0
67	7	473.2877	377.2635	0
67	8	546.7355	384.5909	0
67	9	408.0629	54.09366	0
67	10	499.579	478.0097	0
67	11	257.688	-56.26129	0
67	12	262.4344	41.05069	0
67	13	323.2651	323.8478	0
67	14	393.4341	116.2198	0
67	15	338.3065	53.26517	0
67	16	422.7083	259.4472	0
67	17	363.6467	149.6775	0
67	18	341.2118	76.44806	0
67	19	531.0927	445.0374	0
67	20	506.427	324.8285	0
67	21	535.5764	663.0388	0
67	22	563.6697	596.1968	0
67	23	394.2852	275.1419	0
67	24	307.6533	45.32602	0
67	25	552.7759	415.5604	0
67	26	436.9326	156.6223	0
67	27	465.5151	122.567	0
67	28	460.6701	655.8035	0
67	29	232.1402	40.65802	0
67	30	242.1399	92.16577	0
67	31	573.0179	482.3423	0
67	32	186.1661	-56.48889	0
67	33	298.7677	-4.37384	0
67	34	382.5229	421.7139	0
67	35	637.4525	599.5126	0
67	36	454.7901	427.2467	0
67	37	395.7728	328.223	0
67	38	605.5547	450.3005	0
67	39	317.4383	98.23483	0
67	40	370.5026	-0.4159546	0
67	41	445.3998	375.0897	0
67	42	478.8866	411.4005	0
67	43	432.8733	320.7702	0
68	1	400.6887	368.7642	0
68	2	414.4371	86.77454	0
68	3	371.0875	372.0313	0
68	4	322.5632	271.3423	0
68	5	538.0004	531.483	0
68	6	494.8606	266.3484	0
68	7	473.2779	377.2562	0
68	8	546.7499	384.5912	0
68	9	408.0626	54.08823	0
68	10	499.5832	478.0085	0
68	11	257.6346	-56.29047	0
68	12	262.4435	41.06378	0
68	13	323.2556	323.8402	0
68	14	393.4892	116.2282	0
68	15	338.3146	53.26498	0
68	16	422.7138	259.4384	0
68	17	363.604	149.6959	0
68	18	341.1644	76.4671	0
68	19	531.0779	445.0243	0
68	20	506.4155	324.8176	0
68	21	535.5219	663.0058	0
68	22	563.7144	596.2259	0
68	23	394.278	275.1341	0
68	24	307.6492	45.31519	0
68	25	552.7821	415.5533	0
68	26	436.9379	156.6161	0
68	27	465.5681	122.5753	0
68	28	460.6243	655.8199	0
68	29	232.2185	40.66644	0
68	30	242.1371	92.15814	0
68	31	573.0258	482.3379	0
68	32	186.1218	-56.47882	0
68	33	298.7677	-4.38208	0
68	34	382.5106	421.7018	0
68	35	637.4178	599.5443	0
68	36	454.8321	427.2583	0
68	37	395.7304	328.2077	0
68	38	605.5176	450.2595	0
68	39	317.5235	98.2482	0
68	40	370.5706	-0.4074097	0
68	41	445.384	375.1102	0
68	42	478.8883	411.3885	0
68	43	432.8134	320.7481	0
69	1	400.6938	368.757	0
69	2	414.3963	86.78339	0
69	3	371.0983	372.032	0
69	4	322.597	271.363	0
69	5	537.9496	531.4992	0
69	6	494.8703	266.3463	0
69	7	473.2683	377.2486	0
69	8	546.7614	384.5895	0
69	9	408.0744	54.08911	0
69	10	499.5885	478.0075	0
69	11	257.579	-56.3111	0
69	12	262.435	41.05136	0
69	13	323.2454	323.8322	0
69	14	393.5518	116.2355	0
69	15	338.3344	53.26938	0
69	16	422.7192	259.4308	0
69	17	363.5638	149.7198	0
69	18	341.1192	76.49005	0
69	19	531.0672	445.0123	0
69	20	506.4	324.8044	0
69	21	535.4653	662.9808	0
69	22	563.7193	596.241	0
69	23	394.2705	275.0955	0
69	24	307.636	45.30521	0
69	25	552.7889	415.5467	0
69	26	436.9428	156.6086	0
69	27	465.6282	122.5823	0
69	28	460.5837	655.8372	0
69	29	232.3071	40.6781	0
69	30	242.146	92.15723	0
69	31	573.0307	482.3306	0
69	32	186.0793	-56.46552	0
69	33	298.7627	-4.389465	0
69	34	382.4974	421.6884	0
69	35	637.3921	599.5726	0
69	36	454.8884	427.2697	0
69	37	395.6862	328.1954	0
69	38	605.4706	450.2222	0
69	39	317.6121	98.26624	0
69	40	370.6438	-0.3952637	0
69	41	445.376	375.1229	0
69	42	478.8908	411.3751	0
69	43	432.7524	320.7313	0
70	1	400.6986	368.7502	0
70	2	414.3564	86.79483	0
70	3	371.1115	372.033	0
70	4	322.601	271.3748	0
70	5	537.9028	531.517	0
70	6	494.8779	266.3414	0
70	7	473.2595	377.2403	0
70	8	546.7706	384.585	0
70	9	408.1003	54.09567	0
70	10	499.5966	478.0069	0
70	11	257.523	-56.32465	0
70	12	262.4258	41.00967	0
70	13	323.236	323.824	0
70	14	393.6221	116.2455	0
70	15	338.3668	53.27863	0
70	16	422.7243	259.4235	0
70	17	363.5263	149.7498	0
70	18	341.0769	76.52081	0
70	19	531.061	445.001	0
70	20	506.3878	324.7922	0
70	21	535.4063	662.9631	0
70	22	563.7112	596.213	0
70	23	394.2528	275.0578	0
70	24	307.6226	45.29474	0
70	25	552.7962	415.5396	0
70	26	436.9438	156.5992	0
70	27	465.6957	122.5916	0
70	28	460.5451	655.8584	0
70	29	232.4003	40.69443	0
70	30	242.1702	92.16202	0
70	31	573.0353	482.3239	0
70	32	186.0421	-56.45074	0
70	33	298.7531	-4.396484	0
70	34	382.4894	421.6772	0
70	35	637.3757	599.5959	0
70	36	454.9571	427.28	0
70	37	395.6449	328.1896	0
70	38	605.4144	450.1906	0
70	39	317.7011	98.28995	0
70	40	370.7197	-0.3787842	0
70	41	445.3748	375.1271	0
70	42	478.8908	411.3624	0
70	43	432.6961	320.7214	0
71	1	400.7032	368.7442	0
71	2	414.3203	86.80811	0
71	3	371.1235	372.0325	0
71	4	322.5941	271.3563	0
71	5	537.8601	531.5366	0
71	6	494.8827	266.3342	0
71	7	473.2482	377.2301	0
71	8	546.7764	384.5771	0
71	9	408.1406	54.10684	0
71	10	499.6069	478.0078	0
71	11	257.4706	-56.33447	0
71	12	262.4055	40.96927	0
71	13	323.2256	323.8139	0
71	14	393.6953	116.259	0
71	15	338.4101	53.28815	0
71	16	422.7296	259.4166	0
71	17	363.4934	149.7778	0
71	18	341.0388	76.55246	0
71	19	531.0615	444.9947	0
71	20	506.3805	324.7806	0
71	21	535.3505	662.9498	0
71	22	563.6969	596.162	0
71	23	394.2229	275.0241	0
71	24	307.6102	45.28406	0
71	25	552.8026	415.5302	0
71	26	436.9457	156.5888	0
71	27	465.7662	122.6044	0
71	28	460.5089	655.8866	0
71	29	232.4967	40.71667	0
71	30	242.2116	92.17432	0
71	31	573.0397	482.3179	0
71	32	186.0068	-56.43298	0
71	33	298.7437	-4.403809	0
71	34	382.4861	421.6684	0
71	35	637.3673	599.6105	0
71	36	455.0353	427.2886	0
71	37	395.603	328.1942	0
71	38	605.3574	450.1675	0
71	39	317.7804	98.31863	0
71	40	370.7951	-0.3573608	0
71	41	445.3789	375.1266	0
71	42	478.8877	411.3503	0
71	43	432.6393	320.7261	0
72	1	400.708	368.7388	0
72	2	414.2872	86.82324	0
72	3	371.133	372.0296	0
72	4	322.5839	271.3178	0
72	5	537.8196	531.5615	0
72	6	494.8871	266.3278	0
72	7	473.239	377.2203	0
72	8	546.7815	384.5696	0
72	9	408.1939	54.11783	0
72	10	499.619	478.008	0
72	11	257.4171	-56.3327	0
72	12	262.3718	40.9328	0
72	13	323.2143	323.8027	0
72	14	393.7706	116.2771	0
72	15	338.4625	53.29688	0
72	16	422.7354	259.4089	0
72	17	363.4703	149.8027	0
72	18	341.0086	76.58051	0
72	19	531.0756	444.9958	0
72	20	506.3796	324.7741	0
72	21	535.2958	662.9525	0
72	22	563.6694	596.1135	0
72	23	394.1841	274.9937	0
72	24	307.5959	45.27069	0
72	25	552.8038	415.5179	0
72	26	436.9456	156.5793	0
72	27	465.8387	122.6216	0
72	28	460.4767	655.9156	0
72	29	232.589	40.74512	0
72	30	242.2676	92.18716	0
72	31	573.0447	482.3128	0
72	32	185.9736	-56.4093	0
72	33	298.7351	-4.411804	0
72	34	382.4926	421.6656	0
72	35	637.3656	599.6151	0
72	36	455.1235	427.2991	0
72	37	395.5624	328.2043	0
72	38	605.2974	450.1505	0
72	39	317.838	98.34555	0
72	40	370.8613	-0.3328857	0
72	41	445.3845	375.1252	0
72	42	478.8743	411.3397	0
72	43	432.5839	320.7401	0
73	1	400.7132	368.7333	0
73	2	414.2561	86.84293	0
73	3	371.1393	372.0233	0
73	4	322.5637	271.2809	0
73	5	537.782	531.593	0
73	6	494.8914	266.3219	0
73	7	473.2336	377.2114	0
73	8	546.7864	384.5629	0
73	9	408.2565	54.12759	0
73	10	499.6284	478.0064	0
73	11	257.3639	-56.32294	0
73	12	262.329	40.89984	0
73	13	323.2075	323.7933	0
73	14	393.8414	116.3003	0
73	15	338.5206	53.30374	0
73	16	422.7413	259.4001	0
73	17	363.4551	149.8216	0
73	18	340.9889	76.60376	0
73	19	531.1048	445.0031	0
73	20	506.3923	324.7748	0
73	21	535.2421	662.9666	0
73	22	563.6263	596.0699	0
73	23	394.137	274.9677	0
73	24	307.5817	45.25684	0
73	25	552.8062	415.5046	0
73	26	436.9425	156.5705	0
73	27	465.9077	122.6437	0
73	28	460.4521	655.9417	0
73	29	232.6654	40.77585	0
73	30	242.337	92.19852	0
73	31	573.0502	482.3076	0
73	32	185.9437	-56.38477	0
73	33	298.7242	-4.421265	0
73	34	382.5129	421.669	0
73	35	637.3695	599.6141	0
73	36	455.216	427.3136	0
73	37	395.5231	328.2121	0
73	38	605.2417	450.1396	0
73	39	317.8668	98.36362	0
73	40	370.9077	-0.3111572	0
73	41	445.3924	375.1243	0
73	42	478.86	411.3288	0
73	43	432.5305	320.7515	0
74	1	400.7185	368.7273	0
74	2	414.2273	86.86642	0
74	3	371.1442	372.0159	0
74	4	322.5315	271.2475	0
74	5	537.7495	531.6227	0
74	6	494.8961	266.3165	0
74	7	473.2329	377.2057	0
74	8	546.7916	384.5569	0
74	9	408.3273	54.1358	0
74	10	499.6361	478.0025	0
74	11	257.313	-56.31445	0
74	12	262.2774	40.8718	0
74	13	323.2047	323.7859	0
74	14	393.8984	116.3245	0
74	15	338.5874	53.31259	0
74	16	422.7436	259.3889	0
74	17	363.4483	149.8326	0
74	18	340.9777	76.61896	0
74	19	531.1484	445.0141	0
74	20	506.4207	324.7819	0
74	21	535.1909	662.9808	0
74	22	563.5727	596.0309	0
74	23	394.0881	274.9491	0
74	24	307.5734	45.24557	0
74	25	552.8062	415.492	0
74	26	436.9319	156.5626	0
74	27	465.9646	122.6673	0
74	28	460.436	655.9635	0
74	29	232.7127	40.80081	0
74	30	242.4151	92.20715	0
74	31	573.0557	482.3017	0
74	32	185.9198	-56.36292	0
74	33	298.7153	-4.430176	0
74	34	382.5488	421.6788	0
74	35	637.375	599.6122	0
74	36	455.3114	427.3332	0
74	37	395.4839	328.2215	0
74	38	605.1866	450.1436	0
74	39	317.863	98.3746	0
74	40	370.9293	-0.2973022	0
74	41	445.4036	375.1245	0
74	42	478.8465	411.3176	0
74	43	432.4768	320.7638	0
75	1	400.7225	368.7192	0
75	2	414.2026	86.88828	0
75	3	371.1487	372.0095	0
75	4	322.4914	271.2175	0
75	5	537.727	531.6491	0
75	6	494.9013	266.3107	0
75	7	473.2422	377.2058	0
75	8	546.7975	384.5509	0
75	9	408.4072	54.14703	0
75	10	499.6407	477.9957	0
75	11	257.2618	-56.30573	0
75	12	262.2256	40.85223	0
75	13	323.21	323.7836	0
75	14	393.9319	116.343	0
75	15	338.658	53.32498	0
75	16	422.7447	259.3759	0
75	17	363.4485	149.8358	0
75	18	340.9751	76.62573	0
75	19	531.2056	445.0245	0
75	20	506.4645	324.7938	0
75	21	535.1396	662.9939	0
75	22	563.5099	595.999	0
75	23	394.0387	274.9359	0
75	24	307.5708	45.23761	0
75	25	552.8009	415.4803	0
75	26	436.9211	156.5544	0
75	27	465.9991	122.6858	0
75	28	460.4275	655.9774	0
75	29	232.7281	40.81461	0
75	30	242.5046	92.21814	0
75	31	573.0593	482.2935	0
75	32	185.9041	-56.34503	0
75	33	298.7104	-4.437988	0
75	34	382.5979	421.6897	0
75	35	637.383	599.6107	0
75	36	455.4037	427.36	0
75	37	395.4457	328.233	0
75	38	605.1335	450.1573	0
75	39	317.8577	98.34311	0
75	40	370.9228	-0.2885132	0
75	41	445.4177	375.1255	0
75	42	478.8313	411.3032	0
75	43	432.4244	320.7791	0
76	1	400.7233	368.709	0
76	2	414.1859	86.90732	0
76	3	371.1531	372.0033	0
76	4	322.444	271.1924	0
76	5	537.7126	531.6694	0
76	6	494.9064	266.3044	0
76	7	473.2632	377.2107	0
76	8	546.8036	384.5443	0
76	9	408.4906	54.16238	0
76	10	499.6452	477.9894	0
76	11	257.2122	-56.29346	0
76	12	262.1711	40.83807	0
76	13	323.227	323.7863	0
76	14	393.9388	116.3536	0
76	15	338.731	53.34167	0
76	16	422.7446	259.3634	0
76	17	363.4537	149.8353	0
76	18	340.9792	76.6261	0
76	19	531.2719	445.0346	0
76	20	506.5224	324.8049	0
76	21	535.0897	663.0099	0
76	22	563.4465	595.9772	0
76	23	393.9927	274.9269	0
76	24	307.5798	45.23633	0
76	25	552.7869	415.4699	0
76	26	436.9109	156.546	0
76	27	466.0081	122.6964	0
76	28	460.4257	655.9821	0
76	29	232.7198	40.80905	0
76	30	242.5997	92.23392	0
76	31	573.0601	482.2832	0
76	32	185.8951	-56.33325	0
76	33	298.7099	-4.442566	0
76	34	382.6598	421.7	0
76	35	637.3947	599.6105	0
76	36	455.4826	427.3932	0
76	37	395.4109	328.2458	0
76	38	605.0826	450.1692	0
76	39	317.8443	98.30319	0
76	40	370.9193	-0.3208618	0
76	41	445.4315	375.125	0
76	42	478.8146	411.2872	0
76	43	432.3754	320.7968	0
77	1	400.7247	368.6986	0
77	2	414.1753	86.92133	0
77	3	371.1576	371.9976	0
77	4	322.3969	271.1754	0
77	5	537.7064	531.6808	0
77	6	494.9098	266.2959	0
77	7	473.2961	377.2195	0
77	8	546.8083	384.5355	0
77	9	408.5766	54.18301	0
77	10	499.6494	477.9838	0
77	11	257.1655	-56.27759	0
77	12	262.1199	40.82925	0
77	13	323.2573	323.7947	0
77	14	393.9321	116.3424	0
77	15	338.8018	53.36304	0
77	16	422.7429	259.3515	0
77	17	363.46	149.8345	0
77	18	340.9855	76.62534	0
77	19	531.3475	445.0435	0
77	20	506.5916	324.8148	0
77	21	535.0416	663.027	0
77	22	563.3828	595.9584	0
77	23	393.9464	274.9299	0
77	24	307.6047	45.24124	0
77	25	552.7728	415.4591	0
77	26	436.8991	156.5352	0
77	27	466.0013	122.6886	0
77	28	460.4294	655.9813	0
77	29	232.7128	40.76633	0
77	30	242.6985	92.2554	0
77	31	573.0612	482.273	0
77	32	185.8935	-56.32739	0
77	33	298.719	-4.442078	0
77	34	382.7275	421.7091	0
77	35	637.4098	599.6118	0
77	36	455.5335	427.4222	0
77	37	395.3791	328.2605	0
77	38	605.0315	450.1817	0
77	39	317.8197	98.26584	0
77	40	370.9064	-0.3544922	0
77	41	445.4422	375.122	0
77	42	478.804	411.2738	0
77	43	432.3313	320.8159	0
78	1	400.725	368.6887	0
78	2	414.1713	86.9292	0
78	3	371.1625	371.9913	0
78	4	322.3475	271.1617	0
78	5	537.7064	531.6832	0
78	6	494.9105	266.2856	0
78	7	473.3398	377.228	0
78	8	546.8091	384.5243	0
78	9	408.6582	54.20914	0
78	10	499.654	477.9789	0
78	11	257.1238	-56.26056	0
78	12	262.0674	40.832	0
78	13	323.2991	323.8043	0
78	14	393.924	116.3085	0
78	15	338.8613	53.38657	0
78	16	422.7312	259.341	0
78	17	363.4692	149.834	0
78	18	340.994	76.62494	0
78	19	531.4316	445.0549	0
78	20	506.6706	324.8232	0
78	21	534.9989	663.0456	0
78	22	563.3241	595.9509	0
78	23	393.9008	274.9407	0
78	24	307.6471	45.25354	0
78	25	552.7596	415.4476	0
78	26	436.8868	156.5237	0
78	27	465.994	122.6558	0
78	28	460.4346	655.9795	0
78	29	232.6939	40.72467	0
78	30	242.795	92.28317	0
78	31	573.061	482.263	0
78	32	185.8973	-56.32654	0
78	33	298.7396	-4.437134	0
78	34	382.8064	421.7185	0
78	35	637.4248	599.6113	0
78	36	455.5517	427.4384	0
78	37	395.3492	328.2792	0
78	38	604.9814	450.197	0
78	39	317.7835	98.23206	0
78	40	370.8838	-0.3856812	0
78	41	445.4499	375.1154	0
78	42	478.7987	411.2632	0
78	43	432.2895	320.84	0
79	1	400.7184	368.6798	0
79	2	414.1724	86.9314	0
79	3	371.1673	371.9835	0
79	4	322.3013	271.155	0
79	5	537.7113	531.6819	0
79	6	494.9113	266.2756	0
79	7	473.3916	377.2361	0
79	8	546.8105	384.5128	0
79	9	408.7252	54.23666	0
79	10	499.659	477.9741	0
79	11	257.0842	-56.23926	0
79	12	262.0156	40.84216	0
79	13	323.352	323.8132	0
79	14	393.907	116.2758	0
79	15	338.8994	53.40601	0
79	16	422.7171	259.3304	0
79	17	363.4816	149.8349	0
79	18	341.0064	76.62518	0
79	19	531.5187	445.0698	0
79	20	506.7585	324.8347	0
79	21	534.9586	663.0687	0
79	22	563.2653	595.96	0
79	23	393.8571	274.95	0
79	24	307.7045	45.26685	0
79	25	552.7435	415.433	0
79	26	436.8792	156.5143	0
79	27	465.9778	122.6239	0
79	28	460.442	655.978	0
79	29	232.6615	40.68723	0
79	30	242.8775	92.31528	0
79	31	573.053	482.2543	0
79	32	185.903	-56.32642	0
79	33	298.7722	-4.427856	0
79	34	382.8911	421.7313	0
79	35	637.4366	599.6083	0
79	36	455.5434	427.4354	0
79	37	395.3214	328.3022	0
79	38	604.9341	450.214	0
79	39	317.739	98.202	0
79	40	370.8517	-0.4140015	0
79	41	445.4554	375.1071	0
79	42	478.8054	411.2601	0
79	43	432.2502	320.8712	0
80	1	400.707	368.6715	0
80	2	414.177	86.9314	0
80	3	371.1682	371.9735	0
80	4	322.254	271.1597	0
80	5	537.7172	531.6802	0
80	6	494.9111	266.2661	0
80	7	473.45	377.2432	0
80	8	546.8106	384.5018	0
80	9	408.7657	54.25797	0
80	10	499.6642	477.9687	0
80	11	257.0469	-56.21143	0
80	12	261.9659	40.85034	0
80	13	323.4096	323.821	0
80	14	393.8792	116.2463	0
80	15	338.9132	53.41763	0
80	16	422.7039	259.3195	0
80	17	363.4967	149.8357	0
80	18	341.0215	76.6264	0
80	19	531.6079	445.09	0
80	20	506.8496	324.8502	0
80	21	534.921	663.0988	0
80	22	563.2091	595.9777	0
80	23	393.8131	274.9595	0
80	24	307.7759	45.27911	0
80	25	552.7277	415.4176	0
80	26	436.8759	156.5076	0
80	27	465.9514	122.5952	0
80	28	460.4526	655.9775	0
80	29	232.6188	40.65363	0
80	30	242.9321	92.34332	0
80	31	573.0414	482.2459	0
80	32	185.9103	-56.32611	0
80	33	298.8155	-4.418701	0
80	34	382.9787	421.7482	0
80	35	637.4453	599.6016	0
80	36	455.536	427.391	0
80	37	395.2974	328.3239	0
80	38	604.8916	450.2329	0
80	39	317.6885	98.17749	0
80	40	370.8124	-0.4388428	0
80	41	445.4606	375.0998	0
80	42	478.8289	411.2638	0
80	43	432.2157	320.9012	0
81	1	400.696	368.663	0
81	2	414.1825	86.9313	0
81	3	371.1697	371.9623	0
81	4	322.2079	271.1707	0
81	5	537.7262	531.679	0
81	6	494.903	266.2576	0
81	7	473.5161	377.2518	0
81	8	546.8035	384.4919	0
81	9	408.7764	54.27045	0
81	10	499.668	477.9612	0
81	11	257.0135	-56.18457	0
81	12	261.9162	40.85977	0
81	13	323.4769	323.8291	0
81	14	393.8441	116.2197	0
81	15	338.9059	53.41736	0
81	16	422.6906	259.3064	0
81	17	363.5103	149.8346	0
81	18	341.0378	76.62628	0
81	19	531.6917	445.1174	0
81	20	506.9433	324.8712	0
81	21	534.8878	663.1298	0
81	22	563.1544	595.991	0
81	23	393.7703	274.9716	0
81	24	307.8538	45.28864	0
81	25	552.7177	415.4043	0
81	26	436.8823	156.5064	0
81	27	465.9176	122.569	0
81	28	460.466	655.9786	0
81	29	232.5664	40.62448	0
81	30	242.9548	92.35977	0
81	31	573.0304	482.2373	0
81	32	185.9203	-56.32538	0
81	33	298.8667	-4.410339	0
81	34	383.0659	421.7711	0
81	35	637.4512	599.5925	0
81	36	455.5166	427.3473	0
81	37	395.2808	328.3431	0
81	38	604.8516	450.2566	0
81	39	317.638	98.1629	0
81	40	370.769	-0.4588623	0
81	41	445.466	375.093	0
81	42	478.871	411.2758	0
81	43	432.1908	320.928	0
82	1	400.6858	368.6534	0
82	2	414.1904	86.93134	0
82	3	371.1692	371.9517	0
82	4	322.1634	271.1791	0
82	5	537.7385	531.6796	0
82	6	494.8916	266.2495	0
82	7	473.5851	377.2634	0
82	8	546.7908	384.4828	0
82	9	408.7684	54.26141	0
82	10	499.6687	477.9518	0
82	11	256.9885	-56.16058	0
82	12	261.8682	40.87244	0
82	13	323.5494	323.8402	0
82	14	393.8022	116.1971	0
82	15	338.9008	53.38464	0
82	16	422.6744	259.2915	0
82	17	363.521	149.8306	0
82	18	341.0505	76.62344	0
82	19	531.7595	445.1484	0
82	20	507.0323	324.8995	0
82	21	534.8627	663.1578	0
82	22	563.0993	596.0063	0
82	23	393.7299	274.986	0
82	24	307.9444	45.30017	0
82	25	552.7135	415.3948	0
82	26	436.9016	156.5101	0
82	27	465.8772	122.5469	0
82	28	460.4799	655.9784	0
82	29	232.5113	40.60339	0
82	30	242.9456	92.36392	0
82	31	573.02	482.2273	0
82	32	185.9322	-56.32428	0
82	33	298.9242	-4.403687	0
82	34	383.1424	421.8006	0
82	35	637.4568	599.5845	0
82	36	455.4838	427.308	0
82	37	395.2703	328.3575	0
82	38	604.8143	450.287	0
82	39	317.5869	98.14929	0
82	40	370.7253	-0.4700317	0
82	41	445.4718	375.087	0
82	42	478.929	411.289	0
82	43	432.1744	320.949	0
83	1	400.6723	368.6415	0
83	2	414.2005	86.93243	0
83	3	371.1663	371.9416	0
83	4	322.119	271.1893	0
83	5	537.7539	531.6805	0
83	6	494.8807	266.2411	0
83	7	473.6562	377.2789	0
83	8	546.7784	384.4734	0
83	9	408.76	54.22293	0
83	10	499.6699	477.9422	0
83	11	256.9718	-56.14185	0
83	12	261.8238	40.88785	0
83	13	323.6247	323.8549	0
83	14	393.76	116.1813	0
83	15	338.8865	53.35266	0
83	16	422.6639	259.279	0
83	17	363.5281	149.8228	0
83	18	341.0599	76.61624	0
83	19	531.7988	445.1724	0
83	20	507.1063	324.9316	0
83	21	534.8469	663.1808	0
83	22	563.045	596.0241	0
83	23	393.6938	275.0013	0
83	24	308.0411	45.3165	0
83	25	552.7227	415.3931	0
83	26	436.9351	156.52	0
83	27	465.8362	122.531	0
83	28	460.4905	655.9759	0
83	29	232.4561	40.58969	0
83	30	242.9408	92.3197	0
83	31	573.0059	482.2151	0
83	32	185.945	-56.32416	0
83	33	298.9897	-4.394714	0
83	34	383.1958	421.8289	0
83	35	637.4628	599.5773	0
83	36	455.4404	427.2726	0
83	37	395.266	328.3658	0
83	38	604.7819	450.3171	0
83	39	317.5378	98.1452	0
83	40	370.6819	-0.4810791	0
83	41	445.4779	375.0805	0
83	42	479.0025	411.3011	0
83	43	432.1667	320.9617	0
84	1	400.6615	368.6304	0
84	2	414.2126	86.93311	0
84	3	371.1552	371.9327	0
84	4	322.076	271.2019	0
84	5	537.7674	531.6794	0
84	6	494.8705	266.2314	0
84	7	473.7241	377.2998	0
84	8	546.767	384.4628	0
84	9	408.7412	54.18555	0
84	10	499.6701	477.9328	0
84	11	256.9633	-56.13	0
84	12	261.7839	40.90494	0
84	13	323.6997	323.8747	0
84	14	393.7157	116.1697	0
84	15	338.8623	53.32349	0
84	16	422.6585	259.268	0
84	17	363.5338	149.8145	0
84	18	341.0661	76.60684	0
84	19	531.8057	445.186	0
84	20	507.1508	324.9572	0
84	21	534.8387	663.1956	0
84	22	562.9954	596.0433	0
84	23	393.6594	275.0205	0
84	24	308.1414	45.33859	0
84	25	552.749	415.3982	0
84	26	436.9806	156.5306	0
84	27	465.7931	122.5198	0
84	28	460.4985	655.9702	0
84	29	232.4043	40.57941	0
84	30	242.9236	92.27612	0
84	31	572.9954	482.204	0
84	32	185.9549	-56.32605	0
84	33	299.0586	-4.38208	0
84	34	383.2206	421.8472	0
84	35	637.4695	599.5715	0
84	36	455.3874	427.2419	0
84	37	395.2668	328.3679	0
84	38	604.7585	450.344	0
84	39	317.4878	98.1514	0
84	40	370.6398	-0.4832153	0
84	41	445.4841	375.0728	0
84	42	479.086	411.3109	0
84	43	432.166	320.9655	0
85	1	400.655	368.6199	0
85	2	414.2229	86.93225	0
85	3	371.1433	371.9235	0
85	4	322.0367	271.2163	0
85	5	537.7783	531.6756	0
85	6	494.8568	266.2197	0
85	7	473.7808	377.3242	0
85	8	546.7519	384.4497	0
85	9	408.7102	54.15179	0
85	10	499.6635	477.9245	0
85	11	256.9622	-56.12531	0
85	12	261.7462	40.92667	0
85	13	323.7655	323.8997	0
85	14	393.6744	116.1628	0
85	15	338.8301	53.29709	0
85	16	422.6628	259.2635	0
85	17	363.5389	149.807	0
85	18	341.0722	76.59869	0
85	19	531.7978	445.1695	0
85	20	507.162	324.9707	0
85	21	534.8376	663.2005	0
85	22	562.9499	596.0645	0
85	23	393.6272	275.0456	0
85	24	308.2401	45.36707	0
85	25	552.7935	415.4107	0
85	26	437.0376	156.54	0
85	27	465.7528	122.5124	0
85	28	460.5039	655.9619	0
85	29	232.3514	40.58118	0
85	30	242.893	92.2366	0
85	31	572.989	482.1934	0
85	32	185.9621	-56.33136	0
85	33	299.1298	-4.365173	0
85	34	383.2129	421.8586	0
85	35	637.4769	599.5653	0
85	36	455.3315	427.2193	0
85	37	395.2711	328.3676	0
85	38	604.7437	450.3652	0
85	39	317.4397	98.16171	0
85	40	370.5973	-0.4776001	0
85	41	445.4863	375.0623	0
85	42	479.1815	411.3215	0
85	43	432.1709	320.9648	0
86	1	400.6541	368.6137	0
86	2	414.231	86.92886	0
86	3	371.1323	371.9139	0
86	4	322.0009	271.2325	0
86	5	537.7855	531.6679	0
86	6	494.8468	266.2095	0
86	7	473.8157	377.3442	0
86	8	546.7394	384.4373	0
86	9	408.6706	54.12125	0
86	10	499.6528	477.9167	0
86	11	256.9666	-56.12518	0
86	12	261.7108	40.9541	0
86	13	323.8117	323.9235	0
86	14	393.6325	116.1654	0
86	15	338.791	53.27417	0
86	16	422.6827	259.2663	0
86	17	363.5443	149.8	0
86	18	341.0779	76.59076	0
86	19	531.787	445.1278	0
86	20	507.1543	324.9575	0
86	21	534.842	663.2001	0
86	22	562.9069	596.0919	0
86	23	393.5986	275.0701	0
86	24	308.3247	45.39941	0
86	25	552.8535	415.4236	0
86	26	437.1022	156.5473	0
86	27	465.7126	122.5144	0
86	28	460.5091	655.9546	0
86	29	232.2985	40.59134	0
86	30	242.8506	92.20099	0
86	31	572.9888	482.1877	0
86	32	185.9669	-56.33844	0
86	33	299.1978	-4.343689	0
86	34	383.2089	421.8192	0
86	35	637.484	599.5576	0
86	36	455.275	427.2039	0
86	37	395.2763	328.3671	0
86	38	604.7369	450.3783	0
86	39	317.3927	98.16949	0
86	40	370.5568	-0.4696655	0
86	41	445.4882	375.0501	0
86	42	479.2835	411.3366	0
86	43	432.1769	320.9636	0
87	1	400.665	368.614	0
87	2	414.2362	86.9227	0
87	3	371.1201	371.9019	0
87	4	321.9673	271.2533	0
87	5	537.7913	531.6592	0
87	6	494.8409	266.1999	0
87	7	473.8259	377.3559	0
87	8	546.7316	384.4256	0
87	9	408.6231	54.09521	0
87	10	499.6425	477.9086	0
87	11	256.9725	-56.12555	0
87	12	261.6795	40.98044	0
87	13	323.8335	323.9389	0
87	14	393.5917	116.1741	0
87	15	338.7499	53.2569	0
87	16	422.7203	259.2767	0
87	17	363.5498	149.7931	0
87	18	341.0839	76.58319	0
87	19	531.7654	445.0875	0
87	20	507.1445	324.9142	0
87	21	534.8481	663.1988	0
87	22	562.8671	596.1257	0
87	23	393.5774	275.0919	0
87	24	308.3815	45.42743	0
87	25	552.9281	415.4352	0
87	26	437.1759	156.5562	0
87	27	465.6732	122.5226	0
87	28	460.5143	655.9481	0
87	29	232.2478	40.60052	0
87	30	242.7985	92.16983	0
87	31	573.0013	482.1885	0
87	32	185.9717	-56.34473	0
87	33	299.2536	-4.32135	0
87	34	383.1938	421.7784	0
87	35	637.4868	599.5466	0
87	36	455.2222	427.1919	0
87	37	395.2837	328.3668	0
87	38	604.7364	450.3824	0
87	39	317.3463	98.18005	0
87	40	370.5168	-0.4633179	0
87	41	445.4885	375.0386	0
87	42	479.3889	411.3567	0
87	43	432.1859	320.9626	0
88	1	400.6898	368.6199	0
88	2	414.2406	86.91641	0
88	3	371.1071	371.8889	0
88	4	321.9359	271.2789	0
88	5	537.7968	531.6519	0
88	6	494.8415	266.1952	0
88	7	473.8191	377.3501	0
88	8	546.7299	384.4185	0
88	9	408.5748	54.07663	0
88	10	499.6329	477.8995	0
88	11	256.9808	-56.12567	0
88	12	261.657	41.00385	0
88	13	323.8275	323.9485	0
88	14	393.5524	116.181	0
88	15	338.7076	53.24628	0
88	16	422.7737	259.2898	0
88	17	363.5557	149.7855	0
88	18	341.0902	76.57483	0
88	19	531.7309	445.0511	0
88	20	507.1232	324.8723	0
88	21	534.8565	663.1978	0
88	22	562.833	596.1577	0
88	23	393.5635	275.1094	0
88	24	308.4055	45.44476	0
88	25	553.0129	415.4448	0
88	26	437.2542	156.5689	0
88	27	465.6356	122.5295	0
88	28	460.5199	655.9427	0
88	29	232.1973	40.60965	0
88	30	242.7417	92.14597	0
88	31	573.0277	482.1952	0
88	32	185.9759	-56.35089	0
88	33	299.2879	-4.303589	0
88	34	383.1674	421.741	0
88	35	637.4889	599.5337	0
88	36	455.1697	427.1943	0
88	37	395.2932	328.3676	0
88	38	604.7413	450.3821	0
88	39	317.3011	98.19351	0
88	40	370.4776	-0.4544067	0
88	41	445.4868	375.0276	0
88	42	479.4939	411.384	0
88	43	432.1982	320.9631	0
89	1	400.7284	368.6304	0
89	2	414.2445	86.91064	0
89	3	371.0992	371.8779	0
89	4	321.9086	271.3032	0
89	5	537.8026	531.6451	0
89	6	494.8544	266.1966	0
89	7	473.8122	377.3172	0
89	8	546.7413	384.4187	0
89	9	408.5241	54.06372	0
89	10	499.62	477.8883	0
89	11	256.9923	-56.12494	0
89	12	261.6422	41.02191	0
89	13	323.8239	323.9166	0
89	14	393.5131	116.1891	0
89	15	338.6671	53.23727	0
89	16	422.8426	259.3021	0
89	17	363.5615	149.7764	0
89	18	341.0968	76.5658	0
89	19	531.688	445.0182	0
89	20	507.0881	324.8347	0
89	21	534.868	663.1976	0
89	22	562.8098	596.186	0
89	23	393.5566	275.1201	0
89	24	308.3952	45.45251	0
89	25	553.109	415.456	0
89	26	437.3351	156.5861	0
89	27	465.5978	122.5371	0
89	28	460.5258	655.9374	0
89	29	232.1484	40.62201	0
89	30	242.6851	92.13211	0
89	31	573.0676	482.2056	0
89	32	185.9799	-56.35712	0
89	33	299.2983	-4.293213	0
89	34	383.1301	421.7067	0
89	35	637.4893	599.5211	0
89	36	455.1181	427.2069	0
89	37	395.3047	328.3684	0
89	38	604.7474	450.3812	0
89	39	317.261	98.20871	0
89	40	370.4392	-0.442688	0
89	41	445.4755	375.0179	0
89	42	479.5875	411.4199	0
89	43	432.2135	320.9642	0
90	1	400.7797	368.6403	0
90	2	414.2485	86.90515	0
90	3	371.096	371.8693	0
90	4	321.8896	271.3246	0
90	5	537.8091	531.6392	0
90	6	494.8813	266.2037	0
90	7	473.7968	377.2849	0
90	8	546.7679	384.425	0
90	9	408.4767	54.05499	0
90	10	499.6099	477.8777	0
90	11	257.0062	-56.12408	0
90	12	261.6354	41.03287	0
90	13	323.8116	323.882	0
90	14	393.4749	116.1996	0
90	15	338.6266	53.23752	0
90	16	422.9194	259.3128	0
90	17	363.5627	149.7649	0
90	18	341.1005	76.55411	0
90	19	531.6373	444.9907	0
90	20	507.0436	324.801	0
90	21	534.8824	663.1991	0
90	22	562.795	596.2073	0
90	23	393.5557	275.1237	0
90	24	308.3902	45.40768	0
90	25	553.2103	415.4716	0
90	26	437.4149	156.6087	0
90	27	465.561	122.5472	0
90	28	460.5319	655.9308	0
90	29	232.102	40.63785	0
90	30	242.6311	92.11914	0
90	31	573.12	482.2149	0
90	32	185.9839	-56.36426	0
90	33	299.2915	-4.297852	0
90	34	383.0846	421.6765	0
90	35	637.4874	599.5087	0
90	36	455.0688	427.2193	0
90	37	395.3147	328.3677	0
90	38	604.7561	450.3806	0
90	39	317.2234	98.2265	0
90	40	370.4055	-0.4296875	0
90	41	445.4625	375.0082	0
90	42	479.6543	411.4549	0
90	43	432.2279	320.9634	0
91	1	400.8411	368.6492	0
91	2	414.2528	86.8992	0
91	3	371.1026	371.8668	0
91	4	321.8774	271.3407	0
91	5	537.816	531.6328	0
91	6	494.9213	266.2144	0
91	7	473.7712	377.2558	0
91	8	546.81	384.4365	0
91	9	408.4289	54.05707	0
91	10	499.6037	477.8676	0
91	11	257.02	-56.12457	0
91	12	261.6357	41.03687	0
91	13	323.7896	323.8501	0
91	14	393.4394	116.212	0
91	15	338.5862	53.24448	0
91	16	423.0083	259.3233	0
91	17	363.5647	149.7521	0
91	18	341.1017	76.54034	0
91	19	531.5864	444.9712	0
91	20	506.9899	324.7723	0
91	21	534.897	663.199	0
91	22	562.7889	596.2191	0
91	23	393.5595	275.1233	0
91	24	308.3725	45.36343	0
91	25	553.3146	415.4926	0
91	26	437.4849	156.6355	0
91	27	465.5264	122.5592	0
91	28	460.5347	655.9211	0
91	29	232.0607	40.65469	0
91	30	242.5772	92.1189	0
91	31	573.1822	482.2235	0
91	32	185.9883	-56.37201	0
91	33	299.2856	-4.329407	0
91	34	383.0344	421.6526	0
91	35	637.4753	599.4982	0
91	36	455.0193	427.2306	0
91	37	395.3226	328.3649	0
91	38	604.768	450.3811	0
91	39	317.1884	98.24988	0
91	40	370.3737	-0.4141235	0
91	41	445.4502	374.9982	0
91	42	479.6861	411.4769	0
91	43	432.2393	320.9598	0
92	1	400.9109	368.6567	0
92	2	414.2573	86.89273	0
92	3	371.1229	371.8702	0
92	4	321.8724	271.35	0
92	5	537.8223	531.6243	0
92	6	494.9736	266.2241	0
92	7	473.7384	377.2293	0
92	8	546.8658	384.4474	0
92	9	408.3821	54.06625	0
92	10	499.6028	477.8616	0
92	11	257.0307	-56.12787	0
92	12	261.6409	41.03723	0
92	13	323.7581	323.821	0
92	14	393.4075	116.226	0
92	15	338.5476	53.25174	0
92	16	423.1053	259.3377	0
92	17	363.5645	149.7404	0
92	18	341.1026	76.52716	0
92	19	531.5328	444.956	0
92	20	506.935	324.7524	0
92	21	534.9083	663.1965	0
92	22	562.7894	596.221	0
92	23	393.5645	275.1223	0
92	24	308.3415	45.32275	0
92	25	553.417	415.5213	0
92	26	437.533	156.6597	0
92	27	465.4954	122.5725	0
92	28	460.5362	655.9095	0
92	29	232.0215	40.67566	0
92	30	242.5226	92.12845	0
92	31	573.2532	482.2311	0
92	32	185.9908	-56.38141	0
92	33	299.271	-4.360046	0
92	34	382.9837	421.6377	0
92	35	637.4612	599.4875	0
92	36	454.971	427.2448	0
92	37	395.3278	328.3591	0
92	38	604.783	450.3824	0
92	39	317.1562	98.27655	0
92	40	370.3439	-0.3934937	0
92	41	445.4372	374.9857	0
92	42	479.6782	411.4894	0
92	43	432.2471	320.9522	0
93	1	400.9892	368.6666	0
93	2	414.2614	86.88492	0
93	3	371.1585	371.8801	0
93	4	321.8734	271.3525	0
93	5	537.8236	531.6127	0
93	6	495.0353	266.2324	0
93	7	473.699	377.2067	0
93	8	546.9333	384.4572	0
93	9	408.3373	54.07407	0
93	10	499.6132	477.8619	0
93	11	257.0382	-56.13501	0
93	12	261.6474	41.03714	0
93	13	323.7196	323.7952	0
93	14	393.3774	116.2437	0
93	15	338.5092	53.25851	0
93	16	423.2059	259.357	0
93	17	363.5612	149.7296	0
93	18	341.1023	76.51505	0
93	19	531.4833	444.9478	0
93	20	506.8792	324.7371	0
93	21	534.9166	663.1907	0
93	22	562.7947	596.2195	0
93	23	393.5716	275.1216	0
93	24	308.2985	45.28589	0
93	25	553.5069	415.5575	0
93	26	437.5542	156.6741	0
93	27	465.4662	122.5894	0
93	28	460.5368	655.8981	0
93	29	231.9849	40.70328	0
93	30	242.4704	92.13928	0
93	31	573.3315	482.2412	0
93	32	185.9912	-56.39221	0
93	33	299.2465	-4.387878	0
93	34	382.9336	421.6237	0
93	35	637.4476	599.4765	0
93	36	454.9245	427.2612	0
93	37	395.332	328.3529	0
93	38	604.7971	450.3821	0
93	39	317.1291	98.30087	0
93	40	370.317	-0.3710327	0
93	41	445.4218	374.9714	0
93	42	479.6735	411.4418	0
93	43	432.2529	320.9435	0
94	1	401.0707	368.6801	0
94	2	414.2618	86.87549	0
94	3	371.2074	371.891	0
94	4	321.8783	271.3524	0
94	5	537.826	531.6001	0
94	6	495.1058	266.24	0
94	7	473.6586	377.1901	0
94	8	547.0103	384.4655	0
94	9	408.2924	54.08261	0
94	10	499.6367	477.8675	0
94	11	257.0438	-56.14319	0
94	12	261.6562	41.0372	0
94	13	323.6767	323.7747	0
94	14	393.3492	116.266	0
94	15	338.4719	53.26785	0
94	16	423.3076	259.3827	0
94	17	363.5482	149.7199	0
94	18	341.0911	76.50406	0
94	19	531.4338	444.9529	0
94	20	506.8279	324.7281	0
94	21	534.9221	663.182	0
94	22	562.8011	596.2175	0
94	23	393.5815	275.1219	0
94	24	308.2462	45.25363	0
94	25	553.5677	415.5906	0
94	26	437.547	156.6799	0
94	27	465.4389	122.6108	0
94	28	460.5358	655.8867	0
94	29	231.952	40.73032	0
94	30	242.4185	92.14835	0
94	31	573.4123	482.2545	0
94	32	185.9915	-56.40271	0
94	33	299.2147	-4.413025	0
94	34	382.8848	421.6216	0
94	35	637.4335	599.4629	0
94	36	454.8832	427.2785	0
94	37	395.3358	328.3474	0
94	38	604.8083	450.3791	0
94	39	317.1111	98.32175	0
94	40	370.2949	-0.3508911	0
94	41	445.4116	374.9594	0
94	42	479.6553	411.3924	0
94	43	432.2585	320.9357	0
95	1	401.1548	368.6984	0
95	2	414.263	86.86539	0
95	3	371.2689	371.9012	0
95	4	321.8842	271.3519	0
95	5	537.8259	531.588	0
95	6	495.1834	266.2507	0
95	7	473.6164	377.1783	0
95	8	547.0963	384.4763	0
95	9	408.2487	54.09418	0
95	10	499.6729	477.8771	0
95	11	257.0491	-56.15027	0
95	12	261.6679	41.03836	0
95	13	323.6336	323.7622	0
95	14	393.3246	116.2873	0
95	15	338.4362	53.27954	0
95	16	423.3998	259.4155	0
95	17	363.5349	149.7099	0
95	18	341.0762	76.49341	0
95	19	531.386	444.9657	0
95	20	506.7764	324.7327	0
95	21	534.9272	663.1742	0
95	22	562.8111	596.2161	0
95	23	393.5938	275.1228	0
95	24	308.1895	45.22824	0
95	25	553.593	415.61	0
95	26	437.543	156.6429	0
95	27	465.4149	122.6317	0
95	28	460.5255	655.8771	0
95	29	231.927	40.7543	0
95	30	242.3678	92.16074	0
95	31	573.4951	482.2729	0
95	32	185.9912	-56.41235	0
95	33	299.1762	-4.434753	0
95	34	382.8357	421.6305	0
95	35	637.4162	599.447	0
95	36	454.844	427.2999	0
95	37	395.3396	328.3422	0
95	38	604.8161	450.3723	0
95	39	317.0999	98.33652	0
95	40	370.2805	-0.3339844	0
95	41	445.4062	374.9492	0
95	42	479.6233	411.3475	0
95	43	432.2643	320.9285	0
96	1	401.2347	368.7233	0
96	2	414.2626	86.85608	0
96	3	371.3361	371.9102	0
96	4	321.8925	271.3517	0
96	5	537.8218	531.5764	0
96	6	495.2637	266.2651	0
96	7	473.5769	377.1702	0
96	8	547.1857	384.491	0
96	9	408.2077	54.10831	0
96	10	499.7208	477.886	0
96	11	257.0544	-56.15729	0
96	12	261.6818	41.03937	0
96	13	323.5907	323.7504	0
96	14	393.3071	116.3063	0
96	15	338.4047	53.29248	0
96	16	423.4691	259.4483	0
96	17	363.5225	149.6996	0
96	18	341.0622	76.48264	0
96	19	531.3399	444.9758	0
96	20	506.7264	324.7455	0
96	21	534.9323	663.1671	0
96	22	562.8244	596.2168	0
96	23	393.6057	275.1223	0
96	24	308.132	45.2139	0
96	25	553.5837	415.6133	0
96	26	437.5283	156.6063	0
96	27	465.3976	122.6502	0
96	28	460.5126	655.8675	0
96	29	231.9105	40.77356	0
96	30	242.3189	92.17667	0
96	31	573.5732	482.2984	0
96	32	185.9825	-56.42108	0
96	33	299.1366	-4.450378	0
96	34	382.789	421.6427	0
96	35	637.4043	599.433	0
96	36	454.8073	427.3283	0
96	37	395.3436	328.3371	0
96	38	604.8215	450.3637	0
96	39	317.0964	98.34442	0
96	40	370.2719	-0.3222656	0
96	41	445.4102	374.9453	0
96	42	479.5776	411.3067	0
96	43	432.2705	320.9219	0
97	1	401.3008	368.7522	0
97	2	414.2584	86.84753	0
97	3	371.4144	371.9196	0
97	4	321.9032	271.3526	0
97	5	537.8086	531.5663	0
97	6	495.3458	266.2846	0
97	7	473.5374	377.1724	0
97	8	547.2777	384.5108	0
97	9	408.1711	54.12393	0
97	10	499.7783	477.8942	0
97	11	257.0597	-56.16431	0
97	12	261.6948	41.03882	0
97	13	323.549	323.7481	0
97	14	393.2957	116.3208	0
97	15	338.3748	53.30838	0
97	16	423.5052	259.4711	0
97	17	363.5082	149.6864	0
97	18	341.0487	76.4697	0
97	19	531.2936	444.9874	0
97	20	506.6784	324.7559	0
97	21	534.9377	663.1613	0
97	22	562.841	596.2178	0
97	23	393.6151	275.1195	0
97	24	308.0757	45.19998	0
97	25	553.5768	415.5643	0
97	26	437.5029	156.5731	0
97	27	465.3864	122.6647	0
97	28	460.5005	655.8575	0
97	29	231.9017	40.78558	0
97	30	242.276	92.19379	0
97	31	573.6375	482.3279	0
97	32	185.9709	-56.42957	0
97	33	299.0954	-4.460693	0
97	34	382.7428	421.6523	0
97	35	637.3975	599.4208	0
97	36	454.7747	427.357	0
97	37	395.3479	328.3315	0
97	38	604.8265	450.3562	0
97	39	317.0988	98.34613	0
97	40	370.2696	-0.3164063	0
97	41	445.4294	374.9479	0
97	42	479.5214	411.2706	0
97	43	432.2771	320.9147	0
98	1	401.341	368.7758	0
98	2	414.2478	86.83975	0
98	3	371.4984	371.9325	0
98	4	321.916	271.3535	0
98	5	537.7951	531.556	0
98	6	495.4225	266.3102	0
98	7	473.4987	377.1816	0
98	8	547.3658	384.538	0
98	9	408.1364	54.14368	0
98	10	499.8437	477.9012	0
98	11	257.0652	-56.1723	0
98	12	261.7049	41.03564	0
98	13	323.5067	323.7551	0
98	14	393.2906	116.3297	0
98	15	338.3468	53.32913	0
98	16	423.5039	259.4845	0
98	17	363.4932	149.6723	0
98	18	341.031	76.45474	0
98	19	531.2485	445.0013	0
98	20	506.63	324.7671	0
98	21	534.9437	663.1553	0
98	22	562.8553	596.2164	0
98	23	393.6216	275.1135	0
98	24	308.0202	45.19852	0
98	25	553.5563	415.5157	0
98	26	437.4673	156.5432	0
98	27	465.3812	122.6736	0
98	28	460.4882	655.8453	0
98	29	231.9007	40.79031	0
98	30	242.2351	92.21436	0
98	31	573.6749	482.3508	0
98	32	185.96	-56.43817	0
98	33	299.0564	-4.468445	0
98	34	382.6975	421.6648	0
98	35	637.4006	599.4155	0
98	36	454.75	427.3827	0
98	37	395.3519	328.3245	0
98	38	604.8317	450.3491	0
98	39	317.1042	98.34601	0
98	40	370.2722	-0.3151855	0
98	41	445.4651	374.9579	0
98	42	479.4591	411.2425	0
98	43	432.2836	320.9059	0
99	1	401.352	368.7885	0
99	2	414.2372	86.83151	0
99	3	371.5854	371.9495	0
99	4	321.9273	271.3528	0
99	5	537.7823	531.545	0
99	6	495.4845	266.3378	0
99	7	473.4618	377.1899	0
99	8	547.4406	384.5701	0
99	9	408.104	54.16882	0
99	10	499.9166	477.9104	0
99	11	257.0709	-56.18103	0
99	12	261.7117	41.0289	0
99	13	323.4662	323.765	0
99	14	393.2908	116.3326	0
99	15	338.3217	53.35028	0
99	16	423.4967	259.4522	0
99	17	363.484	149.6608	0
99	18	341.0188	76.44214	0
99	19	531.2067	445.0168	0
99	20	506.5828	324.781	0
99	21	534.9497	663.1476	0
99	22	562.8666	596.2123	0
99	23	393.6265	275.1063	0
99	24	307.9642	45.20694	0
99	25	553.5215	415.4719	0
99	26	437.4238	156.5168	0
99	27	465.381	122.6768	0
99	28	460.4729	655.8309	0
99	29	231.9051	40.79031	0
99	30	242.1965	92.24194	0
99	31	573.6823	482.3627	0
99	32	185.9496	-56.44836	0
99	33	299.0168	-4.467346	0
99	34	382.6532	421.6792	0
99	35	637.4205	599.4179	0
99	36	454.7339	427.4038	0
99	37	395.3524	328.3156	0
99	38	604.8374	450.3428	0
99	39	317.111	98.34598	0
99	40	370.2769	-0.3152466	0
99	41	445.5155	374.9702	0
99	42	479.3964	411.2253	0
99	43	432.2854	320.8944	0
100	1	401.3494	368.7912	0
100	2	414.2341	86.8291	0
100	3	371.6119	371.9557	0
100	4	321.9303	271.3521	0
100	5	537.7786	531.5411	0
100	6	495.4978	266.345	0
100	7	473.4507	377.1921	0
100	8	547.4578	384.5791	0
100	9	408.095	54.17648	0
100	10	499.9391	477.9138	0
100	11	257.0722	-56.1842	0
100	12	261.7132	41.02646	0
100	13	323.4543	323.7672	0
100	14	393.2918	116.3328	0
100	15	338.315	53.35614	0
100	16	423.4935	259.4382	0
100	17	363.4822	149.6578	0
100	18	341.0162	76.43774	0
100	19	531.1952	445.0216	0
100	20	506.5688	324.7858	0
100	21	534.9512	663.1448	0
100	22	562.8694	596.2102	0
100	23	393.628	275.1043	0
100	24	307.9478	45.2106	0
100	25	553.5084	415.4595	0
100	26	437.4095	156.51	0
100	27	465.3817	122.677	0
100	28	460.4692	655.8265	0
100	29	231.9069	40.79019	0
100	30	242.1857	92.25082	0
100	31	573.6789	482.3654	0
100	32	185.9456	-56.45184	0
100	33	299.0049	-4.46582	0
100	34	382.641	421.6837	0
100	35	637.4299	599.42	0
100	36	454.7304	427.4087	0
100	37	395.3527	328.3128	0
100	38	604.8392	450.3408	0
100	39	317.1136	98.34604	0
100	40	370.2784	-0.3151855	0
100	41	445.5335	374.9734	0
100	42	479.3775	411.2191	0
100	43	432.2857	320.8905	0
101	1	401.3447	368.794	0
101	2	414.2313	86.82657	0
101	3	371.638	371.9624	0
101	4	321.933	271.3512	0
101	5	537.7742	531.5369	0
101	6	495.5088	266.3514	0
101	7	473.4396	377.1946	0
101	8	547.472	384.5872	0
101	9	408.0864	54.18387	0
101	10	499.9617	477.9173	0
101	11	257.0729	-56.18732	0
101	12	261.7147	41.02411	0
101	13	323.4423	323.7693	0
101	14	393.2931	116.3328	0
101	15	338.3091	53.36185	0
101	16	423.4893	259.4243	0
101	17	363.4808	149.6552	0
101	18	341.014	76.43427	0
101	19	531.1838	445.0267	0
101	20	506.5554	324.7907	0
101	21	534.952	663.1417	0
101	22	562.8716	596.2076	0
101	23	393.6294	275.1024	0
101	24	307.9318	45.2139	0
101	25	553.4943	415.4476	0
101	26	437.3952	156.5037	0
101	27	465.383	122.677	0
101	28	460.466	655.8232	0
101	29	231.9086	40.78989	0
101	30	242.1752	92.25943	0
101	31	573.6763	482.3619	0
101	32	185.9415	-56.45532	0
101	33	298.9931	-4.463562	0
101	34	382.6292	421.6884	0
101	35	637.441	599.4234	0
101	36	454.7278	427.4128	0
101	37	395.3531	328.3099	0
101	38	604.8412	450.3387	0
101	39	317.1164	98.34598	0
101	40	370.2802	-0.3151245	0
101	41	445.5527	374.9767	0
101	42	479.3592	411.2134	0
101	43	432.2863	320.8866	0
102	1	401.345	368.7826	0
102	2	414.2284	86.82391	0
102	3	371.6636	371.9698	0
102	4	321.9354	271.35	0
102	5	537.7691	531.5324	0
102	6	495.5175	266.3569	0
102	7	473.4285	377.1974	0
102	8	547.4838	384.5944	0
102	9	408.0781	54.19095	0
102	10	499.9846	477.9212	0
102	11	257.0731	-56.19067	0
102	12	261.7164	41.02197	0
102	13	323.4304	323.7719	0
102	14	393.2944	116.3328	0
102	15	338.304	53.3674	0
102	16	423.4838	259.4103	0
102	17	363.4801	149.6529	0
102	18	341.0124	76.4314	0
102	19	531.1725	445.0322	0
102	20	506.5425	324.7956	0
102	21	534.9522	663.1383	0
102	22	562.8735	596.2047	0
102	23	393.6307	275.1006	0
102	24	307.9159	45.21664	0
102	25	553.4794	415.4361	0
102	26	437.381	156.4981	0
102	27	465.3842	122.6771	0
102	28	460.4633	655.8196	0
102	29	231.9105	40.78973	0
102	30	242.1651	92.26785	0
102	31	573.676	482.3503	0
102	32	185.9376	-56.45874	0
102	33	298.9815	-4.461243	0
102	34	382.618	421.6931	0
102	35	637.4536	599.4269	0
102	36	454.7258	427.4162	0
102	37	395.3536	328.307	0
102	38	604.8431	450.3366	0
102	39	317.1195	98.3461	0
102	40	370.2821	-0.3150024	0
102	41	445.5732	374.98	0
102	42	479.3418	411.2097	0
102	43	432.2873	320.8826	0
103	1	401.3443	368.7709	0
103	2	414.2255	86.82089	0
103	3	371.6882	371.978	0
103	4	321.9376	271.3486	0
103	5	537.7638	531.528	0
103	6	495.5236	266.361	0
103	7	473.4174	377.2003	0
103	8	547.4927	384.6004	0
103	9	408.0706	54.19781	0
103	10	500.0078	477.9255	0
103	11	257.0731	-56.19421	0
103	12	261.718	41.01987	0
103	13	323.4184	323.7746	0
103	14	393.2958	116.3327	0
103	15	338.2996	53.37262	0
103	16	423.4773	259.3965	0
103	17	363.4804	149.6513	0
103	18	341.0114	76.42892	0
103	19	531.1614	445.0381	0
103	20	506.5301	324.8005	0
103	21	534.952	663.1346	0
103	22	562.8753	596.2019	0
103	23	393.632	275.0988	0
103	24	307.9001	45.21899	0
103	25	553.4636	415.4249	0
103	26	437.3669	156.4936	0
103	27	465.3856	122.677	0
103	28	460.4609	655.8152	0
103	29	231.9125	40.78964	0
103	30	242.1552	92.27585	0
103	31	573.6746	482.3386	0
103	32	185.9342	-56.4624	0
103	33	298.9701	-4.458801	0
103	34	382.6068	421.6982	0
103	35	637.4677	599.4305	0
103	36	454.7245	427.4189	0
103	37	395.3535	328.3043	0
103	38	604.845	450.3344	0
103	39	317.1228	98.34634	0
103	40	370.2843	-0.3150635	0
103	41	445.5945	374.9832	0
103	42	479.3244	411.2069	0
103	43	432.2878	320.8788	0
104	1	401.3423	368.7593	0
104	2	414.2222	86.81772	0
104	3	371.7117	371.9867	0
104	4	321.9395	271.3468	0
104	5	537.7587	531.5234	0
104	6	495.5268	266.3644	0
104	7	473.407	377.2034	0
104	8	547.4988	384.6049	0
104	9	408.0639	54.20456	0
104	10	500.0311	477.9303	0
104	11	257.0735	-56.19794	0
104	12	261.7195	41.01788	0
104	13	323.4064	323.7775	0
104	14	393.2973	116.3326	0
104	15	338.2956	53.37735	0
104	16	423.4699	259.3831	0
104	17	363.4819	149.6504	0
104	18	341.0114	76.42712	0
104	19	531.1506	445.0443	0
104	20	506.5181	324.8055	0
104	21	534.9523	663.1309	0
104	22	562.8772	596.1991	0
104	23	393.6335	275.0969	0
104	24	307.8841	45.22137	0
104	25	553.4467	415.4141	0
104	26	437.3527	156.49	0
104	27	465.3869	122.6769	0
104	28	460.4589	655.8115	0
104	29	231.9148	40.78958	0
104	30	242.1464	92.2836	0
104	31	573.672	482.3269	0
104	32	185.9314	-56.46552	0
104	33	298.9588	-4.456726	0
104	34	382.5956	421.7037	0
104	35	637.4828	599.4345	0
104	36	454.7238	427.4207	0
104	37	395.3533	328.3016	0
104	38	604.8468	450.332	0
104	39	317.1263	98.34683	0
104	40	370.2867	-0.3150024	0
104	41	445.6161	374.986	0
104	42	479.3071	411.2052	0
104	43	432.2877	320.8752	0
105	1	401.3394	368.7477	0
105	2	414.2184	86.81445	0
105	3	371.7338	371.9956	0
105	4	321.941	271.3447	0
105	5	537.7544	531.5184	0
105	6	495.5267	266.3673	0
105	7	473.3961	377.2067	0
105	8	547.5013	384.6086	0
105	9	408.0581	54.21094	0
105	10	500.0546	477.9355	0
105	11	257.0741	-56.20172	0
105	12	261.7208	41.01578	0
105	13	323.3949	323.7807	0
105	14	393.2988	116.3326	0
105	15	338.2921	53.38168	0
105	16	423.4612	259.3702	0
105	17	363.485	149.6504	0
105	18	341.0125	76.42593	0
105	19	531.1401	445.0512	0
105	20	506.5062	324.8109	0
105	21	534.9528	663.1272	0
105	22	562.879	596.1963	0
105	23	393.6349	275.0952	0
105	24	307.8683	45.22421	0
105	25	553.4288	415.404	0
105	26	437.3381	156.4871	0
105	27	465.3883	122.6768	0
105	28	460.4573	655.8084	0
105	29	231.9174	40.78955	0
105	30	242.1386	92.29111	0
105	31	573.6685	482.3152	0
105	32	185.929	-56.46777	0
105	33	298.9476	-4.455017	0
105	34	382.5846	421.7095	0
105	35	637.4995	599.4384	0
105	36	454.7235	427.4217	0
105	37	395.3532	328.2988	0
105	38	604.8486	450.3293	0
105	39	317.1299	98.3472	0
105	40	370.2894	-0.3148804	0
105	41	445.6387	374.9885	0
105	42	479.2896	411.2057	0
105	43	432.2877	320.8715	0
106	1	401.3356	368.7361	0
106	2	414.2144	86.81119	0
106	3	371.754	372.0046	0
106	4	321.9424	271.3424	0
106	5	537.7507	531.5145	0
106	6	495.5245	266.37	0
106	7	473.385	377.21	0
106	8	547.5004	384.6119	0
106	9	408.0532	54.21698	0
106	10	500.0778	477.9412	0
106	11	257.075	-56.20557	0
106	12	261.7222	41.01373	0
106	13	323.3835	323.7841	0
106	14	393.3005	116.3326	0
106	15	338.2891	53.38559	0
106	16	423.4507	259.3577	0
106	17	363.4893	149.6508	0
106	18	341.0154	76.42563	0
106	19	531.1297	445.0587	0
106	20	506.4943	324.8166	0
106	21	534.9536	663.1235	0
106	22	562.8808	596.1937	0
106	23	393.6363	275.0935	0
106	24	307.8523	45.22733	0
106	25	553.4103	415.3947	0
106	26	437.3237	156.4832	0
106	27	465.3899	122.6768	0
106	28	460.4562	655.8054	0
106	29	231.9204	40.7894	0
106	30	242.1317	92.29837	0
106	31	573.6641	482.3035	0
106	32	185.927	-56.47076	0
106	33	298.9364	-4.453491	0
106	34	382.5739	421.7157	0
106	35	637.5177	599.4418	0
106	36	454.7238	427.422	0
106	37	395.3533	328.2961	0
106	38	604.8504	450.3264	0
106	39	317.1337	98.34753	0
106	40	370.2922	-0.3146362	0
106	41	445.6624	374.9911	0
106	42	479.2721	411.2075	0
106	43	432.2877	320.8678	0
107	1	401.3308	368.7244	0
107	2	414.2107	86.80789	0
107	3	371.7722	372.0137	0
107	4	321.9438	271.3402	0
107	5	537.7474	531.5112	0
107	6	495.5201	266.3726	0
107	7	473.3745	377.2136	0
107	8	547.4972	384.6149	0
107	9	408.0486	54.2225	0
107	10	500.1007	477.9475	0
107	11	257.0752	-56.20905	0
107	12	261.7236	41.01175	0
107	13	323.3716	323.7875	0
107	14	393.3024	116.3326	0
107	15	338.2866	53.38901	0
107	16	423.4391	259.3456	0
107	17	363.495	149.6517	0
107	18	341.0197	76.42606	0
107	19	531.1194	445.067	0
107	20	506.4826	324.8226	0
107	21	534.9538	663.1198	0
107	22	562.8826	596.1913	0
107	23	393.6378	275.0919	0
107	24	307.8365	45.2308	0
107	25	553.3916	415.3861	0
107	26	437.3095	156.4785	0
107	27	465.3916	122.6769	0
107	28	460.456	655.8032	0
107	29	231.9236	40.7894	0
107	30	242.1257	92.30515	0
107	31	573.6586	482.2917	0
107	32	185.9254	-56.47394	0
107	33	298.9252	-4.451721	0
107	34	382.5636	421.7225	0
107	35	637.5373	599.4452	0
107	36	454.7247	427.422	0
107	37	395.3531	328.2935	0
107	38	604.8513	450.3232	0
107	39	317.1379	98.34784	0
107	40	370.2951	-0.314209	0
107	41	445.6871	374.9937	0
107	42	479.2545	411.2101	0
107	43	432.288	320.8642	0
108	1	401.3253	368.713	0
108	2	414.2075	86.80435	0
108	3	371.7876	372.0219	0
108	4	321.9453	271.3382	0
108	5	537.7445	531.5068	0
108	6	495.52	266.3626	0
108	7	473.3643	377.2173	0
108	8	547.4932	384.6146	0
108	9	408.0447	54.22745	0
108	10	500.1228	477.9546	0
108	11	257.0751	-56.21228	0
108	12	261.7251	41.0098	0
108	13	323.3601	323.7912	0
108	14	393.3045	116.3326	0
108	15	338.2846	53.39178	0
108	16	423.4265	259.3336	0
108	17	363.5022	149.6529	0
108	18	341.0254	76.42685	0
108	19	531.1096	445.0753	0
108	20	506.4713	324.8293	0
108	21	534.9534	663.1161	0
108	22	562.8843	596.189	0
108	23	393.6393	275.0903	0
108	24	307.8212	45.23453	0
108	25	553.3731	415.3783	0
108	26	437.2961	156.4755	0
108	27	465.3936	122.6768	0
108	28	460.4568	655.8016	0
108	29	231.9271	40.78958	0
108	30	242.1203	92.31143	0
108	31	573.6525	482.2806	0
108	32	185.9241	-56.47632	0
108	33	298.914	-4.449646	0
108	34	382.5533	421.73	0
108	35	637.5581	599.4485	0
108	36	454.7261	427.4218	0
108	37	395.3518	328.291	0
108	38	604.8517	450.3198	0
108	39	317.1421	98.34802	0
108	40	370.2982	-0.3139038	0
108	41	445.7127	374.9965	0
108	42	479.2371	411.2137	0
108	43	432.2873	320.8607	0
109	1	401.3189	368.7022	0
109	2	414.2047	86.80161	0
109	3	371.8003	372.0293	0
109	4	321.9467	271.3362	0
109	5	537.7421	531.5024	0
109	6	495.5192	266.3513	0
109	7	473.3546	377.2209	0
109	8	547.4932	384.6018	0
109	9	408.0413	54.23193	0
109	10	500.1442	477.9624	0
109	11	257.0752	-56.21564	0
109	12	261.7264	41.00781	0
109	13	323.3492	323.795	0
109	14	393.3069	116.3326	0
109	15	338.2834	53.39423	0
109	16	423.4131	259.3221	0
109	17	363.5109	149.6548	0
109	18	341.0326	76.42816	0
109	19	531.1001	445.0837	0
109	20	506.4603	324.8367	0
109	21	534.9532	663.1124	0
109	22	562.886	596.1867	0
109	23	393.6407	275.0886	0
109	24	307.806	45.23862	0
109	25	553.3546	415.3716	0
109	26	437.2829	156.4734	0
109	27	465.3958	122.6768	0
109	28	460.4591	655.8008	0
109	29	231.9308	40.79001	0
109	30	242.1154	92.31708	0
109	31	573.6455	482.27	0
109	32	185.9233	-56.47839	0
109	33	298.9027	-4.447449	0
109	34	382.5431	421.7381	0
109	35	637.5804	599.452	0
109	36	454.7276	427.4215	0
109	37	395.3498	328.2885	0
109	38	604.8515	450.3162	0
109	39	317.1462	98.34808	0
109	40	370.3015	-0.3136597	0
109	41	445.7393	374.9996	0
109	42	479.2199	411.2182	0
109	43	432.2851	320.8574	0
110	1	401.3111	368.6917	0
110	2	414.2025	86.79941	0
110	3	371.8107	372.0359	0
110	4	321.9481	271.3343	0
110	5	537.74	531.4991	0
110	6	495.5173	266.3399	0
110	7	473.3452	377.2247	0
110	8	547.4919	384.5889	0
110	9	408.0386	54.23572	0
110	10	500.1645	477.9705	0
110	11	257.0754	-56.21887	0
110	12	261.7278	41.00577	0
110	13	323.3387	323.7989	0
110	14	393.3095	116.3326	0
110	15	338.2826	53.39609	0
110	16	423.3989	259.311	0
110	17	363.5213	149.6581	0
110	18	341.0416	76.4299	0
110	19	531.091	445.092	0
110	20	506.4493	324.8449	0
110	21	534.9531	663.1086	0
110	22	562.8879	596.1843	0
110	23	393.6423	275.0868	0
110	24	307.7903	45.24298	0
110	25	553.3361	415.3661	0
110	26	437.2697	156.4718	0
110	27	465.3983	122.6769	0
110	28	460.4627	655.8008	0
110	29	231.9346	40.79041	0
110	30	242.1113	92.32214	0
110	31	573.6368	482.2596	0
110	32	185.923	-56.4801	0
110	33	298.8917	-4.444946	0
110	34	382.5333	421.7464	0
110	35	637.6034	599.4553	0
110	36	454.7292	427.4211	0
110	37	395.3471	328.2862	0
110	38	604.8516	450.3124	0
110	39	317.1499	98.3479	0
110	40	370.3052	-0.3134155	0
110	41	445.7664	375.0031	0
110	42	479.2031	411.2232	0
110	43	432.282	320.8542	0
111	1	401.302	368.6816	0
111	2	414.2005	86.79636	0
111	3	371.8185	372.0415	0
111	4	321.9493	271.3325	0
111	5	537.7385	531.496	0
111	6	495.5145	266.3287	0
111	7	473.3361	377.2285	0
111	8	547.4893	384.576	0
111	9	408.0366	54.23889	0
111	10	500.1834	477.9788	0
111	11	257.0757	-56.22192	0
111	12	261.7291	41.00372	0
111	13	323.3285	323.8028	0
111	14	393.3123	116.3329	0
111	15	338.2822	53.39746	0
111	16	423.3839	259.3002	0
111	17	363.5334	149.6617	0
111	18	341.0523	76.43307	0
111	19	531.0823	445.1	0
111	20	506.4386	324.8535	0
111	21	534.9532	663.1048	0
111	22	562.8898	596.1823	0
111	23	393.6439	275.085	0
111	24	307.7751	45.24765	0
111	25	553.3172	415.3616	0
111	26	437.2563	156.4715	0
111	27	465.4009	122.6771	0
111	28	460.4676	655.8013	0
111	29	231.9386	40.79065	0
111	30	242.1081	92.32635	0
111	31	573.6272	482.2495	0
111	32	185.9236	-56.48132	0
111	33	298.8811	-4.4422	0
111	34	382.524	421.7546	0
111	35	637.6269	599.4583	0
111	36	454.7308	427.4206	0
111	37	395.3441	328.2839	0
111	38	604.8521	450.3086	0
111	39	317.1532	98.34753	0
111	40	370.3088	-0.3132935	0
111	41	445.7941	375.007	0
111	42	479.1865	411.228	0
111	43	432.2781	320.8511	0
112	1	401.2921	368.6717	0
112	2	414.1988	86.7934	0
112	3	371.8236	372.0457	0
112	4	321.9505	271.3306	0
112	5	537.7375	531.4932	0
112	6	495.5107	266.3174	0
112	7	473.3271	377.2327	0
112	8	547.4857	384.5632	0
112	9	408.0353	54.24155	0
112	10	500.2006	477.9872	0
112	11	257.0746	-56.22491	0
112	12	261.7305	41.00162	0
112	13	323.3188	323.8068	0
112	14	393.3152	116.3333	0
112	15	338.2823	53.39828	0
112	16	423.368	259.2899	0
112	17	363.547	149.6656	0
112	18	341.0648	76.43701	0
112	19	531.074	445.1078	0
112	20	506.4283	324.8622	0
112	21	534.9521	663.1012	0
112	22	562.8917	596.1802	0
112	23	393.6455	275.0832	0
112	24	307.7607	45.25266	0
112	25	553.2982	415.357	0
112	26	437.2429	156.4724	0
112	27	465.4037	122.6774	0
112	28	460.4738	655.8021	0
112	29	231.943	40.79089	0
112	30	242.1055	92.3299	0
112	31	573.6168	482.2395	0
112	32	185.9251	-56.48206	0
112	33	298.8701	-4.439209	0
112	34	382.5149	421.7627	0
112	35	637.6517	599.4611	0
112	36	454.7325	427.4202	0
112	37	395.3409	328.2817	0
112	38	604.8529	450.3047	0
112	39	317.1563	98.34695	0
112	40	370.3122	-0.3132935	0
112	41	445.8218	375.0113	0
112	42	479.1703	411.2322	0
112	43	432.2738	320.8481	0
113	1	401.2814	368.662	0
113	2	414.1975	86.79114	0
113	3	371.8253	372.0496	0
113	4	321.9518	271.3288	0
113	5	537.7377	531.4913	0
113	6	495.5059	266.3061	0
113	7	473.3182	377.2372	0
113	8	547.4811	384.5504	0
113	9	408.0345	54.24371	0
113	10	500.2154	477.9952	0
113	11	257.0723	-56.22797	0
113	12	261.7319	40.99939	0
113	13	323.3092	323.8111	0
113	14	393.3183	116.3336	0
113	15	338.2827	53.39868	0
113	16	423.351	259.2803	0
113	17	363.5616	149.6696	0
113	18	341.0792	76.44116	0
113	19	531.0667	445.1153	0
113	20	506.4184	324.8708	0
113	21	534.9498	663.0978	0
113	22	562.8937	596.1784	0
113	23	393.6471	275.0814	0
113	24	307.7467	45.25772	0
113	25	553.2794	415.3505	0
113	26	437.2295	156.4738	0
113	27	465.4066	122.6777	0
113	28	460.4815	655.8035	0
113	29	231.9476	40.79108	0
113	30	242.1039	92.33286	0
113	31	573.6057	482.23	0
113	32	185.9279	-56.48206	0
113	33	298.8591	-4.436218	0
113	34	382.5062	421.7705	0
113	35	637.6774	599.4639	0
113	36	454.7344	427.4198	0
113	37	395.3377	328.2794	0
113	38	604.8533	450.301	0
113	39	317.1593	98.34619	0
113	40	370.3153	-0.3134155	0
113	41	445.8498	375.0158	0
113	42	479.1539	411.2357	0
113	43	432.2695	320.8451	0
114	1	401.2701	368.6528	0
114	2	414.1966	86.78912	0
114	3	371.8239	372.053	0
114	4	321.9532	271.327	0
114	5	537.7393	531.4901	0
114	6	495.5002	266.295	0
114	7	473.3094	377.2419	0
114	8	547.4753	384.5375	0
114	9	408.0342	54.24509	0
114	10	500.2275	478.0024	0
114	11	257.0691	-56.2309	0
114	12	261.7333	40.99707	0
114	13	323.2996	323.8157	0
114	14	393.3215	116.3339	0
114	15	338.2836	53.3989	0
114	16	423.3335	259.2712	0
114	17	363.5774	149.6738	0
114	18	341.0947	76.44556	0
114	19	531.0602	445.1226	0
114	20	506.4089	324.8792	0
114	21	534.9465	663.0947	0
114	22	562.8958	596.1766	0
114	23	393.6487	275.0794	0
114	24	307.7334	45.26285	0
114	25	553.2615	415.3455	0
114	26	437.2161	156.4758	0
114	27	465.4097	122.678	0
114	28	460.4908	655.806	0
114	29	231.9519	40.79102	0
114	30	242.1028	92.33508	0
114	31	573.5939	482.2209	0
114	32	185.9318	-56.48157	0
114	33	298.8487	-4.432739	0
114	34	382.498	421.7781	0
114	35	637.7042	599.4666	0
114	36	454.7365	427.4195	0
114	37	395.3347	328.277	0
114	38	604.853	450.2974	0
114	39	317.162	98.34497	0
114	40	370.3181	-0.3136597	0
114	41	445.8781	375.0208	0
114	42	479.1374	411.2388	0
114	43	432.2653	320.8419	0
115	1	401.2581	368.6439	0
115	2	414.1962	86.78748	0
115	3	371.8203	372.0562	0
115	4	321.9544	271.3253	0
115	5	537.7424	531.4898	0
115	6	495.494	266.2844	0
115	7	473.3009	377.2471	0
115	8	547.4687	384.5251	0
115	9	408.0344	54.246	0
115	10	500.2375	478.0088	0
115	11	257.0654	-56.2337	0
115	12	261.7348	40.99472	0
115	13	323.2902	323.8206	0
115	14	393.3251	116.3341	0
115	15	338.2849	53.39893	0
115	16	423.3159	259.2628	0
115	17	363.595	149.6775	0
115	18	341.1114	76.45016	0
115	19	531.0548	445.1295	0
115	20	506.3997	324.8873	0
115	21	534.9427	663.0916	0
115	22	562.8979	596.1747	0
115	23	393.6502	275.0772	0
115	24	307.7206	45.26807	0
115	25	553.2442	415.3421	0
115	26	437.2028	156.4787	0
115	27	465.4131	122.6783	0
115	28	460.5015	655.8091	0
115	29	231.9559	40.79077	0
115	30	242.1024	92.33658	0
115	31	573.5814	482.2119	0
115	32	185.9368	-56.48065	0
115	33	298.8387	-4.42926	0
115	34	382.4908	421.7854	0
115	35	637.732	599.4695	0
115	36	454.7389	427.4192	0
115	37	395.3317	328.2746	0
115	38	604.8528	450.2937	0
115	39	317.1645	98.34351	0
115	40	370.3208	-0.3141479	0
115	41	445.9067	375.0263	0
115	42	479.1209	411.2425	0
115	43	432.2611	320.8388	0
17	1	399.5792	369.3237	0
18	1	399.5917	369.3375	0
18	2	415.7303	84.47015	0
19	1	399.5836	369.3322	0
19	2	415.7086	84.49243	0
19	3	372.0718	372.3124	0
20	1	399.5763	369.2938	0
20	2	415.6943	84.50989	0
20	3	372.0574	372.2985	0
20	4	322.2713	270.6012	0
21	1	399.5587	369.2561	0
21	2	415.6874	84.52048	0
21	3	372.041	372.2829	0
21	4	322.282	270.6017	0
21	5	539.6253	533.1779	0
22	1	399.5295	369.222	0
22	2	415.6867	84.52414	0
22	3	372.0306	372.2698	0
22	4	322.2951	270.6028	0
22	5	539.7228	533.2047	0
22	6	497.3976	264.426	0
23	1	399.4916	369.191	0
23	2	415.6908	84.52396	0
23	3	372.0255	372.259	0
23	4	322.3082	270.6028	0
23	5	539.808	533.2399	0
23	6	497.4577	264.4551	0
23	7	472.4081	376.8743	0
24	1	399.446	369.1644	0
24	2	415.696	84.52325	0
24	3	372.0316	372.2554	0
24	4	322.3183	270.6003	0
24	5	539.8654	533.2724	0
24	6	497.4876	264.4745	0
24	7	472.3945	376.841	0
24	8	545.9418	383.1721	0
25	1	399.399	369.1448	0
25	2	415.7036	84.52289	0
25	3	372.0537	372.2588	0
25	4	322.3256	270.5945	0
25	5	539.8887	533.2914	0
25	6	497.483	264.4862	0
25	7	472.3716	376.8106	0
25	8	545.9472	383.1707	0
25	9	408.0891	53.88455	0
26	1	399.35	369.1311	0
26	2	415.7142	84.52359	0
26	3	372.0945	372.2703	0
26	4	322.3306	270.5869	0
26	5	539.8799	533.2939	0
26	6	497.4773	264.4508	0
26	7	472.3399	376.7829	0
26	8	545.9546	383.1698	0
26	9	408.0375	53.88885	0
27	1	399.3038	369.1213	0
27	2	415.7273	84.52435	0
27	3	372.1512	372.2836	0
27	4	322.3354	270.5801	0
27	5	539.8732	533.2467	0
27	6	497.462	264.4086	0
27	7	472.3016	376.7586	0
27	8	545.9655	383.1697	0
27	9	407.9875	53.89935	0
27	10	502.2193	480.0493	0
28	1	399.2575	369.1235	0
28	2	415.7397	84.52377	0
28	3	372.2232	372.2956	0
28	4	322.3399	270.5737	0
28	5	539.8536	533.1999	0
28	6	497.4353	264.3693	0
28	7	472.2602	376.7397	0
28	8	545.9791	383.1708	0
28	9	407.9393	53.9072	0
28	10	502.2559	480.0597	0
28	11	256.8879	-50.9386	0
29	1	399.2118	369.134	0
29	2	415.7495	84.52051	0
29	3	372.3053	372.3054	0
29	4	322.3444	270.5676	0
29	5	539.8204	533.1579	0
29	6	497.3965	264.3336	0
29	7	472.2179	376.7279	0
29	8	545.9933	383.1705	0
29	9	407.891	53.91711	0
29	10	502.3065	480.0713	0
29	11	256.9348	-50.92712	0
29	12	264.1383	45.07571	0
30	1	399.1682	369.1438	0
30	2	415.7563	84.51382	0
30	3	372.3994	372.3157	0
30	4	322.3492	270.5609	0
30	5	539.7752	533.1198	0
30	6	497.3492	264.3019	0
30	7	472.1768	376.7171	0
30	8	546.0043	383.1678	0
30	9	407.8441	53.93027	0
30	10	502.371	480.0817	0
30	11	256.9938	-50.91687	0
30	12	264.1372	45.08017	0
30	13	322.3696	325.4059	0
31	1	399.1245	369.1535	0
31	2	415.7614	84.50638	0
31	3	372.5006	372.3305	0
31	4	322.3542	270.5532	0
31	5	539.7202	533.0865	0
31	6	497.2961	264.2763	0
31	7	472.1368	376.7165	0
31	8	546.0125	383.1616	0
31	9	407.8011	53.9458	0
31	10	502.4444	480.0905	0
31	11	257.0603	-50.90936	0
31	12	264.1404	45.08072	0
31	13	322.362	325.3953	0
31	14	394.2767	116.1547	0
32	1	399.0821	369.1658	0
32	2	415.7662	84.49979	0
32	3	372.6054	372.3502	0
32	4	322.3561	270.5432	0
32	5	539.6613	533.0616	0
32	6	497.2426	264.2607	0
32	7	472.097	376.7242	0
32	8	546.0179	383.1533	0
32	9	407.7621	53.96326	0
32	10	502.5284	480.0997	0
32	11	257.1367	-50.90002	0
32	12	264.1451	45.08063	0
32	13	322.3592	325.3876	0
32	14	394.2784	116.1461	0
32	15	336.9817	50.00568	0
33	1	399.0821	369.1658	0
33	2	415.7662	84.49979	0
33	3	372.6054	372.3502	0
33	4	322.3561	270.5432	0
33	5	539.6613	533.0616	0
33	6	497.2426	264.2607	0
33	7	472.097	376.7242	0
33	8	546.0179	383.1533	0
33	9	407.7621	53.96326	0
33	10	502.5284	480.0997	0
33	11	257.1367	-50.90002	0
33	12	264.1451	45.08063	0
33	13	322.3592	325.3876	0
33	14	394.2784	116.1461	0
33	15	336.9817	50.00568	0
33	16	424.4191	262.4556	0
