17	1	1006.13	679.9192	0
18	1	1005.982	679.6755	0
18	2	470.4695	671.1999	0
19	1	1005.775	679.3339	0
19	2	470.4451	670.801	0
19	3	922.5413	295.4944	0
20	1	1005.516	678.9073	0
20	2	470.4148	670.3029	0
20	3	922.043	295.4673	0
20	4	475.3763	-319.0237	0
21	1	1005.212	678.407	0
21	2	470.3793	669.7188	0
21	3	921.4587	295.4355	0
21	4	475.3597	-318.4388	0
21	5	-92.47498	673.7007	0
22	1	1004.87	677.843	0
22	2	470.3391	669.0601	0
22	3	920.7997	295.3997	0
22	4	475.3409	-317.7792	0
22	5	-91.85999	673.4615	0
22	6	-165.8322	-283.6972	0
23	1	1004.494	677.2236	0
23	2	470.2951	668.3369	0
23	3	920.0762	295.3604	0
23	4	475.3203	-317.0549	0
23	5	-91.18463	673.1991	0
23	6	-165.2914	-283.215	0
23	7	-111.9369	202.4931	0
24	1	1004.089	676.5563	0
24	2	470.2477	667.5577	0
24	3	919.2967	295.318	0
24	4	475.2982	-316.2745	0
24	5	-90.45707	672.9163	0
24	6	-164.7088	-282.6954	0
24	7	-111.233	202.1556	0
24	8	1069.329	-282.9009	0
25	1	1003.658	675.8474	0
25	2	470.1973	666.73	0
25	3	918.4688	295.2729	0
25	4	475.2746	-315.4456	0
25	5	-89.68416	672.6158	0
25	6	-164.0899	-282.1435	0
25	7	-110.4853	201.7971	0
25	8	1068.567	-282.574	0
26	1	1003.206	675.1025	0
26	2	470.1443	665.8602	0
26	3	917.5987	295.2256	0
26	4	475.2498	-314.5747	0
26	5	-88.87202	672.3002	0
26	6	-163.4395	-281.5636	0
26	7	-109.6996	201.4204	0
26	8	1067.766	-282.2306	0
27	1	1002.735	674.3265	0
27	2	470.0892	664.9541	0
27	3	916.6922	295.1763	0
27	4	475.224	-313.6671	0
27	5	-88.02588	671.9713	0
27	6	-162.7619	-280.9593	0
27	7	-108.881	201.0279	0
27	8	1066.932	-281.8728	0
28	1	1002.248	673.5234	0
28	2	470.0321	664.0164	0
28	3	915.7542	295.1252	0
28	4	475.1973	-312.7281	0
28	5	-87.15024	671.6309	0
28	6	-162.0607	-280.334	0
28	7	-108.0338	200.6217	0
28	8	1066.068	-281.5025	0
29	1	1001.746	672.6968	0
29	2	469.9733	663.0513	0
29	3	914.7886	295.0727	0
29	4	475.1698	-311.7615	0
29	5	-86.24902	671.2806	0
29	6	-161.339	-279.6904	0
29	7	-107.162	200.2037	0
29	8	1065.18	-281.1214	0
30	1	1001.232	671.85	0
30	2	469.9131	662.0624	0
30	3	913.7996	295.0189	0
30	4	475.1416	-310.7713	0
30	5	-85.32568	670.9217	0
30	6	-160.5996	-279.0311	0
30	7	-106.2687	199.7755	0
30	8	1064.269	-280.731	0
31	1	1000.707	670.9855	0
31	2	469.8517	661.053	0
31	3	912.7897	294.964	0
31	4	475.1129	-309.7604	0
31	5	-84.38314	670.5553	0
31	6	-159.8449	-278.3582	0
31	7	-105.3568	199.3383	0
31	8	1063.34	-280.3324	0
32	1	1000.173	670.1058	0
32	2	469.7891	660.0258	0
32	3	911.7622	294.9081	0
32	4	475.0836	-308.7318	0
32	5	-83.42394	670.1825	0
32	6	-159.0768	-277.6732	0
32	7	-104.4289	198.8934	0
32	8	1062.394	-279.9267	0
33	1	999.631	669.2129	0
33	2	469.7256	658.9832	0
33	3	910.7192	294.8514	0
33	4	475.0539	-307.6877	0
33	5	-82.45036	669.804	0
33	6	-158.2972	-276.978	0
33	7	-103.487	198.4418	0
33	8	1061.434	-279.515	0
34	1	999.0822	668.3085	0
34	2	469.6614	657.9272	0
34	3	909.6628	294.7939	0
34	4	475.0239	-306.6301	0
34	5	-81.46426	669.4207	0
34	6	-157.5076	-276.2739	0
34	7	-102.533	197.9844	0
34	8	1060.462	-279.098	0
34	9	-26.12526	651.479	0
35	1	998.5271	667.3942	0
35	2	469.5964	656.8596	0
35	3	908.5948	294.7358	0
35	4	474.9934	-305.5611	0
35	5	-80.46736	669.0332	0
35	6	-156.7093	-275.562	0
35	7	-101.5686	197.522	0
35	8	1059.479	-278.6765	0
35	9	-26.00618	651.2201	0
36	1	997.9669	666.4713	0
36	2	469.5308	655.7819	0
36	3	907.5168	294.6772	0
36	4	474.9627	-304.4818	0
36	5	-79.46104	668.642	0
36	6	-155.9035	-274.8434	0
36	7	-100.595	197.0552	0
36	8	1058.486	-278.2509	0
36	9	-25.83919	650.8569	0
36	10	898.9268	686.6777	0
37	1	997.4021	665.541	0
37	2	469.4646	654.6956	0
37	3	906.4299	294.6181	0
37	4	474.9318	-303.3939	0
37	5	-78.44662	668.2477	0
37	6	-155.0912	-274.1191	0
37	7	-99.61359	196.5847	0
37	8	1057.486	-277.822	0
37	9	-25.63072	650.4036	0
37	10	898.6651	686.5649	0
37	11	490.9853	738.6843	0
38	1	996.8334	664.6041	0
38	2	469.398	653.6016	0
38	3	905.3357	294.5585	0
38	4	474.9006	-302.2983	0
38	5	-77.42516	667.8506	0
38	6	-154.2732	-273.3897	0
38	7	-98.62535	196.1109	0
38	8	1056.479	-277.39	0
38	9	-25.38624	649.8718	0
38	10	898.298	686.4069	0
38	11	490.9635	738.4001	0
38	12	421.4831	-320.0659	0
39	1	996.2613	663.6616	0
39	2	469.331	652.5012	0
39	3	904.2349	294.4987	0
39	4	474.8693	-301.1963	0
39	5	-76.39756	667.4512	0
39	6	-153.4503	-272.6559	0
39	7	-97.63123	195.6342	0
39	8	1055.466	-276.9554	0
39	9	-25.11057	649.2723	0
39	10	897.8397	686.2095	0
39	11	490.933	738.0016	0
39	12	421.683	-319.8627	0
40	1	995.6863	662.7144	0
40	2	469.2637	651.3951	0
40	3	903.1282	294.4384	0
40	4	474.8378	-300.0886	0
40	5	-75.36465	667.0497	0
40	6	-152.6232	-271.9183	0
40	7	-96.63196	195.1552	0
40	8	1054.447	-276.5186	0
40	9	-24.80786	648.614	0
40	10	897.3022	685.978	0
40	11	490.8948	737.5039	0
40	12	421.9632	-319.5779	0
41	1	995.1087	661.7628	0
41	2	469.196	650.2841	0
41	3	902.0168	294.378	0
41	4	474.8062	-298.9759	0
41	5	-74.32717	666.6465	0
41	6	-151.7924	-271.1776	0
41	7	-95.62827	194.674	0
41	8	1053.424	-276.0799	0
41	9	-24.48163	647.9047	0
41	10	896.6962	685.7169	0
41	11	490.8501	736.9205	0
41	12	422.3132	-319.222	0
41	13	1049.065	-370.5784	0
42	1	994.5289	660.8077	0
42	2	469.1281	649.1688	0
42	3	900.901	294.3173	0
42	4	474.7744	-297.859	0
42	5	-73.28571	666.2416	0
42	6	-150.9585	-270.4339	0
42	7	-94.62067	194.1909	0
42	8	1052.397	-275.6395	0
42	9	-24.13461	647.151	0
42	10	896.0308	685.4303	0
42	11	490.7996	736.2625	0
42	12	422.7236	-318.8048	0
42	13	1048.811	-370.449	0
43	1	993.9471	659.8494	0
43	2	469.06	648.0497	0
43	3	899.7817	294.2564	0
43	4	474.7425	-296.7384	0
43	5	-72.24088	665.8354	0
43	6	-150.1217	-269.6878	0
43	7	-93.60979	193.7062	0
43	8	1051.367	-275.1976	0
43	9	-23.76921	646.3589	0
43	10	895.3137	685.1215	0
43	11	490.7442	735.5402	0
43	12	423.1863	-318.3345	0
43	13	1048.455	-370.2675	0
43	14	-189.649	244.2986	0
44	1	993.3637	658.8883	0
44	2	468.9917	646.9276	0
44	3	898.6591	294.1953	0
44	4	474.7105	-295.6146	0
44	5	-71.1935	665.4283	0
44	6	-149.2827	-268.9395	0
44	7	-92.59602	193.2202	0
44	8	1050.334	-274.7545	0
44	9	-23.38758	645.5332	0
44	10	894.5522	684.7935	0
44	11	490.6846	734.7617	0
44	12	423.6944	-317.8179	0
44	13	1048.01	-370.0409	0
44	14	-189.4378	244.1073	0
45	1	992.7789	657.9249	0
45	2	468.9232	645.8026	0
45	3	897.5337	294.1341	0
45	4	474.6785	-294.488	0
45	5	-70.1442	665.0205	0
45	6	-148.4423	-268.1893	0
45	7	-91.57975	192.7329	0
45	8	1049.298	-274.3102	0
45	9	-22.99152	644.6782	0
45	10	893.7518	684.4489	0
45	11	490.6211	733.9349	0
45	12	424.2419	-317.2614	0
45	13	1047.489	-369.7753	0
45	14	-189.1415	243.8391	0
45	15	-99.20212	-282.2234	0
46	1	992.1929	656.9594	0
46	2	468.8545	644.6752	0
46	3	896.4059	294.0728	0
46	4	474.6464	-293.359	0
46	5	-69.09351	664.6121	0
46	6	-147.6012	-267.437	0
46	7	-90.56126	192.2446	0
46	8	1048.26	-273.8651	0
46	9	-22.58276	643.7977	0
46	10	892.9182	684.0897	0
46	11	490.5545	733.0662	0
46	12	424.8234	-316.6702	0
46	13	1046.901	-369.4755	0
46	14	-188.7715	243.5041	0
46	15	-99.06429	-281.9733	0
47	1	991.6057	655.9921	0
47	2	468.7858	643.5458	0
47	3	895.257	294.015	0
47	4	474.6142	-292.2279	0
47	5	-68.04187	664.2034	0
47	6	-146.7598	-266.683	0
47	7	-89.54093	191.7554	0
47	8	1047.22	-273.419	0
47	9	-22.16262	642.8949	0
47	10	892.0552	683.7181	0
47	11	490.4851	732.161	0
47	12	425.4344	-316.0491	0
47	13	1046.255	-369.1465	0
47	14	-188.3378	243.1113	0
47	15	-98.87039	-281.6228	0
47	16	922.5202	289.0387	0
48	1	991.0176	655.0233	0
48	2	468.7169	642.4146	0
48	3	894.0906	293.9599	0
48	4	474.582	-291.0951	0
48	5	-66.98967	663.7947	0
48	6	-145.9185	-265.9273	0
48	7	-88.51898	191.2655	0
48	8	1046.178	-272.9724	0
48	9	-21.73247	641.9728	0
48	10	891.1672	683.3357	0
48	11	490.4133	731.2243	0
48	12	426.071	-315.4018	0
48	13	1045.56	-368.7921	0
48	14	-187.8486	242.6684	0
48	15	-98.62765	-281.1854	0
48	16	922.2689	289.0191	0
49	1	990.4287	654.0532	0
49	2	468.6479	641.2817	0
49	3	892.9095	293.907	0
49	4	474.5497	-289.9606	0
49	5	-65.9372	663.3859	0
49	6	-145.0777	-265.1701	0
49	7	-87.49564	190.7748	0
49	8	1045.135	-272.525	0
49	9	-21.29338	641.0337	0
49	10	890.2573	682.9438	0
49	11	490.3394	730.2603	0
49	12	426.7298	-314.732	0
49	13	1044.821	-368.4155	0
49	14	-187.3116	242.182	0
49	15	-98.34222	-280.6728	0
49	16	921.9154	288.9919	0
50	1	989.8391	653.0818	0
50	2	468.5789	640.1476	0
50	3	891.7163	293.8557	0
50	4	474.5174	-288.8248	0
50	5	-64.8847	662.9773	0
50	6	-144.2375	-264.4113	0
50	7	-86.47101	190.2836	0
50	8	1044.091	-272.0771	0
50	9	-20.84639	640.0797	0
50	10	889.3286	682.5438	0
50	11	490.2636	729.2725	0
50	12	427.4078	-314.0427	0
50	13	1044.045	-368.0199	0
50	14	-186.733	241.658	0
50	15	-98.01946	-280.0952	0
50	16	921.4728	288.9583	0
51	1	989.2489	652.1095	0
51	2	468.5098	639.0122	0
51	3	890.5132	293.8057	0
51	4	474.4851	-287.6878	0
51	5	-63.83234	662.569	0
51	6	-143.3983	-263.6511	0
51	7	-85.44536	189.7918	0
51	8	1043.046	-271.6288	0
51	9	-20.39239	639.1128	0
51	10	888.3834	682.1367	0
51	11	490.1863	728.2642	0
51	12	428.1026	-313.3365	0
51	13	1043.236	-367.6076	0
51	14	-186.1183	241.1014	0
51	15	-97.66412	-279.4612	0
51	16	920.9525	288.9193	0
52	1	988.6581	651.1364	0
52	2	468.4406	637.8759	0
52	3	889.3019	293.7567	0
52	4	474.4527	-286.5498	0
52	5	-62.78022	662.161	0
52	6	-142.5601	-262.8897	0
52	7	-84.41878	189.2996	0
52	8	1042	-271.1801	0
52	9	-19.9321	638.1343	0
52	10	887.4241	681.7235	0
52	11	490.1077	727.2381	0
52	12	428.8117	-312.6156	0
52	13	1042.399	-367.1811	0
52	14	-185.4724	240.5166	0
52	15	-97.28026	-278.7788	0
52	16	920.3643	288.8759	0
53	1	988.0668	650.1624	0
53	2	468.3713	636.7386	0
53	3	888.084	293.7083	0
53	4	474.4206	-285.4108	0
53	5	-61.72851	661.7534	0
53	6	-141.7232	-262.1269	0
53	7	-83.39143	188.8071	0
53	8	1040.952	-270.731	0
53	9	-19.46631	637.1459	0
53	10	886.4524	681.3051	0
53	11	490.0278	726.1967	0
53	12	429.5334	-311.882	0
53	13	1041.537	-366.742	0
53	14	-184.7995	239.9072	0
53	15	-96.87139	-278.0544	0
53	16	919.7168	288.8287	0
54	1	987.4753	649.1877	0
54	2	468.3021	635.6006	0
54	3	886.8609	293.6605	0
54	4	474.3888	-284.2708	0
54	5	-60.67717	661.3463	0
54	6	-140.8875	-261.3629	0
54	7	-82.36334	188.3142	0
54	8	1039.905	-270.2816	0
54	9	-18.99562	636.1487	0
54	10	885.4702	680.882	0
54	11	489.9469	725.1417	0
54	12	430.2658	-311.1373	0
54	13	1040.655	-366.2922	0
54	14	-184.103	239.2766	0
54	15	-96.4406	-277.2936	0
54	16	919.0176	288.7783	0
55	1	986.8834	648.2125	0
55	2	468.2327	634.4619	0
55	3	885.6334	293.6129	0
55	4	474.3576	-283.1296	0
55	5	-59.62644	660.9398	0
55	6	-140.0533	-260.5978	0
55	7	-81.33468	187.821	0
55	8	1038.856	-269.832	0
55	9	-18.52056	635.1436	0
55	10	884.4785	680.4549	0
55	11	489.8651	724.0753	0
55	12	431.0072	-310.3834	0
55	13	1039.754	-365.833	0
55	14	-183.3862	238.6276	0
55	15	-95.99055	-276.5015	0
55	16	918.2731	288.7252	0
56	1	986.291	647.2369	0
56	2	468.1634	633.3227	0
56	3	884.4026	293.5656	0
56	4	474.3274	-281.9875	0
56	5	-58.57487	660.5301	0
56	6	-139.2205	-259.8315	0
56	7	-80.3055	187.3275	0
56	8	1037.807	-269.3821	0
56	9	-18.0417	634.1317	0
56	10	883.4788	680.0244	0
56	11	489.7826	722.9988	0
56	12	431.7561	-309.6216	0
56	13	1038.837	-365.3657	0
56	14	-182.652	237.9626	0
56	15	-95.52359	-275.6824	0
56	16	917.4891	288.6699	0
56	17	-74.22482	705.8865	0
57	1	985.6985	646.2609	0
57	2	468.0939	632.183	0
57	3	883.1693	293.5184	0
57	4	474.298	-280.8441	0
57	5	-57.5229	660.118	0
57	6	-138.3892	-259.0643	0
57	7	-79.27586	186.8339	0
57	8	1036.758	-268.9321	0
57	9	-17.55944	633.1138	0
57	10	882.4724	679.5908	0
57	11	489.6994	721.9136	0
57	12	432.5114	-308.8531	0
57	13	1037.906	-364.8914	0
57	14	-181.9024	237.2838	0
57	15	-95.04172	-274.84	0
57	16	916.6703	288.6127	0
57	17	-74.10296	705.6356	0
58	1	985.1058	645.2844	0
58	2	468.0245	631.0428	0
58	3	881.934	293.4712	0
58	4	474.2699	-279.6995	0
58	5	-56.47058	659.7045	0
58	6	-137.5595	-258.296	0
58	7	-78.24584	186.34	0
58	8	1035.708	-268.4819	0
58	9	-17.07421	632.0903	0
58	10	881.4598	679.1547	0
58	11	489.6156	720.8209	0
58	12	433.2719	-308.079	0
58	13	1036.964	-364.411	0
58	14	-181.1395	236.5931	0
58	15	-94.54665	-273.9773	0
58	16	915.8214	288.554	0
58	17	-73.93198	705.2832	0
58	18	498.3999	776.3469	0
59	1	984.5129	644.3076	0
59	2	467.9551	629.9022	0
59	3	880.6973	293.424	0
59	4	474.243	-278.5536	0
59	5	-55.41805	659.29	0
59	6	-136.7313	-257.5267	0
59	7	-77.21549	185.846	0
59	8	1034.658	-268.0314	0
59	9	-16.58639	631.0622	0
59	10	880.442	678.7164	0
59	11	489.5313	719.7216	0
59	12	434.0366	-307.3004	0
59	13	1036.011	-363.9254	0
59	14	-180.3652	235.8919	0
59	15	-94.03996	-273.0974	0
59	16	914.9458	288.4939	0
59	17	-73.71823	704.8425	0
59	18	498.2574	776.1002	0
60	1	983.9198	643.3306	0
60	2	467.8856	628.7614	0
60	3	879.4597	293.3766	0
60	4	474.2173	-277.4064	0
60	5	-54.36543	658.8749	0
60	6	-135.9048	-256.7566	0
60	7	-76.18484	185.3519	0
60	8	1033.607	-267.5809	0
60	9	-16.0963	630.0298	0
60	10	879.4196	678.276	0
60	11	489.4466	718.6167	0
60	12	434.8048	-306.518	0
60	13	1035.049	-363.4351	0
60	14	-179.581	235.1818	0
60	15	-93.52296	-272.2023	0
60	16	914.0472	288.4329	0
60	17	-73.46754	704.3251	0
60	18	498.0575	775.754	0
60	19	365.3593	-327.5394	0
61	1	983.3266	642.3532	0
61	2	467.8161	627.6202	0
61	3	878.2215	293.3291	0
61	4	474.1931	-276.2579	0
61	5	-53.31274	658.4597	0
61	6	-135.0799	-255.9855	0
61	7	-75.15392	184.8576	0
61	8	1032.557	-267.1303	0
61	9	-15.60429	628.9937	0
61	10	878.3934	677.834	0
61	11	489.3615	717.5068	0
61	12	435.5757	-305.7324	0
61	13	1034.079	-362.941	0
61	14	-178.7882	234.4639	0
61	15	-92.99679	-271.2946	0
61	16	913.1279	288.3709	0
61	17	-73.18467	703.7411	0
61	18	497.8078	775.3218	0
61	19	365.2005	-327.1727	0
62	1	982.7332	641.3757	0
62	2	467.7466	626.4788	0
62	3	876.983	293.2815	0
62	4	474.1703	-275.108	0
62	5	-52.26001	658.0444	0
62	6	-134.2566	-255.2136	0
62	7	-74.12281	184.3633	0
62	8	1031.506	-266.6796	0
62	9	-15.11051	627.9541	0
62	10	877.3638	677.3906	0
62	11	489.276	716.3928	0
62	12	436.3489	-304.9444	0
62	13	1033.103	-362.4434	0
62	14	-177.9879	233.7392	0
62	15	-92.46244	-270.3757	0
62	16	912.1908	288.3082	0
62	17	-72.87393	703.0991	0
62	18	497.5152	774.8151	0
62	19	365.0022	-326.7147	0
63	1	982.1349	640.3901	0
63	2	467.6772	625.3372	0
63	3	875.7447	293.2336	0
63	4	474.1488	-273.9566	0
63	5	-51.20716	657.6293	0
63	6	-133.435	-254.441	0
63	7	-73.09148	183.8688	0
63	8	1030.454	-266.2288	0
63	9	-14.61537	626.9116	0
63	10	876.3312	676.9459	0
63	11	489.1903	715.275	0
63	12	437.1238	-304.1545	0
63	13	1032.12	-361.9428	0
63	14	-177.1812	233.0086	0
63	15	-91.92082	-269.4473	0
63	16	911.2379	288.245	0
63	17	-72.53909	702.407	0
63	18	497.1852	774.2437	0
63	19	364.7697	-326.1777	0
63	20	1003.788	675.6868	0
64	1	981.5327	639.3983	0
64	2	467.6076	624.1954	0
64	3	874.5065	293.1856	0
64	4	474.1288	-272.8038	0
64	5	-50.15432	657.2146	0
64	6	-132.615	-253.6676	0
64	7	-72.05999	183.3743	0
64	8	1029.403	-265.778	0
64	9	-14.11899	625.8663	0
64	10	875.296	676.5001	0
64	11	489.1044	714.1539	0
64	12	437.9	-303.3632	0
64	13	1031.133	-361.4396	0
64	14	-176.3688	232.273	0
64	15	-91.37264	-268.5107	0
64	16	910.2711	288.1813	0
64	17	-72.18325	701.6712	0
64	18	496.8228	773.6163	0
64	19	364.5074	-325.5721	0
64	20	1003.581	675.5114	0
64	21	-124.1968	-348.2257	0
65	1	980.9275	638.4015	0
65	2	467.5381	623.0535	0
65	3	873.2686	293.1374	0
65	4	474.1102	-271.6494	0
65	5	-49.10125	656.8002	0
65	6	-131.7967	-252.8934	0
65	7	-71.02836	182.8797	0
65	8	1028.352	-265.3271	0
65	9	-13.62167	624.8187	0
65	10	874.2587	676.0533	0
65	11	489.0182	713.0303	0
65	12	438.6771	-302.5707	0
65	13	1030.147	-360.9162	0
65	14	-175.5516	231.533	0
65	15	-90.81855	-267.5671	0
65	16	909.2921	288.1172	0
65	17	-71.8093	700.8976	0
65	18	496.4323	772.9403	0
65	19	364.2196	-324.9072	0
65	20	1003.291	675.2645	0
65	21	-123.9123	-347.9449	0
65	22	1004.395	194.5712	0
66	1	980.32	637.4009	0
66	2	467.4686	621.9114	0
66	3	872.0313	293.0889	0
66	4	474.093	-270.4936	0
66	5	-48.04803	656.386	0
66	6	-130.9799	-252.1185	0
66	7	-69.99661	182.385	0
66	8	1027.3	-264.876	0
66	9	-13.12348	623.7689	0
66	10	873.2195	675.6057	0
66	11	488.9318	711.9041	0
66	12	439.4548	-301.7776	0
66	13	1029.162	-360.3752	0
66	14	-174.7301	230.7891	0
66	15	-90.25916	-266.6175	0
66	16	908.3023	288.0528	0
66	17	-71.41972	700.0912	0
66	18	496.0176	772.2222	0
66	19	363.9094	-324.1908	0
66	20	1002.929	674.9553	0
66	21	-123.557	-347.5945	0
66	22	1003.996	194.5861	0
66	23	1022.415	-387.2962	0
67	1	979.7109	636.3975	0
67	2	467.399	620.7692	0
67	3	870.7944	293.0402	0
67	4	474.0771	-269.3361	0
67	5	-46.99451	655.9723	0
67	6	-130.1649	-251.3429	0
67	7	-68.96475	181.8903	0
67	8	1026.249	-264.425	0
67	9	-12.62477	622.7174	0
67	10	872.1786	675.1574	0
67	11	488.8453	710.7759	0
67	12	440.233	-300.9843	0
67	13	1028.176	-359.8192	0
67	14	-173.905	230.042	0
67	15	-89.69497	-265.6628	0
67	16	907.3032	287.9883	0
67	17	-71.01653	699.2564	0
67	18	495.5818	771.4677	0
67	19	363.5799	-323.4299	0
67	20	1002.503	674.5914	0
67	21	-123.1405	-347.1835	0
67	22	1003.497	194.6047	0
67	23	1022.12	-387.0626	0
67	24	-132.194	189.8603	0
68	1	979.1005	635.392	0
68	2	467.3295	619.6268	0
68	3	869.5584	292.9912	0
68	4	474.0625	-268.1771	0
68	5	-45.94061	655.5587	0
68	6	-129.3514	-250.5668	0
68	7	-67.93278	181.3955	0
68	8	1025.197	-263.9739	0
68	9	-12.12553	621.6641	0
68	10	871.1362	674.7085	0
68	11	488.7587	709.6459	0
68	12	441.0115	-300.1907	0
68	13	1027.19	-359.2498	0
68	14	-173.0768	229.292	0
68	15	-89.12641	-264.7038	0
68	16	906.2955	287.9235	0
68	17	-70.60163	698.3971	0
68	18	495.1277	770.6815	0
68	19	363.2337	-322.6302	0
68	20	1002.021	674.18	0
68	21	-122.6708	-346.7199	0
68	22	1002.912	194.6266	0
68	23	1021.751	-386.7709	0
68	24	-131.9855	190.0546	0
69	1	978.4894	634.3851	0
69	2	467.2599	618.4844	0
69	3	868.3231	292.9421	0
69	4	474.0491	-267.0164	0
69	5	-44.88626	655.1455	0
69	6	-128.5396	-249.79	0
69	7	-66.90073	180.9007	0
69	8	1024.145	-263.5228	0
69	9	-11.62606	620.6093	0
69	10	870.0927	674.259	0
69	11	488.6719	708.5143	0
69	12	441.7902	-299.3973	0
69	13	1026.203	-358.6691	0
69	14	-172.2458	228.5395	0
69	15	-88.55386	-263.7409	0
69	16	905.2804	287.8587	0
69	17	-70.17667	697.5164	0
69	18	494.6578	769.868	0
69	19	362.873	-321.7972	0
69	20	1001.492	673.7269	0
69	21	-122.155	-346.2111	0
69	22	1002.253	194.6512	0
69	23	1021.32	-386.4288	0
69	24	-131.6932	190.3271	0
70	1	977.8779	633.3773	0
70	2	467.1904	617.342	0
70	3	867.0887	292.8927	0
70	4	474.0369	-265.8541	0
70	5	-43.83139	654.7324	0
70	6	-127.7293	-249.0126	0
70	7	-65.86864	180.4059	0
70	8	1023.093	-263.0717	0
70	9	-11.12636	619.5532	0
70	10	869.048	673.8091	0
70	11	488.5851	707.3813	0
70	12	442.5688	-298.6042	0
70	13	1025.214	-358.0785	0
70	14	-171.4124	227.7849	0
70	15	-87.97766	-262.7748	0
70	16	904.2587	287.7938	0
70	17	-69.74298	696.6172	0
70	18	494.1743	769.0308	0
70	19	362.4997	-320.935	0
70	20	1000.921	673.2372	0
70	21	-121.5993	-345.6628	0
70	22	1001.529	194.6783	0
70	23	1020.836	-386.0428	0
70	24	-131.3281	190.6674	0
71	1	977.2661	632.369	0
71	2	467.1208	616.1995	0
71	3	865.8552	292.843	0
71	4	474.0258	-264.6902	0
71	5	-42.77583	654.3193	0
71	6	-126.9207	-248.2348	0
71	7	-64.83648	179.911	0
71	8	1022.041	-262.6205	0
71	9	-10.62667	618.4961	0
71	10	868.0024	673.3586	0
71	11	488.4981	706.2473	0
71	12	443.3473	-297.8116	0
71	13	1024.224	-357.4793	0
71	14	-170.577	227.0284	0
71	15	-87.3981	-261.8062	0
71	16	903.231	287.7289	0
71	17	-69.30179	695.7021	0
71	18	493.6788	768.1729	0
71	19	362.1155	-320.0477	0
71	20	1000.313	672.7158	0
71	21	-121.0091	-345.0804	0
71	22	1000.748	194.7074	0
71	23	1020.305	-385.6187	0
71	24	-130.9	191.0665	0
72	1	976.6543	631.3605	0
72	2	467.0512	615.0568	0
72	3	864.6226	292.7932	0
72	4	474.0156	-263.5247	0
72	5	-41.7196	653.9064	0
72	6	-126.1136	-247.4564	0
72	7	-63.80428	179.4161	0
72	8	1020.989	-262.1694	0
72	9	-10.12705	617.4379	0
72	10	866.956	672.908	0
72	11	488.411	705.1122	0
72	12	444.1257	-297.0196	0
72	13	1023.233	-356.8729	0
72	14	-169.7398	226.2702	0
72	15	-86.81538	-260.8351	0
72	16	902.1979	287.6639	0
72	17	-68.85419	694.7733	0
72	18	493.173	767.2972	0
72	19	361.7219	-319.1385	0
72	20	999.6741	672.1664	0
72	21	-120.3888	-344.4684	0
72	22	999.9199	194.7384	0
72	23	1019.735	-385.1617	0
72	24	-130.4171	191.5162	0
73	1	976.0426	630.3522	0
73	2	466.9817	613.9142	0
73	3	863.3909	292.7431	0
73	4	474.0064	-262.3577	0
73	5	-40.66261	653.4935	0
73	6	-125.3081	-246.6776	0
73	7	-62.77197	178.9212	0
73	8	1019.937	-261.7181	0
73	9	-9.627621	616.3789	0
73	10	865.9089	672.457	0
73	11	488.3239	703.9761	0
73	12	444.904	-296.2284	0
73	13	1022.24	-356.2601	0
73	14	-168.9012	225.5109	0
73	15	-86.22984	-259.8621	0
73	16	901.1603	287.599	0
73	17	-68.40109	693.8326	0
73	18	492.6584	766.4061	0
73	19	361.3201	-318.2106	0
73	20	999.007	671.5927	0
73	21	-119.7425	-343.8307	0
73	22	999.0491	194.7709	0
73	23	1019.13	-384.6759	0
73	24	-129.8861	192.0093	0
74	1	975.4313	629.344	0
74	2	466.9121	612.7715	0
74	3	862.1602	292.6929	0
74	4	473.9979	-261.1888	0
74	5	-39.60469	653.0804	0
74	6	-124.5041	-245.8982	0
74	7	-61.73973	178.4263	0
74	8	1018.885	-261.2669	0
74	9	-9.12849	615.3192	0
74	10	864.8612	672.0057	0
74	11	488.2368	702.8394	0
74	12	445.6822	-295.4379	0
74	13	1021.245	-355.6419	0
74	14	-168.0621	224.751	0
74	15	-85.64155	-258.8875	0
74	16	900.1185	287.5341	0
74	17	-67.94333	692.8817	0
74	18	492.136	765.5016	0
74	19	360.9113	-317.2661	0
74	20	998.3158	670.9974	0
74	21	-119.0738	-343.1709	0
74	22	998.1419	194.8048	0
74	23	1018.496	-384.1652	0
74	24	-129.3128	192.5396	0
75	1	974.8204	628.3363	0
75	2	466.8426	611.6288	0
75	3	860.9306	292.6424	0
75	4	473.9902	-260.0186	0
75	5	-38.54581	652.6672	0
75	6	-123.7017	-245.1184	0
75	7	-60.70734	177.9313	0
75	8	1017.832	-260.8157	0
75	9	-8.629701	614.259	0
75	10	863.8129	671.5543	0
75	11	488.1495	701.7019	0
75	12	446.4601	-294.6484	0
75	13	1020.249	-355.019	0
75	14	-167.2232	223.9911	0
75	15	-85.05073	-257.9114	0
75	16	899.0729	287.4694	0
75	17	-67.48149	691.9218	0
75	18	491.6068	764.5854	0
75	19	360.4962	-316.3076	0
75	20	997.6035	670.3835	0
75	21	-118.3856	-342.4918	0
75	22	997.203	194.8399	0
75	23	1017.837	-383.6329	0
75	24	-128.7021	193.1015	0
76	1	974.2099	627.3292	0
76	2	466.773	610.486	0
76	3	859.7018	292.5917	0
76	4	473.9831	-258.8467	0
76	5	-37.48589	652.2538	0
76	6	-122.9008	-244.3383	0
76	7	-59.675	177.4364	0
76	8	1016.78	-260.3644	0
76	9	-8.131437	613.1985	0
76	10	862.7642	671.1026	0
76	11	488.0623	700.5639	0
76	12	447.2379	-293.8598	0
76	13	1019.25	-354.3922	0
76	14	-166.3849	223.2317	0
76	15	-84.45753	-256.9342	0
76	16	898.0238	287.4046	0
76	17	-67.01627	690.9542	0
76	18	491.0719	763.6592	0
76	19	360.0758	-315.3368	0
76	20	996.8729	669.7533	0
76	21	-117.6804	-341.796	0
76	22	996.2368	194.876	0
76	23	1017.156	-383.0817	0
76	24	-128.0585	193.6905	0
77	1	973.6	626.3228	0
77	2	466.7034	609.3433	0
77	3	858.4741	292.5408	0
77	4	473.9765	-257.6732	0
77	5	-36.42487	651.8401	0
77	6	-122.1014	-243.5577	0
77	7	-58.64261	176.9414	0
77	8	1015.728	-259.9132	0
77	9	-7.633627	612.1376	0
77	10	861.715	670.6508	0
77	11	487.9749	699.4254	0
77	12	448.0157	-293.0721	0
77	13	1018.25	-353.7618	0
77	14	-165.5478	222.473	0
77	15	-83.86208	-255.9561	0
77	16	896.9716	287.34	0
77	17	-66.54817	689.9801	0
77	18	490.5318	762.7244	0
77	19	359.6508	-314.3552	0
77	20	996.1261	669.1086	0
77	21	-116.9605	-341.0857	0
77	22	995.2469	194.9129	0
77	23	1016.457	-382.5143	0
77	24	-127.3858	194.3026	0
78	1	972.9906	625.317	0
78	2	466.6338	608.2004	0
78	3	857.2472	292.4897	0
78	4	473.9702	-256.4984	0
78	5	-35.36276	651.4261	0
78	6	-121.3035	-242.7767	0
78	7	-57.61018	176.4464	0
78	8	1014.676	-259.4619	0
78	9	-7.136494	611.0765	0
78	10	860.6655	670.1987	0
78	11	487.8876	698.2864	0
78	12	448.7933	-292.2855	0
78	13	1017.249	-353.1285	0
78	14	-164.7124	221.7155	0
78	15	-83.2646	-254.9771	0
78	16	895.9165	287.2755	0
78	17	-66.0776	689.0001	0
78	18	489.9875	761.7819	0
78	19	359.2218	-313.3644	0
78	20	995.3655	668.4514	0
78	21	-116.2279	-340.3629	0
78	22	994.2364	194.9507	0
78	23	1015.742	-381.9325	0
78	24	-126.6872	194.9343	0
79	1	972.3817	624.312	0
79	2	466.5642	607.0576	0
79	3	856.0214	292.4384	0
79	4	473.9644	-255.3219	0
79	5	-34.29945	651.0117	0
79	6	-120.507	-241.9955	0
79	7	-56.57775	175.9514	0
79	8	1013.624	-259.0106	0
79	9	-6.639964	610.0154	0
79	10	859.6158	669.7466	0
79	11	487.8002	697.1471	0
79	12	449.571	-291.4999	0
79	13	1016.246	-352.4927	0
79	14	-163.879	220.9591	0
79	15	-82.665	-253.9974	0
79	16	894.8591	287.211	0
79	17	-65.60499	688.0153	0
79	18	489.4394	760.8328	0
79	19	358.7894	-312.3657	0
79	20	994.5925	667.783	0
79	21	-115.4844	-339.6292	0
79	22	993.208	194.9891	0
79	23	1015.013	-381.3384	0
79	24	-125.9655	195.5827	0
80	1	971.7734	623.308	0
80	2	466.4947	605.9147	0
80	3	854.7966	292.3869	0
80	4	473.9587	-254.1441	0
80	5	-33.23489	650.5968	0
80	6	-119.712	-241.2139	0
80	7	-55.54529	175.4564	0
80	8	1012.571	-258.5593	0
80	9	-6.144187	608.9543	0
80	10	858.5658	669.2943	0
80	11	487.7128	696.0074	0
80	12	450.3487	-290.7153	0
80	13	1015.241	-351.8547	0
80	14	-163.048	220.2041	0
80	15	-82.06348	-253.0173	0
80	16	893.7991	287.1467	0
80	17	-65.13065	687.0261	0
80	18	488.888	759.8781	0
80	19	358.354	-311.36	0
80	20	993.8089	667.1049	0
80	21	-114.7313	-338.886	0
80	22	992.1642	195.0281	0
80	23	1014.272	-380.7336	0
80	24	-125.2233	196.2454	0
81	1	971.1658	622.3047	0
81	2	466.425	604.7719	0
81	3	853.5726	292.3353	0
81	4	473.9531	-252.9649	0
81	5	-32.16913	650.1815	0
81	6	-118.9185	-240.4319	0
81	7	-54.51283	174.9614	0
81	8	1011.519	-258.108	0
81	9	-5.649127	607.8934	0
81	10	857.5156	668.842	0
81	11	487.6254	694.8676	0
81	12	451.1266	-289.9317	0
81	13	1014.235	-351.2148	0
81	14	-162.2197	219.4504	0
81	15	-81.46016	-252.0366	0
81	16	892.737	287.0825	0
81	17	-64.64967	686.0261	0
81	18	488.3337	758.9185	0
81	19	357.9159	-310.3483	0
81	20	993.0161	666.4181	0
81	21	-113.9699	-338.1349	0
81	22	991.107	195.0676	0
81	23	1013.522	-380.1194	0
81	24	-124.4626	196.9202	0
81	25	-89.16909	719.9476	0
82	1	970.5588	621.3022	0
82	2	466.3555	603.6289	0
82	3	852.3497	292.2834	0
82	4	473.9475	-251.7844	0
82	5	-31.10205	649.7656	0
82	6	-118.1264	-239.6498	0
82	7	-53.48037	174.4664	0
82	8	1010.467	-257.6567	0
82	9	-5.154894	606.8328	0
82	10	856.4652	668.3896	0
82	11	487.538	693.7274	0
82	12	451.9045	-289.1491	0
82	13	1013.227	-350.5734	0
82	14	-161.3943	218.6982	0
82	15	-80.85506	-251.0556	0
82	16	891.673	287.0183	0
82	17	-64.16339	685.0172	0
82	18	487.777	757.9547	0
82	19	357.4756	-309.3313	0
82	20	992.215	665.7238	0
82	21	-113.2014	-337.3766	0
82	22	990.0382	195.1075	0
82	23	1012.763	-379.497	0
82	24	-123.6852	197.6054	0
82	25	-88.9714	719.7623	0
83	1	969.9523	620.3007	0
83	2	466.2859	602.4861	0
83	3	851.1276	292.2314	0
83	4	473.9418	-250.6026	0
83	5	-30.03368	649.3491	0
83	6	-117.3357	-238.8674	0
83	7	-52.44786	173.9714	0
83	8	1009.414	-257.2054	0
83	9	-4.661491	605.7726	0
83	10	855.4147	667.9371	0
83	11	487.4506	692.5871	0
83	12	452.6827	-288.3674	0
83	13	1012.218	-349.9306	0
83	14	-160.5721	217.9472	0
83	15	-80.24824	-250.0743	0
83	16	890.6071	286.9543	0
83	17	-63.67296	684.001	0
83	18	487.2182	756.9871	0
83	19	357.0333	-308.3099	0
83	20	991.4067	665.0228	0
83	21	-112.4266	-336.6122	0
83	22	988.9592	195.1479	0
83	23	1011.998	-378.8677	0
83	24	-122.8929	198.2995	0
83	25	-88.6935	719.5017	0
84	1	969.3464	619.3	0
84	2	466.2163	601.3431	0
84	3	849.9066	292.1792	0
84	4	473.9359	-249.4197	0
84	5	-28.96404	648.932	0
84	6	-116.5463	-238.0848	0
84	7	-51.4154	173.4763	0
84	8	1008.362	-256.7542	0
84	9	-4.168954	604.7129	0
84	10	854.364	667.4846	0
84	11	487.3631	691.4465	0
84	12	453.4613	-287.5866	0
84	13	1011.207	-349.2867	0
84	14	-159.7531	217.1975	0
84	15	-79.63976	-249.0927	0
84	16	889.5396	286.8905	0
84	17	-63.17941	682.9791	0
84	18	486.6575	756.0162	0
84	19	356.5894	-307.2845	0
84	20	990.5922	664.3158	0
84	21	-111.6465	-335.8425	0
84	22	987.8716	195.1885	0
84	23	1011.226	-378.2321	0
84	24	-122.0871	199.0013	0
84	25	-88.34585	719.1754	0
85	1	968.7411	618.3001	0
85	2	466.1468	600.2002	0
85	3	848.6864	292.1268	0
85	4	473.9297	-248.2356	0
85	5	-27.893	648.5142	0
85	6	-115.7584	-237.3021	0
85	7	-50.3829	172.9813	0
85	8	1007.31	-256.3029	0
85	9	-3.677246	603.6537	0
85	10	853.313	667.032	0
85	11	487.2756	690.3058	0
85	12	454.2401	-286.8067	0
85	13	1010.178	-348.645	0
85	14	-158.9374	216.4488	0
85	15	-79.02965	-248.1108	0
85	16	888.4703	286.8268	0
85	17	-62.68337	681.9523	0
85	18	486.0952	755.0427	0
85	19	356.1389	-306.249	0
85	20	989.7721	663.6037	0
85	21	-110.8617	-335.0681	0
85	22	986.7764	195.2294	0
85	23	1010.445	-377.5953	0
85	24	-121.2689	199.7099	0
85	25	-87.93732	718.7918	0
85	26	390.1599	763.3156	0
