17	1	426.406	356.0325	0
18	1	426.406	356.0325	0
18	2	440.2732	97.17349	0
19	1	426.406	356.0325	0
19	2	440.2732	97.17349	0
19	3	401.5074	356.6666	0
20	1	426.406	356.0325	0
20	2	440.2732	97.17349	0
20	3	401.5074	356.6666	0
20	4	353.9138	267.1221	0
21	1	426.406	356.0325	0
21	2	440.2732	97.17349	0
21	3	401.5074	356.6666	0
21	4	353.9138	267.1221	0
21	5	550.115	501.1937	0
22	1	426.406	356.0325	0
22	2	440.2732	97.17349	0
22	3	401.5074	356.6666	0
22	4	353.9138	267.1221	0
22	5	550.115	501.1937	0
22	6	514.0739	262.0591	0
23	1	426.406	356.0325	0
23	2	440.2732	97.17349	0
23	3	401.5074	356.6666	0
23	4	353.9138	267.1221	0
23	5	550.115	501.1937	0
23	6	514.0739	262.0591	0
23	7	491.6537	363.3429	0
24	1	426.406	356.0325	0
24	2	440.2732	97.17349	0
24	3	401.5074	356.6666	0
24	4	353.9138	267.1221	0
24	5	550.115	501.1937	0
24	6	514.0739	262.0591	0
24	7	491.6537	363.3429	0
24	8	558.3588	368.3353	0
25	1	426.406	356.0325	0
25	2	440.2732	97.17349	0
25	3	401.5074	356.6666	0
25	4	353.9138	267.1221	0
25	5	550.115	501.1937	0
25	6	514.0739	262.0591	0
25	7	491.6537	363.3429	0
25	8	558.3588	368.3353	0
25	9	433.4832	69.76047	0
26	1	426.406	356.0325	0
26	2	440.2732	97.17349	0
26	3	401.5074	356.6666	0
26	4	353.9138	267.1221	0
26	5	550.115	501.1937	0
26	6	514.0739	262.0591	0
26	7	491.6537	363.3429	0
26	8	558.3588	368.3353	0
26	9	433.4832	69.76047	0
27	1	426.406	356.0325	0
27	2	440.2732	97.17349	0
27	3	401.5074	356.6666	0
27	4	353.9138	267.1221	0
27	5	550.115	501.1937	0
27	6	514.0739	262.0591	0
27	7	491.6537	363.3429	0
27	8	558.3588	368.3353	0
27	9	433.4832	69.76047	0
27	10	517.0078	454.5356	0
28	1	426.406	356.0325	0
28	2	440.2732	97.17349	0
28	3	401.5074	356.6666	0
28	4	353.9138	267.1221	0
28	5	550.115	501.1937	0
28	6	514.0739	262.0591	0
28	7	491.6537	363.3429	0
28	8	558.3588	368.3353	0
28	9	433.4832	69.76047	0
28	10	517.0078	454.5356	0
28	11	295.8864	-25.75024	0
29	1	426.406	356.0325	0
29	2	440.2732	97.17349	0
29	3	401.5074	356.6666	0
29	4	353.9138	267.1221	0
29	5	550.115	501.1937	0
29	6	514.0739	262.0591	0
29	7	491.6537	363.3429	0
29	8	558.3588	368.3353	0
29	9	433.4832	69.76047	0
29	10	517.0078	454.5356	0
29	11	295.8864	-25.75024	0
29	12	301.8971	58.14124	0
30	1	426.406	356.0325	0
30	2	440.2732	97.17349	0
30	3	401.5074	356.6666	0
30	4	353.9138	267.1221	0
30	5	550.115	501.1937	0
30	6	514.0739	262.0591	0
30	7	491.6537	363.3429	0
30	8	558.3588	368.3353	0
30	9	433.4832	69.76047	0
30	10	517.0078	454.5356	0
30	11	295.8864	-25.75024	0
30	12	301.8971	58.14124	0
30	13	355.0264	316.1555	0
31	1	426.406	356.0325	0
31	2	440.2732	97.17349	0
31	3	401.5074	356.6666	0
31	4	353.9138	267.1221	0
31	5	550.115	501.1937	0
31	6	514.0739	262.0591	0
31	7	491.6537	363.3429	0
31	8	558.3588	368.3353	0
31	9	433.4832	69.76047	0
31	10	517.0078	454.5356	0
31	11	295.8864	-25.75024	0
31	12	301.8971	58.14124	0
31	13	355.0264	316.1555	0
31	14	420.9037	125.7702	0
32	1	426.406	356.0325	0
32	2	440.2732	97.17349	0
32	3	401.5074	356.6666	0
32	4	353.9138	267.1221	0
32	5	550.115	501.1937	0
32	6	514.0739	262.0591	0
32	7	491.6537	363.3429	0
32	8	558.3588	368.3353	0
32	9	433.4832	69.76047	0
32	10	517.0078	454.5356	0
32	11	295.8864	-25.75024	0
32	12	301.8971	58.14124	0
32	13	355.0264	316.1555	0
32	14	420.9037	125.7702	0
32	15	368.6456	65.67139	0
33	1	426.406	356.0325	0
33	2	440.2732	97.17349	0
33	3	401.5074	356.6666	0
33	4	353.9138	267.1221	0
33	5	550.115	501.1937	0
33	6	514.0739	262.0591	0
33	7	491.6537	363.3429	0
33	8	558.3588	368.3353	0
33	9	433.4832	69.76047	0
33	10	517.0078	454.5356	0
33	11	295.8864	-25.75024	0
33	12	301.8971	58.14124	0
33	13	355.0264	316.1555	0
33	14	420.9037	125.7702	0
33	15	368.6456	65.67139	0
33	16	446.7978	257.2212	0
34	1	426.406	356.0325	0
34	2	440.2732	97.17349	0
34	3	401.5074	356.6666	0
34	4	353.9138	267.1221	0
34	5	550.115	501.1937	0
34	6	514.0739	262.0591	0
34	7	491.6537	363.3429	0
34	8	558.3588	368.3353	0
34	9	433.4832	69.76047	0
34	10	517.0078	454.5356	0
34	11	295.8864	-25.75024	0
34	12	301.8971	58.14124	0
34	13	355.0264	316.1555	0
34	14	420.9037	125.7702	0
34	15	368.6456	65.67139	0
34	16	446.7978	257.2212	0
34	17	392.6008	157.6439	0
35	1	426.406	356.0325	0
35	2	440.2732	97.17349	0
35	3	401.5074	356.6666	0
35	4	353.9138	267.1221	0
35	5	550.115	501.1937	0
35	6	514.0739	262.0591	0
35	7	491.6537	363.3429	0
35	8	558.3588	368.3353	0
35	9	433.4832	69.76047	0
35	10	517.0078	454.5356	0
35	11	295.8864	-25.75024	0
35	12	301.8971	58.14124	0
35	13	355.0264	316.1555	0
35	14	420.9037	125.7702	0
35	15	368.6456	65.67139	0
35	16	446.7978	257.2212	0
35	17	392.6008	157.6439	0
35	18	372.2255	93.46454	0
36	1	426.406	356.0325	0
36	2	440.2732	97.17349	0
36	3	401.5074	356.6666	0
36	4	353.9138	267.1221	0
36	5	550.115	501.1937	0
36	6	514.0739	262.0591	0
36	7	491.6537	363.3429	0
36	8	558.3588	368.3353	0
36	9	433.4832	69.76047	0
36	10	517.0078	454.5356	0
36	11	295.8864	-25.75024	0
36	12	301.8971	58.14124	0
36	13	355.0264	316.1555	0
36	14	420.9037	125.7702	0
36	15	368.6456	65.67139	0
36	16	446.7978	257.2212	0
36	17	392.6008	157.6439	0
36	18	372.2255	93.46454	0
37	1	426.406	356.0325	0
37	2	440.2732	97.17349	0
37	3	401.5074	356.6666	0
37	4	353.9138	267.1221	0
37	5	550.115	501.1937	0
37	6	514.0739	262.0591	0
37	7	491.6537	363.3429	0
37	8	558.3588	368.3353	0
37	9	433.4832	69.76047	0
37	10	517.0078	454.5356	0
37	11	295.8864	-25.75024	0
37	12	301.8971	58.14124	0
37	13	355.0264	316.1555	0
37	14	420.9037	125.7702	0
37	15	368.6456	65.67139	0
37	16	446.7978	257.2212	0
37	17	392.6008	157.6439	0
37	18	372.2255	93.46454	0
37	19	544.8021	423.3401	0
38	1	426.406	356.0325	0
38	2	440.2732	97.17349	0
38	3	401.5074	356.6666	0
38	4	353.9138	267.1221	0
38	5	550.115	501.1937	0
38	6	514.0739	262.0591	0
38	7	491.6537	363.3429	0
38	8	558.3588	368.3353	0
38	9	433.4832	69.76047	0
38	10	517.0078	454.5356	0
38	11	295.8864	-25.75024	0
38	12	301.8971	58.14124	0
38	13	355.0264	316.1555	0
38	14	420.9037	125.7702	0
38	15	368.6456	65.67139	0
38	16	446.7978	257.2212	0
38	17	392.6008	157.6439	0
38	18	372.2255	93.46454	0
38	19	544.8021	423.3401	0
38	20	522.0953	315.6361	0
39	1	426.406	356.0325	0
39	2	440.2732	97.17349	0
39	3	401.5074	356.6666	0
39	4	353.9138	267.1221	0
39	5	550.115	501.1937	0
39	6	514.0739	262.0591	0
39	7	491.6537	363.3429	0
39	8	558.3588	368.3353	0
39	9	433.4832	69.76047	0
39	10	517.0078	454.5356	0
39	11	295.8864	-25.75024	0
39	12	301.8971	58.14124	0
39	13	355.0264	316.1555	0
39	14	420.9037	125.7702	0
39	15	368.6456	65.67139	0
39	16	446.7978	257.2212	0
39	17	392.6008	157.6439	0
39	18	372.2255	93.46454	0
39	19	544.8021	423.3401	0
39	20	522.0953	315.6361	0
39	21	545.853	617.295	0
40	1	426.406	356.0325	0
40	2	440.2732	97.17349	0
40	3	401.5074	356.6666	0
40	4	353.9138	267.1221	0
40	5	550.115	501.1937	0
40	6	514.0739	262.0591	0
40	7	491.6537	363.3429	0
40	8	558.3588	368.3353	0
40	9	433.4832	69.76047	0
40	10	517.0078	454.5356	0
40	11	295.8864	-25.75024	0
40	12	301.8971	58.14124	0
40	13	355.0264	316.1555	0
40	14	420.9037	125.7702	0
40	15	368.6456	65.67139	0
40	16	446.7978	257.2212	0
40	17	392.6008	157.6439	0
40	18	372.2255	93.46454	0
40	19	544.8021	423.3401	0
40	20	522.0953	315.6361	0
40	21	545.853	617.295	0
40	22	571.4849	554.9434	0
41	1	426.406	356.0325	0
41	2	440.2732	97.17349	0
41	3	401.5074	356.6666	0
41	4	353.9138	267.1221	0
41	5	550.115	501.1937	0
41	6	514.0739	262.0591	0
41	7	491.6537	363.3429	0
41	8	558.3588	368.3353	0
41	9	433.4832	69.76047	0
41	10	517.0078	454.5356	0
41	11	295.8864	-25.75024	0
41	12	301.8971	58.14124	0
41	13	355.0264	316.1555	0
41	14	420.9037	125.7702	0
41	15	368.6456	65.67139	0
41	16	446.7978	257.2212	0
41	17	392.6008	157.6439	0
41	18	372.2255	93.46454	0
41	19	544.8021	423.3401	0
41	20	522.0953	315.6361	0
41	21	545.853	617.295	0
41	22	571.4849	554.9434	0
41	23	420.9247	271.7667	0
17	1	426.7335	356.0184	0
18	1	426.7335	356.0184	0
18	2	439.1288	97.71231	0
19	1	426.7335	356.0184	0
19	2	439.1288	97.71231	0
19	3	401.8076	356.9258	0
20	1	426.7335	356.0184	0
20	2	439.1288	97.71231	0
20	3	401.8076	356.9258	0
20	4	353.7899	266.8216	0
21	1	426.7335	356.0184	0
21	2	439.1288	97.71231	0
21	3	401.8076	356.9258	0
21	4	353.7899	266.8216	0
21	5	549.1233	500.8059	0
22	1	426.7335	356.0184	0
22	2	439.1288	97.71231	0
22	3	401.8076	356.9258	0
22	4	353.7899	266.8216	0
22	5	549.1233	500.8059	0
22	6	513.0367	260.0965	0
23	1	426.7335	356.0184	0
23	2	439.1288	97.71231	0
23	3	401.8076	356.9258	0
23	4	353.7899	266.8216	0
23	5	549.1233	500.8059	0
23	6	513.0367	260.0965	0
23	7	492.2692	364.5904	0
24	1	426.7335	356.0184	0
24	2	439.1288	97.71231	0
24	3	401.8076	356.9258	0
24	4	353.7899	266.8216	0
24	5	549.1233	500.8059	0
24	6	513.0367	260.0965	0
24	7	492.2692	364.5904	0
24	8	557.7779	368.7128	0
25	1	426.7335	356.0184	0
25	2	439.1288	97.71231	0
25	3	401.8076	356.9258	0
25	4	353.7899	266.8216	0
25	5	549.1233	500.8059	0
25	6	513.0367	260.0965	0
25	7	492.2692	364.5904	0
25	8	557.7779	368.7128	0
25	9	434.8542	70.61636	0
26	1	426.7335	356.0184	0
26	2	439.1288	97.71231	0
26	3	401.8076	356.9258	0
26	4	353.7899	266.8216	0
26	5	549.1233	500.8059	0
26	6	513.0367	260.0965	0
26	7	492.2692	364.5904	0
26	8	557.7779	368.7128	0
26	9	434.8542	70.61636	0
27	1	426.7335	356.0184	0
27	2	439.1288	97.71231	0
27	3	401.8076	356.9258	0
27	4	353.7899	266.8216	0
27	5	549.1233	500.8059	0
27	6	513.0367	260.0965	0
27	7	492.2692	364.5904	0
27	8	557.7779	368.7128	0
27	9	434.8542	70.61636	0
27	10	519.1794	455.2928	0
28	1	426.7335	356.0184	0
28	2	439.1288	97.71231	0
28	3	401.8076	356.9258	0
28	4	353.7899	266.8216	0
28	5	549.1233	500.8059	0
28	6	513.0367	260.0965	0
28	7	492.2692	364.5904	0
28	8	557.7779	368.7128	0
28	9	434.8542	70.61636	0
28	10	519.1794	455.2928	0
28	11	296.5002	-26.37842	0
29	1	426.7335	356.0184	0
29	2	439.1288	97.71231	0
29	3	401.8076	356.9258	0
29	4	353.7899	266.8216	0
29	5	549.1233	500.8059	0
29	6	513.0367	260.0965	0
29	7	492.2692	364.5904	0
29	8	557.7779	368.7128	0
29	9	434.8542	70.61636	0
29	10	519.1794	455.2928	0
29	11	296.5002	-26.37842	0
29	12	302.1513	58.36395	0
17	1	426.5613	355.495	0
18	1	426.5613	355.495	0
18	2	439.843	98.58618	0
19	1	426.5613	355.495	0
19	2	439.843	98.58618	0
19	3	400.1582	356.2927	0
20	1	426.5613	355.495	0
20	2	439.843	98.58618	0
20	3	400.1582	356.2927	0
20	4	356.2354	266.9239	0
17	1	426.0709	354.9093	0
18	1	426.0709	354.9093	0
18	2	439.8158	97.77029	0
19	1	426.0709	354.9093	0
19	2	439.8158	97.77029	0
19	3	400.5463	356.2872	0
20	1	426.0709	354.9093	0
20	2	439.8158	97.77029	0
20	3	400.5463	356.2872	0
20	4	354.9203	265.6354	0
21	1	426.0709	354.9093	0
21	2	439.8158	97.77029	0
21	3	400.5463	356.2872	0
21	4	354.9203	265.6354	0
21	5	550.165	499.2953	0
22	1	426.0709	354.9093	0
22	2	439.8158	97.77029	0
22	3	400.5463	356.2872	0
22	4	354.9203	265.6354	0
22	5	550.165	499.2953	0
22	6	512.8829	260.5089	0
23	1	426.0709	354.9093	0
23	2	439.8158	97.77029	0
23	3	400.5463	356.2872	0
23	4	354.9203	265.6354	0
23	5	550.165	499.2953	0
23	6	512.8829	260.5089	0
23	7	492.7355	363.5914	0
17	1	425.5615	356.0764	0
18	1	425.5615	356.0764	0
18	2	439.8141	98.45374	0
19	1	425.5615	356.0764	0
19	2	439.8141	98.45374	0
19	3	401.1529	355.8275	0
20	1	425.5615	356.0764	0
20	2	439.8141	98.45374	0
20	3	401.1529	355.8275	0
20	4	353.6002	266.452	0
21	1	425.5615	356.0764	0
21	2	439.8141	98.45374	0
21	3	401.1529	355.8275	0
21	4	353.6002	266.452	0
21	5	550.2784	501.1217	0
22	1	425.5615	356.0764	0
22	2	439.8141	98.45374	0
22	3	401.1529	355.8275	0
22	4	353.6002	266.452	0
22	5	550.2784	501.1217	0
22	6	513.2537	261.671	0
23	1	425.5615	356.0764	0
23	2	439.8141	98.45374	0
23	3	401.1529	355.8275	0
23	4	353.6002	266.452	0
23	5	550.2784	501.1217	0
23	6	513.2537	261.671	0
23	7	491.9031	363.0651	0
24	1	425.5615	356.0764	0
24	2	439.8141	98.45374	0
24	3	401.1529	355.8275	0
24	4	353.6002	266.452	0
24	5	550.2784	501.1217	0
24	6	513.2537	261.671	0
24	7	491.9031	363.0651	0
24	8	558.5717	368.7161	0
25	1	425.5615	356.0764	0
25	2	439.8141	98.45374	0
25	3	401.1529	355.8275	0
25	4	353.6002	266.452	0
25	5	550.2784	501.1217	0
25	6	513.2537	261.671	0
25	7	491.9031	363.0651	0
25	8	558.5717	368.7161	0
25	9	434.144	70.22717	0
26	1	425.5615	356.0764	0
26	2	439.8141	98.45374	0
26	3	401.1529	355.8275	0
26	4	353.6002	266.452	0
26	5	550.2784	501.1217	0
26	6	513.2537	261.671	0
26	7	491.9031	363.0651	0
26	8	558.5717	368.7161	0
26	9	434.144	70.22717	0
27	1	425.5615	356.0764	0
27	2	439.8141	98.45374	0
27	3	401.1529	355.8275	0
27	4	353.6002	266.452	0
27	5	550.2784	501.1217	0
27	6	513.2537	261.671	0
27	7	491.9031	363.0651	0
27	8	558.5717	368.7161	0
27	9	434.144	70.22717	0
27	10	517.0002	455.4138	0
28	1	425.5615	356.0764	0
28	2	439.8141	98.45374	0
28	3	401.1529	355.8275	0
28	4	353.6002	266.452	0
28	5	550.2784	501.1217	0
28	6	513.2537	261.671	0
28	7	491.9031	363.0651	0
28	8	558.5717	368.7161	0
28	9	434.144	70.22717	0
28	10	517.0002	455.4138	0
28	11	297.718	-27.11389	0
29	1	425.5615	356.0764	0
29	2	439.8141	98.45374	0
29	3	401.1529	355.8275	0
29	4	353.6002	266.452	0
29	5	550.2784	501.1217	0
29	6	513.2537	261.671	0
29	7	491.9031	363.0651	0
29	8	558.5717	368.7161	0
29	9	434.144	70.22717	0
29	10	517.0002	455.4138	0
29	11	297.718	-27.11389	0
29	12	300.9412	59.3902	0
30	1	425.5615	356.0764	0
30	2	439.8141	98.45374	0
30	3	401.1529	355.8275	0
30	4	353.6002	266.452	0
30	5	550.2784	501.1217	0
30	6	513.2537	261.671	0
30	7	491.9031	363.0651	0
30	8	558.5717	368.7161	0
30	9	434.144	70.22717	0
30	10	517.0002	455.4138	0
30	11	297.718	-27.11389	0
30	12	300.9412	59.3902	0
30	13	356.6389	315.243	0
31	1	425.5615	356.0764	0
31	2	439.8141	98.45374	0
31	3	401.1529	355.8275	0
31	4	353.6002	266.452	0
31	5	550.2784	501.1217	0
31	6	513.2537	261.671	0
31	7	491.9031	363.0651	0
31	8	558.5717	368.7161	0
31	9	434.144	70.22717	0
31	10	517.0002	455.4138	0
31	11	297.718	-27.11389	0
31	12	300.9412	59.3902	0
31	13	356.6389	315.243	0
31	14	420.658	125.9315	0
32	1	425.5615	356.0764	0
32	2	439.8141	98.45374	0
32	3	401.1529	355.8275	0
32	4	353.6002	266.452	0
32	5	550.2784	501.1217	0
32	6	513.2537	261.671	0
32	7	491.9031	363.0651	0
32	8	558.5717	368.7161	0
32	9	434.144	70.22717	0
32	10	517.0002	455.4138	0
32	11	297.718	-27.11389	0
32	12	300.9412	59.3902	0
32	13	356.6389	315.243	0
32	14	420.658	125.9315	0
32	15	366.641	66.55307	0
33	1	425.5615	356.0764	0
33	2	439.8141	98.45374	0
33	3	401.1529	355.8275	0
33	4	353.6002	266.452	0
33	5	550.2784	501.1217	0
33	6	513.2537	261.671	0
33	7	491.9031	363.0651	0
33	8	558.5717	368.7161	0
33	9	434.144	70.22717	0
33	10	517.0002	455.4138	0
33	11	297.718	-27.11389	0
33	12	300.9412	59.3902	0
33	13	356.6389	315.243	0
33	14	420.658	125.9315	0
33	15	366.641	66.55307	0
33	16	447.7076	257.1591	0
34	1	425.5615	356.0764	0
34	2	439.8141	98.45374	0
34	3	401.1529	355.8275	0
34	4	353.6002	266.452	0
34	5	550.2784	501.1217	0
34	6	513.2537	261.671	0
34	7	491.9031	363.0651	0
34	8	558.5717	368.7161	0
34	9	434.144	70.22717	0
34	10	517.0002	455.4138	0
34	11	297.718	-27.11389	0
34	12	300.9412	59.3902	0
34	13	356.6389	315.243	0
34	14	420.658	125.9315	0
34	15	366.641	66.55307	0
34	16	447.7076	257.1591	0
34	17	393.1755	158.1817	0
35	1	425.5615	356.0764	0
35	2	439.8141	98.45374	0
35	3	401.1529	355.8275	0
35	4	353.6002	266.452	0
35	5	550.2784	501.1217	0
35	6	513.2537	261.671	0
35	7	491.9031	363.0651	0
35	8	558.5717	368.7161	0
35	9	434.144	70.22717	0
35	10	517.0002	455.4138	0
35	11	297.718	-27.11389	0
35	12	300.9412	59.3902	0
35	13	356.6389	315.243	0
35	14	420.658	125.9315	0
35	15	366.641	66.55307	0
35	16	447.7076	257.1591	0
35	17	393.1755	158.1817	0
35	18	373.656	93.47293	0
36	1	425.5615	356.0764	0
36	2	439.8141	98.45374	0
36	3	401.1529	355.8275	0
36	4	353.6002	266.452	0
36	5	550.2784	501.1217	0
36	6	513.2537	261.671	0
36	7	491.9031	363.0651	0
36	8	558.5717	368.7161	0
36	9	434.144	70.22717	0
36	10	517.0002	455.4138	0
36	11	297.718	-27.11389	0
36	12	300.9412	59.3902	0
36	13	356.6389	315.243	0
36	14	420.658	125.9315	0
36	15	366.641	66.55307	0
36	16	447.7076	257.1591	0
36	17	393.1755	158.1817	0
36	18	373.656	93.47293	0
37	1	425.5615	356.0764	0
37	2	439.8141	98.45374	0
37	3	401.1529	355.8275	0
37	4	353.6002	266.452	0
37	5	550.2784	501.1217	0
37	6	513.2537	261.671	0
37	7	491.9031	363.0651	0
37	8	558.5717	368.7161	0
37	9	434.144	70.22717	0
37	10	517.0002	455.4138	0
37	11	297.718	-27.11389	0
37	12	300.9412	59.3902	0
37	13	356.6389	315.243	0
37	14	420.658	125.9315	0
37	15	366.641	66.55307	0
37	16	447.7076	257.1591	0
37	17	393.1755	158.1817	0
37	18	373.656	93.47293	0
37	19	544.3644	424.4906	0
38	1	425.5615	356.0764	0
38	2	439.8141	98.45374	0
38	3	401.1529	355.8275	0
38	4	353.6002	266.452	0
38	5	550.2784	501.1217	0
38	6	513.2537	261.671	0
38	7	491.9031	363.0651	0
38	8	558.5717	368.7161	0
38	9	434.144	70.22717	0
38	10	517.0002	455.4138	0
38	11	297.718	-27.11389	0
38	12	300.9412	59.3902	0
38	13	356.6389	315.243	0
38	14	420.658	125.9315	0
38	15	366.641	66.55307	0
38	16	447.7076	257.1591	0
38	17	393.1755	158.1817	0
38	18	373.656	93.47293	0
38	19	544.3644	424.4906	0
38	20	522.7803	314.7076	0
39	1	425.5615	356.0764	0
39	2	439.8141	98.45374	0
39	3	401.1529	355.8275	0
39	4	353.6002	266.452	0
39	5	550.2784	501.1217	0
39	6	513.2537	261.671	0
39	7	491.9031	363.0651	0
39	8	558.5717	368.7161	0
39	9	434.144	70.22717	0
39	10	517.0002	455.4138	0
39	11	297.718	-27.11389	0
39	12	300.9412	59.3902	0
39	13	356.6389	315.243	0
39	14	420.658	125.9315	0
39	15	366.641	66.55307	0
39	16	447.7076	257.1591	0
39	17	393.1755	158.1817	0
39	18	373.656	93.47293	0
39	19	544.3644	424.4906	0
39	20	522.7803	314.7076	0
39	21	546.7051	617.7402	0
40	1	425.5615	356.0764	0
40	2	439.8141	98.45374	0
40	3	401.1529	355.8275	0
40	4	353.6002	266.452	0
40	5	550.2784	501.1217	0
40	6	513.2537	261.671	0
40	7	491.9031	363.0651	0
40	8	558.5717	368.7161	0
40	9	434.144	70.22717	0
40	10	517.0002	455.4138	0
40	11	297.718	-27.11389	0
40	12	300.9412	59.3902	0
40	13	356.6389	315.243	0
40	14	420.658	125.9315	0
40	15	366.641	66.55307	0
40	16	447.7076	257.1591	0
40	17	393.1755	158.1817	0
40	18	373.656	93.47293	0
40	19	544.3644	424.4906	0
40	20	522.7803	314.7076	0
40	21	546.7051	617.7402	0
40	22	571.9855	553.4871	0
41	1	425.5615	356.0764	0
41	2	439.8141	98.45374	0
41	3	401.1529	355.8275	0
41	4	353.6002	266.452	0
41	5	550.2784	501.1217	0
41	6	513.2537	261.671	0
41	7	491.9031	363.0651	0
41	8	558.5717	368.7161	0
41	9	434.144	70.22717	0
41	10	517.0002	455.4138	0
41	11	297.718	-27.11389	0
41	12	300.9412	59.3902	0
41	13	356.6389	315.243	0
41	14	420.658	125.9315	0
41	15	366.641	66.55307	0
41	16	447.7076	257.1591	0
41	17	393.1755	158.1817	0
41	18	373.656	93.47293	0
41	19	544.3644	424.4906	0
41	20	522.7803	314.7076	0
41	21	546.7051	617.7402	0
41	22	571.9855	553.4871	0
41	23	420.5333	271.5341	0
42	1	425.5615	356.0764	0
42	2	439.8141	98.45374	0
42	3	401.1529	355.8275	0
42	4	353.6002	266.452	0
42	5	550.2784	501.1217	0
42	6	513.2537	261.671	0
42	7	491.9031	363.0651	0
42	8	558.5717	368.7161	0
42	9	434.144	70.22717	0
42	10	517.0002	455.4138	0
42	11	297.718	-27.11389	0
42	12	300.9412	59.3902	0
42	13	356.6389	315.243	0
42	14	420.658	125.9315	0
42	15	366.641	66.55307	0
42	16	447.7076	257.1591	0
42	17	393.1755	158.1817	0
42	18	373.656	93.47293	0
42	19	544.3644	424.4906	0
42	20	522.7803	314.7076	0
42	21	546.7051	617.7402	0
42	22	571.9855	553.4871	0
42	23	420.5333	271.5341	0
42	24	341.4631	62.61392	0
43	1	425.5615	356.0764	0
43	2	439.8141	98.45374	0
43	3	401.1529	355.8275	0
43	4	353.6002	266.452	0
43	5	550.2784	501.1217	0
43	6	513.2537	261.671	0
43	7	491.9031	363.0651	0
43	8	558.5717	368.7161	0
43	9	434.144	70.22717	0
43	10	517.0002	455.4138	0
43	11	297.718	-27.11389	0
43	12	300.9412	59.3902	0
43	13	356.6389	315.243	0
43	14	420.658	125.9315	0
43	15	366.641	66.55307	0
43	16	447.7076	257.1591	0
43	17	393.1755	158.1817	0
43	18	373.656	93.47293	0
43	19	544.3644	424.4906	0
43	20	522.7803	314.7076	0
43	21	546.7051	617.7402	0
43	22	571.9855	553.4871	0
43	23	420.5333	271.5341	0
43	24	341.4631	62.61392	0
43	25	564.5903	395.7218	0
44	1	425.5615	356.0764	0
44	2	439.8141	98.45374	0
44	3	401.1529	355.8275	0
44	4	353.6002	266.452	0
44	5	550.2784	501.1217	0
44	6	513.2537	261.671	0
44	7	491.9031	363.0651	0
44	8	558.5717	368.7161	0
44	9	434.144	70.22717	0
44	10	517.0002	455.4138	0
44	11	297.718	-27.11389	0
44	12	300.9412	59.3902	0
44	13	356.6389	315.243	0
44	14	420.658	125.9315	0
44	15	366.641	66.55307	0
44	16	447.7076	257.1591	0
44	17	393.1755	158.1817	0
44	18	373.656	93.47293	0
44	19	544.3644	424.4906	0
44	20	522.7803	314.7076	0
44	21	546.7051	617.7402	0
44	22	571.9855	553.4871	0
44	23	420.5333	271.5341	0
44	24	341.4631	62.61392	0
44	25	564.5903	395.7218	0
44	26	459.2537	161.4427	0
45	1	425.5615	356.0764	0
45	2	439.8141	98.45374	0
45	3	401.1529	355.8275	0
45	4	353.6002	266.452	0
45	5	550.2784	501.1217	0
45	6	513.2537	261.671	0
45	7	491.9031	363.0651	0
45	8	558.5717	368.7161	0
45	9	434.144	70.22717	0
45	10	517.0002	455.4138	0
45	11	297.718	-27.11389	0
45	12	300.9412	59.3902	0
45	13	356.6389	315.243	0
45	14	420.658	125.9315	0
45	15	366.641	66.55307	0
45	16	447.7076	257.1591	0
45	17	393.1755	158.1817	0
45	18	373.656	93.47293	0
45	19	544.3644	424.4906	0
45	20	522.7803	314.7076	0
45	21	546.7051	617.7402	0
45	22	571.9855	553.4871	0
45	23	420.5333	271.5341	0
45	24	341.4631	62.61392	0
45	25	564.5903	395.7218	0
45	26	459.2537	161.4427	0
45	27	486.1011	130.3682	0
46	1	425.5615	356.0764	0
46	2	439.8141	98.45374	0
46	3	401.1529	355.8275	0
46	4	353.6002	266.452	0
46	5	550.2784	501.1217	0
46	6	513.2537	261.671	0
46	7	491.9031	363.0651	0
46	8	558.5717	368.7161	0
46	9	434.144	70.22717	0
46	10	517.0002	455.4138	0
46	11	297.718	-27.11389	0
46	12	300.9412	59.3902	0
46	13	356.6389	315.243	0
46	14	420.658	125.9315	0
46	15	366.641	66.55307	0
46	16	447.7076	257.1591	0
46	17	393.1755	158.1817	0
46	18	373.656	93.47293	0
46	19	544.3644	424.4906	0
46	20	522.7803	314.7076	0
46	21	546.7051	617.7402	0
46	22	571.9855	553.4871	0
46	23	420.5333	271.5341	0
46	24	341.4631	62.61392	0
46	25	564.5903	395.7218	0
46	26	459.2537	161.4427	0
46	27	486.1011	130.3682	0
47	1	425.5615	356.0764	0
47	2	439.8141	98.45374	0
47	3	401.1529	355.8275	0
47	4	353.6002	266.452	0
47	5	550.2784	501.1217	0
47	6	513.2537	261.671	0
47	7	491.9031	363.0651	0
47	8	558.5717	368.7161	0
47	9	434.144	70.22717	0
47	10	517.0002	455.4138	0
47	11	297.718	-27.11389	0
47	12	300.9412	59.3902	0
47	13	356.6389	315.243	0
47	14	420.658	125.9315	0
47	15	366.641	66.55307	0
47	16	447.7076	257.1591	0
47	17	393.1755	158.1817	0
47	18	373.656	93.47293	0
47	19	544.3644	424.4906	0
47	20	522.7803	314.7076	0
47	21	546.7051	617.7402	0
47	22	571.9855	553.4871	0
47	23	420.5333	271.5341	0
47	24	341.4631	62.61392	0
47	25	564.5903	395.7218	0
47	26	459.2537	161.4427	0
47	27	486.1011	130.3682	0
47	28	479.7251	612.1126	0
48	1	425.5615	356.0764	0
48	2	439.8141	98.45374	0
48	3	401.1529	355.8275	0
48	4	353.6002	266.452	0
48	5	550.2784	501.1217	0
48	6	513.2537	261.671	0
48	7	491.9031	363.0651	0
48	8	558.5717	368.7161	0
48	9	434.144	70.22717	0
48	10	517.0002	455.4138	0
48	11	297.718	-27.11389	0
48	12	300.9412	59.3902	0
48	13	356.6389	315.243	0
48	14	420.658	125.9315	0
48	15	366.641	66.55307	0
48	16	447.7076	257.1591	0
48	17	393.1755	158.1817	0
48	18	373.656	93.47293	0
48	19	544.3644	424.4906	0
48	20	522.7803	314.7076	0
48	21	546.7051	617.7402	0
48	22	571.9855	553.4871	0
48	23	420.5333	271.5341	0
48	24	341.4631	62.61392	0
48	25	564.5903	395.7218	0
48	26	459.2537	161.4427	0
48	27	486.1011	130.3682	0
48	28	479.7251	612.1126	0
48	29	277.4149	59.61975	0
49	1	425.5615	356.0764	0
49	2	439.8141	98.45374	0
49	3	401.1529	355.8275	0
49	4	353.6002	266.452	0
49	5	550.2784	501.1217	0
49	6	513.2537	261.671	0
49	7	491.9031	363.0651	0
49	8	558.5717	368.7161	0
49	9	434.144	70.22717	0
49	10	517.0002	455.4138	0
49	11	297.718	-27.11389	0
49	12	300.9412	59.3902	0
49	13	356.6389	315.243	0
49	14	420.658	125.9315	0
49	15	366.641	66.55307	0
49	16	447.7076	257.1591	0
49	17	393.1755	158.1817	0
49	18	373.656	93.47293	0
49	19	544.3644	424.4906	0
49	20	522.7803	314.7076	0
49	21	546.7051	617.7402	0
49	22	571.9855	553.4871	0
49	23	420.5333	271.5341	0
49	24	341.4631	62.61392	0
49	25	564.5903	395.7218	0
49	26	459.2537	161.4427	0
49	27	486.1011	130.3682	0
49	28	479.7251	612.1126	0
49	29	277.4149	59.61975	0
49	30	285.9492	106.1988	0
50	1	425.5615	356.0764	0
50	2	439.8141	98.45374	0
50	3	401.1529	355.8275	0
50	4	353.6002	266.452	0
50	5	550.2784	501.1217	0
50	6	513.2537	261.671	0
50	7	491.9031	363.0651	0
50	8	558.5717	368.7161	0
50	9	434.144	70.22717	0
50	10	517.0002	455.4138	0
50	11	297.718	-27.11389	0
50	12	300.9412	59.3902	0
50	13	356.6389	315.243	0
50	14	420.658	125.9315	0
50	15	366.641	66.55307	0
50	16	447.7076	257.1591	0
50	17	393.1755	158.1817	0
50	18	373.656	93.47293	0
50	19	544.3644	424.4906	0
50	20	522.7803	314.7076	0
50	21	546.7051	617.7402	0
50	22	571.9855	553.4871	0
50	23	420.5333	271.5341	0
50	24	341.4631	62.61392	0
50	25	564.5903	395.7218	0
50	26	459.2537	161.4427	0
50	27	486.1011	130.3682	0
50	28	479.7251	612.1126	0
50	29	277.4149	59.61975	0
50	30	285.9492	106.1988	0
50	31	584.8116	459.8368	0
17	1	426.2295	356.9866	0
18	1	426.2295	356.9866	0
18	2	440.0757	96.94736	0
19	1	426.2295	356.9866	0
19	2	440.0757	96.94736	0
19	3	400.2154	357.2856	0
20	1	426.2295	356.9866	0
20	2	440.0757	96.94736	0
20	3	400.2154	357.2856	0
20	4	355.3852	266.4206	0
21	1	426.2295	356.9866	0
21	2	440.0757	96.94736	0
21	3	400.2154	357.2856	0
21	4	355.3852	266.4206	0
21	5	549.7408	500.9453	0
22	1	426.2295	356.9866	0
22	2	440.0757	96.94736	0
22	3	400.2154	357.2856	0
22	4	355.3852	266.4206	0
22	5	549.7408	500.9453	0
22	6	512.7761	262.2845	0
23	1	426.2295	356.9866	0
23	2	440.0757	96.94736	0
23	3	400.2154	357.2856	0
23	4	355.3852	266.4206	0
23	5	549.7408	500.9453	0
23	6	512.7761	262.2845	0
23	7	492.0139	364.3012	0
24	1	426.2295	356.9866	0
24	2	440.0757	96.94736	0
24	3	400.2154	357.2856	0
24	4	355.3852	266.4206	0
24	5	549.7408	500.9453	0
24	6	512.7761	262.2845	0
24	7	492.0139	364.3012	0
24	8	558.0322	368.3329	0
25	1	426.2295	356.9866	0
25	2	440.0757	96.94736	0
25	3	400.2154	357.2856	0
25	4	355.3852	266.4206	0
25	5	549.7408	500.9453	0
25	6	512.7761	262.2845	0
25	7	492.0139	364.3012	0
25	8	558.0322	368.3329	0
25	9	433.3224	71.41202	0
26	1	426.2295	356.9866	0
26	2	440.0757	96.94736	0
26	3	400.2154	357.2856	0
26	4	355.3852	266.4206	0
26	5	549.7408	500.9453	0
26	6	512.7761	262.2845	0
26	7	492.0139	364.3012	0
26	8	558.0322	368.3329	0
26	9	433.3224	71.41202	0
27	1	426.2295	356.9866	0
27	2	440.0757	96.94736	0
27	3	400.2154	357.2856	0
27	4	355.3852	266.4206	0
27	5	549.7408	500.9453	0
27	6	512.7761	262.2845	0
27	7	492.0139	364.3012	0
27	8	558.0322	368.3329	0
27	9	433.3224	71.41202	0
27	10	517.3135	454.5757	0
28	1	426.2295	356.9866	0
28	2	440.0757	96.94736	0
28	3	400.2154	357.2856	0
28	4	355.3852	266.4206	0
28	5	549.7408	500.9453	0
28	6	512.7761	262.2845	0
28	7	492.0139	364.3012	0
28	8	558.0322	368.3329	0
28	9	433.3224	71.41202	0
28	10	517.3135	454.5757	0
28	11	296.6822	-27.9505	0
29	1	426.2295	356.9866	0
29	2	440.0757	96.94736	0
29	3	400.2154	357.2856	0
29	4	355.3852	266.4206	0
29	5	549.7408	500.9453	0
29	6	512.7761	262.2845	0
29	7	492.0139	364.3012	0
29	8	558.0322	368.3329	0
29	9	433.3224	71.41202	0
29	10	517.3135	454.5757	0
29	11	296.6822	-27.9505	0
29	12	300.295	57.93341	0
30	1	426.2295	356.9866	0
30	2	440.0757	96.94736	0
30	3	400.2154	357.2856	0
30	4	355.3852	266.4206	0
30	5	549.7408	500.9453	0
30	6	512.7761	262.2845	0
30	7	492.0139	364.3012	0
30	8	558.0322	368.3329	0
30	9	433.3224	71.41202	0
30	10	517.3135	454.5757	0
30	11	296.6822	-27.9505	0
30	12	300.295	57.93341	0
30	13	356.115	315.1778	0
31	1	426.2295	356.9866	0
31	2	440.0757	96.94736	0
31	3	400.2154	357.2856	0
31	4	355.3852	266.4206	0
31	5	549.7408	500.9453	0
31	6	512.7761	262.2845	0
31	7	492.0139	364.3012	0
31	8	558.0322	368.3329	0
31	9	433.3224	71.41202	0
31	10	517.3135	454.5757	0
31	11	296.6822	-27.9505	0
31	12	300.295	57.93341	0
31	13	356.115	315.1778	0
31	14	420.1859	125.3577	0
32	1	426.2295	356.9866	0
32	2	440.0757	96.94736	0
32	3	400.2154	357.2856	0
32	4	355.3852	266.4206	0
32	5	549.7408	500.9453	0
32	6	512.7761	262.2845	0
32	7	492.0139	364.3012	0
32	8	558.0322	368.3329	0
32	9	433.3224	71.41202	0
32	10	517.3135	454.5757	0
32	11	296.6822	-27.9505	0
32	12	300.295	57.93341	0
32	13	356.115	315.1778	0
32	14	420.1859	125.3577	0
32	15	368.067	66.35114	0
33	1	426.2295	356.9866	0
33	2	440.0757	96.94736	0
33	3	400.2154	357.2856	0
33	4	355.3852	266.4206	0
33	5	549.7408	500.9453	0
33	6	512.7761	262.2845	0
33	7	492.0139	364.3012	0
33	8	558.0322	368.3329	0
33	9	433.3224	71.41202	0
33	10	517.3135	454.5757	0
33	11	296.6822	-27.9505	0
33	12	300.295	57.93341	0
33	13	356.115	315.1778	0
33	14	420.1859	125.3577	0
33	15	368.067	66.35114	0
33	16	446.6162	257.738	0
34	1	426.2295	356.9866	0
34	2	440.0757	96.94736	0
34	3	400.2154	357.2856	0
34	4	355.3852	266.4206	0
34	5	549.7408	500.9453	0
34	6	512.7761	262.2845	0
34	7	492.0139	364.3012	0
34	8	558.0322	368.3329	0
34	9	433.3224	71.41202	0
34	10	517.3135	454.5757	0
34	11	296.6822	-27.9505	0
34	12	300.295	57.93341	0
34	13	356.115	315.1778	0
34	14	420.1859	125.3577	0
34	15	368.067	66.35114	0
34	16	446.6162	257.738	0
34	17	393.1171	157.0782	0
35	1	426.2295	356.9866	0
35	2	440.0757	96.94736	0
35	3	400.2154	357.2856	0
35	4	355.3852	266.4206	0
35	5	549.7408	500.9453	0
35	6	512.7761	262.2845	0
35	7	492.0139	364.3012	0
35	8	558.0322	368.3329	0
35	9	433.3224	71.41202	0
35	10	517.3135	454.5757	0
35	11	296.6822	-27.9505	0
35	12	300.295	57.93341	0
35	13	356.115	315.1778	0
35	14	420.1859	125.3577	0
35	15	368.067	66.35114	0
35	16	446.6162	257.738	0
35	17	393.1171	157.0782	0
35	18	373.2727	95.03415	0
36	1	426.2295	356.9866	0
36	2	440.0757	96.94736	0
36	3	400.2154	357.2856	0
36	4	355.3852	266.4206	0
36	5	549.7408	500.9453	0
36	6	512.7761	262.2845	0
36	7	492.0139	364.3012	0
36	8	558.0322	368.3329	0
36	9	433.3224	71.41202	0
36	10	517.3135	454.5757	0
36	11	296.6822	-27.9505	0
36	12	300.295	57.93341	0
36	13	356.115	315.1778	0
36	14	420.1859	125.3577	0
36	15	368.067	66.35114	0
36	16	446.6162	257.738	0
36	17	393.1171	157.0782	0
36	18	373.2727	95.03415	0
37	1	426.2295	356.9866	0
37	2	440.0757	96.94736	0
37	3	400.2154	357.2856	0
37	4	355.3852	266.4206	0
37	5	549.7408	500.9453	0
37	6	512.7761	262.2845	0
37	7	492.0139	364.3012	0
37	8	558.0322	368.3329	0
37	9	433.3224	71.41202	0
37	10	517.3135	454.5757	0
37	11	296.6822	-27.9505	0
37	12	300.295	57.93341	0
37	13	356.115	315.1778	0
37	14	420.1859	125.3577	0
37	15	368.067	66.35114	0
37	16	446.6162	257.738	0
37	17	393.1171	157.0782	0
37	18	373.2727	95.03415	0
37	19	543.7476	424.4578	0
38	1	426.2295	356.9866	0
38	2	440.0757	96.94736	0
38	3	400.2154	357.2856	0
38	4	355.3852	266.4206	0
38	5	549.7408	500.9453	0
38	6	512.7761	262.2845	0
38	7	492.0139	364.3012	0
38	8	558.0322	368.3329	0
38	9	433.3224	71.41202	0
38	10	517.3135	454.5757	0
38	11	296.6822	-27.9505	0
38	12	300.295	57.93341	0
38	13	356.115	315.1778	0
38	14	420.1859	125.3577	0
38	15	368.067	66.35114	0
38	16	446.6162	257.738	0
38	17	393.1171	157.0782	0
38	18	373.2727	95.03415	0
38	19	543.7476	424.4578	0
38	20	522.579	316.0959	0
39	1	426.2295	356.9866	0
39	2	440.0757	96.94736	0
39	3	400.2154	357.2856	0
39	4	355.3852	266.4206	0
39	5	549.7408	500.9453	0
39	6	512.7761	262.2845	0
39	7	492.0139	364.3012	0
39	8	558.0322	368.3329	0
39	9	433.3224	71.41202	0
39	10	517.3135	454.5757	0
39	11	296.6822	-27.9505	0
39	12	300.295	57.93341	0
39	13	356.115	315.1778	0
39	14	420.1859	125.3577	0
39	15	368.067	66.35114	0
39	16	446.6162	257.738	0
39	17	393.1171	157.0782	0
39	18	373.2727	95.03415	0
39	19	543.7476	424.4578	0
39	20	522.579	316.0959	0
39	21	547.3849	616.7801	0
40	1	426.2295	356.9866	0
40	2	440.0757	96.94736	0
40	3	400.2154	357.2856	0
40	4	355.3852	266.4206	0
40	5	549.7408	500.9453	0
40	6	512.7761	262.2845	0
40	7	492.0139	364.3012	0
40	8	558.0322	368.3329	0
40	9	433.3224	71.41202	0
40	10	517.3135	454.5757	0
40	11	296.6822	-27.9505	0
40	12	300.295	57.93341	0
40	13	356.115	315.1778	0
40	14	420.1859	125.3577	0
40	15	368.067	66.35114	0
40	16	446.6162	257.738	0
40	17	393.1171	157.0782	0
40	18	373.2727	95.03415	0
40	19	543.7476	424.4578	0
40	20	522.579	316.0959	0
40	21	547.3849	616.7801	0
40	22	570.7256	555.1996	0
41	1	426.2295	356.9866	0
41	2	440.0757	96.94736	0
41	3	400.2154	357.2856	0
41	4	355.3852	266.4206	0
41	5	549.7408	500.9453	0
41	6	512.7761	262.2845	0
41	7	492.0139	364.3012	0
41	8	558.0322	368.3329	0
41	9	433.3224	71.41202	0
41	10	517.3135	454.5757	0
41	11	296.6822	-27.9505	0
41	12	300.295	57.93341	0
41	13	356.115	315.1778	0
41	14	420.1859	125.3577	0
41	15	368.067	66.35114	0
41	16	446.6162	257.738	0
41	17	393.1171	157.0782	0
41	18	373.2727	95.03415	0
41	19	543.7476	424.4578	0
41	20	522.579	316.0959	0
41	21	547.3849	616.7801	0
41	22	570.7256	555.1996	0
41	23	421.4527	271.6275	0
42	1	426.2295	356.9866	0
42	2	440.0757	96.94736	0
42	3	400.2154	357.2856	0
42	4	355.3852	266.4206	0
42	5	549.7408	500.9453	0
42	6	512.7761	262.2845	0
42	7	492.0139	364.3012	0
42	8	558.0322	368.3329	0
42	9	433.3224	71.41202	0
42	10	517.3135	454.5757	0
42	11	296.6822	-27.9505	0
42	12	300.295	57.93341	0
42	13	356.115	315.1778	0
42	14	420.1859	125.3577	0
42	15	368.067	66.35114	0
42	16	446.6162	257.738	0
42	17	393.1171	157.0782	0
42	18	373.2727	95.03415	0
42	19	543.7476	424.4578	0
42	20	522.579	316.0959	0
42	21	547.3849	616.7801	0
42	22	570.7256	555.1996	0
42	23	421.4527	271.6275	0
42	24	343.3682	63.23764	0
43	1	426.2295	356.9866	0
43	2	440.0757	96.94736	0
43	3	400.2154	357.2856	0
43	4	355.3852	266.4206	0
43	5	549.7408	500.9453	0
43	6	512.7761	262.2845	0
43	7	492.0139	364.3012	0
43	8	558.0322	368.3329	0
43	9	433.3224	71.41202	0
43	10	517.3135	454.5757	0
43	11	296.6822	-27.9505	0
43	12	300.295	57.93341	0
43	13	356.115	315.1778	0
43	14	420.1859	125.3577	0
43	15	368.067	66.35114	0
43	16	446.6162	257.738	0
43	17	393.1171	157.0782	0
43	18	373.2727	95.03415	0
43	19	543.7476	424.4578	0
43	20	522.579	316.0959	0
43	21	547.3849	616.7801	0
43	22	570.7256	555.1996	0
43	23	421.4527	271.6275	0
43	24	343.3682	63.23764	0
43	25	563.3136	395.1394	0
44	1	426.2295	356.9866	0
44	2	440.0757	96.94736	0
44	3	400.2154	357.2856	0
44	4	355.3852	266.4206	0
44	5	549.7408	500.9453	0
44	6	512.7761	262.2845	0
44	7	492.0139	364.3012	0
44	8	558.0322	368.3329	0
44	9	433.3224	71.41202	0
44	10	517.3135	454.5757	0
44	11	296.6822	-27.9505	0
44	12	300.295	57.93341	0
44	13	356.115	315.1778	0
44	14	420.1859	125.3577	0
44	15	368.067	66.35114	0
44	16	446.6162	257.738	0
44	17	393.1171	157.0782	0
44	18	373.2727	95.03415	0
44	19	543.7476	424.4578	0
44	20	522.579	316.0959	0
44	21	547.3849	616.7801	0
44	22	570.7256	555.1996	0
44	23	421.4527	271.6275	0
44	24	343.3682	63.23764	0
44	25	563.3136	395.1394	0
44	26	459.4172	160.6477	0
45	1	426.2295	356.9866	0
45	2	440.0757	96.94736	0
45	3	400.2154	357.2856	0
45	4	355.3852	266.4206	0
45	5	549.7408	500.9453	0
45	6	512.7761	262.2845	0
45	7	492.0139	364.3012	0
45	8	558.0322	368.3329	0
45	9	433.3224	71.41202	0
45	10	517.3135	454.5757	0
45	11	296.6822	-27.9505	0
45	12	300.295	57.93341	0
45	13	356.115	315.1778	0
45	14	420.1859	125.3577	0
45	15	368.067	66.35114	0
45	16	446.6162	257.738	0
45	17	393.1171	157.0782	0
45	18	373.2727	95.03415	0
45	19	543.7476	424.4578	0
45	20	522.579	316.0959	0
45	21	547.3849	616.7801	0
45	22	570.7256	555.1996	0
45	23	421.4527	271.6275	0
45	24	343.3682	63.23764	0
45	25	563.3136	395.1394	0
45	26	459.4172	160.6477	0
45	27	486.9268	130.8447	0
46	1	426.2295	356.9866	0
46	2	440.0757	96.94736	0
46	3	400.2154	357.2856	0
46	4	355.3852	266.4206	0
46	5	549.7408	500.9453	0
46	6	512.7761	262.2845	0
46	7	492.0139	364.3012	0
46	8	558.0322	368.3329	0
46	9	433.3224	71.41202	0
46	10	517.3135	454.5757	0
46	11	296.6822	-27.9505	0
46	12	300.295	57.93341	0
46	13	356.115	315.1778	0
46	14	420.1859	125.3577	0
46	15	368.067	66.35114	0
46	16	446.6162	257.738	0
46	17	393.1171	157.0782	0
46	18	373.2727	95.03415	0
46	19	543.7476	424.4578	0
46	20	522.579	316.0959	0
46	21	547.3849	616.7801	0
46	22	570.7256	555.1996	0
46	23	421.4527	271.6275	0
46	24	343.3682	63.23764	0
46	25	563.3136	395.1394	0
46	26	459.4172	160.6477	0
46	27	486.9268	130.8447	0
47	1	426.2295	356.9866	0
47	2	440.0757	96.94736	0
47	3	400.2154	357.2856	0
47	4	355.3852	266.4206	0
47	5	549.7408	500.9453	0
47	6	512.7761	262.2845	0
47	7	492.0139	364.3012	0
47	8	558.0322	368.3329	0
47	9	433.3224	71.41202	0
47	10	517.3135	454.5757	0
47	11	296.6822	-27.9505	0
47	12	300.295	57.93341	0
47	13	356.115	315.1778	0
47	14	420.1859	125.3577	0
47	15	368.067	66.35114	0
47	16	446.6162	257.738	0
47	17	393.1171	157.0782	0
47	18	373.2727	95.03415	0
47	19	543.7476	424.4578	0
47	20	522.579	316.0959	0
47	21	547.3849	616.7801	0
47	22	570.7256	555.1996	0
47	23	421.4527	271.6275	0
47	24	343.3682	63.23764	0
47	25	563.3136	395.1394	0
47	26	459.4172	160.6477	0
47	27	486.9268	130.8447	0
47	28	479.888	612.1924	0
48	1	426.2295	356.9866	0
48	2	440.0757	96.94736	0
48	3	400.2154	357.2856	0
48	4	355.3852	266.4206	0
48	5	549.7408	500.9453	0
48	6	512.7761	262.2845	0
48	7	492.0139	364.3012	0
48	8	558.0322	368.3329	0
48	9	433.3224	71.41202	0
48	10	517.3135	454.5757	0
48	11	296.6822	-27.9505	0
48	12	300.295	57.93341	0
48	13	356.115	315.1778	0
48	14	420.1859	125.3577	0
48	15	368.067	66.35114	0
48	16	446.6162	257.738	0
48	17	393.1171	157.0782	0
48	18	373.2727	95.03415	0
48	19	543.7476	424.4578	0
48	20	522.579	316.0959	0
48	21	547.3849	616.7801	0
48	22	570.7256	555.1996	0
48	23	421.4527	271.6275	0
48	24	343.3682	63.23764	0
48	25	563.3136	395.1394	0
48	26	459.4172	160.6477	0
48	27	486.9268	130.8447	0
48	28	479.888	612.1924	0
48	29	275.9677	60.45709	0
49	1	426.2295	356.9866	0
49	2	440.0757	96.94736	0
49	3	400.2154	357.2856	0
49	4	355.3852	266.4206	0
49	5	549.7408	500.9453	0
49	6	512.7761	262.2845	0
49	7	492.0139	364.3012	0
49	8	558.0322	368.3329	0
49	9	433.3224	71.41202	0
49	10	517.3135	454.5757	0
49	11	296.6822	-27.9505	0
49	12	300.295	57.93341	0
49	13	356.115	315.1778	0
49	14	420.1859	125.3577	0
49	15	368.067	66.35114	0
49	16	446.6162	257.738	0
49	17	393.1171	157.0782	0
49	18	373.2727	95.03415	0
49	19	543.7476	424.4578	0
49	20	522.579	316.0959	0
49	21	547.3849	616.7801	0
49	22	570.7256	555.1996	0
49	23	421.4527	271.6275	0
49	24	343.3682	63.23764	0
49	25	563.3136	395.1394	0
49	26	459.4172	160.6477	0
49	27	486.9268	130.8447	0
49	28	479.888	612.1924	0
49	29	275.9677	60.45709	0
49	30	285.0483	106.7678	0
50	1	426.2295	356.9866	0
50	2	440.0757	96.94736	0
50	3	400.2154	357.2856	0
50	4	355.3852	266.4206	0
50	5	549.7408	500.9453	0
50	6	512.7761	262.2845	0
50	7	492.0139	364.3012	0
50	8	558.0322	368.3329	0
50	9	433.3224	71.41202	0
50	10	517.3135	454.5757	0
50	11	296.6822	-27.9505	0
50	12	300.295	57.93341	0
50	13	356.115	315.1778	0
50	14	420.1859	125.3577	0
50	15	368.067	66.35114	0
50	16	446.6162	257.738	0
50	17	393.1171	157.0782	0
50	18	373.2727	95.03415	0
50	19	543.7476	424.4578	0
50	20	522.579	316.0959	0
50	21	547.3849	616.7801	0
50	22	570.7256	555.1996	0
50	23	421.4527	271.6275	0
50	24	343.3682	63.23764	0
50	25	563.3136	395.1394	0
50	26	459.4172	160.6477	0
50	27	486.9268	130.8447	0
50	28	479.888	612.1924	0
50	29	275.9677	60.45709	0
50	30	285.0483	106.7678	0
50	31	583.446	459.3093	0
51	1	426.2295	356.9866	0
51	2	440.0757	96.94736	0
51	3	400.2154	357.2856	0
51	4	355.3852	266.4206	0
51	5	549.7408	500.9453	0
51	6	512.7761	262.2845	0
51	7	492.0139	364.3012	0
51	8	558.0322	368.3329	0
51	9	433.3224	71.41202	0
51	10	517.3135	454.5757	0
51	11	296.6822	-27.9505	0
51	12	300.295	57.93341	0
51	13	356.115	315.1778	0
51	14	420.1859	125.3577	0
51	15	368.067	66.35114	0
51	16	446.6162	257.738	0
51	17	393.1171	157.0782	0
51	18	373.2727	95.03415	0
51	19	543.7476	424.4578	0
51	20	522.579	316.0959	0
51	21	547.3849	616.7801	0
51	22	570.7256	555.1996	0
51	23	421.4527	271.6275	0
51	24	343.3682	63.23764	0
51	25	563.3136	395.1394	0
51	26	459.4172	160.6477	0
51	27	486.9268	130.8447	0
51	28	479.888	612.1924	0
51	29	275.9677	60.45709	0
51	30	285.0483	106.7678	0
51	31	583.446	459.3093	0
51	32	230.5405	-30.59113	0
52	1	426.2295	356.9866	0
52	2	440.0757	96.94736	0
52	3	400.2154	357.2856	0
52	4	355.3852	266.4206	0
52	5	549.7408	500.9453	0
52	6	512.7761	262.2845	0
52	7	492.0139	364.3012	0
52	8	558.0322	368.3329	0
52	9	433.3224	71.41202	0
52	10	517.3135	454.5757	0
52	11	296.6822	-27.9505	0
52	12	300.295	57.93341	0
52	13	356.115	315.1778	0
52	14	420.1859	125.3577	0
52	15	368.067	66.35114	0
52	16	446.6162	257.738	0
52	17	393.1171	157.0782	0
52	18	373.2727	95.03415	0
52	19	543.7476	424.4578	0
52	20	522.579	316.0959	0
52	21	547.3849	616.7801	0
52	22	570.7256	555.1996	0
52	23	421.4527	271.6275	0
52	24	343.3682	63.23764	0
52	25	563.3136	395.1394	0
52	26	459.4172	160.6477	0
52	27	486.9268	130.8447	0
52	28	479.888	612.1924	0
52	29	275.9677	60.45709	0
52	30	285.0483	106.7678	0
52	31	583.446	459.3093	0
52	32	230.5405	-30.59113	0
52	33	329.7417	13.16104	0
53	1	426.2295	356.9866	0
53	2	440.0757	96.94736	0
53	3	400.2154	357.2856	0
53	4	355.3852	266.4206	0
53	5	549.7408	500.9453	0
53	6	512.7761	262.2845	0
53	7	492.0139	364.3012	0
53	8	558.0322	368.3329	0
53	9	433.3224	71.41202	0
53	10	517.3135	454.5757	0
53	11	296.6822	-27.9505	0
53	12	300.295	57.93341	0
53	13	356.115	315.1778	0
53	14	420.1859	125.3577	0
53	15	368.067	66.35114	0
53	16	446.6162	257.738	0
53	17	393.1171	157.0782	0
53	18	373.2727	95.03415	0
53	19	543.7476	424.4578	0
53	20	522.579	316.0959	0
53	21	547.3849	616.7801	0
53	22	570.7256	555.1996	0
53	23	421.4527	271.6275	0
53	24	343.3682	63.23764	0
53	25	563.3136	395.1394	0
53	26	459.4172	160.6477	0
53	27	486.9268	130.8447	0
53	28	479.888	612.1924	0
53	29	275.9677	60.45709	0
53	30	285.0483	106.7678	0
53	31	583.446	459.3093	0
53	32	230.5405	-30.59113	0
53	33	329.7417	13.16104	0
53	34	409.973	404.304	0
54	1	426.2295	356.9866	0
54	2	440.0757	96.94736	0
54	3	400.2154	357.2856	0
54	4	355.3852	266.4206	0
54	5	549.7408	500.9453	0
54	6	512.7761	262.2845	0
54	7	492.0139	364.3012	0
54	8	558.0322	368.3329	0
54	9	433.3224	71.41202	0
54	10	517.3135	454.5757	0
54	11	296.6822	-27.9505	0
54	12	300.295	57.93341	0
54	13	356.115	315.1778	0
54	14	420.1859	125.3577	0
54	15	368.067	66.35114	0
54	16	446.6162	257.738	0
54	17	393.1171	157.0782	0
54	18	373.2727	95.03415	0
54	19	543.7476	424.4578	0
54	20	522.579	316.0959	0
54	21	547.3849	616.7801	0
54	22	570.7256	555.1996	0
54	23	421.4527	271.6275	0
54	24	343.3682	63.23764	0
54	25	563.3136	395.1394	0
54	26	459.4172	160.6477	0
54	27	486.9268	130.8447	0
54	28	479.888	612.1924	0
54	29	275.9677	60.45709	0
54	30	285.0483	106.7678	0
54	31	583.446	459.3093	0
54	32	230.5405	-30.59113	0
54	33	329.7417	13.16104	0
54	34	409.973	404.304	0
54	35	636.925	559.8514	0
55	1	426.2295	356.9866	0
55	2	440.0757	96.94736	0
55	3	400.2154	357.2856	0
55	4	355.3852	266.4206	0
55	5	549.7408	500.9453	0
55	6	512.7761	262.2845	0
55	7	492.0139	364.3012	0
55	8	558.0322	368.3329	0
55	9	433.3224	71.41202	0
55	10	517.3135	454.5757	0
55	11	296.6822	-27.9505	0
55	12	300.295	57.93341	0
55	13	356.115	315.1778	0
55	14	420.1859	125.3577	0
55	15	368.067	66.35114	0
55	16	446.6162	257.738	0
55	17	393.1171	157.0782	0
55	18	373.2727	95.03415	0
55	19	543.7476	424.4578	0
55	20	522.579	316.0959	0
55	21	547.3849	616.7801	0
55	22	570.7256	555.1996	0
55	23	421.4527	271.6275	0
55	24	343.3682	63.23764	0
55	25	563.3136	395.1394	0
55	26	459.4172	160.6477	0
55	27	486.9268	130.8447	0
55	28	479.888	612.1924	0
55	29	275.9677	60.45709	0
55	30	285.0483	106.7678	0
55	31	583.446	459.3093	0
55	32	230.5405	-30.59113	0
55	33	329.7417	13.16104	0
55	34	409.973	404.304	0
55	35	636.925	559.8514	0
55	36	476.3432	407.2851	0
56	1	426.2295	356.9866	0
56	2	440.0757	96.94736	0
56	3	400.2154	357.2856	0
56	4	355.3852	266.4206	0
56	5	549.7408	500.9453	0
56	6	512.7761	262.2845	0
56	7	492.0139	364.3012	0
56	8	558.0322	368.3329	0
56	9	433.3224	71.41202	0
56	10	517.3135	454.5757	0
56	11	296.6822	-27.9505	0
56	12	300.295	57.93341	0
56	13	356.115	315.1778	0
56	14	420.1859	125.3577	0
56	15	368.067	66.35114	0
56	16	446.6162	257.738	0
56	17	393.1171	157.0782	0
56	18	373.2727	95.03415	0
56	19	543.7476	424.4578	0
56	20	522.579	316.0959	0
56	21	547.3849	616.7801	0
56	22	570.7256	555.1996	0
56	23	421.4527	271.6275	0
56	24	343.3682	63.23764	0
56	25	563.3136	395.1394	0
56	26	459.4172	160.6477	0
56	27	486.9268	130.8447	0
56	28	479.888	612.1924	0
56	29	275.9677	60.45709	0
56	30	285.0483	106.7678	0
56	31	583.446	459.3093	0
56	32	230.5405	-30.59113	0
56	33	329.7417	13.16104	0
56	34	409.973	404.304	0
56	35	636.925	559.8514	0
56	36	476.3432	407.2851	0
57	1	426.2295	356.9866	0
57	2	440.0757	96.94736	0
57	3	400.2154	357.2856	0
57	4	355.3852	266.4206	0
57	5	549.7408	500.9453	0
57	6	512.7761	262.2845	0
57	7	492.0139	364.3012	0
57	8	558.0322	368.3329	0
57	9	433.3224	71.41202	0
57	10	517.3135	454.5757	0
57	11	296.6822	-27.9505	0
57	12	300.295	57.93341	0
57	13	356.115	315.1778	0
57	14	420.1859	125.3577	0
57	15	368.067	66.35114	0
57	16	446.6162	257.738	0
57	17	393.1171	157.0782	0
57	18	373.2727	95.03415	0
57	19	543.7476	424.4578	0
57	20	522.579	316.0959	0
57	21	547.3849	616.7801	0
57	22	570.7256	555.1996	0
57	23	421.4527	271.6275	0
57	24	343.3682	63.23764	0
57	25	563.3136	395.1394	0
57	26	459.4172	160.6477	0
57	27	486.9268	130.8447	0
57	28	479.888	612.1924	0
57	29	275.9677	60.45709	0
57	30	285.0483	106.7678	0
57	31	583.446	459.3093	0
57	32	230.5405	-30.59113	0
57	33	329.7417	13.16104	0
57	34	409.973	404.304	0
57	35	636.925	559.8514	0
57	36	476.3432	407.2851	0
57	37	421.6858	320.3264	0
58	1	426.2295	356.9866	0
58	2	440.0757	96.94736	0
58	3	400.2154	357.2856	0
58	4	355.3852	266.4206	0
58	5	549.7408	500.9453	0
58	6	512.7761	262.2845	0
58	7	492.0139	364.3012	0
58	8	558.0322	368.3329	0
58	9	433.3224	71.41202	0
58	10	517.3135	454.5757	0
58	11	296.6822	-27.9505	0
58	12	300.295	57.93341	0
58	13	356.115	315.1778	0
58	14	420.1859	125.3577	0
58	15	368.067	66.35114	0
58	16	446.6162	257.738	0
58	17	393.1171	157.0782	0
58	18	373.2727	95.03415	0
58	19	543.7476	424.4578	0
58	20	522.579	316.0959	0
58	21	547.3849	616.7801	0
58	22	570.7256	555.1996	0
58	23	421.4527	271.6275	0
58	24	343.3682	63.23764	0
58	25	563.3136	395.1394	0
58	26	459.4172	160.6477	0
58	27	486.9268	130.8447	0
58	28	479.888	612.1924	0
58	29	275.9677	60.45709	0
58	30	285.0483	106.7678	0
58	31	583.446	459.3093	0
58	32	230.5405	-30.59113	0
58	33	329.7417	13.16104	0
58	34	409.973	404.304	0
58	35	636.925	559.8514	0
58	36	476.3432	407.2851	0
58	37	421.6858	320.3264	0
58	38	611.4265	426.6826	0
59	1	426.2295	356.9866	0
59	2	440.0757	96.94736	0
59	3	400.2154	357.2856	0
59	4	355.3852	266.4206	0
59	5	549.7408	500.9453	0
59	6	512.7761	262.2845	0
59	7	492.0139	364.3012	0
59	8	558.0322	368.3329	0
59	9	433.3224	71.41202	0
59	10	517.3135	454.5757	0
59	11	296.6822	-27.9505	0
59	12	300.295	57.93341	0
59	13	356.115	315.1778	0
59	14	420.1859	125.3577	0
59	15	368.067	66.35114	0
59	16	446.6162	257.738	0
59	17	393.1171	157.0782	0
59	18	373.2727	95.03415	0
59	19	543.7476	424.4578	0
59	20	522.579	316.0959	0
59	21	547.3849	616.7801	0
59	22	570.7256	555.1996	0
59	23	421.4527	271.6275	0
59	24	343.3682	63.23764	0
59	25	563.3136	395.1394	0
59	26	459.4172	160.6477	0
59	27	486.9268	130.8447	0
59	28	479.888	612.1924	0
59	29	275.9677	60.45709	0
59	30	285.0483	106.7678	0
59	31	583.446	459.3093	0
59	32	230.5405	-30.59113	0
59	33	329.7417	13.16104	0
59	34	409.973	404.304	0
59	35	636.925	559.8514	0
59	36	476.3432	407.2851	0
59	37	421.6858	320.3264	0
59	38	611.4265	426.6826	0
59	39	350.9198	109.5267	0
60	1	426.2295	356.9866	0
60	2	440.0757	96.94736	0
60	3	400.2154	357.2856	0
60	4	355.3852	266.4206	0
60	5	549.7408	500.9453	0
60	6	512.7761	262.2845	0
60	7	492.0139	364.3012	0
60	8	558.0322	368.3329	0
60	9	433.3224	71.41202	0
60	10	517.3135	454.5757	0
60	11	296.6822	-27.9505	0
60	12	300.295	57.93341	0
60	13	356.115	315.1778	0
60	14	420.1859	125.3577	0
60	15	368.067	66.35114	0
60	16	446.6162	257.738	0
60	17	393.1171	157.0782	0
60	18	373.2727	95.03415	0
60	19	543.7476	424.4578	0
60	20	522.579	316.0959	0
60	21	547.3849	616.7801	0
60	22	570.7256	555.1996	0
60	23	421.4527	271.6275	0
60	24	343.3682	63.23764	0
60	25	563.3136	395.1394	0
60	26	459.4172	160.6477	0
60	27	486.9268	130.8447	0
60	28	479.888	612.1924	0
60	29	275.9677	60.45709	0
60	30	285.0483	106.7678	0
60	31	583.446	459.3093	0
60	32	230.5405	-30.59113	0
60	33	329.7417	13.16104	0
60	34	409.973	404.304	0
60	35	636.925	559.8514	0
60	36	476.3432	407.2851	0
60	37	421.6858	320.3264	0
60	38	611.4265	426.6826	0
60	39	350.9198	109.5267	0
60	40	397.1677	17.37482	0
61	1	426.2295	356.9866	0
61	2	440.0757	96.94736	0
61	3	400.2154	357.2856	0
61	4	355.3852	266.4206	0
61	5	549.7408	500.9453	0
61	6	512.7761	262.2845	0
61	7	492.0139	364.3012	0
61	8	558.0322	368.3329	0
61	9	433.3224	71.41202	0
61	10	517.3135	454.5757	0
61	11	296.6822	-27.9505	0
61	12	300.295	57.93341	0
61	13	356.115	315.1778	0
61	14	420.1859	125.3577	0
61	15	368.067	66.35114	0
61	16	446.6162	257.738	0
61	17	393.1171	157.0782	0
61	18	373.2727	95.03415	0
61	19	543.7476	424.4578	0
61	20	522.579	316.0959	0
61	21	547.3849	616.7801	0
61	22	570.7256	555.1996	0
61	23	421.4527	271.6275	0
61	24	343.3682	63.23764	0
61	25	563.3136	395.1394	0
61	26	459.4172	160.6477	0
61	27	486.9268	130.8447	0
61	28	479.888	612.1924	0
61	29	275.9677	60.45709	0
61	30	285.0483	106.7678	0
61	31	583.446	459.3093	0
61	32	230.5405	-30.59113	0
61	33	329.7417	13.16104	0
61	34	409.973	404.304	0
61	35	636.925	559.8514	0
61	36	476.3432	407.2851	0
61	37	421.6858	320.3264	0
61	38	611.4265	426.6826	0
61	39	350.9198	109.5267	0
61	40	397.1677	17.37482	0
61	41	466.4947	360.6646	0
62	1	426.2295	356.9866	0
62	2	440.0757	96.94736	0
62	3	400.2154	357.2856	0
62	4	355.3852	266.4206	0
62	5	549.7408	500.9453	0
62	6	512.7761	262.2845	0
62	7	492.0139	364.3012	0
62	8	558.0322	368.3329	0
62	9	433.3224	71.41202	0
62	10	517.3135	454.5757	0
62	11	296.6822	-27.9505	0
62	12	300.295	57.93341	0
62	13	356.115	315.1778	0
62	14	420.1859	125.3577	0
62	15	368.067	66.35114	0
62	16	446.6162	257.738	0
62	17	393.1171	157.0782	0
62	18	373.2727	95.03415	0
62	19	543.7476	424.4578	0
62	20	522.579	316.0959	0
62	21	547.3849	616.7801	0
62	22	570.7256	555.1996	0
62	23	421.4527	271.6275	0
62	24	343.3682	63.23764	0
62	25	563.3136	395.1394	0
62	26	459.4172	160.6477	0
62	27	486.9268	130.8447	0
62	28	479.888	612.1924	0
62	29	275.9677	60.45709	0
62	30	285.0483	106.7678	0
62	31	583.446	459.3093	0
62	32	230.5405	-30.59113	0
62	33	329.7417	13.16104	0
62	34	409.973	404.304	0
62	35	636.925	559.8514	0
62	36	476.3432	407.2851	0
62	37	421.6858	320.3264	0
62	38	611.4265	426.6826	0
62	39	350.9198	109.5267	0
62	40	397.1677	17.37482	0
62	41	466.4947	360.6646	0
62	42	497.0562	392.6185	0
63	1	426.2295	356.9866	0
63	2	440.0757	96.94736	0
63	3	400.2154	357.2856	0
63	4	355.3852	266.4206	0
63	5	549.7408	500.9453	0
63	6	512.7761	262.2845	0
63	7	492.0139	364.3012	0
63	8	558.0322	368.3329	0
63	9	433.3224	71.41202	0
63	10	517.3135	454.5757	0
63	11	296.6822	-27.9505	0
63	12	300.295	57.93341	0
63	13	356.115	315.1778	0
63	14	420.1859	125.3577	0
63	15	368.067	66.35114	0
63	16	446.6162	257.738	0
63	17	393.1171	157.0782	0
63	18	373.2727	95.03415	0
63	19	543.7476	424.4578	0
63	20	522.579	316.0959	0
63	21	547.3849	616.7801	0
63	22	570.7256	555.1996	0
63	23	421.4527	271.6275	0
63	24	343.3682	63.23764	0
63	25	563.3136	395.1394	0
63	26	459.4172	160.6477	0
63	27	486.9268	130.8447	0
63	28	479.888	612.1924	0
63	29	275.9677	60.45709	0
63	30	285.0483	106.7678	0
63	31	583.446	459.3093	0
63	32	230.5405	-30.59113	0
63	33	329.7417	13.16104	0
63	34	409.973	404.304	0
63	35	636.925	559.8514	0
63	36	476.3432	407.2851	0
63	37	421.6858	320.3264	0
63	38	611.4265	426.6826	0
63	39	350.9198	109.5267	0
63	40	397.1677	17.37482	0
63	41	466.4947	360.6646	0
63	42	497.0562	392.6185	0
63	43	455.3304	310.9333	0
64	1	426.2295	356.9866	0
64	2	440.0757	96.94736	0
64	3	400.2154	357.2856	0
64	4	355.3852	266.4206	0
64	5	549.7408	500.9453	0
64	6	512.7761	262.2845	0
64	7	492.0139	364.3012	0
64	8	558.0322	368.3329	0
64	9	433.3224	71.41202	0
64	10	517.3135	454.5757	0
64	11	296.6822	-27.9505	0
64	12	300.295	57.93341	0
64	13	356.115	315.1778	0
64	14	420.1859	125.3577	0
64	15	368.067	66.35114	0
64	16	446.6162	257.738	0
64	17	393.1171	157.0782	0
64	18	373.2727	95.03415	0
64	19	543.7476	424.4578	0
64	20	522.579	316.0959	0
64	21	547.3849	616.7801	0
64	22	570.7256	555.1996	0
64	23	421.4527	271.6275	0
64	24	343.3682	63.23764	0
64	25	563.3136	395.1394	0
64	26	459.4172	160.6477	0
64	27	486.9268	130.8447	0
64	28	479.888	612.1924	0
64	29	275.9677	60.45709	0
64	30	285.0483	106.7678	0
64	31	583.446	459.3093	0
64	32	230.5405	-30.59113	0
64	33	329.7417	13.16104	0
64	34	409.973	404.304	0
64	35	636.925	559.8514	0
64	36	476.3432	407.2851	0
64	37	421.6858	320.3264	0
64	38	611.4265	426.6826	0
64	39	350.9198	109.5267	0
64	40	397.1677	17.37482	0
64	41	466.4947	360.6646	0
64	42	497.0562	392.6185	0
64	43	455.3304	310.9333	0
65	1	426.2295	356.9866	0
65	2	440.0757	96.94736	0
65	3	400.2154	357.2856	0
65	4	355.3852	266.4206	0
65	5	549.7408	500.9453	0
65	6	512.7761	262.2845	0
65	7	492.0139	364.3012	0
65	8	558.0322	368.3329	0
65	9	433.3224	71.41202	0
65	10	517.3135	454.5757	0
65	11	296.6822	-27.9505	0
65	12	300.295	57.93341	0
65	13	356.115	315.1778	0
65	14	420.1859	125.3577	0
65	15	368.067	66.35114	0
65	16	446.6162	257.738	0
65	17	393.1171	157.0782	0
65	18	373.2727	95.03415	0
65	19	543.7476	424.4578	0
65	20	522.579	316.0959	0
65	21	547.3849	616.7801	0
65	22	570.7256	555.1996	0
65	23	421.4527	271.6275	0
65	24	343.3682	63.23764	0
65	25	563.3136	395.1394	0
65	26	459.4172	160.6477	0
65	27	486.9268	130.8447	0
65	28	479.888	612.1924	0
65	29	275.9677	60.45709	0
65	30	285.0483	106.7678	0
65	31	583.446	459.3093	0
65	32	230.5405	-30.59113	0
65	33	329.7417	13.16104	0
65	34	409.973	404.304	0
65	35	636.925	559.8514	0
65	36	476.3432	407.2851	0
65	37	421.6858	320.3264	0
65	38	611.4265	426.6826	0
65	39	350.9198	109.5267	0
65	40	397.1677	17.37482	0
65	41	466.4947	360.6646	0
65	42	497.0562	392.6185	0
65	43	455.3304	310.9333	0
66	1	426.2295	356.9866	0
66	2	440.0757	96.94736	0
66	3	400.2154	357.2856	0
66	4	355.3852	266.4206	0
66	5	549.7408	500.9453	0
66	6	512.7761	262.2845	0
66	7	492.0139	364.3012	0
66	8	558.0322	368.3329	0
66	9	433.3224	71.41202	0
66	10	517.3135	454.5757	0
66	11	296.6822	-27.9505	0
66	12	300.295	57.93341	0
66	13	356.115	315.1778	0
66	14	420.1859	125.3577	0
66	15	368.067	66.35114	0
66	16	446.6162	257.738	0
66	17	393.1171	157.0782	0
66	18	373.2727	95.03415	0
66	19	543.7476	424.4578	0
66	20	522.579	316.0959	0
66	21	547.3849	616.7801	0
66	22	570.7256	555.1996	0
66	23	421.4527	271.6275	0
66	24	343.3682	63.23764	0
66	25	563.3136	395.1394	0
66	26	459.4172	160.6477	0
66	27	486.9268	130.8447	0
66	28	479.888	612.1924	0
66	29	275.9677	60.45709	0
66	30	285.0483	106.7678	0
66	31	583.446	459.3093	0
66	32	230.5405	-30.59113	0
66	33	329.7417	13.16104	0
66	34	409.973	404.304	0
66	35	636.925	559.8514	0
66	36	476.3432	407.2851	0
66	37	421.6858	320.3264	0
66	38	611.4265	426.6826	0
66	39	350.9198	109.5267	0
66	40	397.1677	17.37482	0
66	41	466.4947	360.6646	0
66	42	497.0562	392.6185	0
66	43	455.3304	310.9333	0
67	1	426.2295	356.9866	0
67	2	440.0757	96.94736	0
67	3	400.2154	357.2856	0
67	4	355.3852	266.4206	0
67	5	549.7408	500.9453	0
67	6	512.7761	262.2845	0
67	7	492.0139	364.3012	0
67	8	558.0322	368.3329	0
67	9	433.3224	71.41202	0
67	10	517.3135	454.5757	0
67	11	296.6822	-27.9505	0
67	12	300.295	57.93341	0
67	13	356.115	315.1778	0
67	14	420.1859	125.3577	0
67	15	368.067	66.35114	0
67	16	446.6162	257.738	0
67	17	393.1171	157.0782	0
67	18	373.2727	95.03415	0
67	19	543.7476	424.4578	0
67	20	522.579	316.0959	0
67	21	547.3849	616.7801	0
67	22	570.7256	555.1996	0
67	23	421.4527	271.6275	0
67	24	343.3682	63.23764	0
67	25	563.3136	395.1394	0
67	26	459.4172	160.6477	0
67	27	486.9268	130.8447	0
67	28	479.888	612.1924	0
67	29	275.9677	60.45709	0
67	30	285.0483	106.7678	0
67	31	583.446	459.3093	0
67	32	230.5405	-30.59113	0
67	33	329.7417	13.16104	0
67	34	409.973	404.304	0
67	35	636.925	559.8514	0
67	36	476.3432	407.2851	0
67	37	421.6858	320.3264	0
67	38	611.4265	426.6826	0
67	39	350.9198	109.5267	0
67	40	397.1677	17.37482	0
67	41	466.4947	360.6646	0
67	42	497.0562	392.6185	0
67	43	455.3304	310.9333	0
68	1	426.2295	356.9866	0
68	2	440.0757	96.94736	0
68	3	400.2154	357.2856	0
68	4	355.3852	266.4206	0
68	5	549.7408	500.9453	0
68	6	512.7761	262.2845	0
68	7	492.0139	364.3012	0
68	8	558.0322	368.3329	0
68	9	433.3224	71.41202	0
68	10	517.3135	454.5757	0
68	11	296.6822	-27.9505	0
68	12	300.295	57.93341	0
68	13	356.115	315.1778	0
68	14	420.1859	125.3577	0
68	15	368.067	66.35114	0
68	16	446.6162	257.738	0
68	17	393.1171	157.0782	0
68	18	373.2727	95.03415	0
68	19	543.7476	424.4578	0
68	20	522.579	316.0959	0
68	21	547.3849	616.7801	0
68	22	570.7256	555.1996	0
68	23	421.4527	271.6275	0
68	24	343.3682	63.23764	0
68	25	563.3136	395.1394	0
68	26	459.4172	160.6477	0
68	27	486.9268	130.8447	0
68	28	479.888	612.1924	0
68	29	275.9677	60.45709	0
68	30	285.0483	106.7678	0
68	31	583.446	459.3093	0
68	32	230.5405	-30.59113	0
68	33	329.7417	13.16104	0
68	34	409.973	404.304	0
68	35	636.925	559.8514	0
68	36	476.3432	407.2851	0
68	37	421.6858	320.3264	0
68	38	611.4265	426.6826	0
68	39	350.9198	109.5267	0
68	40	397.1677	17.37482	0
68	41	466.4947	360.6646	0
68	42	497.0562	392.6185	0
68	43	455.3304	310.9333	0
69	1	426.2295	356.9866	0
69	2	440.0757	96.94736	0
69	3	400.2154	357.2856	0
69	4	355.3852	266.4206	0
69	5	549.7408	500.9453	0
69	6	512.7761	262.2845	0
69	7	492.0139	364.3012	0
69	8	558.0322	368.3329	0
69	9	433.3224	71.41202	0
69	10	517.3135	454.5757	0
69	11	296.6822	-27.9505	0
69	12	300.295	57.93341	0
69	13	356.115	315.1778	0
69	14	420.1859	125.3577	0
69	15	368.067	66.35114	0
69	16	446.6162	257.738	0
69	17	393.1171	157.0782	0
69	18	373.2727	95.03415	0
69	19	543.7476	424.4578	0
69	20	522.579	316.0959	0
69	21	547.3849	616.7801	0
69	22	570.7256	555.1996	0
69	23	421.4527	271.6275	0
69	24	343.3682	63.23764	0
69	25	563.3136	395.1394	0
69	26	459.4172	160.6477	0
69	27	486.9268	130.8447	0
69	28	479.888	612.1924	0
69	29	275.9677	60.45709	0
69	30	285.0483	106.7678	0
69	31	583.446	459.3093	0
69	32	230.5405	-30.59113	0
69	33	329.7417	13.16104	0
69	34	409.973	404.304	0
69	35	636.925	559.8514	0
69	36	476.3432	407.2851	0
69	37	421.6858	320.3264	0
69	38	611.4265	426.6826	0
69	39	350.9198	109.5267	0
69	40	397.1677	17.37482	0
69	41	466.4947	360.6646	0
69	42	497.0562	392.6185	0
69	43	455.3304	310.9333	0
70	1	426.2295	356.9866	0
70	2	440.0757	96.94736	0
70	3	400.2154	357.2856	0
70	4	355.3852	266.4206	0
70	5	549.7408	500.9453	0
70	6	512.7761	262.2845	0
70	7	492.0139	364.3012	0
70	8	558.0322	368.3329	0
70	9	433.3224	71.41202	0
70	10	517.3135	454.5757	0
70	11	296.6822	-27.9505	0
70	12	300.295	57.93341	0
70	13	356.115	315.1778	0
70	14	420.1859	125.3577	0
70	15	368.067	66.35114	0
70	16	446.6162	257.738	0
70	17	393.1171	157.0782	0
70	18	373.2727	95.03415	0
70	19	543.7476	424.4578	0
70	20	522.579	316.0959	0
70	21	547.3849	616.7801	0
70	22	570.7256	555.1996	0
70	23	421.4527	271.6275	0
70	24	343.3682	63.23764	0
70	25	563.3136	395.1394	0
70	26	459.4172	160.6477	0
70	27	486.9268	130.8447	0
70	28	479.888	612.1924	0
70	29	275.9677	60.45709	0
70	30	285.0483	106.7678	0
70	31	583.446	459.3093	0
70	32	230.5405	-30.59113	0
70	33	329.7417	13.16104	0
70	34	409.973	404.304	0
70	35	636.925	559.8514	0
70	36	476.3432	407.2851	0
70	37	421.6858	320.3264	0
70	38	611.4265	426.6826	0
70	39	350.9198	109.5267	0
70	40	397.1677	17.37482	0
70	41	466.4947	360.6646	0
70	42	497.0562	392.6185	0
70	43	455.3304	310.9333	0
71	1	426.2295	356.9866	0
71	2	440.0757	96.94736	0
71	3	400.2154	357.2856	0
71	4	355.3852	266.4206	0
71	5	549.7408	500.9453	0
71	6	512.7761	262.2845	0
71	7	492.0139	364.3012	0
71	8	558.0322	368.3329	0
71	9	433.3224	71.41202	0
71	10	517.3135	454.5757	0
71	11	296.6822	-27.9505	0
71	12	300.295	57.93341	0
71	13	356.115	315.1778	0
71	14	420.1859	125.3577	0
71	15	368.067	66.35114	0
71	16	446.6162	257.738	0
71	17	393.1171	157.0782	0
71	18	373.2727	95.03415	0
71	19	543.7476	424.4578	0
71	20	522.579	316.0959	0
71	21	547.3849	616.7801	0
71	22	570.7256	555.1996	0
71	23	421.4527	271.6275	0
71	24	343.3682	63.23764	0
71	25	563.3136	395.1394	0
71	26	459.4172	160.6477	0
71	27	486.9268	130.8447	0
71	28	479.888	612.1924	0
71	29	275.9677	60.45709	0
71	30	285.0483	106.7678	0
71	31	583.446	459.3093	0
71	32	230.5405	-30.59113	0
71	33	329.7417	13.16104	0
71	34	409.973	404.304	0
71	35	636.925	559.8514	0
71	36	476.3432	407.2851	0
71	37	421.6858	320.3264	0
71	38	611.4265	426.6826	0
71	39	350.9198	109.5267	0
71	40	397.1677	17.37482	0
71	41	466.4947	360.6646	0
71	42	497.0562	392.6185	0
71	43	455.3304	310.9333	0
72	1	426.2295	356.9866	0
72	2	440.0757	96.94736	0
72	3	400.2154	357.2856	0
72	4	355.3852	266.4206	0
72	5	549.7408	500.9453	0
72	6	512.7761	262.2845	0
72	7	492.0139	364.3012	0
72	8	558.0322	368.3329	0
72	9	433.3224	71.41202	0
72	10	517.3135	454.5757	0
72	11	296.6822	-27.9505	0
72	12	300.295	57.93341	0
72	13	356.115	315.1778	0
72	14	420.1859	125.3577	0
72	15	368.067	66.35114	0
72	16	446.6162	257.738	0
72	17	393.1171	157.0782	0
72	18	373.2727	95.03415	0
72	19	543.7476	424.4578	0
72	20	522.579	316.0959	0
72	21	547.3849	616.7801	0
72	22	570.7256	555.1996	0
72	23	421.4527	271.6275	0
72	24	343.3682	63.23764	0
72	25	563.3136	395.1394	0
72	26	459.4172	160.6477	0
72	27	486.9268	130.8447	0
72	28	479.888	612.1924	0
72	29	275.9677	60.45709	0
72	30	285.0483	106.7678	0
72	31	583.446	459.3093	0
72	32	230.5405	-30.59113	0
72	33	329.7417	13.16104	0
72	34	409.973	404.304	0
72	35	636.925	559.8514	0
72	36	476.3432	407.2851	0
72	37	421.6858	320.3264	0
72	38	611.4265	426.6826	0
72	39	350.9198	109.5267	0
72	40	397.1677	17.37482	0
72	41	466.4947	360.6646	0
72	42	497.0562	392.6185	0
72	43	455.3304	310.9333	0
73	1	426.2295	356.9866	0
73	2	440.0757	96.94736	0
73	3	400.2154	357.2856	0
73	4	355.3852	266.4206	0
73	5	549.7408	500.9453	0
73	6	512.7761	262.2845	0
73	7	492.0139	364.3012	0
73	8	558.0322	368.3329	0
73	9	433.3224	71.41202	0
73	10	517.3135	454.5757	0
73	11	296.6822	-27.9505	0
73	12	300.295	57.93341	0
73	13	356.115	315.1778	0
73	14	420.1859	125.3577	0
73	15	368.067	66.35114	0
73	16	446.6162	257.738	0
73	17	393.1171	157.0782	0
73	18	373.2727	95.03415	0
73	19	543.7476	424.4578	0
73	20	522.579	316.0959	0
73	21	547.3849	616.7801	0
73	22	570.7256	555.1996	0
73	23	421.4527	271.6275	0
73	24	343.3682	63.23764	0
73	25	563.3136	395.1394	0
73	26	459.4172	160.6477	0
73	27	486.9268	130.8447	0
73	28	479.888	612.1924	0
73	29	275.9677	60.45709	0
73	30	285.0483	106.7678	0
73	31	583.446	459.3093	0
73	32	230.5405	-30.59113	0
73	33	329.7417	13.16104	0
73	34	409.973	404.304	0
73	35	636.925	559.8514	0
73	36	476.3432	407.2851	0
73	37	421.6858	320.3264	0
73	38	611.4265	426.6826	0
73	39	350.9198	109.5267	0
73	40	397.1677	17.37482	0
73	41	466.4947	360.6646	0
73	42	497.0562	392.6185	0
73	43	455.3304	310.9333	0
74	1	426.2295	356.9866	0
74	2	440.0757	96.94736	0
74	3	400.2154	357.2856	0
74	4	355.3852	266.4206	0
74	5	549.7408	500.9453	0
74	6	512.7761	262.2845	0
74	7	492.0139	364.3012	0
74	8	558.0322	368.3329	0
74	9	433.3224	71.41202	0
74	10	517.3135	454.5757	0
74	11	296.6822	-27.9505	0
74	12	300.295	57.93341	0
74	13	356.115	315.1778	0
74	14	420.1859	125.3577	0
74	15	368.067	66.35114	0
74	16	446.6162	257.738	0
74	17	393.1171	157.0782	0
74	18	373.2727	95.03415	0
74	19	543.7476	424.4578	0
74	20	522.579	316.0959	0
74	21	547.3849	616.7801	0
74	22	570.7256	555.1996	0
74	23	421.4527	271.6275	0
74	24	343.3682	63.23764	0
74	25	563.3136	395.1394	0
74	26	459.4172	160.6477	0
74	27	486.9268	130.8447	0
74	28	479.888	612.1924	0
74	29	275.9677	60.45709	0
74	30	285.0483	106.7678	0
74	31	583.446	459.3093	0
74	32	230.5405	-30.59113	0
74	33	329.7417	13.16104	0
74	34	409.973	404.304	0
74	35	636.925	559.8514	0
74	36	476.3432	407.2851	0
74	37	421.6858	320.3264	0
74	38	611.4265	426.6826	0
74	39	350.9198	109.5267	0
74	40	397.1677	17.37482	0
74	41	466.4947	360.6646	0
74	42	497.0562	392.6185	0
74	43	455.3304	310.9333	0
75	1	426.2295	356.9866	0
75	2	440.0757	96.94736	0
75	3	400.2154	357.2856	0
75	4	355.3852	266.4206	0
75	5	549.7408	500.9453	0
75	6	512.7761	262.2845	0
75	7	492.0139	364.3012	0
75	8	558.0322	368.3329	0
75	9	433.3224	71.41202	0
75	10	517.3135	454.5757	0
75	11	296.6822	-27.9505	0
75	12	300.295	57.93341	0
75	13	356.115	315.1778	0
75	14	420.1859	125.3577	0
75	15	368.067	66.35114	0
75	16	446.6162	257.738	0
75	17	393.1171	157.0782	0
75	18	373.2727	95.03415	0
75	19	543.7476	424.4578	0
75	20	522.579	316.0959	0
75	21	547.3849	616.7801	0
75	22	570.7256	555.1996	0
75	23	421.4527	271.6275	0
75	24	343.3682	63.23764	0
75	25	563.3136	395.1394	0
75	26	459.4172	160.6477	0
75	27	486.9268	130.8447	0
75	28	479.888	612.1924	0
75	29	275.9677	60.45709	0
75	30	285.0483	106.7678	0
75	31	583.446	459.3093	0
75	32	230.5405	-30.59113	0
75	33	329.7417	13.16104	0
75	34	409.973	404.304	0
75	35	636.925	559.8514	0
75	36	476.3432	407.2851	0
75	37	421.6858	320.3264	0
75	38	611.4265	426.6826	0
75	39	350.9198	109.5267	0
75	40	397.1677	17.37482	0
75	41	466.4947	360.6646	0
75	42	497.0562	392.6185	0
75	43	455.3304	310.9333	0
76	1	426.2295	356.9866	0
76	2	440.0757	96.94736	0
76	3	400.2154	357.2856	0
76	4	355.3852	266.4206	0
76	5	549.7408	500.9453	0
76	6	512.7761	262.2845	0
76	7	492.0139	364.3012	0
76	8	558.0322	368.3329	0
76	9	433.3224	71.41202	0
76	10	517.3135	454.5757	0
76	11	296.6822	-27.9505	0
76	12	300.295	57.93341	0
76	13	356.115	315.1778	0
76	14	420.1859	125.3577	0
76	15	368.067	66.35114	0
76	16	446.6162	257.738	0
76	17	393.1171	157.0782	0
76	18	373.2727	95.03415	0
76	19	543.7476	424.4578	0
76	20	522.579	316.0959	0
76	21	547.3849	616.7801	0
76	22	570.7256	555.1996	0
76	23	421.4527	271.6275	0
76	24	343.3682	63.23764	0
76	25	563.3136	395.1394	0
76	26	459.4172	160.6477	0
76	27	486.9268	130.8447	0
76	28	479.888	612.1924	0
76	29	275.9677	60.45709	0
76	30	285.0483	106.7678	0
76	31	583.446	459.3093	0
76	32	230.5405	-30.59113	0
76	33	329.7417	13.16104	0
76	34	409.973	404.304	0
76	35	636.925	559.8514	0
76	36	476.3432	407.2851	0
76	37	421.6858	320.3264	0
76	38	611.4265	426.6826	0
76	39	350.9198	109.5267	0
76	40	397.1677	17.37482	0
76	41	466.4947	360.6646	0
76	42	497.0562	392.6185	0
76	43	455.3304	310.9333	0
77	1	426.2295	356.9866	0
77	2	440.0757	96.94736	0
77	3	400.2154	357.2856	0
77	4	355.3852	266.4206	0
77	5	549.7408	500.9453	0
77	6	512.7761	262.2845	0
77	7	492.0139	364.3012	0
77	8	558.0322	368.3329	0
77	9	433.3224	71.41202	0
77	10	517.3135	454.5757	0
77	11	296.6822	-27.9505	0
77	12	300.295	57.93341	0
77	13	356.115	315.1778	0
77	14	420.1859	125.3577	0
77	15	368.067	66.35114	0
77	16	446.6162	257.738	0
77	17	393.1171	157.0782	0
77	18	373.2727	95.03415	0
77	19	543.7476	424.4578	0
77	20	522.579	316.0959	0
77	21	547.3849	616.7801	0
77	22	570.7256	555.1996	0
77	23	421.4527	271.6275	0
77	24	343.3682	63.23764	0
77	25	563.3136	395.1394	0
77	26	459.4172	160.6477	0
77	27	486.9268	130.8447	0
77	28	479.888	612.1924	0
77	29	275.9677	60.45709	0
77	30	285.0483	106.7678	0
77	31	583.446	459.3093	0
77	32	230.5405	-30.59113	0
77	33	329.7417	13.16104	0
77	34	409.973	404.304	0
77	35	636.925	559.8514	0
77	36	476.3432	407.2851	0
77	37	421.6858	320.3264	0
77	38	611.4265	426.6826	0
77	39	350.9198	109.5267	0
77	40	397.1677	17.37482	0
77	41	466.4947	360.6646	0
77	42	497.0562	392.6185	0
77	43	455.3304	310.9333	0
78	1	426.2295	356.9866	0
78	2	440.0757	96.94736	0
78	3	400.2154	357.2856	0
78	4	355.3852	266.4206	0
78	5	549.7408	500.9453	0
78	6	512.7761	262.2845	0
78	7	492.0139	364.3012	0
78	8	558.0322	368.3329	0
78	9	433.3224	71.41202	0
78	10	517.3135	454.5757	0
78	11	296.6822	-27.9505	0
78	12	300.295	57.93341	0
78	13	356.115	315.1778	0
78	14	420.1859	125.3577	0
78	15	368.067	66.35114	0
78	16	446.6162	257.738	0
78	17	393.1171	157.0782	0
78	18	373.2727	95.03415	0
78	19	543.7476	424.4578	0
78	20	522.579	316.0959	0
78	21	547.3849	616.7801	0
78	22	570.7256	555.1996	0
78	23	421.4527	271.6275	0
78	24	343.3682	63.23764	0
78	25	563.3136	395.1394	0
78	26	459.4172	160.6477	0
78	27	486.9268	130.8447	0
78	28	479.888	612.1924	0
78	29	275.9677	60.45709	0
78	30	285.0483	106.7678	0
78	31	583.446	459.3093	0
78	32	230.5405	-30.59113	0
78	33	329.7417	13.16104	0
78	34	409.973	404.304	0
78	35	636.925	559.8514	0
78	36	476.3432	407.2851	0
78	37	421.6858	320.3264	0
78	38	611.4265	426.6826	0
78	39	350.9198	109.5267	0
78	40	397.1677	17.37482	0
78	41	466.4947	360.6646	0
78	42	497.0562	392.6185	0
78	43	455.3304	310.9333	0
79	1	426.2295	356.9866	0
79	2	440.0757	96.94736	0
79	3	400.2154	357.2856	0
79	4	355.3852	266.4206	0
79	5	549.7408	500.9453	0
79	6	512.7761	262.2845	0
79	7	492.0139	364.3012	0
79	8	558.0322	368.3329	0
79	9	433.3224	71.41202	0
79	10	517.3135	454.5757	0
79	11	296.6822	-27.9505	0
79	12	300.295	57.93341	0
79	13	356.115	315.1778	0
79	14	420.1859	125.3577	0
79	15	368.067	66.35114	0
79	16	446.6162	257.738	0
79	17	393.1171	157.0782	0
79	18	373.2727	95.03415	0
79	19	543.7476	424.4578	0
79	20	522.579	316.0959	0
79	21	547.3849	616.7801	0
79	22	570.7256	555.1996	0
79	23	421.4527	271.6275	0
79	24	343.3682	63.23764	0
79	25	563.3136	395.1394	0
79	26	459.4172	160.6477	0
79	27	486.9268	130.8447	0
79	28	479.888	612.1924	0
79	29	275.9677	60.45709	0
79	30	285.0483	106.7678	0
79	31	583.446	459.3093	0
79	32	230.5405	-30.59113	0
79	33	329.7417	13.16104	0
79	34	409.973	404.304	0
79	35	636.925	559.8514	0
79	36	476.3432	407.2851	0
79	37	421.6858	320.3264	0
79	38	611.4265	426.6826	0
79	39	350.9198	109.5267	0
79	40	397.1677	17.37482	0
79	41	466.4947	360.6646	0
79	42	497.0562	392.6185	0
79	43	455.3304	310.9333	0
80	1	426.2295	356.9866	0
80	2	440.0757	96.94736	0
80	3	400.2154	357.2856	0
80	4	355.3852	266.4206	0
80	5	549.7408	500.9453	0
80	6	512.7761	262.2845	0
80	7	492.0139	364.3012	0
80	8	558.0322	368.3329	0
80	9	433.3224	71.41202	0
80	10	517.3135	454.5757	0
80	11	296.6822	-27.9505	0
80	12	300.295	57.93341	0
80	13	356.115	315.1778	0
80	14	420.1859	125.3577	0
80	15	368.067	66.35114	0
80	16	446.6162	257.738	0
80	17	393.1171	157.0782	0
80	18	373.2727	95.03415	0
80	19	543.7476	424.4578	0
80	20	522.579	316.0959	0
80	21	547.3849	616.7801	0
80	22	570.7256	555.1996	0
80	23	421.4527	271.6275	0
80	24	343.3682	63.23764	0
80	25	563.3136	395.1394	0
80	26	459.4172	160.6477	0
80	27	486.9268	130.8447	0
80	28	479.888	612.1924	0
80	29	275.9677	60.45709	0
80	30	285.0483	106.7678	0
80	31	583.446	459.3093	0
80	32	230.5405	-30.59113	0
80	33	329.7417	13.16104	0
80	34	409.973	404.304	0
80	35	636.925	559.8514	0
80	36	476.3432	407.2851	0
80	37	421.6858	320.3264	0
80	38	611.4265	426.6826	0
80	39	350.9198	109.5267	0
80	40	397.1677	17.37482	0
80	41	466.4947	360.6646	0
80	42	497.0562	392.6185	0
80	43	455.3304	310.9333	0
81	1	426.2295	356.9866	0
81	2	440.0757	96.94736	0
81	3	400.2154	357.2856	0
81	4	355.3852	266.4206	0
81	5	549.7408	500.9453	0
81	6	512.7761	262.2845	0
81	7	492.0139	364.3012	0
81	8	558.0322	368.3329	0
81	9	433.3224	71.41202	0
81	10	517.3135	454.5757	0
81	11	296.6822	-27.9505	0
81	12	300.295	57.93341	0
81	13	356.115	315.1778	0
81	14	420.1859	125.3577	0
81	15	368.067	66.35114	0
81	16	446.6162	257.738	0
81	17	393.1171	157.0782	0
81	18	373.2727	95.03415	0
81	19	543.7476	424.4578	0
81	20	522.579	316.0959	0
81	21	547.3849	616.7801	0
81	22	570.7256	555.1996	0
81	23	421.4527	271.6275	0
81	24	343.3682	63.23764	0
81	25	563.3136	395.1394	0
81	26	459.4172	160.6477	0
81	27	486.9268	130.8447	0
81	28	479.888	612.1924	0
81	29	275.9677	60.45709	0
81	30	285.0483	106.7678	0
81	31	583.446	459.3093	0
81	32	230.5405	-30.59113	0
81	33	329.7417	13.16104	0
81	34	409.973	404.304	0
81	35	636.925	559.8514	0
81	36	476.3432	407.2851	0
81	37	421.6858	320.3264	0
81	38	611.4265	426.6826	0
81	39	350.9198	109.5267	0
81	40	397.1677	17.37482	0
81	41	466.4947	360.6646	0
81	42	497.0562	392.6185	0
81	43	455.3304	310.9333	0
82	1	426.2295	356.9866	0
82	2	440.0757	96.94736	0
82	3	400.2154	357.2856	0
82	4	355.3852	266.4206	0
82	5	549.7408	500.9453	0
82	6	512.7761	262.2845	0
82	7	492.0139	364.3012	0
82	8	558.0322	368.3329	0
82	9	433.3224	71.41202	0
82	10	517.3135	454.5757	0
82	11	296.6822	-27.9505	0
82	12	300.295	57.93341	0
82	13	356.115	315.1778	0
82	14	420.1859	125.3577	0
82	15	368.067	66.35114	0
82	16	446.6162	257.738	0
82	17	393.1171	157.0782	0
82	18	373.2727	95.03415	0
82	19	543.7476	424.4578	0
82	20	522.579	316.0959	0
82	21	547.3849	616.7801	0
82	22	570.7256	555.1996	0
82	23	421.4527	271.6275	0
82	24	343.3682	63.23764	0
82	25	563.3136	395.1394	0
82	26	459.4172	160.6477	0
82	27	486.9268	130.8447	0
82	28	479.888	612.1924	0
82	29	275.9677	60.45709	0
82	30	285.0483	106.7678	0
82	31	583.446	459.3093	0
82	32	230.5405	-30.59113	0
82	33	329.7417	13.16104	0
82	34	409.973	404.304	0
82	35	636.925	559.8514	0
82	36	476.3432	407.2851	0
82	37	421.6858	320.3264	0
82	38	611.4265	426.6826	0
82	39	350.9198	109.5267	0
82	40	397.1677	17.37482	0
82	41	466.4947	360.6646	0
82	42	497.0562	392.6185	0
82	43	455.3304	310.9333	0
83	1	426.2295	356.9866	0
83	2	440.0757	96.94736	0
83	3	400.2154	357.2856	0
83	4	355.3852	266.4206	0
83	5	549.7408	500.9453	0
83	6	512.7761	262.2845	0
83	7	492.0139	364.3012	0
83	8	558.0322	368.3329	0
83	9	433.3224	71.41202	0
83	10	517.3135	454.5757	0
83	11	296.6822	-27.9505	0
83	12	300.295	57.93341	0
83	13	356.115	315.1778	0
83	14	420.1859	125.3577	0
83	15	368.067	66.35114	0
83	16	446.6162	257.738	0
83	17	393.1171	157.0782	0
83	18	373.2727	95.03415	0
83	19	543.7476	424.4578	0
83	20	522.579	316.0959	0
83	21	547.3849	616.7801	0
83	22	570.7256	555.1996	0
83	23	421.4527	271.6275	0
83	24	343.3682	63.23764	0
83	25	563.3136	395.1394	0
83	26	459.4172	160.6477	0
83	27	486.9268	130.8447	0
83	28	479.888	612.1924	0
83	29	275.9677	60.45709	0
83	30	285.0483	106.7678	0
83	31	583.446	459.3093	0
83	32	230.5405	-30.59113	0
83	33	329.7417	13.16104	0
83	34	409.973	404.304	0
83	35	636.925	559.8514	0
83	36	476.3432	407.2851	0
83	37	421.6858	320.3264	0
83	38	611.4265	426.6826	0
83	39	350.9198	109.5267	0
83	40	397.1677	17.37482	0
83	41	466.4947	360.6646	0
83	42	497.0562	392.6185	0
83	43	455.3304	310.9333	0
84	1	426.2295	356.9866	0
84	2	440.0757	96.94736	0
84	3	400.2154	357.2856	0
84	4	355.3852	266.4206	0
84	5	549.7408	500.9453	0
84	6	512.7761	262.2845	0
84	7	492.0139	364.3012	0
84	8	558.0322	368.3329	0
84	9	433.3224	71.41202	0
84	10	517.3135	454.5757	0
84	11	296.6822	-27.9505	0
84	12	300.295	57.93341	0
84	13	356.115	315.1778	0
84	14	420.1859	125.3577	0
84	15	368.067	66.35114	0
84	16	446.6162	257.738	0
84	17	393.1171	157.0782	0
84	18	373.2727	95.03415	0
84	19	543.7476	424.4578	0
84	20	522.579	316.0959	0
84	21	547.3849	616.7801	0
84	22	570.7256	555.1996	0
84	23	421.4527	271.6275	0
84	24	343.3682	63.23764	0
84	25	563.3136	395.1394	0
84	26	459.4172	160.6477	0
84	27	486.9268	130.8447	0
84	28	479.888	612.1924	0
84	29	275.9677	60.45709	0
84	30	285.0483	106.7678	0
84	31	583.446	459.3093	0
84	32	230.5405	-30.59113	0
84	33	329.7417	13.16104	0
84	34	409.973	404.304	0
84	35	636.925	559.8514	0
84	36	476.3432	407.2851	0
84	37	421.6858	320.3264	0
84	38	611.4265	426.6826	0
84	39	350.9198	109.5267	0
84	40	397.1677	17.37482	0
84	41	466.4947	360.6646	0
84	42	497.0562	392.6185	0
84	43	455.3304	310.9333	0
85	1	426.2295	356.9866	0
85	2	440.0757	96.94736	0
85	3	400.2154	357.2856	0
85	4	355.3852	266.4206	0
85	5	549.7408	500.9453	0
85	6	512.7761	262.2845	0
85	7	492.0139	364.3012	0
85	8	558.0322	368.3329	0
85	9	433.3224	71.41202	0
85	10	517.3135	454.5757	0
85	11	296.6822	-27.9505	0
85	12	300.295	57.93341	0
85	13	356.115	315.1778	0
85	14	420.1859	125.3577	0
85	15	368.067	66.35114	0
85	16	446.6162	257.738	0
85	17	393.1171	157.0782	0
85	18	373.2727	95.03415	0
85	19	543.7476	424.4578	0
85	20	522.579	316.0959	0
85	21	547.3849	616.7801	0
85	22	570.7256	555.1996	0
85	23	421.4527	271.6275	0
85	24	343.3682	63.23764	0
85	25	563.3136	395.1394	0
85	26	459.4172	160.6477	0
85	27	486.9268	130.8447	0
85	28	479.888	612.1924	0
85	29	275.9677	60.45709	0
85	30	285.0483	106.7678	0
85	31	583.446	459.3093	0
85	32	230.5405	-30.59113	0
85	33	329.7417	13.16104	0
85	34	409.973	404.304	0
85	35	636.925	559.8514	0
85	36	476.3432	407.2851	0
85	37	421.6858	320.3264	0
85	38	611.4265	426.6826	0
85	39	350.9198	109.5267	0
85	40	397.1677	17.37482	0
85	41	466.4947	360.6646	0
85	42	497.0562	392.6185	0
85	43	455.3304	310.9333	0
86	1	426.2295	356.9866	0
86	2	440.0757	96.94736	0
86	3	400.2154	357.2856	0
86	4	355.3852	266.4206	0
86	5	549.7408	500.9453	0
86	6	512.7761	262.2845	0
86	7	492.0139	364.3012	0
86	8	558.0322	368.3329	0
86	9	433.3224	71.41202	0
86	10	517.3135	454.5757	0
86	11	296.6822	-27.9505	0
86	12	300.295	57.93341	0
86	13	356.115	315.1778	0
86	14	420.1859	125.3577	0
86	15	368.067	66.35114	0
86	16	446.6162	257.738	0
86	17	393.1171	157.0782	0
86	18	373.2727	95.03415	0
86	19	543.7476	424.4578	0
86	20	522.579	316.0959	0
86	21	547.3849	616.7801	0
86	22	570.7256	555.1996	0
86	23	421.4527	271.6275	0
86	24	343.3682	63.23764	0
86	25	563.3136	395.1394	0
86	26	459.4172	160.6477	0
86	27	486.9268	130.8447	0
86	28	479.888	612.1924	0
86	29	275.9677	60.45709	0
86	30	285.0483	106.7678	0
86	31	583.446	459.3093	0
86	32	230.5405	-30.59113	0
86	33	329.7417	13.16104	0
86	34	409.973	404.304	0
86	35	636.925	559.8514	0
86	36	476.3432	407.2851	0
86	37	421.6858	320.3264	0
86	38	611.4265	426.6826	0
86	39	350.9198	109.5267	0
86	40	397.1677	17.37482	0
86	41	466.4947	360.6646	0
86	42	497.0562	392.6185	0
86	43	455.3304	310.9333	0
87	1	426.2295	356.9866	0
87	2	440.0757	96.94736	0
87	3	400.2154	357.2856	0
87	4	355.3852	266.4206	0
87	5	549.7408	500.9453	0
87	6	512.7761	262.2845	0
87	7	492.0139	364.3012	0
87	8	558.0322	368.3329	0
87	9	433.3224	71.41202	0
87	10	517.3135	454.5757	0
87	11	296.6822	-27.9505	0
87	12	300.295	57.93341	0
87	13	356.115	315.1778	0
87	14	420.1859	125.3577	0
87	15	368.067	66.35114	0
87	16	446.6162	257.738	0
87	17	393.1171	157.0782	0
87	18	373.2727	95.03415	0
87	19	543.7476	424.4578	0
87	20	522.579	316.0959	0
87	21	547.3849	616.7801	0
87	22	570.7256	555.1996	0
87	23	421.4527	271.6275	0
87	24	343.3682	63.23764	0
87	25	563.3136	395.1394	0
87	26	459.4172	160.6477	0
87	27	486.9268	130.8447	0
87	28	479.888	612.1924	0
87	29	275.9677	60.45709	0
87	30	285.0483	106.7678	0
87	31	583.446	459.3093	0
87	32	230.5405	-30.59113	0
87	33	329.7417	13.16104	0
87	34	409.973	404.304	0
87	35	636.925	559.8514	0
87	36	476.3432	407.2851	0
87	37	421.6858	320.3264	0
87	38	611.4265	426.6826	0
87	39	350.9198	109.5267	0
87	40	397.1677	17.37482	0
87	41	466.4947	360.6646	0
87	42	497.0562	392.6185	0
87	43	455.3304	310.9333	0
88	1	426.2295	356.9866	0
88	2	440.0757	96.94736	0
88	3	400.2154	357.2856	0
88	4	355.3852	266.4206	0
88	5	549.7408	500.9453	0
88	6	512.7761	262.2845	0
88	7	492.0139	364.3012	0
88	8	558.0322	368.3329	0
88	9	433.3224	71.41202	0
88	10	517.3135	454.5757	0
88	11	296.6822	-27.9505	0
88	12	300.295	57.93341	0
88	13	356.115	315.1778	0
88	14	420.1859	125.3577	0
88	15	368.067	66.35114	0
88	16	446.6162	257.738	0
88	17	393.1171	157.0782	0
88	18	373.2727	95.03415	0
88	19	543.7476	424.4578	0
88	20	522.579	316.0959	0
88	21	547.3849	616.7801	0
88	22	570.7256	555.1996	0
88	23	421.4527	271.6275	0
88	24	343.3682	63.23764	0
88	25	563.3136	395.1394	0
88	26	459.4172	160.6477	0
88	27	486.9268	130.8447	0
88	28	479.888	612.1924	0
88	29	275.9677	60.45709	0
88	30	285.0483	106.7678	0
88	31	583.446	459.3093	0
88	32	230.5405	-30.59113	0
88	33	329.7417	13.16104	0
88	34	409.973	404.304	0
88	35	636.925	559.8514	0
88	36	476.3432	407.2851	0
88	37	421.6858	320.3264	0
88	38	611.4265	426.6826	0
88	39	350.9198	109.5267	0
88	40	397.1677	17.37482	0
88	41	466.4947	360.6646	0
88	42	497.0562	392.6185	0
88	43	455.3304	310.9333	0
17	1	426.3581	355.2419	0
18	1	426.3581	355.2419	0
18	2	440.2964	96.9444	0
19	1	426.3581	355.2419	0
19	2	440.2964	96.9444	0
19	3	400.3911	357.2528	0
20	1	426.3581	355.2419	0
20	2	440.2964	96.9444	0
20	3	400.3911	357.2528	0
20	4	354.1415	267.4604	0
21	1	426.3581	355.2419	0
21	2	440.2964	96.9444	0
21	3	400.3911	357.2528	0
21	4	354.1415	267.4604	0
21	5	550.353	499.2532	0
22	1	426.3581	355.2419	0
22	2	440.2964	96.9444	0
22	3	400.3911	357.2528	0
22	4	354.1415	267.4604	0
22	5	550.353	499.2532	0
22	6	512.9417	261.0803	0
23	1	426.3581	355.2419	0
23	2	440.2964	96.9444	0
23	3	400.3911	357.2528	0
23	4	354.1415	267.4604	0
23	5	550.353	499.2532	0
23	6	512.9417	261.0803	0
23	7	492.0275	364.126	0
24	1	426.3581	355.2419	0
24	2	440.2964	96.9444	0
24	3	400.3911	357.2528	0
24	4	354.1415	267.4604	0
24	5	550.353	499.2532	0
24	6	512.9417	261.0803	0
24	7	492.0275	364.126	0
24	8	558.1897	367.4935	0
25	1	426.3581	355.2419	0
25	2	440.2964	96.9444	0
25	3	400.3911	357.2528	0
25	4	354.1415	267.4604	0
25	5	550.353	499.2532	0
25	6	512.9417	261.0803	0
25	7	492.0275	364.126	0
25	8	558.1897	367.4935	0
25	9	434.0583	69.91116	0
26	1	426.3581	355.2419	0
26	2	440.2964	96.9444	0
26	3	400.3911	357.2528	0
26	4	354.1415	267.4604	0
26	5	550.353	499.2532	0
26	6	512.9417	261.0803	0
26	7	492.0275	364.126	0
26	8	558.1897	367.4935	0
26	9	434.0583	69.91116	0
27	1	426.3581	355.2419	0
27	2	440.2964	96.9444	0
27	3	400.3911	357.2528	0
27	4	354.1415	267.4604	0
27	5	550.353	499.2532	0
27	6	512.9417	261.0803	0
27	7	492.0275	364.126	0
27	8	558.1897	367.4935	0
27	9	434.0583	69.91116	0
27	10	517.8727	453.6357	0
28	1	426.3581	355.2419	0
28	2	440.2964	96.9444	0
28	3	400.3911	357.2528	0
28	4	354.1415	267.4604	0
28	5	550.353	499.2532	0
28	6	512.9417	261.0803	0
28	7	492.0275	364.126	0
28	8	558.1897	367.4935	0
28	9	434.0583	69.91116	0
28	10	517.8727	453.6357	0
28	11	297.2943	-27.19635	0
29	1	426.3581	355.2419	0
29	2	440.2964	96.9444	0
29	3	400.3911	357.2528	0
29	4	354.1415	267.4604	0
29	5	550.353	499.2532	0
29	6	512.9417	261.0803	0
29	7	492.0275	364.126	0
29	8	558.1897	367.4935	0
29	9	434.0583	69.91116	0
29	10	517.8727	453.6357	0
29	11	297.2943	-27.19635	0
29	12	301.248	59.58752	0
30	1	426.3581	355.2419	0
30	2	440.2964	96.9444	0
30	3	400.3911	357.2528	0
30	4	354.1415	267.4604	0
30	5	550.353	499.2532	0
30	6	512.9417	261.0803	0
30	7	492.0275	364.126	0
30	8	558.1897	367.4935	0
30	9	434.0583	69.91116	0
30	10	517.8727	453.6357	0
30	11	297.2943	-27.19635	0
30	12	301.248	59.58752	0
30	13	355.4575	314.9926	0
31	1	426.3581	355.2419	0
31	2	440.2964	96.9444	0
31	3	400.3911	357.2528	0
31	4	354.1415	267.4604	0
31	5	550.353	499.2532	0
31	6	512.9417	261.0803	0
31	7	492.0275	364.126	0
31	8	558.1897	367.4935	0
31	9	434.0583	69.91116	0
31	10	517.8727	453.6357	0
31	11	297.2943	-27.19635	0
31	12	301.248	59.58752	0
31	13	355.4575	314.9926	0
31	14	420.5949	124.585	0
32	1	426.3581	355.2419	0
32	2	440.2964	96.9444	0
32	3	400.3911	357.2528	0
32	4	354.1415	267.4604	0
32	5	550.353	499.2532	0
32	6	512.9417	261.0803	0
32	7	492.0275	364.126	0
32	8	558.1897	367.4935	0
32	9	434.0583	69.91116	0
32	10	517.8727	453.6357	0
32	11	297.2943	-27.19635	0
32	12	301.248	59.58752	0
32	13	355.4575	314.9926	0
32	14	420.5949	124.585	0
32	15	368.328	66.73807	0
33	1	426.3581	355.2419	0
33	2	440.2964	96.9444	0
33	3	400.3911	357.2528	0
33	4	354.1415	267.4604	0
33	5	550.353	499.2532	0
33	6	512.9417	261.0803	0
33	7	492.0275	364.126	0
33	8	558.1897	367.4935	0
33	9	434.0583	69.91116	0
33	10	517.8727	453.6357	0
33	11	297.2943	-27.19635	0
33	12	301.248	59.58752	0
33	13	355.4575	314.9926	0
33	14	420.5949	124.585	0
33	15	368.328	66.73807	0
33	16	446.8362	258.5261	0
34	1	426.3581	355.2419	0
34	2	440.2964	96.9444	0
34	3	400.3911	357.2528	0
34	4	354.1415	267.4604	0
34	5	550.353	499.2532	0
34	6	512.9417	261.0803	0
34	7	492.0275	364.126	0
34	8	558.1897	367.4935	0
34	9	434.0583	69.91116	0
34	10	517.8727	453.6357	0
34	11	297.2943	-27.19635	0
34	12	301.248	59.58752	0
34	13	355.4575	314.9926	0
34	14	420.5949	124.585	0
34	15	368.328	66.73807	0
34	16	446.8362	258.5261	0
34	17	393.0568	157.5741	0
35	1	426.3581	355.2419	0
35	2	440.2964	96.9444	0
35	3	400.3911	357.2528	0
35	4	354.1415	267.4604	0
35	5	550.353	499.2532	0
35	6	512.9417	261.0803	0
35	7	492.0275	364.126	0
35	8	558.1897	367.4935	0
35	9	434.0583	69.91116	0
35	10	517.8727	453.6357	0
35	11	297.2943	-27.19635	0
35	12	301.248	59.58752	0
35	13	355.4575	314.9926	0
35	14	420.5949	124.585	0
35	15	368.328	66.73807	0
35	16	446.8362	258.5261	0
35	17	393.0568	157.5741	0
35	18	373.1863	95.13754	0
36	1	426.3581	355.2419	0
36	2	440.2964	96.9444	0
36	3	400.3911	357.2528	0
36	4	354.1415	267.4604	0
36	5	550.353	499.2532	0
36	6	512.9417	261.0803	0
36	7	492.0275	364.126	0
36	8	558.1897	367.4935	0
36	9	434.0583	69.91116	0
36	10	517.8727	453.6357	0
36	11	297.2943	-27.19635	0
36	12	301.248	59.58752	0
36	13	355.4575	314.9926	0
36	14	420.5949	124.585	0
36	15	368.328	66.73807	0
36	16	446.8362	258.5261	0
36	17	393.0568	157.5741	0
36	18	373.1863	95.13754	0
37	1	426.3581	355.2419	0
37	2	440.2964	96.9444	0
37	3	400.3911	357.2528	0
37	4	354.1415	267.4604	0
37	5	550.353	499.2532	0
37	6	512.9417	261.0803	0
37	7	492.0275	364.126	0
37	8	558.1897	367.4935	0
37	9	434.0583	69.91116	0
37	10	517.8727	453.6357	0
37	11	297.2943	-27.19635	0
37	12	301.248	59.58752	0
37	13	355.4575	314.9926	0
37	14	420.5949	124.585	0
37	15	368.328	66.73807	0
37	16	446.8362	258.5261	0
37	17	393.0568	157.5741	0
37	18	373.1863	95.13754	0
37	19	545.7476	423.5085	0
38	1	426.3581	355.2419	0
38	2	440.2964	96.9444	0
38	3	400.3911	357.2528	0
38	4	354.1415	267.4604	0
38	5	550.353	499.2532	0
38	6	512.9417	261.0803	0
38	7	492.0275	364.126	0
38	8	558.1897	367.4935	0
38	9	434.0583	69.91116	0
38	10	517.8727	453.6357	0
38	11	297.2943	-27.19635	0
38	12	301.248	59.58752	0
38	13	355.4575	314.9926	0
38	14	420.5949	124.585	0
38	15	368.328	66.73807	0
38	16	446.8362	258.5261	0
38	17	393.0568	157.5741	0
38	18	373.1863	95.13754	0
38	19	545.7476	423.5085	0
38	20	522.5474	314.3565	0
39	1	426.3581	355.2419	0
39	2	440.2964	96.9444	0
39	3	400.3911	357.2528	0
39	4	354.1415	267.4604	0
39	5	550.353	499.2532	0
39	6	512.9417	261.0803	0
39	7	492.0275	364.126	0
39	8	558.1897	367.4935	0
39	9	434.0583	69.91116	0
39	10	517.8727	453.6357	0
39	11	297.2943	-27.19635	0
39	12	301.248	59.58752	0
39	13	355.4575	314.9926	0
39	14	420.5949	124.585	0
39	15	368.328	66.73807	0
39	16	446.8362	258.5261	0
39	17	393.0568	157.5741	0
39	18	373.1863	95.13754	0
39	19	545.7476	423.5085	0
39	20	522.5474	314.3565	0
39	21	545.8934	616.329	0
40	1	426.3581	355.2419	0
40	2	440.2964	96.9444	0
40	3	400.3911	357.2528	0
40	4	354.1415	267.4604	0
40	5	550.353	499.2532	0
40	6	512.9417	261.0803	0
40	7	492.0275	364.126	0
40	8	558.1897	367.4935	0
40	9	434.0583	69.91116	0
40	10	517.8727	453.6357	0
40	11	297.2943	-27.19635	0
40	12	301.248	59.58752	0
40	13	355.4575	314.9926	0
40	14	420.5949	124.585	0
40	15	368.328	66.73807	0
40	16	446.8362	258.5261	0
40	17	393.0568	157.5741	0
40	18	373.1863	95.13754	0
40	19	545.7476	423.5085	0
40	20	522.5474	314.3565	0
40	21	545.8934	616.329	0
40	22	570.3373	554.972	0
41	1	426.3581	355.2419	0
41	2	440.2964	96.9444	0
41	3	400.3911	357.2528	0
41	4	354.1415	267.4604	0
41	5	550.353	499.2532	0
41	6	512.9417	261.0803	0
41	7	492.0275	364.126	0
41	8	558.1897	367.4935	0
41	9	434.0583	69.91116	0
41	10	517.8727	453.6357	0
41	11	297.2943	-27.19635	0
41	12	301.248	59.58752	0
41	13	355.4575	314.9926	0
41	14	420.5949	124.585	0
41	15	368.328	66.73807	0
41	16	446.8362	258.5261	0
41	17	393.0568	157.5741	0
41	18	373.1863	95.13754	0
41	19	545.7476	423.5085	0
41	20	522.5474	314.3565	0
41	21	545.8934	616.329	0
41	22	570.3373	554.972	0
41	23	422.3622	269.8783	0
42	1	426.3581	355.2419	0
42	2	440.2964	96.9444	0
42	3	400.3911	357.2528	0
42	4	354.1415	267.4604	0
42	5	550.353	499.2532	0
42	6	512.9417	261.0803	0
42	7	492.0275	364.126	0
42	8	558.1897	367.4935	0
42	9	434.0583	69.91116	0
42	10	517.8727	453.6357	0
42	11	297.2943	-27.19635	0
42	12	301.248	59.58752	0
42	13	355.4575	314.9926	0
42	14	420.5949	124.585	0
42	15	368.328	66.73807	0
42	16	446.8362	258.5261	0
42	17	393.0568	157.5741	0
42	18	373.1863	95.13754	0
42	19	545.7476	423.5085	0
42	20	522.5474	314.3565	0
42	21	545.8934	616.329	0
42	22	570.3373	554.972	0
42	23	422.3622	269.8783	0
42	24	343.6274	64.14456	0
43	1	426.3581	355.2419	0
43	2	440.2964	96.9444	0
43	3	400.3911	357.2528	0
43	4	354.1415	267.4604	0
43	5	550.353	499.2532	0
43	6	512.9417	261.0803	0
43	7	492.0275	364.126	0
43	8	558.1897	367.4935	0
43	9	434.0583	69.91116	0
43	10	517.8727	453.6357	0
43	11	297.2943	-27.19635	0
43	12	301.248	59.58752	0
43	13	355.4575	314.9926	0
43	14	420.5949	124.585	0
43	15	368.328	66.73807	0
43	16	446.8362	258.5261	0
43	17	393.0568	157.5741	0
43	18	373.1863	95.13754	0
43	19	545.7476	423.5085	0
43	20	522.5474	314.3565	0
43	21	545.8934	616.329	0
43	22	570.3373	554.972	0
43	23	422.3622	269.8783	0
43	24	343.6274	64.14456	0
43	25	564.0627	396.8998	0
