24	1	763.3376	1.263397	0
24	2	-1839.422	313.2987	0
24	3	421.9337	-6.366669	0
24	4	2145.659	226.8427	0
24	5	81.16312	85.05869	0
24	6	693.7034	80.63235	0
24	7	413.1778	80.5831	0
24	8	-11.00721	6.931641	0
25	1	763.7289	1.183624	0
25	2	-1818.784	311.1249	0
25	3	421.4111	-6.448151	0
25	4	2138.405	226.3365	0
25	5	81.46249	85.0802	0
25	6	693.6526	80.66284	0
25	7	413.5051	80.61331	0
25	8	-11.0703	6.88504	0
26	1	764.1415	1.099426	0
26	2	-1797.459	308.8786	0
26	3	420.8604	-6.533905	0
26	4	2130.826	225.8078	0
26	5	81.7774	85.10284	0
26	6	693.5991	80.69485	0
26	7	413.8497	80.64514	0
26	8	-11.13667	6.835907	0
27	1	764.5731	1.011414	0
27	2	-1775.624	306.5788	0
27	3	420.2847	-6.623627	0
27	4	2122.977	225.2602	0
27	5	82.10596	85.12646	0
27	6	693.5432	80.72833	0
27	7	414.2095	80.67831	0
27	8	-11.20603	6.784576	0
28	1	765.0214	0.9200134	0
28	2	-1753.43	304.241	0
28	3	419.6869	-6.716797	0
28	4	2114.906	224.6971	0
28	5	82.44639	85.15091	0
28	6	693.4852	80.763	0
28	7	414.5825	80.71271	0
28	8	-11.27806	6.731354	0
29	1	765.4845	0.825531	0
29	2	-1731.004	301.8788	0
29	3	419.0696	-6.813019	0
29	4	2106.652	224.1212	0
29	5	82.79721	85.17615	0
29	6	693.4255	80.7988	0
29	7	414.9673	80.74823	0
29	8	-11.35231	6.676453	0
30	1	765.961	0.728302	0
30	2	-1708.451	299.5033	0
30	3	418.4348	-6.911957	0
30	4	2098.251	223.5351	0
30	5	83.15717	85.20203	0
30	6	693.3642	80.83554	0
30	7	415.3624	80.78473	0
30	8	-11.42868	6.619965	0
31	1	766.4495	0.6286621	0
31	2	-1685.861	297.1238	0
31	3	417.7845	-7.013306	0
31	4	2089.732	222.9408	0
31	5	83.52513	85.22849	0
31	6	693.3015	80.87314	0
31	7	415.7667	80.82202	0
31	8	-11.50665	6.562256	0
32	1	766.9486	0.5268555	0
32	2	-1663.306	294.748	0
32	3	417.1202	-7.116821	0
32	4	2081.123	222.3401	0
32	5	83.90008	85.25546	0
32	6	693.2375	80.91147	0
32	7	416.1789	80.86005	0
32	8	-11.58637	6.503296	0
33	1	767.4575	0.4230347	0
33	2	-1640.847	292.3824	0
33	3	416.4434	-7.22226	0
33	4	2072.444	221.7346	0
33	5	84.28123	85.28281	0
33	6	693.1724	80.95047	0
33	7	416.5984	80.89877	0
33	8	-11.66748	6.443298	0
34	1	767.9752	0.3174744	0
34	2	-1618.536	290.0323	0
34	3	415.7552	-7.329559	0
34	4	2063.715	221.1257	0
34	5	84.66788	85.31064	0
34	6	693.1063	80.99008	0
34	7	417.0243	80.93805	0
34	8	-11.7499	6.382385	0
35	1	768.501	0.2102051	0
35	2	-1596.411	287.7018	0
35	3	415.0568	-7.438385	0
35	4	2054.952	220.5143	0
35	5	85.05928	85.33875	0
35	6	693.0392	81.03024	0
35	7	417.4558	80.97791	0
35	8	-11.83343	6.320557	0
36	1	769.034	0.1014404	0
36	2	-1574.505	285.3944	0
36	3	414.349	-7.548706	0
36	4	2046.17	219.9016	0
36	5	85.45506	85.36722	0
36	6	692.9714	81.07086	0
36	7	417.8925	81.01819	0
36	8	-11.91802	6.257965	0
37	1	769.5738	-0.008575439	0
37	2	-1552.845	283.113	0
37	3	413.6326	-7.660309	0
37	4	2037.379	219.2883	0
37	5	85.85458	85.39594	0
37	6	692.9029	81.11191	0
37	7	418.3338	81.05893	0
37	8	-12.00354	6.194733	0
39	1	770.6718	-0.2325745	0
39	2	-1510.339	278.6357	0
39	3	412.1767	-7.887207	0
39	4	2019.812	218.0627	0
39	5	86.66349	85.45407	0
39	6	692.764	81.19513	0
39	7	419.2285	81.14148	0
39	8	-12.17712	6.066315	0
39	9	661.4986	78.57065	0
40	1	771.2292	-0.3463135	0
40	2	-1489.521	276.4429	0
40	3	411.4383	-8.002289	0
40	4	2011.052	217.4515	0
40	5	87.07218	85.48346	0
40	6	692.6937	81.23721	0
40	7	419.6812	81.18326	0
40	8	-12.265	6.001312	0
40	9	661.4787	78.58011	0
41	1	771.7917	-0.4610596	0
41	2	-1469.004	274.2818	0
41	3	410.6936	-8.118408	0
41	4	2002.316	216.842	0
41	5	87.48335	85.51303	0
41	6	692.6229	81.27963	0
41	7	420.137	81.22534	0
41	8	-12.35356	5.935791	0
41	9	661.4507	78.59335	0
42	1	772.3591	-0.5767517	0
42	2	-1448.796	272.1533	0
42	3	409.9428	-8.235382	0
42	4	1993.609	216.2346	0
42	5	87.89673	85.54272	0
42	6	692.5518	81.3223	0
42	7	420.5958	81.26767	0
42	8	-12.44284	5.869781	0
42	9	661.4156	78.60995	0
50	1	777.0502	-1.533691	0
50	2	-1298.32	256.3033	0
50	3	403.7534	-9.199951	0
50	4	1924.914	211.4051	0
50	5	91.26468	85.78485	0
50	6	691.9689	81.67151	0
50	7	424.3497	81.61407	0
50	8	-13.11345	5.337524	0
50	9	660.9706	78.82086	0
50	10	-1262.45	213.4588	0
50	11	860.0651	-2.193939	0
50	12	2303.065	263.6152	0
50	13	118.0433	81.29294	0
50	14	467.6826	-1.362488	0
50	15	376.6736	78.89868	0
50	16	-33.30635	2.449738	0
51	1	777.6537	-1.656769	0
51	2	-1280.877	254.4659	0
51	3	402.9594	-9.323669	0
51	4	1916.42	210.7991	0
51	5	91.69158	85.81552	0
51	6	691.8947	81.716	0
51	7	424.8277	81.6582	0
51	8	-13.17813	5.272583	0
51	9	660.9017	78.85349	0
51	10	-1255.937	213.0096	0
51	11	860.1987	-2.256042	0
51	12	2292.686	262.6377	0
51	13	117.9178	81.32462	0
51	14	467.7552	-1.428986	0
51	15	376.6536	78.92499	0
51	16	-33.17594	2.419281	0
52	1	778.2609	-1.78067	0
52	2	-1263.722	252.659	0
52	3	402.1611	-9.44812	0
52	4	1907.956	210.1936	0
52	5	92.11963	85.84631	0
52	6	691.8202	81.76059	0
52	7	425.3074	81.70248	0
52	8	-13.2387	5.208008	0
52	9	660.8311	78.88696	0
52	10	-1249.057	212.5352	0
52	11	860.3429	-2.323181	0
52	12	2281.41	261.576	0
52	13	117.7798	81.3595	0
52	14	467.8372	-1.504272	0
52	15	376.631	78.95465	0
52	16	-33.02966	2.384827	0
53	1	778.8715	-1.905182	0
53	2	-1246.853	250.8821	0
53	3	401.3588	-9.57312	0
53	4	1899.523	209.5887	0
53	5	92.54861	85.87714	0
53	6	691.7454	81.80539	0
53	7	425.7887	81.74689	0
53	8	-13.29531	5.143829	0
53	9	660.7587	78.92126	0
53	10	-1241.87	212.0396	0
53	11	860.4965	-2.394592	0
53	12	2269.4	260.4456	0
53	13	117.6308	81.39716	0
53	14	467.9277	-1.587189	0
53	15	376.6062	78.98734	0
53	16	-32.8698	2.346771	0
54	1	779.4855	-2.030457	0
54	2	-1230.262	249.1346	0
54	3	400.5524	-9.698792	0
54	4	1891.124	208.9849	0
54	5	92.97869	85.90805	0
54	6	691.6704	81.85031	0
54	7	426.2716	81.79144	0
54	8	-13.34848	5.079895	0
54	9	660.6849	78.95624	0
54	10	-1234.428	211.5264	0
54	11	860.6583	-2.46991	0
54	12	2256.795	259.2596	0
54	13	117.4721	81.43729	0
54	14	468.0255	-1.676788	0
54	15	376.5794	79.02261	0
54	16	-32.69815	2.305634	0
55	1	780.103	-2.156403	0
55	2	-1213.946	247.4159	0
55	3	399.7421	-9.825104	0
55	4	1882.76	208.3823	0
55	5	93.40966	85.93906	0
55	6	691.5952	81.89539	0
55	7	426.756	81.83615	0
55	8	-13.39856	5.016174	0
55	9	660.6099	78.99179	0
55	10	-1226.775	210.9987	0
55	11	860.8275	-2.548645	0
55	12	2243.716	258.0295	0
55	13	117.3049	81.47952	0
55	14	468.1297	-1.772339	0
55	15	376.5509	79.06012	0
55	16	-32.51635	2.261719	0
56	1	780.7241	-2.283081	0
56	2	-1197.897	245.7255	0
56	3	398.9277	-9.952026	0
56	4	1874.435	207.7812	0
56	5	93.8416	85.97009	0
56	6	691.5197	81.94061	0
56	7	427.242	81.88101	0
56	8	-13.44588	4.952637	0
56	9	660.5337	79.02789	0
56	10	-1218.951	210.4591	0
56	11	861.0032	-2.630341	0
56	12	2230.264	256.7649	0
56	13	117.1303	81.52365	0
56	14	468.2397	-1.873108	0
56	15	376.5208	79.0997	0
56	16	-32.32574	2.215363	0
57	1	781.3484	-2.410431	0
57	2	-1182.112	244.0628	0
57	3	398.1094	-10.0795	0
57	4	1866.148	207.1817	0
57	5	94.27441	86.00122	0
57	6	691.444	81.98593	0
57	7	427.7294	81.92599	0
57	8	-13.4907	4.889343	0
57	9	660.4564	79.06451	0
57	10	-1210.987	209.9099	0
57	11	861.1846	-2.714722	0
57	12	2216.531	255.4743	0
57	13	116.9492	81.56943	0
57	14	468.3548	-1.978546	0
57	15	376.4894	79.14099	0
57	16	-32.12755	2.16684	0
58	1	781.9763	-2.538513	0
58	2	-1166.584	242.4272	0
58	3	397.2872	-10.20767	0
58	4	1857.902	206.5839	0
58	5	94.70806	86.03238	0
58	6	691.3681	82.03143	0
58	7	428.2184	81.9711	0
58	8	-13.53338	4.826141	0
58	9	660.3784	79.10153	0
58	10	-1202.914	209.3532	0
58	11	861.371	-2.801392	0
58	12	2202.588	254.1645	0
58	13	116.7622	81.6167	0
58	14	468.4744	-2.088165	0
58	15	376.4568	79.18387	0
58	16	-31.92254	2.116425	0
59	1	782.6075	-2.667267	0
59	2	-1151.307	240.8181	0
59	3	396.4611	-10.33643	0
59	4	1849.697	205.9881	0
59	5	95.14258	86.06363	0
59	6	691.2919	82.07706	0
59	7	428.7088	82.01639	0
59	8	-13.57427	4.763031	0
59	9	660.2994	79.13895	0
59	10	-1194.754	208.7906	0
59	11	861.562	-2.890289	0
59	12	2188.5	252.8416	0
59	13	116.5701	81.66522	0
59	14	468.5981	-2.201416	0
59	15	376.4232	79.22812	0
59	16	-31.71154	2.064362	0
60	1	783.2422	-2.796753	0
60	2	-1136.277	239.235	0
60	3	395.631	-10.46582	0
60	4	1841.535	205.3944	0
60	5	95.57797	86.09491	0
60	6	691.2155	82.12283	0
60	7	429.2007	82.06177	0
60	8	-13.61367	4.700012	0
60	9	660.2197	79.17667	0
60	10	-1186.531	208.2234	0
60	11	861.7571	-2.981049	0
60	12	2174.322	251.5108	0
60	13	116.3735	81.71494	0
60	14	468.7253	-2.318054	0
60	15	376.3886	79.27362	0
60	16	-31.49527	2.010742	0
61	1	783.8802	-2.92688	0
61	2	-1121.489	237.6773	0
61	3	394.7971	-10.59576	0
61	4	1833.416	204.8028	0
61	5	96.01414	86.12628	0
61	6	691.1389	82.16873	0
61	7	429.6939	82.1073	0
61	8	-13.65181	4.636993	0
61	9	660.1394	79.21478	0
61	10	-1178.26	207.6531	0
61	11	861.9557	-3.073425	0
61	12	2160.097	250.1762	0
61	13	116.1727	81.76566	0
61	14	468.8558	-2.437653	0
61	15	376.3532	79.32016	0
61	16	-31.27417	1.955872	0
62	1	784.5217	-3.057709	0
62	2	-1106.936	236.1444	0
62	3	393.9593	-10.72638	0
62	4	1825.34	204.2136	0
62	5	96.45115	86.15771	0
62	6	691.0621	82.21478	0
62	7	430.1887	82.15295	0
62	8	-13.68903	4.573975	0
62	9	660.0584	79.25314	0
62	10	-1169.958	207.0806	0
62	11	862.1577	-3.167389	0
62	12	2145.864	248.8414	0
62	13	115.9683	81.81729	0
62	14	468.9893	-2.559967	0
62	15	376.3171	79.36768	0
62	16	-31.04876	1.89975	0
63	1	785.1666	-3.189301	0
63	2	-1092.613	234.6358	0
63	3	393.1175	-10.85751	0
63	4	1817.31	203.6267	0
63	5	96.88892	86.18915	0
63	6	690.9849	82.26096	0
63	7	430.6848	82.19873	0
63	8	-13.72548	4.510986	0
63	9	659.9769	79.29175	0
63	10	-1161.639	206.5069	0
63	11	862.3627	-3.262756	0
63	12	2131.655	247.5095	0
63	13	115.7607	81.86978	0
63	14	469.1254	-2.684723	0
63	15	376.2803	79.41602	0
63	16	-30.8193	1.842712	0
64	1	785.8149	-3.321503	0
64	2	-1078.517	233.151	0
64	3	392.2719	-10.98926	0
64	4	1809.324	203.0421	0
64	5	97.3275	86.22067	0
64	6	690.9077	82.30722	0
64	7	431.1824	82.24466	0
64	8	-13.76135	4.447968	0
64	9	659.8949	79.33063	0
64	10	-1153.312	205.9327	0
64	11	862.5704	-3.359344	0
64	12	2117.496	246.1828	0
64	13	115.5501	81.923	0
64	14	469.264	-2.811646	0
64	15	376.243	79.46518	0
64	16	-30.5863	1.784668	0
73	1	791.8839	-4.557617	0
73	2	-961.0072	220.7734	0
73	3	384.483	-12.20309	0
73	4	1741.45	198.2168	0
73	5	101.3095	86.50693	0
73	6	690.1064	82.7457	0
73	7	435.7232	82.6637	0
73	8	-14.09006	3.876068	0
73	9	659.1384	79.68918	0
73	10	-1075.891	200.5157	0
73	11	864.5314	-4.271515	0
73	12	1994.925	234.7259	0
73	13	113.5591	82.42618	0
73	14	470.2147	-4.012268	0
73	15	375.8877	79.93237	0
73	16	-28.34983	1.2341	0
73	17	759.3691	1.121124	0
73	18	-1714.064	259.0254	0
73	19	494.3742	-4.880615	0
73	20	1690.672	186.6606	0
73	21	695.1218	81.82373	0
73	22	401.1547	76.8847	0
73	23	45.01797	87.45865	0
75	1	793.2776	-4.841278	0
75	2	-936.988	218.2434	0
75	3	382.7077	-12.47986	0
75	4	1727.091	197.2293	0
75	5	102.2028	86.57114	0
75	6	689.9047	82.84857	0
75	7	436.7477	82.75824	0
75	8	-14.15091	3.747925	0
75	9	658.9667	79.77054	0
75	10	-1058.799	199.3121	0
75	11	864.9844	-4.48233	0
75	12	1969.24	232.3326	0
75	13	113.0994	82.54239	0
75	14	470.3361	-4.289673	0
75	15	375.8055	80.04059	0
75	16	-27.81902	1.106964	0
75	17	759.4847	0.9893494	0
75	18	-1737.466	261.7772	0
75	19	494.8582	-5.098389	0
75	20	1697.307	187.617	0
75	21	695.0558	81.88037	0
75	22	400.8365	76.94315	0
75	23	45.44079	87.48782	0
75	24	-44.74814	2.635223	0
76	1	793.9792	-4.9841	0
76	2	-925.2397	217.006	0
76	3	381.814	-12.61908	0
76	4	1719.939	196.738	0
76	5	102.6506	86.60333	0
76	6	689.8025	82.90045	0
76	7	437.2621	82.80573	0
76	8	-14.15643	3.68454	0
76	9	658.8803	79.81146	0
76	10	-1050.36	198.7185	0
76	11	865.213	-4.588654	0
76	12	1956.631	231.1588	0
76	13	112.8676	82.60092	0
76	14	470.39	-4.429901	0
76	15	375.764	80.09515	0
76	16	-27.54532	1.042603	0
76	17	759.548	0.918457	0
76	18	-1750.086	263.2643	0
76	19	495.1215	-5.216736	0
76	20	1700.984	188.1449	0
76	21	695.0193	81.91116	0
76	22	400.6637	76.97488	0
76	23	45.69847	87.50565	0
76	24	-44.7113	2.622223	0
77	1	794.6837	-5.127563	0
77	2	-913.6607	215.7863	0
77	3	380.916	-12.75906	0
77	4	1712.796	196.2471	0
77	5	103.0991	86.63559	0
77	6	689.6996	82.95258	0
77	7	437.7778	82.85333	0
77	8	-14.14893	3.62146	0
77	9	658.7938	79.85248	0
77	10	-1042.004	198.1313	0
77	11	865.4427	-4.695587	0
77	12	1944.178	230.0003	0
77	13	112.6348	82.65979	0
77	14	470.4403	-4.571075	0
77	15	375.7223	80.15002	0
77	16	-27.26683	0.9778442	0
77	17	759.6146	0.8446655	0
77	18	-1763.239	264.8167	0
77	19	495.3968	-5.340393	0
77	20	1704.881	188.7027	0
77	21	694.9806	81.94336	0
77	22	400.4833	77.00803	0
77	23	45.98161	87.52518	0
77	24	-44.65837	2.604065	0
78	1	795.3912	-5.271698	0
78	2	-902.2471	214.5841	0
78	3	380.0139	-12.89963	0
78	4	1705.657	195.7556	0
78	5	103.5484	86.66788	0
78	6	689.5961	83.00494	0
78	7	438.295	82.90106	0
78	8	-14.13085	3.558472	0
78	9	658.7069	79.89359	0
78	10	-1033.737	197.551	0
78	11	865.6738	-4.802979	0
78	12	1931.88	228.857	0
78	13	112.4008	82.7189	0
78	14	470.4877	-4.713287	0
78	15	375.6804	80.20517	0
78	16	-26.98453	0.9126892	0
78	17	759.684	0.7683716	0
78	18	-1776.877	266.4288	0
78	19	495.6826	-5.468933	0
78	20	1708.985	189.2884	0
78	21	694.9401	81.97681	0
78	22	400.2962	77.04239	0
78	23	46.28698	87.54626	0
78	24	-44.59079	2.581299	0
79	1	796.1016	-5.416351	0
79	2	-890.9958	213.3989	0
79	3	379.1075	-13.04086	0
79	4	1698.518	195.263	0
79	5	103.9985	86.70026	0
79	6	689.4922	83.05756	0
79	7	438.8137	82.94888	0
79	8	-14.10407	3.495514	0
79	9	658.6199	79.93488	0
79	10	-1025.565	196.9783	0
79	11	865.906	-4.911011	0
79	12	1919.738	227.7289	0
79	13	112.1657	82.77832	0
79	14	470.5327	-4.856537	0
79	15	375.6382	80.26059	0
79	16	-26.6987	0.8471985	0
79	17	759.7559	0.6898804	0
79	18	-1790.955	268.0957	0
79	19	495.9777	-5.601593	0
79	20	1713.284	189.9004	0
79	21	694.8979	82.01138	0
79	22	400.1031	77.07782	0
79	23	46.61182	87.5687	0
79	24	-44.50978	2.554718	0
80	1	796.8149	-5.561707	0
80	2	-879.9028	212.2305	0
80	3	378.197	-13.1828	0
80	4	1691.374	194.7686	0
80	5	104.4493	86.73264	0
80	6	689.3879	83.11032	0
80	7	439.3337	82.99689	0
80	8	-14.07024	3.432587	0
80	9	658.5325	79.97626	0
80	10	-1017.492	196.4134	0
80	11	866.1393	-5.019562	0
80	12	1907.75	226.6159	0
80	13	111.9296	82.83798	0
80	14	470.5757	-5.000793	0
80	15	375.5959	80.31625	0
80	16	-26.40954	0.7814941	0
80	17	759.8301	0.609375	0
80	18	-1805.437	269.8134	0
80	19	496.2809	-5.738159	0
80	20	1717.77	190.5373	0
80	21	694.8542	82.04694	0
80	22	399.9048	77.11426	0
80	23	46.9534	87.59225	0
80	24	-44.41644	2.524719	0
81	1	797.5312	-5.707581	0
81	2	-868.9657	211.0785	0
81	3	377.2822	-13.32538	0
81	4	1684.223	194.272	0
81	5	104.9009	86.76508	0
81	6	689.2833	83.16336	0
81	7	439.8552	83.04501	0
81	8	-14.03069	3.369537	0
81	9	658.4449	80.01776	0
81	10	-1009.52	195.8568	0
81	11	866.3737	-5.128601	0
81	12	1895.916	225.5179	0
81	13	111.6925	82.89792	0
81	14	470.6172	-5.146027	0
81	15	375.5534	80.37216	0
81	16	-26.11747	0.7156067	0
81	17	759.9063	0.5270996	0
81	18	-1820.299	271.5789	0
81	19	496.5913	-5.878082	0
81	20	1722.434	191.1979	0
81	21	694.8091	82.08334	0
81	22	399.7019	77.15152	0
81	23	47.30988	87.61691	0
81	24	-44.31183	2.491791	0
82	1	798.2508	-5.854279	0
82	2	-858.1805	209.9424	0
82	3	376.363	-13.46857	0
82	4	1677.065	193.7728	0
82	5	105.3532	86.79761	0
82	6	689.1785	83.21652	0
82	7	440.3781	83.09326	0
82	8	-13.98671	3.306427	0
82	9	658.3569	80.05939	0
82	10	-1001.645	195.3079	0
82	11	866.6094	-5.23822	0
82	12	1884.233	224.4347	0
82	13	111.4544	82.9581	0
82	14	470.6576	-5.292206	0
82	15	375.5107	80.42828	0
82	16	-25.82279	0.6495056	0
82	17	759.9843	0.4431763	0
82	18	-1835.533	273.3911	0
82	19	496.9082	-6.021057	0
82	20	1727.269	191.8813	0
82	21	694.7628	82.12057	0
82	22	399.4949	77.18954	0
82	23	47.67908	87.64236	0
82	24	-44.19693	2.456299	0
83	1	798.9736	-6.001617	0
83	2	-847.5446	208.8221	0
83	3	375.4396	-13.61252	0
83	4	1669.897	193.2707	0
83	5	105.8063	86.8302	0
83	6	689.0735	83.26984	0
83	7	440.9025	83.14166	0
83	8	-13.93909	3.243103	0
83	9	658.2687	80.10114	0
83	10	-993.8613	194.7662	0
83	11	866.8461	-5.348419	0
83	12	1872.7	223.3661	0
83	13	111.2152	83.01849	0
83	14	470.6972	-5.439392	0
83	15	375.4679	80.48468	0
83	16	-25.52551	0.583313	0
83	17	760.0638	0.3579102	0
83	18	-1851.134	275.2492	0
83	19	497.2307	-6.16684	0
83	20	1732.27	192.5867	0
83	21	694.7154	82.15848	0
83	22	399.2842	77.22824	0
83	23	48.05963	87.66864	0
83	24	-44.07274	2.418579	0
85	1	800.4295	-6.29834	0
85	2	-826.7072	206.6273	0
85	3	373.5797	-13.90234	0
85	4	1655.537	192.2573	0
85	5	106.7148	86.89551	0
85	6	688.863	83.37695	0
85	7	441.9556	83.23883	0
85	8	-13.83637	3.115845	0
85	9	658.0912	80.185	0
85	10	-978.5435	193.7022	0
85	11	867.2982	-5.56897	0
85	12	1850.076	221.2722	0
85	13	110.7341	83.14011	0
85	14	470.7753	-5.736755	0
85	15	375.3816	80.59821	0
85	16	-24.92445	0.450531	0
85	17	760.2271	0.1834717	0
85	18	-1883.424	279.1002	0
85	19	497.8902	-6.465942	0
85	20	1742.747	194.0603	0
85	21	694.6177	82.23618	0
85	22	398.8534	77.30737	0
85	23	48.84908	87.72314	0
85	24	-43.79919	2.337616	0
85	25	907.2988	-7.364319	0
94	1	807.1678	-7.672363	0
94	2	-739.5654	197.4484	0
94	3	364.9881	-15.24133	0
94	4	1590.971	187.5654	0
94	5	110.8404	87.19235	0
94	6	687.912	83.86575	0
94	7	446.7675	83.68289	0
94	8	-13.34244	2.528961	0
94	9	657.2749	80.5676	0
94	10	-912.993	189.1695	0
94	11	868.6451	-6.556091	0
94	12	1755.145	212.5294	0
94	13	108.5167	83.69836	0
94	14	471.1462	-7.123535	0
94	15	374.985	81.1199	0
94	16	-22.12498	-0.150177	0
94	17	761.0099	-0.6463013	0
94	18	-2046.915	298.6554	0
94	19	501.018	-7.90506	0
94	20	1798.193	201.8256	0
94	21	694.1431	82.60757	0
94	22	397.0111	77.66443	0
94	23	52.69574	87.98871	0
94	24	-42.28061	1.911224	0
94	25	909.6593	-7.981171	0
94	26	450.8535	3.175293	0
94	27	389.9349	78.32916	0
94	28	-1650.988	293.205	0
94	29	1619.564	176.2784	0
94	30	718.6376	79.88474	0
94	31	-40.12105	4.197266	0
94	32	117.5356	84.3602	0
95	1	807.9366	-7.829132	0
95	2	-730.501	196.4937	0
95	3	364.0104	-15.39371	0
95	4	1583.874	187.0364	0
95	5	111.3017	87.22604	0
95	6	687.806	83.92072	0
95	7	447.3097	83.73297	0
95	8	-13.28946	2.462128	0
95	9	657.1824	80.61063	0
95	10	-906.0013	188.6871	0
95	11	868.7644	-6.667114	0
95	12	1745.239	211.6218	0
95	13	108.2537	83.76059	0
95	14	471.1921	-7.282623	0
95	15	374.94	81.17896	0
95	16	-21.80511	-0.2170715	0
95	17	761.1005	-0.7419434	0
95	18	-2067.009	301.0621	0
95	19	501.3766	-8.072479	0
95	20	1805.21	202.8086	0
95	21	694.0877	82.65048	0
95	22	396.8194	77.70358	0
95	23	53.14147	88.0195	0
95	24	-42.09373	1.858093	0
95	25	910.0346	-8.081024	0
95	26	450.9262	3.097534	0
95	27	389.8663	78.36932	0
95	28	-1639.656	292.1668	0
95	29	1620.548	176.521	0
95	30	718.6139	79.90182	0
95	31	-40.3363	4.160583	0
95	32	117.4881	84.37732	0
96	1	808.7098	-7.986847	0
96	2	-721.5517	195.551	0
96	3	363.028	-15.54675	0
96	4	1576.806	186.5073	0
96	5	111.7635	87.25992	0
96	6	687.7001	83.97574	0
96	7	447.8533	83.78311	0
96	8	-13.23725	2.394958	0
96	9	657.0895	80.65381	0
96	10	-899.0618	188.2086	0
96	11	868.8815	-6.778656	0
96	12	1735.451	210.7257	0
96	13	107.984	83.82272	0
96	14	471.2393	-7.442596	0
96	15	374.895	81.23825	0
96	16	-21.48351	-0.2840576	0
96	17	761.1916	-0.8381042	0
96	18	-2087.516	303.5186	0
96	19	501.7367	-8.241272	0
96	20	1812.371	203.8123	0
96	21	694.032	82.69357	0
96	22	396.6291	77.74271	0
96	23	53.5897	88.05045	0
96	24	-41.90424	1.804077	0
96	25	910.4221	-8.18454	0
96	26	451.003	3.015503	0
96	27	389.7939	78.41162	0
96	28	-1627.555	291.058	0
96	29	1621.618	176.7842	0
96	30	718.5862	79.92197	0
96	31	-40.58955	4.117371	0
96	32	117.4219	84.40131	0
97	1	809.4872	-8.145386	0
97	2	-712.7151	194.6203	0
97	3	362.0409	-15.70059	0
97	4	1569.773	185.9785	0
97	5	112.226	87.29395	0
97	6	687.5941	84.03098	0
97	7	448.3985	83.83344	0
97	8	-13.18596	2.327423	0
97	9	656.9962	80.69711	0
97	10	-892.173	187.7336	0
97	11	868.9976	-6.890656	0
97	12	1725.777	209.8409	0
97	13	107.7078	83.88474	0
97	14	471.2878	-7.603638	0
97	15	374.8498	81.29776	0
97	16	-21.16022	-0.3509827	0
97	17	761.2833	-0.934906	0
97	18	-2108.446	306.026	0
97	19	502.0984	-8.411285	0
97	20	1819.669	204.8359	0
97	21	693.9758	82.73697	0
97	22	396.4398	77.78177	0
97	23	54.04013	88.08154	0
97	24	-41.71218	1.749359	0
97	25	910.8199	-8.291321	0
97	26	451.0833	2.929749	0
97	27	389.7182	78.45584	0
97	28	-1614.819	289.8911	0
97	29	1622.763	177.0658	0
97	30	718.5547	79.9447	0
97	31	-40.87616	4.06842	0
97	32	117.3399	84.43134	0
98	1	810.2689	-8.304779	0
98	2	-703.9895	193.7011	0
98	3	361.0489	-15.85522	0
98	4	1562.779	185.4505	0
98	5	112.6892	87.32806	0
98	6	687.488	84.08627	0
98	7	448.9453	83.88388	0
98	8	-13.1355	2.259552	0
98	9	656.9026	80.74051	0
98	10	-885.3342	187.2622	0
98	11	869.113	-7.003174	0
98	12	1716.216	208.967	0
98	13	107.4255	83.94672	0
98	14	471.3376	-7.765656	0
98	15	374.8044	81.35742	0
98	16	-20.83514	-0.4179993	0
98	17	761.3755	-1.032166	0
98	18	-2129.808	308.5855	0
98	19	502.4616	-8.582642	0
98	20	1827.099	205.8788	0
98	21	693.9194	82.78055	0
98	22	396.2513	77.8208	0
98	23	54.49246	88.11279	0
98	24	-41.51767	1.694031	0
98	25	911.2271	-8.40094	0
98	26	451.1666	2.840637	0
98	27	389.6398	78.50183	0
98	28	-1601.569	288.677	0
98	29	1623.976	177.3639	0
98	30	718.5202	79.9697	0
98	31	-41.19201	4.014496	0
98	32	117.2445	84.46661	0
99	1	811.0551	-8.465179	0
99	2	-695.3724	192.7935	0
99	3	360.0522	-16.01053	0
99	4	1555.827	184.9238	0
99	5	113.1533	87.36227	0
99	6	687.3817	84.14172	0
99	7	449.4935	83.93448	0
99	8	-13.08595	2.191315	0
99	9	656.8087	80.784	0
99	10	-878.544	186.7942	0
99	11	869.228	-7.11618	0
99	12	1706.766	208.1038	0
99	13	107.1375	84.00873	0
99	14	471.3888	-7.92865	0
99	15	374.7588	81.41739	0
99	16	-20.50817	-0.4851379	0
99	17	761.4683	-1.129944	0
99	18	-2151.615	311.1985	0
99	19	502.8261	-8.755188	0
99	20	1834.653	206.9404	0
99	21	693.8624	82.82437	0
99	22	396.0632	77.8598	0
99	23	54.9467	88.14417	0
99	24	-41.32064	1.638245	0
99	25	911.6419	-8.513184	0
99	26	451.2528	2.748596	0
99	27	389.5589	78.54932	0
99	28	-1587.904	287.4249	0
99	29	1625.251	177.6767	0
99	30	718.483	79.99667	0
99	31	-41.53367	3.956146	0
99	32	117.1377	84.5065	0
100	1	811.8456	-8.626404	0
100	2	-686.8618	191.8971	0
100	3	359.0505	-16.16663	0
100	4	1548.921	184.3987	0
100	5	113.6182	87.39655	0
100	6	687.2755	84.1973	0
100	7	450.0433	83.98523	0
100	8	-13.03722	2.122742	0
100	9	656.7143	80.82758	0
100	10	-871.8021	186.3296	0
100	11	869.3432	-7.229706	0
100	12	1697.423	207.2509	0
100	13	106.844	84.07077	0
100	14	471.4415	-8.092773	0
100	15	374.713	81.47754	0
100	16	-20.17917	-0.5521545	0
100	17	761.5615	-1.22821	0
100	18	-2173.878	313.8664	0
100	19	503.192	-8.928955	0
100	20	1842.326	208.02	0
100	21	693.8052	82.86841	0
100	22	395.8753	77.89877	0
100	23	55.40252	88.17563	0
100	24	-41.12133	1.582031	0
100	25	912.0636	-8.627747	0
100	26	451.3414	2.65387	0
100	27	389.4761	78.59827	0
100	28	-1573.911	286.1429	0
100	29	1626.583	178.0029	0
100	30	718.4434	80.02536	0
100	31	-41.89815	3.89389	0
100	32	117.021	84.55038	0
101	1	812.6406	-8.788574	0
101	2	-678.456	191.0117	0
101	3	358.0439	-16.32349	0
101	4	1542.065	183.8756	0
101	5	114.084	87.43091	0
101	6	687.1693	84.25299	0
101	7	450.5947	84.0361	0
101	8	-12.98951	2.053802	0
101	9	656.6195	80.87128	0
101	10	-865.1073	185.8684	0
101	11	869.4589	-7.343811	0
101	12	1688.186	206.4082	0
101	13	106.5455	84.13293	0
101	14	471.4957	-8.257813	0
101	15	374.6672	81.5379	0
101	16	-19.84829	-0.6193237	0
101	17	761.6552	-1.326904	0
101	18	-2196.608	316.5906	0
101	19	503.5592	-9.103943	0
101	20	1850.113	209.1172	0
101	21	693.7476	82.91266	0
101	22	395.6874	77.93777	0
101	23	55.86	88.20721	0
101	24	-40.91971	1.525482	0
101	25	912.4912	-8.744324	0
101	26	451.4323	2.556763	0
101	27	389.3917	78.64838	0
101	28	-1559.666	284.8376	0
101	29	1627.964	178.3411	0
101	30	718.4016	80.0556	0
101	31	-42.28273	3.828186	0
101	32	116.896	84.59772	0
102	1	813.4402	-8.951599	0
102	2	-670.1528	190.1371	0
102	3	357.0324	-16.48111	0
102	4	1535.261	183.355	0
102	5	114.5506	87.4653	0
102	6	687.0629	84.30881	0
102	7	451.1476	84.08713	0
102	8	-12.94272	1.984558	0
102	9	656.5244	80.91513	0
102	10	-858.4583	185.4103	0
102	11	869.5753	-7.458466	0
102	12	1679.053	205.5754	0
102	13	106.2423	84.19519	0
102	14	471.5515	-8.423889	0
102	15	374.6211	81.59851	0
102	16	-19.51547	-0.6865234	0
102	17	761.7493	-1.426208	0
102	18	-2219.822	319.3727	0
102	19	503.9276	-9.280121	0
102	20	1858.008	210.2314	0
102	21	693.6898	82.95715	0
102	22	395.4992	77.97675	0
102	23	56.31889	88.23886	0
102	24	-40.71596	1.468628	0
102	25	912.924	-8.862762	0
102	26	451.5251	2.45752	0
102	27	389.3062	78.69962	0
102	28	-1545.231	283.515	0
102	29	1629.391	178.6903	0
102	30	718.3581	80.0871	0
102	31	-42.68535	3.759338	0
102	32	116.7637	84.64813	0
103	1	814.2444	-9.115692	0
103	2	-661.9507	189.2731	0
103	3	356.016	-16.6395	0
103	4	1528.514	182.8373	0
103	5	115.0182	87.49976	0
103	6	686.9564	84.36478	0
103	7	451.7021	84.13828	0
103	8	-12.8967	1.914917	0
103	9	656.429	80.95905	0
103	10	-851.8556	184.9555	0
103	11	869.6927	-7.573669	0
103	12	1670.023	204.7522	0
103	13	105.9347	84.2576	0
103	14	471.6087	-8.591034	0
103	15	374.5749	81.65933	0
103	16	-19.18053	-0.7537842	0
103	17	761.8439	-1.525848	0
103	18	-2243.53	322.2144	0
103	19	504.2974	-9.457489	0
103	20	1866.007	211.3621	0
103	21	693.6316	83.00177	0
103	22	395.3105	78.01572	0
103	23	56.77916	88.27066	0
103	24	-40.51018	1.41153	0
103	25	913.3613	-8.982941	0
103	26	451.6198	2.356354	0
103	27	389.2196	78.75186	0
103	28	-1530.662	282.1802	0
103	29	1630.862	179.0495	0
103	30	718.3129	80.11981	0
103	31	-43.10387	3.687775	0
103	32	116.6252	84.70126	0
104	1	815.0532	-9.28067	0
104	2	-653.8475	188.4196	0
104	3	354.9945	-16.79868	0
104	4	1521.825	182.3227	0
104	5	115.4867	87.53427	0
104	6	686.8499	84.42084	0
104	7	452.2581	84.18961	0
104	8	-12.85175	1.845001	0
104	9	656.3332	81.00311	0
104	10	-845.2972	184.5038	0
104	11	869.8112	-7.689392	0
104	12	1661.094	203.9384	0
104	13	105.6231	84.32022	0
104	14	471.6675	-8.759186	0
104	15	374.5285	81.7204	0
104	16	-18.8436	-0.821106	0
104	17	761.9391	-1.626099	0
104	18	-2267.749	325.1174	0
104	19	504.6682	-9.636047	0
104	20	1874.103	212.5089	0
104	21	693.5731	83.04666	0
104	22	395.1212	78.05472	0
104	23	57.24067	88.30252	0
104	24	-40.30227	1.354218	0
104	25	913.8024	-9.104584	0
104	26	451.7162	2.253387	0
104	27	389.1325	78.80502	0
104	28	-1516.005	280.8372	0
104	29	1632.37	179.418	0
104	30	718.2664	80.15353	0
104	31	-43.53666	3.6138	0
104	32	116.4812	84.75671	0
105	1	815.8666	-9.446533	0
105	2	-645.8416	187.5763	0
105	3	353.9679	-16.95871	0
105	4	1515.198	181.8118	0
105	5	115.9562	87.56885	0
105	6	686.7433	84.47702	0
105	7	452.8158	84.24106	0
105	8	-12.80766	1.774628	0
105	9	656.237	81.0473	0
105	10	-838.7836	184.0552	0
105	11	869.9311	-7.805725	0
105	12	1652.266	203.1339	0
105	13	105.3077	84.38293	0
105	14	471.7279	-8.928436	0
105	15	374.4819	81.78165	0
105	16	-18.50455	-0.8884888	0
105	17	762.0346	-1.726685	0
105	18	-2292.494	328.0834	0
105	19	505.0402	-9.815765	0
105	20	1882.292	213.6714	0
105	21	693.5143	83.09167	0
105	22	394.9309	78.09369	0
105	23	57.70343	88.33447	0
105	24	-40.09229	1.296753	0
105	25	914.2471	-9.227692	0
105	26	451.8139	2.148865	0
105	27	389.045	78.85901	0
105	28	-1501.298	279.4896	0
105	29	1633.915	179.795	0
105	30	718.2185	80.18817	0
105	31	-43.98225	3.537567	0
105	32	116.3325	84.81427	0
107	1	817.5076	-9.78125	0
107	2	-630.1147	185.9198	0
107	3	351.8996	-17.28107	0
107	4	1502.134	180.8017	0
107	5	116.8979	87.63809	0
107	6	686.5298	84.58981	0
107	7	453.9358	84.34445	0
107	8	-12.7221	1.632935	0
107	9	656.0435	81.13596	0
107	10	-825.8861	183.167	0
107	11	870.1755	-8.0401	0
107	12	1634.905	201.5524	0
107	13	104.6671	84.50906	0
107	14	471.8536	-9.27005	0
107	15	374.3882	81.90485	0
107	16	-17.82011	-1.023438	0
107	17	762.2271	-1.929321	0
107	18	-2343.627	334.2129	0
107	19	505.7879	-10.17883	0
107	20	1898.924	216.041	0
107	21	693.3958	83.18231	0
107	22	394.5474	78.17178	0
107	23	58.63224	88.39862	0
107	24	-39.66661	1.181488	0
107	25	915.1448	-9.47757	0
107	26	452.0136	1.935455	0
107	27	388.8698	78.96918	0
107	28	-1471.863	276.7926	0
107	29	1637.104	180.572	0
107	30	718.1197	80.25977	0
107	31	-44.90684	3.379425	0
107	32	116.0228	84.9346	0
107	33	409.6154	-4.49826	0
108	1	818.3353	-9.950073	0
108	2	-622.3903	185.1062	0
108	3	350.8576	-17.44345	0
108	4	1495.703	180.3032	0
108	5	117.3701	87.67279	0
108	6	686.423	84.64642	0
108	7	454.4982	84.39633	0
108	8	-12.68072	1.561523	0
108	9	655.9462	81.18042	0
108	10	-819.5016	182.7274	0
108	11	870.3002	-8.158142	0
108	12	1626.372	200.775	0
108	13	104.3422	84.57248	0
108	14	471.9188	-9.442505	0
108	15	374.3411	81.96677	0
108	16	-17.47473	-1.090973	0
108	17	762.3238	-2.031311	0
108	18	-2370.051	337.3806	0
108	19	506.1635	-10.36215	0
108	20	1907.36	217.2475	0
108	21	693.3361	83.22791	0
108	22	394.3537	78.21085	0
108	23	59.09829	88.43076	0
108	24	-39.45097	1.123749	0
108	25	915.5974	-9.604156	0
108	26	452.1153	1.826813	0
108	27	388.7826	79.02527	0
108	28	-1457.186	275.4478	0
108	29	1638.745	180.9711	0
108	30	718.0689	80.29651	0
108	31	-45.38375	3.297852	0
108	32	115.8627	84.99701	0
108	33	409.7333	-4.531036	0
110	1	820.0052	-10.29068	0
110	2	-607.2117	183.5074	0
110	3	348.7582	-17.7706	0
110	4	1483.047	179.3205	0
110	5	118.3176	87.74243	0
110	6	686.2088	84.76004	0
110	7	455.6278	84.50058	0
110	8	-12.60077	1.417633	0
110	9	655.7506	81.26978	0
110	10	-806.858	181.8568	0
110	11	870.5547	-8.395905	0
110	12	1609.571	199.2437	0
110	13	103.6849	84.69995	0
110	14	472.0543	-9.790619	0
110	15	374.2464	82.09134	0
110	16	-16.77743	-1.226379	0
110	17	762.5188	-2.236664	0
110	18	-2424.706	343.9327	0
110	19	506.9183	-10.73227	0
110	20	1924.458	219.702	0
110	21	693.2159	83.31961	0
110	22	393.962	78.28909	0
110	23	60.03339	88.49533	0
110	24	-39.01441	1.008057	0
110	25	916.509	-9.860535	0
110	26	452.3218	1.60611	0
110	27	388.6095	79.13913	0
110	28	-1428.015	272.775	0
110	29	1642.108	181.7885	0
110	30	717.9652	80.37161	0
110	31	-46.36248	3.130371	0
110	32	115.5336	85.12555	0
110	33	410.1062	-4.634644	0
110	34	2268.069	281.699	0
118	1	826.8857	-11.69409	0
118	2	-549.8771	177.4682	0
118	3	340.1458	-19.11276	0
118	4	1434.872	175.5639	0
118	5	122.1469	88.02313	0
118	6	685.348	85.21979	0
118	7	460.2117	84.92361	0
118	8	-12.31861	0.8269653	0
118	9	654.9533	81.63184	0
118	10	-757.1732	178.4244	0
118	11	871.6505	-9.370697	0
118	12	1545.748	193.4231	0
118	13	101.1312	85.19122	0
118	14	472.6636	-11.228	0
118	15	373.9212	82.60031	0
118	16	-13.90042	-1.770752	0
118	17	763.316	-3.075897	0
118	18	-2670.673	373.4212	0
118	19	509.986	-12.26169	0
118	20	1996.521	230.1361	0
118	21	692.7244	83.69348	0
118	22	392.3245	78.60452	0
118	23	63.67648	88.76624	0
118	24	-37.20082	0.5450134	0
118	25	920.2143	-10.91962	0
118	26	453.1831	0.6857605	0
118	27	387.9547	79.61288	0
118	28	-1315.4	262.4566	0
118	29	1656.535	185.2789	0
118	30	717.5297	80.68707	0
118	31	-50.52885	2.417053	0
118	32	114.4282	85.66339	0
118	33	412.761	-5.372742	0
118	34	2298.728	287.723	0
118	35	816.9635	3.197052	0
118	36	96.75265	86.11212	0
118	37	349.9394	81.83447	0
118	38	46.17831	8.075043	0
118	39	-1064.049	204.5159	0
118	40	641.5795	77.93591	0
119	1	827.7692	-11.8743	0
119	2	-543.0674	176.7509	0
119	3	339.0444	-19.28439	0
119	4	1429.078	175.1107	0
119	5	122.6302	88.05853	0
119	6	685.2399	85.27786	0
119	7	460.7922	84.97717	0
119	8	-12.28787	0.7513428	0
119	9	654.8521	81.67761	0
119	10	-750.9409	177.9906	0
119	11	871.7965	-9.495178	0
119	12	1538.16	192.7323	0
119	13	100.8304	85.24899	0
119	14	472.7474	-11.41284	0
119	15	373.889	82.66528	0
119	16	-13.53077	-1.839172	0
119	17	763.4175	-3.182861	0
119	18	-2704.918	377.5269	0
119	19	510.3752	-12.45844	0
119	20	2006.022	231.5178	0
119	21	692.6619	83.74097	0
119	22	392.1108	78.64432	0
119	23	64.11182	88.80231	0
119	24	-36.96709	0.4872131	0
119	25	920.6828	-11.05539	0
119	26	453.2942	0.5670776	0
119	27	387.8784	79.67377	0
119	28	-1301.883	261.2181	0
119	29	1658.439	185.7376	0
119	30	717.4736	80.72769	0
119	31	-51.0718	2.324036	0
119	32	114.327	85.73206	0
119	33	413.1752	-5.487823	0
119	34	2304.446	288.8508	0
119	35	816.7855	3.159912	0
119	36	96.70936	86.15561	0
119	37	350.0852	81.86758	0
119	38	45.97149	8.03064	0
119	39	-1062.876	204.5512	0
119	40	641.5576	77.94516	0
120	1	828.658	-12.0556	0
120	2	-536.3327	176.0415	0
120	3	337.9374	-19.45691	0
120	4	1423.328	174.6606	0
120	5	123.1145	88.09396	0
120	6	685.1316	85.33609	0
120	7	461.3743	85.03088	0
120	8	-12.25823	0.675354	0
120	9	654.7504	81.72351	0
120	10	-744.7238	177.5576	0
120	11	871.9447	-9.620392	0
120	12	1530.652	192.049	0
120	13	100.5322	85.30627	0
120	14	472.833	-11.59891	0
120	15	373.8579	82.73053	0
120	16	-13.15894	-1.907593	0
120	17	763.5195	-3.290222	0
120	18	-2740.039	381.7376	0
120	19	510.7658	-12.65652	0
120	20	2015.647	232.9182	0
120	21	692.5989	83.78867	0
120	22	391.8951	78.6842	0
120	23	64.54321	88.8389	0
120	24	-36.73168	0.4295044	0
120	25	921.1523	-11.19183	0
120	26	453.4059	0.4476013	0
120	27	387.8035	79.73495	0
120	28	-1288.501	259.9919	0
120	29	1660.366	186.2011	0
120	30	717.4172	80.76849	0
120	31	-51.61861	2.230286	0
120	32	114.2298	85.80112	0
120	33	413.6014	-5.606262	0
120	34	2310.454	290.0364	0
120	35	816.5961	3.120392	0
120	36	96.66501	86.20239	0
120	37	350.2426	81.90335	0
120	38	45.74388	7.981781	0
120	39	-1061.538	204.5897	0
120	40	641.5268	77.9581	0
121	1	829.5522	-12.23795	0
121	2	-529.6718	175.3399	0
121	3	336.8247	-19.63034	0
121	4	1417.622	174.2136	0
121	5	123.6	88.12949	0
121	6	685.0231	85.3945	0
121	7	461.9581	85.08478	0
121	8	-12.22971	0.598938	0
121	9	654.6484	81.76953	0
121	10	-738.5294	177.1257	0
121	11	872.0948	-9.746124	0
121	12	1523.224	191.3731	0
121	13	100.2364	85.36307	0
121	14	472.9202	-11.78619	0
121	15	373.8279	82.79611	0
121	16	-12.7848	-1.976105	0
121	17	763.6219	-3.39801	0
121	18	-2776.071	386.0575	0
121	19	511.1578	-12.85583	0
121	20	2025.399	234.3379	0
121	21	692.5358	83.83652	0
121	22	391.6772	78.72418	0
121	23	64.97065	88.87595	0
121	24	-36.49492	0.3718567	0
121	25	921.6227	-11.32895	0
121	26	453.5184	0.3274536	0
121	27	387.73	79.79645	0
121	28	-1275.253	258.7781	0
121	29	1662.313	186.6692	0
121	30	717.3605	80.80954	0
121	31	-52.16949	2.135834	0
121	32	114.1356	85.87064	0
121	33	414.0384	-5.727783	0
121	34	2316.728	291.275	0
121	35	816.3966	3.078796	0
121	36	96.62046	86.25204	0
121	37	350.4102	81.94144	0
121	38	45.49808	7.929016	0
121	39	-1060.05	204.6305	0
121	40	641.4883	77.9743	0
122	1	830.4518	-12.42142	0
122	2	-523.0834	174.6459	0
122	3	335.7063	-19.80457	0
122	4	1411.957	173.7696	0
122	5	124.0864	88.16507	0
122	6	684.9145	85.453	0
122	7	462.5436	85.13879	0
122	8	-12.20231	0.5220337	0
122	9	654.546	81.8157	0
122	10	-732.3632	176.6957	0
122	11	872.2471	-9.872467	0
122	12	1515.872	190.7044	0
122	13	99.94217	85.41946	0
122	14	473.0092	-11.9747	0
122	15	373.7987	82.862	0
122	16	-12.40847	-2.044739	0
122	17	763.7249	-3.506348	0
122	18	-2813.047	390.4907	0
122	19	511.5511	-13.05643	0
122	20	2035.282	235.7773	0
122	21	692.4725	83.88452	0
122	22	391.4572	78.76428	0
122	23	65.39436	88.91351	0
122	24	-36.2566	0.3142395	0
122	25	922.0941	-11.46667	0
122	26	453.6315	0.206543	0
122	27	387.658	79.85822	0
122	28	-1262.14	257.5767	0
122	29	1664.283	187.1421	0
122	30	717.3036	80.85068	0
122	31	-52.72404	2.04071	0
122	32	114.0436	85.94046	0
122	33	414.4852	-5.85199	0
122	34	2323.249	292.5624	0
122	35	816.1884	3.035339	0
122	36	96.57669	86.30411	0
122	37	350.5868	81.98145	0
122	38	45.23627	7.872833	0
122	39	-1058.428	204.673	0
122	40	641.4431	77.99329	0
123	1	831.357	-12.60608	0
123	2	-516.5663	173.9595	0
123	3	334.582	-19.97983	0
123	4	1406.333	173.3285	0
123	5	124.574	88.20074	0
123	6	684.8058	85.51169	0
123	7	463.1308	85.19299	0
123	8	-12.17611	0.4447937	0
123	9	654.4432	81.86194	0
123	10	-726.2297	176.2678	0
123	11	872.4012	-9.99942	0
123	12	1508.596	190.0428	0
123	13	99.64941	85.47559	0
123	14	473.0999	-12.1644	0
123	15	373.7704	82.92816	0
123	16	-12.02993	-2.113434	0
123	17	763.8282	-3.615143	0
123	18	-2851.007	395.0418	0
123	19	511.9459	-13.25845	0
123	20	2045.301	237.2369	0
123	21	692.4088	83.93271	0
123	22	391.235	78.8045	0
123	23	65.81436	88.9516	0
123	24	-36.01684	0.2567139	0
123	25	922.5665	-11.60507	0
123	26	453.7453	0.08496094	0
123	27	387.5875	79.92029	0
123	28	-1249.163	256.3876	0
123	29	1666.274	187.6196	0
123	30	717.2466	80.89206	0
123	31	-53.28221	1.944916	0
123	32	113.9531	86.01074	0
123	33	414.9409	-5.978668	0
123	34	2329.997	293.8952	0
123	35	815.9726	2.990326	0
123	36	96.53458	86.35825	0
123	37	350.7711	82.02325	0
123	38	44.96042	7.813599	0
123	39	-1056.684	204.7165	0
123	40	641.3922	78.01477	0
124	1	832.2678	-12.79184	0
124	2	-510.1195	173.2804	0
124	3	333.452	-20.15588	0
124	4	1400.748	172.8904	0
124	5	125.0627	88.23645	0
124	6	684.6969	85.5705	0
124	7	463.7198	85.24734	0
124	8	-12.15112	0.3670654	0
124	9	654.3401	81.90836	0
124	10	-720.132	175.8423	0
124	11	872.5577	-10.12704	0
124	12	1501.393	189.3882	0
124	13	99.35751	85.53143	0
124	14	473.1924	-12.35532	0
124	15	373.7428	82.99469	0
124	16	-11.64921	-2.18219	0
124	17	763.9319	-3.724396	0
124	18	-2889.99	399.7156	0
124	19	512.3421	-13.46173	0
124	20	2055.457	238.7171	0
124	21	692.3449	83.98108	0
124	22	391.0107	78.84482	0
124	23	66.23074	88.99014	0
124	24	-35.77577	0.1991577	0
124	25	923.0398	-11.7442	0
124	26	453.8598	-0.037323	0
124	27	387.5184	79.98257	0
124	28	-1236.32	255.2109	0
124	29	1668.287	188.1018	0
124	30	717.1893	80.93359	0
124	31	-53.84372	1.848541	0
124	32	113.8635	86.08139	0
124	33	415.4045	-6.107544	0
124	34	2336.959	295.2703	0
124	35	815.7498	2.943909	0
124	36	96.49483	86.41415	0
124	37	350.9623	82.06656	0
124	38	44.67205	7.75174	0
124	39	-1054.832	204.7606	0
124	40	641.3361	78.03836	0
125	1	833.1839	-12.9787	0
125	2	-503.7419	172.6087	0
125	3	332.316	-20.33295	0
125	4	1395.202	172.455	0
125	5	125.5524	88.27222	0
125	6	684.5879	85.62946	0
125	7	464.3105	85.30188	0
125	8	-12.12743	0.2889099	0
125	9	654.2367	81.9549	0
125	10	-714.0739	175.4195	0
125	11	872.7161	-10.25528	0
125	12	1494.263	188.7403	0
125	13	99.06617	85.58713	0
125	14	473.2866	-12.54755	0
125	15	373.716	83.06146	0
125	16	-11.26617	-2.251038	0
125	17	764.0362	-3.834106	0
125	18	-2930.039	404.5173	0
125	19	512.7397	-13.66638	0
125	20	2065.756	240.2185	0
125	21	692.2808	84.0296	0
125	22	390.7841	78.88528	0
125	23	66.64375	89.02927	0
125	24	-35.53311	0.1417542	0
125	25	923.514	-11.88394	0
125	26	453.9749	-0.1603394	0
125	27	387.4509	80.04517	0
125	28	-1223.612	254.0465	0
125	29	1670.321	188.5886	0
125	30	717.1317	80.97525	0
125	31	-54.40862	1.751465	0
125	32	113.7743	86.15247	0
125	33	415.8755	-6.238495	0
125	34	2344.122	296.6852	0
125	35	815.5213	2.896179	0
125	36	96.45804	86.47159	0
125	37	351.1594	82.11124	0
125	38	44.37273	7.687439	0
125	39	-1052.881	204.8049	0
125	40	641.2756	78.06384	0
126	1	834.106	-13.16681	0
126	2	-497.4322	171.944	0
126	3	331.1741	-20.51093	0
126	4	1389.695	172.0224	0
126	5	126.0433	88.30811	0
126	6	684.4786	85.68857	0
126	7	464.9028	85.35651	0
126	8	-12.10495	0.2102966	0
126	9	654.1328	82.0015	0
126	10	-708.0571	174.9996	0
126	11	872.8767	-10.38409	0
126	12	1487.204	188.0991	0
126	13	98.77495	85.64264	0
126	14	473.3825	-12.74097	0
126	15	373.6898	83.12854	0
126	16	-10.88095	-2.319916	0
126	17	764.1408	-3.944305	0
126	18	-2971.197	409.4517	0
126	19	513.139	-13.87238	0
126	20	2076.201	241.7416	0
126	21	692.2164	84.07831	0
126	22	390.5555	78.9259	0
126	23	67.05332	89.06882	0
126	24	-35.28899	0.08441162	0
126	25	923.9893	-12.02432	0
126	26	454.0906	-0.2840576	0
126	27	387.3848	80.10797	0
126	28	-1211.038	252.8943	0
126	29	1672.378	189.0802	0
126	30	717.074	81.01709	0
126	31	-54.9768	1.653809	0
126	32	113.6852	86.22388	0
126	33	416.3534	-6.371246	0
126	34	2351.474	298.1377	0
126	35	815.2875	2.847412	0
126	36	96.42486	86.53027	0
126	37	351.3617	82.1571	0
126	38	44.06363	7.621094	0
126	39	-1050.84	204.849	0
126	40	641.2112	78.09094	0
129	1	836.9063	-13.73795	0
129	2	-478.9003	169.9921	0
129	3	327.7125	-21.05032	0
129	4	1373.393	170.7406	0
129	5	127.5226	88.41599	0
129	6	684.1501	85.86679	0
129	7	466.6904	85.52151	0
129	8	-12.04545	-0.02816772	0
129	9	653.8191	82.14218	0
129	10	-690.2708	173.7585	0
129	11	873.3705	-10.77438	0
129	12	1466.439	186.2141	0
129	13	97.8988	85.80884	0
129	14	473.6808	-13.32901	0
129	15	373.6153	83.33179	0
129	16	-9.711669	-2.527039	0
129	17	764.4575	-4.277649	0
129	18	-3101.801	425.1105	0
129	19	514.3458	-14.49857	0
129	20	2108.448	246.4458	0
129	21	692.0215	84.2254	0
129	22	389.8566	79.04852	0
129	23	68.25883	89.19073	0
129	24	-34.54834	-0.08724976	0
129	25	925.421	-12.44946	0
129	26	454.4418	-0.6592712	0
129	27	387.1954	80.29782	0
129	28	-1174.105	249.5104	0
129	29	1678.683	190.5833	0
129	30	716.8995	81.1434	0
129	31	-56.69995	1.357239	0
129	32	113.4187	86.44022	0
129	33	417.8224	-6.779633	0
129	34	2374.581	302.7038	0
129	35	814.5342	2.697754	0
129	36	96.35099	86.71194	0
129	37	351.9938	82.30051	0
129	38	43.08819	7.411682	0
129	39	-1044.256	204.9779	0
129	40	640.9993	78.18018	0
129	41	865.7822	-1.202087	0
129	42	409.2216	4.051636	0
130	1	837.8514	-13.93073	0
130	2	-472.852	169.355	0
130	3	326.5465	-21.23209	0
130	4	1368.031	170.3186	0
130	5	128.018	88.45212	0
130	6	684.0402	85.92651	0
130	7	467.2898	85.57678	0
130	8	-12.02838	-0.1086121	0
130	9	653.7137	82.1893	0
130	10	-684.4335	173.3513	0
130	11	873.5394	-10.90582	0
130	12	1459.652	185.5983	0
130	13	97.60506	85.86429	0
130	14	473.7838	-13.52762	0
130	15	373.5916	83.40015	0
130	16	-9.317461	-2.596283	0
130	17	764.564	-4.389709	0
130	18	-3147.888	430.636	0
130	19	514.7513	-14.71011	0
130	20	2119.513	248.0606	0
130	21	691.9561	84.27475	0
130	22	389.6194	79.08969	0
130	23	68.65222	89.23251	0
130	24	-34.29876	-0.1443176	0
130	25	925.9001	-12.59253	0
130	26	454.5601	-0.7857666	0
130	27	387.1352	80.3616	0
130	28	-1162.054	248.4061	0
130	29	1680.83	191.0939	0
130	30	716.8411	81.18576	0
130	31	-57.28017	1.257233	0
130	32	113.3302	86.51294	0
130	33	418.3227	-6.918732	0
130	34	2382.612	304.291	0
130	35	814.261	2.647491	0
130	36	96.33608	86.77386	0
130	37	352.2113	82.34988	0
130	38	42.74969	7.33905	0
130	39	-1041.929	205.0191	0
130	40	640.9236	78.21204	0
130	41	866.0587	-1.245453	0
130	42	409.0321	4.023834	0
131	1	838.8026	-14.12476	0
131	2	-466.8666	168.7245	0
131	3	325.3743	-21.41479	0
131	4	1362.704	169.8991	0
131	5	128.5144	88.48825	0
131	6	683.9302	85.98636	0
131	7	467.8909	85.63229	0
131	8	-12.01306	-0.1895142	0
131	9	653.6081	82.2366	0
131	10	-678.6428	172.9475	0
131	11	873.7103	-11.03781	0
131	12	1452.929	184.9885	0
131	13	97.31002	85.9198	0
131	14	473.8885	-13.72754	0
131	15	373.5686	83.46887	0
131	16	-8.920981	-2.665527	0
131	17	764.6709	-4.502289	0
131	18	-3195.346	436.3259	0
131	19	515.1584	-14.923	0
131	20	2130.743	249.6998	0
131	21	691.8904	84.32434	0
131	22	389.38	79.13101	0
131	23	69.04121	89.27487	0
131	24	-34.04774	-0.2012634	0
131	25	926.3802	-12.73618	0
131	26	454.6791	-0.9129333	0
131	27	387.0764	80.42557	0
131	28	-1150.13	247.3136	0
131	29	1683	191.6094	0
131	30	716.7823	81.22827	0
131	31	-57.86343	1.156616	0
131	32	113.2418	86.58597	0
131	33	418.8278	-7.059113	0
131	34	2390.8	305.9092	0
131	35	813.9789	2.597107	0
131	36	96.32636	86.83624	0
131	37	352.4315	82.3999	0
131	38	42.40554	7.265198	0
131	39	-1039.544	205.0591	0
131	40	640.8459	78.24475	0
131	41	866.4047	-1.299683	0
131	42	408.795	3.988983	0
132	1	839.7596	-14.31998	0
132	2	-460.9427	168.1005	0
132	3	324.1959	-21.59842	0
132	4	1357.411	169.4822	0
132	5	129.012	88.52448	0
132	6	683.8201	86.04639	0
132	7	468.4938	85.6879	0
132	8	-11.99909	-0.2709045	0
132	9	653.502	82.284	0
132	10	-672.8993	172.5471	0
132	11	873.8831	-11.17047	0
132	12	1446.271	184.3847	0
132	13	97.01353	85.9754	0
132	14	473.9949	-13.9288	0
132	15	373.5461	83.5379	0
132	16	-8.522375	-2.734894	0
132	17	764.7783	-4.615356	0
132	18	-3244.236	442.1875	0
132	19	515.5673	-15.13742	0
132	20	2142.142	251.3637	0
132	21	691.8245	84.37405	0
132	22	389.1386	79.17252	0
132	23	69.4257	89.31781	0
132	24	-33.79536	-0.2582092	0
132	25	926.8615	-12.88052	0
132	26	454.7987	-1.040771	0
132	27	387.019	80.48972	0
132	28	-1138.332	246.2326	0
132	29	1685.194	192.1298	0
132	30	716.7234	81.2709	0
132	31	-58.44926	1.055481	0
132	32	113.1535	86.65924	0
132	33	419.3374	-7.200775	0
132	34	2399.141	307.5577	0
132	35	813.6896	2.546509	0
132	36	96.32211	86.89896	0
132	37	352.654	82.45047	0
132	38	42.05636	7.190247	0
132	39	-1037.106	205.0977	0
132	40	640.7664	78.2782	0
132	41	866.8105	-1.363373	0
132	42	408.5166	3.94809	0
136	1	843.6487	-15.11319	0
136	2	-437.8475	165.6679	0
136	3	319.4192	-22.3428	0
136	4	1336.579	167.8392	0
136	5	131.0134	88.66989	0
136	6	683.3776	86.28799	0
136	7	470.9234	85.91211	0
136	8	-12.67917	-0.6559143	0
136	9	653.0741	82.47482	0
136	10	-650.3958	170.9798	0
136	11	874.5953	-11.70767	0
136	12	1420.257	182.0273	0
136	13	95.78001	86.19662	0
136	14	474.4385	-14.74744	0
136	15	373.4617	83.81747	0
136	16	-6.913351	-3.018707	0
136	17	765.2125	-5.072479	0
136	18	-3455.505	467.5176	0
136	19	517.2198	-16.00955	0
136	20	2188.785	258.2098	0
136	21	691.5582	84.57468	0
136	22	388.1523	79.34018	0
136	23	70.86803	89.49899	0
136	24	-32.86313	-0.4867554	0
136	25	928.7969	-13.46451	0
136	26	455.2838	-1.559143	0
136	27	386.8031	80.74844	0
136	28	-1092.367	242.0211	0
136	29	1694.211	194.2614	0
136	30	716.4862	81.44269	0
136	31	-60.81953	0.6451111	0
136	32	113.2117	86.9397	0
136	33	421.4176	-7.779083	0
136	34	2433.988	314.4457	0
136	35	812.4802	2.341766	0
136	36	96.25842	87.15125	0
136	37	353.5631	82.65738	0
136	38	40.61747	6.881378	0
136	39	-1026.889	205.2377	0
136	40	640.4344	78.41797	0
136	41	868.8929	-1.690765	0
136	42	407.0839	3.737549	0
136	43	105.9257	87.07391	0
136	44	-2.437367	0.26651	0
136	45	2743.486	311.5865	0
137	1	844.6365	-15.3147	0
137	2	-432.2191	165.075	0
137	3	318.209	-22.5314	0
137	4	1331.453	167.4345	0
137	5	131.5165	88.70639	0
137	6	683.2664	86.34882	0
137	7	471.5353	85.9686	0
137	8	-13.0642	-0.7717896	0
137	9	652.9661	82.52286	0
137	10	-644.887	170.5966	0
137	11	874.7784	-11.84357	0
137	12	1413.903	181.4519	0
137	13	95.45524	86.2515	0
137	14	474.5539	-14.9556	0
137	15	373.4419	83.88821	0
137	16	-6.5073	-3.091553	0
137	17	765.3223	-5.187958	0
137	18	-3512.635	474.3671	0
137	19	517.6375	-16.23138	0
137	20	2200.425	259.9422	0
137	21	691.4908	84.62524	0
137	22	387.9008	79.38254	0
137	23	71.20026	89.54697	0
137	24	-32.65991	-0.5444031	0
137	25	929.2833	-13.61212	0
137	26	455.4067	-1.690491	0
137	27	386.7524	80.8136	0
137	28	-1081.175	240.9956	0
137	29	1696.527	194.807	0
137	30	716.4265	81.48593	0
137	31	-61.4186	0.5411072	0
137	32	113.35	87.00742	0
137	33	421.9473	-7.92627	0
137	34	2443.064	316.2399	0
137	35	812.1694	2.289948	0
137	36	96.2177	87.21469	0
137	37	353.7942	82.70999	0
137	38	40.24883	6.802246	0
137	39	-1024.232	205.2687	0
137	40	640.3486	78.45413	0
137	41	869.4999	-1.786407	0
137	42	406.6644	3.675873	0
137	43	106.0498	87.09167	0
137	44	-2.091934	0.2614746	0
137	45	2751.234	312.5913	0
24	1	840.8656	-5.581848	0
24	2	-1529.122	255.2696	0
24	3	443.2271	1.143555	0
24	4	2093.922	259.5034	0
24	5	68.26676	84.22723	0
24	6	727.6688	80.77103	0
24	7	382.399	77.2717	0
24	8	-17.85313	3.93573	0
25	1	840.6264	-5.635162	0
25	2	-1515.478	254.0137	0
25	3	443.7267	1.080383	0
25	4	2091.272	259.551	0
25	5	68.06297	84.27341	0
25	6	727.6313	80.80087	0
25	7	382.5641	77.30161	0
25	8	-17.92748	3.88208	0
26	1	840.3747	-5.691284	0
26	2	-1501.318	252.7102	0
26	3	444.2531	1.013824	0
26	4	2088.486	259.6011	0
26	5	67.84829	84.32202	0
26	6	727.5918	80.83231	0
26	7	382.7379	77.33307	0
26	8	-18.00578	3.825623	0
27	1	840.1117	-5.749908	0
27	2	-1486.754	251.3696	0
27	3	444.8033	0.9442749	0
27	4	2085.582	259.6533	0
27	5	67.62399	84.37283	0
27	6	727.5506	80.86511	0
27	7	382.9193	77.36591	0
27	8	-18.08767	3.766602	0
28	1	839.8389	-5.810699	0
28	2	-1471.882	250.0006	0
28	3	445.3742	0.8721008	0
28	4	2082.575	259.7072	0
28	5	67.39119	84.42554	0
28	6	727.5078	80.89911	0
28	7	383.1076	77.40002	0
28	8	-18.17261	3.705383	0
29	1	839.5576	-5.873383	0
29	2	-1456.784	248.6108	0
29	3	445.9637	0.7975464	0
29	4	2079.479	259.7629	0
29	5	67.15095	84.47998	0
29	6	727.4637	80.93423	0
29	7	383.3018	77.43518	0
29	8	-18.26029	3.642181	0
30	1	839.2687	-5.937744	0
30	2	-1441.529	247.2065	0
30	3	446.5696	0.7209167	0
30	4	2076.305	259.8199	0
30	5	66.90401	84.53589	0
30	6	727.4183	80.97025	0
30	7	383.5013	77.47131	0
30	8	-18.3503	3.57724	0
31	1	838.973	-6.003662	0
31	2	-1426.175	245.7931	0
31	3	447.1902	0.6425171	0
31	4	2073.063	259.8782	0
31	5	66.65119	84.59317	0
31	6	727.372	81.00711	0
31	7	383.7054	77.50827	0
31	8	-18.44253	3.510773	0
36	1	837.4174	-6.350494	0
36	2	-1349.407	238.7265	0
36	3	450.4645	0.2285461	0
36	4	2060.057	260.6446	0
36	5	65.31794	84.89514	0
36	6	727.1326	81.20117	0
36	7	384.7795	77.70279	0
36	8	-18.92859	3.160339	0
36	9	759.421	1.869843	0
36	10	1826.19	232.4073	0
36	11	691.7086	78.98383	0
38	1	836.768	-6.495209	0
38	2	-1319.233	235.9489	0
38	3	451.8357	0.05514526	0
38	4	2056.729	261.215	0
38	5	64.76001	85.02148	0
38	6	727.0331	81.28214	0
38	7	385.228	77.78397	0
38	8	-19.1319	3.013763	0
38	9	759.5121	1.775024	0
38	10	1813.006	231.1775	0
38	11	691.3895	79.01199	0
38	12	116.5485	80.40094	0
40	1	836.1073	-6.642517	0
40	2	-1289.577	233.219	0
40	3	453.2336	-0.1215515	0
40	4	2054.048	261.8866	0
40	5	64.19144	85.15024	0
40	6	726.9315	81.36444	0
40	7	385.6843	77.86661	0
40	8	-19.33899	2.864471	0
40	9	759.6226	1.659882	0
40	10	1797.344	229.7123	0
40	11	691.0034	79.04614	0
40	12	116.752	80.41644	0
40	13	-34.41362	5.74884	0
41	1	835.7733	-6.71698	0
41	2	-1274.968	231.8742	0
41	3	453.9414	-0.2110596	0
41	4	2052.88	262.2515	0
41	5	63.90368	85.21542	0
41	6	726.8798	81.40604	0
41	7	385.9151	77.90842	0
41	8	-19.44374	2.78891	0
41	9	759.6838	1.596222	0
41	10	1788.847	228.9163	0
41	11	690.7905	79.065	0
41	12	116.9005	80.42773	0
41	13	-34.53007	5.728088	0
43	1	835.0987	-6.867279	0
43	2	-1246.223	229.2282	0
43	3	455.3727	-0.3920288	0
43	4	2050.77	263.0247	0
43	5	63.32196	85.3472	0
43	6	726.7755	81.48996	0
43	7	386.381	77.9928	0
43	8	-19.65561	2.636169	0
43	9	759.8156	1.458954	0
43	10	1770.935	227.2368	0
43	11	690.333	79.10553	0
43	12	117.2714	80.45599	0
43	13	-34.89779	5.662415	0
43	14	-2568.756	389.3433	0
44	1	834.7586	-6.943146	0
44	2	-1232.095	227.9277	0
44	3	456.0957	-0.4834595	0
44	4	2049.788	263.4278	0
44	5	63.0282	85.41376	0
44	6	726.7227	81.53229	0
44	7	386.6161	78.03534	0
44	8	-19.76263	2.559052	0
44	9	759.8855	1.386169	0
44	10	1761.65	226.3659	0
44	11	690.0909	79.12698	0
44	12	117.4876	80.47247	0
44	13	-35.13784	5.619598	0
44	14	-2556.943	388.1021	0
