17	1	488.0638	-51.09003	2
18	1	488.0948	-50.07825	2
18	2	488.0168	-52.63113	2
19	1	488.1418	-48.53854	2
19	2	487.989	-53.54016	2
19	3	126.0826	-85.24216	0
20	1	488.1964	-46.75064	2
20	2	487.9652	-54.3201	2
20	3	126.6969	-85.20654	0
20	4	459.028	603.2302	3
21	1	488.2515	-44.94684	2
21	2	487.9513	-54.7757	2
21	3	127.4172	-85.16476	0
21	4	458.3694	602.1116	3
21	5	457.6016	600.9397	3
22	1	488.3018	-43.30194	2
22	2	487.9461	-54.94376	2
22	3	128.2293	-85.11771	0
22	4	457.6035	600.7734	3
22	5	456.1264	599.2565	3
22	6	466.4664	614.4205	3
23	1	488.3474	-41.80838	2
23	2	487.9487	-54.85962	2
23	3	129.1211	-85.06601	0
23	4	456.9005	599.2931	3
23	5	454.0204	597.1076	3
23	6	467.7638	616.0382	3
23	7	461.3887	606.5922	3
24	1	488.3888	-40.45465	2
24	2	487.9582	-54.55124	2
24	3	130.0819	-85.01038	0
24	4	456.2994	597.6887	3
24	5	451.569	594.5177	3
24	6	469.5878	617.4532	3
24	7	461.6972	606.7228	3
25	1	488.4262	-39.22678	2
25	2	487.9739	-54.03625	2
25	3	131.1026	-84.95117	0
25	4	455.7689	596.1004	3
25	5	450.719	593.3773	3
25	6	471.0313	618.4944	3
25	7	463.1472	607.3137	3
26	1	488.4604	-38.10907	2
26	2	487.9954	-53.33411	2
26	3	132.175	-84.88904	0
26	4	455.309	594.5282	3
26	5	449.5205	591.7165	3
26	6	472.0992	619.1427	3
26	7	464.3728	607.6898	3
27	1	488.4917	-37.08499	2
27	2	488.0219	-52.46552	2
27	3	133.2924	-84.82431	0
27	4	454.9199	592.9709	3
27	5	448.1032	589.6552	3
27	6	472.8629	619.473	3
27	7	465.2747	607.7839	3
28	1	488.5206	-36.13797	2
28	2	488.0539	-51.41605	2
28	3	134.4487	-84.75729	0
28	4	454.6019	591.4276	3
28	5	446.6204	587.2745	3
28	6	473.3809	619.5448	3
28	7	465.9138	607.6426	3
