145	1	412.1184	150.2646	0
145	2	755.8964	145.5979	0
145	3	411.9436	134.5952	0
145	4	507.3621	135.0393	0
145	5	140.6628	191.5458	0
145	6	576.4663	155.0182	0
145	7	402.3169	154.7162	0
145	8	393.8588	181.6164	0
145	9	784.7894	148.2868	0
145	10	247.5947	177.3675	0
145	11	773.5375	125.3723	0
145	12	698.684	119.3427	0
145	13	456.2057	133.138	0
145	14	700.2781	146.2163	0
145	15	735.6078	123.9994	0
145	16	549.1473	153.9964	0
145	17	647.7872	133.921	0
145	18	707.5497	124.6328	0
145	19	288.6998	183.4596	0
145	20	485.3368	168.3748	0
145	21	-92.11215	189.7355	0
145	22	-7.672325	198.7727	0
145	23	520.4957	141.9971	0
145	24	718.572	130.2704	0
145	25	334.5113	176.4037	0
145	26	687.6496	146.0932	0
145	27	760.2987	155.465	0
145	28	22.02987	168.614	0
145	29	683.2233	125.1814	0
145	30	644.4196	123.3015	0
145	31	188.4499	195.7675	0
145	32	736.1794	120.9462	0
145	33	760.3134	126.4492	0
145	34	353.6047	138.2944	0
145	35	-182.4584	257.9688	0
145	36	338.0239	154.5144	0
145	37	459.9878	144.464	0
145	38	237.2477	225.9885	0
145	39	676.6054	128.4036	0
145	40	813.5415	133.3169	0
145	41	408.2823	150.9551	0
145	42	356.2867	154.8791	0
145	43	477.8289	155.4254	0
146	1	412.1213	150.2662	0
146	2	755.9254	145.5977	0
146	3	411.9287	134.5828	0
146	4	507.3583	135.0531	0
146	5	140.6662	191.5478	0
146	6	576.4827	155.0196	0
146	7	402.3334	154.7169	0
146	8	393.8461	181.6104	0
146	9	784.7924	148.2885	0
146	10	247.5723	177.357	0
146	11	773.5635	125.3726	0
146	12	698.6947	119.3423	0
146	13	456.213	133.1369	0
146	14	700.2899	146.2162	0
146	15	735.6121	123.9997	0
146	16	549.1592	153.9963	0
146	17	647.7852	133.924	0
146	18	707.4981	124.6265	0
146	19	288.6996	183.4369	0
146	20	485.3532	168.3755	0
146	21	-92.13385	189.7407	0
146	22	-7.650427	198.773	0
146	23	520.5085	141.9973	0
146	24	718.5921	130.2779	0
146	25	334.4377	176.455	0
146	26	687.6638	146.0934	0
146	27	760.2603	155.4531	0
146	28	22.02001	168.6077	0
146	29	683.2296	125.1817	0
146	30	644.4428	123.3108	0
146	31	188.4692	195.7678	0
146	32	736.1992	120.9534	0
146	33	760.3163	126.4485	0
146	34	353.6177	138.2925	0
146	35	-182.2451	257.9185	0
146	36	338.0062	154.5233	0
146	37	460.0147	144.4567	0
146	38	237.2423	225.9966	0
146	39	676.6217	128.414	0
146	40	813.5536	133.3181	0
146	41	408.2602	150.957	0
146	42	356.2524	154.908	0
146	43	477.8227	155.4353	0
147	1	412.1276	150.267	0
147	2	755.9625	145.5971	0
147	3	411.9173	134.5714	0
147	4	507.3476	135.0631	0
147	5	140.6742	191.55	0
147	6	576.4995	155.0218	0
147	7	402.3487	154.7163	0
147	8	393.9277	181.6108	0
147	9	784.7787	148.2859	0
147	10	247.5504	177.3491	0
147	11	773.5818	125.3719	0
147	12	698.7051	119.3422	0
147	13	456.2222	133.1358	0
147	14	700.3012	146.216	0
147	15	735.6188	124.0008	0
147	16	549.1718	153.9964	0
147	17	647.777	133.9239	0
147	18	707.4568	124.6216	0
147	19	288.6945	183.4163	0
147	20	485.3654	168.3722	0
147	21	-92.15754	189.7465	0
147	22	-7.623501	198.7716	0
147	23	520.5203	141.998	0
147	24	718.6201	130.2862	0
147	25	334.3506	176.5	0
147	26	687.675	146.0937	0
147	27	760.2051	155.4375	0
147	28	22.01103	168.6034	0
147	29	683.236	125.1815	0
147	30	644.464	123.3212	0
147	31	188.4941	195.7675	0
147	32	736.2112	120.9569	0
147	33	760.316	126.4472	0
147	34	353.6313	138.2911	0
147	35	-182.0511	257.8713	0
147	36	337.981	154.5366	0
147	37	460.0334	144.4477	0
147	38	237.2449	226.0015	0
147	39	676.6273	128.4184	0
147	40	813.5652	133.3188	0
147	41	408.2542	150.9537	0
147	42	356.2108	154.9393	0
147	43	477.8193	155.4482	0
148	1	412.1353	150.2682	0
148	2	755.9868	145.5941	0
148	3	411.9033	134.5602	0
148	4	507.3333	135.0677	0
148	5	140.681	191.5521	0
148	6	576.5146	155.0233	0
148	7	402.3626	154.7131	0
148	8	394.009	181.6064	0
148	9	784.8185	148.2867	0
148	10	247.5344	177.3439	0
148	11	773.5892	125.37	0
148	12	698.717	119.342	0
148	13	456.2327	133.1347	0
148	14	700.3131	146.216	0
148	15	735.6251	124.003	0
148	16	549.1831	153.9971	0
148	17	647.7798	133.9223	0
148	18	707.4274	124.6177	0
148	19	288.685	183.3989	0
148	20	485.377	168.3683	0
148	21	-92.17302	189.7512	0
148	22	-7.58692	198.7657	0
148	23	520.5284	141.9966	0
148	24	718.6553	130.295	0
148	25	334.2614	176.5286	0
148	26	687.6783	146.0913	0
148	27	760.1406	155.4203	0
148	28	22.00453	168.602	0
148	29	683.2429	125.1809	0
148	30	644.4813	123.332	0
148	31	188.5188	195.7676	0
148	32	736.2151	120.9578	0
148	33	760.3163	126.4463	0
148	34	353.648	138.2895	0
148	35	-181.8701	257.8248	0
148	36	337.9549	154.5532	0
148	37	460.042	144.4403	0
148	38	237.2571	226.0052	0
148	39	676.6259	128.4195	0
148	40	813.5768	133.3185	0
148	41	408.3109	150.9544	0
148	42	356.1594	154.9715	0
148	43	477.8193	155.4626	0
149	1	412.1422	150.2692	0
149	2	755.996	145.5887	0
149	3	411.886	134.5506	0
149	4	507.3218	135.0691	0
149	5	140.687	191.5537	0
149	6	576.5291	155.0245	0
149	7	402.377	154.7101	0
149	8	394.084	181.5956	0
149	9	784.848	148.2857	0
149	10	247.5259	177.3426	0
149	11	773.5886	125.367	0
149	12	698.7271	119.3422	0
149	13	456.242	133.1348	0
149	14	700.3236	146.2165	0
149	15	735.6349	124.0061	0
149	16	549.1912	153.9962	0
149	17	647.8207	133.9228	0
149	18	707.4122	124.6161	0
149	19	288.6715	183.3826	0
149	20	485.3894	168.3651	0
149	21	-92.18038	189.7535	0
149	22	-7.549444	198.7599	0
149	23	520.5353	141.9946	0
149	24	718.6935	130.3061	0
149	25	334.1955	176.5417	0
149	26	687.6815	146.0887	0
149	27	760.0804	155.4037	0
149	28	22.00107	168.6031	0
149	29	683.2505	125.1806	0
149	30	644.4911	123.3404	0
149	31	188.5439	195.7685	0
149	32	736.2119	120.9574	0
149	33	760.3185	126.4453	0
149	34	353.6649	138.2887	0
149	35	-181.7264	257.7746	0
149	36	337.9291	154.5709	0
149	37	460.05	144.4326	0
149	38	237.2694	226.0097	0
149	39	676.6151	128.418	0
149	40	813.5897	133.3177	0
149	41	408.3668	150.9529	0
149	42	356.0979	154.9973	0
149	43	477.8226	155.4785	0
150	1	412.1487	150.2699	0
150	2	755.9932	145.5815	0
150	3	411.8668	134.5429	0
150	4	507.3123	135.0677	0
150	5	140.6918	191.5541	0
150	6	576.5432	155.0242	0
150	7	402.3924	154.7076	0
150	8	394.1529	181.5802	0
150	9	784.8636	148.2819	0
150	10	247.524	177.3442	0
150	11	773.5792	125.3628	0
150	12	698.7354	119.3427	0
150	13	456.251	133.1355	0
150	14	700.3289	146.2157	0
150	15	735.6495	124.0114	0
150	16	549.1969	153.9939	0
150	17	647.8546	133.9218	0
150	18	707.4098	124.617	0
150	19	288.6485	183.3674	0
150	20	485.4048	168.3617	0
150	21	-92.17655	189.7556	0
150	22	-7.512265	198.755	0
150	23	520.5425	141.993	0
150	24	718.7304	130.3186	0
150	25	334.1646	176.5428	0
150	26	687.6855	146.0869	0
150	27	760.019	155.3877	0
150	28	21.99699	168.6053	0
150	29	683.2585	125.1805	0
150	30	644.4936	123.344	0
150	31	188.5747	195.7629	0
150	32	736.2136	120.9567	0
150	33	760.3198	126.4445	0
150	34	353.679	138.2892	0
150	35	-181.6103	257.7205	0
150	36	337.902	154.5915	0
150	37	460.0443	144.4227	0
150	38	237.2803	226.0128	0
150	39	676.6416	128.4181	0
150	40	813.6034	133.3173	0
150	41	408.4178	150.9478	0
150	42	356.0371	155.0114	0
150	43	477.8242	155.4979	0
151	1	412.155	150.2697	0
151	2	755.9778	145.5719	0
151	3	411.845	134.5355	0
151	4	507.338	135.0678	0
151	5	140.6967	191.554	0
151	6	576.5586	155.0233	0
151	7	402.4118	154.7047	0
151	8	394.2138	181.5605	0
151	9	784.8661	148.2763	0
151	10	247.5233	177.3468	0
151	11	773.5626	125.3587	0
151	12	698.7376	119.3416	0
151	13	456.2556	133.1372	0
151	14	700.3304	146.2138	0
151	15	735.6711	124.0193	0
151	16	549.2028	153.9919	0
151	17	647.8772	133.9185	0
151	18	707.414	124.6187	0
151	19	288.6159	183.3525	0
151	20	485.4221	168.3585	0
151	21	-92.17262	189.7586	0
151	22	-7.466925	198.7492	0
151	23	520.5519	141.9914	0
151	24	718.7643	130.3322	0
151	25	334.1975	176.5393	0
151	26	687.6919	146.0847	0
151	27	759.9547	155.3731	0
151	28	21.99204	168.6078	0
151	29	683.2668	125.1803	0
151	30	644.4909	123.3448	0
151	31	188.6078	195.7559	0
151	32	736.2355	120.9571	0
151	33	760.3223	126.4445	0
151	34	353.6884	138.2908	0
151	35	-181.5047	257.6677	0
151	36	337.8685	154.6159	0
151	37	460.0277	144.4106	0
151	38	237.2896	226.0154	0
151	39	676.6747	128.4182	0
151	40	813.6171	133.3171	0
151	41	408.464	150.9404	0
151	42	355.9956	155.0169	0
151	43	477.8219	155.5191	0
152	1	412.1619	150.2691	0
152	2	755.9507	145.5636	0
152	3	411.817	134.5286	0
152	4	507.3717	135.0677	0
152	5	140.7033	191.5547	0
152	6	576.5762	155.0234	0
152	7	402.4315	154.703	0
152	8	394.2617	181.5381	0
152	9	784.8569	148.2689	0
152	10	247.5218	177.35	0
152	11	773.542	125.3549	0
152	12	698.739	119.3405	0
152	13	456.2553	133.1399	0
152	14	700.3325	146.2122	0
152	15	735.7052	124.0291	0
152	16	549.2101	153.9902	0
152	17	647.8907	133.9138	0
152	18	707.4192	124.6207	0
152	19	288.5846	183.3383	0
152	20	485.4373	168.3575	0
152	21	-92.16909	189.7603	0
152	22	-7.421585	198.7449	0
152	23	520.5624	141.9898	0
152	24	718.7911	130.3445	0
152	25	334.2914	176.5376	0
152	26	687.6989	146.0832	0
152	27	759.89	155.3611	0
152	28	21.9843	168.6108	0
152	29	683.2747	125.1804	0
152	30	644.4827	123.344	0
152	31	188.6411	195.7499	0
152	32	736.2521	120.9569	0
152	33	760.3274	126.4452	0
152	34	353.6883	138.2938	0
152	35	-181.3933	257.6166	0
152	36	337.8288	154.6424	0
152	37	460.0092	144.3982	0
152	38	237.2986	226.0165	0
152	39	676.699	128.4165	0
152	40	813.6306	133.3169	0
152	41	408.5043	150.9307	0
152	42	355.9764	155.0152	0
152	43	477.8139	155.5416	0
153	1	412.17	150.269	0
153	2	755.9226	145.5551	0
153	3	411.7834	134.5215	0
153	4	507.4008	135.0659	0
153	5	140.7165	191.5549	0
153	6	576.5953	155.0234	0
153	7	402.4485	154.7031	0
153	8	394.2918	181.5175	0
153	9	784.837	148.2598	0
153	10	247.5184	177.3539	0
153	11	773.5193	125.3508	0
153	12	698.7411	119.3398	0
153	13	456.2506	133.1445	0
153	14	700.3362	146.2107	0
153	15	735.7493	124.0391	0
153	16	549.2189	153.9882	0
153	17	647.8944	133.9072	0
153	18	707.426	124.6229	0
153	19	288.5547	183.328	0
153	20	485.4514	168.3584	0
153	21	-92.16689	189.7612	0
153	22	-7.38799	198.7436	0
153	23	520.5721	141.9895	0
153	24	718.8076	130.3515	0
153	25	334.3857	176.5308	0
153	26	687.7067	146.0833	0
153	27	759.8275	155.35	0
153	28	21.9727	168.614	0
153	29	683.2817	125.1808	0
153	30	644.4964	123.3437	0
153	31	188.6781	195.7439	0
153	32	736.2609	120.9556	0
153	33	760.332	126.4468	0
153	34	353.6793	138.2986	0
153	35	-181.2926	257.5673	0
153	36	337.7806	154.6697	0
153	37	459.9933	144.3868	0
153	38	237.3084	226.0179	0
153	39	676.7126	128.4133	0
153	40	813.6434	133.3169	0
153	41	408.5352	150.9196	0
153	42	356.019	155.0143	0
153	43	477.7976	155.5616	0
154	1	412.1802	150.269	0
154	2	755.886	145.5455	0
154	3	411.7521	134.5146	0
154	4	507.4243	135.0626	0
154	5	140.7331	191.5549	0
154	6	576.6171	155.0233	0
154	7	402.46	154.705	0
154	8	394.3197	181.4959	0
154	9	784.8065	148.2522	0
154	10	247.5118	177.3578	0
154	11	773.4872	125.3445	0
154	12	698.7451	119.339	0
154	13	456.2438	133.1515	0
154	14	700.34	146.2091	0
154	15	735.8017	124.0509	0
154	16	549.2277	153.9873	0
154	17	647.8889	133.9007	0
154	18	707.4334	124.6251	0
154	19	288.5314	183.3203	0
154	20	485.4587	168.362	0
154	21	-92.16515	189.7611	0
154	22	-7.368729	198.7455	0
154	23	520.5823	141.9903	0
154	24	718.813	130.354	0
154	25	334.4749	176.5173	0
154	26	687.7148	146.0848	0
154	27	759.7611	155.3397	0
154	28	21.95954	168.6172	0
154	29	683.2844	125.1801	0
154	30	644.5242	123.3439	0
154	31	188.722	195.7373	0
154	32	736.2635	120.9536	0
154	33	760.3395	126.4492	0
154	34	353.6612	138.3069	0
154	35	-181.2003	257.5224	0
154	36	337.7241	154.6918	0
154	37	459.9741	144.3759	0
154	38	237.3235	226.0196	0
154	39	676.7175	128.4089	0
154	40	813.6542	133.3176	0
154	41	408.554	150.9097	0
154	42	356.0898	155.0132	0
154	43	477.7751	155.574	0
155	1	412.1919	150.2689	0
155	2	755.8362	145.5329	0
155	3	411.7247	134.5094	0
155	4	507.4428	135.0582	0
155	5	140.7498	191.5551	0
155	6	576.6362	155.0236	0
155	7	402.4611	154.7093	0
155	8	394.3236	181.471	0
155	9	784.7777	148.2443	0
155	10	247.5052	177.3622	0
155	11	773.4503	125.3372	0
155	12	698.749	119.3386	0
155	13	456.2395	133.1601	0
155	14	700.3447	146.2085	0
155	15	735.8559	124.0653	0
155	16	549.2369	153.9875	0
155	17	647.8749	133.8943	0
155	18	707.4429	124.627	0
155	19	288.5176	183.3172	0
155	20	485.4593	168.3689	0
155	21	-92.16257	189.7614	0
155	22	-7.380126	198.752	0
155	23	520.588	141.9924	0
155	24	718.8106	130.3541	0
155	25	334.5589	176.4991	0
155	26	687.7228	146.0881	0
155	27	759.6891	155.3293	0
155	28	21.95073	168.6201	0
155	29	683.2858	125.1791	0
155	30	644.5464	123.3432	0
155	31	188.757	195.7346	0
155	32	736.2595	120.9507	0
155	33	760.3516	126.453	0
155	34	353.641	138.3179	0
155	35	-181.1257	257.4836	0
155	36	337.6688	154.7039	0
155	37	459.952	144.3667	0
155	38	237.3467	226.0197	0
155	39	676.7133	128.4026	0
155	40	813.6556	133.3163	0
155	41	408.5709	150.899	0
155	42	356.1586	155.0086	0
155	43	477.7544	155.5792	0
156	1	412.203	150.269	0
156	2	755.7823	145.5194	0
156	3	411.7044	134.5055	0
156	4	507.4551	135.0521	0
156	5	140.767	191.5556	0
156	6	576.6526	155.0241	0
156	7	402.4533	154.7168	0
156	8	394.3081	181.4426	0
156	9	784.7375	148.2344	0
156	10	247.5027	177.3657	0
156	11	773.4163	125.3302	0
156	12	698.7537	119.3391	0
156	13	456.2376	133.1691	0
156	14	700.3513	146.2089	0
156	15	735.9073	124.0814	0
156	16	549.2432	153.9892	0
156	17	647.8584	133.8875	0
156	18	707.4532	124.6287	0
156	19	288.5137	183.3185	0
156	20	485.4532	168.3813	0
156	21	-92.15426	189.7618	0
156	22	-7.426014	198.7649	0
156	23	520.59	141.996	0
156	24	718.8079	130.3527	0
156	25	334.6349	176.4754	0
156	26	687.7342	146.0935	0
156	27	759.6226	155.3192	0
156	28	21.9469	168.6215	0
156	29	683.2877	125.1785	0
156	30	644.5607	123.3412	0
156	31	188.785	195.7349	0
156	32	736.2502	120.9479	0
156	33	760.3693	126.4591	0
156	34	353.6201	138.3303	0
156	35	-181.0655	257.4461	0
156	36	337.631	154.7087	0
156	37	459.9294	144.3591	0
156	38	237.3701	226.0203	0
156	39	676.699	128.3976	0
156	40	813.6541	133.3146	0
156	41	408.5709	150.8857	0
156	42	356.2229	155.0002	0
156	43	477.7413	155.5798	0
157	1	412.2134	150.2693	0
157	2	755.733	145.5069	0
157	3	411.6931	134.504	0
157	4	507.4588	135.047	0
157	5	140.7898	191.5517	0
157	6	576.6616	155.0206	0
157	7	402.4355	154.7295	0
157	8	394.2885	181.4142	0
157	9	784.6874	148.2223	0
157	10	247.5054	177.3673	0
157	11	773.3814	125.3236	0
157	12	698.759	119.3403	0
157	13	456.2372	133.1796	0
157	14	700.3571	146.2105	0
157	15	735.9535	124.098	0
157	16	549.2463	153.9923	0
157	17	647.8283	133.8777	0
157	18	707.465	124.6294	0
157	19	288.5132	183.3216	0
157	20	485.4468	168.3993	0
157	21	-92.13644	189.7615	0
157	22	-7.507936	198.7867	0
157	23	520.5887	142.0022	0
157	24	718.8405	130.3532	0
157	25	334.6926	176.452	0
157	26	687.7489	146.1031	0
157	27	759.5685	155.3115	0
157	28	21.95021	168.6227	0
157	29	683.291	125.1778	0
157	30	644.5688	123.3383	0
157	31	188.7927	195.7399	0
157	32	736.2361	120.9452	0
157	33	760.397	126.4668	0
157	34	353.6004	138.3424	0
157	35	-181.0288	257.4106	0
157	36	337.6143	154.7074	0
157	37	459.9035	144.3515	0
157	38	237.3934	226.0214	0
157	39	676.6842	128.3925	0
157	40	813.6534	133.3133	0
157	41	408.5577	150.87	0
157	42	356.2824	154.989	0
157	43	477.7501	155.578	0
158	1	412.2225	150.2675	0
158	2	755.681	145.4947	0
158	3	411.6904	134.505	0
158	4	507.4617	135.0418	0
158	5	140.8141	191.547	0
158	6	576.6702	155.0169	0
158	7	402.4174	154.7464	0
158	8	394.2726	181.3875	0
158	9	784.6373	148.21	0
158	10	247.5137	177.3689	0
158	11	773.3448	125.3178	0
158	12	698.7641	119.3422	0
158	13	456.2341	133.1924	0
158	14	700.3637	146.2135	0
158	15	735.987	124.1107	0
158	16	549.2479	153.9981	0
158	17	647.7897	133.8665	0
158	18	707.4784	124.63	0
158	19	288.5127	183.3253	0
158	20	485.4451	168.4218	0
158	21	-92.11917	189.7616	0
158	22	-7.611805	198.816	0
158	23	520.587	142.0117	0
158	24	718.8656	130.3527	0
158	25	334.7412	176.4293	0
158	26	687.7725	146.1162	0
158	27	759.5293	155.3055	0
158	28	21.95446	168.6245	0
158	29	683.2941	125.1772	0
158	30	644.5699	123.3343	0
158	31	188.7717	195.7511	0
158	32	736.2205	120.9421	0
158	33	760.433	126.4748	0
158	34	353.5775	138.3583	0
158	35	-181.0067	257.3775	0
158	36	337.6489	154.7065	0
158	37	459.8706	144.3442	0
158	38	237.4191	226.0181	0
158	39	676.6611	128.3861	0
158	40	813.655	133.3119	0
158	41	408.5424	150.8541	0
158	42	356.334	154.9742	0
158	43	477.7959	155.5779	0
159	1	412.2318	150.2655	0
159	2	755.626	145.4841	0
159	3	411.6908	134.5068	0
159	4	507.4563	135.0357	0
159	5	140.8382	191.5432	0
159	6	576.6796	155.014	0
159	7	402.401	154.7659	0
159	8	394.2505	181.3616	0
159	9	784.5895	148.1986	0
159	10	247.5214	177.3711	0
159	11	773.308	125.3132	0
159	12	698.7719	119.3447	0
159	13	456.2275	133.2064	0
159	14	700.3735	146.2185	0
159	15	736.0056	124.1162	0
159	16	549.2482	154.0073	0
159	17	647.7534	133.8555	0
159	18	707.491	124.6311	0
159	19	288.5105	183.33	0
159	20	485.4477	168.4441	0
159	21	-92.10065	189.7624	0
159	22	-7.733443	198.8503	0
159	23	520.5904	142.0235	0
159	24	718.8802	130.3503	0
159	25	334.7745	176.4066	0
159	26	687.8075	146.132	0
159	27	759.5074	155.3026	0
159	28	21.95812	168.6255	0
159	29	683.2979	125.1774	0
159	30	644.5641	123.3309	0
159	31	188.7208	195.7717	0
159	32	736.1975	120.9374	0
159	33	760.4763	126.4838	0
159	34	353.5493	138.3762	0
159	35	-180.9963	257.3505	0
159	36	337.7097	154.7057	0
159	37	459.8367	144.337	0
159	38	237.4477	226.0097	0
159	39	676.6271	128.3772	0
159	40	813.6555	133.3106	0
159	41	408.5293	150.8393	0
159	42	356.3702	154.9608	0
159	43	477.8385	155.5757	0
160	1	412.2414	150.2641	0
160	2	755.5729	145.4756	0
160	3	411.6913	134.5089	0
160	4	507.441	135.0273	0
160	5	140.866	191.5391	0
160	6	576.6928	155.0108	0
160	7	402.3877	154.7867	0
160	8	394.2238	181.3391	0
160	9	784.5392	148.1876	0
160	10	247.5283	177.3723	0
160	11	773.2728	125.3089	0
160	12	698.782	119.3492	0
160	13	456.2159	133.2209	0
160	14	700.3875	146.2267	0
160	15	736.0101	124.1175	0
160	16	549.2536	154.0194	0
160	17	647.7167	133.8451	0
160	18	707.5024	124.6317	0
160	19	288.5049	183.3352	0
160	20	485.4533	168.4712	0
160	21	-92.07194	189.7597	0
160	22	-7.863292	198.8858	0
160	23	520.5983	142.0359	0
160	24	718.8858	130.3468	0
160	25	334.7803	176.3781	0
160	26	687.8503	146.147	0
160	27	759.5018	155.3033	0
160	28	21.96108	168.6262	0
160	29	683.3026	125.1781	0
160	30	644.5547	123.3271	0
160	31	188.6499	195.8018	0
160	32	736.1699	120.9317	0
160	33	760.5219	126.4951	0
160	34	353.5149	138.3958	0
160	35	-181.002	257.3312	0
160	36	337.7695	154.7018	0
160	37	459.8067	144.3307	0
160	38	237.4768	226.0016	0
160	39	676.5897	128.3675	0
160	40	813.6582	133.3107	0
160	41	408.5119	150.8251	0
160	42	356.403	154.9474	0
160	43	477.8741	155.5705	0
161	1	412.2532	150.2624	0
161	2	755.5199	145.4672	0
161	3	411.6917	134.5114	0
161	4	507.422	135.0182	0
161	5	140.8987	191.5348	0
161	6	576.7072	155.0081	0
161	7	402.371	154.8122	0
161	8	394.1942	181.3199	0
161	9	784.4863	148.1783	0
161	10	247.5342	177.3729	0
161	11	773.2352	125.305	0
161	12	698.798	119.3555	0
161	13	456.1972	133.2324	0
161	14	700.4099	146.2373	0
161	15	736.0003	124.1161	0
161	16	549.2638	154.0327	0
161	17	647.6773	133.8356	0
161	18	707.5135	124.632	0
161	19	288.4983	183.3405	0
161	20	485.4551	168.5028	0
161	21	-92.0363	189.755	0
161	22	-8.012104	198.9294	0
161	23	520.6094	142.0504	0
161	24	718.8824	130.3419	0
161	25	334.7689	176.3471	0
161	26	687.9006	146.1662	0
161	27	759.5062	155.3055	0
161	28	21.96352	168.6259	0
161	29	683.3067	125.1794	0
161	30	644.5408	123.3227	0
161	31	188.5672	195.8398	0
161	32	736.1442	120.9263	0
161	33	760.5657	126.5078	0
161	34	353.4732	138.4138	0
161	35	-181.01	257.32	0
161	36	337.8262	154.6949	0
161	37	459.782	144.3258	0
161	38	237.507	225.9945	0
161	39	676.5557	128.3587	0
161	40	813.6639	133.3117	0
161	41	408.4914	150.8133	0
161	42	356.4201	154.933	0
161	43	477.9041	155.5633	0
162	1	412.2664	150.261	0
162	2	755.462	145.4594	0
162	3	411.6906	134.5139	0
162	4	507.4059	135.0099	0
162	5	140.9243	191.5331	0
162	6	576.7206	155.0078	0
162	7	402.348	154.8405	0
162	8	394.1576	181.3012	0
162	9	784.4368	148.1707	0
162	10	247.5401	177.3727	0
162	11	773.1946	125.3009	0
162	12	698.8228	119.363	0
162	13	456.1755	133.2378	0
162	14	700.4394	146.2485	0
162	15	736.0215	124.1158	0
162	16	549.2787	154.0475	0
162	17	647.6367	133.8279	0
162	18	707.525	124.6313	0
162	19	288.4953	183.3451	0
162	20	485.4508	168.537	0
162	21	-92.00052	189.7505	0
162	22	-8.175499	198.9775	0
162	23	520.6185	142.0677	0
162	24	718.8707	130.3363	0
162	25	334.7624	176.3177	0
162	26	687.9498	146.1884	0
162	27	759.5125	155.3083	0
162	28	21.96658	168.6258	0
162	29	683.3116	125.1813	0
162	30	644.5175	123.3163	0
162	31	188.4795	195.879	0
162	32	736.1179	120.9211	0
162	33	760.6062	126.521	0
162	34	353.4274	138.4249	0
162	35	-181.0174	257.3185	0
162	36	337.8792	154.6854	0
162	37	459.7658	144.3226	0
162	38	237.5452	225.9857	0
162	39	676.5196	128.3501	0
162	40	813.671	133.3138	0
162	41	408.4691	150.8032	0
162	42	356.4175	154.9142	0
162	43	477.9272	155.5537	0
163	1	412.2774	150.2609	0
163	2	755.4021	145.4516	0
163	3	411.6897	134.5161	0
163	4	507.3877	135.0018	0
163	5	140.9439	191.5335	0
163	6	576.7329	155.0094	0
163	7	402.3171	154.8711	0
163	8	394.109	181.2834	0
163	9	784.3855	148.163	0
163	10	247.5467	177.3729	0
163	11	773.1575	125.2967	0
163	12	698.8549	119.3704	0
163	13	456.1587	133.2395	0
163	14	700.4756	146.2607	0
163	15	736.0606	124.1161	0
163	16	549.2933	154.0655	0
163	17	647.5969	133.8211	0
163	18	707.5374	124.6303	0
163	19	288.4978	183.348	0
163	20	485.4376	168.5718	0
163	21	-91.96468	189.7466	0
163	22	-8.352282	199.0287	0
163	23	520.6237	142.0868	0
163	24	718.8519	130.3317	0
163	25	334.7538	176.2889	0
163	26	687.995	146.2126	0
163	27	759.521	155.3115	0
163	28	21.97253	168.6259	0
163	29	683.3184	125.1846	0
163	30	644.4899	123.3089	0
163	31	188.3827	195.9255	0
163	32	736.0903	120.9165	0
163	33	760.6373	126.5318	0
163	34	353.3897	138.4294	0
163	35	-181.0257	257.3231	0
163	36	337.9261	154.6729	0
163	37	459.7588	144.3223	0
163	38	237.5816	225.9795	0
163	39	676.4808	128.3428	0
163	40	813.6838	133.3172	0
163	41	408.4418	150.7932	0
163	42	356.4048	154.8941	0
163	43	477.9409	155.5438	0
164	1	412.2865	150.2618	0
164	2	755.3493	145.4442	0
164	3	411.6911	134.5181	0
164	4	507.3671	134.9949	0
164	5	140.9472	191.537	0
164	6	576.7405	155.0136	0
164	7	402.2764	154.8994	0
164	8	394.057	181.2663	0
164	9	784.3295	148.1557	0
164	10	247.557	177.3732	0
164	11	773.1277	125.2934	0
164	12	698.8921	119.3796	0
164	13	456.1483	133.2386	0
164	14	700.515	146.276	0
164	15	736.0885	124.1147	0
164	16	549.3048	154.0852	0
164	17	647.5538	133.8146	0
164	18	707.5514	124.6299	0
164	19	288.5072	183.35	0
164	20	485.4123	168.5995	0
164	21	-91.91954	189.7418	0
164	22	-8.538371	199.0775	0
164	23	520.6229	142.1065	0
164	24	718.833	130.3267	0
164	25	334.739	176.2625	0
164	26	688.0318	146.2361	0
164	27	759.5309	155.3152	0
164	28	21.98477	168.6257	0
164	29	683.3285	125.1895	0
164	30	644.465	123.3022	0
164	31	188.2714	195.9795	0
164	32	736.0624	120.9129	0
164	33	760.6565	126.537	0
164	34	353.3683	138.4301	0
164	35	-181.0369	257.33	0
164	36	337.9601	154.6616	0
164	37	459.7589	144.3236	0
164	38	237.6119	225.977	0
164	39	676.4429	128.3371	0
164	40	813.7038	133.3229	0
164	41	408.4061	150.7837	0
164	42	356.3973	154.8753	0
164	43	477.9481	155.5346	0
165	1	412.2898	150.264	0
165	2	755.308	145.4384	0
165	3	411.6956	134.519	0
165	4	507.346	134.9895	0
165	5	140.9294	191.5449	0
165	6	576.747	155.021	0
165	7	402.228	154.9181	0
165	8	394.01	181.252	0
165	9	784.2748	148.1484	0
165	10	247.5718	177.3731	0
165	11	773.106	125.2908	0
165	12	698.9288	119.3906	0
165	13	456.1686	133.2382	0
165	14	700.5526	146.2929	0
165	15	736.1009	124.1116	0
165	16	549.3113	154.1063	0
165	17	647.5053	133.808	0
165	18	707.5646	124.6298	0
165	19	288.5178	183.3526	0
165	20	485.382	168.6151	0
165	21	-91.88072	189.7393	0
165	22	-8.716199	199.1129	0
165	23	520.6129	142.1224	0
165	24	718.8035	130.3196	0
165	25	334.7184	176.2404	0
165	26	688.0535	146.2525	0
165	27	759.5432	155.3186	0
165	28	21.99677	168.6257	0
165	29	683.3446	125.1955	0
165	30	644.4386	123.2956	0
165	31	188.1481	196.0374	0
165	32	736.0354	120.9096	0
165	33	760.6629	126.5383	0
165	34	353.3674	138.4276	0
165	35	-181.0545	257.3385	0
165	36	337.9908	154.6502	0
165	37	459.7607	144.3255	0
165	38	237.6293	225.9791	0
165	39	676.4046	128.3315	0
165	40	813.7338	133.3317	0
165	41	408.3687	150.7743	0
165	42	356.3864	154.8569	0
165	43	477.9504	155.5252	0
166	1	412.2871	150.2679	0
166	2	755.2797	145.4343	0
166	3	411.7042	134.5199	0
166	4	507.3236	134.984	0
166	5	140.8879	191.5591	0
166	6	576.7507	155.0343	0
166	7	402.1857	154.9265	0
166	8	393.9706	181.2412	0
166	9	784.2285	148.1422	0
166	10	247.5865	177.3733	0
166	11	773.0942	125.2894	0
166	12	698.9628	119.4029	0
166	13	456.2061	133.2382	0
166	14	700.5863	146.3109	0
166	15	736.1019	124.107	0
166	16	549.3098	154.1249	0
166	17	647.4594	133.8013	0
166	18	707.5798	124.6297	0
166	19	288.527	183.3541	0
166	20	485.3583	168.6214	0
166	21	-91.8511	189.739	0
166	22	-8.847641	199.1322	0
166	23	520.5965	142.1306	0
166	24	718.7666	130.3109	0
166	25	334.6939	176.22	0
166	26	688.0604	146.2602	0
166	27	759.5567	155.3218	0
166	28	22.00971	168.6262	0
166	29	683.3649	125.2012	0
166	30	644.4105	123.2899	0
166	31	188.0106	196.0966	0
166	32	736.0065	120.9065	0
166	33	760.6577	126.5377	0
166	34	353.4178	138.4283	0
166	35	-181.0831	257.3499	0
166	36	338.0085	154.6382	0
166	37	459.7622	144.3277	0
166	38	237.6226	225.9883	0
166	39	676.3618	128.3261	0
166	40	813.7776	133.3425	0
166	41	408.3351	150.7663	0
166	42	356.3709	154.8407	0
166	43	477.9384	155.5129	0
167	1	412.2777	150.2749	0
167	2	755.2662	145.433	0
167	3	411.7131	134.5213	0
167	4	507.2964	134.9789	0
167	5	140.8313	191.5796	0
167	6	576.76	155.0527	0
167	7	402.1616	154.9286	0
167	8	393.9442	181.2347	0
167	9	784.1935	148.1372	0
167	10	247.601	177.3742	0
167	11	773.0914	125.2899	0
167	12	698.9914	119.415	0
167	13	456.2407	133.2368	0
167	14	700.6112	146.3268	0
167	15	736.0904	124.1003	0
167	16	549.3001	154.1364	0
167	17	647.421	133.7961	0
167	18	707.5922	124.6302	0
167	19	288.5354	183.3555	0
167	20	485.3391	168.6189	0
167	21	-91.83916	189.7415	0
167	22	-8.91055	199.1383	0
167	23	520.5815	142.1336	0
167	24	718.7311	130.3023	0
167	25	334.6588	176.201	0
167	26	688.0573	146.2625	0
167	27	759.571	155.324	0
167	28	22.02653	168.6252	0
167	29	683.3897	125.2081	0
167	30	644.3821	123.2855	0
167	31	187.8651	196.146	0
167	32	735.975	120.9033	0
167	33	760.6674	126.537	0
167	34	353.469	138.4275	0
167	35	-181.1228	257.3619	0
167	36	338.0092	154.6223	0
167	37	459.7636	144.3303	0
167	38	237.5922	226.0071	0
167	39	676.3169	128.3207	0
167	40	813.8307	133.3529	0
167	41	408.3073	150.7602	0
167	42	356.3517	154.8274	0
167	43	477.9174	155.499	0
168	1	412.2667	150.2846	0
168	2	755.2653	145.4341	0
168	3	411.7211	134.522	0
168	4	507.2666	134.9738	0
168	5	140.7654	191.6051	0
168	6	576.7799	155.0751	0
168	7	402.1614	154.9253	0
168	8	393.9322	181.2341	0
168	9	784.1714	148.134	0
168	10	247.6174	177.3723	0
168	11	773.0944	125.2909	0
168	12	699.0097	119.423	0
168	13	456.2701	133.2337	0
168	14	700.6248	146.3361	0
168	15	736.0677	124.0946	0
168	16	549.2878	154.1413	0
168	17	647.3925	133.7919	0
168	18	707.6008	124.6303	0
168	19	288.5431	183.3556	0
168	20	485.3829	168.618	0
168	21	-91.86041	189.748	0
168	22	-8.902488	199.1323	0
168	23	520.5697	142.1326	0
168	24	718.6964	130.2943	0
168	25	334.61	176.1821	0
168	26	688.0358	146.2589	0
168	27	759.5869	155.3253	0
168	28	22.04791	168.6225	0
168	29	683.4151	125.2166	0
168	30	644.3537	123.2813	0
168	31	187.736	196.1765	0
168	32	735.9457	120.9	0
168	33	760.6979	126.5373	0
168	34	353.5173	138.4239	0
168	35	-181.1625	257.375	0
168	36	338.0008	154.6052	0
168	37	459.7639	144.3325	0
168	38	237.5377	226.0381	0
168	39	676.2773	128.3155	0
168	40	813.894	133.3654	0
168	41	408.2889	150.7564	0
168	42	356.3292	154.8147	0
168	43	477.8984	155.4856	0
169	1	412.2667	150.2846	0
169	2	755.2653	145.4341	0
169	3	411.7211	134.522	0
169	4	507.2666	134.9738	0
169	5	140.7654	191.6051	0
169	6	576.7799	155.0751	0
169	7	402.1614	154.9253	0
169	8	393.9322	181.2341	0
169	9	784.1714	148.134	0
169	10	247.6174	177.3723	0
169	11	773.0944	125.2909	0
169	12	699.0097	119.423	0
169	13	456.2701	133.2337	0
169	14	700.6248	146.3361	0
169	15	736.0677	124.0946	0
169	16	549.2878	154.1413	0
169	17	647.3925	133.7919	0
169	18	707.6008	124.6303	0
169	19	288.5431	183.3556	0
169	20	485.3829	168.618	0
169	21	-91.86041	189.748	0
169	22	-8.902488	199.1323	0
169	23	520.5697	142.1326	0
169	24	718.6964	130.2943	0
169	25	334.61	176.1821	0
169	26	688.0358	146.2589	0
169	27	759.5869	155.3253	0
169	28	22.04791	168.6225	0
169	29	683.4151	125.2166	0
169	30	644.3537	123.2813	0
169	31	187.736	196.1765	0
169	32	735.9457	120.9	0
169	33	760.6979	126.5373	0
169	34	353.5173	138.4239	0
169	35	-181.1625	257.375	0
169	36	338.0008	154.6052	0
169	37	459.7639	144.3325	0
169	38	237.5377	226.0381	0
169	39	676.2773	128.3155	0
169	40	813.894	133.3654	0
169	41	408.2889	150.7564	0
169	42	356.3292	154.8147	0
169	43	477.8984	155.4856	0
