64	1	374.2684	189.5568	0
64	2	640.2452	199.2053	0
64	3	376.2241	174.7045	0
64	4	464.2726	143.7881	0
64	5	179.6873	296.7238	0
64	6	469.9037	260.2458	0
64	7	356.9845	246.3006	0
64	8	684.4542	160.5407	0
64	9	336.4455	302.4749	0
64	10	665.2098	201.0894	0
64	11	245.5323	263.4664	0
64	12	717.951	118.8472	0
64	13	646.0341	119.2841	0
64	14	419.8883	149.545	0
64	15	606.9731	183.2977	0
64	16	656.8093	148.6843	0
64	17	473.4739	205.5357	0
64	18	571.3187	168.2448	0
64	19	630.3413	154.1901	0
64	20	275.266	290.4196	0
64	21	406.931	272.8542	0
64	22	38.91385	287.4863	0
64	23	96.8641	314.925	0
64	24	460.0511	190.049	0
64	25	648.4464	143.4853	0
64	26	301.3042	305.5449	0
64	27	577.5769	217.5825	0
64	28	614.9397	241.7239	0
64	29	90.48981	234.2154	0
64	30	641.4202	102.7892	0
64	31	601.7367	111.0574	0
64	32	211.0465	324.6487	0
64	33	703.598	86.6965	0
64	34	691.2733	136.5758	0
64	35	329.5956	181.8801	0
64	36	47.76756	398.8771	0
64	37	312.1395	230.0659	0
64	38	410.2695	187.4147	0
64	39	245.7641	365.4207	0
64	40	610.9708	141.006	0
64	41	706.5497	176.9799	0
64	42	363.1704	218.238	0
64	43	325.2878	250.9977	0
64	44	417.4808	214.3776	0
65	1	374.2785	189.5571	0
65	2	640.2532	199.2089	0
65	3	376.2197	174.6758	0
65	4	464.2639	143.7844	0
65	5	179.6763	296.7231	0
65	6	469.8897	260.2551	0
65	7	356.9644	246.3541	0
65	8	684.4611	160.5433	0
65	9	336.4219	302.53	0
65	10	665.2113	201.0925	0
65	11	245.5502	263.4554	0
65	12	717.9626	118.8308	0
65	13	646.0418	119.2846	0
65	14	419.8802	149.5241	0
65	15	606.9752	183.304	0
65	16	656.8152	148.6766	0
65	17	473.4728	205.5292	0
65	18	571.3196	168.2947	0
65	19	630.3234	154.1592	0
65	20	275.3109	290.4149	0
65	21	406.9401	272.8545	0
65	22	38.93781	287.4737	0
65	23	96.8679	314.9292	0
65	24	460.0562	190.0512	0
65	25	648.439	143.4933	0
65	26	301.2766	305.5958	0
65	27	577.5807	217.586	0
65	28	614.9386	241.7549	0
65	29	90.49113	234.1926	0
65	30	641.4217	102.7973	0
65	31	601.7271	111.0684	0
65	32	210.9962	324.7448	0
65	33	703.5788	86.68192	0
65	34	691.2811	136.6164	0
65	35	329.5779	181.9182	0
65	36	47.82316	398.8177	0
65	37	312.1398	230.0338	0
65	38	410.2764	187.4172	0
65	39	245.7763	365.4166	0
65	40	610.9398	140.9848	0
65	41	706.5574	176.9803	0
65	42	363.1707	218.243	0
65	43	325.3162	250.9664	0
65	44	417.481	214.3823	0
66	1	374.2883	189.5551	0
66	2	640.2608	199.2123	0
66	3	376.213	174.6483	0
66	4	464.2617	143.7849	0
66	5	179.7058	296.7191	0
66	6	469.899	260.2488	0
66	7	356.9408	246.41	0
66	8	684.4681	160.5453	0
66	9	336.3972	302.5928	0
66	10	665.2131	201.0963	0
66	11	245.5666	263.4471	0
66	12	717.9689	118.8109	0
66	13	646.0475	119.282	0
66	14	419.871	149.506	0
66	15	606.9765	183.3119	0
66	16	656.8212	148.6693	0
66	17	473.5128	205.5261	0
66	18	571.3171	168.3479	0
66	19	630.303	154.1288	0
66	20	275.358	290.4009	0
66	21	406.9496	272.8553	0
66	22	38.96023	287.4636	0
66	23	96.87276	314.9337	0
66	24	460.0617	190.0532	0
66	25	648.4333	143.4889	0
66	26	301.2461	305.6611	0
66	27	577.5807	217.598	0
66	28	614.9402	241.7932	0
66	29	90.48782	234.1711	0
66	30	641.4207	102.8126	0
66	31	601.7191	111.0662	0
66	32	210.9381	324.8492	0
66	33	703.5573	86.66806	0
66	34	691.2853	136.6583	0
66	35	329.5574	181.9627	0
66	36	47.87652	398.7589	0
66	37	312.1373	230.0023	0
66	38	410.2857	187.4178	0
66	39	245.7896	365.4052	0
66	40	610.9088	140.9652	0
66	41	706.5626	176.9763	0
66	42	363.1701	218.25	0
66	43	325.3369	250.9355	0
66	44	417.4807	214.3889	0
67	1	374.2981	189.5476	0
67	2	640.2682	199.2153	0
67	3	376.2043	174.6233	0
67	4	464.2623	143.788	0
67	5	179.7507	296.7103	0
67	6	469.9425	260.2433	0
67	7	356.9123	246.4671	0
67	8	684.4759	160.5473	0
67	9	336.3719	302.6644	0
67	10	665.2152	201.1016	0
67	11	245.5805	263.4428	0
67	12	717.969	118.7914	0
67	13	646.0519	119.2768	0
67	14	419.8596	149.4887	0
67	15	606.9785	183.3211	0
67	16	656.8289	148.6627	0
67	17	473.552	205.5155	0
67	18	571.3104	168.4033	0
67	19	630.28	154.0999	0
67	20	275.4042	290.376	0
67	21	406.9587	272.8553	0
67	22	38.97852	287.458	0
67	23	96.88201	314.936	0
67	24	460.0683	190.0555	0
67	25	648.4613	143.4877	0
67	26	301.2149	305.7324	0
67	27	577.5768	217.6202	0
67	28	614.9445	241.8343	0
67	29	90.4791	234.1508	0
67	30	641.4198	102.8351	0
67	31	601.7432	111.0649	0
67	32	210.8731	324.9577	0
67	33	703.532	86.65475	0
67	34	691.284	136.697	0
67	35	329.5334	182.0101	0
67	36	47.91503	398.7028	0
67	37	312.1328	229.9721	0
67	38	410.296	187.4185	0
67	39	245.8035	365.3937	0
67	40	610.8818	140.9496	0
67	41	706.5663	176.9703	0
67	42	363.1676	218.2586	0
67	43	325.3568	250.9041	0
67	44	417.479	214.3965	0
68	1	374.3081	189.5402	0
68	2	640.2766	199.2183	0
68	3	376.1936	174.6007	0
68	4	464.2631	143.7917	0
68	5	179.7971	296.6925	0
68	6	469.9849	260.2289	0
68	7	356.8791	246.5188	0
68	8	684.4846	160.5495	0
68	9	336.3419	302.7453	0
68	10	665.2169	201.1082	0
68	11	245.5882	263.4435	0
68	12	717.966	118.7709	0
68	13	646.0563	119.2719	0
68	14	419.8441	149.4726	0
68	15	606.9818	183.3294	0
68	16	656.8376	148.654	0
68	17	473.5876	205.4963	0
68	18	571.2975	168.4558	0
68	19	630.2563	154.0745	0
68	20	275.4493	290.3427	0
68	21	406.9674	272.8519	0
68	22	38.98851	287.4576	0
68	23	96.8945	314.9365	0
68	24	460.0766	190.0563	0
68	25	648.4868	143.4816	0
68	26	301.1812	305.8156	0
68	27	577.5725	217.6518	0
68	28	614.9494	241.8828	0
68	29	90.46945	234.1329	0
68	30	641.4223	102.8639	0
68	31	601.7717	111.0603	0
68	32	210.7997	325.0665	0
68	33	703.5081	86.64249	0
68	34	691.2782	136.7262	0
68	35	329.5051	182.0595	0
68	36	47.93836	398.6447	0
68	37	312.1263	229.9458	0
68	38	410.3059	187.4184	0
68	39	245.8176	365.3832	0
68	40	610.8604	140.9388	0
68	41	706.5704	176.9646	0
68	42	363.165	218.2688	0
68	43	325.3673	250.8732	0
68	44	417.4783	214.405	0
69	1	374.3185	189.5334	0
69	2	640.2857	199.2215	0
69	3	376.179	174.5794	0
69	4	464.2637	143.7968	0
69	5	179.8445	296.6648	0
69	6	470.0228	260.2036	0
69	7	356.8466	246.5573	0
69	8	684.494	160.5502	0
69	9	336.3071	302.83	0
69	10	665.2195	201.1159	0
69	11	245.5843	263.4539	0
69	12	717.9591	118.7511	0
69	13	646.0618	119.2675	0
69	14	419.8261	149.4575	0
69	15	606.9874	183.3356	0
69	16	656.8459	148.6479	0
69	17	473.6198	205.4703	0
69	18	571.28	168.4973	0
69	19	630.2308	154.0507	0
69	20	275.4922	290.3016	0
69	21	406.9759	272.8439	0
69	22	38.98215	287.468	0
69	23	96.90707	314.9369	0
69	24	460.0862	190.0569	0
69	25	648.5079	143.47	0
69	26	301.1413	305.9072	0
69	27	577.5708	217.6924	0
69	28	614.9519	241.935	0
69	29	90.45875	234.1203	0
69	30	641.4277	102.8953	0
69	31	601.7964	111.0505	0
69	32	210.7199	325.1622	0
69	33	703.4875	86.633	0
69	34	691.271	136.7423	0
69	35	329.4721	182.1067	0
69	36	47.95316	398.5884	0
69	37	312.1166	229.9209	0
69	38	410.3154	187.4171	0
69	39	245.8351	365.3707	0
69	40	610.8467	140.9326	0
69	41	706.5756	176.9594	0
69	42	363.1647	218.2773	0
69	43	325.3686	250.8409	0
69	44	417.4796	214.4116	0
70	1	374.3317	189.5253	0
70	2	640.2962	199.2228	0
70	3	376.159	174.5592	0
70	4	464.263	143.8032	0
70	5	179.8915	296.6301	0
70	6	470.0567	260.1706	0
70	7	356.824	246.5777	0
70	8	684.5046	160.5508	0
70	9	336.2656	302.9171	0
70	10	665.2231	201.1226	0
70	11	245.5694	263.476	0
70	12	717.9444	118.7296	0
70	13	646.0682	119.2618	0
70	14	419.8095	149.4446	0
70	15	606.9959	183.3398	0
70	16	656.8549	148.6448	0
70	17	473.6476	205.4384	0
70	18	571.2636	168.5221	0
70	19	630.2006	154.0283	0
70	20	275.5279	290.258	0
70	21	406.9847	272.8361	0
70	22	38.95943	287.4917	0
70	23	96.92024	314.9364	0
70	24	460.0952	190.0569	0
70	25	648.5248	143.4539	0
70	26	301.0955	306.0027	0
70	27	577.5718	217.7364	0
70	28	614.951	241.9895	0
70	29	90.44951	234.1119	0
70	30	641.4355	102.9318	0
70	31	601.8167	111.0357	0
70	32	210.6494	325.23	0
70	33	703.4719	86.62637	0
70	34	691.2644	136.7454	0
70	35	329.437	182.1444	0
70	36	47.97178	398.5335	0
70	37	312.1012	229.8974	0
70	38	410.3244	187.4103	0
70	39	245.8529	365.3591	0
70	40	610.8412	140.9316	0
70	41	706.5813	176.9528	0
70	42	363.1676	218.2836	0
70	43	325.366	250.8094	0
70	44	417.4838	214.4161	0
71	1	374.3455	189.5177	0
71	2	640.3082	199.2238	0
71	3	376.1391	174.5409	0
71	4	464.2623	143.8105	0
71	5	179.9354	296.5892	0
71	6	470.0858	260.1298	0
71	7	356.8133	246.579	0
71	8	684.5142	160.5508	0
71	9	336.2174	302.9977	0
71	10	665.2286	201.1275	0
71	11	245.545	263.5106	0
71	12	717.9258	118.7079	0
71	13	646.0744	119.2576	0
71	14	419.795	149.4357	0
71	15	607.0045	183.3436	0
71	16	656.8604	148.6458	0
71	17	473.6686	205.4043	0
71	18	571.2524	168.5296	0
71	19	630.1674	154.0074	0
71	20	275.5569	290.2146	0
71	21	406.9941	272.8289	0
71	22	38.92097	287.5294	0
71	23	96.93669	314.9271	0
71	24	460.1038	190.0562	0
71	25	648.5371	143.434	0
71	26	301.0422	306.099	0
71	27	577.5742	217.7878	0
71	28	614.9452	242.043	0
71	29	90.44337	234.1084	0
71	30	641.4418	102.973	0
71	31	601.8328	111.017	0
71	32	210.6075	325.2633	0
71	33	703.4625	86.62277	0
71	34	691.2729	136.7422	0
71	35	329.4091	182.1673	0
71	36	47.98751	398.4793	0
71	37	312.0827	229.8759	0
71	38	410.3339	187.403	0
71	39	245.8672	365.3526	0
71	40	610.8417	140.9341	0
71	41	706.5869	176.9483	0
71	42	363.1743	218.2879	0
71	43	325.3657	250.7789	0
71	44	417.4904	214.4194	0
72	1	374.3569	189.5136	0
72	2	640.319	199.2242	0
72	3	376.1209	174.5276	0
72	4	464.2632	143.8171	0
72	5	179.9706	296.5489	0
72	6	470.1064	260.0876	0
72	7	356.8318	246.5749	0
72	8	684.5225	160.5501	0
72	9	336.169	303.06	0
72	10	665.236	201.1309	0
72	11	245.5167	263.5564	0
72	12	717.9092	118.6872	0
72	13	646.0809	119.2555	0
72	14	419.7846	149.4301	0
72	15	607.0123	183.3468	0
72	16	656.8625	148.6545	0
72	17	473.6816	205.3699	0
72	18	571.2543	168.5241	0
72	19	630.1374	153.9892	0
72	20	275.5814	290.1736	0
72	21	407.0056	272.8202	0
72	22	38.87437	287.5796	0
72	23	96.95457	314.9152	0
72	24	460.1115	190.0502	0
72	25	648.5442	143.4121	0
72	26	300.9826	306.1842	0
72	27	577.574	217.8448	0
72	28	614.9342	242.0877	0
72	29	90.4412	234.1092	0
72	30	641.4451	103.0164	0
72	31	601.8437	110.995	0
72	32	210.594	325.2581	0
72	33	703.4591	86.62256	0
72	34	691.3007	136.7391	0
72	35	329.3943	182.1749	0
72	36	48.00044	398.4264	0
72	37	312.0652	229.8577	0
72	38	410.3434	187.3964	0
72	39	245.8766	365.3513	0
72	40	610.8435	140.9377	0
72	41	706.5931	176.9462	0
72	42	363.1812	218.2921	0
72	43	325.3629	250.7489	0
72	44	417.4961	214.4229	0
73	1	374.3648	189.5127	0
73	2	640.3287	199.2238	0
73	3	376.1063	174.5185	0
73	4	464.2664	143.822	0
73	5	180.0043	296.5087	0
73	6	470.121	260.0453	0
73	7	356.8671	246.5688	0
73	8	684.5276	160.5441	0
73	9	336.1343	303.0951	0
73	10	665.243	201.134	0
73	11	245.4857	263.6096	0
73	12	717.8913	118.6666	0
73	13	646.085	119.2561	0
73	14	419.7792	149.4285	0
73	15	607.0197	183.35	0
73	16	656.8627	148.6725	0
73	17	473.6927	205.3362	0
73	18	571.2906	168.521	0
73	19	630.1128	153.9767	0
73	20	275.5921	290.1311	0
73	21	407.017	272.8127	0
73	22	38.82104	287.6396	0
73	23	96.97259	314.9042	0
73	24	460.1193	190.0435	0
73	25	648.5445	143.3905	0
73	26	300.9282	306.2454	0
73	27	577.5703	217.9044	0
73	28	614.9219	242.1169	0
73	29	90.43961	234.1125	0
73	30	641.4439	103.0607	0
73	31	601.8471	110.9737	0
73	32	210.6444	325.2534	0
73	33	703.46	86.62436	0
73	34	691.325	136.7313	0
73	35	329.3965	182.1698	0
73	36	48.00922	398.3791	0
73	37	312.0493	229.8455	0
73	38	410.3553	187.3891	0
73	39	245.8754	365.3604	0
73	40	610.8453	140.9424	0
73	41	706.5972	176.9474	0
73	42	363.1873	218.2956	0
73	43	325.3583	250.72	0
73	44	417.5015	214.4258	0
74	1	374.3652	189.5185	0
74	2	640.3351	199.2166	0
74	3	376.0973	174.5143	0
74	4	464.2726	143.8252	0
74	5	180.0268	296.4702	0
74	6	470.1306	260.0055	0
74	7	356.9023	246.5559	0
74	8	684.5327	160.5373	0
74	9	336.1176	303.101	0
74	10	665.2495	201.1367	0
74	11	245.4534	263.6695	0
74	12	717.8716	118.647	0
74	13	646.0865	119.2617	0
74	14	419.7781	149.4299	0
74	15	607.027	183.3528	0
74	16	656.8616	148.7005	0
74	17	473.6917	205.3014	0
74	18	571.3248	168.5115	0
74	19	630.0955	153.9686	0
74	20	275.5929	290.0881	0
74	21	407.0268	272.8087	0
74	22	38.76349	287.7076	0
74	23	96.99234	314.8933	0
74	24	460.1274	190.0373	0
74	25	648.5444	143.3689	0
74	26	300.8936	306.2759	0
74	27	577.5615	217.9646	0
74	28	614.9127	242.1292	0
74	29	90.43793	234.1166	0
74	30	641.4365	103.0997	0
74	31	601.8503	110.9527	0
74	32	210.7091	325.2382	0
74	33	703.4616	86.6268	0
74	34	691.3432	136.7175	0
74	35	329.4304	182.1673	0
74	36	48.01354	398.3349	0
74	37	312.0379	229.838	0
74	38	410.3683	187.3817	0
74	39	245.8632	365.3831	0
74	40	610.847	140.9489	0
74	41	706.5994	176.9547	0
74	42	363.1927	218.2992	0
74	43	325.3518	250.6947	0
74	44	417.5062	214.4285	0
75	1	374.3587	189.5331	0
75	2	640.3413	199.2084	0
75	3	376.0942	174.5146	0
75	4	464.2793	143.8283	0
75	5	180.0375	296.4297	0
75	6	470.1269	259.9637	0
75	7	356.9358	246.5352	0
75	8	684.538	160.5312	0
75	9	336.1366	303.0938	0
75	10	665.2556	201.1393	0
75	11	245.4162	263.7381	0
75	12	717.8513	118.6297	0
75	13	646.0864	119.2733	0
75	14	419.7782	149.4327	0
75	15	607.0351	183.3555	0
75	16	656.8649	148.7372	0
75	17	473.6817	205.2656	0
75	18	571.3538	168.4944	0
75	19	630.0866	153.9659	0
75	20	275.5936	290.0469	0
75	21	407.0331	272.8085	0
75	22	38.69786	287.7851	0
75	23	97.01616	314.8799	0
75	24	460.1372	190.0308	0
75	25	648.5363	143.3466	0
75	26	300.879	306.2726	0
75	27	577.5463	218.0175	0
75	28	614.905	242.1233	0
75	29	90.43504	234.1221	0
75	30	641.4254	103.1272	0
75	31	601.846	110.9315	0
75	32	210.7747	325.2089	0
75	33	703.4634	86.62997	0
75	34	691.3567	136.6996	0
75	35	329.4655	182.1589	0
75	36	48.00941	398.2936	0
75	37	312.0319	229.836	0
75	38	410.3788	187.3776	0
75	39	245.8399	365.4211	0
75	40	610.8483	140.9562	0
75	41	706.6008	176.9692	0
75	42	363.1979	218.3024	0
75	43	325.3426	250.6708	0
75	44	417.5113	214.4311	0
76	1	374.3441	189.5579	0
76	2	640.3476	199.2008	0
76	3	376.0938	174.5178	0
76	4	464.2851	143.8309	0
76	5	180.042	296.3903	0
76	6	470.1145	259.9217	0
76	7	356.9675	246.5092	0
76	8	684.5451	160.5247	0
76	9	336.1858	303.0853	0
76	10	665.2621	201.1417	0
76	11	245.374	263.8103	0
76	12	717.8304	118.6137	0
76	13	646.0852	119.2918	0
76	14	419.7782	149.4362	0
76	15	607.0446	183.3585	0
76	16	656.8727	148.7802	0
76	17	473.6711	205.2311	0
76	18	571.3787	168.4715	0
76	19	630.0852	153.9677	0
76	20	275.5952	290.0059	0
76	21	407.033	272.8158	0
76	22	38.62612	287.8665	0
76	23	97.03553	314.8714	0
76	24	460.1483	190.0237	0
76	25	648.5217	143.3232	0
76	26	300.9189	306.267	0
76	27	577.529	218.055	0
76	28	614.9364	242.1216	0
76	29	90.42992	234.129	0
76	30	641.4153	103.1411	0
76	31	601.8337	110.9087	0
76	32	210.841	325.1654	0
76	33	703.4653	86.63422	0
76	34	691.3648	136.6774	0
76	35	329.4995	182.1438	0
76	36	47.99813	398.2552	0
76	37	312.0305	229.8382	0
76	38	410.3869	187.3766	0
76	39	245.8119	365.4724	0
76	40	610.851	140.9641	0
76	41	706.6025	176.9914	0
76	42	363.2036	218.3057	0
76	43	325.3282	250.6484	0
76	44	417.517	214.434	0
77	1	374.3275	189.5916	0
77	2	640.3562	199.1928	0
77	3	376.0937	174.5217	0
77	4	464.2906	143.8336	0
77	5	180.0495	296.352	0
77	6	470.1039	259.8813	0
77	7	356.9955	246.4782	0
77	8	684.5527	160.5177	0
77	9	336.2357	303.0667	0
77	10	665.269	201.1441	0
77	11	245.3259	263.8852	0
77	12	717.8067	118.5987	0
77	13	646.0867	119.3162	0
77	14	419.7779	149.4408	0
77	15	607.0554	183.3591	0
77	16	656.8845	148.829	0
77	17	473.6615	205.1971	0
77	18	571.3981	168.4434	0
77	19	630.0865	153.9716	0
77	20	275.5937	289.9661	0
77	21	407.0268	272.8325	0
77	22	38.54715	287.951	0
77	23	97.05116	314.8674	0
77	24	460.1574	190.0196	0
77	25	648.5063	143.3005	0
77	26	300.9751	306.2544	0
77	27	577.5157	218.0736	0
77	28	614.9656	242.113	0
77	29	90.42362	234.137	0
77	30	641.4059	103.141	0
77	31	601.8188	110.8861	0
77	32	210.9062	325.1112	0
77	33	703.4675	86.63885	0
77	34	691.3665	136.655	0
77	35	329.5322	182.1235	0
77	36	47.98597	398.2223	0
77	37	312.0301	229.8422	0
77	38	410.3887	187.3814	0
77	39	245.7808	365.5347	0
77	40	610.8553	140.9701	0
77	41	706.608	177.0204	0
77	42	363.2115	218.3089	0
77	43	325.3108	250.6277	0
77	44	417.5248	214.4359	0
