17	1	470.7725	309.0376	0
18	1	470.7725	309.0376	0
18	2	482.9413	85.36395	0
19	1	470.7725	309.0376	0
19	2	482.9413	85.36395	0
19	3	447.9955	309.3748	0
20	1	470.7725	309.0376	0
20	2	482.9413	85.36395	0
20	3	447.9955	309.3748	0
20	4	408.6508	231.5479	0
21	1	470.7725	309.0376	0
21	2	482.9413	85.36395	0
21	3	447.9955	309.3748	0
21	4	408.6508	231.5479	0
21	5	577.7751	433.3645	0
22	1	470.7725	309.0376	0
22	2	482.9413	85.36395	0
22	3	447.9955	309.3748	0
22	4	408.6508	231.5479	0
22	5	577.7751	433.3645	0
22	6	545.6951	226.2784	0
23	1	470.7725	309.0376	0
23	2	482.9413	85.36395	0
23	3	447.9955	309.3748	0
23	4	408.6508	231.5479	0
23	5	577.7751	433.3645	0
23	6	545.6951	226.2784	0
23	7	527.3196	316.4426	0
24	1	470.7725	309.0376	0
24	2	482.9413	85.36395	0
24	3	447.9955	309.3748	0
24	4	408.6508	231.5479	0
24	5	577.7751	433.3645	0
24	6	545.6951	226.2784	0
24	7	527.3196	316.4426	0
24	8	586.287	319.7569	0
25	1	470.7725	309.0376	0
25	2	482.9413	85.36395	0
25	3	447.9955	309.3748	0
25	4	408.6508	231.5479	0
25	5	577.7751	433.3645	0
25	6	545.6951	226.2784	0
25	7	527.3196	316.4426	0
25	8	586.287	319.7569	0
25	9	477.3301	60.70929	0
26	1	470.7725	309.0376	0
26	2	482.9413	85.36395	0
26	3	447.9955	309.3748	0
26	4	408.6508	231.5479	0
26	5	577.7751	433.3645	0
26	6	545.6951	226.2784	0
26	7	527.3196	316.4426	0
26	8	586.287	319.7569	0
26	9	477.3301	60.70929	0
27	1	470.7725	309.0376	0
27	2	482.9413	85.36395	0
27	3	447.9955	309.3748	0
27	4	408.6508	231.5479	0
27	5	577.7751	433.3645	0
27	6	545.6951	226.2784	0
27	7	527.3196	316.4426	0
27	8	586.287	319.7569	0
27	9	477.3301	60.70929	0
27	10	550.6686	394.3221	0
28	1	470.7725	309.0376	0
28	2	482.9413	85.36395	0
28	3	447.9955	309.3748	0
28	4	408.6508	231.5479	0
28	5	577.7751	433.3645	0
28	6	545.6951	226.2784	0
28	7	527.3196	316.4426	0
28	8	586.287	319.7569	0
28	9	477.3301	60.70929	0
28	10	550.6686	394.3221	0
28	11	358.2296	-24.0585	0
29	1	470.7725	309.0376	0
29	2	482.9413	85.36395	0
29	3	447.9955	309.3748	0
29	4	408.6508	231.5479	0
29	5	577.7751	433.3645	0
29	6	545.6951	226.2784	0
29	7	527.3196	316.4426	0
29	8	586.287	319.7569	0
29	9	477.3301	60.70929	0
29	10	550.6686	394.3221	0
29	11	358.2296	-24.0585	0
29	12	362.8194	51.26285	0
30	1	470.7725	309.0376	0
30	2	482.9413	85.36395	0
30	3	447.9955	309.3748	0
30	4	408.6508	231.5479	0
30	5	577.7751	433.3645	0
30	6	545.6951	226.2784	0
30	7	527.3196	316.4426	0
30	8	586.287	319.7569	0
30	9	477.3301	60.70929	0
30	10	550.6686	394.3221	0
30	11	358.2296	-24.0585	0
30	12	362.8194	51.26285	0
30	13	409.876	272.9769	0
31	1	470.7725	309.0376	0
31	2	482.9413	85.36395	0
31	3	447.9955	309.3748	0
31	4	408.6508	231.5479	0
31	5	577.7751	433.3645	0
31	6	545.6951	226.2784	0
31	7	527.3196	316.4426	0
31	8	586.287	319.7569	0
31	9	477.3301	60.70929	0
31	10	550.6686	394.3221	0
31	11	358.2296	-24.0585	0
31	12	362.8194	51.26285	0
31	13	409.876	272.9769	0
31	14	465.5259	107.6294	0
32	1	470.7725	309.0376	0
32	2	482.9413	85.36395	0
32	3	447.9955	309.3748	0
32	4	408.6508	231.5479	0
32	5	577.7751	433.3645	0
32	6	545.6951	226.2784	0
32	7	527.3196	316.4426	0
32	8	586.287	319.7569	0
32	9	477.3301	60.70929	0
32	10	550.6686	394.3221	0
32	11	358.2296	-24.0585	0
32	12	362.8194	51.26285	0
32	13	409.876	272.9769	0
32	14	465.5259	107.6294	0
32	15	420.4011	56.43845	0
33	1	470.7725	309.0376	0
33	2	482.9413	85.36395	0
33	3	447.9955	309.3748	0
33	4	408.6508	231.5479	0
33	5	577.7751	433.3645	0
33	6	545.6951	226.2784	0
33	7	527.3196	316.4426	0
33	8	586.287	319.7569	0
33	9	477.3301	60.70929	0
33	10	550.6686	394.3221	0
33	11	358.2296	-24.0585	0
33	12	362.8194	51.26285	0
33	13	409.876	272.9769	0
33	14	465.5259	107.6294	0
33	15	420.4011	56.43845	0
33	16	488.3173	222.3303	0
34	1	470.7725	309.0376	0
34	2	482.9413	85.36395	0
34	3	447.9955	309.3748	0
34	4	408.6508	231.5479	0
34	5	577.7751	433.3645	0
34	6	545.6951	226.2784	0
34	7	527.3196	316.4426	0
34	8	586.287	319.7569	0
34	9	477.3301	60.70929	0
34	10	550.6686	394.3221	0
34	11	358.2296	-24.0585	0
34	12	362.8194	51.26285	0
34	13	409.876	272.9769	0
34	14	465.5259	107.6294	0
34	15	420.4011	56.43845	0
34	16	488.3173	222.3303	0
34	17	442.1327	136.5703	0
35	1	470.7725	309.0376	0
35	2	482.9413	85.36395	0
35	3	447.9955	309.3748	0
35	4	408.6508	231.5479	0
35	5	577.7751	433.3645	0
35	6	545.6951	226.2784	0
35	7	527.3196	316.4426	0
35	8	586.287	319.7569	0
35	9	477.3301	60.70929	0
35	10	550.6686	394.3221	0
35	11	358.2296	-24.0585	0
35	12	362.8194	51.26285	0
35	13	409.876	272.9769	0
35	14	465.5259	107.6294	0
35	15	420.4011	56.43845	0
35	16	488.3173	222.3303	0
35	17	442.1327	136.5703	0
35	18	424.4019	80.66281	0
36	1	470.7725	309.0376	0
36	2	482.9413	85.36395	0
36	3	447.9955	309.3748	0
36	4	408.6508	231.5479	0
36	5	577.7751	433.3645	0
36	6	545.6951	226.2784	0
36	7	527.3196	316.4426	0
36	8	586.287	319.7569	0
36	9	477.3301	60.70929	0
36	10	550.6686	394.3221	0
36	11	358.2296	-24.0585	0
36	12	362.8194	51.26285	0
36	13	409.876	272.9769	0
36	14	465.5259	107.6294	0
36	15	420.4011	56.43845	0
36	16	488.3173	222.3303	0
36	17	442.1327	136.5703	0
36	18	424.4019	80.66281	0
37	1	470.7725	309.0376	0
37	2	482.9413	85.36395	0
37	3	447.9955	309.3748	0
37	4	408.6508	231.5479	0
37	5	577.7751	433.3645	0
37	6	545.6951	226.2784	0
37	7	527.3196	316.4426	0
37	8	586.287	319.7569	0
37	9	477.3301	60.70929	0
37	10	550.6686	394.3221	0
37	11	358.2296	-24.0585	0
37	12	362.8194	51.26285	0
37	13	409.876	272.9769	0
37	14	465.5259	107.6294	0
37	15	420.4011	56.43845	0
37	16	488.3173	222.3303	0
37	17	442.1327	136.5703	0
37	18	424.4019	80.66281	0
37	19	572.7173	368.4211	0
38	1	470.7725	309.0376	0
38	2	482.9413	85.36395	0
38	3	447.9955	309.3748	0
38	4	408.6508	231.5479	0
38	5	577.7751	433.3645	0
38	6	545.6951	226.2784	0
38	7	527.3196	316.4426	0
38	8	586.287	319.7569	0
38	9	477.3301	60.70929	0
38	10	550.6686	394.3221	0
38	11	358.2296	-24.0585	0
38	12	362.8194	51.26285	0
38	13	409.876	272.9769	0
38	14	465.5259	107.6294	0
38	15	420.4011	56.43845	0
38	16	488.3173	222.3303	0
38	17	442.1327	136.5703	0
38	18	424.4019	80.66281	0
38	19	572.7173	368.4211	0
38	20	552.9063	272.6537	0
39	1	470.7725	309.0376	0
39	2	482.9413	85.36395	0
39	3	447.9955	309.3748	0
39	4	408.6508	231.5479	0
39	5	577.7751	433.3645	0
39	6	545.6951	226.2784	0
39	7	527.3196	316.4426	0
39	8	586.287	319.7569	0
39	9	477.3301	60.70929	0
39	10	550.6686	394.3221	0
39	11	358.2296	-24.0585	0
39	12	362.8194	51.26285	0
39	13	409.876	272.9769	0
39	14	465.5259	107.6294	0
39	15	420.4011	56.43845	0
39	16	488.3173	222.3303	0
39	17	442.1327	136.5703	0
39	18	424.4019	80.66281	0
39	19	572.7173	368.4211	0
39	20	552.9063	272.6537	0
39	21	575.4826	534.4946	0
40	1	470.7725	309.0376	0
40	2	482.9413	85.36395	0
40	3	447.9955	309.3748	0
40	4	408.6508	231.5479	0
40	5	577.7751	433.3645	0
40	6	545.6951	226.2784	0
40	7	527.3196	316.4426	0
40	8	586.287	319.7569	0
40	9	477.3301	60.70929	0
40	10	550.6686	394.3221	0
40	11	358.2296	-24.0585	0
40	12	362.8194	51.26285	0
40	13	409.876	272.9769	0
40	14	465.5259	107.6294	0
40	15	420.4011	56.43845	0
40	16	488.3173	222.3303	0
40	17	442.1327	136.5703	0
40	18	424.4019	80.66281	0
40	19	572.7173	368.4211	0
40	20	552.9063	272.6537	0
40	21	575.4826	534.4946	0
40	22	597.6697	481.1587	0
41	1	470.7725	309.0376	0
41	2	482.9413	85.36395	0
41	3	447.9955	309.3748	0
41	4	408.6508	231.5479	0
41	5	577.7751	433.3645	0
41	6	545.6951	226.2784	0
41	7	527.3196	316.4426	0
41	8	586.287	319.7569	0
41	9	477.3301	60.70929	0
41	10	550.6686	394.3221	0
41	11	358.2296	-24.0585	0
41	12	362.8194	51.26285	0
41	13	409.876	272.9769	0
41	14	465.5259	107.6294	0
41	15	420.4011	56.43845	0
41	16	488.3173	222.3303	0
41	17	442.1327	136.5703	0
41	18	424.4019	80.66281	0
41	19	572.7173	368.4211	0
41	20	552.9063	272.6537	0
41	21	575.4826	534.4946	0
41	22	597.6697	481.1587	0
41	23	465.5857	235.2136	0
42	1	470.7725	309.0376	0
42	2	482.9413	85.36395	0
42	3	447.9955	309.3748	0
42	4	408.6508	231.5479	0
42	5	577.7751	433.3645	0
42	6	545.6951	226.2784	0
42	7	527.3196	316.4426	0
42	8	586.287	319.7569	0
42	9	477.3301	60.70929	0
42	10	550.6686	394.3221	0
42	11	358.2296	-24.0585	0
42	12	362.8194	51.26285	0
42	13	409.876	272.9769	0
42	14	465.5259	107.6294	0
42	15	420.4011	56.43845	0
42	16	488.3173	222.3303	0
42	17	442.1327	136.5703	0
42	18	424.4019	80.66281	0
42	19	572.7173	368.4211	0
42	20	552.9063	272.6537	0
42	21	575.4826	534.4946	0
42	22	597.6697	481.1587	0
42	23	465.5857	235.2136	0
42	24	398.4548	55.685	0
43	1	470.7725	309.0376	0
43	2	482.9413	85.36395	0
43	3	447.9955	309.3748	0
43	4	408.6508	231.5479	0
43	5	577.7751	433.3645	0
43	6	545.6951	226.2784	0
43	7	527.3196	316.4426	0
43	8	586.287	319.7569	0
43	9	477.3301	60.70929	0
43	10	550.6686	394.3221	0
43	11	358.2296	-24.0585	0
43	12	362.8194	51.26285	0
43	13	409.876	272.9769	0
43	14	465.5259	107.6294	0
43	15	420.4011	56.43845	0
43	16	488.3173	222.3303	0
43	17	442.1327	136.5703	0
43	18	424.4019	80.66281	0
43	19	572.7173	368.4211	0
43	20	552.9063	272.6537	0
43	21	575.4826	534.4946	0
43	22	597.6697	481.1587	0
43	23	465.5857	235.2136	0
43	24	398.4548	55.685	0
43	25	590.5944	343.0068	0
44	1	470.7725	309.0376	0
44	2	482.9413	85.36395	0
44	3	447.9955	309.3748	0
44	4	408.6508	231.5479	0
44	5	577.7751	433.3645	0
44	6	545.6951	226.2784	0
44	7	527.3196	316.4426	0
44	8	586.287	319.7569	0
44	9	477.3301	60.70929	0
44	10	550.6686	394.3221	0
44	11	358.2296	-24.0585	0
44	12	362.8194	51.26285	0
44	13	409.876	272.9769	0
44	14	465.5259	107.6294	0
44	15	420.4011	56.43845	0
44	16	488.3173	222.3303	0
44	17	442.1327	136.5703	0
44	18	424.4019	80.66281	0
44	19	572.7173	368.4211	0
44	20	552.9063	272.6537	0
44	21	575.4826	534.4946	0
44	22	597.6697	481.1587	0
44	23	465.5857	235.2136	0
44	24	398.4548	55.685	0
44	25	590.5944	343.0068	0
44	26	499.6987	140.2021	0
45	1	470.7725	309.0376	0
45	2	482.9413	85.36395	0
45	3	447.9955	309.3748	0
45	4	408.6508	231.5479	0
45	5	577.7751	433.3645	0
45	6	545.6951	226.2784	0
45	7	527.3196	316.4426	0
45	8	586.287	319.7569	0
45	9	477.3301	60.70929	0
45	10	550.6686	394.3221	0
45	11	358.2296	-24.0585	0
45	12	362.8194	51.26285	0
45	13	409.876	272.9769	0
45	14	465.5259	107.6294	0
45	15	420.4011	56.43845	0
45	16	488.3173	222.3303	0
45	17	442.1327	136.5703	0
45	18	424.4019	80.66281	0
45	19	572.7173	368.4211	0
45	20	552.9063	272.6537	0
45	21	575.4826	534.4946	0
45	22	597.6697	481.1587	0
45	23	465.5857	235.2136	0
45	24	398.4548	55.685	0
45	25	590.5944	343.0068	0
45	26	499.6987	140.2021	0
45	27	523.147	112.292	0
46	1	470.7725	309.0376	0
46	2	482.9413	85.36395	0
46	3	447.9955	309.3748	0
46	4	408.6508	231.5479	0
46	5	577.7751	433.3645	0
46	6	545.6951	226.2784	0
46	7	527.3196	316.4426	0
46	8	586.287	319.7569	0
46	9	477.3301	60.70929	0
46	10	550.6686	394.3221	0
46	11	358.2296	-24.0585	0
46	12	362.8194	51.26285	0
46	13	409.876	272.9769	0
46	14	465.5259	107.6294	0
46	15	420.4011	56.43845	0
46	16	488.3173	222.3303	0
46	17	442.1327	136.5703	0
46	18	424.4019	80.66281	0
46	19	572.7173	368.4211	0
46	20	552.9063	272.6537	0
46	21	575.4826	534.4946	0
46	22	597.6697	481.1587	0
46	23	465.5857	235.2136	0
46	24	398.4548	55.685	0
46	25	590.5944	343.0068	0
46	26	499.6987	140.2021	0
46	27	523.147	112.292	0
47	1	470.7725	309.0376	0
47	2	482.9413	85.36395	0
47	3	447.9955	309.3748	0
47	4	408.6508	231.5479	0
47	5	577.7751	433.3645	0
47	6	545.6951	226.2784	0
47	7	527.3196	316.4426	0
47	8	586.287	319.7569	0
47	9	477.3301	60.70929	0
47	10	550.6686	394.3221	0
47	11	358.2296	-24.0585	0
47	12	362.8194	51.26285	0
47	13	409.876	272.9769	0
47	14	465.5259	107.6294	0
47	15	420.4011	56.43845	0
47	16	488.3173	222.3303	0
47	17	442.1327	136.5703	0
47	18	424.4019	80.66281	0
47	19	572.7173	368.4211	0
47	20	552.9063	272.6537	0
47	21	575.4826	534.4946	0
47	22	597.6697	481.1587	0
47	23	465.5857	235.2136	0
47	24	398.4548	55.685	0
47	25	590.5944	343.0068	0
47	26	499.6987	140.2021	0
47	27	523.147	112.292	0
47	28	517.3367	530.9019	0
48	1	470.7725	309.0376	0
48	2	482.9413	85.36395	0
48	3	447.9955	309.3748	0
48	4	408.6508	231.5479	0
48	5	577.7751	433.3645	0
48	6	545.6951	226.2784	0
48	7	527.3196	316.4426	0
48	8	586.287	319.7569	0
48	9	477.3301	60.70929	0
48	10	550.6686	394.3221	0
48	11	358.2296	-24.0585	0
48	12	362.8194	51.26285	0
48	13	409.876	272.9769	0
48	14	465.5259	107.6294	0
48	15	420.4011	56.43845	0
48	16	488.3173	222.3303	0
48	17	442.1327	136.5703	0
48	18	424.4019	80.66281	0
48	19	572.7173	368.4211	0
48	20	552.9063	272.6537	0
48	21	575.4826	534.4946	0
48	22	597.6697	481.1587	0
48	23	465.5857	235.2136	0
48	24	398.4548	55.685	0
48	25	590.5944	343.0068	0
48	26	499.6987	140.2021	0
48	27	523.147	112.292	0
48	28	517.3367	530.9019	0
48	29	341.11	50.66696	0
49	1	470.7725	309.0376	0
49	2	482.9413	85.36395	0
49	3	447.9955	309.3748	0
49	4	408.6508	231.5479	0
49	5	577.7751	433.3645	0
49	6	545.6951	226.2784	0
49	7	527.3196	316.4426	0
49	8	586.287	319.7569	0
49	9	477.3301	60.70929	0
49	10	550.6686	394.3221	0
49	11	358.2296	-24.0585	0
49	12	362.8194	51.26285	0
49	13	409.876	272.9769	0
49	14	465.5259	107.6294	0
49	15	420.4011	56.43845	0
49	16	488.3173	222.3303	0
49	17	442.1327	136.5703	0
49	18	424.4019	80.66281	0
49	19	572.7173	368.4211	0
49	20	552.9063	272.6537	0
49	21	575.4826	534.4946	0
49	22	597.6697	481.1587	0
49	23	465.5857	235.2136	0
49	24	398.4548	55.685	0
49	25	590.5944	343.0068	0
49	26	499.6987	140.2021	0
49	27	523.147	112.292	0
49	28	517.3367	530.9019	0
49	29	341.11	50.66696	0
49	30	348.1246	92.12921	0
50	1	470.7725	309.0376	0
50	2	482.9413	85.36395	0
50	3	447.9955	309.3748	0
50	4	408.6508	231.5479	0
50	5	577.7751	433.3645	0
50	6	545.6951	226.2784	0
50	7	527.3196	316.4426	0
50	8	586.287	319.7569	0
50	9	477.3301	60.70929	0
50	10	550.6686	394.3221	0
50	11	358.2296	-24.0585	0
50	12	362.8194	51.26285	0
50	13	409.876	272.9769	0
50	14	465.5259	107.6294	0
50	15	420.4011	56.43845	0
50	16	488.3173	222.3303	0
50	17	442.1327	136.5703	0
50	18	424.4019	80.66281	0
50	19	572.7173	368.4211	0
50	20	552.9063	272.6537	0
50	21	575.4826	534.4946	0
50	22	597.6697	481.1587	0
50	23	465.5857	235.2136	0
50	24	398.4548	55.685	0
50	25	590.5944	343.0068	0
50	26	499.6987	140.2021	0
50	27	523.147	112.292	0
50	28	517.3367	530.9019	0
50	29	341.11	50.66696	0
50	30	348.1246	92.12921	0
50	31	606.9946	397.2624	0
51	1	470.7725	309.0376	0
51	2	482.9413	85.36395	0
51	3	447.9955	309.3748	0
51	4	408.6508	231.5479	0
51	5	577.7751	433.3645	0
51	6	545.6951	226.2784	0
51	7	527.3196	316.4426	0
51	8	586.287	319.7569	0
51	9	477.3301	60.70929	0
51	10	550.6686	394.3221	0
51	11	358.2296	-24.0585	0
51	12	362.8194	51.26285	0
51	13	409.876	272.9769	0
51	14	465.5259	107.6294	0
51	15	420.4011	56.43845	0
51	16	488.3173	222.3303	0
51	17	442.1327	136.5703	0
51	18	424.4019	80.66281	0
51	19	572.7173	368.4211	0
51	20	552.9063	272.6537	0
51	21	575.4826	534.4946	0
51	22	597.6697	481.1587	0
51	23	465.5857	235.2136	0
51	24	398.4548	55.685	0
51	25	590.5944	343.0068	0
51	26	499.6987	140.2021	0
51	27	523.147	112.292	0
51	28	517.3367	530.9019	0
51	29	341.11	50.66696	0
51	30	348.1246	92.12921	0
51	31	606.9946	397.2624	0
51	32	300.772	-27.36105	0
52	1	470.7725	309.0376	0
52	2	482.9413	85.36395	0
52	3	447.9955	309.3748	0
52	4	408.6508	231.5479	0
52	5	577.7751	433.3645	0
52	6	545.6951	226.2784	0
52	7	527.3196	316.4426	0
52	8	586.287	319.7569	0
52	9	477.3301	60.70929	0
52	10	550.6686	394.3221	0
52	11	358.2296	-24.0585	0
52	12	362.8194	51.26285	0
52	13	409.876	272.9769	0
52	14	465.5259	107.6294	0
52	15	420.4011	56.43845	0
52	16	488.3173	222.3303	0
52	17	442.1327	136.5703	0
52	18	424.4019	80.66281	0
52	19	572.7173	368.4211	0
52	20	552.9063	272.6537	0
52	21	575.4826	534.4946	0
52	22	597.6697	481.1587	0
52	23	465.5857	235.2136	0
52	24	398.4548	55.685	0
52	25	590.5944	343.0068	0
52	26	499.6987	140.2021	0
52	27	523.147	112.292	0
52	28	517.3367	530.9019	0
52	29	341.11	50.66696	0
52	30	348.1246	92.12921	0
52	31	606.9946	397.2624	0
52	32	300.772	-27.36105	0
52	33	387.712	12.08368	0
53	1	470.7725	309.0376	0
53	2	482.9413	85.36395	0
53	3	447.9955	309.3748	0
53	4	408.6508	231.5479	0
53	5	577.7751	433.3645	0
53	6	545.6951	226.2784	0
53	7	527.3196	316.4426	0
53	8	586.287	319.7569	0
53	9	477.3301	60.70929	0
53	10	550.6686	394.3221	0
53	11	358.2296	-24.0585	0
53	12	362.8194	51.26285	0
53	13	409.876	272.9769	0
53	14	465.5259	107.6294	0
53	15	420.4011	56.43845	0
53	16	488.3173	222.3303	0
53	17	442.1327	136.5703	0
53	18	424.4019	80.66281	0
53	19	572.7173	368.4211	0
53	20	552.9063	272.6537	0
53	21	575.4826	534.4946	0
53	22	597.6697	481.1587	0
53	23	465.5857	235.2136	0
53	24	398.4548	55.685	0
53	25	590.5944	343.0068	0
53	26	499.6987	140.2021	0
53	27	523.147	112.292	0
53	28	517.3367	530.9019	0
53	29	341.11	50.66696	0
53	30	348.1246	92.12921	0
53	31	606.9946	397.2624	0
53	32	300.772	-27.36105	0
53	33	387.712	12.08368	0
53	34	456.8872	349.117	0
54	1	470.7725	309.0376	0
54	2	482.9413	85.36395	0
54	3	447.9955	309.3748	0
54	4	408.6508	231.5479	0
54	5	577.7751	433.3645	0
54	6	545.6951	226.2784	0
54	7	527.3196	316.4426	0
54	8	586.287	319.7569	0
54	9	477.3301	60.70929	0
54	10	550.6686	394.3221	0
54	11	358.2296	-24.0585	0
54	12	362.8194	51.26285	0
54	13	409.876	272.9769	0
54	14	465.5259	107.6294	0
54	15	420.4011	56.43845	0
54	16	488.3173	222.3303	0
54	17	442.1327	136.5703	0
54	18	424.4019	80.66281	0
54	19	572.7173	368.4211	0
54	20	552.9063	272.6537	0
54	21	575.4826	534.4946	0
54	22	597.6697	481.1587	0
54	23	465.5857	235.2136	0
54	24	398.4548	55.685	0
54	25	590.5944	343.0068	0
54	26	499.6987	140.2021	0
54	27	523.147	112.292	0
54	28	517.3367	530.9019	0
54	29	341.11	50.66696	0
54	30	348.1246	92.12921	0
54	31	606.9946	397.2624	0
54	32	300.772	-27.36105	0
54	33	387.712	12.08368	0
54	34	456.8872	349.117	0
54	35	654.5722	485.0191	0
55	1	470.7725	309.0376	0
55	2	482.9413	85.36395	0
55	3	447.9955	309.3748	0
55	4	408.6508	231.5479	0
55	5	577.7751	433.3645	0
55	6	545.6951	226.2784	0
55	7	527.3196	316.4426	0
55	8	586.287	319.7569	0
55	9	477.3301	60.70929	0
55	10	550.6686	394.3221	0
55	11	358.2296	-24.0585	0
55	12	362.8194	51.26285	0
55	13	409.876	272.9769	0
55	14	465.5259	107.6294	0
55	15	420.4011	56.43845	0
55	16	488.3173	222.3303	0
55	17	442.1327	136.5703	0
55	18	424.4019	80.66281	0
55	19	572.7173	368.4211	0
55	20	552.9063	272.6537	0
55	21	575.4826	534.4946	0
55	22	597.6697	481.1587	0
55	23	465.5857	235.2136	0
55	24	398.4548	55.685	0
55	25	590.5944	343.0068	0
55	26	499.6987	140.2021	0
55	27	523.147	112.292	0
55	28	517.3367	530.9019	0
55	29	341.11	50.66696	0
55	30	348.1246	92.12921	0
55	31	606.9946	397.2624	0
55	32	300.772	-27.36105	0
55	33	387.712	12.08368	0
55	34	456.8872	349.117	0
55	35	654.5722	485.0191	0
55	36	513.5992	353.7866	0
56	1	470.7725	309.0376	0
56	2	482.9413	85.36395	0
56	3	447.9955	309.3748	0
56	4	408.6508	231.5479	0
56	5	577.7751	433.3645	0
56	6	545.6951	226.2784	0
56	7	527.3196	316.4426	0
56	8	586.287	319.7569	0
56	9	477.3301	60.70929	0
56	10	550.6686	394.3221	0
56	11	358.2296	-24.0585	0
56	12	362.8194	51.26285	0
56	13	409.876	272.9769	0
56	14	465.5259	107.6294	0
56	15	420.4011	56.43845	0
56	16	488.3173	222.3303	0
56	17	442.1327	136.5703	0
56	18	424.4019	80.66281	0
56	19	572.7173	368.4211	0
56	20	552.9063	272.6537	0
56	21	575.4826	534.4946	0
56	22	597.6697	481.1587	0
56	23	465.5857	235.2136	0
56	24	398.4548	55.685	0
56	25	590.5944	343.0068	0
56	26	499.6987	140.2021	0
56	27	523.147	112.292	0
56	28	517.3367	530.9019	0
56	29	341.11	50.66696	0
56	30	348.1246	92.12921	0
56	31	606.9946	397.2624	0
56	32	300.772	-27.36105	0
56	33	387.712	12.08368	0
56	34	456.8872	349.117	0
56	35	654.5722	485.0191	0
56	36	513.5992	353.7866	0
57	1	470.7725	309.0376	0
57	2	482.9413	85.36395	0
57	3	447.9955	309.3748	0
57	4	408.6508	231.5479	0
57	5	577.7751	433.3645	0
57	6	545.6951	226.2784	0
57	7	527.3196	316.4426	0
57	8	586.287	319.7569	0
57	9	477.3301	60.70929	0
57	10	550.6686	394.3221	0
57	11	358.2296	-24.0585	0
57	12	362.8194	51.26285	0
57	13	409.876	272.9769	0
57	14	465.5259	107.6294	0
57	15	420.4011	56.43845	0
57	16	488.3173	222.3303	0
57	17	442.1327	136.5703	0
57	18	424.4019	80.66281	0
57	19	572.7173	368.4211	0
57	20	552.9063	272.6537	0
57	21	575.4826	534.4946	0
57	22	597.6697	481.1587	0
57	23	465.5857	235.2136	0
57	24	398.4548	55.685	0
57	25	590.5944	343.0068	0
57	26	499.6987	140.2021	0
57	27	523.147	112.292	0
57	28	517.3367	530.9019	0
57	29	341.11	50.66696	0
57	30	348.1246	92.12921	0
57	31	606.9946	397.2624	0
57	32	300.772	-27.36105	0
57	33	387.712	12.08368	0
57	34	456.8872	349.117	0
57	35	654.5722	485.0191	0
57	36	513.5992	353.7866	0
57	37	466.6294	276.4107	0
58	1	470.7725	309.0376	0
58	2	482.9413	85.36395	0
58	3	447.9955	309.3748	0
58	4	408.6508	231.5479	0
58	5	577.7751	433.3645	0
58	6	545.6951	226.2784	0
58	7	527.3196	316.4426	0
58	8	586.287	319.7569	0
58	9	477.3301	60.70929	0
58	10	550.6686	394.3221	0
58	11	358.2296	-24.0585	0
58	12	362.8194	51.26285	0
58	13	409.876	272.9769	0
58	14	465.5259	107.6294	0
58	15	420.4011	56.43845	0
58	16	488.3173	222.3303	0
58	17	442.1327	136.5703	0
58	18	424.4019	80.66281	0
58	19	572.7173	368.4211	0
58	20	552.9063	272.6537	0
58	21	575.4826	534.4946	0
58	22	597.6697	481.1587	0
58	23	465.5857	235.2136	0
58	24	398.4548	55.685	0
58	25	590.5944	343.0068	0
58	26	499.6987	140.2021	0
58	27	523.147	112.292	0
58	28	517.3367	530.9019	0
58	29	341.11	50.66696	0
58	30	348.1246	92.12921	0
58	31	606.9946	397.2624	0
58	32	300.772	-27.36105	0
58	33	387.712	12.08368	0
58	34	456.8872	349.117	0
58	35	654.5722	485.0191	0
58	36	513.5992	353.7866	0
58	37	466.6294	276.4107	0
58	38	629.9989	371.3492	0
59	1	470.7725	309.0376	0
59	2	482.9413	85.36395	0
59	3	447.9955	309.3748	0
59	4	408.6508	231.5479	0
59	5	577.7751	433.3645	0
59	6	545.6951	226.2784	0
59	7	527.3196	316.4426	0
59	8	586.287	319.7569	0
59	9	477.3301	60.70929	0
59	10	550.6686	394.3221	0
59	11	358.2296	-24.0585	0
59	12	362.8194	51.26285	0
59	13	409.876	272.9769	0
59	14	465.5259	107.6294	0
59	15	420.4011	56.43845	0
59	16	488.3173	222.3303	0
59	17	442.1327	136.5703	0
59	18	424.4019	80.66281	0
59	19	572.7173	368.4211	0
59	20	552.9063	272.6537	0
59	21	575.4826	534.4946	0
59	22	597.6697	481.1587	0
59	23	465.5857	235.2136	0
59	24	398.4548	55.685	0
59	25	590.5944	343.0068	0
59	26	499.6987	140.2021	0
59	27	523.147	112.292	0
59	28	517.3367	530.9019	0
59	29	341.11	50.66696	0
59	30	348.1246	92.12921	0
59	31	606.9946	397.2624	0
59	32	300.772	-27.36105	0
59	33	387.712	12.08368	0
59	34	456.8872	349.117	0
59	35	654.5722	485.0191	0
59	36	513.5992	353.7866	0
59	37	466.6294	276.4107	0
59	38	629.9989	371.3492	0
59	39	406.135	95.17969	0
60	1	470.7725	309.0376	0
60	2	482.9413	85.36395	0
60	3	447.9955	309.3748	0
60	4	408.6508	231.5479	0
60	5	577.7751	433.3645	0
60	6	545.6951	226.2784	0
60	7	527.3196	316.4426	0
60	8	586.287	319.7569	0
60	9	477.3301	60.70929	0
60	10	550.6686	394.3221	0
60	11	358.2296	-24.0585	0
60	12	362.8194	51.26285	0
60	13	409.876	272.9769	0
60	14	465.5259	107.6294	0
60	15	420.4011	56.43845	0
60	16	488.3173	222.3303	0
60	17	442.1327	136.5703	0
60	18	424.4019	80.66281	0
60	19	572.7173	368.4211	0
60	20	552.9063	272.6537	0
60	21	575.4826	534.4946	0
60	22	597.6697	481.1587	0
60	23	465.5857	235.2136	0
60	24	398.4548	55.685	0
60	25	590.5944	343.0068	0
60	26	499.6987	140.2021	0
60	27	523.147	112.292	0
60	28	517.3367	530.9019	0
60	29	341.11	50.66696	0
60	30	348.1246	92.12921	0
60	31	606.9946	397.2624	0
60	32	300.772	-27.36105	0
60	33	387.712	12.08368	0
60	34	456.8872	349.117	0
60	35	654.5722	485.0191	0
60	36	513.5992	353.7866	0
60	37	466.6294	276.4107	0
60	38	629.9989	371.3492	0
60	39	406.135	95.17969	0
60	40	445.3084	16.12302	0
61	1	470.7725	309.0376	0
61	2	482.9413	85.36395	0
61	3	447.9955	309.3748	0
61	4	408.6508	231.5479	0
61	5	577.7751	433.3645	0
61	6	545.6951	226.2784	0
61	7	527.3196	316.4426	0
61	8	586.287	319.7569	0
61	9	477.3301	60.70929	0
61	10	550.6686	394.3221	0
61	11	358.2296	-24.0585	0
61	12	362.8194	51.26285	0
61	13	409.876	272.9769	0
61	14	465.5259	107.6294	0
61	15	420.4011	56.43845	0
61	16	488.3173	222.3303	0
61	17	442.1327	136.5703	0
61	18	424.4019	80.66281	0
61	19	572.7173	368.4211	0
61	20	552.9063	272.6537	0
61	21	575.4826	534.4946	0
61	22	597.6697	481.1587	0
61	23	465.5857	235.2136	0
61	24	398.4548	55.685	0
61	25	590.5944	343.0068	0
61	26	499.6987	140.2021	0
61	27	523.147	112.292	0
61	28	517.3367	530.9019	0
61	29	341.11	50.66696	0
61	30	348.1246	92.12921	0
61	31	606.9946	397.2624	0
61	32	300.772	-27.36105	0
61	33	387.712	12.08368	0
61	34	456.8872	349.117	0
61	35	654.5722	485.0191	0
61	36	513.5992	353.7866	0
61	37	466.6294	276.4107	0
61	38	629.9989	371.3492	0
61	39	406.135	95.17969	0
61	40	445.3084	16.12302	0
61	41	505.1273	314.0391	0
62	1	470.7725	309.0376	0
62	2	482.9413	85.36395	0
62	3	447.9955	309.3748	0
62	4	408.6508	231.5479	0
62	5	577.7751	433.3645	0
62	6	545.6951	226.2784	0
62	7	527.3196	316.4426	0
62	8	586.287	319.7569	0
62	9	477.3301	60.70929	0
62	10	550.6686	394.3221	0
62	11	358.2296	-24.0585	0
62	12	362.8194	51.26285	0
62	13	409.876	272.9769	0
62	14	465.5259	107.6294	0
62	15	420.4011	56.43845	0
62	16	488.3173	222.3303	0
62	17	442.1327	136.5703	0
62	18	424.4019	80.66281	0
62	19	572.7173	368.4211	0
62	20	552.9063	272.6537	0
62	21	575.4826	534.4946	0
62	22	597.6697	481.1587	0
62	23	465.5857	235.2136	0
62	24	398.4548	55.685	0
62	25	590.5944	343.0068	0
62	26	499.6987	140.2021	0
62	27	523.147	112.292	0
62	28	517.3367	530.9019	0
62	29	341.11	50.66696	0
62	30	348.1246	92.12921	0
62	31	606.9946	397.2624	0
62	32	300.772	-27.36105	0
62	33	387.712	12.08368	0
62	34	456.8872	349.117	0
62	35	654.5722	485.0191	0
62	36	513.5992	353.7866	0
62	37	466.6294	276.4107	0
62	38	629.9989	371.3492	0
62	39	406.135	95.17969	0
62	40	445.3084	16.12302	0
62	41	505.1273	314.0391	0
62	42	532.666	340.5275	0
63	1	470.7725	309.0376	0
63	2	482.9413	85.36395	0
63	3	447.9955	309.3748	0
63	4	408.6508	231.5479	0
63	5	577.7751	433.3645	0
63	6	545.6951	226.2784	0
63	7	527.3196	316.4426	0
63	8	586.287	319.7569	0
63	9	477.3301	60.70929	0
63	10	550.6686	394.3221	0
63	11	358.2296	-24.0585	0
63	12	362.8194	51.26285	0
63	13	409.876	272.9769	0
63	14	465.5259	107.6294	0
63	15	420.4011	56.43845	0
63	16	488.3173	222.3303	0
63	17	442.1327	136.5703	0
63	18	424.4019	80.66281	0
63	19	572.7173	368.4211	0
63	20	552.9063	272.6537	0
63	21	575.4826	534.4946	0
63	22	597.6697	481.1587	0
63	23	465.5857	235.2136	0
63	24	398.4548	55.685	0
63	25	590.5944	343.0068	0
63	26	499.6987	140.2021	0
63	27	523.147	112.292	0
63	28	517.3367	530.9019	0
63	29	341.11	50.66696	0
63	30	348.1246	92.12921	0
63	31	606.9946	397.2624	0
63	32	300.772	-27.36105	0
63	33	387.712	12.08368	0
63	34	456.8872	349.117	0
63	35	654.5722	485.0191	0
63	36	513.5992	353.7866	0
63	37	466.6294	276.4107	0
63	38	629.9989	371.3492	0
63	39	406.135	95.17969	0
63	40	445.3084	16.12302	0
63	41	505.1273	314.0391	0
63	42	532.666	340.5275	0
63	43	496.1911	268.9406	0
64	1	470.7725	309.0376	0
64	2	482.9413	85.36395	0
64	3	447.9955	309.3748	0
64	4	408.6508	231.5479	0
64	5	577.7751	433.3645	0
64	6	545.6951	226.2784	0
64	7	527.3196	316.4426	0
64	8	586.287	319.7569	0
64	9	477.3301	60.70929	0
64	10	550.6686	394.3221	0
64	11	358.2296	-24.0585	0
64	12	362.8194	51.26285	0
64	13	409.876	272.9769	0
64	14	465.5259	107.6294	0
64	15	420.4011	56.43845	0
64	16	488.3173	222.3303	0
64	17	442.1327	136.5703	0
64	18	424.4019	80.66281	0
64	19	572.7173	368.4211	0
64	20	552.9063	272.6537	0
64	21	575.4826	534.4946	0
64	22	597.6697	481.1587	0
64	23	465.5857	235.2136	0
64	24	398.4548	55.685	0
64	25	590.5944	343.0068	0
64	26	499.6987	140.2021	0
64	27	523.147	112.292	0
64	28	517.3367	530.9019	0
64	29	341.11	50.66696	0
64	30	348.1246	92.12921	0
64	31	606.9946	397.2624	0
64	32	300.772	-27.36105	0
64	33	387.712	12.08368	0
64	34	456.8872	349.117	0
64	35	654.5722	485.0191	0
64	36	513.5992	353.7866	0
64	37	466.6294	276.4107	0
64	38	629.9989	371.3492	0
64	39	406.135	95.17969	0
64	40	445.3084	16.12302	0
64	41	505.1273	314.0391	0
64	42	532.666	340.5275	0
64	43	496.1911	268.9406	0
65	1	470.7725	309.0376	0
65	2	482.9413	85.36395	0
65	3	447.9955	309.3748	0
65	4	408.6508	231.5479	0
65	5	577.7751	433.3645	0
65	6	545.6951	226.2784	0
65	7	527.3196	316.4426	0
65	8	586.287	319.7569	0
65	9	477.3301	60.70929	0
65	10	550.6686	394.3221	0
65	11	358.2296	-24.0585	0
65	12	362.8194	51.26285	0
65	13	409.876	272.9769	0
65	14	465.5259	107.6294	0
65	15	420.4011	56.43845	0
65	16	488.3173	222.3303	0
65	17	442.1327	136.5703	0
65	18	424.4019	80.66281	0
65	19	572.7173	368.4211	0
65	20	552.9063	272.6537	0
65	21	575.4826	534.4946	0
65	22	597.6697	481.1587	0
65	23	465.5857	235.2136	0
65	24	398.4548	55.685	0
65	25	590.5944	343.0068	0
65	26	499.6987	140.2021	0
65	27	523.147	112.292	0
65	28	517.3367	530.9019	0
65	29	341.11	50.66696	0
65	30	348.1246	92.12921	0
65	31	606.9946	397.2624	0
65	32	300.772	-27.36105	0
65	33	387.712	12.08368	0
65	34	456.8872	349.117	0
65	35	654.5722	485.0191	0
65	36	513.5992	353.7866	0
65	37	466.6294	276.4107	0
65	38	629.9989	371.3492	0
65	39	406.135	95.17969	0
65	40	445.3084	16.12302	0
65	41	505.1273	314.0391	0
65	42	532.666	340.5275	0
65	43	496.1911	268.9406	0
66	1	470.7725	309.0376	0
66	2	482.9413	85.36395	0
66	3	447.9955	309.3748	0
66	4	408.6508	231.5479	0
66	5	577.7751	433.3645	0
66	6	545.6951	226.2784	0
66	7	527.3196	316.4426	0
66	8	586.287	319.7569	0
66	9	477.3301	60.70929	0
66	10	550.6686	394.3221	0
66	11	358.2296	-24.0585	0
66	12	362.8194	51.26285	0
66	13	409.876	272.9769	0
66	14	465.5259	107.6294	0
66	15	420.4011	56.43845	0
66	16	488.3173	222.3303	0
66	17	442.1327	136.5703	0
66	18	424.4019	80.66281	0
66	19	572.7173	368.4211	0
66	20	552.9063	272.6537	0
66	21	575.4826	534.4946	0
66	22	597.6697	481.1587	0
66	23	465.5857	235.2136	0
66	24	398.4548	55.685	0
66	25	590.5944	343.0068	0
66	26	499.6987	140.2021	0
66	27	523.147	112.292	0
66	28	517.3367	530.9019	0
66	29	341.11	50.66696	0
66	30	348.1246	92.12921	0
66	31	606.9946	397.2624	0
66	32	300.772	-27.36105	0
66	33	387.712	12.08368	0
66	34	456.8872	349.117	0
66	35	654.5722	485.0191	0
66	36	513.5992	353.7866	0
66	37	466.6294	276.4107	0
66	38	629.9989	371.3492	0
66	39	406.135	95.17969	0
66	40	445.3084	16.12302	0
66	41	505.1273	314.0391	0
66	42	532.666	340.5275	0
66	43	496.1911	268.9406	0
67	1	470.7725	309.0376	0
67	2	482.9413	85.36395	0
67	3	447.9955	309.3748	0
67	4	408.6508	231.5479	0
67	5	577.7751	433.3645	0
67	6	545.6951	226.2784	0
67	7	527.3196	316.4426	0
67	8	586.287	319.7569	0
67	9	477.3301	60.70929	0
67	10	550.6686	394.3221	0
67	11	358.2296	-24.0585	0
67	12	362.8194	51.26285	0
67	13	409.876	272.9769	0
67	14	465.5259	107.6294	0
67	15	420.4011	56.43845	0
67	16	488.3173	222.3303	0
67	17	442.1327	136.5703	0
67	18	424.4019	80.66281	0
67	19	572.7173	368.4211	0
67	20	552.9063	272.6537	0
67	21	575.4826	534.4946	0
67	22	597.6697	481.1587	0
67	23	465.5857	235.2136	0
67	24	398.4548	55.685	0
67	25	590.5944	343.0068	0
67	26	499.6987	140.2021	0
67	27	523.147	112.292	0
67	28	517.3367	530.9019	0
67	29	341.11	50.66696	0
67	30	348.1246	92.12921	0
67	31	606.9946	397.2624	0
67	32	300.772	-27.36105	0
67	33	387.712	12.08368	0
67	34	456.8872	349.117	0
67	35	654.5722	485.0191	0
67	36	513.5992	353.7866	0
67	37	466.6294	276.4107	0
67	38	629.9989	371.3492	0
67	39	406.135	95.17969	0
67	40	445.3084	16.12302	0
67	41	505.1273	314.0391	0
67	42	532.666	340.5275	0
67	43	496.1911	268.9406	0
68	1	470.7725	309.0376	0
68	2	482.9413	85.36395	0
68	3	447.9955	309.3748	0
68	4	408.6508	231.5479	0
68	5	577.7751	433.3645	0
68	6	545.6951	226.2784	0
68	7	527.3196	316.4426	0
68	8	586.287	319.7569	0
68	9	477.3301	60.70929	0
68	10	550.6686	394.3221	0
68	11	358.2296	-24.0585	0
68	12	362.8194	51.26285	0
68	13	409.876	272.9769	0
68	14	465.5259	107.6294	0
68	15	420.4011	56.43845	0
68	16	488.3173	222.3303	0
68	17	442.1327	136.5703	0
68	18	424.4019	80.66281	0
68	19	572.7173	368.4211	0
68	20	552.9063	272.6537	0
68	21	575.4826	534.4946	0
68	22	597.6697	481.1587	0
68	23	465.5857	235.2136	0
68	24	398.4548	55.685	0
68	25	590.5944	343.0068	0
68	26	499.6987	140.2021	0
68	27	523.147	112.292	0
68	28	517.3367	530.9019	0
68	29	341.11	50.66696	0
68	30	348.1246	92.12921	0
68	31	606.9946	397.2624	0
68	32	300.772	-27.36105	0
68	33	387.712	12.08368	0
68	34	456.8872	349.117	0
68	35	654.5722	485.0191	0
68	36	513.5992	353.7866	0
68	37	466.6294	276.4107	0
68	38	629.9989	371.3492	0
68	39	406.135	95.17969	0
68	40	445.3084	16.12302	0
68	41	505.1273	314.0391	0
68	42	532.666	340.5275	0
68	43	496.1911	268.9406	0
17	1	470.2078	309.6502	0
18	1	470.2078	309.6502	0
18	2	482.6928	85.65561	0
19	1	470.2078	309.6502	0
19	2	482.6928	85.65561	0
19	3	448.9954	309.5532	0
20	1	470.2078	309.6502	0
20	2	482.6928	85.65561	0
20	3	448.9954	309.5532	0
20	4	408.3389	231.0887	0
21	1	470.2078	309.6502	0
21	2	482.6928	85.65561	0
21	3	448.9954	309.5532	0
21	4	408.3389	231.0887	0
21	5	576.9778	434.5264	0
22	1	470.2078	309.6502	0
22	2	482.6928	85.65561	0
22	3	448.9954	309.5532	0
22	4	408.3389	231.0887	0
22	5	576.9778	434.5264	0
22	6	545.6301	225.9702	0
23	1	470.2078	309.6502	0
23	2	482.6928	85.65561	0
23	3	448.9954	309.5532	0
23	4	408.3389	231.0887	0
23	5	576.9778	434.5264	0
23	6	545.6301	225.9702	0
23	7	528.2913	315.7793	0
24	1	470.2078	309.6502	0
24	2	482.6928	85.65561	0
24	3	448.9954	309.5532	0
24	4	408.3389	231.0887	0
24	5	576.9778	434.5264	0
24	6	545.6301	225.9702	0
24	7	528.2913	315.7793	0
24	8	585.0742	320.0833	0
25	1	470.2078	309.6502	0
25	2	482.6928	85.65561	0
25	3	448.9954	309.5532	0
25	4	408.3389	231.0887	0
25	5	576.9778	434.5264	0
25	6	545.6301	225.9702	0
25	7	528.2913	315.7793	0
25	8	585.0742	320.0833	0
25	9	478.0259	60.50803	0
26	1	470.2078	309.6502	0
26	2	482.6928	85.65561	0
26	3	448.9954	309.5532	0
26	4	408.3389	231.0887	0
26	5	576.9778	434.5264	0
26	6	545.6301	225.9702	0
26	7	528.2913	315.7793	0
26	8	585.0742	320.0833	0
26	9	478.0259	60.50803	0
27	1	470.2078	309.6502	0
27	2	482.6928	85.65561	0
27	3	448.9954	309.5532	0
27	4	408.3389	231.0887	0
27	5	576.9778	434.5264	0
27	6	545.6301	225.9702	0
27	7	528.2913	315.7793	0
27	8	585.0742	320.0833	0
27	9	478.0259	60.50803	0
27	10	550.0165	395.2744	0
28	1	470.2078	309.6502	0
28	2	482.6928	85.65561	0
28	3	448.9954	309.5532	0
28	4	408.3389	231.0887	0
28	5	576.9778	434.5264	0
28	6	545.6301	225.9702	0
28	7	528.2913	315.7793	0
28	8	585.0742	320.0833	0
28	9	478.0259	60.50803	0
28	10	550.0165	395.2744	0
28	11	357.5642	-22.54599	0
29	1	470.2078	309.6502	0
29	2	482.6928	85.65561	0
29	3	448.9954	309.5532	0
29	4	408.3389	231.0887	0
29	5	576.9778	434.5264	0
29	6	545.6301	225.9702	0
29	7	528.2913	315.7793	0
29	8	585.0742	320.0833	0
29	9	478.0259	60.50803	0
29	10	550.0165	395.2744	0
29	11	357.5642	-22.54599	0
29	12	362.4865	50.64597	0
30	1	470.2078	309.6502	0
30	2	482.6928	85.65561	0
30	3	448.9954	309.5532	0
30	4	408.3389	231.0887	0
30	5	576.9778	434.5264	0
30	6	545.6301	225.9702	0
30	7	528.2913	315.7793	0
30	8	585.0742	320.0833	0
30	9	478.0259	60.50803	0
30	10	550.0165	395.2744	0
30	11	357.5642	-22.54599	0
30	12	362.4865	50.64597	0
30	13	409.2931	273.7032	0
31	1	470.2078	309.6502	0
31	2	482.6928	85.65561	0
31	3	448.9954	309.5532	0
31	4	408.3389	231.0887	0
31	5	576.9778	434.5264	0
31	6	545.6301	225.9702	0
31	7	528.2913	315.7793	0
31	8	585.0742	320.0833	0
31	9	478.0259	60.50803	0
31	10	550.0165	395.2744	0
31	11	357.5642	-22.54599	0
31	12	362.4865	50.64597	0
31	13	409.2931	273.7032	0
31	14	464.934	107.9353	0
32	1	470.2078	309.6502	0
32	2	482.6928	85.65561	0
32	3	448.9954	309.5532	0
32	4	408.3389	231.0887	0
32	5	576.9778	434.5264	0
32	6	545.6301	225.9702	0
32	7	528.2913	315.7793	0
32	8	585.0742	320.0833	0
32	9	478.0259	60.50803	0
32	10	550.0165	395.2744	0
32	11	357.5642	-22.54599	0
32	12	362.4865	50.64597	0
32	13	409.2931	273.7032	0
32	14	464.934	107.9353	0
32	15	420.614	58.43863	0
33	1	470.2078	309.6502	0
33	2	482.6928	85.65561	0
33	3	448.9954	309.5532	0
33	4	408.3389	231.0887	0
33	5	576.9778	434.5264	0
33	6	545.6301	225.9702	0
33	7	528.2913	315.7793	0
33	8	585.0742	320.0833	0
33	9	478.0259	60.50803	0
33	10	550.0165	395.2744	0
33	11	357.5642	-22.54599	0
33	12	362.4865	50.64597	0
33	13	409.2931	273.7032	0
33	14	464.934	107.9353	0
33	15	420.614	58.43863	0
33	16	489.0811	222.2868	0
34	1	470.2078	309.6502	0
34	2	482.6928	85.65561	0
34	3	448.9954	309.5532	0
34	4	408.3389	231.0887	0
34	5	576.9778	434.5264	0
34	6	545.6301	225.9702	0
34	7	528.2913	315.7793	0
34	8	585.0742	320.0833	0
34	9	478.0259	60.50803	0
34	10	550.0165	395.2744	0
34	11	357.5642	-22.54599	0
34	12	362.4865	50.64597	0
34	13	409.2931	273.7032	0
34	14	464.934	107.9353	0
34	15	420.614	58.43863	0
34	16	489.0811	222.2868	0
34	17	441.7836	136.7857	0
35	1	470.2078	309.6502	0
35	2	482.6928	85.65561	0
35	3	448.9954	309.5532	0
35	4	408.3389	231.0887	0
35	5	576.9778	434.5264	0
35	6	545.6301	225.9702	0
35	7	528.2913	315.7793	0
35	8	585.0742	320.0833	0
35	9	478.0259	60.50803	0
35	10	550.0165	395.2744	0
35	11	357.5642	-22.54599	0
35	12	362.4865	50.64597	0
35	13	409.2931	273.7032	0
35	14	464.934	107.9353	0
35	15	420.614	58.43863	0
35	16	489.0811	222.2868	0
35	17	441.7836	136.7857	0
35	18	424.3042	80.94067	0
36	1	470.2078	309.6502	0
36	2	482.6928	85.65561	0
36	3	448.9954	309.5532	0
36	4	408.3389	231.0887	0
36	5	576.9778	434.5264	0
36	6	545.6301	225.9702	0
36	7	528.2913	315.7793	0
36	8	585.0742	320.0833	0
36	9	478.0259	60.50803	0
36	10	550.0165	395.2744	0
36	11	357.5642	-22.54599	0
36	12	362.4865	50.64597	0
36	13	409.2931	273.7032	0
36	14	464.934	107.9353	0
36	15	420.614	58.43863	0
36	16	489.0811	222.2868	0
36	17	441.7836	136.7857	0
36	18	424.3042	80.94067	0
37	1	470.2078	309.6502	0
37	2	482.6928	85.65561	0
37	3	448.9954	309.5532	0
37	4	408.3389	231.0887	0
37	5	576.9778	434.5264	0
37	6	545.6301	225.9702	0
37	7	528.2913	315.7793	0
37	8	585.0742	320.0833	0
37	9	478.0259	60.50803	0
37	10	550.0165	395.2744	0
37	11	357.5642	-22.54599	0
37	12	362.4865	50.64597	0
37	13	409.2931	273.7032	0
37	14	464.934	107.9353	0
37	15	420.614	58.43863	0
37	16	489.0811	222.2868	0
37	17	441.7836	136.7857	0
37	18	424.3042	80.94067	0
37	19	573.5335	367.5642	0
38	1	470.2078	309.6502	0
38	2	482.6928	85.65561	0
38	3	448.9954	309.5532	0
38	4	408.3389	231.0887	0
38	5	576.9778	434.5264	0
38	6	545.6301	225.9702	0
38	7	528.2913	315.7793	0
38	8	585.0742	320.0833	0
38	9	478.0259	60.50803	0
38	10	550.0165	395.2744	0
38	11	357.5642	-22.54599	0
38	12	362.4865	50.64597	0
38	13	409.2931	273.7032	0
38	14	464.934	107.9353	0
38	15	420.614	58.43863	0
38	16	489.0811	222.2868	0
38	17	441.7836	136.7857	0
38	18	424.3042	80.94067	0
38	19	573.5335	367.5642	0
38	20	553.7036	273.533	0
39	1	470.2078	309.6502	0
39	2	482.6928	85.65561	0
39	3	448.9954	309.5532	0
39	4	408.3389	231.0887	0
39	5	576.9778	434.5264	0
39	6	545.6301	225.9702	0
39	7	528.2913	315.7793	0
39	8	585.0742	320.0833	0
39	9	478.0259	60.50803	0
39	10	550.0165	395.2744	0
39	11	357.5642	-22.54599	0
39	12	362.4865	50.64597	0
39	13	409.2931	273.7032	0
39	14	464.934	107.9353	0
39	15	420.614	58.43863	0
39	16	489.0811	222.2868	0
39	17	441.7836	136.7857	0
39	18	424.3042	80.94067	0
39	19	573.5335	367.5642	0
39	20	553.7036	273.533	0
39	21	574.0286	534.8784	0
40	1	470.2078	309.6502	0
40	2	482.6928	85.65561	0
40	3	448.9954	309.5532	0
40	4	408.3389	231.0887	0
40	5	576.9778	434.5264	0
40	6	545.6301	225.9702	0
40	7	528.2913	315.7793	0
40	8	585.0742	320.0833	0
40	9	478.0259	60.50803	0
40	10	550.0165	395.2744	0
40	11	357.5642	-22.54599	0
40	12	362.4865	50.64597	0
40	13	409.2931	273.7032	0
40	14	464.934	107.9353	0
40	15	420.614	58.43863	0
40	16	489.0811	222.2868	0
40	17	441.7836	136.7857	0
40	18	424.3042	80.94067	0
40	19	573.5335	367.5642	0
40	20	553.7036	273.533	0
40	21	574.0286	534.8784	0
40	22	596.5726	482.0562	0
41	1	470.2078	309.6502	0
41	2	482.6928	85.65561	0
41	3	448.9954	309.5532	0
41	4	408.3389	231.0887	0
41	5	576.9778	434.5264	0
41	6	545.6301	225.9702	0
41	7	528.2913	315.7793	0
41	8	585.0742	320.0833	0
41	9	478.0259	60.50803	0
41	10	550.0165	395.2744	0
41	11	357.5642	-22.54599	0
41	12	362.4865	50.64597	0
41	13	409.2931	273.7032	0
41	14	464.934	107.9353	0
41	15	420.614	58.43863	0
41	16	489.0811	222.2868	0
41	17	441.7836	136.7857	0
41	18	424.3042	80.94067	0
41	19	573.5335	367.5642	0
41	20	553.7036	273.533	0
41	21	574.0286	534.8784	0
41	22	596.5726	482.0562	0
41	23	466.3875	234.4956	0
42	1	470.2078	309.6502	0
42	2	482.6928	85.65561	0
42	3	448.9954	309.5532	0
42	4	408.3389	231.0887	0
42	5	576.9778	434.5264	0
42	6	545.6301	225.9702	0
42	7	528.2913	315.7793	0
42	8	585.0742	320.0833	0
42	9	478.0259	60.50803	0
42	10	550.0165	395.2744	0
42	11	357.5642	-22.54599	0
42	12	362.4865	50.64597	0
42	13	409.2931	273.7032	0
42	14	464.934	107.9353	0
42	15	420.614	58.43863	0
42	16	489.0811	222.2868	0
42	17	441.7836	136.7857	0
42	18	424.3042	80.94067	0
42	19	573.5335	367.5642	0
42	20	553.7036	273.533	0
42	21	574.0286	534.8784	0
42	22	596.5726	482.0562	0
42	23	466.3875	234.4956	0
42	24	398.082	55.06686	0
43	1	470.2078	309.6502	0
43	2	482.6928	85.65561	0
43	3	448.9954	309.5532	0
43	4	408.3389	231.0887	0
43	5	576.9778	434.5264	0
43	6	545.6301	225.9702	0
43	7	528.2913	315.7793	0
43	8	585.0742	320.0833	0
43	9	478.0259	60.50803	0
43	10	550.0165	395.2744	0
43	11	357.5642	-22.54599	0
43	12	362.4865	50.64597	0
43	13	409.2931	273.7032	0
43	14	464.934	107.9353	0
43	15	420.614	58.43863	0
43	16	489.0811	222.2868	0
43	17	441.7836	136.7857	0
43	18	424.3042	80.94067	0
43	19	573.5335	367.5642	0
43	20	553.7036	273.533	0
43	21	574.0286	534.8784	0
43	22	596.5726	482.0562	0
43	23	466.3875	234.4956	0
43	24	398.082	55.06686	0
43	25	589.9138	343.001	0
44	1	470.2078	309.6502	0
44	2	482.6928	85.65561	0
44	3	448.9954	309.5532	0
44	4	408.3389	231.0887	0
44	5	576.9778	434.5264	0
44	6	545.6301	225.9702	0
44	7	528.2913	315.7793	0
44	8	585.0742	320.0833	0
44	9	478.0259	60.50803	0
44	10	550.0165	395.2744	0
44	11	357.5642	-22.54599	0
44	12	362.4865	50.64597	0
44	13	409.2931	273.7032	0
44	14	464.934	107.9353	0
44	15	420.614	58.43863	0
44	16	489.0811	222.2868	0
44	17	441.7836	136.7857	0
44	18	424.3042	80.94067	0
44	19	573.5335	367.5642	0
44	20	553.7036	273.533	0
44	21	574.0286	534.8784	0
44	22	596.5726	482.0562	0
44	23	466.3875	234.4956	0
44	24	398.082	55.06686	0
44	25	589.9138	343.001	0
44	26	499.368	139.3583	0
45	1	470.2078	309.6502	0
45	2	482.6928	85.65561	0
45	3	448.9954	309.5532	0
45	4	408.3389	231.0887	0
45	5	576.9778	434.5264	0
45	6	545.6301	225.9702	0
45	7	528.2913	315.7793	0
45	8	585.0742	320.0833	0
45	9	478.0259	60.50803	0
45	10	550.0165	395.2744	0
45	11	357.5642	-22.54599	0
45	12	362.4865	50.64597	0
45	13	409.2931	273.7032	0
45	14	464.934	107.9353	0
45	15	420.614	58.43863	0
45	16	489.0811	222.2868	0
45	17	441.7836	136.7857	0
45	18	424.3042	80.94067	0
45	19	573.5335	367.5642	0
45	20	553.7036	273.533	0
45	21	574.0286	534.8784	0
45	22	596.5726	482.0562	0
45	23	466.3875	234.4956	0
45	24	398.082	55.06686	0
45	25	589.9138	343.001	0
45	26	499.368	139.3583	0
45	27	522.9627	111.8596	0
46	1	470.2078	309.6502	0
46	2	482.6928	85.65561	0
46	3	448.9954	309.5532	0
46	4	408.3389	231.0887	0
46	5	576.9778	434.5264	0
46	6	545.6301	225.9702	0
46	7	528.2913	315.7793	0
46	8	585.0742	320.0833	0
46	9	478.0259	60.50803	0
46	10	550.0165	395.2744	0
46	11	357.5642	-22.54599	0
46	12	362.4865	50.64597	0
46	13	409.2931	273.7032	0
46	14	464.934	107.9353	0
46	15	420.614	58.43863	0
46	16	489.0811	222.2868	0
46	17	441.7836	136.7857	0
46	18	424.3042	80.94067	0
46	19	573.5335	367.5642	0
46	20	553.7036	273.533	0
46	21	574.0286	534.8784	0
46	22	596.5726	482.0562	0
46	23	466.3875	234.4956	0
46	24	398.082	55.06686	0
46	25	589.9138	343.001	0
46	26	499.368	139.3583	0
46	27	522.9627	111.8596	0
47	1	470.2078	309.6502	0
47	2	482.6928	85.65561	0
47	3	448.9954	309.5532	0
47	4	408.3389	231.0887	0
47	5	576.9778	434.5264	0
47	6	545.6301	225.9702	0
47	7	528.2913	315.7793	0
47	8	585.0742	320.0833	0
47	9	478.0259	60.50803	0
47	10	550.0165	395.2744	0
47	11	357.5642	-22.54599	0
47	12	362.4865	50.64597	0
47	13	409.2931	273.7032	0
47	14	464.934	107.9353	0
47	15	420.614	58.43863	0
47	16	489.0811	222.2868	0
47	17	441.7836	136.7857	0
47	18	424.3042	80.94067	0
47	19	573.5335	367.5642	0
47	20	553.7036	273.533	0
47	21	574.0286	534.8784	0
47	22	596.5726	482.0562	0
47	23	466.3875	234.4956	0
47	24	398.082	55.06686	0
47	25	589.9138	343.001	0
47	26	499.368	139.3583	0
47	27	522.9627	111.8596	0
47	28	516.9878	532.4266	0
48	1	470.2078	309.6502	0
48	2	482.6928	85.65561	0
48	3	448.9954	309.5532	0
48	4	408.3389	231.0887	0
48	5	576.9778	434.5264	0
48	6	545.6301	225.9702	0
48	7	528.2913	315.7793	0
48	8	585.0742	320.0833	0
48	9	478.0259	60.50803	0
48	10	550.0165	395.2744	0
48	11	357.5642	-22.54599	0
48	12	362.4865	50.64597	0
48	13	409.2931	273.7032	0
48	14	464.934	107.9353	0
48	15	420.614	58.43863	0
48	16	489.0811	222.2868	0
48	17	441.7836	136.7857	0
48	18	424.3042	80.94067	0
48	19	573.5335	367.5642	0
48	20	553.7036	273.533	0
48	21	574.0286	534.8784	0
48	22	596.5726	482.0562	0
48	23	466.3875	234.4956	0
48	24	398.082	55.06686	0
48	25	589.9138	343.001	0
48	26	499.368	139.3583	0
48	27	522.9627	111.8596	0
48	28	516.9878	532.4266	0
48	29	341.0719	50.96817	0
49	1	470.2078	309.6502	0
49	2	482.6928	85.65561	0
49	3	448.9954	309.5532	0
49	4	408.3389	231.0887	0
49	5	576.9778	434.5264	0
49	6	545.6301	225.9702	0
49	7	528.2913	315.7793	0
49	8	585.0742	320.0833	0
49	9	478.0259	60.50803	0
49	10	550.0165	395.2744	0
49	11	357.5642	-22.54599	0
49	12	362.4865	50.64597	0
49	13	409.2931	273.7032	0
49	14	464.934	107.9353	0
49	15	420.614	58.43863	0
49	16	489.0811	222.2868	0
49	17	441.7836	136.7857	0
49	18	424.3042	80.94067	0
49	19	573.5335	367.5642	0
49	20	553.7036	273.533	0
49	21	574.0286	534.8784	0
49	22	596.5726	482.0562	0
49	23	466.3875	234.4956	0
49	24	398.082	55.06686	0
49	25	589.9138	343.001	0
49	26	499.368	139.3583	0
49	27	522.9627	111.8596	0
49	28	516.9878	532.4266	0
49	29	341.0719	50.96817	0
49	30	348.0937	91.91806	0
50	1	470.2078	309.6502	0
50	2	482.6928	85.65561	0
50	3	448.9954	309.5532	0
50	4	408.3389	231.0887	0
50	5	576.9778	434.5264	0
50	6	545.6301	225.9702	0
50	7	528.2913	315.7793	0
50	8	585.0742	320.0833	0
50	9	478.0259	60.50803	0
50	10	550.0165	395.2744	0
50	11	357.5642	-22.54599	0
50	12	362.4865	50.64597	0
50	13	409.2931	273.7032	0
50	14	464.934	107.9353	0
50	15	420.614	58.43863	0
50	16	489.0811	222.2868	0
50	17	441.7836	136.7857	0
50	18	424.3042	80.94067	0
50	19	573.5335	367.5642	0
50	20	553.7036	273.533	0
50	21	574.0286	534.8784	0
50	22	596.5726	482.0562	0
50	23	466.3875	234.4956	0
50	24	398.082	55.06686	0
50	25	589.9138	343.001	0
50	26	499.368	139.3583	0
50	27	522.9627	111.8596	0
50	28	516.9878	532.4266	0
50	29	341.0719	50.96817	0
50	30	348.0937	91.91806	0
50	31	608.0433	397.5267	0
51	1	470.2078	309.6502	0
51	2	482.6928	85.65561	0
51	3	448.9954	309.5532	0
51	4	408.3389	231.0887	0
51	5	576.9778	434.5264	0
51	6	545.6301	225.9702	0
51	7	528.2913	315.7793	0
51	8	585.0742	320.0833	0
51	9	478.0259	60.50803	0
51	10	550.0165	395.2744	0
51	11	357.5642	-22.54599	0
51	12	362.4865	50.64597	0
51	13	409.2931	273.7032	0
51	14	464.934	107.9353	0
51	15	420.614	58.43863	0
51	16	489.0811	222.2868	0
51	17	441.7836	136.7857	0
51	18	424.3042	80.94067	0
51	19	573.5335	367.5642	0
51	20	553.7036	273.533	0
51	21	574.0286	534.8784	0
51	22	596.5726	482.0562	0
51	23	466.3875	234.4956	0
51	24	398.082	55.06686	0
51	25	589.9138	343.001	0
51	26	499.368	139.3583	0
51	27	522.9627	111.8596	0
51	28	516.9878	532.4266	0
51	29	341.0719	50.96817	0
51	30	348.0937	91.91806	0
51	31	608.0433	397.5267	0
51	32	301.0146	-25.68204	0
52	1	470.2078	309.6502	0
52	2	482.6928	85.65561	0
52	3	448.9954	309.5532	0
52	4	408.3389	231.0887	0
52	5	576.9778	434.5264	0
52	6	545.6301	225.9702	0
52	7	528.2913	315.7793	0
52	8	585.0742	320.0833	0
52	9	478.0259	60.50803	0
52	10	550.0165	395.2744	0
52	11	357.5642	-22.54599	0
52	12	362.4865	50.64597	0
52	13	409.2931	273.7032	0
52	14	464.934	107.9353	0
52	15	420.614	58.43863	0
52	16	489.0811	222.2868	0
52	17	441.7836	136.7857	0
52	18	424.3042	80.94067	0
52	19	573.5335	367.5642	0
52	20	553.7036	273.533	0
52	21	574.0286	534.8784	0
52	22	596.5726	482.0562	0
52	23	466.3875	234.4956	0
52	24	398.082	55.06686	0
52	25	589.9138	343.001	0
52	26	499.368	139.3583	0
52	27	522.9627	111.8596	0
52	28	516.9878	532.4266	0
52	29	341.0719	50.96817	0
52	30	348.0937	91.91806	0
52	31	608.0433	397.5267	0
52	32	301.0146	-25.68204	0
52	33	388.5751	12.09763	0
53	1	470.2078	309.6502	0
53	2	482.6928	85.65561	0
53	3	448.9954	309.5532	0
53	4	408.3389	231.0887	0
53	5	576.9778	434.5264	0
53	6	545.6301	225.9702	0
53	7	528.2913	315.7793	0
53	8	585.0742	320.0833	0
53	9	478.0259	60.50803	0
53	10	550.0165	395.2744	0
53	11	357.5642	-22.54599	0
53	12	362.4865	50.64597	0
53	13	409.2931	273.7032	0
53	14	464.934	107.9353	0
53	15	420.614	58.43863	0
53	16	489.0811	222.2868	0
53	17	441.7836	136.7857	0
53	18	424.3042	80.94067	0
53	19	573.5335	367.5642	0
53	20	553.7036	273.533	0
53	21	574.0286	534.8784	0
53	22	596.5726	482.0562	0
53	23	466.3875	234.4956	0
53	24	398.082	55.06686	0
53	25	589.9138	343.001	0
53	26	499.368	139.3583	0
53	27	522.9627	111.8596	0
53	28	516.9878	532.4266	0
53	29	341.0719	50.96817	0
53	30	348.0937	91.91806	0
53	31	608.0433	397.5267	0
53	32	301.0146	-25.68204	0
53	33	388.5751	12.09763	0
53	34	456.4738	349.8917	0
54	1	470.2078	309.6502	0
54	2	482.6928	85.65561	0
54	3	448.9954	309.5532	0
54	4	408.3389	231.0887	0
54	5	576.9778	434.5264	0
54	6	545.6301	225.9702	0
54	7	528.2913	315.7793	0
54	8	585.0742	320.0833	0
54	9	478.0259	60.50803	0
54	10	550.0165	395.2744	0
54	11	357.5642	-22.54599	0
54	12	362.4865	50.64597	0
54	13	409.2931	273.7032	0
54	14	464.934	107.9353	0
54	15	420.614	58.43863	0
54	16	489.0811	222.2868	0
54	17	441.7836	136.7857	0
54	18	424.3042	80.94067	0
54	19	573.5335	367.5642	0
54	20	553.7036	273.533	0
54	21	574.0286	534.8784	0
54	22	596.5726	482.0562	0
54	23	466.3875	234.4956	0
54	24	398.082	55.06686	0
54	25	589.9138	343.001	0
54	26	499.368	139.3583	0
54	27	522.9627	111.8596	0
54	28	516.9878	532.4266	0
54	29	341.0719	50.96817	0
54	30	348.0937	91.91806	0
54	31	608.0433	397.5267	0
54	32	301.0146	-25.68204	0
54	33	388.5751	12.09763	0
54	34	456.4738	349.8917	0
54	35	654.2531	485.8238	0
55	1	470.2078	309.6502	0
55	2	482.6928	85.65561	0
55	3	448.9954	309.5532	0
55	4	408.3389	231.0887	0
55	5	576.9778	434.5264	0
55	6	545.6301	225.9702	0
55	7	528.2913	315.7793	0
55	8	585.0742	320.0833	0
55	9	478.0259	60.50803	0
55	10	550.0165	395.2744	0
55	11	357.5642	-22.54599	0
55	12	362.4865	50.64597	0
55	13	409.2931	273.7032	0
55	14	464.934	107.9353	0
55	15	420.614	58.43863	0
55	16	489.0811	222.2868	0
55	17	441.7836	136.7857	0
55	18	424.3042	80.94067	0
55	19	573.5335	367.5642	0
55	20	553.7036	273.533	0
55	21	574.0286	534.8784	0
55	22	596.5726	482.0562	0
55	23	466.3875	234.4956	0
55	24	398.082	55.06686	0
55	25	589.9138	343.001	0
55	26	499.368	139.3583	0
55	27	522.9627	111.8596	0
55	28	516.9878	532.4266	0
55	29	341.0719	50.96817	0
55	30	348.0937	91.91806	0
55	31	608.0433	397.5267	0
55	32	301.0146	-25.68204	0
55	33	388.5751	12.09763	0
55	34	456.4738	349.8917	0
55	35	654.2531	485.8238	0
55	36	513.8141	354.3627	0
56	1	470.2078	309.6502	0
56	2	482.6928	85.65561	0
56	3	448.9954	309.5532	0
56	4	408.3389	231.0887	0
56	5	576.9778	434.5264	0
56	6	545.6301	225.9702	0
56	7	528.2913	315.7793	0
56	8	585.0742	320.0833	0
56	9	478.0259	60.50803	0
56	10	550.0165	395.2744	0
56	11	357.5642	-22.54599	0
56	12	362.4865	50.64597	0
56	13	409.2931	273.7032	0
56	14	464.934	107.9353	0
56	15	420.614	58.43863	0
56	16	489.0811	222.2868	0
56	17	441.7836	136.7857	0
56	18	424.3042	80.94067	0
56	19	573.5335	367.5642	0
56	20	553.7036	273.533	0
56	21	574.0286	534.8784	0
56	22	596.5726	482.0562	0
56	23	466.3875	234.4956	0
56	24	398.082	55.06686	0
56	25	589.9138	343.001	0
56	26	499.368	139.3583	0
56	27	522.9627	111.8596	0
56	28	516.9878	532.4266	0
56	29	341.0719	50.96817	0
56	30	348.0937	91.91806	0
56	31	608.0433	397.5267	0
56	32	301.0146	-25.68204	0
56	33	388.5751	12.09763	0
56	34	456.4738	349.8917	0
56	35	654.2531	485.8238	0
56	36	513.8141	354.3627	0
