24	1	2343.714	-1259.323	0
24	2	-843.2224	476.7887	0
24	3	667.9622	-888.9841	0
24	4	1201.085	283.7361	0
24	5	42.77461	-33.10632	0
24	6	684.123	-24.69028	0
24	7	335.5067	-28.7092	0
24	8	-647.668	-965.9572	0
25	1	2345.414	-1261.523	0
25	2	-840.9933	476.5763	0
25	3	669.3641	-890.9399	0
25	4	1201.489	284.6283	0
25	5	42.87595	-32.96756	0
25	6	683.9483	-24.54135	0
25	7	335.1077	-28.55884	0
25	8	-650.2224	-968.3195	0
26	1	2347.207	-1263.843	0
26	2	-838.6525	476.3531	0
26	3	670.8463	-893.0083	0
26	4	1201.914	285.5691	0
26	5	42.98254	-32.82156	0
26	6	683.7643	-24.38464	0
26	7	334.6878	-28.40057	0
26	8	-652.9234	-970.8174	0
27	1	2349.085	-1266.273	0
27	2	-836.2151	476.1206	0
27	3	672.4005	-895.1766	0
27	4	1202.36	286.553	0
27	5	43.09375	-32.66922	0
27	6	683.5724	-24.22113	0
27	7	334.2497	-28.23544	0
27	8	-655.7576	-973.4386	0
28	1	2351.038	-1268.799	0
28	2	-833.6945	475.8804	0
28	3	674.0195	-897.4358	0
28	4	1202.823	287.5751	0
28	5	43.20909	-32.51132	0
28	6	683.3734	-24.05161	0
28	7	333.7954	-28.0643	0
28	8	-658.7115	-976.1705	0
29	1	2353.057	-1271.412	0
29	2	-831.1022	475.6332	0
29	3	675.6973	-899.7767	0
29	4	1203.301	288.6313	0
29	5	43.3279	-32.34857	0
29	6	683.1684	-23.87686	0
29	7	333.3272	-27.88773	0
29	8	-661.7748	-979.0034	0
30	1	2355.136	-1274.103	0
30	2	-828.4481	475.3802	0
30	3	677.4288	-902.1927	0
30	4	1203.792	289.7178	0
30	5	43.44994	-32.18146	0
30	6	682.9579	-23.6976	0
30	7	332.8466	-27.7066	0
30	8	-664.9377	-981.9286	0
31	1	2357.271	-1276.864	0
31	2	-825.7405	475.122	0
31	3	679.209	-904.6768	0
31	4	1204.296	290.8317	0
31	5	43.57468	-32.01065	0
31	6	682.7426	-23.51419	0
31	7	332.3551	-27.52136	0
31	8	-668.1913	-984.9376	0
36	1	2368.602	-1291.524	0
36	2	-811.6341	473.7771	0
36	3	688.7245	-917.9539	0
36	4	1206.965	296.7267	0
36	5	44.22943	-31.11389	0
36	6	681.5552	-22.54837	0
36	7	329.7738	-26.54858	0
36	8	-685.6174	-1001.054	0
36	9	973.5914	231.9161	0
36	10	100.6082	-29.69455	0
36	11	700.3779	-23.80341	0
40	1	2378.276	-1304.042	0
40	2	-799.9348	472.6618	0
40	3	696.9346	-929.4094	0
40	4	1209.232	301.7354	0
40	5	44.77893	-30.36136	0
40	6	680.4498	-21.73026	0
40	7	327.6067	-25.73184	0
40	8	-700.6987	-1015.001	0
40	9	968.1257	230.4067	0
40	10	101.5542	-29.40881	0
40	11	700.0118	-23.37189	0
40	12	-505.9549	321.1362	0
40	13	1461.609	-884.1796	0
40	14	393.1933	-51.10431	0
41	1	2380.763	-1307.259	0
41	2	-796.9776	472.3798	0
41	3	699.0576	-932.3718	0
41	4	1209.813	303.019	0
41	5	44.91878	-30.16989	0
41	6	680.1611	-21.52115	0
41	7	327.0551	-25.52396	0
41	8	-704.6052	-1018.614	0
41	9	966.4848	229.9535	0
41	10	101.8539	-29.3183	0
41	11	699.8932	-23.23526	0
41	12	-506.5988	321.8453	0
41	13	1461.749	-884.7014	0
41	14	393.2522	-51.05457	0
43	1	2385.808	-1313.788	0
43	2	-791.0383	471.8136	0
43	3	703.3819	-938.4056	0
43	4	1210.99	305.6192	0
43	5	45.20079	-29.78372	0
43	6	679.574	-21.09875	0
43	7	325.9425	-25.10458	0
43	8	-712.5714	-1025.981	0
43	9	962.9749	228.9841	0
43	10	102.5077	-29.12076	0
43	11	699.6311	-22.93695	0
43	12	-508.2122	323.6226	0
43	13	1462.128	-886.1215	0
43	14	393.4384	-50.89752	0
43	15	-512.2087	-779.6986	0
44	1	2388.366	-1317.097	0
44	2	-788.0588	471.5295	0
44	3	705.5819	-941.4752	0
44	4	1211.585	306.9347	0
44	5	45.34283	-29.5892	0
44	6	679.2767	-20.88565	0
44	7	325.382	-24.89334	0
44	8	-716.6289	-1029.734	0
44	9	961.1275	228.4739	0
44	10	102.8573	-29.0152	0
44	11	699.4893	-22.77747	0
44	12	-509.1559	324.6621	0
44	13	1462.36	-886.9886	0
44	14	393.5599	-50.79517	0
44	15	-512.7302	-780.1445	0
46	1	2393.546	-1323.8	0
46	2	-782.0857	470.9601	0
46	3	710.0559	-947.7179	0
46	4	1212.789	309.5946	0
46	5	45.62871	-29.19757	0
46	6	678.6767	-20.45609	0
46	7	324.2534	-24.46808	0
46	8	-724.8901	-1037.374	0
46	9	957.2911	227.4144	0
46	10	103.5925	-28.79309	0
46	11	699.1877	-22.44171	0
46	12	-511.2655	326.9858	0
46	13	1462.891	-888.9761	0
46	14	393.8477	-50.55249	0
46	15	-514.3807	-781.5548	0
46	16	747.9424	-1149.304	0
47	1	2396.168	-1327.193	0
47	2	-779.094	470.6748	0
47	3	712.3292	-950.89	0
47	4	1213.397	310.9384	0
47	5	45.77257	-29.0007	0
47	6	678.3745	-20.23981	0
47	7	323.6857	-24.25409	0
47	8	-729.0919	-1041.26	0
47	9	955.3162	226.869	0
47	10	103.9752	-28.67749	0
47	11	699.0291	-22.26685	0
47	12	-512.4145	328.2516	0
47	13	1463.185	-890.076	0
47	14	394.0103	-50.41534	0
47	15	-515.46	-782.4771	0
47	16	748.437	-1150.704	0
48	1	2398.812	-1330.612	0
48	2	-776.1	470.3894	0
48	3	714.6263	-954.095	0
48	4	1214.009	312.291	0
48	5	45.91682	-28.80307	0
48	6	678.0712	-20.02271	0
48	7	323.116	-24.03934	0
48	8	-733.3419	-1045.19	0
48	9	953.3114	226.3153	0
48	10	104.3663	-28.55939	0
48	11	698.8657	-22.08795	0
48	12	-513.6172	329.5765	0
48	13	1463.495	-891.2356	0
48	14	394.1833	-50.2695	0
48	15	-516.6809	-783.5205	0
48	16	749.1332	-1152.675	0
51	1	2406.86	-1341.025	0
51	2	-767.1105	469.5324	0
51	3	721.66	-963.9092	0
51	4	1215.869	316.4002	0
51	5	46.3306	-28.19019	0
51	6	677.1565	-19.36642	0
51	7	321.3952	-23.39081	0
51	8	-746.3759	-1057.244	0
51	9	947.1224	224.61	0
51	10	105.5804	-28.19266	0
51	11	698.3525	-21.53217	0
51	12	-517.4942	333.8469	0
51	13	1464.503	-895.0087	0
51	14	394.7525	-49.78949	0
51	15	-521.0388	-787.2445	0
51	16	752.2064	-1161.375	0
51	17	52.69098	-33.27277	0
51	18	990.0036	232.2934	0
52	1	2409.582	-1344.548	0
52	2	-764.1127	469.2466	0
52	3	724.0521	-967.2471	0
52	4	1216.497	317.7865	0
52	5	46.45778	-27.97565	0
52	6	676.8504	-19.14624	0
52	7	320.8181	-23.17337	0
52	8	-750.8152	-1061.349	0
52	9	944.9678	224.0221	0
52	10	105.9961	-28.06708	0
52	11	698.1747	-21.34161	0
52	12	-518.8615	335.3529	0
52	13	1464.861	-896.3474	0
52	14	394.9557	-49.61819	0
52	15	-522.6807	-788.6476	0
52	16	753.5007	-1165.041	0
52	17	52.75713	-33.21878	0
52	18	989.4616	232.0447	0
53	1	2412.323	-1348.095	0
53	2	-761.1151	468.9608	0
53	3	726.4678	-970.6177	0
53	4	1217.128	319.1809	0
53	5	46.58158	-27.75711	0
53	6	676.5439	-18.92538	0
53	7	320.2393	-22.95517	0
53	8	-755.3028	-1065.5	0
53	9	942.7748	223.4261	0
53	10	106.4162	-27.94022	0
53	11	697.9941	-21.14893	0
53	12	-520.2604	336.8937	0
53	13	1465.228	-897.7197	0
53	14	395.1642	-49.44235	0
53	15	-524.3997	-790.1165	0
53	16	754.9068	-1169.025	0
53	17	52.83896	-33.15106	0
53	18	988.7007	231.6962	0
54	1	2415.085	-1351.667	0
54	2	-758.118	468.6751	0
54	3	728.9076	-974.0219	0
54	4	1217.763	320.5834	0
54	5	46.70293	-27.53531	0
54	6	676.237	-18.70389	0
54	7	319.659	-22.73648	0
54	8	-759.8385	-1069.694	0
54	9	940.5505	222.8235	0
54	10	106.8402	-27.81213	0
54	11	697.811	-20.95432	0
54	12	-521.6879	338.4663	0
54	13	1465.602	-899.1212	0
54	14	395.3775	-49.26242	0
54	15	-526.1885	-791.6451	0
54	16	756.414	-1173.296	0
54	17	52.93414	-33.07123	0
54	18	987.75	231.2614	0
55	1	2417.865	-1355.265	0
55	2	-755.1216	468.3894	0
55	3	731.3712	-977.4592	0
55	4	1218.401	321.9938	0
55	5	46.82238	-27.31064	0
55	6	675.9299	-18.48181	0
55	7	319.077	-22.51718	0
55	8	-764.4225	-1073.934	0
55	9	938.3011	222.2159	0
55	10	107.2677	-27.68301	0
55	11	697.6251	-20.7579	0
55	12	-523.142	340.068	0
55	13	1465.984	-900.5508	0
55	14	395.595	-49.07907	0
55	15	-528.0399	-793.2271	0
55	16	758.0127	-1177.828	0
55	17	53.04052	-32.9808	0
55	18	986.6347	230.752	0
56	1	2420.665	-1358.887	0
56	2	-752.126	468.1038	0
56	3	733.8589	-980.9299	0
56	4	1219.043	323.4122	0
56	5	46.94052	-27.0835	0
56	6	675.6224	-18.25909	0
56	7	318.4935	-22.29721	0
56	8	-769.0557	-1078.219	0
56	9	936.0321	221.6042	0
56	10	107.6983	-27.55292	0
56	11	697.4371	-20.55991	0
56	12	-524.6205	341.6964	0
56	13	1466.372	-902.0044	0
56	14	395.8163	-48.89252	0
56	15	-529.9471	-794.8569	0
56	16	759.6949	-1182.598	0
56	17	53.15653	-32.88095	0
56	18	985.3771	230.1784	0
57	1	2423.484	-1362.534	0
57	2	-749.1318	467.8183	0
57	3	736.371	-984.4351	0
57	4	1219.689	324.8385	0
57	5	47.05782	-26.85437	0
57	6	675.3149	-18.03589	0
57	7	317.9086	-22.07681	0
57	8	-773.7383	-1082.55	0
57	9	933.748	220.9897	0
57	10	108.1317	-27.422	0
57	11	697.247	-20.3605	0
57	12	-526.1213	343.3496	0
57	13	1466.767	-903.4803	0
57	14	396.0408	-48.70319	0
57	15	-531.9059	-796.5308	0
57	16	761.4539	-1187.585	0
57	17	53.28071	-32.77292	0
57	18	983.9962	229.5494	0
61	1	2434.954	-1377.376	0
61	2	-737.1818	466.6851	0
61	3	746.6675	-998.8007	0
61	4	1222.307	330.6228	0
61	5	47.52461	-25.92224	0
61	6	674.0827	-17.13745	0
61	7	315.5544	-21.18958	0
61	8	-792.973	-1100.338	0
61	9	924.5306	218.5187	0
61	10	109.8878	-26.89157	0
61	11	696.468	-19.5509	0
61	12	-532.3101	350.1725	0
61	13	1468.395	-909.5745	0
61	14	396.9654	-47.92352	0
61	15	-540.169	-803.5918	0
61	16	769.1498	-1209.412	0
61	17	53.83696	-32.27554	0
61	18	977.546	226.62	0
61	19	1591.849	-897.6364	0
61	20	-379.8117	-767.1371	0
61	21	725.3987	-29.29779	0
63	1	2440.806	-1384.948	0
63	2	-731.2606	466.1443	0
63	3	751.9684	-1006.197	0
63	4	1223.638	333.5624	0
63	5	47.7592	-25.44962	0
63	6	673.466	-16.68518	0
63	7	314.369	-20.7428	0
63	8	-802.9024	-1109.521	0
63	9	919.9094	217.2841	0
63	10	110.7767	-26.62308	0
63	11	696.0688	-19.14008	0
63	12	-535.4741	353.6783	0
63	13	1469.235	-912.7177	0
63	14	397.4408	-47.52393	0
63	15	-544.5146	-807.3054	0
63	16	773.3389	-1221.289	0
63	17	54.13982	-31.99731	0
63	18	973.9267	224.9817	0
63	19	1593.985	-899.709	0
63	20	-380.5983	-768.5045	0
63	21	725.2682	-29.18332	0
63	22	387.2687	-38.33908	0
65	1	2446.74	-1392.625	0
65	2	-725.4019	465.6362	0
65	3	757.3741	-1013.739	0
65	4	1224.983	336.5339	0
65	5	47.9958	-24.97403	0
65	6	672.8488	-16.23096	0
65	7	313.1781	-20.29398	0
65	8	-813.0467	-1118.903	0
65	9	915.2988	216.0544	0
65	10	111.6712	-26.35287	0
65	11	695.6639	-18.72607	0
65	12	-538.658	357.2271	0
65	13	1470.089	-915.9144	0
65	14	397.9256	-47.12167	0
65	15	-548.9789	-811.1202	0
65	16	777.7264	-1233.725	0
65	17	54.45326	-31.70459	0
65	18	970.1349	223.2686	0
65	19	1596.732	-902.3746	0
65	20	-381.6089	-770.2611	0
65	21	725.0614	-29.00192	0
65	22	387.4212	-38.19922	0
65	23	-524.5139	254.5815	0
66	1	2449.736	-1396.502	0
66	2	-722.5003	465.3969	0
66	3	760.1171	-1017.566	0
66	4	1225.661	338.0317	0
66	5	48.115	-24.73538	0
66	6	672.54	-16.00317	0
66	7	312.5807	-20.06882	0
66	8	-818.2018	-1123.67	0
66	9	913.0003	215.4422	0
66	10	112.1203	-26.21719	0
66	11	695.4595	-18.51791	0
66	12	-540.2529	359.014	0
66	13	1470.521	-917.531	0
66	14	398.1711	-46.91977	0
66	15	-551.2519	-813.0625	0
66	16	779.9902	-1240.139	0
66	17	54.613	-31.5538	0
66	18	968.1898	222.391	0
66	19	1598.291	-903.8867	0
66	20	-382.1815	-771.2565	0
66	21	724.9352	-28.89127	0
66	22	387.5321	-38.09695	0
66	23	-524.5088	254.7775	0
67	1	2452.753	-1400.405	0
67	2	-719.6187	465.1686	0
67	3	762.8875	-1021.432	0
67	4	1226.342	339.5375	0
67	5	48.23491	-24.49622	0
67	6	672.2311	-15.77478	0
67	7	311.9819	-19.84311	0
67	8	-823.4131	-1128.49	0
67	9	910.7077	214.8319	0
67	10	112.5705	-26.08124	0
67	11	695.2539	-18.30902	0
67	12	-541.848	360.8079	0
67	13	1470.957	-919.1597	0
67	14	398.4187	-46.71744	0
67	15	-553.5504	-815.0269	0
67	16	782.2993	-1246.681	0
67	17	54.77433	-31.40036	0
67	18	966.2181	221.5024	0
67	19	1599.954	-905.5007	0
67	20	-382.7921	-772.3179	0
67	21	724.7966	-28.76974	0
67	22	387.662	-37.97675	0
67	23	-524.5018	255.0527	0
68	1	2455.79	-1404.335	0
68	2	-716.7582	464.952	0
68	3	765.6855	-1025.336	0
68	4	1227.028	341.0515	0
68	5	48.35554	-24.25656	0
68	6	671.9222	-15.54602	0
68	7	311.3817	-19.61697	0
68	8	-828.6816	-1133.362	0
68	9	908.4218	214.2238	0
68	10	113.0218	-25.94489	0
68	11	695.047	-18.09955	0
68	12	-543.4416	362.6077	0
68	13	1471.395	-920.7994	0
68	14	398.6682	-46.51471	0
68	15	-555.8729	-817.0115	0
68	16	784.6522	-1253.347	0
68	17	54.93709	-31.24454	0
68	18	964.2242	220.6045	0
68	19	1601.71	-907.2047	0
68	20	-383.4365	-773.4377	0
68	21	724.6472	-28.63864	0
68	22	387.8084	-37.84082	0
68	23	-524.4929	255.3967	0
69	1	2458.848	-1408.292	0
69	2	-713.9194	464.7473	0
69	3	768.5115	-1029.279	0
69	4	1227.716	342.5737	0
69	5	48.4768	-24.01651	0
69	6	671.6132	-15.31677	0
69	7	310.7803	-19.39029	0
69	8	-834.0077	-1138.288	0
69	9	906.1431	213.618	0
69	10	113.4742	-25.80829	0
69	11	694.8389	-17.88934	0
69	12	-545.0334	364.4127	0
69	13	1471.836	-922.45	0
69	14	398.9194	-46.31168	0
69	15	-558.2194	-819.0165	0
69	16	787.0485	-1260.135	0
69	17	55.10101	-31.08664	0
69	18	962.2117	219.6991	0
69	19	1603.549	-908.9895	0
69	20	-384.1104	-774.6093	0
69	21	724.4881	-28.49908	0
69	22	387.9691	-37.69119	0
69	23	-524.4825	255.8008	0
70	1	2461.928	-1412.277	0
70	2	-711.1027	464.5554	0
70	3	771.3657	-1033.261	0
70	4	1228.409	344.1041	0
70	5	48.59883	-23.77609	0
70	6	671.3039	-15.0871	0
70	7	310.1775	-19.16312	0
70	8	-839.3928	-1143.268	0
70	9	903.8721	213.0146	0
70	10	113.9274	-25.67139	0
70	11	694.6298	-17.67856	0
70	12	-546.6219	366.222	0
70	13	1472.28	-924.1115	0
70	14	399.1724	-46.10828	0
70	15	-560.5886	-821.0411	0
70	16	789.4875	-1267.044	0
70	17	55.26596	-30.92676	0
70	18	960.1834	218.7874	0
70	19	1605.462	-910.8464	0
70	20	-384.8112	-775.8273	0
70	21	724.3207	-28.35229	0
70	22	388.1421	-37.5296	0
70	23	-524.4706	256.2571	0
71	1	2465.028	-1416.288	0
71	2	-708.3086	464.3762	0
71	3	774.2489	-1037.284	0
71	4	1229.106	345.6428	0
71	5	48.72166	-23.53531	0
71	6	670.9946	-14.85684	0
71	7	309.5733	-18.93542	0
71	8	-844.8375	-1148.303	0
71	9	901.6093	212.4137	0
71	10	114.3817	-25.53415	0
71	11	694.4196	-17.46716	0
71	12	-548.207	368.0352	0
71	13	1472.726	-925.7831	0
71	14	399.4269	-45.90463	0
71	15	-562.9803	-823.085	0
71	16	791.9691	-1274.072	0
71	17	55.43169	-30.76505	0
71	18	958.1423	217.8709	0
71	19	1607.443	-912.7679	0
71	20	-385.5356	-777.0864	0
71	21	724.1461	-28.19919	0
71	22	388.326	-37.35745	0
71	23	-524.4579	256.7593	0
72	1	2468.15	-1420.327	0
72	2	-705.5371	464.2103	0
72	3	777.1613	-1041.348	0
72	4	1229.806	347.1898	0
72	5	48.84517	-23.29422	0
72	6	670.6851	-14.62616	0
72	7	308.9679	-18.70721	0
72	8	-850.3431	-1153.395	0
72	9	899.3548	211.8152	0
72	10	114.8366	-25.39676	0
72	11	694.2083	-17.25525	0
72	12	-549.7879	369.8515	0
72	13	1473.176	-927.4651	0
72	14	399.683	-45.70056	0
72	15	-565.3939	-825.1472	0
72	16	794.4928	-1281.219	0
72	17	55.59815	-30.60178	0
72	18	956.0906	216.9504	0
72	19	1609.483	-914.7485	0
72	20	-386.2809	-778.3824	0
72	21	723.9651	-28.04044	0
72	22	388.5192	-37.17609	0
72	23	-524.444	257.3015	0
75	1	2477.644	-1432.612	0
75	2	-697.3594	463.7938	0
75	3	786.078	-1053.789	0
75	4	1231.929	351.8813	0
75	5	49.19833	-22.5553	0
75	6	669.7559	-13.93134	0
75	7	307.1436	-18.01965	0
75	8	-867.2346	-1169.017	0
75	9	892.6448	210.0353	0
75	10	116.2067	-24.98285	0
75	11	693.5678	-16.61594	0
75	12	-554.5015	375.3156	0
75	13	1474.54	-932.569	0
75	14	400.4593	-45.08658	0
75	15	-572.7609	-831.4429	0
75	16	802.317	-1303.376	0
75	17	55.995	-30.12872	0
75	18	949.8909	214.1742	0
75	19	1615.915	-920.9896	0
75	20	-388.6259	-782.4584	0
75	21	723.3912	-27.53711	0
75	22	389.144	-36.58722	0
75	23	-524.3972	259.1218	0
75	24	59.61535	-29.47568	0
75	25	570.1013	-1171.518	0
78	1	2487.338	-1445.154	0
78	2	-689.3824	463.5011	0
78	3	795.2737	-1066.62	0
78	4	1234.255	356.8069	0
78	5	49.51201	-21.78293	0
78	6	668.8253	-13.23236	0
78	7	305.3072	-17.32758	0
78	8	-884.7094	-1185.178	0
78	9	886.0177	208.2786	0
78	10	117.5837	-24.56699	0
78	11	692.9185	-15.97177	0
78	12	-559.168	380.7957	0
78	13	1475.927	-937.7588	0
78	14	401.2464	-44.46948	0
78	15	-580.1914	-837.8555	0
78	16	810.525	-1326.618	0
78	17	56.07845	-29.69736	0
78	18	943.6548	211.3898	0
78	19	1622.727	-927.6001	0
78	20	-391.101	-786.7606	0
78	21	722.7827	-27.00351	0
78	22	389.8192	-35.94806	0
78	23	-524.3448	261.1595	0
78	24	60.73235	-29.27859	0
78	25	571.2628	-1177.65	0
78	26	1205.566	329.0867	0
78	27	-715.8428	-881.8773	0
79	1	2490.615	-1449.394	0
79	2	-686.766	463.431	0
79	3	798.4032	-1070.987	0
79	4	1235.13	358.5551	0
79	5	49.61219	-21.52072	0
79	6	668.5147	-12.99835	0
79	7	304.6924	-17.09583	0
79	8	-890.6692	-1190.689	0
79	9	883.8273	207.6982	0
79	10	118.0441	-24.42789	0
79	11	692.7	-15.75601	0
79	12	-560.7133	382.625	0
79	13	1476.394	-939.5074	0
79	14	401.5108	-44.26303	0
79	15	-582.6379	-840.0044	0
79	16	813.348	-1334.611	0
79	17	56.04742	-29.55472	0
79	18	941.5731	210.4622	0
79	19	1625.068	-929.8724	0
79	20	-391.9498	-788.2361	0
79	21	722.5742	-26.82068	0
79	22	390.0525	-35.72659	0
79	23	-524.3263	261.8748	0
79	24	61.23851	-29.19675	0
79	25	571.8425	-1180.711	0
79	26	1204.329	328.6262	0
79	27	-717.0699	-882.785	0
81	1	2497.237	-1457.962	0
81	2	-681.5937	463.3315	0
81	3	804.7614	-1079.858	0
81	4	1236.987	362.1718	0
81	5	49.80961	-20.99194	0
81	6	667.8931	-12.52905	0
81	7	303.4588	-16.63092	0
81	8	-902.7985	-1201.907	0
81	9	879.4752	206.5447	0
81	10	118.9671	-24.14908	0
81	11	692.2603	-15.323	0
81	12	-563.7893	386.2869	0
81	13	1477.336	-943.0333	0
81	14	402.0425	-43.84897	0
81	15	-587.5109	-844.3282	0
81	16	819.1282	-1350.977	0
81	17	55.92995	-29.26331	0
81	18	937.4102	208.61	0
81	19	1629.731	-934.447	0
81	20	-393.6783	-791.2404	0
81	21	722.1504	-26.44894	0
81	22	390.529	-35.27386	0
81	23	-524.2884	263.3481	0
81	24	62.38536	-29.02084	0
81	25	573.2291	-1188.031	0
81	26	1200.999	327.3913	0
81	27	-720.4128	-885.2573	0
81	28	1769.003	-1007.537	0
82	1	2500.583	-1462.291	0
82	2	-679.0365	463.3018	0
82	3	807.9913	-1084.365	0
82	4	1237.958	364.0305	0
82	5	49.90764	-20.72592	0
82	6	667.5819	-12.29361	0
82	7	302.8399	-16.39771	0
82	8	-908.9697	-1207.614	0
82	9	877.3132	205.9716	0
82	10	119.4296	-24.00934	0
82	11	692.0391	-15.10568	0
82	12	-565.3207	388.1194	0
82	13	1477.811	-944.8098	0
82	14	402.3097	-43.64127	0
82	15	-589.9446	-846.5062	0
82	16	822.0866	-1359.354	0
82	17	55.85756	-29.11295	0
82	18	935.33	207.686	0
82	19	1631.946	-936.6923	0
82	20	-394.5565	-792.7668	0
82	21	721.9355	-26.26053	0
82	22	390.7715	-35.04324	0
82	23	-524.269	264.1031	0
82	24	63.00367	-28.92905	0
82	25	574.0204	-1192.209	0
82	26	1198.985	326.6487	0
82	27	-722.4568	-886.7694	0
82	28	1769.504	-1008.16	0
83	1	2503.953	-1466.652	0
83	2	-676.4974	463.2853	0
83	3	811.2554	-1088.919	0
83	4	1238.952	365.9172	0
83	5	50.00563	-20.45926	0
83	6	667.2706	-12.05777	0
83	7	302.2198	-16.16397	0
83	8	-915.2145	-1213.39	0
83	9	875.1606	205.4009	0
83	10	119.8928	-23.86945	0
83	11	691.817	-14.88788	0
83	12	-566.8484	389.953	0
83	13	1478.288	-946.5967	0
83	14	402.5777	-43.4332	0
83	15	-592.3805	-848.696	0
83	16	825.0919	-1367.862	0
83	17	55.78566	-28.95889	0
83	18	933.2516	206.7637	0
83	19	1634.095	-938.9154	0
83	20	-395.4435	-794.3086	0
83	21	721.7191	-26.07065	0
83	22	391.0164	-34.81018	0
83	23	-524.2495	264.8688	0
83	24	63.63798	-28.83569	0
83	25	574.8687	-1196.687	0
83	26	1196.785	325.8403	0
83	27	-724.7096	-888.4357	0
83	28	1770.211	-1009.034	0
84	1	2507.348	-1471.044	0
84	2	-673.9757	463.2818	0
84	3	814.555	-1093.523	0
84	4	1239.966	367.8282	0
84	5	50.10382	-20.1922	0
84	6	666.959	-11.82144	0
84	7	301.5982	-15.92972	0
84	8	-921.5336	-1219.234	0
84	9	873.0175	204.8326	0
84	10	120.3567	-23.72931	0
84	11	691.5939	-14.66965	0
84	12	-568.3727	391.7877	0
84	13	1478.768	-948.3918	0
84	14	402.8465	-43.22464	0
84	15	-594.8209	-850.8987	0
84	16	828.1442	-1376.505	0
84	17	55.72105	-28.80121	0
84	18	931.1754	205.8433	0
84	19	1636.185	-941.1196	0
84	20	-396.3388	-795.865	0
84	21	721.501	-25.87946	0
84	22	391.2635	-34.57498	0
84	23	-524.2294	265.6442	0
84	24	64.27869	-28.74109	0
84	25	575.7686	-1201.438	0
84	26	1194.426	324.9772	0
84	27	-727.147	-890.239	0
84	28	1771.101	-1010.13	0
85	1	2510.766	-1475.466	0
85	2	-671.4703	463.2909	0
85	3	817.8899	-1098.177	0
85	4	1240.997	369.7605	0
85	5	50.20258	-19.92477	0
85	6	666.6472	-11.58466	0
85	7	300.9753	-15.69498	0
85	8	-927.9284	-1225.147	0
85	9	870.8835	204.2665	0
85	10	120.8213	-23.58899	0
85	11	691.3699	-14.45084	0
85	12	-569.8945	393.6237	0
85	13	1479.25	-950.1965	0
85	14	403.116	-43.01566	0
85	15	-597.2686	-853.1152	0
85	16	831.2453	-1385.284	0
85	17	55.66788	-28.64001	0
85	18	929.1016	204.925	0
85	19	1638.225	-943.3096	0
85	20	-397.2421	-797.4349	0
85	21	721.2816	-25.68704	0
85	22	391.5128	-34.33777	0
85	23	-524.2093	266.4282	0
85	24	64.91755	-28.64532	0
85	25	576.7155	-1206.438	0
85	26	1191.932	324.0693	0
85	27	-729.748	-892.1639	0
85	28	1772.154	-1011.421	0
86	1	2514.209	-1479.921	0
86	2	-668.9802	463.3125	0
86	3	821.2613	-1102.88	0
86	4	1242.042	371.7112	0
86	5	50.30204	-19.65729	0
86	6	666.3353	-11.34735	0
86	7	300.351	-15.45969	0
86	8	-934.4	-1231.133	0
86	9	868.7589	203.7027	0
86	10	121.2865	-23.44852	0
86	11	691.1451	-14.23154	0
86	12	-571.4146	395.461	0
86	13	1479.735	-952.0111	0
86	14	403.3863	-42.80627	0
86	15	-599.7252	-855.3461	0
86	16	834.3954	-1394.203	0
86	17	55.62469	-28.4754	0
86	18	927.0306	204.009	0
86	19	1640.219	-945.4873	0
86	20	-398.1531	-799.0183	0
86	21	721.0609	-25.49347	0
86	22	391.7638	-34.09882	0
86	23	-524.189	267.2202	0
86	24	65.55393	-28.54868	0
86	25	577.7059	-1211.667	0
86	26	1189.326	323.1247	0
86	27	-732.4941	-894.1965	0
86	28	1773.349	-1012.881	0
87	1	2517.677	-1484.407	0
87	2	-666.5042	463.346	0
87	3	824.6694	-1107.636	0
87	4	1243.099	373.6777	0
87	5	50.4023	-19.38983	0
87	6	666.023	-11.10959	0
87	7	299.7254	-15.22388	0
87	8	-940.9501	-1237.19	0
87	9	866.6434	203.1411	0
87	10	121.7524	-23.30774	0
87	11	690.9193	-14.01178	0
87	12	-572.9333	397.2999	0
87	13	1480.223	-953.8348	0
87	14	403.6572	-42.59634	0
87	15	-602.1922	-857.5919	0
87	16	837.5958	-1403.264	0
87	17	55.59025	-28.30756	0
87	18	924.963	203.0955	0
87	19	1642.174	-947.6565	0
87	20	-399.071	-800.6143	0
87	21	720.8391	-25.29895	0
87	22	392.0166	-33.85809	0
87	23	-524.1684	268.0194	0
87	24	66.18798	-28.45108	0
87	25	578.7362	-1217.107	0
87	26	1186.625	322.1508	0
87	27	-735.3708	-896.3265	0
87	28	1774.672	-1014.492	0
88	1	2521.17	-1488.927	0
88	2	-664.0411	463.3913	0
88	3	828.1149	-1112.443	0
88	4	1244.166	375.6579	0
88	5	50.50357	-19.12256	0
88	6	665.7106	-10.87134	0
88	7	299.0984	-14.98761	0
88	8	-947.5804	-1243.322	0
88	9	864.537	202.5816	0
88	10	122.219	-23.16681	0
88	11	690.6926	-13.7915	0
88	12	-574.4518	399.1406	0
88	13	1480.712	-955.668	0
88	14	403.9289	-42.38593	0
88	15	-604.6722	-859.8535	0
88	16	840.8475	-1412.471	0
88	17	55.56354	-28.13678	0
88	18	922.8985	202.1844	0
88	19	1644.096	-949.8197	0
88	20	-399.9967	-802.223	0
88	21	720.6162	-25.10349	0
88	22	392.271	-33.616	0
88	23	-524.1476	268.8254	0
88	24	66.81963	-28.35275	0
88	25	579.8039	-1222.743	0
88	26	1183.845	321.1539	0
88	27	-738.3639	-898.5432	0
88	28	1776.107	-1016.235	0
90	1	2528.231	-1498.063	0
90	2	-659.1487	463.5153	0
90	3	835.1204	-1122.218	0
90	4	1246.318	379.6512	0
90	5	50.70961	-18.58887	0
90	6	665.085	-10.39337	0
90	7	297.8402	-14.5134	0
90	8	-961.0857	-1255.812	0
90	9	860.3513	201.469	0
90	10	123.154	-22.88437	0
90	11	690.2367	-13.34949	0
90	12	-577.4926	402.8288	0
90	13	1481.699	-959.3627	0
90	14	404.4742	-41.96365	0
90	15	-609.6737	-864.4248	0
90	16	847.5094	-1431.331	0
90	17	55.53026	-27.7869	0
90	18	918.7809	200.3705	0
90	19	1647.857	-954.1356	0
90	20	-401.8681	-805.476	0
90	21	720.1584	-24.70953	0
90	22	392.7842	-33.12766	0
90	23	-524.1058	270.4555	0
90	24	68.0758	-28.15396	0
90	25	582.0416	-1234.558	0
90	26	1178.104	319.1122	0
90	27	-744.6547	-903.2045	0
90	28	1779.27	-1020.06	0
90	29	739.4172	-25.9794	0
96	1	2550.045	-1526.287	0
96	2	-644.6215	464.1125	0
96	3	857.1022	-1152.89	0
96	4	1252.813	391.7827	0
96	5	51.36302	-16.99954	0
96	6	663.2016	-8.947693	0
96	7	294.0324	-13.07831	0
96	8	-1003.679	-1295.204	0
96	9	848.0053	198.1779	0
96	10	125.9748	-22.03229	0
96	11	688.848	-12.01151	0
96	12	-586.7377	413.9803	0
96	13	1484.724	-970.6805	0
96	14	406.1269	-40.68222	0
96	15	-624.8449	-878.484	0
96	16	868.8518	-1491.755	0
96	17	55.55138	-26.68182	0
96	18	906.5293	194.9991	0
96	19	1658.747	-967.1221	0
96	20	-407.6405	-815.5096	0
96	21	718.6235	-23.49982	0
96	22	394.3536	-31.63669	0
96	23	-523.9769	275.4666	0
96	24	71.78456	-27.54178	0
96	25	589.4637	-1273.744	0
96	26	1160.12	312.8733	0
96	27	-757.0745	-916.0852	0
96	28	1790.47	-1033.503	0
96	29	738.2813	-25.65179	0
96	30	-711.8081	414.1669	0
96	31	30.95791	-31.72427	0
96	32	395.5413	-50.73337	0
96	33	-778.3078	-918.4812	0
96	34	1107.88	217.1741	0
97	1	2553.775	-1531.113	0
97	2	-642.2021	464.2368	0
97	3	860.9139	-1158.208	0
97	4	1253.885	393.8139	0
97	5	51.4777	-16.73669	0
97	6	662.8867	-8.705048	0
97	7	293.3929	-12.83728	0
97	8	-1011.099	-1302.066	0
97	9	845.9774	197.6357	0
97	10	126.4472	-21.88965	0
97	11	688.6135	-11.78677	0
97	12	-588.3139	415.8585	0
97	13	1485.237	-972.6016	0
97	14	406.4045	-40.46658	0
97	15	-627.376	-880.8732	0
97	16	872.6211	-1502.427	0
97	17	55.56876	-26.49091	0
97	18	904.5034	194.1148	0
97	19	1660.534	-969.3043	0
97	20	-408.6247	-817.2206	0
97	21	718.3546	-23.29483	0
97	22	394.619	-31.38504	0
97	23	-523.955	276.3169	0
97	24	72.39337	-27.43756	0
97	25	590.7937	-1280.765	0
97	26	1157.083	311.8442	0
97	27	-758.2991	-918.1805	0
97	28	1792.522	-1035.954	0
97	29	737.9962	-25.5708	0
97	30	-711.9019	414.9124	0
97	31	31.17307	-31.66293	0
97	32	395.3927	-50.63315	0
97	33	-781.1538	-919.925	0
97	34	1106.867	216.944	0
98	1	2557.534	-1535.977	0
98	2	-639.7769	464.3656	0
98	3	864.7699	-1163.588	0
98	4	1254.951	395.8453	0
98	5	51.59432	-16.47455	0
98	6	662.5715	-8.461884	0
98	7	292.7519	-12.5957	0
98	8	-1018.615	-1309.017	0
98	9	843.9581	197.0952	0
98	10	126.9202	-21.74677	0
98	11	688.3782	-11.56152	0
98	12	-589.9054	417.7447	0
98	13	1485.753	-974.5326	0
98	14	406.6826	-40.25055	0
98	15	-629.9142	-883.2778	0
98	16	876.455	-1513.281	0
98	17	55.58957	-26.29831	0
98	18	902.4824	193.2338	0
98	19	1662.319	-971.4948	0
98	20	-409.6154	-818.9426	0
98	21	718.0837	-23.08896	0
98	22	394.8854	-31.13254	0
98	23	-523.933	277.1711	0
98	24	72.9995	-27.33249	0
98	25	592.1487	-1287.919	0
98	26	1154.046	310.8228	0
98	27	-759.6732	-920.3751	0
98	28	1794.615	-1038.453	0
98	29	737.6921	-25.48465	0
98	30	-712.0051	415.733	0
98	31	31.41585	-31.59375	0
98	32	395.225	-50.51993	0
98	33	-784.0753	-921.4819	0
98	34	1105.682	216.6745	0
99	1	2561.32	-1540.876	0
99	2	-637.3441	464.4977	0
99	3	868.6708	-1169.031	0
99	4	1256.01	397.8759	0
99	5	51.71275	-16.21307	0
99	6	662.256	-8.21814	0
99	7	292.1095	-12.35361	0
99	8	-1026.23	-1316.059	0
99	9	841.9468	196.5563	0
99	10	127.394	-21.60367	0
99	11	688.142	-11.33575	0
99	12	-591.5144	419.6399	0
99	13	1486.272	-976.4735	0
99	14	406.9612	-40.034	0
99	15	-632.462	-885.6989	0
99	16	880.3554	-1524.324	0
99	17	55.61355	-26.10413	0
99	18	900.4664	192.356	0
99	19	1664.102	-973.6932	0
99	20	-410.6122	-820.6753	0
99	21	717.811	-22.88223	0
99	22	395.1528	-30.8793	0
99	23	-523.9108	278.029	0
99	24	73.60271	-27.22687	0
99	25	593.5283	-1295.203	0
99	26	1151.014	309.8102	0
99	27	-761.2293	-922.6682	0
99	28	1796.745	-1040.995	0
99	29	737.3713	-25.39423	0
99	30	-712.1165	416.6194	0
99	31	31.68261	-31.5177	0
99	32	395.0406	-50.39539	0
99	33	-787.0242	-923.1348	0
99	34	1104.346	216.371	0
100	1	2565.136	-1545.812	0
100	2	-634.9001	464.6317	0
100	3	872.6174	-1174.538	0
100	4	1257.061	399.9052	0
100	5	51.8331	-15.95227	0
100	6	661.9402	-7.973999	0
100	7	291.4656	-12.11093	0
100	8	-1033.945	-1323.194	0
100	9	839.9438	196.0191	0
100	10	127.8684	-21.46033	0
100	11	687.905	-11.10956	0
100	12	-593.1437	421.5455	0
100	13	1486.793	-978.4248	0
100	14	407.2403	-39.81693	0
100	15	-635.0198	-888.1354	0
100	16	884.3235	-1535.558	0
100	17	55.64059	-25.90848	0
100	18	898.4553	191.4815	0
100	19	1665.886	-975.8997	0
100	20	-411.6153	-822.4191	0
100	21	717.5372	-22.67477	0
100	22	395.4212	-30.62527	0
100	23	-523.8887	278.8906	0
100	24	74.20298	-27.12051	0
100	25	594.9326	-1302.617	0
100	26	1147.988	308.8076	0
100	27	-762.9891	-925.0557	0
100	28	1798.911	-1043.578	0
100	29	737.0358	-25.2999	0
100	30	-712.2354	417.5637	0
100	31	31.97025	-31.4357	0
100	32	394.8417	-50.26102	0
100	33	-789.9648	-924.8723	0
100	34	1102.882	216.0382	0
101	1	2568.979	-1550.786	0
101	2	-632.4428	464.7661	0
101	3	876.6108	-1180.11	0
101	4	1258.102	401.9327	0
101	5	51.95539	-15.69211	0
101	6	661.6241	-7.72934	0
101	7	290.8204	-11.86777	0
101	8	-1041.761	-1330.423	0
101	9	837.949	195.4834	0
101	10	128.3434	-21.31686	0
101	11	687.6671	-10.88284	0
101	12	-594.7954	423.4628	0
101	13	1487.317	-980.3861	0
101	14	407.52	-39.59946	0
101	15	-637.5905	-890.5897	0
101	16	888.3616	-1546.991	0
101	17	55.67064	-25.71146	0
101	18	896.4493	190.6103	0
101	19	1667.673	-978.1162	0
101	20	-412.6248	-824.1737	0
101	21	717.2621	-22.46661	0
101	22	395.6905	-30.37061	0
101	23	-523.8665	279.7558	0
101	24	74.80038	-27.0134	0
101	25	596.3613	-1310.16	0
101	26	1144.972	307.8158	0
101	27	-764.9656	-927.5322	0
101	28	1801.11	-1046.198	0
101	29	736.6872	-25.20239	0
101	30	-712.3606	418.559	0
101	31	32.27615	-31.34848	0
101	32	394.6302	-50.11801	0
101	33	-792.8784	-926.686	0
101	34	1101.307	215.6802	0
102	1	2572.852	-1555.797	0
102	2	-629.9691	464.8995	0
102	3	880.6518	-1185.749	0
102	4	1259.133	403.9575	0
102	5	52.07965	-15.43256	0
102	6	661.3077	-7.4841	0
102	7	290.1737	-11.62405	0
102	8	-1049.682	-1337.748	0
102	9	835.962	194.9492	0
102	10	128.8191	-21.17316	0
102	11	687.4283	-10.65561	0
102	12	-596.4724	425.3931	0
102	13	1487.844	-982.3582	0
102	14	407.8001	-39.38135	0
102	15	-640.1747	-893.0614	0
102	16	892.4712	-1558.625	0
102	17	55.70363	-25.51309	0
102	18	894.4482	189.7425	0
102	19	1669.462	-980.3422	0
102	20	-413.6405	-825.9392	0
102	21	716.9863	-22.25769	0
102	22	395.9607	-30.11511	0
102	23	-523.8441	280.6245	0
102	24	75.39479	-26.90558	0
102	25	597.8145	-1317.832	0
102	26	1141.968	306.8353	0
102	27	-767.162	-930.0914	0
102	28	1803.34	-1048.855	0
102	29	736.3271	-25.1019	0
102	30	-712.4915	419.5991	0
102	31	32.59775	-31.25684	0
102	32	394.4075	-49.9675	0
102	33	-795.7656	-928.5659	0
102	34	1099.636	215.3005	0
103	1	2576.755	-1560.847	0
103	2	-627.4761	465.0302	0
103	3	884.7408	-1191.454	0
103	4	1260.153	405.9793	0
103	5	52.20586	-15.1738	0
103	6	660.9909	-7.238434	0
103	7	289.5256	-11.37976	0
103	8	-1057.709	-1345.172	0
103	9	833.983	194.4166	0
103	10	129.2954	-21.02933	0
103	11	687.1888	-10.42786	0
103	12	-598.1769	427.338	0
103	13	1488.374	-984.3408	0
103	14	408.0807	-39.16278	0
103	15	-642.7731	-895.5507	0
103	16	896.654	-1570.467	0
103	17	55.73942	-25.31351	0
103	18	892.4525	188.8781	0
103	19	1671.255	-982.5785	0
103	20	-414.6626	-827.7157	0
103	21	716.7098	-22.04803	0
103	22	396.2319	-29.85898	0
103	23	-523.8217	281.4967	0
103	24	75.98615	-26.797	0
103	25	599.2921	-1325.633	0
103	26	1138.977	305.8669	0
103	27	-769.558	-932.7279	0
103	28	1805.599	-1051.545	0
103	29	735.9568	-24.99887	0
103	30	-712.6274	420.679	0
103	31	32.93313	-31.16119	0
103	32	394.1751	-49.81039	0
103	33	-798.6283	-930.504	0
103	34	1097.884	214.9023	0
105	1	2584.651	-1571.063	0
105	2	-622.4211	465.2764	0
105	3	893.134	-1203.182	0
105	4	1262.158	410.0121	0
105	5	52.46443	-14.65808	0
105	6	660.3563	-6.745483	0
105	7	288.225	-10.88965	0
105	8	-1074.091	-1360.322	0
105	9	830.0486	193.3555	0
105	10	130.25	-20.74094	0
105	11	686.7072	-9.970886	0
105	12	-601.6799	431.2782	0
105	13	1489.443	-988.3372	0
105	14	408.6435	-38.724	0
105	15	-648.0173	-900.5835	0
105	16	905.2488	-1594.801	0
105	17	55.81931	-24.91071	0
105	18	888.4765	187.1595	0
105	19	1674.857	-987.0833	0
105	20	-416.726	-831.3024	0
105	21	716.1553	-21.62677	0
105	22	396.777	-29.34479	0
105	23	-523.7766	283.2513	0
105	24	77.15981	-26.57748	0
105	25	602.3212	-1341.625	0
105	26	1133.039	303.9674	0
105	27	-774.8812	-938.214	0
105	28	1810.198	-1057.021	0
105	29	735.1902	-24.78665	0
105	30	-712.9119	422.9408	0
105	31	33.63859	-30.96011	0
105	32	393.6859	-49.47955	0
105	33	-804.2885	-934.5297	0
105	34	1094.18	214.0603	0
105	35	817.1621	-1078.628	0
106	1	2588.644	-1576.229	0
106	2	-619.8539	465.3884	0
106	3	897.4979	-1209.302	0
106	4	1263.143	412.0235	0
106	5	52.59671	-14.40115	0
106	6	660.0385	-6.498199	0
106	7	287.5726	-10.64377	0
106	8	-1082.45	-1368.052	0
106	9	828.093	192.8271	0
106	10	130.7283	-20.5965	0
106	11	686.4651	-9.741577	0
106	12	-603.4833	433.2769	0
106	13	1489.98	-990.3508	0
106	14	408.9257	-38.50372	0
106	15	-650.6642	-903.1273	0
106	16	909.6644	-1607.302	0
106	17	55.86334	-24.70764	0
106	18	886.4964	186.3053	0
106	19	1676.668	-989.3522	0
106	20	-417.7673	-833.1122	0
106	21	715.8775	-21.4151	0
106	22	397.0509	-29.08664	0
106	23	-523.754	284.1337	0
106	24	77.74196	-26.46655	0
106	25	603.8732	-1349.819	0
106	26	1130.093	303.035	0
106	27	-777.7791	-941.0554	0
106	28	1812.535	-1059.804	0
106	29	734.7957	-24.67798	0
106	30	-713.0598	424.1154	0
106	31	34.00566	-30.85553	0
106	32	393.431	-49.30713	0
106	33	-807.0899	-936.6067	0
106	34	1092.247	213.6209	0
106	35	817.601	-1079.673	0
107	1	2592.668	-1581.436	0
107	2	-617.2564	465.4904	0
107	3	901.9647	-1215.576	0
107	4	1264.118	414.0338	0
107	5	52.73114	-14.1449	0
107	6	659.7204	-6.250458	0
107	7	286.9186	-10.39728	0
107	8	-1090.924	-1375.89	0
107	9	826.1449	192.3001	0
107	10	131.2073	-20.45175	0
107	11	686.2222	-9.511871	0
107	12	-605.3249	435.2969	0
107	13	1490.521	-992.3759	0
107	14	409.2084	-38.28296	0
107	15	-653.3292	-905.6902	0
107	16	914.162	-1620.035	0
107	17	55.91004	-24.5036	0
107	18	884.5215	185.4545	0
107	19	1678.485	-991.6331	0
107	20	-418.815	-834.9332	0
107	21	715.5996	-21.20285	0
107	22	397.3256	-28.82788	0
107	23	-523.7311	285.0193	0
107	24	78.32101	-26.35474	0
107	25	605.4504	-1358.146	0
107	26	1127.161	302.1127	0
107	27	-780.8184	-943.9586	0
107	28	1814.896	-1062.616	0
107	29	734.395	-24.56781	0
107	30	-713.2107	425.315	0
107	31	34.38084	-30.74857	0
107	32	393.1703	-49.1308	0
107	33	-809.8742	-938.7197	0
107	34	1090.27	213.1716	0
107	35	818.2205	-1081.146	0
108	1	2596.723	-1586.683	0
108	2	-614.6265	465.5808	0
108	3	906.5292	-1221.995	0
108	4	1265.087	416.0447	0
108	5	52.86758	-13.88928	0
108	6	659.4019	-6.002228	0
108	7	286.2633	-10.15027	0
108	8	-1099.516	-1383.836	0
108	9	824.2044	191.7743	0
108	10	131.687	-20.30688	0
108	11	685.9785	-9.281555	0
108	12	-607.2068	437.3401	0
108	13	1491.065	-994.4117	0
108	14	409.4917	-38.06165	0
108	15	-656.0125	-908.2723	0
108	16	918.7436	-1633.006	0
108	17	55.95934	-24.29861	0
108	18	882.5519	184.6072	0
108	19	1680.311	-993.9252	0
108	20	-419.8689	-836.7653	0
108	21	715.3215	-20.98993	0
108	22	397.6013	-28.56842	0
108	23	-523.7082	285.9083	0
108	24	78.89695	-26.24219	0
108	25	607.0533	-1366.609	0
108	26	1124.241	301.1993	0
108	27	-783.988	-946.9199	0
108	28	1817.281	-1065.456	0
108	29	733.9884	-24.45642	0
108	30	-713.3646	426.5372	0
108	31	34.76302	-30.63962	0
108	32	392.9044	-48.95099	0
108	33	-812.6441	-940.8661	0
108	34	1088.256	212.7139	0
108	35	818.9999	-1083	0
109	1	2600.81	-1591.971	0
109	2	-611.9622	465.6577	0
109	3	911.1876	-1228.551	0
109	4	1266.049	418.0578	0
109	5	53.00612	-13.63422	0
109	6	659.0831	-5.753357	0
109	7	285.6064	-9.90271	0
109	8	-1108.228	-1391.893	0
109	9	822.2715	191.2499	0
109	10	132.1673	-20.16183	0
109	11	685.7339	-9.050812	0
109	12	-609.1309	439.4081	0
109	13	1491.612	-996.4583	0
109	14	409.7754	-37.83978	0
109	15	-658.7145	-910.8734	0
109	16	923.4116	-1646.222	0
109	17	56.01131	-24.09259	0
109	18	880.5878	183.7633	0
109	19	1682.145	-996.2299	0
109	20	-420.9295	-838.609	0
109	21	715.0433	-20.77646	0
109	22	397.8778	-28.30844	0
109	23	-523.6853	286.8005	0
109	24	79.46968	-26.12872	0
109	25	608.682	-1375.208	0
109	26	1121.335	300.2942	0
109	27	-787.2786	-949.9373	0
109	28	1819.688	-1068.323	0
109	29	733.5768	-24.3439	0
109	30	-713.5209	427.7797	0
109	31	35.1514	-30.52887	0
109	32	392.6341	-48.76807	0
109	33	-815.4008	-943.0427	0
109	34	1086.21	212.2491	0
109	35	819.9207	-1085.189	0
114	1	2622.263	-1619.446	0
114	2	-598.0829	465.7878	0
114	3	935.7871	-1263.189	0
114	4	1270.822	428.1959	0
114	5	53.73029	-12.36752	0
114	6	657.4832	-4.501495	0
114	7	282.3	-8.656555	0
114	8	-1153.683	-1433.93	0
114	9	812.7164	188.6458	0
114	10	134.5786	-19.43344	0
114	11	684.4987	-7.88916	0
114	12	-619.4402	450.1754	0
114	13	1494.392	-1006.859	0
114	14	411.2024	-36.72177	0
114	15	-672.5261	-924.1791	0
114	16	948.1384	-1716.227	0
114	17	56.30964	-23.04999	0
114	18	870.8475	179.5958	0
114	19	1691.462	-1007.941	0
114	20	-426.3328	-848.0007	0
114	21	713.6518	-19.6998	0
114	22	399.2738	-26.99872	0
114	23	-523.5693	291.3109	0
114	24	82.28598	-25.54843	0
114	25	617.2307	-1420.341	0
114	26	1106.976	295.8687	0
114	27	-805.3055	-965.8077	0
114	28	1831.498	-1082.734	0
114	29	731.4578	-23.76929	0
114	30	-714.321	434.2352	0
114	31	37.16277	-29.95557	0
114	32	391.2301	-47.81805	0
114	33	-829.035	-954.2875	0
114	34	1075.666	209.8525	0
114	35	826.1841	-1100.073	0
114	36	2196.718	-1291.741	0
114	37	663.991	-48.62646	0
114	38	-897.6282	481.9909	0
115	1	2626.753	-1625.149	0
115	2	-595.1926	465.7548	0
115	3	940.9567	-1270.464	0
115	4	1271.775	430.2446	0
115	5	53.88155	-12.11578	0
115	6	657.162	-4.249512	0
115	7	281.6342	-8.405701	0
115	8	-1163.172	-1442.705	0
115	9	810.827	188.1284	0
115	10	135.0629	-19.2872	0
115	11	684.2491	-7.655273	0
115	12	-621.6463	452.4236	0
115	13	1494.957	-1008.973	0
115	14	411.4893	-36.49637	0
115	15	-675.3518	-926.9016	0
115	16	953.3805	-1731.068	0
115	17	56.37692	-22.83917	0
115	18	868.916	178.7727	0
115	19	1693.356	-1010.323	0
115	20	-427.434	-849.9146	0
115	21	713.3736	-19.48267	0
115	22	399.5556	-26.73489	0
115	23	-523.5458	292.2227	0
115	24	82.83975	-25.42966	0
115	25	619.0248	-1429.814	0
115	26	1104.137	295.0002	0
115	27	-809.1888	-969.131	0
115	28	1833.775	-1085.608	0
115	29	731.0242	-23.65259	0
115	30	-714.467	435.5617	0
115	31	37.57547	-29.83792	0
115	32	390.9413	-47.62262	0
115	33	-831.74	-956.5963	0
115	34	1073.516	209.3639	0
115	35	827.6987	-1103.671	0
115	36	2198.175	-1293.623	0
115	37	663.9025	-48.55386	0
115	38	-896.8711	481.9221	0
117	1	2635.87	-1636.715	0
117	2	-589.3008	465.6242	0
117	3	951.5386	-1285.344	0
117	4	1273.687	434.3688	0
117	5	54.19017	-11.61383	0
117	6	656.5185	-3.743958	0
117	7	280.2981	-7.90213	0
117	8	-1182.57	-1460.646	0
117	9	807.0687	187.0969	0
117	10	136.0334	-18.99402	0
117	11	683.7476	-7.186005	0
117	12	-626.2043	457.0229	0
117	13	1496.096	-1013.236	0
117	14	412.065	-36.04398	0
117	15	-681.0701	-932.4105	0
117	16	964.1854	-1761.658	0
117	17	56.51918	-22.41547	0
117	18	865.0707	177.1366	0
117	19	1697.179	-1015.126	0
117	20	-429.6563	-853.7777	0
117	21	712.8174	-19.04672	0
117	22	400.1219	-26.20541	0
117	23	-523.4988	294.0562	0
117	24	83.938	-25.18951	0
117	25	622.7024	-1449.23	0
117	26	1098.5	293.287	0
117	27	-817.2031	-975.9199	0
117	28	1838.269	-1091.362	0
117	29	730.1494	-23.41785	0
117	30	-714.7446	438.2433	0
117	31	38.40845	-29.60049	0
117	32	390.3573	-47.22751	0
117	33	-837.1366	-961.2637	0
117	34	1069.194	208.3815	0
117	35	830.9331	-1111.356	0
117	36	2201.697	-1298.134	0
117	37	663.6812	-48.37234	0
117	38	-894.4761	481.7025	0
117	39	1035.365	233.1674	0
118	1	2640.49	-1642.573	0
118	2	-586.3025	465.5263	0
118	3	956.9509	-1292.949	0
118	4	1274.647	436.4455	0
118	5	54.34756	-11.36349	0
118	6	656.1961	-3.490417	0
118	7	279.6279	-7.649475	0
118	8	-1192.487	-1469.817	0
118	9	805.1998	186.5828	0
118	10	136.5197	-18.84708	0
118	11	683.4955	-6.950562	0
118	12	-628.5554	459.3751	0
118	13	1496.671	-1015.385	0
118	14	412.3537	-35.81683	0
118	15	-683.9636	-935.1975	0
118	16	969.7548	-1777.426	0
118	17	56.59404	-22.2027	0
118	18	863.1572	176.3236	0
118	19	1699.107	-1017.547	0
118	20	-430.7781	-855.7273	0
118	21	712.5394	-18.82785	0
118	22	400.4063	-25.93973	0
118	23	-523.4751	294.9779	0
118	24	84.48273	-25.06824	0
118	25	624.5873	-1459.181	0
118	26	1095.711	292.4508	0
118	27	-821.3292	-979.3857	0
118	28	1840.491	-1094.245	0
118	29	729.7084	-23.29987	0
118	30	-714.8799	439.5981	0
118	31	38.82819	-29.48083	0
118	32	390.0627	-47.02811	0
118	33	-839.8287	-963.6198	0
118	34	1067.025	207.8885	0
118	35	832.643	-1115.418	0
118	36	2203.726	-1300.714	0
118	37	663.5522	-48.26663	0
118	38	-892.9127	481.5583	0
118	39	1035.227	233.331	0
122	1	2659.317	-1666.474	0
122	2	-574.0041	464.9224	0
122	3	979.4156	-1324.463	0
122	4	1278.519	444.8593	0
122	5	55.0407	-10.3548	0
122	6	654.9025	-2.470642	0
122	7	276.9315	-6.63327	0
122	8	-1233.678	-1507.912	0
122	9	797.7854	184.5375	0
122	10	138.4716	-18.25757	0
122	11	682.4794	-6.003571	0
122	12	-638.4169	469.1425	0
122	13	1499	-1024.102	0
122	14	413.5141	-34.90237	0
122	15	-695.7728	-946.5669	0
122	16	993.2294	-1843.885	0
122	17	56.96567	-21.36884	0
122	18	855.569	173.1043	0
122	19	1706.938	-1027.372	0
122	20	-435.3364	-863.6509	0
122	21	711.428	-17.94666	0
122	22	401.5529	-24.8707	0
122	23	-523.3795	298.6977	0
122	24	86.63662	-24.57639	0
122	25	632.4487	-1500.686	0
122	26	1084.721	289.2184	0
122	27	-838.7241	-993.8397	0
122	28	1849.264	-1105.846	0
122	29	727.9249	-22.82541	0
122	30	-715.4166	445.1054	0
122	31	40.52441	-28.99734	0
122	32	388.8689	-46.22028	0
122	33	-851.0352	-973.4703	0
122	34	1058.329	205.908	0
122	35	840.0128	-1132.924	0
122	36	2213.269	-1312.717	0
122	37	662.947	-47.77032	0
122	38	-884.8945	480.8129	0
122	39	1034.179	234.5627	0
122	40	40.82479	-13.81754	0
122	41	-711.4805	-884.7017	0
122	42	348.8185	-34.63315	0
124	1	2668.929	-1678.699	0
124	2	-567.7053	464.5015	0
124	3	991.1463	-1340.887	0
124	4	1280.481	449.1358	0
124	5	55.42846	-9.842896	0
124	6	654.2531	-1.957458	0
124	7	275.5741	-6.121674	0
124	8	-1255.239	-1527.851	0
124	9	794.1121	183.5217	0
124	10	139.4517	-17.96149	0
124	11	681.9664	-5.526917	0
124	12	-643.6025	474.241	0
124	13	1500.184	-1028.532	0
124	14	414.0977	-34.44153	0
124	15	-701.8243	-952.3888	0
124	16	1005.74	-1879.304	0
124	17	57.20771	-20.96808	0
124	18	851.8151	171.514	0
124	19	1710.926	-1032.368	0
124	20	-437.6594	-867.6887	0
124	21	710.8729	-17.50259	0
124	22	402.1314	-24.33243	0
124	23	-523.3312	300.5776	0
124	24	87.70001	-24.32693	0
124	25	636.5842	-1522.52	0
124	26	1079.314	287.6609	0
124	27	-847.9518	-1001.433	0
124	28	1853.614	-1111.708	0
124	29	727.0225	-22.58676	0
124	30	-715.6883	447.9088	0
124	31	41.38089	-28.7532	0
124	32	388.2644	-45.81119	0
124	33	-856.9824	-978.6945	0
124	34	1053.981	204.9152	0
124	35	843.98	-1142.347	0
124	36	2218.734	-1319.522	0
124	37	662.6051	-47.49002	0
124	38	-880.1235	480.3666	0
124	39	1033.436	235.4268	0
124	40	41.16592	-13.66928	0
124	41	-712.653	-886.2666	0
124	42	349.0894	-34.52426	0
124	43	613.715	-861.298	0
125	1	2673.785	-1684.881	0
125	2	-564.5276	464.2644	0
125	3	997.1398	-1349.271	0
125	4	1281.469	451.2925	0
125	5	55.62863	-9.58551	0
125	6	653.9278	-1.700073	0
125	7	274.8931	-5.865051	0
125	8	-1266.275	-1538.057	0
125	9	792.2833	183.0155	0
125	10	139.9427	-17.81317	0
125	11	681.7087	-5.287811	0
125	12	-646.2529	476.8432	0
125	13	1500.781	-1030.766	0
125	14	414.3904	-34.21021	0
125	15	-704.8878	-955.335	0
125	16	1012.204	-1897.604	0
125	17	57.34084	-20.77072	0
125	18	849.9485	170.7235	0
125	19	1712.938	-1034.887	0
125	20	-438.8319	-869.7271	0
125	21	710.5955	-17.27975	0
125	22	402.422	-24.06232	0
125	23	-523.3069	301.5226	0
125	24	88.22865	-24.20148	0
125	25	638.7061	-1533.722	0
125	26	1076.63	286.8953	0
125	27	-852.6843	-1005.311	0
125	28	1855.785	-1114.658	0
125	29	726.5691	-22.46725	0
125	30	-715.8254	449.3223	0
125	31	41.81087	-28.63062	0
125	32	387.9605	-45.60553	0
125	33	-860.0137	-981.3623	0
125	34	1051.81	204.4187	0
125	35	846.028	-1147.21	0
125	36	2221.609	-1323.087	0
125	37	662.4269	-47.34393	0
125	38	-877.6041	480.1303	0
125	39	1033.024	235.9023	0
125	40	41.37378	-13.57861	0
125	41	-713.3832	-887.2328	0
125	42	349.287	-34.44485	0
125	43	613.9219	-861.9576	0
126	1	2678.673	-1691.109	0
126	2	-561.3345	464.0109	0
126	3	1003.22	-1357.77	0
126	4	1282.462	453.4619	0
126	5	55.83192	-9.32724	0
126	6	653.6019	-1.442139	0
126	7	274.2105	-5.607788	0
126	8	-1277.484	-1548.424	0
126	9	790.4597	182.5106	0
126	10	140.4344	-17.66461	0
126	11	681.4501	-5.048126	0
126	12	-648.9388	479.4803	0
126	13	1501.381	-1033.013	0
126	14	414.6837	-33.97827	0
126	15	-707.9767	-958.3047	0
126	16	1018.813	-1916.315	0
126	17	57.48136	-20.57495	0
126	18	848.0887	169.9362	0
126	19	1714.963	-1037.42	0
126	20	-440.0122	-871.7784	0
126	21	710.3181	-17.0563	0
126	22	402.7135	-23.79163	0
126	23	-523.2825	302.471	0
126	24	88.75542	-24.07547	0
126	25	640.8653	-1545.122	0
126	26	1073.958	286.1381	0
126	27	-857.4931	-1009.243	0
126	28	1857.957	-1117.621	0
126	29	726.1141	-22.34747	0
126	30	-715.9631	450.7433	0
126	31	42.24181	-28.50784	0
126	32	387.6555	-45.39914	0
126	33	-863.077	-984.0624	0
126	34	1049.64	203.9225	0
126	35	848.117	-1152.17	0
126	36	2224.567	-1326.746	0
126	37	662.2449	-47.19458	0
126	38	-875.0117	479.8869	0
126	39	1032.591	236.4013	0
126	40	41.60226	-13.47873	0
126	41	-714.1975	-888.3041	0
126	42	349.519	-34.35162	0
126	43	614.2128	-862.8843	0
127	1	2683.597	-1697.385	0
127	2	-558.1288	463.7421	0
127	3	1009.388	-1366.387	0
127	4	1283.461	455.6442	0
127	5	56.03787	-9.068146	0
127	6	653.2757	-1.183624	0
127	7	273.5263	-5.349945	0
127	8	-1288.873	-1558.957	0
127	9	788.6409	182.0068	0
127	10	140.9268	-17.5159	0
127	11	681.1908	-4.807953	0
127	12	-651.658	482.1521	0
127	13	1501.985	-1035.273	0
127	14	414.9776	-33.74573	0
127	15	-711.0924	-961.2992	0
127	16	1025.572	-1935.451	0
127	17	57.62881	-20.38068	0
127	18	846.2357	169.152	0
127	19	1717.001	-1039.969	0
127	20	-441.2002	-873.8433	0
127	21	710.0408	-16.83234	0
127	22	403.0058	-23.5202	0
127	23	-523.2581	303.4228	0
127	24	89.28037	-23.94901	0
127	25	643.0627	-1556.724	0
127	26	1071.298	285.389	0
127	27	-862.3754	-1013.225	0
127	28	1860.129	-1120.599	0
127	29	725.6576	-22.22754	0
127	30	-716.102	452.1716	0
127	31	42.67382	-28.38464	0
127	32	387.3495	-45.19208	0
127	33	-866.1666	-986.7911	0
127	34	1047.473	203.4267	0
127	35	850.2465	-1157.226	0
127	36	2227.606	-1330.495	0
127	37	662.0593	-47.04245	0
127	38	-872.3562	479.6373	0
127	39	1032.138	236.9204	0
127	40	41.84872	-13.3707	0
127	41	-715.088	-889.4696	0
127	42	349.7808	-34.24637	0
127	43	614.5772	-864.046	0
128	1	2688.555	-1703.71	0
128	2	-554.9131	463.4594	0
128	3	1015.645	-1375.123	0
128	4	1284.465	457.8398	0
128	5	56.24578	-8.808411	0
128	6	652.949	-0.92453	0
128	7	272.8407	-5.091492	0
128	8	-1300.446	-1569.66	0
128	9	786.8271	181.5042	0
128	10	141.4199	-17.36691	0
128	11	680.9307	-4.5672	0
128	12	-654.4085	484.858	0
128	13	1502.592	-1037.545	0
128	14	415.272	-33.51254	0
128	15	-714.2336	-964.3173	0
128	16	1032.487	-1955.028	0
128	17	57.78283	-20.18771	0
128	18	844.39	168.3708	0
128	19	1719.051	-1042.531	0
128	20	-442.3956	-875.9211	0
128	21	709.7636	-16.60782	0
128	22	403.2991	-23.24823	0
128	23	-523.2335	304.378	0
128	24	89.80357	-23.82205	0
128	25	645.2997	-1568.534	0
128	26	1068.65	284.6479	0
128	27	-867.3296	-1017.258	0
128	28	1862.304	-1123.593	0
128	29	725.1998	-22.10751	0
128	30	-716.2422	453.607	0
128	31	43.10668	-28.26126	0
128	32	387.0426	-44.98434	0
128	33	-869.2801	-989.5463	0
128	34	1045.308	202.9315	0
128	35	852.4156	-1162.375	0
128	36	2230.717	-1334.327	0
128	37	661.8705	-46.8877	0
128	38	-869.6469	479.3823	0
128	39	1031.669	237.4566	0
128	40	42.11082	-13.25555	0
128	41	-716.0482	-890.7201	0
128	42	350.0686	-34.13068	0
128	43	615.0062	-865.4128	0
130	1	2698.583	-1716.51	0
130	2	-548.4617	462.8563	0
130	3	1028.434	-1392.962	0
130	4	1286.491	462.2712	0
130	5	56.66616	-8.286896	0
130	6	652.2941	-0.4046631	0
130	7	271.4645	-4.572906	0
130	8	-1324.161	-1591.592	0
130	9	783.2139	180.5025	0
130	10	142.4082	-17.06842	0
130	11	680.4079	-4.084167	0
130	12	-659.995	490.3704	0
130	13	1503.817	-1042.127	0
130	14	415.8627	-33.04437	0
130	15	-720.5966	-970.4282	0
130	16	1046.803	-1995.56	0
130	17	58.10885	-19.80475	0
130	18	840.7186	166.8177	0
130	19	1723.191	-1047.699	0
130	20	-444.8101	-880.1183	0
130	21	709.2094	-16.15707	0
130	22	403.8882	-22.70224	0
130	23	-523.184	306.2987	0
130	24	90.84504	-23.56689	0
130	25	649.8954	-1592.798	0
130	26	1063.384	283.1884	0
130	27	-877.4506	-1025.474	0
130	28	1866.667	-1129.63	0
130	29	724.2801	-21.86691	0
130	30	-716.526	456.4977	0
130	31	43.97495	-28.01376	0
130	32	386.426	-44.56708	0
130	33	-875.5651	-995.1262	0
130	34	1040.987	201.9438	0
130	35	856.8712	-1172.946	0
130	36	2237.14	-1342.214	0
130	37	661.4853	-46.57178	0
130	38	-864.0952	478.859	0
130	39	1030.686	238.5701	0
130	40	42.67443	-13.00723	0
130	41	-718.1535	-893.4431	0
130	42	350.7092	-33.87311	0
130	43	616.0286	-868.6713	0
130	44	1677.247	-887.2144	0
131	1	2703.653	-1722.986	0
131	2	-545.2307	462.5385	0
131	3	1034.968	-1402.07	0
131	4	1287.513	464.5075	0
131	5	56.87798	-8.025269	0
131	6	651.966	-0.1439209	0
131	7	270.7741	-4.312714	0
131	8	-1336.312	-1602.829	0
131	9	781.4145	180.0034	0
131	10	142.9034	-16.91879	0
131	11	680.1453	-3.841797	0
131	12	-662.8273	493.1758	0
131	13	1504.435	-1044.439	0
131	14	416.1589	-32.80936	0
131	15	-723.8191	-973.5216	0
131	16	1054.217	-2016.549	0
131	17	58.28014	-19.61459	0
131	18	838.8936	166.0457	0
131	19	1725.281	-1050.305	0
131	20	-446.0291	-882.2369	0
131	21	708.9324	-15.93085	0
131	22	404.1841	-22.42828	0
131	23	-523.1592	307.2643	0
131	24	91.36341	-23.43857	0
131	25	652.2565	-1605.263	0
131	26	1060.767	282.4697	0
131	27	-882.6164	-1029.656	0
131	28	1868.856	-1132.674	0
131	29	723.8182	-21.74646	0
131	30	-716.6698	457.9528	0
131	31	44.41029	-27.88968	0
131	32	386.1164	-44.35757	0
131	33	-878.733	-997.9487	0
131	34	1038.831	201.4515	0
131	35	859.1569	-1178.367	0
131	36	2240.444	-1346.262	0
131	37	661.2892	-46.41101	0
131	38	-861.2659	478.5919	0
131	39	1030.176	239.1431	0
131	40	42.97266	-12.8754	0
131	41	-719.2885	-894.9021	0
131	42	351.0567	-33.73346	0
131	43	616.6097	-870.5229	0
131	44	1677.838	-887.7306	0
132	1	2708.762	-1729.515	0
132	2	-541.9995	462.2113	0
132	3	1041.598	-1411.306	0
132	4	1288.54	466.7578	0
132	5	57.09056	-7.763123	0
132	6	651.6374	0.1174622	0
132	7	270.0821	-4.051819	0
132	8	-1348.666	-1614.254	0
132	9	779.6196	179.5056	0
132	10	143.3992	-16.76907	0
132	11	679.882	-3.598907	0
132	12	-665.6833	496.0134	0
132	13	1505.056	-1046.763	0
132	14	416.4558	-32.5737	0
132	15	-727.0688	-976.6403	0
132	16	1061.81	-2038.045	0
132	17	58.45648	-19.42508	0
132	18	837.075	165.2767	0
132	19	1727.384	-1052.926	0
132	20	-447.256	-884.37	0
132	21	708.6554	-15.70407	0
132	22	404.4809	-22.15366	0
132	23	-523.1343	308.2333	0
132	24	91.88033	-23.30994	0
132	25	654.6616	-1617.961	0
132	26	1058.159	281.7581	0
132	27	-887.8513	-1033.887	0
132	28	1871.051	-1135.737	0
132	29	723.3551	-21.62585	0
132	30	-716.815	459.4142	0
132	31	44.84634	-27.76532	0
132	32	385.8059	-44.14746	0
132	33	-881.9159	-1000.791	0
132	34	1036.679	200.9603	0
132	35	861.4813	-1183.878	0
132	36	2243.805	-1350.373	0
132	37	661.0912	-46.24866	0
132	38	-858.4075	478.3219	0
132	39	1029.657	239.7245	0
132	40	43.28027	-12.73929	0
132	41	-720.4725	-896.4185	0
132	42	351.4193	-33.58777	0
132	43	617.2307	-872.502	0
132	44	1678.667	-888.4561	0
