2290	162	1015.754	-325.0032	0
2290	165	-56.167	692.9456	0
2290	167	988.7666	-288.8569	0
2290	168	937.3354	696.3026	0
2290	169	-50.68618	663.0807	0
2290	171	971.7578	-303.4485	0
2290	172	905.2275	678.9094	0
2290	173	-101.6708	-275.8042	0
2290	174	23.72508	651.2813	0
2290	175	819.5103	613.6602	0
2290	176	1004.618	-329.8818	0
2290	177	-4.552323	608.7285	0
2290	178	-110.6419	-300.1184	0
2290	179	855.6594	627.8524	0
2290	180	-25.58122	639.8834	0
2290	181	934.3896	-242.6736	0
2290	182	905.2534	658.1613	0
2290	183	-71.30746	-269.0059	0
2290	184	24.03215	589.8371	0
2290	185	906.7735	-229.3893	0
2290	186	-13.85443	-212.8049	0
2290	187	948.5361	-272.4122	0
2290	188	880.0917	637.847	0
2290	189	73.52772	612.9342	0
2290	190	-44.56068	-242.3243	0
2290	191	74.25236	541.526	0
2290	192	875.1655	-213.0364	0
2290	193	780.1494	589.1159	0
2290	194	23.81348	-199.2323	0
2290	195	795.3004	553.5769	0
2290	196	41.89405	560.8882	0
2290	197	881.528	-186.3516	0
2290	198	18.14663	-171.7809	0
2290	199	145.5802	546.7555	0
2290	200	847.6682	595.1223	0
2290	201	-22.2192	-145.7247	0
2290	202	834.1401	-148.7399	0
2290	203	109.1794	579.6362	0
2290	204	815.001	580.042	0
2290	205	48.47898	-138.9618	0
2290	206	819.1572	-55.00217	0
2290	207	93.72158	509.6761	0
2290	208	765.7531	446.5287	0
2290	209	62.80516	-167.0425	0
2290	210	763.3167	-88.10858	0
2290	211	125.7223	483.3596	0
2290	212	758.7294	542.0443	0
2290	213	842.7789	-180.7115	0
2290	214	115.4852	-90.04684	0
2290	215	158.5895	452.3264	0
2290	216	114.1956	-126.2051	0
2290	217	729.1835	507.3104	0
2290	218	799.0003	-123.7213	0
2290	219	134.1199	418.4178	0
2290	220	180.3754	-69.69119	0
2290	221	663.6675	489.9337	0
2290	222	730.8564	-143.3683	0
2290	223	80.8166	-122.3846	0
2290	224	174.6566	375.7236	0
2290	225	671.5922	343.2203	0
2290	226	700.0073	-25.13742	0
2290	227	208.1649	491.871	0
2290	228	144.7776	-71.76547	0
2290	229	678.9747	454.3965	0
2290	230	245.7013	455.969	0
2290	231	664.1115	-80.02646	0
2290	232	160.2369	-33.31329	0
2290	233	617.384	449.7618	0
2290	234	228.9476	389.4465	0
2290	235	628.3344	-49.24319	0
2290	236	583.7773	417.8762	0
2290	237	196.5908	-31.94766	0
2290	238	193.3805	420.1279	0
2290	239	592.508	-19.76657	0
2290	240	545.5224	388.0001	0
2290	241	260.5943	363.4764	0
2290	242	224.5498	-5.327606	0
2290	243	648.5684	49.38203	0
2290	244	602.5412	283.5608	0
2290	245	290.3142	334.1371	0
2290	246	294.9371	47.37332	0
2290	247	557.346	114.1945	0
2290	248	633.0323	317.6346	0
2290	249	321.3667	300.629	0
2290	250	663.9636	8.372772	0
2290	251	257.9482	19.65967	0
2290	252	367.2223	339.2744	0
2290	253	570.2529	252.0038	0
2290	254	373.4764	151.0002	0
2290	255	524.6641	52.61508	0
2290	256	362.7212	230.3677	0
2290	257	493.9032	351.9087	0
2290	258	304.1432	89.40491	0
2290	259	559.493	15.56979	0
2290	260	443.3929	171.0975	0
2290	261	615.8572	49.99469	0
2290	262	384.7747	179.6825	0
2290	263	436.7757	274.2023	0
2290	264	367.2875	274.9861	0
2290	265	487.9907	77.77083	0
2290	266	369.5818	105.6276	0
2290	267	476.8672	308.8882	0
2290	268	590.9861	81.59113	0
2290	269	460.3286	261.6693	0
2290	270	511.8723	226.6818	0
2290	271	328.3811	121.9881	0
2290	272	429.9236	291.0327	0
2290	273	391.9918	254.7309	0
2290	274	518.6077	150.561	0
2290	275	407.8038	126.7692	0
2290	276	518.514	220.8343	0
2290	277	496.4718	189.2725	0
2290	278	478.4768	186.7628	0
2290	279	339.1194	257.1863	0
2290	280	473.4301	142.9095	0
2290	281	454.6514	247.4962	0
2290	282	459.4818	153.9908	0
2290	283	423.3036	205.28	0
2290	284	405.0943	212.9899	0
2290	285	374.1775	192.858	0
2290	286	529.7108	198.9529	0
2290	287	412.2982	107.3307	0
2290	288	408.1728	172.0471	0
2290	289	412.127	141.2999	0
2290	290	560.4918	166.6447	0
2290	291	389.6888	199.2557	0
2290	292	475.1395	199.6508	0
2290	293	420.7464	237.6292	0
2290	294	568.2311	48.89452	0
2290	295	556.9714	293.7447	0
2290	296	339.7346	168.92	0
2290	297	354.2158	212.7521	0
2290	298	605.0955	21.69809	0
2290	299	441.8032	206.4935	0
2290	300	298.1702	149.3463	0
2290	301	316.1166	263.6283	0
2290	302	531.909	83.33344	0
2290	303	269.445	112.0579	0
2290	304	485.1049	236.9999	0
2290	305	287.6557	231.9441	0
2290	306	520.7366	259.3276	0
2290	307	566.4247	-23.89066	0
2290	308	229.6443	88.01231	0
2290	309	685.568	42.35103	0
2290	310	584.3667	453.1316	0
2290	311	393.6094	357.3251	0
2290	312	324.1852	25.9357	0
2290	313	627.2573	-14.53854	0
2290	314	276.5977	293.8624	0
2290	315	464.4374	356.0856	0
2290	316	183.0448	12.11307	0
2290	317	744.5214	-18.5657	0
2290	318	342.1947	398.087	0
2290	319	512.7877	400.528	0
2290	320	718.8816	17.23099	0
2290	321	249.7418	-38.09467	0
2290	322	526.5928	337.7418	0
2290	323	612.9713	-69.69733	0
2290	324	342.4143	334.4976	0
2290	325	202.7292	52.55159	0
2290	326	242.011	437.7878	0
2290	327	646.4075	368.7521	0
2290	328	653.052	74.68849	0
2290	329	290.4634	-10.25342	0
2290	330	607.9435	333.357	0
2290	331	201.0035	457.3046	0
2290	332	663.554	-44.74954	0
2290	333	169.2573	-114.203	0
2290	334	282.6996	385.2428	0
2290	335	623.6165	482.076	0
2290	336	209.4145	-79.29626	0
2290	337	732.4565	-129.5887	0
2290	338	725.275	452.2215	0
2290	339	237.4317	408.4149	0
2290	340	146.4785	14.44232	0
2290	341	782.302	-49.11066	0
2290	342	99.30527	-38.79343	0
2290	343	104.1776	448.0079	0
2290	344	767.2316	461.2104	0
2290	345	765.2687	-153.1184	0
2290	346	61.90616	-80.64825	0
2290	347	701.3333	413.4108	0
2290	348	157.8671	500.6735	0
2290	349	705.6421	-86.95975	0
2290	350	109.8879	561.4019	0
2290	351	818.6361	-80.64532	0
2290	352	742.4614	578.6392	0
2290	353	127.7967	-152.0974	0
2290	354	708.1616	560.9747	0
2290	355	46.40036	512.7358	0
2290	356	84.55936	-183.2884	0
2290	357	793.5541	-189.7109	0
2290	358	46.13175	-213.4846	0
2290	359	791.7275	627.5316	0
2290	360	886.678	-124.732	0
2290	361	74.68265	480.4052	0
2290	362	17.30504	-134.8829	0
2290	363	740.4149	622.5319	0
2290	364	845.3983	-118.2993	0
2290	365	9.697687	541.3586	0
2290	366	-60.01885	-160.5894	0
2290	367	827.6388	-218.8925	0
2290	368	772.1486	598.5528	0
2290	369	-18.34042	580.0596	0
2290	370	-26.85783	-136.0408	0
2290	371	864.6078	571.0538	0
2290	372	954.4988	-211.5251	0
2290	373	88.01834	550.0015	0
2290	374	-25.54491	-179.2069	0
2290	375	880.4307	536.6609	0
2290	376	42.56567	598.8257	0
2290	377	864.403	-231.2794	0
2290	378	9.578762	-243.5098	0
2290	379	74.1659	590.7855	0
2290	380	890.202	615.2025	0
2290	381	964.387	-318.2996	0
2290	382	906.5648	591.1534	0
2290	383	-70.8637	653.7352	0
2290	384	-101.2215	-211.0435	0
2290	385	1013.342	-334.6825	0
2290	386	828.124	636.2904	0
2290	387	19.90445	662.2239	0
2290	388	-33.97488	-273.8794	0
2290	389	1017.367	-302.8057	0
2290	390	917.5891	725.9962	0
2290	391	-79.81059	615.21	0
2290	392	-79.67878	-294.0784	0
2290	393	1007.013	-361.4663	0
2290	394	-25.52939	736.7036	0
2290	395	877.1996	686.6329	0
2290	396	-174.8732	-354.2976	0
2290	397	-46.33178	736.092	0
2290	398	990.4294	-347.4481	0
2291	162	1016.245	-325.8481	0
2291	165	-57.18632	693.4232	0
2291	167	989.5001	-289.5753	0
2291	168	938.2071	697.1797	0
2291	169	-51.31	663.9321	0
2291	171	972.5132	-304.1207	0
2291	172	906.1884	679.6625	0
2291	173	-102.4982	-276.4901	0
2291	174	22.78763	651.6545	0
2291	175	820.4386	614.3153	0
2291	176	1005.248	-330.5029	0
2291	177	-5.314239	609.6623	0
2291	178	-111.6983	-300.9335	0
2291	179	856.5463	628.6093	0
2291	180	-26.34759	640.7528	0
2291	181	935.162	-243.5266	0
2291	182	906.0927	658.9779	0
2291	183	-72.16709	-269.6438	0
2291	184	23.15536	590.5844	0
2291	185	907.6684	-230.1585	0
2291	186	-14.70702	-213.5839	0
2291	187	949.3309	-273.2356	0
2291	188	880.8544	638.7231	0
2291	189	72.6613	613.7266	0
2291	190	-45.44107	-243.0103	0
2291	191	73.40569	542.2145	0
2291	192	876.0211	-213.7531	0
2291	193	781.0984	589.6077	0
2291	194	22.8984	-199.9402	0
2291	195	796.1426	554.2579	0
2291	196	41.08305	561.715	0
2291	197	882.395	-187.0709	0
2291	198	17.29939	-172.5887	0
2291	199	144.6865	547.4484	0
2291	200	848.4849	595.9021	0
2291	201	-22.24418	-146.8277	0
2291	202	834.8772	-149.5766	0
2291	203	108.4174	580.4445	0
2291	204	815.9306	580.7345	0
2291	205	47.63643	-139.708	0
2291	206	819.9277	-55.81064	0
2291	207	93.01881	510.5403	0
2291	208	766.4548	447.2853	0
2291	209	61.9233	-167.7653	0
2291	210	764.1087	-88.93652	0
2291	211	124.9258	484.1601	0
2291	212	759.5605	542.7643	0
2291	213	843.6066	-181.5063	0
2291	214	114.5936	-90.7757	0
2291	215	157.7567	453.1484	0
2291	216	113.3431	-126.9296	0
2291	217	729.9911	508.0884	0
2291	218	799.782	-124.513	0
2291	219	133.4082	419.2696	0
2291	220	179.484	-70.42593	0
2291	221	664.6548	490.6744	0
2291	222	731.33	-144.3218	0
2291	223	79.95279	-123.1501	0
2291	224	173.9415	376.6072	0
2291	225	672.3659	344.0871	0
2291	226	700.8389	-25.95471	0
2291	227	207.2864	492.6674	0
2291	228	143.878	-72.53564	0
2291	229	679.8027	455.1423	0
2291	230	244.9414	456.8181	0
2291	231	665.0526	-80.82669	0
2291	232	159.3396	-34.11731	0
2291	233	618.4029	450.3722	0
2291	234	228.0567	390.1337	0
2291	235	629.2244	-49.93625	0
2291	236	584.6729	418.5341	0
2291	237	195.7891	-32.72021	0
2291	238	192.4628	420.9045	0
2291	239	593.4446	-20.42075	0
2291	240	546.4777	388.6877	0
2291	241	259.736	364.2047	0
2291	242	223.6902	-6.040558	0
2291	243	649.3326	48.50293	0
2291	244	603.316	284.4181	0
2291	245	289.5188	334.9727	0
2291	246	294.0409	46.66022	0
2291	247	558.1489	113.4262	0
2291	248	633.829	318.4514	0
2291	249	320.5662	301.5314	0
2291	250	664.8002	7.514404	0
2291	251	257.0647	18.94724	0
2291	252	366.3659	339.9156	0
2291	253	571.0058	252.8241	0
2291	254	372.4415	150.0789	0
2291	255	525.5059	51.78972	0
2291	256	361.9355	231.3948	0
2291	257	494.8711	352.5799	0
2291	258	303.3171	88.58064	0
2291	259	560.3165	14.79938	0
2291	260	442.5308	171.9159	0
2291	261	616.67	49.24033	0
2291	262	384.049	178.6323	0
2291	263	437.4691	274.9899	0
2291	264	366.4955	276.0021	0
2291	265	488.837	77.07417	0
2291	266	368.5884	104.7932	0
2291	267	477.8107	309.6957	0
2291	268	591.8259	80.85989	0
2291	269	459.636	262.4742	0
2291	270	512.1116	227.8394	0
2291	271	327.6076	121.1615	0
2291	272	428.9557	292.0453	0
2291	273	392.887	255.4854	0
2291	274	519.5078	149.6814	0
2291	275	407.2331	125.6301	0
2291	276	518.3282	221.3337	0
2291	277	497.3518	189.9607	0
2291	278	479.2298	185.7761	0
2291	279	338.3712	256.2817	0
2291	280	472.7461	143.5472	0
2291	281	455.5097	246.5265	0
2291	282	460.1944	154.7218	0
2291	283	422.5732	206.0635	0
2291	284	404.2753	212.2871	0
2291	285	374.6569	192.1806	0
2291	286	529.0087	199.5637	0
2291	287	413.149	107.9632	0
2291	288	407.4666	171.1717	0
2291	289	412.9121	140.8303	0
2291	290	559.6691	167.3866	0
2291	291	390.596	200.0258	0
2291	292	474.1985	199.0851	0
2291	293	421.5175	236.9043	0
2291	294	567.4085	49.74422	0
2291	295	556.0711	293.0457	0
2291	296	340.5294	169.7579	0
2291	297	354.7957	212.0258	0
2291	298	604.2787	22.49448	0
2291	299	441.0416	205.8174	0
2291	300	298.9827	150.1369	0
2291	301	316.8733	262.8458	0
2291	302	531.1356	84.22238	0
2291	303	270.2845	112.8297	0
2291	304	484.2255	236.3362	0
2291	305	288.5211	231.2004	0
2291	306	519.893	258.7	0
2291	307	565.5289	-23.15457	0
2291	308	230.514	88.78413	0
2291	309	684.7646	43.14911	0
2291	310	583.462	452.3936	0
2291	311	394.4398	356.5534	0
2291	312	325.0297	26.72778	0
2291	313	626.5165	-13.65457	0
2291	314	277.4045	293.0643	0
2291	315	463.5621	355.3078	0
2291	316	183.9234	12.95633	0
2291	317	743.6837	-17.83258	0
2291	318	342.9702	397.244	0
2291	319	511.9382	399.7447	0
2291	320	718.0464	18.01785	0
2291	321	250.5631	-37.32324	0
2291	322	525.8448	336.8622	0
2291	323	612.1107	-68.96936	0
2291	324	343.1809	333.742	0
2291	325	203.5829	53.32137	0
2291	326	242.7932	436.9584	0
2291	327	645.5141	368.056	0
2291	328	652.2604	75.60132	0
2291	329	291.274	-9.433502	0
2291	330	606.9929	332.6902	0
2291	331	201.7999	456.5156	0
2291	332	662.8177	-43.88748	0
2291	333	170.0805	-113.4018	0
2291	334	283.6143	384.5304	0
2291	335	622.7609	481.3347	0
2291	336	210.2977	-78.54495	0
2291	337	732.0206	-128.4678	0
2291	338	724.3354	451.4922	0
2291	339	238.3111	407.5963	0
2291	340	147.2361	15.22504	0
2291	341	781.351	-48.33838	0
2291	342	100.1593	-38.02921	0
2291	343	105.0164	447.1791	0
2291	344	766.4629	460.617	0
2291	345	764.5092	-152.3525	0
2291	346	62.72816	-79.82913	0
2291	347	700.4547	412.5886	0
2291	348	158.7446	499.8732	0
2291	349	704.8274	-86.11084	0
2291	350	110.7963	560.5271	0
2291	351	817.8026	-79.9422	0
2291	352	741.5135	577.8077	0
2291	353	128.6277	-151.3639	0
2291	354	707.2755	560.1177	0
2291	355	47.1783	511.9085	0
2291	356	85.46662	-182.5587	0
2291	357	792.7009	-188.9098	0
2291	358	47.03612	-212.7782	0
2291	359	790.8272	626.8985	0
2291	360	885.8704	-123.995	0
2291	361	75.48138	479.5701	0
2291	362	18.20308	-134.0218	0
2291	363	739.5619	621.7871	0
2291	364	844.5784	-117.4546	0
2291	365	10.48601	540.5459	0
2291	366	-59.29724	-159.847	0
2291	367	826.7219	-218.1402	0
2291	368	771.2642	597.8907	0
2291	369	-17.60736	579.213	0
2291	370	-26.60947	-134.9833	0
2291	371	863.7765	570.2582	0
2291	372	953.7045	-210.7041	0
2291	373	88.82136	549.203	0
2291	374	-24.717	-178.5023	0
2291	375	879.5963	535.8425	0
2291	376	43.38006	598.1843	0
2291	377	863.5338	-230.6812	0
2291	378	10.41956	-242.7877	0
2291	379	75.01463	589.95	0
2291	380	889.4578	614.3335	0
2291	381	963.2981	-317.6872	0
2291	382	905.8188	590.2964	0
2291	383	-70.19822	652.9138	0
2291	384	-100.3622	-210.2862	0
2291	385	1012.841	-334.2684	0
2291	386	827.2767	635.7174	0
2291	387	20.64566	661.6075	0
2291	388	-33.02914	-273.1919	0
2291	389	1016.925	-301.6506	0
2291	390	916.754	725.2551	0
2291	391	-78.96806	614.3868	0
2291	392	-78.65618	-293.5733	0
2291	393	1006.264	-361.0077	0
2291	394	-24.63122	735.9199	0
2291	395	876.2629	685.9961	0
2291	396	-174.1262	-353.5898	0
2291	397	-45.90099	735.5579	0
2291	398	989.6215	-347.081	0
2292	162	1016.808	-326.6371	0
2292	165	-58.22066	693.891	0
2292	167	990.2247	-290.2895	0
2292	168	939.0742	698.0593	0
2292	169	-51.93235	664.7947	0
2292	171	973.2758	-304.784	0
2292	172	907.1529	680.4169	0
2292	173	-103.3269	-277.1835	0
2292	174	21.85408	651.976	0
2292	175	821.3578	614.9674	0
2292	176	1005.822	-331.0936	0
2292	177	-6.074422	610.6001	0
2292	178	-112.7443	-301.7711	0
2292	179	857.4297	629.3776	0
2292	180	-27.10973	641.6181	0
2292	181	935.9353	-244.3842	0
2292	182	906.9351	659.7864	0
2292	183	-73.02397	-270.2799	0
2292	184	22.27929	591.3425	0
2292	185	908.556	-230.9333	0
2292	186	-15.56568	-214.3645	0
2292	187	950.1245	-274.0533	0
2292	188	881.6205	639.6046	0
2292	189	71.78589	614.5183	0
2292	190	-46.3215	-243.6921	0
2292	191	72.54277	542.9128	0
2292	192	876.8827	-214.4722	0
2292	193	782.0576	590.1047	0
2292	194	21.98166	-200.6502	0
2292	195	796.9856	554.9373	0
2292	196	40.27738	562.5345	0
2292	197	883.2632	-187.7863	0
2292	198	16.45356	-173.3937	0
2292	199	143.7984	548.1304	0
2292	200	849.3015	596.6841	0
2292	201	-22.33609	-147.9277	0
2292	202	835.6205	-150.4149	0
2292	203	107.6434	581.2585	0
2292	204	816.8555	581.431	0
2292	205	46.80077	-140.4542	0
2292	206	820.6951	-56.61688	0
2292	207	92.31863	511.399	0
2292	208	767.1573	448.0367	0
2292	209	61.03751	-168.4893	0
2292	210	764.9011	-89.76453	0
2292	211	124.1278	484.9659	0
2292	212	760.3936	543.4816	0
2292	213	844.4338	-182.2989	0
2292	214	113.7013	-91.50375	0
2292	215	156.9278	453.9718	0
2292	216	112.4894	-127.6521	0
2292	217	730.8002	508.863	0
2292	218	800.5632	-125.3047	0
2292	219	132.7014	420.1158	0
2292	220	178.5924	-71.1629	0
2292	221	665.6343	491.4209	0
2292	222	731.8521	-145.2581	0
2292	223	79.0873	-123.9156	0
2292	224	173.226	377.4899	0
2292	225	673.1416	344.9547	0
2292	226	701.6694	-26.77371	0
2292	227	206.4052	493.4588	0
2292	228	142.9775	-73.30438	0
2292	229	680.627	455.8885	0
2292	230	244.1707	457.6719	0
2292	231	665.9859	-81.62341	0
2292	232	158.4406	-34.90887	0
2292	233	619.4205	450.9822	0
2292	234	227.1603	390.8169	0
2292	235	630.1204	-50.62845	0
2292	236	585.5685	419.185	0
2292	237	194.9868	-33.49078	0
2292	238	191.5541	421.6812	0
2292	239	594.3805	-21.08582	0
2292	240	547.4347	389.3737	0
2292	241	258.8732	364.9305	0
2292	242	222.8318	-6.754303	0
2292	243	650.0988	47.61987	0
2292	244	604.0874	285.2759	0
2292	245	288.7247	335.8073	0
2292	246	293.1411	45.94447	0
2292	247	558.957	112.6636	0
2292	248	634.6301	319.2715	0
2292	249	319.7676	302.4243	0
2292	250	665.6373	6.65448	0
2292	251	256.1807	18.23416	0
2292	252	365.5126	340.5651	0
2292	253	571.7556	253.6424	0
2292	254	371.4146	149.1543	0
2292	255	526.3487	50.96303	0
2292	256	361.1468	232.4122	0
2292	257	495.8348	353.2635	0
2292	258	302.4932	87.75565	0
2292	259	561.1409	14.03555	0
2292	260	441.6632	172.7282	0
2292	261	617.4807	48.48582	0
2292	262	383.3045	177.5814	0
2292	263	438.1784	275.7801	0
2292	264	365.7001	277.0113	0
2292	265	489.6789	76.37791	0
2292	266	367.6051	103.9587	0
2292	267	478.7459	310.4891	0
2292	268	592.6671	80.12994	0
2292	269	458.9421	263.2892	0
2292	270	512.3741	229.0209	0
2292	271	326.8312	120.34	0
2292	272	427.9798	293.047	0
2292	273	393.7836	256.2452	0
2292	274	520.3974	148.8042	0
2292	275	406.6147	124.5371	0
2292	276	518.1037	221.8152	0
2292	277	498.2355	190.6509	0
2292	278	480.0002	184.7976	0
2292	279	337.6259	255.3771	0
2292	280	472.0661	144.1769	0
2292	281	456.3602	245.5557	0
2292	282	460.9007	155.4598	0
2292	283	421.8474	206.8498	0
2292	284	403.4528	211.5993	0
2292	285	375.1544	191.4969	0
2292	286	528.3101	200.1692	0
2292	287	414.0026	108.5869	0
2292	288	406.7629	170.2894	0
2292	289	413.7281	140.3408	0
2292	290	558.8489	168.1262	0
2292	291	391.4944	200.8096	0
2292	292	473.2525	198.5196	0
2292	293	422.2934	236.1923	0
2292	294	566.5877	50.59477	0
2292	295	555.1727	292.3474	0
2292	296	341.3113	170.5835	0
2292	297	355.383	211.2992	0
2292	298	603.4611	23.28745	0
2292	299	440.2927	205.1302	0
2292	300	299.7951	150.9299	0
2292	301	317.6283	262.0701	0
2292	302	530.3586	85.11186	0
2292	303	271.1214	113.6046	0
2292	304	483.342	235.6633	0
2292	305	289.3862	230.4562	0
2292	306	519.0557	258.084	0
2292	307	564.6346	-22.41531	0
2292	308	231.3837	89.5558	0
2292	309	683.9666	43.94756	0
2292	310	582.5583	451.655	0
2292	311	395.2744	355.7781	0
2292	312	325.8761	27.52295	0
2292	313	625.7748	-12.77124	0
2292	314	278.2102	292.2668	0
2292	315	462.686	354.5241	0
2292	316	184.8	13.79074	0
2292	317	742.8508	-17.09857	0
2292	318	343.7457	396.4008	0
2292	319	511.0899	398.9578	0
2292	320	717.2096	18.80402	0
2292	321	251.3828	-36.5509	0
2292	322	525.1008	335.9852	0
2292	323	611.2491	-68.24051	0
2292	324	343.9387	332.9813	0
2292	325	204.437	54.09132	0
2292	326	243.5861	436.1255	0
2292	327	644.6167	367.3617	0
2292	328	651.4603	76.51796	0
2292	329	292.0859	-8.613251	0
2292	330	606.0392	332.0213	0
2292	331	202.5954	455.7278	0
2292	332	662.0804	-43.02521	0
2292	333	170.8992	-112.6062	0
2292	334	284.5294	383.818	0
2292	335	621.9118	480.5973	0
2292	336	211.1837	-77.78909	0
2292	337	731.5287	-127.3578	0
2292	338	723.4028	450.7608	0
2292	339	239.194	406.7853	0
2292	340	147.9965	16.00491	0
2292	341	780.4039	-47.56067	0
2292	342	101.0139	-37.26587	0
2292	343	105.8523	446.3566	0
2292	344	765.6857	460.0413	0
2292	345	763.7567	-151.588	0
2292	346	63.55261	-79.01349	0
2292	347	699.5771	411.7662	0
2292	348	159.6219	499.0815	0
2292	349	704.0222	-85.26602	0
2292	350	111.713	559.6529	0
2292	351	816.9623	-79.24884	0
2292	352	740.5727	576.9754	0
2292	353	129.4631	-150.6324	0
2292	354	706.3919	559.2592	0
2292	355	47.95469	511.0849	0
2292	356	86.37715	-181.8239	0
2292	357	791.852	-188.1059	0
2292	358	47.94476	-212.0698	0
2292	359	789.9264	626.2653	0
2292	360	885.0623	-123.2585	0
2292	361	76.28165	478.7332	0
2292	362	19.09083	-133.1566	0
2292	363	738.7094	621.0413	0
2292	364	843.757	-116.6093	0
2292	365	11.2739	539.733	0
2292	366	-58.58192	-159.1075	0
2292	367	825.808	-217.3882	0
2292	368	770.3727	597.2174	0
2292	369	-16.8723	578.3645	0
2292	370	-26.28592	-133.9268	0
2292	371	862.9442	569.458	0
2292	372	952.9088	-209.881	0
2292	373	89.63074	548.4	0
2292	374	-23.89093	-177.8054	0
2292	375	878.7617	535.0242	0
2292	376	44.1927	597.5385	0
2292	377	862.6583	-230.0813	0
2292	378	11.25821	-242.0694	0
2292	379	75.86343	589.1148	0
2292	380	888.7131	613.468	0
2292	381	962.2095	-317.0746	0
2292	382	905.0716	589.4402	0
2292	383	-69.5338	652.0907	0
2292	384	-99.50265	-209.5293	0
2292	385	1012.372	-333.9185	0
2292	386	826.4318	635.1464	0
2292	387	21.3872	661.0413	0
2292	388	-32.08403	-272.5017	0
2292	389	1016.461	-300.5027	0
2292	390	915.915	724.5204	0
2292	391	-78.12511	613.5634	0
2292	392	-77.63985	-293.0566	0
2292	393	1005.516	-360.5653	0
2292	394	-23.72307	735.1315	0
2292	395	875.3198	685.3497	0
2292	396	-173.3679	-352.8713	0
2292	397	-45.44096	734.9936	0
2292	398	988.7581	-346.6863	0
2293	162	1017.45	-327.3775	0
2293	165	-59.26955	694.3484	0
2293	167	990.9396	-291.0001	0
2293	169	-52.55436	665.6686	0
2293	171	974.0451	-305.4401	0
2293	172	908.1191	681.1716	0
2293	173	-104.1563	-277.8856	0
2293	174	20.91416	652.2366	0
2293	175	822.2689	615.6165	0
2293	176	1006.333	-331.6528	0
2293	177	-6.833061	611.5403	0
2293	178	-113.7791	-302.6278	0
2293	179	858.3094	630.158	0
2293	180	-27.86663	642.4797	0
2293	181	936.7103	-245.2454	0
2293	182	907.7787	660.5864	0
2293	183	-73.87837	-270.9138	0
2293	184	21.40524	592.1119	0
2293	185	909.4355	-231.7133	0
2293	186	-16.43081	-215.1465	0
2293	187	950.9162	-274.8648	0
2293	188	882.3914	640.4895	0
2293	189	70.90147	615.3088	0
2293	190	-47.20294	-244.3705	0
2293	191	71.66519	543.6227	0
2293	192	877.7503	-215.1951	0
2293	193	783.0226	590.6119	0
2293	194	21.06437	-201.3624	0
2293	195	797.8293	555.6149	0
2293	196	39.47702	563.3462	0
2293	197	884.1327	-188.4981	0
2293	198	15.61037	-174.1953	0
2293	199	142.9172	548.8014	0
2293	200	850.1183	597.4677	0
2293	201	-22.49013	-149.0156	0
2293	202	836.3698	-151.254	0
2293	203	106.8584	582.0758	0
2293	204	817.7744	582.1316	0
2293	205	45.97175	-141.2016	0
2293	206	821.4601	-57.42047	0
2293	207	91.62031	512.251	0
2293	208	767.8649	448.7692	0
2293	209	60.14843	-169.2146	0
2293	210	765.6948	-90.59177	0
2293	211	123.3293	485.7772	0
2293	212	761.2288	544.196	0
2293	213	845.26	-183.0883	0
2293	214	112.8091	-92.23141	0
2293	215	156.1041	454.7958	0
2293	216	111.6336	-128.3734	0
2293	217	731.6105	509.6343	0
2293	218	801.3434	-126.0963	0
2293	219	132	420.9562	0
2293	220	177.7016	-71.90164	0
2293	221	666.6056	492.1724	0
2293	222	732.4168	-146.1779	0
2293	223	78.22008	-124.6806	0
2293	224	172.5103	378.3714	0
2293	225	673.9193	345.8237	0
2293	226	702.4982	-27.59467	0
2293	227	205.5225	494.2448	0
2293	228	142.0761	-74.07181	0
2293	229	681.4472	456.6347	0
2293	230	243.3894	458.5281	0
2293	231	666.9115	-82.41586	0
2293	232	157.5399	-35.68866	0
2293	233	620.4362	451.5912	0
2293	234	226.2563	391.4973	0
2293	235	631.0222	-51.32098	0
2293	236	586.465	419.8289	0
2293	237	194.1833	-34.25827	0
2293	238	190.6541	422.457	0
2293	239	595.3137	-21.76028	0
2293	240	548.3923	390.0591	0
2293	241	258.0067	365.654	0
2293	242	221.9743	-7.469696	0
2293	243	650.8666	46.73384	0
2293	244	604.8549	286.1332	0
2293	245	287.9312	336.639	0
2293	246	292.2383	45.22552	0
2293	247	559.7702	111.9055	0
2293	248	635.4348	320.0945	0
2293	249	318.9707	303.3073	0
2293	250	666.4754	5.794189	0
2293	251	255.2963	17.52008	0
2293	252	364.6623	341.2245	0
2293	253	572.5023	254.4588	0
2293	254	370.3958	148.2259	0
2293	255	527.1917	50.13594	0
2293	256	360.3565	233.4187	0
2293	257	496.7932	353.9585	0
2293	258	301.6712	86.92955	0
2293	259	561.9665	13.27914	0
2293	260	440.7909	173.5341	0
2293	261	618.2896	47.73059	0
2293	262	382.5444	176.5299	0
2293	263	438.9027	276.5734	0
2293	264	364.9021	278.0138	0
2293	265	490.5162	75.68146	0
2293	266	366.632	103.1242	0
2293	267	479.6733	311.2688	0
2293	268	593.5102	79.4008	0
2293	269	458.2452	264.1119	0
2293	270	512.6632	230.2251	0
2293	271	326.0518	119.5238	0
2293	272	426.9968	294.0381	0
2293	273	394.6808	257.0085	0
2293	274	521.2759	147.93	0
2293	275	405.9502	123.4856	0
2293	276	517.838	222.281	0
2293	277	499.1205	191.3439	0
2293	278	480.788	183.8276	0
2293	279	336.8833	254.4728	0
2293	280	471.3893	144.7973	0
2293	281	457.2051	244.5866	0
2293	282	461.6008	156.2051	0
2293	283	421.1258	207.6404	0
2293	284	402.6279	210.9262	0
2293	285	375.6702	190.8086	0
2293	286	527.6155	200.7694	0
2293	287	414.8604	109.2031	0
2293	288	406.0605	169.4008	0
2293	289	414.5719	139.8343	0
2293	290	558.0314	168.8642	0
2293	291	392.3805	201.6029	0
2293	292	472.3042	197.9531	0
2293	293	423.0748	235.4936	0
2293	294	565.7697	51.44585	0
2293	295	554.2764	291.6498	0
2293	296	342.0793	171.397	0
2293	297	355.9778	210.5743	0
2293	298	602.6424	24.07758	0
2293	299	439.5562	204.4314	0
2293	300	300.6078	151.725	0
2293	301	318.3803	261.3029	0
2293	302	529.5781	86.00172	0
2293	303	271.9565	114.3829	0
2293	304	482.455	234.9809	0
2293	305	290.2509	229.7117	0
2293	306	518.2243	257.4804	0
2293	307	563.7423	-21.67365	0
2293	308	232.2533	90.32735	0
2293	309	683.1739	44.74648	0
2293	310	581.6561	450.9165	0
2293	311	396.1123	354.9986	0
2293	312	326.724	28.32159	0
2293	313	625.0333	-11.88828	0
2293	314	279.0147	291.4702	0
2293	315	461.8102	353.735	0
2293	316	185.6748	14.61725	0
2293	317	742.0232	-16.36325	0
2293	318	344.521	395.5577	0
2293	319	510.2436	398.1686	0
2293	320	716.3713	19.58899	0
2293	321	252.2012	-35.77737	0
2293	322	524.3607	335.1099	0
2293	323	610.386	-67.51089	0
2293	324	344.6893	332.2139	0
2293	325	205.2914	54.86147	0
2293	326	244.3902	435.2911	0
2293	327	643.7159	366.6695	0
2293	328	650.6519	77.43698	0
2293	329	292.8988	-7.792114	0
2293	330	605.0831	331.3506	0
2293	331	203.3895	454.9417	0
2293	332	661.3427	-42.16376	0
2293	333	171.7142	-111.817	0
2293	334	285.445	383.1055	0
2293	335	621.0692	479.8646	0
2293	336	212.0718	-77.02878	0
2293	337	730.9866	-126.2591	0
2293	338	722.4786	450.0268	0
2293	339	240.0804	405.9825	0
2293	340	148.7596	16.78143	0
2293	341	779.4612	-46.77893	0
2293	342	101.8691	-36.50336	0
2293	343	106.6839	445.5409	0
2293	344	764.8931	459.495	0
2293	345	763.0114	-150.8239	0
2293	346	64.37864	-78.20117	0
2293	347	698.7003	410.9442	0
2293	348	160.497	498.2988	0
2293	349	703.2263	-84.42429	0
2293	350	112.6361	558.781	0
2293	351	816.1141	-78.56494	0
2293	352	739.6388	576.1431	0
2293	353	130.3037	-149.902	0
2293	354	705.5106	558.3994	0
2293	355	48.72907	510.2654	0
2293	356	87.29057	-181.083	0
2293	357	791.0075	-187.2998	0
2293	358	48.85666	-211.3596	0
2293	359	789.0254	625.6323	0
2293	360	884.2539	-122.5223	0
2293	361	77.08321	477.8945	0
2293	362	19.96773	-132.288	0
2293	363	737.8571	620.2944	0
2293	364	842.9338	-115.7635	0
2293	365	12.06188	538.9199	0
2293	366	-57.87308	-158.3707	0
2293	367	824.8972	-216.6365	0
2293	368	769.4738	596.53	0
2293	369	-16.13506	577.5143	0
2293	370	-25.89453	-132.8723	0
2293	371	862.1107	568.6536	0
2293	372	952.1117	-209.0559	0
2293	373	90.44553	547.5921	0
2293	374	-23.06734	-177.1166	0
2293	375	877.9271	534.2061	0
2293	376	45.00299	596.8866	0
2293	377	861.7774	-229.4796	0
2293	378	12.09532	-241.3554	0
2293	379	76.71173	588.282	0
2293	380	887.9684	612.6069	0
2293	381	961.1209	-316.4609	0
2293	382	904.3233	588.5848	0
2293	383	-68.86978	651.2646	0
2293	384	-98.64298	-208.7726	0
2293	385	1011.94	-333.6228	0
2293	386	825.5886	634.5777	0
2293	387	22.14254	660.5302	0
2293	388	-31.13968	-271.8085	0
2293	389	1015.976	-299.3631	0
2293	390	915.0722	723.7919	0
2293	391	-77.28175	612.7394	0
2293	392	-76.62934	-292.5301	0
2293	393	1004.767	-360.138	0
2293	394	-22.80659	734.3389	0
2293	395	874.372	684.6941	0
2293	396	-172.5999	-352.1437	0
2293	397	-44.95471	734.4038	0
2293	398	987.8459	-346.2666	0
2294	162	1018.173	-328.085	0
2294	165	-60.33253	694.7948	0
2294	167	991.6434	-291.7079	0
2294	169	-53.17731	666.554	0
2294	171	974.8209	-306.0911	0
2294	172	909.0964	681.9319	0
2294	173	-104.9857	-278.5969	0
2294	174	19.95122	652.437	0
2294	175	823.1734	616.2625	0
2294	176	1006.738	-332.1713	0
2294	177	-7.590947	612.4811	0
2294	178	-114.8019	-303.5011	0
2294	179	859.1844	630.9504	0
2294	180	-28.61751	643.3383	0
2294	181	937.4873	-246.1096	0
2294	182	908.624	661.3799	0
2294	183	-74.73088	-271.545	0
2294	184	20.53401	592.8934	0
2294	185	910.3059	-232.4982	0
2294	186	-17.30253	-215.9294	0
2294	187	951.7064	-275.6692	0
2294	188	883.1683	641.3759	0
2294	189	70.00831	616.0974	0
2294	190	-48.08634	-245.0465	0
2294	191	70.77502	544.3453	0
2294	192	878.6232	-215.9233	0
2294	193	783.9921	591.1305	0
2294	194	20.14751	-202.0772	0
2294	195	798.674	556.2911	0
2294	196	38.68141	564.1506	0
2294	197	885.0034	-189.2069	0
2294	198	14.77102	-174.9932	0
2294	199	142.044	549.4617	0
2294	200	850.9355	598.2521	0
2294	201	-22.69897	-150.09	0
2294	202	837.1255	-152.0928	0
2294	203	106.0635	582.894	0
2294	204	818.6864	582.8364	0
2294	205	45.1489	-141.9516	0
2294	206	822.2235	-58.22119	0
2294	207	90.92305	513.0953	0
2294	208	768.5854	449.4746	0
2294	209	59.25686	-169.9412	0
2294	210	766.4897	-91.41772	0
2294	211	122.5313	486.5938	0
2294	212	762.0668	544.9083	0
2294	213	846.0854	-183.8737	0
2294	214	111.9179	-92.95898	0
2294	215	155.2869	455.6198	0
2294	216	110.7747	-129.0946	0
2294	217	732.4219	510.403	0
2294	218	802.1219	-126.8885	0
2294	219	131.3045	421.7902	0
2294	220	176.8122	-72.64133	0
2294	221	667.5683	492.9277	0
2294	222	733.0185	-147.0822	0
2294	223	77.35101	-125.4444	0
2294	224	171.7943	379.252	0
2294	225	674.6991	346.6948	0
2294	226	703.3246	-28.41782	0
2294	227	204.6393	495.025	0
2294	228	141.1736	-74.8381	0
2294	229	682.2631	457.381	0
2294	230	242.5983	459.3842	0
2294	231	667.829	-83.20358	0
2294	232	156.6378	-36.45767	0
2294	233	621.45	452.1985	0
2294	234	225.3432	392.1769	0
2294	235	631.9298	-52.01511	0
2294	236	587.3634	420.4663	0
2294	237	193.3778	-35.02179	0
2294	238	189.7624	423.2315	0
2294	239	596.2426	-22.44275	0
2294	240	549.3497	390.7448	0
2294	241	257.1372	366.3751	0
2294	242	221.1178	-8.187531	0
2294	243	651.6349	45.84587	0
2294	244	605.6179	286.989	0
2294	245	287.1376	337.4662	0
2294	246	291.3332	44.5029	0
2294	247	560.5881	111.1509	0
2294	248	636.2419	320.9199	0
2294	249	318.1755	304.18	0
2294	250	667.314	4.934448	0
2294	251	254.4117	16.80472	0
2294	252	363.8148	341.8958	0
2294	253	573.2469	255.2732	0
2294	254	369.385	147.2936	0
2294	255	528.0345	49.30927	0
2294	256	359.5674	234.4125	0
2294	257	497.7457	354.6634	0
2294	258	300.8505	86.10211	0
2294	259	562.7935	12.53082	0
2294	260	439.9145	174.3334	0
2294	261	619.097	46.97417	0
2294	262	381.7716	175.4779	0
2294	263	439.6408	277.37	0
2294	264	364.1021	279.0099	0
2294	265	491.3489	74.98419	0
2294	266	365.6697	102.2897	0
2294	267	480.5928	312.035	0
2294	268	594.3552	78.67201	0
2294	269	457.5443	264.9399	0
2294	270	512.9827	231.4492	0
2294	271	325.2692	118.7126	0
2294	272	426.0074	295.0187	0
2294	273	395.5776	257.7736	0
2294	274	522.1432	147.0592	0
2294	275	405.2413	122.4706	0
2294	276	517.5285	222.7344	0
2294	277	500.005	192.04	0
2294	278	481.5929	182.8666	0
2294	279	336.1433	253.5688	0
2294	280	470.7145	145.4075	0
2294	281	458.0453	243.622	0
2294	282	462.2953	156.958	0
2294	283	420.4081	208.4367	0
2294	284	401.802	210.2674	0
2294	285	376.2043	190.1175	0
2294	286	526.9252	201.3656	0
2294	287	415.7235	109.8132	0
2294	288	405.3582	168.5068	0
2294	289	415.4404	139.3132	0
2294	290	557.2163	169.6015	0
2294	291	393.247	202.3985	0
2294	292	471.3562	197.3847	0
2294	293	423.8628	234.8084	0
2294	294	564.9551	52.29729	0
2294	295	553.3825	290.9529	0
2294	296	342.8333	172.1999	0
2294	297	356.5797	209.853	0
2294	298	601.8217	24.86569	0
2294	299	438.8315	203.7211	0
2294	300	301.4214	152.5222	0
2294	301	319.1275	260.5459	0
2294	302	528.7943	86.89191	0
2294	303	272.7902	115.1644	0
2294	304	481.5657	234.2886	0
2294	305	291.1146	228.9663	0
2294	306	517.3974	256.8898	0
2294	307	562.8528	-20.93045	0
2294	308	233.1227	91.09874	0
2294	309	682.3865	45.54611	0
2294	310	580.7555	450.1783	0
2294	311	396.9529	354.2144	0
2294	312	327.5728	29.12411	0
2294	313	624.2926	-11.00525	0
2294	314	279.8178	290.6746	0
2294	315	460.9354	352.9411	0
2294	316	186.5479	15.43655	0
2294	317	741.2006	-15.62607	0
2294	318	345.2962	394.7145	0
2294	319	509.4004	397.3779	0
2294	320	715.5322	20.37238	0
2294	321	253.0189	-35.00247	0
2294	322	523.6254	334.2359	0
2294	323	609.5213	-66.78036	0
2294	324	345.4346	331.4383	0
2294	325	206.1461	55.63184	0
2294	326	245.2059	434.4575	0
2294	327	642.8121	365.9797	0
2294	328	649.8352	78.35695	0
2294	329	293.7125	-6.970276	0
2294	330	604.1252	330.6782	0
2294	331	204.1816	454.158	0
2294	332	660.6053	-41.30383	0
2294	333	172.5265	-111.0347	0
2294	334	286.3611	382.3931	0
2294	335	620.2324	479.1375	0
2294	336	212.9609	-76.26419	0
2294	337	730.3996	-125.1721	0
2294	338	721.564	449.2897	0
2294	339	240.9701	405.1872	0
2294	340	149.5253	17.55478	0
2294	341	778.5239	-45.99466	0
2294	342	102.7249	-35.74152	0
2294	343	107.5103	444.7325	0
2294	344	764.0753	458.9819	0
2294	345	762.2737	-150.0592	0
2294	346	65.20554	-77.39215	0
2294	347	697.8235	410.123	0
2294	348	161.3687	497.5245	0
2294	349	702.44	-83.58484	0
2294	350	113.5633	557.9128	0
2294	351	815.2574	-77.88971	0
2294	352	738.7121	575.3109	0
2294	353	131.1497	-149.1714	0
2294	354	704.631	557.5385	0
2294	355	49.50121	509.4491	0
2294	356	88.20615	-180.3355	0
2294	357	790.1668	-186.4918	0
2294	358	49.77082	-210.6475	0
2294	359	788.1246	624.9998	0
2294	360	883.4451	-121.7866	0
2294	361	77.88577	477.0546	0
2294	362	20.83351	-131.4166	0
2294	363	737.0051	619.5466	0
2294	364	842.1093	-114.918	0
2294	365	12.85039	538.106	0
2294	366	-57.17087	-157.636	0
2294	367	823.9891	-215.885	0
2294	368	768.569	595.8271	0
2294	369	-15.39544	576.6627	0
2294	370	-25.44196	-131.8206	0
2294	371	861.2758	567.8452	0
2294	372	951.313	-208.2292	0
2294	373	91.2645	546.7791	0
2294	374	-22.24644	-176.4359	0
2294	375	877.0922	533.3882	0
2294	376	45.81178	596.2277	0
2294	377	860.8917	-228.8756	0
2294	378	12.93139	-240.6458	0
2294	379	77.55882	587.4528	0
2294	380	887.2246	611.7512	0
2294	381	960.0315	-315.8442	0
2294	382	903.5741	587.7299	0
2294	383	-68.20551	650.4353	0
2294	384	-97.78312	-208.016	0
2294	385	1011.607	-333.3724	0
2294	386	824.7457	634.012	0
2294	387	22.92949	660.0696	0
2294	388	-30.19623	-271.1121	0
2294	389	1015.475	-298.2327	0
2294	390	914.2349	723.0604	0
2294	391	-76.43798	611.915	0
2294	392	-75.62423	-291.9954	0
2294	393	1004.016	-359.7244	0
2294	394	-21.88322	733.5424	0
2294	395	873.421	684.0303	0
2294	396	-171.8235	-351.408	0
2294	397	-44.44507	733.7921	0
2294	398	986.8912	-345.8234	0
2295	165	-61.40937	695.2292	0
2295	167	992.3351	-292.4134	0
2295	169	-53.80264	667.4504	0
2295	171	975.6011	-306.739	0
2295	172	910.0824	682.6962	0
2295	173	-105.8141	-279.3181	0
2295	174	18.94774	652.5889	0
2295	175	824.0735	616.9053	0
2295	176	1006.983	-332.6548	0
2295	177	-8.349321	613.4214	0
2295	178	-115.8122	-304.3885	0
2295	179	860.0549	631.7552	0
2295	180	-29.36225	644.1942	0
2295	181	938.267	-246.9759	0
2295	182	909.4696	662.1681	0
2295	183	-75.58241	-272.173	0
2295	184	19.66641	593.6877	0
2295	185	911.1667	-233.2877	0
2295	186	-18.18077	-216.713	0
2295	187	952.4949	-276.466	0
2295	188	883.9523	642.2622	0
2295	189	69.10661	616.8837	0
2295	190	-48.97238	-245.7208	0
2295	191	69.87447	545.081	0
2295	192	879.502	-216.658	0
2295	193	784.9645	591.661	0
2295	194	19.23211	-202.7945	0
2295	195	799.5193	556.9661	0
2295	196	37.88862	564.9492	0
2295	197	885.8753	-189.9131	0
2295	198	13.93665	-175.787	0
2295	199	141.1806	550.1127	0
2295	200	851.7529	599.037	0
2295	201	-22.95622	-151.1497	0
2295	202	837.8873	-152.9306	0
2295	203	105.26	583.7112	0
2295	204	819.5906	583.5447	0
2295	205	44.33154	-142.7054	0
2295	206	822.986	-59.01926	0
2295	207	90.22602	513.9311	0
2295	208	769.3287	450.1528	0
2295	209	58.36353	-170.6689	0
2295	210	767.2856	-92.24191	0
2295	211	121.7347	487.4156	0
2295	212	762.9076	545.6177	0
2295	213	846.9104	-184.6543	0
2295	214	111.0283	-93.68686	0
2295	215	154.4768	456.4432	0
2295	216	109.9122	-129.8166	0
2295	217	733.2343	511.1692	0
2295	218	802.8989	-127.6813	0
2295	219	130.6153	422.6175	0
2295	220	175.925	-73.38129	0
2295	221	668.522	493.6863	0
2295	222	733.6521	-147.9721	0
2295	223	76.48007	-126.2065	0
2295	224	171.078	380.1317	0
2295	225	675.4805	347.5685	0
2295	226	704.1482	-29.24329	0
2295	227	203.7565	495.7991	0
2295	228	140.2701	-75.60349	0
2295	229	683.0748	458.1272	0
2295	230	241.7984	460.2393	0
2295	231	668.7383	-83.98618	0
2295	232	155.7345	-37.21735	0
2295	233	622.4618	452.804	0
2295	234	224.4202	392.8575	0
2295	235	632.8425	-52.71204	0
2295	236	588.2646	421.0975	0
2295	237	192.57	-35.78058	0
2295	238	188.8774	424.0045	0
2295	239	597.1661	-23.13184	0
2295	240	550.3055	391.4312	0
2295	241	256.2658	367.0938	0
2295	242	220.2621	-8.908478	0
2295	243	652.4033	44.95677	0
2295	244	606.3763	287.8426	0
2295	245	286.3436	338.2873	0
2295	246	290.4264	43.77718	0
2295	247	561.4105	110.3986	0
2295	248	637.0505	321.7472	0
2295	249	317.3817	305.0432	0
2295	250	668.1525	4.07605	0
2295	251	253.5272	16.08853	0
2295	252	362.9697	342.5805	0
2295	253	573.9902	256.0857	0
2295	254	368.382	146.3573	0
2295	255	528.8766	48.4836	0
2295	256	358.7828	235.3916	0
2295	257	498.6916	355.3771	0
2295	258	300.0308	85.27319	0
2295	259	563.6221	11.79108	0
2295	260	439.0349	175.1256	0
2295	261	619.9048	46.21581	0
2295	262	380.9885	174.4256	0
2295	263	440.3918	278.1705	0
2295	264	363.3008	279.9997	0
2295	265	492.1768	74.28555	0
2295	266	364.7183	101.4553	0
2295	267	481.5041	312.7879	0
2295	268	595.2023	77.94299	0
2295	269	456.8387	265.7699	0
2295	270	513.3367	232.6891	0
2295	271	324.4833	117.9055	0
2295	272	425.0125	295.9892	0
2295	273	396.4731	258.5388	0
2295	274	522.999	146.1915	0
2295	275	404.4897	121.4872	0
2295	276	517.1733	223.18	0
2295	277	500.8867	192.7392	0
2295	278	482.4142	181.9151	0
2295	279	335.4068	252.6644	0
2295	280	470.0403	146.006	0
2295	281	458.8816	242.6646	0
2295	282	462.9851	157.7185	0
2295	283	419.6935	209.24	0
2295	284	400.9908	209.6368	0
2295	285	376.7574	189.4247	0
2295	286	526.2394	201.9588	0
2295	287	416.5927	110.4196	0
2295	288	404.6551	167.608	0
2295	289	416.3307	138.7797	0
2295	290	556.4036	170.3385	0
2295	291	394.0713	203.174	0
2295	292	470.4102	196.8137	0
2295	293	424.6583	234.1368	0
2295	294	564.1439	53.14905	0
2295	295	552.4912	290.2565	0
2295	296	343.5731	172.9935	0
2295	297	357.1886	209.1373	0
2295	298	600.9984	25.6525	0
2295	299	438.1176	202.9995	0
2295	300	302.2361	153.3211	0
2295	301	319.8684	259.801	0
2295	302	528.0075	87.78235	0
2295	303	273.6223	115.9491	0
2295	304	480.6753	233.5862	0
2295	305	291.9764	228.2197	0
2295	306	516.5739	256.3127	0
2295	307	561.9662	-20.18634	0
2295	308	233.9921	91.86996	0
2295	309	681.6041	46.34673	0
2295	310	579.8566	449.4405	0
2295	311	397.7953	353.4253	0
2295	312	328.4218	29.93082	0
2295	313	623.5533	-10.12189	0
2295	314	280.6195	289.8802	0
2295	315	460.0627	352.1429	0
2295	316	187.4196	16.24921	0
2295	317	740.3827	-14.88647	0
2295	318	346.0714	393.8714	0
2295	319	508.5613	396.587	0
2295	320	714.6928	21.15384	0
2295	321	253.8359	-34.22711	0
2295	322	522.8952	333.3629	0
2295	323	608.6551	-66.04889	0
2295	324	346.1764	330.6529	0
2295	325	207.0011	56.40244	0
2295	326	246.0329	433.6262	0
2295	327	641.9058	365.2924	0
2295	328	649.0105	79.27643	0
2295	329	294.5265	-6.148407	0
2295	330	603.1662	330.0043	0
2295	331	204.9714	453.3766	0
2295	332	659.869	-40.44589	0
2295	333	173.3368	-110.2595	0
2295	334	287.2779	381.6807	0
2295	335	619.4008	478.4161	0
2295	336	213.8502	-75.49567	0
2295	337	729.7727	-124.0969	0
2295	338	720.66	448.5493	0
2295	339	241.8636	404.3976	0
2295	340	150.2932	18.32547	0
2295	341	777.5923	-45.20938	0
2295	342	103.581	-34.98032	0
2295	343	108.3305	443.9317	0
2295	344	763.2223	458.4973	0
2295	345	761.544	-149.2927	0
2295	346	66.03279	-76.58633	0
2295	347	696.9467	409.3033	0
2295	348	162.2356	496.7574	0
2295	349	701.6631	-82.74661	0
2295	350	114.4924	557.0496	0
2295	351	814.3914	-77.22214	0
2295	352	737.7927	574.4792	0
2295	353	132.0014	-148.4396	0
2295	354	703.7532	556.6766	0
2295	355	50.27111	508.6351	0
2295	356	89.12313	-179.5811	0
2295	357	789.3293	-185.6821	0
2295	358	50.68616	-209.934	0
2295	359	787.2243	624.3678	0
2295	360	882.636	-121.0512	0
2295	361	78.68915	476.2137	0
2295	362	21.68803	-130.5429	0
2295	363	736.1533	618.7979	0
2295	364	841.2835	-114.073	0
2295	365	13.63983	537.2909	0
2295	366	-56.47518	-156.903	0
2295	367	823.0829	-215.1334	0
2295	368	767.6602	595.1084	0
2295	369	-14.65323	575.8102	0
2295	370	-24.93462	-130.7728	0
2295	371	860.4392	567.0331	0
2295	372	950.5125	-207.4012	0
2295	373	92.08651	545.9612	0
2295	374	-21.42832	-175.7632	0
2295	375	876.2572	532.5704	0
2295	376	46.61988	595.5608	0
2295	377	860.0023	-228.269	0
2295	378	13.76695	-239.9405	0
2295	379	78.40395	586.6282	0
2295	380	886.4813	610.9007	0
2295	381	958.9415	-315.2235	0
2295	382	902.8239	586.8755	0
2295	383	-67.54015	649.6023	0
2295	384	-96.92319	-207.2597	0
2295	385	1011.413	-333.143	0
2295	386	823.9015	633.4504	0
2295	387	23.76281	659.644	0
2295	388	-29.25395	-270.412	0
2295	389	1014.96	-297.111	0
2295	390	913.4021	722.3278	0
2295	391	-75.59379	611.0904	0
2295	392	-74.62379	-291.4534	0
2295	393	1003.26	-359.3228	0
2295	394	-20.95416	732.7422	0
2295	395	872.4684	683.3585	0
2295	396	-171.0398	-350.6655	0
2295	397	-43.91441	733.1617	0
2295	398	985.8994	-345.3589	0
2295	399	991.688	707.2452	0
2296	165	-62.49961	695.6511	0
2296	167	993.0173	-293.1221	0
2296	169	-54.43172	668.3574	0
2296	171	976.3876	-307.3868	0
2296	172	911.075	683.4633	0
2296	173	-106.6407	-280.0497	0
2296	174	17.89328	652.7136	0
2296	175	824.9711	617.5452	0
2296	176	1007.089	-333.1168	0
2296	177	-9.109129	614.3596	0
2296	178	-116.8095	-305.2877	0
2296	179	860.9204	632.5719	0
2296	180	-30.10077	645.0479	0
2296	181	939.0496	-247.8434	0
2296	182	910.3149	662.9525	0
2296	183	-76.43406	-272.7979	0
2296	184	18.80322	594.4954	0
2296	185	912.0175	-234.0814	0
2296	186	-19.06516	-217.4969	0
2296	187	953.2823	-277.2548	0
2296	188	884.7438	643.1465	0
2296	189	68.1966	617.667	0
2296	190	-49.86147	-246.3943	0
2296	191	68.96577	545.8295	0
2296	192	880.3866	-217.4004	0
2296	193	785.9381	592.2032	0
2296	194	18.31884	-203.5144	0
2296	195	800.3655	557.6399	0
2296	196	37.09698	565.7433	0
2296	197	886.7485	-190.6172	0
2296	198	13.10836	-176.5768	0
2296	199	140.3286	550.756	0
2296	200	852.5703	599.822	0
2296	201	-23.25607	-152.1938	0
2296	202	838.655	-153.7662	0
2296	203	104.4493	584.5258	0
2296	204	820.4866	584.2556	0
2296	205	43.51869	-143.4646	0
2296	206	823.7488	-59.81506	0
2296	207	89.52816	514.7578	0
2296	208	770.1024	450.812	0
2296	209	57.4693	-171.3976	0
2296	210	768.0818	-93.06415	0
2296	211	120.9404	488.2423	0
2296	212	763.7512	546.3238	0
2296	213	847.7357	-185.4298	0
2296	214	110.1408	-94.41541	0
2296	215	153.6746	457.2656	0
2296	216	109.0458	-130.5406	0
2296	217	734.0474	511.9333	0
2296	218	803.6736	-128.475	0
2296	219	129.933	423.4379	0
2296	220	175.0405	-74.12085	0
2296	221	669.4662	494.4472	0
2296	222	734.313	-148.8485	0
2296	223	75.60729	-126.9663	0
2296	224	170.3614	381.0103	0
2296	225	676.2632	348.4453	0
2296	226	704.9683	-30.07111	0
2296	227	202.8752	496.5669	0
2296	228	139.3656	-76.36813	0
2296	229	683.882	458.8734	0
2296	230	240.9909	461.0925	0
2296	231	669.6392	-84.76361	0
2296	232	154.8307	-37.96899	0
2296	233	623.4718	453.4069	0
2296	234	223.4869	393.5412	0
2296	235	633.7598	-53.41284	0
2296	236	589.1697	421.7231	0
2296	237	191.7596	-36.53391	0
2296	238	187.9973	424.7764	0
2296	239	598.0835	-23.82599	0
2296	240	551.2591	392.1189	0
2296	241	255.3932	367.81	0
2296	242	219.407	-9.633331	0
2296	243	653.1714	44.06712	0
2296	244	607.1306	288.6932	0
2296	245	285.5487	339.101	0
2296	246	289.5185	43.04903	0
2296	247	562.2368	109.6478	0
2296	248	637.8598	322.5758	0
2296	249	316.5889	305.8979	0
2296	250	668.9907	3.219696	0
2296	251	252.6431	15.37222	0
2296	252	362.1264	343.2799	0
2296	253	574.7331	256.8967	0
2296	254	367.387	145.4174	0
2296	255	529.7173	47.65938	0
2296	256	358.0058	236.3547	0
2296	257	499.6308	356.0983	0
2296	258	299.2115	84.44273	0
2296	259	564.453	11.06012	0
2296	260	438.1533	175.9099	0
2296	261	620.7144	45.45479	0
2296	262	380.197	173.3733	0
2296	263	441.1544	278.9752	0
2296	264	362.4986	280.983	0
2296	265	493.0003	73.5849	0
2296	266	363.7779	100.6212	0
2296	267	482.4071	313.5279	0
2296	268	596.0515	77.21344	0
2296	269	456.128	266.5987	0
2296	270	513.7292	233.9398	0
2296	271	323.6949	117.1019	0
2296	272	424.0133	296.95	0
2296	273	397.3665	259.3026	0
2296	274	523.8433	145.3268	0
2296	275	403.6974	120.5302	0
2296	276	516.7714	223.6237	0
2296	277	501.7638	193.4408	0
2296	278	483.2511	180.9734	0
2296	279	334.6746	251.7587	0
2296	280	469.3642	146.5912	0
2296	281	459.7139	241.7169	0
2296	282	463.6693	158.4906	0
2296	283	418.9816	210.0519	0
2296	284	400.2133	209.0514	0
2296	285	377.3298	188.731	0
2296	286	525.5581	202.5504	0
2296	287	417.4688	111.0245	0
2296	288	403.9507	166.7055	0
2296	289	417.2401	138.2362	0
2296	290	555.5931	171.0759	0
2296	291	394.8345	203.9109	0
2296	292	469.4672	196.2394	0
2296	293	425.4626	233.4787	0
2296	294	563.3359	54.00133	0
2296	295	551.6018	289.5605	0
2296	296	344.2991	173.7793	0
2296	297	357.804	208.429	0
2296	298	600.172	26.43817	0
2296	299	437.4131	202.2671	0
2296	300	303.0524	154.1215	0
2296	301	320.6021	259.0697	0
2296	302	527.2183	88.67313	0
2296	303	274.4524	116.7368	0
2296	304	479.7848	232.8734	0
2296	305	292.8355	227.4714	0
2296	306	515.7523	255.7494	0
2296	307	561.0827	-19.44214	0
2296	308	234.8613	92.64108	0
2296	309	680.8265	47.14871	0
2296	310	578.9593	448.7033	0
2296	311	398.6386	352.631	0
2296	312	329.2705	30.74179	0
2296	313	622.816	-9.237854	0
2296	314	281.4198	289.0872	0
2296	315	459.1927	351.3409	0
2296	316	188.2901	17.05573	0
2296	317	739.5695	-14.14392	0
2296	318	346.8465	393.0282	0
2296	319	507.7267	395.7966	0
2296	320	713.8538	21.93307	0
2296	321	254.6525	-33.45184	0
2296	322	522.17	332.4906	0
2296	323	607.7875	-65.31638	0
2296	324	346.9166	329.8568	0
2296	325	207.8563	57.17328	0
2296	326	246.8707	432.7989	0
2296	327	640.9974	364.6077	0
2296	328	648.1782	80.19405	0
2296	329	295.3407	-5.327087	0
2296	330	602.2065	329.3293	0
2296	331	205.7583	452.5978	0
2296	332	659.1339	-39.59036	0
2296	333	174.1459	-109.4915	0
2296	334	288.1953	380.9684	0
2296	335	618.5735	477.701	0
2296	336	214.7388	-74.72333	0
2296	337	729.1107	-123.0338	0
2296	338	719.7672	447.8051	0
2296	339	242.7611	403.6121	0
2296	340	151.0631	19.09369	0
2296	341	776.6669	-44.4245	0
2296	342	104.4364	-34.21951	0
2296	343	109.144	443.139	0
2296	344	762.3284	458.029	0
2296	345	760.8224	-148.5233	0
2296	346	66.85988	-75.78378	0
2296	347	696.0695	408.4855	0
2296	348	163.0969	495.9968	0
2296	349	700.8957	-81.90875	0
2296	350	115.421	556.1918	0
2296	351	813.5153	-76.56082	0
2296	352	736.8807	573.6483	0
2296	353	132.8586	-147.7056	0
2296	354	702.8768	555.8137	0
2296	355	51.03887	507.8226	0
2296	356	90.04061	-178.8192	0
2296	357	788.4949	-184.871	0
2296	358	51.60164	-209.2192	0
2296	359	786.3249	623.7366	0
2296	360	881.8265	-120.3162	0
2296	361	79.49316	475.3721	0
2296	362	22.53166	-129.6674	0
2296	363	735.3015	618.0485	0
2296	364	840.4569	-113.2289	0
2296	365	14.43077	536.4744	0
2296	366	-55.78612	-156.1711	0
2296	367	822.1779	-214.3815	0
2296	368	766.7488	594.3745	0
2296	369	-13.90838	574.957	0
2296	370	-24.37819	-129.7302	0
2296	371	859.6007	566.2179	0
2296	372	949.71	-206.5726	0
2296	373	92.91047	545.1387	0
2296	374	-20.61265	-175.0984	0
2296	375	875.4222	531.7528	0
2296	376	47.42821	594.8853	0
2296	377	859.1105	-227.6595	0
2296	378	14.6024	-239.2396	0
2296	379	79.24625	585.8085	0
2296	380	885.7389	610.0549	0
2296	381	957.8517	-314.5972	0
2296	382	902.0736	586.0214	0
2296	383	-66.87289	648.7657	0
2296	384	-96.0631	-206.5035	0
2296	385	1011.444	-332.8373	0
2296	386	823.0543	632.8935	0
2296	387	24.64738	659.2316	0
2296	388	-28.31321	-269.7081	0
2296	389	1014.437	-296.0136	0
2296	390	912.5728	721.5951	0
2296	391	-74.74927	610.2654	0
2296	392	-73.62778	-290.9063	0
2296	393	1002.505	-358.9193	0
2296	394	-20.02055	731.9388	0
2296	395	871.5156	682.6801	0
2296	396	-170.2497	-349.9169	0
2296	397	-43.36484	732.5156	0
2296	398	984.8865	-344.8693	0
2296	399	991.4778	707.0527	0
2297	165	-63.60301	696.0599	0
2297	167	993.6887	-293.8348	0
2297	169	-55.06575	669.274	0
2297	171	977.1783	-308.0359	0
2297	172	912.0728	684.2314	0
2297	173	-107.4644	-280.7917	0
2297	174	16.78934	652.8356	0
2297	175	825.8689	618.1827	0
2297	176	1007.069	-333.6045	0
2297	177	-9.871195	615.2944	0
2297	178	-117.7935	-306.1968	0
2297	179	861.7808	633.3989	0
2297	180	-30.83319	645.8998	0
2297	181	939.8351	-248.7112	0
2297	182	911.1591	663.7346	0
2297	183	-77.28706	-273.4197	0
2297	184	17.94507	595.3161	0
2297	185	912.8583	-234.879	0
2297	186	-19.95519	-218.2809	0
2297	187	954.0687	-278.0353	0
2297	188	885.5435	644.0276	0
2297	189	67.27853	618.447	0
2297	190	-50.75312	-247.0665	0
2297	191	68.05122	546.5901	0
2297	192	881.2766	-218.1515	0
2297	193	786.9109	592.7567	0
2297	194	17.40831	-204.2366	0
2297	195	801.2123	558.3129	0
2297	196	36.30563	566.5338	0
2297	197	887.6229	-191.3197	0
2297	198	12.28709	-177.3627	0
2297	199	139.4892	551.3933	0
2297	200	853.3867	600.6068	0
2297	201	-23.59356	-153.2215	0
2297	202	839.4283	-154.5988	0
2297	203	103.6331	585.3367	0
2297	204	821.3748	584.9685	0
2297	205	42.70919	-144.23	0
2297	206	824.5128	-60.60956	0
2297	207	88.82848	515.5753	0
2297	208	770.9079	451.4658	0
2297	209	56.57489	-172.1269	0
2297	210	768.8782	-93.88422	0
2297	211	120.1494	489.0735	0
2297	212	764.5976	547.0262	0
2297	213	848.5615	-186.1999	0
2297	214	109.2559	-95.14496	0
2297	215	152.8805	458.0869	0
2297	216	108.1757	-131.2667	0
2297	217	734.861	512.6957	0
2297	218	804.4459	-129.2697	0
2297	219	129.2577	424.2513	0
2297	220	174.1591	-74.85925	0
2297	221	670.4014	495.2098	0
2297	222	734.997	-149.7124	0
2297	223	74.73277	-127.7233	0
2297	224	169.6445	381.8881	0
2297	225	677.0468	349.3257	0
2297	226	705.7844	-30.90067	0
2297	227	201.9961	497.3284	0
2297	228	138.4603	-77.13245	0
2297	229	684.6851	459.6195	0
2297	230	240.1768	461.9432	0
2297	231	670.5315	-85.53589	0
2297	232	153.9278	-38.71378	0
2297	233	624.4805	454.0074	0
2297	234	222.5438	394.2297	0
2297	235	634.6809	-54.11862	0
2297	236	590.0795	422.3437	0
2297	237	190.9463	-37.28217	0
2297	238	187.1206	425.5475	0
2297	239	598.9941	-24.52393	0
2297	240	552.2093	392.808	0
2297	241	254.5202	368.5237	0
2297	242	218.5525	-10.36258	0
2297	243	653.9384	43.17725	0
2297	244	607.8818	289.5403	0
2297	245	284.7524	339.9062	0
2297	246	288.6102	42.31908	0
2297	247	563.0665	108.8976	0
2297	248	638.6688	323.4053	0
2297	249	315.797	306.7453	0
2297	250	669.8284	2.366089	0
2297	251	251.7597	14.65649	0
2297	252	361.2839	343.9945	0
2297	253	575.4761	257.7062	0
2297	254	366.3994	144.4745	0
2297	255	530.5562	46.83705	0
2297	256	357.2394	237.3004	0
2297	257	500.5633	356.8255	0
2297	258	298.3921	83.61082	0
2297	259	565.2866	10.33817	0
2297	260	437.2715	176.6851	0
2297	261	621.5267	44.69034	0
2297	262	379.3984	172.321	0
2297	263	441.9277	279.7844	0
2297	264	361.6962	281.9588	0
2297	265	493.8195	72.88171	0
2297	266	362.8473	99.78716	0
2297	267	483.3018	314.2561	0
2297	268	596.9019	76.48401	0
2297	269	455.4122	267.4232	0
2297	270	514.164	235.1946	0
2297	271	322.9048	116.3015	0
2297	272	423.0106	297.9013	0
2297	273	398.2568	260.0635	0
2297	274	524.6772	144.465	0
2297	275	402.8673	119.5948	0
2297	276	516.323	224.0724	0
2297	277	502.634	194.1448	0
2297	278	484.1025	180.0421	0
2297	279	333.9468	250.8506	0
2297	280	468.6834	147.1621	0
2297	281	460.5421	240.7811	0
2297	282	464.3481	159.279	0
2297	283	418.2722	210.8742	0
2297	284	399.4843	208.5254	0
2297	285	377.9221	188.037	0
2297	286	524.8815	203.1413	0
2297	287	418.3523	111.6306	0
2297	288	403.2448	165.8	0
2297	289	418.1654	137.6845	0
2297	290	554.7844	171.8138	0
2297	291	395.5201	204.5912	0
2297	292	468.5286	195.6613	0
2297	293	426.2767	232.8337	0
2297	294	562.5314	54.85445	0
2297	295	550.7137	288.8645	0
2297	296	345.0115	174.5585	0
2297	297	358.425	207.7294	0
2297	298	599.3423	27.22256	0
2297	299	436.7168	201.5244	0
2297	300	303.8706	154.9228	0
2297	301	321.3279	258.3536	0
2297	302	526.4269	89.56429	0
2297	303	275.2799	117.5274	0
2297	304	478.8954	232.1503	0
2297	305	293.6915	226.721	0
2297	306	514.9309	255.2004	0
2297	307	560.2025	-18.69849	0
2297	308	235.7304	93.41203	0
2297	309	680.0535	47.95248	0
2297	310	578.0636	447.9666	0
2297	311	399.4819	351.8314	0
2297	312	330.118	31.55719	0
2297	313	622.0812	-8.352875	0
2297	314	282.2187	288.2959	0
2297	315	458.326	350.5354	0
2297	316	189.1596	17.85745	0
2297	317	738.7605	-13.39795	0
2297	318	347.6212	392.1862	0
2297	319	506.8974	395.0078	0
2297	320	713.0156	22.71017	0
2297	321	255.4687	-32.67719	0
2297	322	521.4499	331.6191	0
2297	323	606.9191	-64.58273	0
2297	324	347.6569	329.0503	0
2297	325	208.7118	57.94431	0
2297	326	247.7187	431.9768	0
2297	327	640.0873	363.9256	0
2297	328	647.3397	81.10858	0
2297	329	296.1546	-4.506744	0
2297	330	601.2468	328.6534	0
2297	331	206.5424	451.8214	0
2297	332	658.4003	-38.73734	0
2297	333	174.9545	-108.7308	0
2297	334	289.1129	380.2563	0
2297	335	617.7485	476.9916	0
2297	336	215.626	-73.94751	0
2297	337	728.418	-121.9828	0
2297	338	718.8862	447.0567	0
2297	339	243.6625	402.8291	0
2297	340	151.8348	19.8598	0
2297	341	775.7484	-43.64145	0
2297	342	105.2899	-33.45901	0
2297	343	109.95	442.3548	0
2297	344	761.3956	457.5616	0
2297	345	760.1091	-147.7495	0
2297	346	67.68642	-74.98453	0
2297	347	695.1918	407.6703	0
2297	348	163.9518	495.2414	0
2297	349	700.137	-81.07126	0
2297	350	116.3465	555.3398	0
2297	351	812.6283	-75.90356	0
2297	352	735.9759	572.8177	0
2297	353	133.721	-146.9683	0
2297	354	702.0016	554.9502	0
2297	355	51.80469	507.0112	0
2297	356	90.95714	-178.0515	0
2297	357	787.6628	-184.0588	0
2297	358	52.51633	-208.5036	0
2297	359	785.4264	623.1062	0
2297	360	881.0168	-119.5815	0
2297	361	80.29774	474.5304	0
2297	362	23.36436	-128.7906	0
2297	363	734.4498	617.2982	0
2297	364	839.6295	-112.3861	0
2297	365	15.22369	535.6564	0
2297	366	-55.10353	-155.4395	0
2297	367	821.2734	-213.6288	0
2297	368	765.8364	593.6263	0
2297	369	-13.16195	574.1039	0
2297	370	-23.77807	-128.6936	0
2297	371	858.7601	565.4001	0
2297	372	948.9053	-205.7438	0
2297	373	93.73535	544.3124	0
2297	374	-19.79886	-174.4409	0
2297	375	874.5872	530.9353	0
2297	376	48.23751	594.2009	0
2297	377	858.217	-227.0468	0
2297	378	15.43813	-238.5431	0
2297	379	80.08485	584.9937	0
2297	380	884.997	609.2139	0
2297	381	956.7631	-313.9648	0
2297	382	901.324	585.1671	0
2297	383	-66.20304	647.926	0
2297	384	-95.2029	-205.7474	0
2297	385	1011.657	-332.4187	0
2297	386	822.2023	632.3412	0
2297	387	25.57638	658.8104	0
2297	388	-27.37462	-269.0003	0
2297	389	1013.907	-294.9366	0
2297	390	911.7463	720.8639	0
2297	391	-73.90432	609.4399	0
2297	392	-72.63574	-290.3556	0
2297	393	1001.75	-358.5139	0
2297	394	-19.0832	731.1324	0
2297	395	870.5642	681.9967	0
2297	396	-169.4542	-349.1631	0
2297	397	-42.7981	731.8555	0
2297	398	983.8553	-344.3582	0
2297	399	991.1831	706.7828	0
2298	165	-64.71922	696.4548	0
2298	167	994.3491	-294.5517	0
2298	169	-55.70588	670.1989	0
2298	171	977.9712	-308.687	0
2298	172	913.0742	684.9998	0
2298	173	-108.2843	-281.5445	0
2298	174	15.64851	652.9761	0
2298	175	826.769	618.8188	0
2298	176	1006.977	-334.1559	0
2298	177	-10.63597	616.2246	0
2298	178	-118.7638	-307.1138	0
2298	179	862.6359	634.2346	0
2298	180	-31.55963	646.7506	0
2298	181	940.6238	-249.5786	0
2298	182	912.0013	664.5153	0
2298	183	-78.14281	-274.0389	0
2298	184	17.0926	596.1498	0
2298	185	913.6904	-235.6802	0
2298	186	-20.84993	-219.0632	0
2298	187	954.8547	-278.8074	0
2298	188	886.3513	644.9042	0
2298	189	66.35255	619.223	0
2298	190	-51.647	-247.7374	0
2298	191	67.13332	547.3608	0
2298	192	882.1711	-218.9119	0
2298	193	787.8822	593.3209	0
2298	194	16.50091	-204.961	0
2298	195	802.0596	558.9854	0
2298	196	35.51431	567.3217	0
2298	197	888.4984	-192.0212	0
2298	198	11.4738	-178.1448	0
2298	199	138.6632	552.0264	0
2298	200	854.2009	601.3914	0
2298	201	-23.96446	-154.2321	0
2298	202	840.2066	-155.4277	0
2298	203	102.8128	586.1429	0
2298	204	822.2559	585.6827	0
2298	205	41.90171	-145.0025	0
2298	206	825.2787	-61.4039	0
2298	207	88.12574	516.3837	0
2298	208	771.7389	452.1288	0
2298	209	55.68102	-172.8563	0
2298	210	769.6742	-94.70203	0
2298	211	119.3623	489.9088	0
2298	212	765.4469	547.725	0
2298	213	849.3882	-186.9646	0
2298	214	108.3736	-95.87604	0
2298	215	152.0938	458.9069	0
2298	216	107.3027	-131.9947	0
2298	217	735.6754	513.4565	0
2298	218	805.2154	-130.0665	0
2298	219	128.5898	425.0575	0
2298	220	173.281	-75.59583	0
2298	221	671.3289	495.974	0
2298	222	735.7004	-150.5652	0
2298	223	73.85778	-128.477	0
2298	224	168.9274	382.7649	0
2298	225	677.8306	350.2099	0
2298	226	706.5962	-31.73166	0
2298	227	201.1202	498.0836	0
2298	228	137.5544	-77.89667	0
2298	229	685.4839	460.3656	0
2298	230	239.3572	462.791	0
2298	231	671.4152	-86.30341	0
2298	232	153.0269	-39.45288	0
2298	233	625.4882	454.6055	0
2298	234	221.5915	394.9246	0
2298	235	635.6052	-54.83014	0
2298	236	590.9951	422.9604	0
2298	237	190.13	-38.02579	0
2298	238	186.2459	426.3186	0
2298	239	599.898	-25.22427	0
2298	240	553.1555	393.4987	0
2298	241	253.6476	369.2347	0
2298	242	217.6984	-11.09668	0
2298	243	654.7038	42.2872	0
2298	244	608.6309	290.3835	0
2298	245	283.9544	340.702	0
2298	246	287.702	41.58778	0
2298	247	563.8991	108.1472	0
2298	248	639.4767	324.235	0
2298	249	315.0056	307.5864	0
2298	250	670.6651	1.515747	0
2298	251	250.8772	13.9418	0
2298	252	360.4417	344.7234	0
2298	253	576.2198	258.5149	0
2298	254	365.4191	143.5292	0
2298	255	531.3929	46.0168	0
2298	256	356.4865	238.2282	0
2298	257	501.4896	357.5572	0
2298	258	297.5721	82.77773	0
2298	259	566.1237	9.625092	0
2298	260	436.3913	177.45	0
2298	261	622.3425	43.92175	0
2298	262	378.5936	171.2686	0
2298	263	442.7107	280.5985	0
2298	264	360.8943	282.9256	0
2298	265	494.6349	72.1754	0
2298	266	361.9254	98.9532	0
2298	267	484.1883	314.9734	0
2298	268	597.7521	75.75513	0
2298	269	454.691	268.2405	0
2298	270	514.6429	236.4458	0
2298	271	322.1134	115.5038	0
2298	272	422.0055	298.8436	0
2298	273	399.1433	260.8203	0
2298	274	525.5026	143.6054	0
2298	275	402.0027	118.6764	0
2298	276	515.8292	224.5337	0
2298	277	503.4956	194.8509	0
2298	278	484.9673	179.1211	0
2298	279	333.2237	249.9388	0
2298	280	467.9973	147.7147	0
2298	281	461.3657	239.8591	0
2298	282	465.024	160.0856	0
2298	283	417.5648	211.7084	0
2298	284	398.856	208.1124	0
2298	285	378.5355	187.3416	0
2298	286	524.2093	203.7329	0
2298	287	419.2433	112.2402	0
2298	288	402.537	164.8925	0
2298	289	419.1031	137.1265	0
2298	290	553.977	172.5526	0
2298	291	396.0532	205.1307	0
2298	292	467.5952	195.0792	0
2298	293	427.1018	232.2013	0
2298	294	561.7304	55.70874	0
2298	295	549.8263	288.1682	0
2298	296	345.7111	175.3323	0
2298	297	359.0513	207.0401	0
2298	298	598.5093	28.00565	0
2298	299	436.0272	200.7721	0
2298	300	304.6908	155.7245	0
2298	301	322.0456	257.6543	0
2298	302	525.6342	90.45587	0
2298	303	276.1047	118.3206	0
2298	304	478.0091	231.4171	0
2298	305	294.5437	225.9681	0
2298	306	514.1079	254.6661	0
2298	307	559.3251	-17.95578	0
2298	308	236.5995	94.18283	0
2298	309	679.2844	48.75858	0
2298	310	577.1694	447.2302	0
2298	311	400.3243	351.0264	0
2298	312	330.9638	32.37689	0
2298	313	621.3489	-7.467316	0
2298	314	283.0163	287.5064	0
2298	315	457.4637	349.7271	0
2298	316	190.0284	18.65546	0
2298	317	737.9551	-12.64813	0
2298	318	348.3951	391.3467	0
2298	319	506.0736	394.2216	0
2298	320	712.1786	23.48578	0
2298	321	256.2846	-31.90344	0
2298	322	520.7346	330.7483	0
2298	323	606.0504	-63.84808	0
2298	324	348.399	328.234	0
2298	325	209.5675	58.71558	0
2298	326	248.5761	431.1608	0
2298	327	639.176	363.2462	0
2298	328	646.4966	82.01881	0
2298	329	296.9681	-3.687744	0
2298	330	600.2875	327.9768	0
2298	331	207.3243	451.0467	0
2298	332	657.668	-37.88712	0
2298	333	175.7633	-107.9771	0
2298	334	290.0307	379.5442	0
2298	335	616.9233	476.287	0
2298	336	216.5109	-73.1683	0
2298	337	727.6985	-120.9439	0
2298	338	718.0172	446.3039	0
2298	339	244.567	402.0478	0
2298	340	152.6082	20.62408	0
2298	341	774.837	-42.86157	0
2298	342	106.1407	-32.69849	0
2298	343	110.7481	441.5792	0
2298	344	760.4338	457.0807	0
2298	345	759.404	-146.9701	0
2298	346	68.51203	-74.18781	0
2298	347	694.3137	406.8578	0
2298	348	164.7998	494.4901	0
2298	349	699.3867	-80.23383	0
2298	350	117.2668	554.4937	0
2298	351	811.7302	-75.24768	0
2298	352	735.0771	571.987	0
2298	353	134.588	-146.2268	0
2298	354	701.1276	554.0858	0
2298	355	52.56877	506.2004	0
2298	356	91.87143	-177.2795	0
2298	357	786.8333	-183.2456	0
2298	358	53.42936	-207.7874	0
2298	359	784.5289	622.4766	0
2298	360	880.2067	-118.8471	0
2298	361	81.10273	473.6888	0
2298	362	24.18622	-127.913	0
2298	363	733.5981	616.5474	0
2298	364	838.8015	-111.545	0
2298	365	16.01906	534.8372	0
2298	366	-54.42728	-154.7075	0
2298	367	820.3692	-212.8749	0
2298	368	764.9243	592.8651	0
2298	369	-12.4148	573.2515	0
2298	370	-23.13911	-127.6642	0
2298	371	857.9174	564.5804	0
2298	372	948.0981	-204.9154	0
2298	373	94.56036	543.4833	0
2298	374	-18.98601	-173.7902	0
2298	375	873.752	530.1179	0
2298	376	49.04806	593.509	0
2298	377	857.322	-226.4304	0
2298	378	16.27457	-237.8506	0
2298	379	80.91895	584.1832	0
2298	380	884.256	608.3773	0
2298	381	955.6759	-313.3255	0
2298	382	900.5753	584.3125	0
2298	383	-65.53006	647.0838	0
2298	384	-94.3427	-204.9915	0
2298	385	1011.98	-331.8702	0
2298	386	821.3434	631.7932	0
2298	387	26.53411	658.3635	0
2298	388	-26.43893	-268.2896	0
2298	389	1013.371	-293.8758	0
2298	390	910.9214	720.1348	0
2298	391	-73.05908	608.6143	0
2298	392	-71.64709	-289.8026	0
2298	393	1000.993	-358.1067	0
2298	394	-18.14299	730.3233	0
2298	395	869.6157	681.3098	0
2298	396	-168.6539	-348.4048	0
2298	397	-42.21579	731.1833	0
2298	398	982.8081	-343.8282	0
2298	399	990.8151	706.4459	0
2299	165	-65.84777	696.8353	0
2299	167	994.9975	-295.2736	0
2299	169	-56.35283	671.1309	0
2299	171	978.7645	-309.3407	0
2299	172	914.0784	685.767	0
2299	173	-109.0993	-282.308	0
2299	174	14.49051	653.1501	0
2299	175	827.6741	619.4552	0
2299	176	1006.89	-334.777	0
2299	177	-11.4038	617.149	0
2299	178	-119.7204	-308.0369	0
2299	179	863.4858	635.0771	0
2299	180	-32.28029	647.6012	0
2299	181	941.4155	-250.4445	0
2299	182	912.8406	665.2959	0
2299	183	-79.00264	-274.6566	0
2299	184	16.24617	596.9962	0
2299	185	914.515	-236.4849	0
2299	186	-21.7484	-219.8425	0
2299	187	955.6409	-279.5707	0
2299	188	887.1674	645.7753	0
2299	189	65.41898	619.9942	0
2299	190	-52.54261	-248.4071	0
2299	191	66.21475	548.139	0
2299	192	883.0692	-219.6821	0
2299	193	788.8511	593.8944	0
2299	194	15.5967	-205.6872	0
2299	195	802.9072	559.6575	0
2299	196	34.72282	568.1079	0
2299	197	889.3747	-192.7221	0
2299	198	10.66924	-178.9238	0
2299	199	137.8513	552.6571	0
2299	200	855.0119	602.176	0
2299	201	-24.36666	-155.2267	0
2299	202	840.9896	-156.2519	0
2299	203	101.9896	586.9443	0
2299	204	823.1306	586.3981	0
2299	205	41.09469	-145.7827	0
2299	206	826.0471	-62.19894	0
2299	207	87.41882	517.1832	0
2299	208	772.5827	452.8131	0
2299	209	54.7882	-173.5857	0
2299	210	770.4694	-95.51746	0
2299	211	118.5798	490.7477	0
2299	212	766.2991	548.4202	0
2299	213	850.216	-187.7238	0
2299	214	107.494	-96.6088	0
2299	215	151.3133	459.726	0
2299	216	106.4274	-132.724	0
2299	217	736.4902	514.2159	0
2299	218	805.9819	-130.8662	0
2299	219	127.9296	425.8564	0
2299	220	172.4062	-76.33002	0
2299	221	672.2496	496.7395	0
2299	222	736.4204	-151.4079	0
2299	223	72.98347	-129.2274	0
2299	224	168.2099	383.6408	0
2299	225	678.614	351.0982	0
2299	226	707.4036	-32.564	0
2299	227	200.248	498.8326	0
2299	228	136.648	-78.6611	0
2299	229	686.2787	461.1126	0
2299	230	238.5332	463.6357	0
2299	231	672.2904	-87.06656	0
2299	232	152.1291	-40.18732	0
2299	233	626.4957	455.2016	0
2299	234	220.6314	395.6273	0
2299	235	636.5319	-55.5477	0
2299	236	591.9169	423.5742	0
2299	237	189.3107	-38.76559	0
2299	238	185.3721	427.0902	0
2299	239	600.7954	-25.92584	0
2299	240	554.0967	394.1908	0
2299	241	252.7759	369.9427	0
2299	242	216.8447	-11.836	0
2299	243	655.4677	41.39691	0
2299	244	609.3788	291.2227	0
2299	245	283.1542	341.4879	0
2299	246	286.7945	40.85565	0
2299	247	564.7339	107.3962	0
2299	248	640.2833	325.0643	0
2299	249	314.2148	308.4222	0
2299	250	671.5009	0.66922	0
2299	251	249.9958	13.22855	0
2299	252	359.5988	345.4656	0
2299	253	576.9646	259.3231	0
2299	254	364.445	142.5825	0
2299	255	532.2271	45.19864	0
2299	256	355.7492	239.1389	0
2299	257	502.4101	358.2919	0
2299	258	296.7511	81.94365	0
2299	259	566.9652	8.920685	0
2299	260	435.514	178.2032	0
2299	261	623.1626	43.14949	0
2299	262	377.7829	170.2161	0
2299	263	443.5027	281.4178	0
2299	264	360.0935	283.882	0
2299	265	495.447	71.46555	0
2299	266	361.0111	98.11916	0
2299	267	485.0663	315.6808	0
2299	268	598.6011	75.02701	0
2299	269	453.9643	269.0479	0
2299	270	515.1669	237.6848	0
2299	271	321.3216	114.7087	0
2299	272	420.9988	299.7773	0
2299	273	400.0251	261.5721	0
2299	274	526.3206	142.7471	0
2299	275	401.1076	117.7712	0
2299	276	515.2923	225.0151	0
2299	277	504.347	195.5585	0
2299	278	485.845	178.2104	0
2299	279	332.5048	249.0219	0
2299	280	467.3035	148.248	0
2299	281	462.1843	238.9528	0
2299	282	465.7007	160.9096	0
2299	283	416.859	212.5559	0
2299	284	398.3834	207.8797	0
2299	285	379.1709	186.6436	0
2299	286	523.5414	204.3257	0
2299	287	420.1407	112.8547	0
2299	288	401.8276	163.984	0
2299	289	420.0509	136.5638	0
2299	290	553.1705	173.2924	0
2299	291	396.4027	205.4702	0
2299	292	466.668	194.4931	0
2299	293	427.9378	231.5805	0
2299	294	560.933	56.5639	0
2299	295	548.9393	287.4714	0
2299	296	346.3985	176.102	0
2299	297	359.682	206.3622	0
2299	298	597.673	28.78842	0
2299	299	435.3417	200.0113	0
2299	300	305.5133	156.5262	0
2299	301	322.7553	256.973	0
2299	302	524.8404	91.34743	0
2299	303	276.9267	119.1162	0
2299	304	477.128	230.6737	0
2299	305	295.3919	225.2125	0
2299	306	513.2809	254.1472	0
2299	307	558.4504	-17.21436	0
2299	308	237.4684	94.95349	0
2299	309	678.5187	49.56758	0
2299	310	576.2769	446.4935	0
2299	311	401.165	350.2163	0
2299	312	331.8069	33.2009	0
2299	313	620.6193	-6.582428	0
2299	314	283.8128	286.7181	0
2299	315	456.6059	348.9161	0
2299	316	190.8969	19.45059	0
2299	317	737.1528	-11.89407	0
2299	318	349.1682	390.5107	0
2299	319	505.2557	393.4386	0
2299	320	711.343	24.26044	0
2299	321	257.1003	-31.13083	0
2299	322	520.0239	329.8784	0
2299	323	605.1816	-63.11267	0
2299	324	349.1446	327.4088	0
2299	325	210.4235	59.48703	0
2299	326	249.4418	430.3518	0
2299	327	638.2636	362.5696	0
2299	328	645.6501	82.92381	0
2299	329	297.7809	-2.8703	0
2299	330	599.3289	327.2998	0
2299	331	208.105	450.2733	0
2299	332	656.9369	-37.03976	0
2299	333	176.5731	-107.2302	0
2299	334	290.9485	378.8322	0
2299	335	616.0961	475.5864	0
2299	336	217.3928	-72.38605	0
2299	337	726.9563	-119.9174	0
2299	338	717.1588	445.5463	0
2299	339	245.474	401.2673	0
2299	340	153.3831	21.38675	0
2299	341	773.9323	-42.0856	0
2299	342	106.988	-31.93765	0
2299	343	111.5381	440.8125	0
2299	344	759.459	456.5764	0
2299	345	758.7072	-146.1837	0
2299	346	69.3365	-73.39285	0
2299	347	693.4352	406.0476	0
2299	348	165.6402	493.7421	0
2299	349	698.644	-79.39618	0
2299	350	118.1797	553.6529	0
2299	351	810.821	-74.5903	0
2299	352	734.1832	571.1556	0
2299	353	135.4591	-145.4805	0
2299	354	700.2544	553.2209	0
2299	355	53.3314	505.3897	0
2299	356	92.78249	-176.505	0
2299	357	786.0054	-182.4317	0
2299	358	54.3399	-207.0712	0
2299	359	783.6327	621.8477	0
2299	360	879.3964	-118.1129	0
2299	361	81.90812	472.8478	0
2299	362	24.99839	-127.0345	0
2299	363	732.7463	615.7959	0
2299	364	837.9732	-110.7073	0
2299	365	16.81661	534.0166	0
2299	366	-53.75709	-153.9742	0
2299	367	819.4649	-212.1194	0
2299	368	764.0138	592.0923	0
2299	369	-11.66776	572.4004	0
2299	370	-22.46579	-126.6429	0
2299	371	857.0723	563.7595	0
2299	372	947.2882	-204.0882	0
2299	373	95.385	542.652	0
2299	374	-18.17279	-173.1451	0
2299	375	872.9166	529.3007	0
2299	376	49.86032	592.8107	0
2299	377	856.4261	-225.8103	0
2299	378	17.11205	-237.162	0
2299	379	81.74809	583.3761	0
2299	380	883.516	607.5452	0
2299	381	954.5907	-312.6788	0
2299	382	899.8282	583.4572	0
2299	383	-64.85355	646.2397	0
2299	384	-93.4824	-204.2357	0
2299	385	1012.33	-331.2075	0
2299	386	820.4766	631.2491	0
2299	387	27.49982	657.8801	0
2299	388	-25.50686	-267.5767	0
2299	389	1012.831	-292.8275	0
2299	390	910.097	719.4086	0
2299	391	-72.21346	607.7881	0
2299	392	-70.66126	-289.2476	0
2299	393	1000.234	-357.6974	0
2299	394	-17.20052	729.5117	0
2299	395	868.6714	680.6212	0
2299	396	-167.8495	-347.6426	0
2299	397	-41.61955	730.5006	0
2299	398	981.7476	-343.2825	0
2299	399	990.3834	706.0507	0
2300	165	-66.98827	697.2006	0
2300	167	995.634	-296.0015	0
2300	169	-57.00712	672.0682	0
2300	171	979.5568	-309.9971	0
2300	172	915.0844	686.5322	0
2300	173	-109.9087	-283.0819	0
2300	174	13.33046	653.3638	0
2300	175	828.586	620.094	0
2300	176	1006.886	-335.4401	0
2300	177	-12.1748	618.0668	0
2300	178	-120.6631	-308.9647	0
2300	179	864.3309	635.9247	0
2300	180	-32.9955	648.4521	0
2300	181	942.2101	-251.3082	0
2300	182	913.6761	666.0771	0
2300	183	-79.86845	-275.2743	0
2300	184	15.40597	597.8544	0
2300	185	915.3332	-237.2927	0
2300	186	-22.64966	-220.6173	0
2300	187	956.4279	-280.3257	0
2300	188	887.9917	646.64	0
2300	189	64.47801	620.76	0
2300	190	-53.43942	-249.0754	0
2300	191	65.29855	548.9225	0
2300	192	883.9697	-220.4622	0
2300	193	789.8168	594.4755	0
2300	194	14.69572	-206.4147	0
2300	195	803.755	560.3296	0
2300	196	33.93111	568.8934	0
2300	197	890.2515	-193.4231	0
2300	198	9.873889	-179.7007	0
2300	199	137.054	553.2877	0
2300	200	855.8189	602.9607	0
2300	201	-24.79829	-156.2058	0
2300	202	841.7767	-157.0708	0
2300	203	101.165	587.7407	0
2300	204	823.9997	587.1142	0
2300	205	40.28661	-146.5709	0
2300	206	826.8191	-62.99551	0
2300	207	86.70652	517.9744	0
2300	208	773.4277	453.5244	0
2300	209	53.89685	-174.3144	0
2300	210	771.2635	-96.33038	0
2300	211	117.8026	491.5896	0
2300	212	767.1541	549.1118	0
2300	213	851.0452	-188.4778	0
2300	214	106.617	-97.34369	0
2300	215	150.5376	460.5443	0
2300	216	105.5506	-133.4544	0
2300	217	737.3053	514.9741	0
2300	218	806.7451	-131.6694	0
2300	219	127.2773	426.648	0
2300	220	171.5347	-77.06131	0
2300	221	673.1644	497.5062	0
2300	222	737.1541	-152.2421	0
2300	223	72.11077	-129.9744	0
2300	224	167.4923	384.5159	0
2300	225	679.3962	351.9907	0
2300	226	708.2065	-33.3974	0
2300	227	199.3801	499.5757	0
2300	228	135.7417	-79.42599	0
2300	229	687.0698	461.8614	0
2300	230	237.7055	464.477	0
2300	231	673.1573	-87.8259	0
2300	232	151.2349	-40.91815	0
2300	233	627.5033	455.7963	0
2300	234	219.6648	396.3386	0
2300	235	637.4602	-56.27164	0
2300	236	592.8455	424.1862	0
2300	237	188.4885	-39.50223	0
2300	238	184.4984	427.8632	0
2300	239	601.6868	-26.62836	0
2300	240	555.0325	394.8843	0
2300	241	251.9057	370.6473	0
2300	242	215.9913	-12.58072	0
2300	243	656.2297	40.50601	0
2300	244	610.1265	292.0577	0
2300	245	282.3515	342.2646	0
2300	246	285.8882	40.12303	0
2300	247	565.5704	106.6452	0
2300	248	641.0877	325.8927	0
2300	249	313.4245	309.2536	0
2300	250	672.3354	-0.1731262	0
2300	251	249.1158	12.51709	0
2300	252	358.7544	346.2194	0
2300	253	577.7107	260.1312	0
2300	254	363.4757	141.6355	0
2300	255	533.0588	44.3826	0
2300	256	355.0297	240.0335	0
2300	257	503.3255	359.028	0
2300	258	295.9285	81.10902	0
2300	259	567.8119	8.224457	0
2300	260	434.641	178.9438	0
2300	261	623.9871	42.37416	0
2300	262	376.9663	169.1642	0
2300	263	444.3033	282.2426	0
2300	264	359.294	284.8269	0
2300	265	496.2563	70.75168	0
2300	266	360.1034	97.28496	0
2300	267	485.9361	316.3797	0
2300	268	599.4479	74.29974	0
2300	269	453.2315	269.8426	0
2300	270	515.7356	238.9029	0
2300	271	320.5294	113.9158	0
2300	272	419.9915	300.7027	0
2300	273	400.9015	262.319	0
2300	274	527.1328	141.8909	0
2300	275	400.1863	116.8761	0
2300	276	514.7155	225.5156	0
2300	277	505.1869	196.2668	0
2300	278	486.7351	177.3089	0
2300	279	331.7957	248.0931	0
2300	280	466.5992	148.7643	0
2300	281	462.9975	238.0637	0
2300	282	466.3822	161.7475	0
2300	283	416.1538	213.4176	0
2300	284	398.0753	207.869	0
2300	285	379.8293	185.9414	0
2300	286	522.8776	204.92	0
2300	287	421.0432	113.4754	0
2300	288	401.1168	163.0753	0
2300	289	421.0073	135.9973	0
2300	290	552.3645	174.0332	0
2300	291	396.5873	205.5762	0
2300	292	465.7479	193.9031	0
2300	293	428.7845	230.9698	0
2300	294	560.1392	57.41928	0
2300	295	548.0526	286.7735	0
2300	296	347.0746	176.8686	0
2300	297	360.3165	205.6966	0
2300	298	596.8334	29.57199	0
2300	299	434.6586	199.2432	0
2300	300	306.3383	157.3272	0
2300	301	323.453	256.3159	0
2300	302	524.0461	92.2377	0
2300	303	277.7457	119.9141	0
2300	304	476.2538	229.9205	0
2300	305	296.2358	224.4538	0
2300	306	512.4471	253.644	0
2300	307	557.5781	-16.4743	0
2300	308	238.3372	95.72401	0
2300	309	677.7557	50.38008	0
2300	310	575.386	445.7562	0
2300	311	402.0031	349.4013	0
2300	312	332.6469	34.02893	0
2300	313	619.8924	-5.699463	0
2300	314	284.6085	285.9303	0
2300	315	455.7535	348.1028	0
2300	316	191.7655	20.24359	0
2300	317	736.3529	-11.13547	0
2300	318	349.9403	389.6792	0
2300	319	504.4436	392.6597	0
2300	320	710.5089	25.03467	0
2300	321	257.9156	-30.35953	0
2300	322	519.3176	329.0095	0
2300	323	604.3135	-62.37674	0
2300	324	349.8952	326.5758	0
2300	325	211.2796	60.25871	0
2300	326	250.3149	429.5502	0
2300	327	637.3506	361.8957	0
2300	328	644.8015	83.82265	0
2300	329	298.5928	-2.054657	0
2300	330	598.3716	326.6226	0
2300	331	208.885	449.5003	0
2300	332	656.2063	-36.19513	0
2300	333	177.3846	-106.4895	0
2300	334	291.8661	378.1202	0
2300	335	615.2648	474.8881	0
2300	336	218.2708	-71.60089	0
2300	337	726.1948	-118.9029	0
2300	338	716.3097	444.7833	0
2300	339	246.3828	400.4873	0
2300	340	154.1595	22.14798	0
2300	341	773.0332	-41.31311	0
2300	342	107.8312	-31.17615	0
2300	343	112.3195	440.0549	0
2300	344	758.4772	456.0465	0
2300	345	758.0179	-145.3898	0
2300	346	70.15972	-72.59885	0
2300	347	692.5563	405.2393	0
2300	348	166.4731	492.996	0
2300	349	697.9078	-78.5575	0
2300	350	119.0833	552.8165	0
2300	351	809.9009	-73.92871	0
2300	352	733.2939	570.3229	0
2300	353	136.3335	-144.7286	0
2300	354	699.3821	552.3553	0
2300	355	54.09296	504.5791	0
2300	356	93.68943	-175.7297	0
2300	357	785.1796	-181.6171	0
2300	358	55.2474	-206.3553	0
2300	359	782.7371	621.2192	0
2300	360	878.5857	-117.379	0
2300	361	82.71396	472.0077	0
2300	362	25.8024	-126.154	0
2300	363	731.8947	615.0438	0
2300	364	837.1449	-109.8745	0
2300	365	17.61599	533.1948	0
2300	366	-53.09263	-153.2389	0
2300	367	818.5605	-211.3619	0
2300	368	763.1061	591.3091	0
2300	369	-10.92133	571.551	0
2300	370	-21.76219	-125.6304	0
2300	371	856.2248	562.938	0
2300	372	946.4756	-203.2629	0
2300	373	96.20889	541.8194	0
2300	374	-17.35765	-172.5044	0
2300	375	872.0812	528.4835	0
2300	376	50.67373	592.1073	0
2300	377	855.53	-225.1865	0
2300	378	17.95095	-236.4768	0
2300	379	82.57192	582.5709	0
2300	380	882.777	606.7177	0
2300	381	953.5081	-312.0246	0
2300	382	899.0828	582.601	0
2300	383	-64.17334	645.3948	0
2300	384	-92.62201	-203.4798	0
2300	385	1012.646	-330.4628	0
2300	386	819.6015	630.7076	0
2300	387	28.47105	657.3617	0
2300	388	-24.5778	-266.8621	0
2300	389	1012.286	-291.7878	0
2300	390	909.2725	718.6857	0
2300	391	-71.36754	606.9617	0
2300	392	-69.67732	-288.6902	0
2300	393	999.4701	-357.2864	0
2300	394	-16.2564	728.6979	0
2300	395	867.7322	679.9317	0
2300	396	-167.0415	-346.8771	0
2300	397	-41.01057	729.8085	0
2300	398	980.6754	-342.7227	0
2300	399	989.8968	705.6051	0
2301	167	996.259	-296.7368	0
2301	169	-57.66944	673.0088	0
2301	171	980.3462	-310.6553	0
2301	172	916.092	687.2945	0
2301	173	-110.7114	-283.8663	0
2301	174	12.17013	653.6155	0
2301	175	829.5062	620.7378	0
2301	176	1006.984	-336.1337	0
2301	177	-12.94903	618.9767	0
2301	178	-121.5933	-309.8965	0
2301	179	865.1714	636.7754	0
2301	180	-33.70554	649.3043	0
2301	181	943.0075	-252.1688	0
2301	182	914.5071	666.8596	0
2301	183	-80.74217	-275.8941	0
2301	184	14.57222	598.7238	0
2301	185	916.1461	-238.1034	0
2301	186	-23.55272	-221.3867	0
2301	187	957.2166	-281.0723	0
2301	188	888.8239	647.4981	0
2301	189	63.53063	621.5188	0
2301	190	-54.33687	-249.7424	0
2301	191	64.38647	549.7087	0
2301	192	884.8714	-221.252	0
2301	193	790.7783	595.0625	0
2301	194	13.79769	-207.1433	0
2301	195	804.6023	561.0021	0
2301	196	33.13906	569.6791	0
2301	197	891.1288	-194.1246	0
2301	198	9.087826	-180.4776	0
2301	199	136.2714	553.9207	0
2301	200	856.6208	603.7459	0
2301	201	-25.25828	-157.1714	0
2301	202	842.5674	-157.8837	0
2301	203	100.3408	588.5323	0
2301	204	824.8641	587.8307	0
2301	205	39.47599	-147.3669	0
2301	206	827.5953	-63.79437	0
2301	207	85.98756	518.7584	0
2301	208	774.2735	454.2625	0
2301	209	53.00731	-175.0421	0
2301	210	772.056	-97.14102	0
2301	211	117.0311	492.4338	0
2301	212	768.012	549.8	0
2301	213	851.8762	-189.2267	0
2301	214	105.7426	-98.08087	0
2301	215	149.7656	461.3625	0
2301	216	104.6733	-134.1854	0
2301	217	738.1207	515.7312	0
2301	218	807.5052	-132.4768	0
2301	219	126.6332	427.4324	0
2301	220	170.6662	-77.78943	0
2301	221	674.0744	498.274	0
2301	222	737.8995	-153.0691	0
2301	223	71.24035	-130.7185	0
2301	224	166.7744	385.39	0
2301	225	680.1768	352.8875	0
2301	226	709.0053	-34.23178	0
2301	227	198.5171	500.3132	0
2301	228	134.8356	-80.19162	0
2301	229	687.8574	462.6127	0
2301	230	236.875	465.3148	0
2301	231	674.0166	-88.58328	0
2301	232	150.3451	-41.64633	0
2301	233	628.5116	456.3907	0
2301	234	218.6935	397.0592	0
2301	235	638.39	-57.00223	0
2301	236	593.7814	424.7977	0
2301	237	187.6633	-40.23639	0
2301	238	183.6241	428.6384	0
2301	239	602.5732	-27.33121	0
2301	240	555.9619	395.5791	0
2301	241	251.0372	371.3484	0
2301	242	215.1382	-13.33081	0
2301	243	656.9904	39.6142	0
2301	244	610.8746	292.8886	0
2301	245	281.5458	343.0326	0
2301	246	284.9835	39.3903	0
2301	247	566.4078	105.8947	0
2301	248	641.8896	326.7197	0
2301	249	312.6347	310.0819	0
2301	250	673.1686	-1.010742	0
2301	251	248.2374	11.80762	0
2301	252	357.9073	346.9829	0
2301	253	578.4583	260.9398	0
2301	254	362.5099	140.6894	0
2301	255	533.8881	43.56859	0
2301	256	354.3285	240.9138	0
2301	257	504.2366	359.7638	0
2301	258	295.1041	80.27431	0
2301	259	568.6647	7.535736	0
2301	260	433.7731	179.6703	0
2301	261	624.816	41.59633	0
2301	262	376.1436	168.1134	0
2301	263	445.1124	283.0736	0
2301	264	358.496	285.7591	0
2301	265	497.0637	70.03357	0
2301	266	359.2014	96.45049	0
2301	267	486.7973	317.0711	0
2301	268	600.2917	73.57326	0
2301	269	452.4921	270.6223	0
2301	270	516.3478	240.0945	0
2301	271	319.7375	113.1251	0
2301	272	418.9846	301.6197	0
2301	273	401.7713	263.0613	0
2301	274	527.9406	141.0374	0
2301	275	399.2432	115.9888	0
2301	276	514.1016	226.0337	0
2301	277	506.0141	196.9751	0
2301	278	487.6376	176.4158	0
2301	279	331.1017	247.1431	0
2301	280	465.8818	149.2686	0
2301	281	463.8037	237.1932	0
2301	282	467.0714	162.5932	0
2301	283	415.4482	214.2943	0
2301	284	397.8913	208.0975	0
2301	285	380.5112	185.2338	0
2301	286	522.2177	205.5166	0
2301	287	421.9494	114.1026	0
2301	288	400.4047	162.167	0
2301	289	421.9706	135.428	0
2301	290	551.5592	174.7745	0
2301	291	396.6673	205.4474	0
2301	292	464.8356	193.3093	0
2301	293	429.6409	230.3683	0
2301	294	559.3489	58.27449	0
2301	295	547.1661	286.074	0
2301	296	347.7402	177.6332	0
2301	297	360.9544	205.0438	0
2301	298	595.9904	30.35745	0
2301	299	433.9759	198.4692	0
2301	300	307.1656	158.1269	0
2301	301	324.1356	255.6897	0
2301	302	523.2516	93.12553	0
2301	303	278.5618	120.7141	0
2301	304	475.3879	229.1575	0
2301	305	297.0752	223.6918	0
2301	306	511.6045	253.1562	0
2301	307	556.7076	-15.7355	0
2301	308	239.2059	96.49437	0
2301	309	676.9941	51.19666	0
2301	310	574.496	445.0174	0
2301	311	402.8373	348.5832	0
2301	312	333.4828	34.86084	0
2301	313	619.1669	-4.818481	0
2301	314	285.4036	285.1422	0
2301	315	454.9071	347.2875	0
2301	316	192.6346	21.03482	0
2301	317	735.5547	-10.37213	0
2301	318	350.7114	388.853	0
2301	319	503.6372	391.8855	0
2301	320	709.6764	25.80893	0
2301	321	258.7307	-29.58957	0
2301	322	518.6154	328.142	0
2301	323	603.4464	-61.6405	0
2301	324	350.6521	325.7366	0
2301	325	212.1359	61.03058	0
2301	326	251.1941	428.7565	0
2301	327	636.4373	361.2245	0
2301	328	643.9517	84.71448	0
2301	329	299.4036	-1.240814	0
2301	330	597.4156	325.9454	0
2301	331	209.6649	448.727	0
2301	332	655.4755	-35.35205	0
2301	333	178.1985	-105.7545	0
2301	334	292.7832	377.4082	0
2301	335	614.4282	474.1908	0
2301	336	219.1443	-70.81305	0
2301	337	725.4172	-117.9007	0
2301	338	715.4686	444.0146	0
2301	339	247.2926	399.7078	0
2301	340	154.9371	22.90799	0
2301	341	772.1392	-40.54376	0
2301	342	108.67	-30.41364	0
2301	343	113.0921	439.3065	0
2301	344	757.4899	455.4916	0
2301	345	757.3353	-144.5876	0
2301	346	70.98172	-71.80527	0
2301	347	691.677	404.433	0
2301	348	167.2981	492.2507	0
2301	349	697.1769	-77.71713	0
2301	350	119.9772	551.9833	0
2301	351	808.9707	-73.26047	0
2301	352	732.4084	569.4884	0
2301	353	137.2101	-143.9708	0
2301	354	698.5104	551.4894	0
2301	355	54.85386	503.7682	0
2301	356	94.59158	-174.9551	0
2301	357	784.3553	-180.802	0
2301	358	56.15141	-205.64	0
2301	359	781.8422	620.5912	0
2301	360	877.7747	-116.6453	0
2301	361	83.52023	471.1688	0
2301	362	26.5999	-125.2707	0
2301	363	731.0429	614.2911	0
2301	364	836.3168	-109.0481	0
2301	365	18.41691	532.3719	0
2301	366	-52.4334	-152.5005	0
2301	367	817.6562	-210.602	0
2301	368	762.2025	590.5172	0
2301	369	-10.17598	570.704	0
2301	370	-21.03195	-124.6277	0
2301	371	855.3756	562.1167	0
2301	372	945.6602	-202.4402	0
2301	373	97.03183	540.986	0
2301	374	-16.53877	-171.8662	0
2301	375	871.2457	527.6665	0
2301	376	51.48743	591.4	0
2301	377	854.6343	-224.5591	0
2301	378	18.79171	-235.7949	0
2301	379	83.39051	581.7662	0
2301	380	882.0391	605.8944	0
2301	381	952.4286	-311.363	0
2301	382	898.339	581.7435	0
2301	383	-63.48928	644.5494	0
2301	384	-91.76159	-202.7242	0
2301	385	1012.914	-329.6492	0
2301	386	818.7178	630.167	0
2301	387	29.44509	656.8116	0
2301	388	-23.65127	-266.1459	0
2301	389	1011.738	-290.7532	0
2301	390	908.4467	717.9668	0
2301	391	-70.52124	606.1349	0
2301	392	-68.69372	-288.1295	0
2301	393	998.7023	-356.8741	0
2301	394	-15.3111	727.882	0
2301	395	866.799	679.2425	0
2301	396	-166.2304	-346.1085	0
2301	397	-40.39011	729.1081	0
2301	398	979.5933	-342.1508	0
2301	399	989.3624	705.1158	0
