17	1	353.5653	316.296	0
18	1	353.5644	316.2907	0
18	2	367.3551	69.97116	0
19	1	353.5731	316.2908	0
19	2	367.3082	69.94403	0
19	3	330.7781	314.8233	0
20	1	353.5932	316.2955	0
20	2	367.2577	69.92352	0
20	3	330.8124	314.8307	0
20	4	286.9016	232.8255	0
21	1	353.6248	316.3041	0
21	2	367.207	69.91129	0
21	3	330.8548	314.8376	0
21	4	286.8745	232.8484	0
21	5	470.4712	452.8145	0
22	1	353.6671	316.3123	0
22	2	367.1591	69.90042	0
22	3	330.9013	314.8437	0
22	4	286.8546	232.8689	0
22	5	470.4395	452.8371	0
22	6	436.9017	227.2989	0
23	1	353.7177	316.3198	0
23	2	367.1118	69.90079	0
23	3	330.9552	314.8503	0
23	4	286.8414	232.8853	0
23	5	470.4109	452.8625	0
23	6	436.862	227.2749	0
23	7	416.5447	323.9418	0
24	1	353.7753	316.326	0
24	2	367.0647	69.90942	0
24	3	331.0126	314.8593	0
24	4	286.8348	232.8952	0
24	5	470.3874	452.886	0
24	6	436.8199	227.2567	0
24	7	416.5366	323.9539	0
24	8	478.8866	327.3427	0
25	1	353.8401	316.3342	0
25	2	367.0199	69.91876	0
25	3	331.0721	314.8714	0
25	4	286.8341	232.8985	0
25	5	470.3722	452.9062	0
25	6	436.7765	227.2452	0
25	7	416.5342	323.9599	0
25	8	478.8866	327.3334	0
25	9	362.7112	47.47662	0
26	1	353.9077	316.3452	0
26	2	366.9751	69.92679	0
26	3	331.1304	314.8875	0
26	4	286.8377	232.8982	0
26	5	470.3631	452.9205	0
26	6	436.7349	227.2353	0
26	7	416.5363	323.9607	0
26	8	478.885	327.3245	0
26	9	362.675	47.48325	0
27	1	353.9774	316.3602	0
27	2	366.9314	69.93784	0
27	3	331.1807	314.9076	0
27	4	286.8425	232.8972	0
27	5	470.3604	452.9274	0
27	6	436.6942	227.2355	0
27	7	416.5405	323.9602	0
27	8	478.8756	327.3167	0
27	9	362.6404	47.48959	0
27	10	439.4366	408.7934	0
28	1	354.0439	316.3806	0
28	2	366.8889	69.95193	0
28	3	331.2145	314.9259	0
28	4	286.8493	232.8966	0
28	5	470.3625	452.9281	0
28	6	436.6539	227.2435	0
28	7	416.5458	323.9598	0
28	8	478.865	327.3088	0
28	9	362.6059	47.49591	0
28	10	439.4409	408.7881	0
28	11	231.7876	-45.43381	0
29	1	354.0994	316.4046	0
29	2	366.8513	69.9671	0
29	3	331.2286	314.9372	0
29	4	286.8587	232.8969	0
29	5	470.3673	452.9274	0
29	6	436.6157	227.2522	0
29	7	416.5535	323.9596	0
29	8	478.8549	327.3007	0
29	9	362.5723	47.50452	0
29	10	439.4429	408.7807	0
29	11	231.8188	-45.42426	0
29	12	235.451	34.15747	0
30	1	354.1335	316.4245	0
30	2	366.8156	69.9855	0
30	3	331.2227	314.9415	0
30	4	286.8703	232.8977	0
30	5	470.3733	452.9266	0
30	6	436.5775	227.2599	0
30	7	416.563	323.9606	0
30	8	478.8442	327.2905	0
30	9	362.5402	47.51523	0
30	10	439.4439	408.7719	0
30	11	231.8618	-45.41367	0
30	12	235.4063	34.14575	0
30	13	285.7098	277.3672	0
31	1	354.1436	316.4352	0
31	2	366.7824	70.01007	0
31	3	331.2194	314.9141	0
31	4	286.8815	232.8973	0
31	5	470.3819	452.9263	0
31	6	436.5403	227.2701	0
31	7	416.5741	323.961	0
31	8	478.8316	327.279	0
31	9	362.5118	47.52698	0
31	10	439.4442	408.7635	0
31	11	231.916	-45.40417	0
31	12	235.3617	34.13419	0
31	13	285.7733	277.3761	0
31	14	348.2233	100.1698	0
32	1	354.1377	316.4286	0
32	2	366.7526	70.0351	0
32	3	331.2085	314.8867	0
32	4	286.8902	232.8946	0
32	5	470.3928	452.9273	0
32	6	436.5041	227.2822	0
32	7	416.5828	323.9598	0
32	8	478.8232	327.2692	0
32	9	362.4849	47.54166	0
32	10	439.4432	408.7552	0
32	11	231.977	-45.39731	0
32	12	235.3181	34.13181	0
32	13	285.847	277.3848	0
32	14	348.1882	100.1606	0
32	15	299.6815	42.50497	0
33	1	354.1314	316.3964	0
33	2	366.7293	70.05734	0
33	3	331.1897	314.8619	0
33	4	286.8963	232.8889	0
33	5	470.4054	452.9278	0
33	6	436.4722	227.2954	0
33	7	416.5898	323.9565	0
33	8	478.8185	327.261	0
33	9	362.4597	47.56067	0
33	10	439.4353	408.7481	0
33	11	232.0471	-45.38879	0
33	12	235.2736	34.13776	0
33	13	285.9274	277.3967	0
33	14	348.1555	100.1559	0
33	15	299.6532	42.52301	0
33	16	375.353	222.1118	0
34	1	354.1167	316.365	0
34	2	366.7142	70.07562	0
34	3	331.1639	314.8391	0
34	4	286.9008	232.8822	0
34	5	470.4153	452.9264	0
34	6	436.442	227.3117	0
34	7	416.594	323.9504	0
34	8	478.822	327.258	0
34	9	362.4373	47.57968	0
34	10	439.4256	408.741	0
34	11	232.1224	-45.37622	0
34	12	235.2309	34.1463	0
34	13	286.011	277.4124	0
34	14	348.1224	100.1587	0
34	15	299.6271	42.54428	0
34	16	375.3459	222.1209	0
34	17	324.0596	128.5243	0
35	1	354.0919	316.3369	0
35	2	366.7057	70.08749	0
35	3	331.1325	314.8193	0
35	4	286.9052	232.8762	0
35	5	470.4234	452.9229	0
35	6	436.4138	227.333	0
35	7	416.5979	323.9447	0
35	8	478.8377	327.2602	0
35	9	362.4204	47.59674	0
35	10	439.4165	408.7337	0
35	11	232.2005	-45.35901	0
35	12	235.189	34.15302	0
35	13	286.0952	277.4335	0
35	14	348.0902	100.1657	0
35	15	299.6046	42.56387	0
35	16	375.3428	222.0877	0
35	17	324.1177	128.5316	0
35	18	304.8575	70.25256	0
36	1	354.0598	316.3116	0
36	2	366.7039	70.09259	0
36	3	331.0987	314.8039	0
36	4	286.9096	232.8707	0
36	5	470.4282	452.916	0
36	6	436.3888	227.3551	0
36	7	416.6014	323.9396	0
36	8	478.8669	327.2685	0
36	9	362.4095	47.61032	0
36	10	439.4073	408.7248	0
36	11	232.278	-45.33701	0
36	12	235.148	34.16235	0
36	13	286.1708	277.4608	0
36	14	348.0591	100.1711	0
36	15	299.5895	42.58093	0
36	16	375.33	222.0548	0
36	17	324.1852	128.5401	0
36	18	304.8581	70.24448	0
37	1	354.0208	316.2899	0
37	2	366.7072	70.0928	0
37	3	331.0642	314.7943	0
37	4	286.9142	232.8655	0
37	5	470.4326	452.9093	0
37	6	436.3695	227.3749	0
37	7	416.6051	323.9348	0
37	8	478.9079	327.2784	0
37	9	362.404	47.61899	0
37	10	439.3958	408.7143	0
37	11	232.3457	-45.31201	0
37	12	235.108	34.17447	0
37	13	286.2262	277.4882	0
37	14	348.028	100.1776	0
37	15	299.5799	42.59329	0
37	16	375.308	222.0245	0
37	17	324.2569	128.552	0
37	18	304.8577	70.23709	0
37	19	466.9485	381.4368	0
38	1	353.9804	316.2744	0
38	2	366.7122	70.09219	0
38	3	331.0307	314.7855	0
38	4	286.9189	232.8599	0
38	5	470.4366	452.9034	0
38	6	436.3571	227.3912	0
38	7	416.6091	323.93	0
38	8	478.9604	327.2872	0
38	9	362.4033	47.62262	0
38	10	439.388	408.7052	0
38	11	232.3924	-45.28989	0
38	12	235.073	34.18805	0
38	13	286.2544	277.507	0
38	14	347.9978	100.1862	0
38	15	299.5764	42.60025	0
38	16	375.2769	221.9969	0
38	17	324.3311	128.5681	0
38	18	304.8506	70.23032	0
38	19	466.9572	381.4335	0
38	20	444.3326	276.5159	0
17	1	423.0426	365.3283	0
18	1	422.9947	365.2955	0
18	2	437.5415	84.49905	0
19	1	422.9408	365.269	0
19	2	437.5333	84.49008	0
19	3	395.0658	365.8951	0
20	1	422.8866	365.2525	0
20	2	437.5212	84.48157	0
20	3	395.0721	365.8945	0
20	4	344.0411	266.5146	0
21	1	422.8321	365.2371	0
21	2	437.5098	84.47296	0
21	3	395.0811	365.8942	0
21	4	344.0259	266.5338	0
21	5	557.4875	520.521	0
22	1	422.7799	365.2333	0
22	2	437.4991	84.4628	0
22	3	395.0924	365.8951	0
22	4	344.0193	266.5447	0
22	5	557.545	520.5308	0
22	6	519.1037	260.6155	0
23	1	422.7272	365.2415	0
23	2	437.4847	84.45087	0
23	3	395.106	365.8959	0
23	4	344.0196	266.5475	0
23	5	557.6093	520.54	0
23	6	519.1185	260.6158	0
23	7	494.946	373.0555	0
24	1	422.6768	365.2545	0
24	2	437.4742	84.44055	0
24	3	395.1175	365.895	0
24	4	344.0248	266.5468	0
24	5	557.6837	520.5488	0
24	6	519.1301	260.6137	0
24	7	494.9377	373.045	0
24	8	567.4482	375.1256	0
25	1	422.6272	365.2645	0
25	2	437.468	84.43079	0
25	3	395.1264	365.8915	0
25	4	344.0312	266.5457	0
25	5	557.7644	520.5601	0
25	6	519.1393	260.6084	0
25	7	494.9336	373.0361	0
25	8	567.504	375.1337	0
25	9	433.489	54.90518	0
26	1	422.5785	365.2773	0
26	2	437.4685	84.42618	0
26	3	395.1322	365.8846	0
26	4	344.0405	266.5449	0
26	5	557.8478	520.575	0
26	6	519.145	260.6	0
26	7	494.9383	373.0329	0
26	8	567.5676	375.1405	0
26	9	433.4931	54.89883	0
27	1	422.5306	365.2924	0
27	2	437.4818	84.4277	0
27	3	395.1371	365.8773	0
27	4	344.0529	266.5457	0
27	5	557.9321	520.5953	0
27	6	519.1504	260.5925	0
27	7	494.956	373.0356	0
27	8	567.6382	375.1496	0
27	9	433.4972	54.89331	0
27	10	523.7079	470.7135	0
28	1	422.4883	365.3089	0
28	2	437.5097	84.43521	0
28	3	395.1414	365.8709	0
28	4	344.068	266.5465	0
28	5	558.0089	520.623	0
28	6	519.1555	260.5855	0
28	7	494.9884	373.0445	0
28	8	567.7117	375.1618	0
28	9	433.5009	54.88794	0
28	10	523.6966	470.7039	0
28	11	283.4981	-53.57562	0
29	1	422.4486	365.3285	0
29	2	437.5518	84.44693	0
29	3	395.1459	365.8649	0
29	4	344.0814	266.5455	0
29	5	558.0668	520.6522	0
29	6	519.1611	260.5792	0
29	7	495.0335	373.055	0
29	8	567.7871	375.1785	0
29	9	433.5047	54.88269	0
29	10	523.6846	470.692	0
29	11	283.5035	-53.57782	0
29	12	290.8457	44.31552	0
30	1	422.4115	365.3541	0
30	2	437.6071	84.45764	0
30	3	395.1505	365.859	0
30	4	344.0919	266.5414	0
30	5	558.0971	520.6727	0
30	6	519.1672	260.5725	0
30	7	495.0912	373.0648	0
30	8	567.8589	375.2012	0
30	9	433.5088	54.87677	0
30	10	523.6707	470.6786	0
30	11	283.5222	-53.57458	0
30	12	290.8327	44.2832	0
30	13	346.2712	321.1223	0
31	1	422.3777	365.3832	0
31	2	437.6722	84.46661	0
31	3	395.1554	365.8524	0
31	4	344.0989	266.5336	0
31	5	558.0957	520.6844	0
31	6	519.1734	260.5652	0
31	7	495.1549	373.0736	0
31	8	567.9191	375.2275	0
31	9	433.5131	54.87027	0
31	10	523.6619	470.6672	0
31	11	283.5561	-53.5647	0
31	12	290.8101	44.25345	0
31	13	346.2779	321.1209	0
31	14	417.4003	116.3523	0
32	1	422.3494	365.41	0
32	2	437.7467	84.47467	0
32	3	395.1599	365.8442	0
32	4	344.1047	266.5253	0
32	5	558.0897	520.6558	0
32	6	519.1779	260.5556	0
32	7	495.2288	373.0824	0
32	8	567.9557	375.2487	0
32	9	433.5157	54.86224	0
32	10	523.6575	470.6576	0
32	11	283.6034	-53.55273	0
32	12	290.7789	44.22653	0
32	13	346.2876	321.12	0
32	14	417.3909	116.3453	0
32	15	359.0737	48.5759	0
33	1	422.3308	365.4331	0
33	2	437.8292	84.48645	0
33	3	395.1602	365.8337	0
33	4	344.11	266.5179	0
33	5	558.0765	520.6158	0
33	6	519.1786	260.5438	0
33	7	495.3086	373.0942	0
33	8	567.9653	375.2599	0
33	9	433.5161	54.85284	0
33	10	523.6623	470.6539	0
33	11	283.6637	-53.54163	0
33	12	290.7407	44.20291	0
33	13	346.3006	321.1207	0
33	14	417.382	116.3382	0
33	15	359.0791	48.56805	0
33	16	447.2876	255.1966	0
34	1	422.3195	365.4495	0
34	2	437.9147	84.50238	0
34	3	395.1615	365.8225	0
34	4	344.1157	266.511	0
34	5	558.0529	520.5785	0
34	6	519.1801	260.532	0
34	7	495.3912	373.11	0
34	8	567.959	375.2497	0
34	9	433.5165	54.84363	0
34	10	523.6808	470.6565	0
34	11	283.7295	-53.53326	0
34	12	290.6993	44.18451	0
34	13	346.3166	321.1216	0
34	14	417.3732	116.3296	0
34	15	359.0814	48.55817	0
34	16	447.3463	255.2252	0
34	17	388.3453	149.627	0
35	1	422.316	365.4578	0
35	2	438.0023	84.52383	0
35	3	395.1612	365.8118	0
35	4	344.1215	266.5043	0
35	5	558.0178	520.5443	0
35	6	519.1801	260.5208	0
35	7	495.4741	373.1312	0
35	8	567.951	375.2146	0
35	9	433.5162	54.83511	0
35	10	523.7147	470.6657	0
35	11	283.8062	-53.5238	0
35	12	290.6575	44.17401	0
35	13	346.331	321.1207	0
35	14	417.3623	116.3199	0
35	15	359.0826	48.54666	0
35	16	447.3762	255.2441	0
35	17	388.3531	149.6223	0
35	18	368.1324	80.61908	0
36	1	422.3185	365.4591	0
36	2	438.0844	84.55115	0
36	3	395.1562	365.802	0
36	4	344.1275	266.4972	0
36	5	557.9749	520.5139	0
36	6	519.1717	260.5107	0
36	7	495.5485	373.1588	0
36	8	567.9339	375.1805	0
36	9	433.5089	54.82739	0
36	10	523.7619	470.6765	0
36	11	283.8897	-53.51025	0
36	12	290.6165	44.16385	0
36	13	346.3423	321.1166	0
36	14	417.3551	116.3118	0
36	15	359.0829	48.53592	0
36	16	447.3731	255.2544	0
36	17	388.358	149.6152	0
36	18	368.1369	80.6127	0
37	1	422.3243	365.4585	0
37	2	438.1506	84.57925	0
37	3	395.1444	365.793	0
37	4	344.1333	266.4882	0
37	5	557.9261	520.4893	0
37	6	519.1585	260.5013	0
37	7	495.6028	373.186	0
37	8	567.9056	375.1499	0
37	9	433.4986	54.81998	0
37	10	523.8223	470.6866	0
37	11	283.9765	-53.49158	0
37	12	290.5758	44.16281	0
37	13	346.35	321.1085	0
37	14	417.3514	116.3047	0
37	15	359.082	48.52612	0
37	16	447.3682	255.2213	0
37	17	388.3628	149.6088	0
37	18	368.1411	80.60693	0
37	19	552.9103	437.9992	0
38	1	422.3314	365.458	0
38	2	438.1887	84.60022	0
38	3	395.1326	365.7837	0
38	4	344.1345	266.4767	0
38	5	557.8771	520.4729	0
38	6	519.1458	260.4916	0
38	7	495.6297	373.2042	0
38	8	567.8698	375.1224	0
38	9	433.4888	54.81226	0
38	10	523.889	470.696	0
38	11	284.0635	-53.46765	0
38	12	290.5347	44.16904	0
38	13	346.3562	321.0995	0
38	14	417.3539	116.3018	0
38	15	359.0717	48.51712	0
38	16	447.3545	255.1806	0
38	17	388.3671	149.6028	0
38	18	368.1454	80.60147	0
38	19	552.9143	437.9952	0
38	20	528.1536	320.3884	0
39	1	422.3416	365.4577	0
39	2	438.1957	84.61124	0
39	3	395.1217	365.7737	0
39	4	344.1367	266.464	0
39	5	557.8273	520.4584	0
39	6	519.134	260.4805	0
39	7	495.6255	373.2152	0
39	8	567.8264	375.0991	0
39	9	433.4796	54.80344	0
39	10	523.9665	470.7051	0
39	11	284.1402	-53.43976	0
39	12	290.4954	44.17676	0
39	13	346.3619	321.0917	0
39	14	417.3668	116.3037	0
39	15	359.0595	48.50827	0
39	16	447.3296	255.143	0
39	17	388.3717	149.5973	0
39	18	368.15	80.59595	0
39	19	552.9333	437.9979	0
39	20	528.1833	320.3964	0
39	21	553.4534	646.0365	0
40	1	422.3542	365.459	0
40	2	438.189	84.59451	0
40	3	395.1086	365.7613	0
40	4	344.1368	266.4522	0
40	5	557.7804	520.4539	0
40	6	519.118	260.467	0
40	7	495.6204	373.1832	0
40	8	567.782	375.0827	0
40	9	433.4677	54.79318	0
40	10	524.0501	470.7173	0
40	11	284.1949	-53.41492	0
40	12	290.4565	44.18314	0
40	13	346.3679	321.0843	0
40	14	417.3915	116.3106	0
40	15	359.0481	48.49939	0
40	16	447.2927	255.1091	0
40	17	388.3765	149.5912	0
40	18	368.1548	80.5899	0
40	19	552.969	438.0078	0
40	20	528.2271	320.4078	0
40	21	553.5124	646.0453	0
40	22	584.2723	584.9391	0
41	1	422.3688	365.4597	0
41	2	438.1791	84.55515	0
41	3	395.0965	365.7487	0
41	4	344.1332	266.4412	0
41	5	557.7336	520.4615	0
41	6	519.1058	260.4549	0
41	7	495.6069	373.1445	0
41	8	567.7369	375.0701	0
41	9	433.4592	54.78433	0
41	10	524.1365	470.7332	0
41	11	284.2218	-53.39862	0
41	12	290.4186	44.19217	0
41	13	346.3741	321.0775	0
41	14	417.427	116.3196	0
41	15	359.0364	48.48831	0
41	16	447.2471	255.0789	0
41	17	388.3816	149.5848	0
41	18	368.1593	80.58267	0
41	19	553.019	438.0197	0
41	20	528.2841	320.418	0
41	21	553.5802	646.0533	0
41	22	584.2974	584.9433	0
41	23	418.3286	272.5858	0
42	1	422.3806	365.4582	0
42	2	438.1585	84.51736	0
42	3	395.0895	365.7376	0
42	4	344.1202	266.4314	0
42	5	557.6889	520.4744	0
42	6	519.0984	260.4433	0
42	7	495.5829	373.1086	0
42	8	567.6953	375.0627	0
42	9	433.4546	54.77621	0
42	10	524.2233	470.755	0
42	11	284.2169	-53.38843	0
42	12	290.382	44.20367	0
42	13	346.3806	321.0701	0
42	14	417.4729	116.3281	0
42	15	359.022	48.47583	0
42	16	447.1953	255.0547	0
42	17	388.3853	149.5765	0
42	18	368.1602	80.57382	0
42	19	553.0833	438.0305	0
42	20	528.3507	320.4268	0
42	21	553.6545	646.0632	0
42	22	584.3408	584.9553	0
42	23	418.3711	272.5979	0
42	24	332.8864	45.06329	0
43	1	422.3898	365.4539	0
43	2	438.1252	84.48358	0
43	3	395.0877	365.7299	0
43	4	344.1069	266.4213	0
43	5	557.6452	520.4841	0
43	6	519.0978	260.4371	0
43	7	495.5479	373.0759	0
43	8	567.6539	375.0665	0
43	9	433.4557	54.77237	0
43	10	524.3013	470.784	0
43	11	284.2122	-53.42041	0
43	12	290.3499	44.21643	0
43	13	346.3868	321.0608	0
43	14	417.5242	116.3353	0
43	15	359.0126	48.46567	0
43	16	447.1433	255.0402	0
43	17	388.386	149.5663	0
43	18	368.162	80.56378	0
43	19	553.157	438.0396	0
43	20	528.4269	320.435	0
43	21	553.7314	646.0759	0
43	22	584.3997	584.9678	0
43	23	418.4281	272.6098	0
43	24	332.8783	45.0477	0
43	25	575.0444	408.2426	0
44	1	422.3955	365.446	0
44	2	438.0833	84.45337	0
44	3	395.0972	365.7289	0
44	4	344.0947	266.4108	0
44	5	557.6019	520.4963	0
44	6	519.1112	260.438	0
44	7	495.5053	373.0468	0
44	8	567.6139	375.0771	0
44	9	433.4678	54.7739	0
44	10	524.3586	470.8134	0
44	11	284.199	-53.4588	0
44	12	290.3194	44.23184	0
44	13	346.3882	321.0487	0
44	14	417.5835	116.3423	0
44	15	359.0077	48.45685	0
44	16	447.0925	255.0263	0
44	17	388.3872	149.5562	0
44	18	368.162	80.55478	0
44	19	553.2413	438.0488	0
44	20	528.5105	320.4466	0
44	21	553.8096	646.0934	0
44	22	584.4736	584.9792	0
44	23	418.4977	272.6205	0
44	24	332.8682	45.00623	0
44	25	575.0552	408.2399	0
44	26	461.4534	151.3914	0
45	1	422.4007	365.4384	0
45	2	438.0331	84.42786	0
45	3	395.1207	365.7338	0
45	4	344.0803	266.3973	0
45	5	557.5591	520.5102	0
45	6	519.1407	260.4456	0
45	7	495.4575	373.0235	0
45	8	567.5753	375.0859	0
45	9	433.4925	54.78049	0
45	10	524.3873	470.8331	0
45	11	284.1748	-53.49451	0
45	12	290.2908	44.25217	0
45	13	346.3906	321.0352	0
45	14	417.6485	116.3521	0
45	15	359.0112	48.45383	0
45	16	447.0441	255.0231	0
45	17	388.3875	149.5468	0
45	18	368.1593	80.54654	0
45	19	553.3322	438.0616	0
45	20	528.5967	320.462	0
45	21	553.8818	646.1183	0
45	22	584.5577	584.9889	0
45	23	418.5766	272.6291	0
45	24	332.847	44.96619	0
45	25	575.0629	408.2337	0
45	26	461.4584	151.3855	0
45	27	488.2844	115.6609	0
46	1	422.4054	365.4315	0
46	2	437.9823	84.41083	0
46	3	395.1595	365.7443	0
46	4	344.0656	266.3829	0
46	5	557.5207	520.525	0
46	6	519.1857	260.4579	0
46	7	495.4092	373.0088	0
46	8	567.5364	375.0952	0
46	9	433.5291	54.79041	0
46	10	524.3832	470.8449	0
46	11	284.1394	-53.52673	0
46	12	290.265	44.27368	0
46	13	346.3907	321.0226	0
46	14	417.7159	116.3655	0
46	15	359.0282	48.45645	0
46	16	446.9952	255.0308	0
46	17	388.3807	149.5381	0
46	18	368.1493	80.539	0
46	19	553.4259	438.0788	0
46	20	528.6846	320.483	0
46	21	553.9383	646.1467	0
46	22	584.6532	584.9994	0
46	23	418.6659	272.6401	0
46	24	332.8125	44.93005	0
46	25	575.0681	408.2255	0
46	26	461.4638	151.3789	0
46	27	488.2903	115.6543	0
47	1	422.4102	365.4252	0
47	2	437.931	84.39755	0
47	3	395.2115	365.7551	0
47	4	344.0566	266.3709	0
47	5	557.4852	520.5425	0
47	6	519.2453	260.4693	0
47	7	495.3608	372.9952	0
47	8	567.4983	375.1066	0
47	9	433.577	54.79971	0
47	10	524.3777	470.8112	0
47	11	284.0959	-53.55542	0
47	12	290.2444	44.29294	0
47	13	346.3874	321.0107	0
47	14	417.7844	116.3831	0
47	15	359.0609	48.46594	0
47	16	446.9485	255.0428	0
47	17	388.3695	149.5301	0
47	18	368.139	80.53131	0
47	19	553.5203	438.1021	0
47	20	528.7662	320.5108	0
47	21	553.9692	646.1675	0
47	22	584.7544	585.0139	0
47	23	418.7597	272.6555	0
47	24	332.7692	44.89758	0
47	25	575.0729	408.2182	0
47	26	461.4691	151.3713	0
47	27	488.2966	115.6469	0
47	28	483.8652	645.4848	0
48	1	422.4153	365.4187	0
48	2	437.8834	84.39075	0
48	3	395.2749	365.7653	0
48	4	344.0531	266.3621	0
48	5	557.4518	520.5653	0
48	6	519.3162	260.4794	0
48	7	495.3147	372.9919	0
48	8	567.4623	375.1198	0
48	9	433.6319	54.80777	0
48	10	524.3633	470.7703	0
48	11	284.0466	-53.5788	0
48	12	290.2308	44.30881	0
48	13	346.3738	321.0002	0
48	14	417.8466	116.405	0
48	15	359.1075	48.47818	0
48	16	446.9024	255.0515	0
48	17	388.3587	149.522	0
48	18	368.1295	80.52335	0
48	19	553.6061	438.1336	0
48	20	528.831	320.5406	0
48	21	553.9712	646.1794	0
48	22	584.8585	585.0333	0
48	23	418.8566	272.6763	0
48	24	332.7175	44.87006	0
48	25	575.0778	408.2115	0
48	26	461.4705	151.3616	0
48	27	488.3029	115.6385	0
48	28	483.87	645.4794	0
48	29	264.3159	45.98398	0
49	1	422.4207	365.4115	0
49	2	437.8351	84.39496	0
49	3	395.3449	365.7741	0
49	4	344.0612	266.3603	0
49	5	557.4214	520.5919	0
49	6	519.3971	260.4881	0
49	7	495.2683	372.9993	0
49	8	567.4301	375.1338	0
49	9	433.6947	54.81506	0
49	10	524.3381	470.7323	0
49	11	283.9976	-53.59198	0
49	12	290.2231	44.31946	0
49	13	346.3597	320.9894	0
49	14	417.8938	116.4263	0
49	15	359.1674	48.48907	0
49	16	446.8569	255.0629	0
49	17	388.3488	149.5127	0
49	18	368.1183	80.51315	0
49	19	553.6704	438.1661	0
49	20	528.8671	320.5624	0
49	21	553.9649	646.158	0
49	22	584.9614	585.0603	0
49	23	418.9503	272.704	0
49	24	332.6657	44.85126	0
49	25	575.0831	408.2053	0
49	26	461.4723	151.3506	0
49	27	488.3057	115.6279	0
49	28	483.8752	645.4739	0
49	29	264.2894	46.00409	0
49	30	272.5527	93.35117	0
50	1	422.4249	365.4022	0
50	2	437.7883	84.40546	0
50	3	395.4255	365.7842	0
50	4	344.085	266.3646	0
50	5	557.3959	520.6168	0
50	6	519.4871	260.5001	0
50	7	495.2243	373.0108	0
50	8	567.3994	375.1516	0
50	9	433.7645	54.82538	0
50	10	524.3014	470.6975	0
50	11	283.9481	-53.60468	0
50	12	290.2214	44.32449	0
50	13	346.3465	320.9782	0
50	14	417.9189	116.4412	0
50	15	359.2364	48.49762	0
50	16	446.8119	255.0771	0
50	17	388.3355	149.5014	0
50	18	368.1068	80.5025	0
50	19	553.7034	438.1877	0
50	20	528.871	320.5738	0
50	21	553.9539	646.1206	0
50	22	585.0527	585.097	0
50	23	419.0299	272.7368	0
50	24	332.6112	44.8371	0
50	25	575.089	408.1987	0
50	26	461.4723	151.3405	0
50	27	488.3073	115.6154	0
50	28	483.8805	645.4672	0
50	29	264.2658	46.02368	0
50	30	272.5407	93.34061	0
50	31	596.509	477.2813	0
51	1	422.4252	365.3905	0
51	2	437.743	84.41339	0
51	3	395.5107	365.7979	0
51	4	344.1264	266.3766	0
51	5	557.379	520.6385	0
51	6	519.5803	260.5164	0
51	7	495.1809	373.0196	0
51	8	567.3707	375.1747	0
51	9	433.8371	54.83932	0
51	10	524.2565	470.6667	0
51	11	283.9001	-53.60828	0
51	12	290.2244	44.32529	0
51	13	346.3315	320.9639	0
51	14	417.919	116.45	0
51	15	359.3154	48.50647	0
51	16	446.7721	255.0925	0
51	17	388.3252	149.4912	0
51	18	368.0998	80.49377	0
51	19	553.7006	438.1994	0
51	20	528.8646	320.5512	0
51	21	553.9333	646.0851	0
51	22	585.116	585.1327	0
51	23	419.0809	272.7649	0
51	24	332.5604	44.82901	0
51	25	575.0948	408.1906	0
51	26	461.47	151.3311	0
51	27	488.3079	115.6038	0
51	28	483.8831	645.4578	0
51	29	264.2484	46.04129	0
51	30	272.5323	93.33142	0
51	31	596.4711	477.2976	0
51	32	211.2087	-58.47498	0
52	1	422.4263	365.3787	0
52	2	437.6977	84.42282	0
52	3	395.5988	365.8162	0
52	4	344.1826	266.3893	0
52	5	557.3687	520.6543	0
52	6	519.6761	260.5384	0
52	7	495.1381	373.031	0
52	8	567.3456	375.1969	0
52	9	433.9113	54.85797	0
52	10	524.2063	470.642	0
52	11	283.851	-53.60272	0
52	12	290.2292	44.3252	0
52	13	346.3155	320.9483	0
52	14	417.9141	116.43	0
52	15	359.4015	48.51968	0
52	16	446.7346	255.1103	0
52	17	388.3191	149.4816	0
52	18	368.0969	80.48752	0
52	19	553.695	438.1637	0
52	20	528.853	320.5106	0
52	21	553.9019	646.0527	0
52	22	585.1439	585.1542	0
52	23	419.0991	272.7806	0
52	24	332.5082	44.8324	0
52	25	575.0967	408.1801	0
52	26	461.4593	151.3226	0
52	27	488.3066	115.593	0
52	28	483.8839	645.4465	0
52	29	264.2369	46.05508	0
52	30	272.5279	93.32285	0
52	31	596.435	477.3179	0
52	32	211.213	-58.47485	0
52	33	319.9048	-9.614563	0
53	1	422.4261	365.3672	0
53	2	437.6534	84.43515	0
53	3	395.6844	365.8408	0
53	4	344.2528	266.4007	0
53	5	557.3651	520.6625	0
53	6	519.7668	260.5677	0
53	7	495.096	373.0445	0
53	8	567.3276	375.2167	0
53	9	433.9803	54.88123	0
53	10	524.1556	470.6261	0
53	11	283.8038	-53.59381	0
53	12	290.2352	44.32529	0
53	13	346.3058	320.9353	0
53	14	417.9044	116.3993	0
53	15	359.4907	48.5376	0
53	16	446.6992	255.1341	0
53	17	388.3186	149.4764	0
53	18	368.103	80.48648	0
53	19	553.6799	438.1192	0
53	20	528.8306	320.472	0
53	21	553.863	646.0237	0
53	22	585.1348	585.1622	0
53	23	419.0904	272.7776	0
53	24	332.4572	44.84271	0
53	25	575.098	408.1679	0
53	26	461.4477	151.314	0
53	27	488.2956	115.5833	0
53	28	483.8842	645.4354	0
53	29	264.2313	46.06369	0
53	30	272.5293	93.3186	0
53	31	596.4012	477.3446	0
53	32	211.2187	-58.47522	0
53	33	319.9995	-9.592285	0
53	34	406.9449	417.488	0
54	1	422.4187	365.3568	0
54	2	437.6124	84.45004	0
54	3	395.757	365.8707	0
54	4	344.3321	266.4097	0
54	5	557.3668	520.6638	0
54	6	519.8417	260.6001	0
54	7	495.0586	373.0591	0
54	8	567.3159	375.2324	0
54	9	434.035	54.90451	0
54	10	524.1047	470.6115	0
54	11	283.7576	-53.58698	0
54	12	290.2437	44.32565	0
54	13	346.3015	320.9254	0
54	14	417.8866	116.3701	0
54	15	359.5809	48.56122	0
54	16	446.667	255.161	0
54	17	388.3298	149.4773	0
54	18	368.1212	80.48993	0
54	19	553.6528	438.0781	0
54	20	528.7955	320.4373	0
54	21	553.8181	645.9999	0
54	22	585.129	585.1124	0
54	23	419.0833	272.7332	0
54	24	332.4081	44.85074	0
54	25	575.0977	408.1563	0
54	26	461.4369	151.3052	0
54	27	488.2824	115.5737	0
54	28	483.8831	645.4241	0
54	29	264.231	46.06708	0
54	30	272.5417	93.32001	0
54	31	596.3715	477.3713	0
54	32	211.2265	-58.47528	0
54	33	320.0903	-9.563904	0
54	34	406.9503	417.4875	0
54	35	653.4856	585.7275	0
55	1	422.4057	365.3472	0
55	2	437.5751	84.46616	0
55	3	395.8041	365.8969	0
55	4	344.4229	266.4203	0
55	5	557.3717	520.6631	0
55	6	519.8863	260.6254	0
55	7	495.0237	373.0764	0
55	8	567.3104	375.2418	0
55	9	434.0659	54.92163	0
55	10	524.0564	470.6081	0
55	11	283.7122	-53.57745	0
55	12	290.2538	44.32666	0
55	13	346.3094	320.9229	0
55	14	417.8592	116.3438	0
55	15	359.6626	48.59006	0
55	16	446.64	255.1854	0
55	17	388.3546	149.4835	0
55	18	368.153	80.49945	0
55	19	553.6129	438.0409	0
55	20	528.7518	320.4064	0
55	21	553.7731	645.9833	0
55	22	585.1093	585.0627	0
55	23	419.0641	272.6895	0
55	24	332.359	44.86032	0
55	25	575.0954	408.1449	0
55	26	461.4249	151.2941	0
55	27	488.2699	115.564	0
55	28	483.8733	645.4146	0
55	29	264.2346	46.06735	0
55	30	272.5669	93.32663	0
55	31	596.3495	477.3951	0
55	32	211.2374	-58.47461	0
55	33	320.1652	-9.534058	0
55	34	406.9569	417.4868	0
55	35	653.4791	585.7159	0
55	36	478.6764	420.2298	0
56	1	422.393	365.337	0
56	2	437.54	84.48697	0
56	3	395.8216	365.9127	0
56	4	344.5196	266.4354	0
56	5	557.3777	520.6623	0
56	6	519.8968	260.6388	0
56	7	494.991	373.099	0
56	8	567.3097	375.2445	0
56	9	434.0704	54.93149	0
56	10	524.008	470.6163	0
56	11	283.6679	-53.56464	0
56	12	290.265	44.32693	0
56	13	346.3338	320.927	0
56	14	417.8256	116.3202	0
56	15	359.7239	48.61774	0
56	16	446.622	255.2066	0
56	17	388.3929	149.4943	0
56	18	368.1963	80.50967	0
56	19	553.5635	438.0078	0
56	20	528.7006	320.3808	0
56	21	553.7265	645.9693	0
56	22	585.0755	585.0181	0
56	23	419.0313	272.6503	0
56	24	332.3115	44.87317	0
56	25	575.0839	408.1351	0
56	26	461.4114	151.2819	0
56	27	488.2571	115.5519	0
56	28	483.8607	645.4051	0
56	29	264.2393	46.06729	0
56	30	272.6045	93.33667	0
56	31	596.3353	477.4146	0
56	32	211.2504	-58.47375	0
56	33	320.2118	-9.510193	0
56	34	406.9663	417.4863	0
56	35	653.479	585.709	0
56	36	478.6416	420.2591	0
57	1	422.3815	365.3259	0
57	2	437.5074	84.51306	0
57	3	395.8128	365.914	0
57	4	344.6197	266.4558	0
57	5	557.3864	520.6617	0
57	6	519.889	260.6238	0
57	7	494.9613	373.1248	0
57	8	567.3131	375.2439	0
57	9	434.0642	54.91663	0
57	10	523.962	470.629	0
57	11	283.629	-53.5498	0
57	12	290.2736	44.32538	0
57	13	346.377	320.9394	0
57	14	417.7867	116.3008	0
57	15	359.7558	48.63647	0
57	16	446.6109	255.2216	0
57	17	388.4437	149.5044	0
57	18	368.2505	80.51877	0
57	19	553.5078	437.9815	0
57	20	528.6489	320.364	0
57	21	553.6831	645.9636	0
57	22	585.0288	584.9774	0
57	23	418.9876	272.615	0
57	24	332.2678	44.88864	0
57	25	575.0708	408.1251	0
57	26	461.4028	151.2719	0
57	27	488.2411	115.5383	0
57	28	483.8489	645.3949	0
57	29	264.2457	46.06735	0
57	30	272.6537	93.34622	0
57	31	596.3281	477.4266	0
57	32	211.2634	-58.47424	0
57	33	320.2267	-9.496155	0
57	34	406.9782	417.4873	0
57	35	653.4922	585.7097	0
57	36	478.6117	420.2863	0
57	37	419.9491	323.7414	0
58	1	422.3665	365.3124	0
58	2	437.4787	84.53735	0
58	3	395.8067	365.8733	0
58	4	344.7184	266.4829	0
58	5	557.3974	520.6627	0
58	6	519.8787	260.5798	0
58	7	494.9366	373.1485	0
58	8	567.3174	375.2428	0
58	9	434.0552	54.88342	0
58	10	523.9167	470.6389	0
58	11	283.5923	-53.53259	0
58	12	290.28	44.32095	0
58	13	346.436	320.9529	0
58	14	417.7479	116.2885	0
58	15	359.7552	48.64651	0
58	16	446.607	255.2292	0
58	17	388.5041	149.5131	0
58	18	368.3117	80.5257	0
58	19	553.4515	437.965	0
58	20	528.597	320.3497	0
58	21	553.6396	645.9702	0
58	22	584.9717	584.9415	0
58	23	418.9343	272.5844	0
58	24	332.2282	44.90585	0
58	25	575.0584	408.1146	0
58	26	461.3984	151.264	0
58	27	488.2305	115.5269	0
58	28	483.8372	645.3832	0
58	29	264.2541	46.06805	0
58	30	272.7099	93.35458	0
58	31	596.3268	477.4305	0
58	32	211.2734	-58.47729	0
58	33	320.2174	-9.500549	0
58	34	406.9925	417.4882	0
58	35	653.5201	585.7166	0
58	36	478.5915	420.3103	0
58	37	419.8983	323.7307	0
58	38	624.6765	443.6219	0
59	1	422.3546	365.2995	0
59	2	437.4587	84.5589	0
59	3	395.7896	365.8332	0
59	4	344.8039	266.5164	0
59	5	557.4106	520.6634	0
59	6	519.8566	260.5373	0
59	7	494.9205	373.169	0
59	8	567.3238	375.2421	0
59	9	434.0374	54.85156	0
59	10	523.872	470.6513	0
59	11	283.558	-53.50983	0
59	12	290.2841	44.31476	0
59	13	346.5102	320.965	0
59	14	417.708	116.2779	0
59	15	359.7498	48.61783	0
59	16	446.6087	255.2302	0
59	17	388.573	149.5205	0
59	18	368.3819	80.53415	0
59	19	553.3964	437.9494	0
59	20	528.549	320.3438	0
59	21	553.598	645.9829	0
59	22	584.9098	584.9144	0
59	23	418.878	272.5619	0
59	24	332.1909	44.92783	0
59	25	575.0454	408.102	0
59	26	461.4036	151.2619	0
59	27	488.2245	115.5172	0
59	28	483.8226	645.3692	0
59	29	264.2643	46.06888	0
59	30	272.774	93.36206	0
59	31	596.3304	477.4298	0
59	32	211.2803	-58.48413	0
59	33	320.2099	-9.542542	0
59	34	407.0046	417.4872	0
59	35	653.5623	585.7269	0
59	36	478.5784	420.3282	0
59	37	419.8472	323.7332	0
59	38	624.6721	443.6112	0
59	39	343.7702	98.63263	0
60	1	422.3477	365.2876	0
60	2	437.4455	84.57523	0
60	3	395.7605	365.7967	0
60	4	344.862	266.5471	0
60	5	557.4214	520.6622	0
60	6	519.8206	260.4993	0
60	7	494.9107	373.1834	0
60	8	567.3326	375.2423	0
60	9	434.009	54.82285	0
60	10	523.8279	470.6656	0
60	11	283.5265	-53.48425	0
60	12	290.2883	44.30933	0
60	13	346.5939	320.9746	0
60	14	417.6703	116.2737	0
60	15	359.7372	48.57755	0
60	16	446.6135	255.2293	0
60	17	388.6501	149.531	0
60	18	368.4566	80.54645	0
60	19	553.3445	437.9459	0
60	20	528.5007	320.35	0
60	21	553.5576	645.9927	0
60	22	584.847	584.8968	0
60	23	418.8211	272.547	0
60	24	332.156	44.95532	0
60	25	575.0301	408.0876	0
60	26	461.422	151.265	0
60	27	488.2277	115.5136	0
60	28	483.8128	645.3568	0
60	29	264.2741	46.06863	0
60	30	272.846	93.37244	0
60	31	596.3353	477.4284	0
60	32	211.2856	-58.4917	0
60	33	320.1909	-9.583374	0
60	34	407.0141	417.4836	0
60	35	653.6177	585.7368	0
60	36	478.5732	420.3378	0
60	37	419.7969	323.7444	0
60	38	624.6594	443.6017	0
60	39	343.7295	98.63803	0
60	40	392.017	-4.471619	0
61	1	422.3472	365.2802	0
61	2	437.4397	84.58475	0
61	3	395.7216	365.7634	0
61	4	344.8875	266.5656	0
61	5	557.4301	520.6588	0
61	6	519.7749	260.4651	0
61	7	494.9077	373.1908	0
61	8	567.344	375.2431	0
61	9	433.9737	54.797	0
61	10	523.7886	470.681	0
61	11	283.5001	-53.46112	0
61	12	290.292	44.30408	0
61	13	346.6899	320.9855	0
61	14	417.6321	116.2779	0
61	15	359.7133	48.53983	0
61	16	446.6194	255.2285	0
61	17	388.7303	149.5452	0
61	18	368.5339	80.56314	0
61	19	553.2926	437.9552	0
61	20	528.4543	320.3625	0
61	21	553.5172	646.0043	0
61	22	584.7874	584.8806	0
61	23	418.7679	272.5352	0
61	24	332.1253	44.98135	0
61	25	575.0201	408.0753	0
61	26	461.4555	151.2749	0
61	27	488.2459	115.5164	0
61	28	483.8075	645.3452	0
61	29	264.2817	46.06656	0
61	30	272.9211	93.38644	0
61	31	596.3423	477.4273	0
61	32	211.2906	-58.49829	0
61	33	320.1588	-9.620544	0
61	34	407.0202	417.4763	0
61	35	653.6824	585.7468	0
61	36	478.5742	420.3395	0
61	37	419.7489	323.7549	0
61	38	624.6466	443.592	0
61	39	343.6904	98.64633	0
61	40	392.0058	-4.479919	0
61	41	468.4112	369.3347	0
62	1	422.3599	365.2804	0
62	2	437.4398	84.58759	0
62	3	395.6744	365.7346	0
62	4	344.8783	266.5731	0
62	5	557.4355	520.6519	0
62	6	519.72	260.4362	0
62	7	494.9099	373.1918	0
62	8	567.3546	375.2426	0
62	9	433.9319	54.77524	0
62	10	523.7521	470.6993	0
62	11	283.4826	-53.44159	0
62	12	290.2955	44.2988	0
62	13	346.7926	321.0012	0
62	14	417.5954	116.2861	0
62	15	359.677	48.50604	0
62	16	446.6285	255.2281	0
62	17	388.8131	149.5645	0
62	18	368.6103	80.58481	0
62	19	553.2433	437.9694	0
62	20	528.4091	320.3718	0
62	21	553.4775	646.0173	0
62	22	584.73	584.8809	0
62	23	418.7147	272.5373	0
62	24	332.1037	45.00449	0
62	25	575.015	408.0649	0
62	26	461.502	151.2863	0
62	27	488.2809	115.5265	0
62	28	483.8101	645.3392	0
62	29	264.287	46.06171	0
62	30	272.9981	93.40521	0
62	31	596.3525	477.4273	0
62	32	211.2955	-58.50488	0
62	33	320.1168	-9.654053	0
62	34	407.0254	417.4686	0
62	35	653.7562	585.7556	0
62	36	478.5792	420.3384	0
62	37	419.7008	323.7654	0
62	38	624.6346	443.5817	0
62	39	343.6521	98.65274	0
62	40	391.9954	-4.488098	0
62	41	468.5005	369.3505	0
62	42	503.0502	404.7909	0
63	1	422.3881	365.287	0
63	2	437.4443	84.58725	0
63	3	395.6245	365.7126	0
63	4	344.8739	266.5273	0
63	5	557.4401	520.6448	0
63	6	519.6639	260.4162	0
63	7	494.9149	373.1913	0
63	8	567.363	375.2399	0
63	9	433.8902	54.76065	0
63	10	523.7178	470.7233	0
63	11	283.4718	-53.42773	0
63	12	290.2992	44.29288	0
63	13	346.899	321.0221	0
63	14	417.5596	116.2921	0
63	15	359.632	48.47595	0
63	16	446.6401	255.229	0
63	17	388.8913	149.5895	0
63	18	368.6769	80.61014	0
63	19	553.1945	437.98	0
63	20	528.364	320.3829	0
63	21	553.4415	646.0311	0
63	22	584.6732	584.8943	0
63	23	418.662	272.5489	0
63	24	332.0896	45.02197	0
63	25	575.0194	408.0607	0
63	26	461.561	151.2964	0
63	27	488.3309	115.5396	0
63	28	483.8265	645.3408	0
63	29	264.2909	46.05597	0
63	30	273.0694	93.42908	0
63	31	596.3654	477.4283	0
63	32	211.3003	-58.51154	0
63	33	320.0658	-9.683044	0
63	34	407.03	417.4618	0
63	35	653.8381	585.7662	0
63	36	478.5853	420.3371	0
63	37	419.6541	323.7787	0
63	38	624.6202	443.5684	0
63	39	343.6144	98.66144	0
63	40	391.9839	-4.498779	0
63	41	468.5917	369.3718	0
63	42	503.0345	404.7763	0
63	43	455.0976	316.3077	0
64	1	422.4322	365.2986	0
64	2	437.4497	84.58664	0
64	3	395.5733	365.6984	0
64	4	344.8565	266.4818	0
64	5	557.4443	520.6386	0
64	6	519.607	260.4008	0
64	7	494.921	373.1908	0
64	8	567.3689	375.2344	0
64	9	433.8464	54.74936	0
64	10	523.6866	470.7505	0
64	11	283.4685	-53.42035	0
64	12	290.3031	44.28647	0
64	13	347.0043	321.0502	0
64	14	417.5241	116.3001	0
64	15	359.5797	48.45126	0
64	16	446.6538	255.2294	0
64	17	388.9555	149.6166	0
64	18	368.7224	80.63269	0
64	19	553.1462	437.9933	0
64	20	528.3196	320.3965	0
64	21	553.4084	646.0472	0
64	22	584.6194	584.9105	0
64	23	418.6118	272.5603	0
64	24	332.0834	45.03247	0
64	25	575.039	408.0635	0
64	26	461.6282	151.3043	0
64	27	488.3954	115.5512	0
64	28	483.8583	645.349	0
64	29	264.2945	46.05084	0
64	30	273.1252	93.45328	0
64	31	596.3782	477.4279	0
64	32	211.3054	-58.51898	0
64	33	320.0131	-9.704285	0
64	34	407.0348	417.4555	0
64	35	653.9227	585.78	0
64	36	478.5944	420.3362	0
64	37	419.6099	323.7941	0
64	38	624.6057	443.5544	0
64	39	343.5776	98.67258	0
64	40	391.9709	-4.510132	0
64	41	468.6763	369.4004	0
64	42	503.0184	404.7606	0
64	43	455.1031	316.3006	0
65	1	422.4906	365.31	0
65	2	437.4577	84.5863	0
65	3	395.5241	365.6865	0
65	4	344.8257	266.4406	0
65	5	557.4488	520.633	0
65	6	519.5546	260.3922	0
65	7	494.93	373.1906	0
65	8	567.3732	375.2279	0
65	9	433.8056	54.74344	0
65	10	523.6608	470.7758	0
65	11	283.471	-53.4187	0
65	12	290.3056	44.2785	0
65	13	347.0964	321.0859	0
65	14	417.4893	116.3102	0
65	15	359.5276	48.43661	0
65	16	446.6649	255.2278	0
65	17	388.9938	149.6379	0
65	18	368.7426	80.64621	0
65	19	553.0982	438.009	0
65	20	528.2788	320.4119	0
65	21	553.3774	646.0676	0
65	22	584.5656	584.9235	0
65	23	418.5612	272.5708	0
65	24	332.0839	45.03607	0
65	25	575.0751	408.0734	0
65	26	461.7052	151.3132	0
65	27	488.4698	115.5605	0
65	28	483.9045	645.3597	0
65	29	264.298	46.04599	0
65	30	273.1565	93.47134	0
65	31	596.3882	477.4252	0
65	32	211.3105	-58.52716	0
65	33	319.9584	-9.717896	0
65	34	407.0396	417.4494	0
65	35	654.0095	585.7988	0
65	36	478.6064	420.337	0
65	37	419.5705	323.811	0
65	38	624.5964	443.5422	0
65	39	343.5452	98.685	0
65	40	391.9626	-4.519409	0
65	41	468.7429	369.4313	0
65	42	503.0083	404.7472	0
65	43	455.109	316.2943	0
66	1	422.5596	365.3208	0
66	2	437.4684	84.58713	0
66	3	395.4752	365.6871	0
66	4	344.7825	266.4033	0
66	5	557.4537	520.6276	0
66	6	519.502	260.3969	0
66	7	494.941	373.1917	0
66	8	567.3773	375.2222	0
66	9	433.7643	54.74661	0
66	10	523.644	470.7976	0
66	11	283.4765	-53.41858	0
66	12	290.3059	44.26923	0
66	13	347.1599	321.1196	0
66	14	417.4581	116.3218	0
66	15	359.476	48.42313	0
66	16	446.6736	255.2232	0
66	17	389.0037	149.6492	0
66	18	368.7356	80.65222	0
66	19	553.0555	438.0258	0
66	20	528.2415	320.4288	0
66	21	553.3488	646.0925	0
66	22	584.5127	584.9396	0
66	23	418.512	272.5844	0
66	24	332.0891	45.03635	0
66	25	575.1259	408.0853	0
66	26	461.7878	151.3261	0
66	27	488.5548	115.57	0
66	28	483.9643	645.3696	0
66	29	264.3014	46.04092	0
66	30	273.1613	93.48172	0
66	31	596.3956	477.4193	0
66	32	211.3125	-58.53735	0
66	33	319.9064	-9.728516	0
66	34	407.0449	417.4427	0
66	35	654.0916	585.8251	0
66	36	478.621	420.3377	0
66	37	419.5333	323.8322	0
66	38	624.5922	443.5334	0
66	39	343.5147	98.69971	0
66	40	391.9584	-4.526672	0
66	41	468.78	369.4543	0
66	42	503.004	404.7373	0
66	43	455.1152	316.2874	0
67	1	422.6373	365.3301	0
67	2	437.4817	84.5878	0
67	3	395.4265	365.6974	0
67	4	344.7296	266.3705	0
67	5	557.4589	520.6216	0
67	6	519.451	260.4096	0
67	7	494.954	373.1923	0
67	8	567.3817	375.2169	0
67	9	433.7242	54.755	0
67	10	523.6339	470.8131	0
67	11	283.4833	-53.41827	0
67	12	290.3063	44.26013	0
67	13	347.189	321.1404	0
67	14	417.4292	116.3352	0
67	15	359.4271	48.41885	0
67	16	446.6792	255.2157	0
67	17	388.9969	149.6384	0
67	18	368.7322	80.61731	0
67	19	553.0153	438.0451	0
67	20	528.2063	320.4509	0
67	21	553.3244	646.1163	0
67	22	584.4604	584.9578	0
67	23	418.4648	272.6008	0
67	24	332.0956	45.03625	0
67	25	575.1909	408.0964	0
67	26	461.873	151.3436	0
67	27	488.6474	115.5841	0
67	28	484.0319	645.3798	0
67	29	264.3049	46.03525	0
67	30	273.1548	93.46753	0
67	31	596.4005	477.4115	0
67	32	211.314	-58.54907	0
67	33	319.8538	-9.727539	0
67	34	407.0496	417.4341	0
67	35	654.1592	585.8566	0
67	36	478.6334	420.3364	0
67	37	419.4984	323.8594	0
67	38	624.6	443.5316	0
67	39	343.4862	98.71909	0
67	40	391.963	-4.528564	0
67	41	468.7843	369.4675	0
67	42	503.0124	404.735	0
67	43	455.1216	316.2799	0
68	1	422.7253	365.3417	0
68	2	437.4936	84.58688	0
68	3	395.38	365.7084	0
68	4	344.6713	266.3453	0
68	5	557.4632	520.6137	0
68	6	519.4019	260.4197	0
68	7	494.9644	373.1909	0
68	8	567.3865	375.2122	0
68	9	433.6855	54.76135	0
68	10	523.6306	470.8209	0
68	11	283.4928	-53.41785	0
68	12	290.3061	44.2518	0
68	13	347.1795	321.1517	0
68	14	417.4021	116.3526	0
68	15	359.377	48.4249	0
68	16	446.6843	255.2086	0
68	17	388.9889	149.601	0
68	18	368.7188	80.58276	0
68	19	552.9776	438.0709	0
68	20	528.1739	320.478	0
68	21	553.308	646.1372	0
68	22	584.4144	584.9768	0
68	23	418.423	272.6181	0
68	24	332.1045	45.03641	0
68	25	575.2634	408.1066	0
68	26	461.9582	151.3666	0
68	27	488.7428	115.603	0
68	28	484.1097	645.3889	0
68	29	264.3086	46.02887	0
68	30	273.1465	93.43335	0
68	31	596.4054	477.4048	0
68	32	211.3145	-58.55969	0
68	33	319.8015	-9.718445	0
68	34	407.05	417.423	0
68	35	654.1993	585.8814	0
68	36	478.6432	420.3324	0
68	37	419.4676	323.8868	0
68	38	624.6234	443.5359	0
68	39	343.4602	98.74075	0
68	40	391.9804	-4.525574	0
68	41	468.7767	369.4468	0
68	42	503.0378	404.7395	0
68	43	455.1256	316.2697	0
69	1	422.8174	365.3571	0
69	2	437.503	84.58322	0
69	3	395.3337	365.7182	0
69	4	344.6132	266.3303	0
69	5	557.4636	520.6034	0
69	6	519.3524	260.4308	0
69	7	494.9726	373.1871	0
69	8	567.3917	375.2071	0
69	9	433.6468	54.76926	0
69	10	523.6328	470.8219	0
69	11	283.5044	-53.41663	0
69	12	290.2989	44.2442	0
69	13	347.1756	321.1027	0
69	14	417.3771	116.3732	0
69	15	359.3288	48.43549	0
69	16	446.6891	255.2021	0
69	17	388.9709	149.5649	0
69	18	368.6951	80.55136	0
69	19	552.9433	438.1004	0
69	20	528.1459	320.5031	0
69	21	553.2977	646.1529	0
69	22	584.3705	584.9997	0
69	23	418.3831	272.6396	0
69	24	332.1161	45.03757	0
69	25	575.3472	408.1165	0
69	26	462.0343	151.3948	0
69	27	488.8396	115.6282	0
69	28	484.1952	645.4003	0
69	29	264.3097	46.02106	0
69	30	273.129	93.40039	0
69	31	596.4103	477.3986	0
69	32	211.3134	-58.5694	0
69	33	319.7515	-9.709839	0
69	34	407.0514	417.4113	0
69	35	654.2073	585.8954	0
69	36	478.6497	420.3248	0
69	37	419.4447	323.9112	0
69	38	624.663	443.5471	0
69	39	343.4384	98.76044	0
69	40	392.0125	-4.515869	0
69	41	468.7651	369.4046	0
69	42	503.0817	404.752	0
69	43	455.1266	316.2574	0
70	1	422.9123	365.3777	0
70	2	437.5093	84.57632	0
70	3	395.2887	365.7309	0
70	4	344.5576	266.3159	0
70	5	557.4647	520.5928	0
70	6	519.304	260.445	0
70	7	494.9776	373.1801	0
70	8	567.3967	375.2007	0
70	9	433.6092	54.77969	0
70	10	523.638	470.8212	0
70	11	283.5178	-53.41602	0
70	12	290.2888	44.23685	0
70	13	347.1576	321.0539	0
70	14	417.3558	116.3922	0
70	15	359.2818	48.44318	0
70	16	446.6943	255.1962	0
70	17	388.941	149.5326	0
70	18	368.6617	80.52304	0
70	19	552.9146	438.1273	0
70	20	528.1269	320.5252	0
70	21	553.2938	646.1614	0
70	22	584.3297	585.0303	0
70	23	418.3457	272.6679	0
70	24	332.1301	45.03854	0
70	25	575.4379	408.1298	0
70	26	462.0891	151.4212	0
70	27	488.9279	115.6595	0
70	28	484.2837	645.4149	0
70	29	264.3105	46.01212	0
70	30	273.1006	93.37067	0
70	31	596.4159	477.3932	0
70	32	211.3029	-58.57819	0
70	33	319.7016	-9.701294	0
70	34	407.0511	417.4	0
70	35	654.1994	585.8807	0
70	36	478.6549	420.3168	0
70	37	419.43	323.9307	0
70	38	624.7167	443.5587	0
70	39	343.4241	98.77719	0
70	40	392.0571	-4.504395	0
70	41	468.7426	369.3642	0
70	42	503.1414	404.7651	0
70	43	455.1278	316.2453	0
71	1	423.0027	365.4056	0
71	2	437.5142	84.56918	0
71	3	395.2454	365.7455	0
71	4	344.5028	266.3154	0
71	5	557.4644	520.5823	0
71	6	519.2587	260.4615	0
71	7	494.9821	373.1734	0
71	8	567.398	375.1923	0
71	9	433.5746	54.79208	0
71	10	523.6443	470.8205	0
71	11	283.5287	-53.41724	0
71	12	290.2793	44.22928	0
71	13	347.1256	321.0096	0
71	14	417.3415	116.4087	0
71	15	359.2352	48.45328	0
71	16	446.6998	255.19	0
71	17	388.9026	149.5036	0
71	18	368.6207	80.49817	0
71	19	552.8957	438.1508	0
71	20	528.1146	320.5418	0
71	21	553.2948	646.163	0
71	22	584.2932	585.063	0
71	23	418.3124	272.6964	0
71	24	332.1428	45.03787	0
71	25	575.5315	408.1473	0
71	26	462.1157	151.4378	0
71	27	488.9951	115.6901	0
71	28	484.3737	645.4351	0
71	29	264.3105	46.00381	0
71	30	273.0651	93.3439	0
71	31	596.4221	477.3877	0
71	32	211.2908	-58.58716	0
71	33	319.6533	-9.689148	0
71	34	407.0459	417.3896	0
71	35	654.1888	585.8394	0
71	36	478.6598	420.3099	0
71	37	419.4226	323.9429	0
71	38	624.7837	443.5692	0
71	39	343.4153	98.78894	0
71	40	392.114	-4.494324	0
71	41	468.7071	369.3276	0
71	42	503.2161	404.777	0
71	43	455.1278	316.2337	0
72	1	423.0772	365.438	0
72	2	437.5187	84.56259	0
72	3	395.2072	365.7614	0
72	4	344.4475	266.3259	0
72	5	557.4584	520.5727	0
72	6	519.2178	260.4792	0
72	7	494.9863	373.1673	0
72	8	567.3998	375.1827	0
72	9	433.5432	54.80603	0
72	10	523.6536	470.8201	0
72	11	283.5369	-53.42194	0
72	12	290.2703	44.22055	0
72	13	347.0803	320.9695	0
72	14	417.3325	116.4207	0
72	15	359.1895	48.4668	0
72	16	446.7056	255.1834	0
72	17	388.8561	149.4789	0
72	18	368.5756	80.47876	0
72	19	552.8841	438.1676	0
72	20	528.1096	320.551	0
72	21	553.2993	646.1622	0
72	22	584.264	585.0926	0
72	23	418.2869	272.7219	0
72	24	332.1527	45.03452	0
72	25	575.6257	408.171	0
72	26	462.1105	151.4473	0
72	27	489.0307	115.7108	0
72	28	484.4565	645.4636	0
72	29	264.3092	45.99615	0
72	30	273.0226	93.32138	0
72	31	596.4279	477.3808	0
72	32	211.2796	-58.59601	0
72	33	319.6076	-9.674072	0
72	34	407.0334	417.3801	0
72	35	654.1675	585.7992	0
72	36	478.665	420.3036	0
72	37	419.4221	323.9473	0
72	38	624.8601	443.5778	0
72	39	343.4128	98.79507	0
72	40	392.1787	-4.486694	0
72	41	468.663	369.2947	0
72	42	503.3009	404.7867	0
72	43	455.1181	316.2234	0
73	1	423.0772	365.438	0
73	2	437.5187	84.56259	0
73	3	395.2072	365.7614	0
73	4	344.4475	266.3259	0
73	5	557.4584	520.5727	0
73	6	519.2178	260.4792	0
73	7	494.9863	373.1673	0
73	8	567.3998	375.1827	0
73	9	433.5432	54.80603	0
73	10	523.6536	470.8201	0
73	11	283.5369	-53.42194	0
73	12	290.2703	44.22055	0
73	13	347.0803	320.9695	0
73	14	417.3325	116.4207	0
73	15	359.1895	48.4668	0
73	16	446.7056	255.1834	0
73	17	388.8561	149.4789	0
73	18	368.5756	80.47876	0
73	19	552.8841	438.1676	0
73	20	528.1096	320.551	0
73	21	553.2993	646.1622	0
73	22	584.264	585.0926	0
73	23	418.2869	272.7219	0
73	24	332.1527	45.03452	0
73	25	575.6257	408.171	0
73	26	462.1105	151.4473	0
73	27	489.0307	115.7108	0
73	28	484.4565	645.4636	0
73	29	264.3092	45.99615	0
73	30	273.0226	93.32138	0
73	31	596.4279	477.3808	0
73	32	211.2796	-58.59601	0
73	33	319.6076	-9.674072	0
73	34	407.0334	417.3801	0
73	35	654.1675	585.7992	0
73	36	478.665	420.3036	0
73	37	419.4221	323.9473	0
73	38	624.8601	443.5778	0
73	39	343.4128	98.79507	0
73	40	392.1787	-4.486694	0
73	41	468.663	369.2947	0
73	42	503.3009	404.7867	0
73	43	455.1181	316.2234	0
