17	1	-103.4192	290.7873	0
18	1	-102.9567	289.815	0
18	2	-178.7925	-370.5833	0
19	1	-102.3077	288.4516	0
19	2	-178.4258	-370.3895	0
19	3	1012.802	282.4765	0
20	1	-101.497	286.7494	0
20	2	-177.968	-370.1474	0
20	3	1012.284	282.4605	0
20	4	1058.15	-299.9412	0
21	1	-100.5584	284.7493	0
21	2	-177.4312	-369.8636	0
21	3	1011.677	282.4417	0
21	4	1057.851	-299.4129	0
21	5	418.4376	-290.6716	0
22	1	-99.50855	282.4913	0
22	2	-176.8259	-369.5436	0
22	3	1010.993	282.4205	0
22	4	1057.513	-298.8171	0
22	5	418.7663	-290.0709	0
22	6	1000.183	706.4743	0
23	1	-98.36189	280.01	0
23	2	-176.1612	-369.1921	0
23	3	1010.241	282.3973	0
23	4	1057.143	-298.163	0
23	5	419.1272	-289.4114	0
23	6	999.8124	705.8199	0
23	7	482.0894	727.9047	0
24	1	-97.13073	277.3354	0
24	2	-175.4451	-368.8135	0
24	3	1009.432	282.3722	0
24	4	1056.743	-297.4581	0
24	5	419.5161	-288.7009	0
24	6	999.4136	705.1149	0
24	7	481.4443	727.4147	0
24	8	-143.3289	658.1268	0
25	1	-96.72722	276.4517	0
25	2	-174.6844	-368.4113	0
25	3	1008.572	282.3456	0
25	4	1056.319	-296.7095	0
25	5	419.9292	-287.946	0
25	6	998.9899	704.366	0
25	7	480.7591	726.8943	0
25	8	-142.4875	656.3444	0
26	1	-96.13936	275.162	0
26	2	-173.8851	-367.9887	0
26	3	1007.668	282.3176	0
26	4	1055.874	-295.9228	0
26	5	420.3633	-287.153	0
26	6	998.5447	703.579	0
26	7	480.039	726.3474	0
26	8	-141.5228	654.2656	0
27	1	-95.39152	273.5206	0
27	2	-173.0523	-367.5484	0
27	3	1006.726	282.2885	0
27	4	1055.409	-295.1031	0
27	5	420.8156	-286.3266	0
27	6	998.0809	702.7592	0
27	7	479.2888	725.7777	0
27	8	-140.4511	651.9302	0
28	1	-94.51749	271.5705	0
28	2	-172.1905	-367.0928	0
28	3	1005.752	282.2583	0
28	4	1054.929	-294.2549	0
28	5	421.2836	-285.4714	0
28	6	997.6008	701.9106	0
28	7	478.5125	725.188	0
28	8	-139.2866	649.3723	0
29	1	-93.53477	269.3531	0
29	2	-171.3035	-366.6238	0
29	3	1004.749	282.2273	0
29	4	1054.434	-293.382	0
29	5	421.7653	-284.5912	0
29	6	997.1068	701.0374	0
29	7	477.7135	724.5811	0
29	8	-138.8867	648.478	0
30	1	-92.45928	266.9042	0
30	2	-170.3947	-366.1432	0
30	3	1003.722	282.1954	0
30	4	1053.927	-292.4876	0
30	5	422.2588	-283.6895	0
30	6	996.6006	700.1426	0
30	7	476.8948	723.9594	0
30	8	-138.304	647.1693	0
31	1	-91.3056	264.255	0
31	2	-169.467	-365.6527	0
31	3	1002.673	282.163	0
31	4	1053.41	-291.5746	0
31	5	422.7626	-282.769	0
31	6	996.0839	699.2293	0
31	7	476.0592	723.3247	0
31	8	-137.5632	645.5013	0
32	1	-90.9289	263.3652	0
32	2	-168.523	-365.1537	0
32	3	1001.605	282.1299	0
32	4	1052.884	-290.6455	0
32	5	423.2752	-281.8323	0
32	6	995.5582	698.2999	0
32	7	475.2088	722.6788	0
32	8	-136.685	643.5221	0
33	1	-90.38493	262.0676	0
33	2	-167.5648	-364.647	0
33	3	1000.522	282.0964	0
33	4	1052.349	-289.7023	0
33	5	423.7956	-280.8814	0
33	6	995.0245	697.3564	0
33	7	474.3456	722.0233	0
33	8	-135.6876	641.2732	0
17	1	-132.1337	187.7341	0
18	1	-131.5194	188.5804	0
18	2	-180.5872	-367.7279	0
19	1	-130.6577	189.767	0
19	2	-180.2867	-367.4423	0
19	3	959.1985	309.5661	0
20	1	-129.5813	191.2484	0
20	2	-179.9112	-367.0856	0
20	3	958.8124	309.9113	0
20	4	1092.219	-350.0664	0
21	1	-128.3186	192.9851	0
21	2	-179.471	-366.6672	0
21	3	958.3597	310.316	0
21	4	1091.671	-349.8038	0
21	5	396.7737	-342.0569	0
22	1	-126.8939	194.9427	0
22	2	-178.9747	-366.1956	0
22	3	957.8491	310.7723	0
22	4	1091.054	-349.5079	0
22	5	397.0996	-341.4547	0
22	6	1037.954	800.465	0
23	1	-125.3286	197.0916	0
23	2	-178.4296	-365.6777	0
23	3	957.2887	311.2734	0
23	4	1090.376	-349.1827	0
23	5	397.4575	-340.7936	0
23	6	1037.273	800.1477	0
23	7	426.1105	703.0629	0
24	1	-123.6408	199.4058	0
24	2	-177.8424	-365.1198	0
24	3	956.6849	311.8133	0
24	4	1089.646	-348.8325	0
24	5	397.8431	-340.0812	0
24	6	1036.538	799.8058	0
24	7	426.1091	702.2529	0
24	8	-20.4155	668.7521	0
17	1	-83.20715	190.0757	0
18	1	-82.81124	190.9758	0
18	2	-207.4792	-280.7452	0
19	1	-82.25861	192.2379	0
19	2	-207.1	-280.5772	0
19	3	1046.098	317.1256	0
20	1	-81.57309	193.8135	0
20	2	-206.6266	-280.3672	0
20	3	1045.581	317.0951	0
20	4	1111.162	-368.7482	0
21	1	-80.77616	195.6606	0
21	2	-206.0715	-280.1213	0
21	3	1044.974	317.0593	0
21	4	1110.858	-368.2228	0
21	5	436.0005	-375.3901	0
22	1	-79.90007	197.7463	0
22	2	-205.4455	-279.8438	0
22	3	1044.291	317.019	0
22	4	1110.515	-367.6302	0
22	5	436.3016	-374.7751	0
22	6	952.5538	740.5337	0
23	1	-78.96046	200.0385	0
23	2	-204.7581	-279.5391	0
23	3	1043.54	316.9747	0
23	4	1110.138	-366.9796	0
23	5	436.6322	-374.0999	0
23	6	951.8675	740.2267	0
23	7	437.7802	809.8486	0
24	1	-77.97147	202.5092	0
24	2	-204.0176	-279.2109	0
24	3	1042.732	316.9269	0
24	4	1109.732	-366.2786	0
24	5	436.9885	-373.3723	0
24	6	951.1281	739.8959	0
24	7	438.1607	809.1335	0
24	8	-81.68022	733.2767	0
25	1	-76.94572	205.1344	0
25	2	-203.2309	-278.8622	0
25	3	1041.873	316.8763	0
25	4	1109.301	-365.534	0
25	5	437.3669	-372.5995	0
25	6	950.3426	739.5444	0
25	7	438.5649	808.3739	0
25	8	-80.88853	732.9397	0
26	1	-76.63941	205.9867	0
26	2	-202.4043	-278.4957	0
26	3	1040.97	316.823	0
26	4	1108.848	-364.7515	0
26	5	437.7646	-371.7875	0
26	6	949.5173	739.1752	0
26	7	438.9897	807.5757	0
26	8	-80.05656	732.5856	0
27	1	-76.21386	207.2088	0
27	2	-201.543	-278.114	0
27	3	1040.03	316.7675	0
27	4	1108.376	-363.9363	0
27	5	438.1789	-370.9415	0
27	6	948.6574	738.7905	0
27	7	439.4322	806.744	0
27	8	-79.18975	732.2167	0
28	1	-75.70062	208.7542	0
28	2	-200.6518	-277.7189	0
28	3	1039.056	316.71	0
28	4	1107.887	-363.0926	0
28	5	438.6076	-370.0659	0
28	6	947.7676	738.3923	0
28	7	439.8901	805.8834	0
28	8	-78.29276	731.835	0
29	1	-75.11474	210.5797	0
29	2	-199.7345	-277.3124	0
29	3	1038.055	316.6509	0
29	4	1107.385	-362.2243	0
29	5	439.0489	-369.1648	0
29	6	946.8517	737.9827	0
29	7	440.3615	804.9977	0
29	8	-77.36956	731.442	0
30	1	-74.46976	212.6476	0
30	2	-198.7948	-276.8958	0
30	3	1037.029	316.5904	0
30	4	1106.869	-361.3348	0
30	5	439.501	-368.2416	0
30	6	945.9135	737.5629	0
30	7	440.8444	804.0902	0
30	8	-76.42367	731.0395	0
17	1	-136.0791	219.0154	0
18	1	-135.4445	219.8465	0
18	2	-125.0074	-384.8945	0
19	1	-134.5543	221.0119	0
19	2	-124.7161	-384.5992	0
19	3	1009.04	284.8612	0
17	1	-96.65338	303.6378	0
18	1	-96.16194	302.7304	0
18	2	-171.2242	-334.3854	0
19	1	-95.47253	301.4582	0
19	2	-170.9204	-334.1031	0
19	3	988.9742	307.2497	0
20	1	-94.61124	299.8698	0
20	2	-170.5409	-333.7507	0
20	3	988.457	307.2221	0
20	4	1105.017	-351.5398	0
17	1	-153.3181	201.9591	0
18	1	-152.5216	201.3559	0
18	2	-182.8194	-379.8632	0
19	1	-151.4043	200.5103	0
19	2	-182.52	-379.5762	0
19	3	977.5682	319.2772	0
20	1	-150.0089	199.455	0
20	2	-182.1462	-379.2178	0
20	3	977.0513	319.2438	0
20	4	1101.52	-318.5706	0
21	1	-148.372	198.2183	0
21	2	-181.7079	-378.7975	0
21	3	976.4453	319.2047	0
21	4	1101.064	-318.1694	0
21	5	418.9646	-303.1003	0
22	1	-146.5255	196.8249	0
22	2	-181.2137	-378.3235	0
22	3	975.762	319.1607	0
22	4	1100.55	-317.717	0
22	5	418.4713	-302.6254	0
22	6	964.5956	734.148	0
23	1	-144.497	195.2962	0
23	2	-180.671	-377.8032	0
23	3	975.0117	319.1123	0
23	4	1099.986	-317.2203	0
23	5	417.9297	-302.1039	0
23	6	964.2505	733.4801	0
23	7	485.7617	692.343	0
17	1	-152.6342	240.8687	0
18	1	-151.9599	241.6735	0
18	2	-191.0468	-407.9548	0
19	1	-151.0141	242.802	0
19	2	-190.8443	-407.5928	0
19	3	1077.627	312.9139	0
20	1	-149.8327	244.2109	0
20	2	-190.5915	-407.1408	0
20	3	1077.253	312.5562	0
20	4	1081.913	-361.4724	0
21	1	-148.4469	245.8624	0
21	2	-190.295	-406.6108	0
21	3	1076.814	312.1366	0
21	4	1081.618	-360.9418	0
21	5	381.8957	-274.0986	0
22	1	-146.8952	247.7307	0
22	2	-189.9608	-406.0132	0
22	3	1076.319	311.6636	0
22	4	1081.285	-360.3436	0
22	5	382.4196	-273.6577	0
22	6	929.8564	767.3548	0
23	1	-145.1994	249.7865	0
23	2	-189.5937	-405.357	0
23	3	1075.775	311.1442	0
23	4	1080.919	-359.6865	0
23	5	382.9949	-273.1736	0
23	6	929.1791	767.0286	0
23	7	459.3488	739.9916	0
24	1	-143.3783	252.0043	0
24	2	-189.1983	-404.6501	0
24	3	1075.19	310.5846	0
24	4	1080.525	-358.9787	0
24	5	383.6147	-272.6521	0
24	6	928.4493	766.6772	0
24	7	459.3219	739.182	0
24	8	-70.62842	705.4691	0
25	1	-142.7749	252.7463	0
25	2	-188.7782	-403.8992	0
25	3	1074.568	309.9901	0
25	4	1080.107	-358.2269	0
25	5	384.2731	-272.0981	0
25	6	927.674	766.3038	0
25	7	459.2933	738.322	0
25	8	-70.25172	704.6954	0
26	1	-141.9	253.8251	0
26	2	-188.3368	-403.11	0
26	3	1073.914	309.3655	0
26	4	1079.667	-357.437	0
26	5	384.9649	-271.5159	0
26	6	926.8593	765.9115	0
26	7	459.2633	737.4183	0
26	8	-69.85586	703.8826	0
27	1	-140.7893	255.1956	0
27	2	-187.8769	-402.2878	0
27	3	1073.233	308.7147	0
27	4	1079.209	-356.6138	0
27	5	385.6857	-270.9094	0
27	6	926.0106	765.5028	0
27	7	459.2321	736.4768	0
27	8	-69.44347	703.0356	0
28	1	-139.4742	256.8187	0
28	2	-187.401	-401.4371	0
28	3	1072.528	308.0412	0
28	4	1078.735	-355.762	0
28	5	386.4316	-270.2817	0
28	6	925.1323	765.0798	0
28	7	459.1997	735.5026	0
28	8	-69.01668	702.1591	0
29	1	-137.9933	258.6667	0
29	2	-186.9112	-400.5615	0
29	3	1071.802	307.3481	0
29	4	1078.247	-354.8853	0
29	5	387.1993	-269.6357	0
29	6	924.2284	764.6445	0
29	7	459.1664	734.4998	0
29	8	-68.57739	701.2571	0
30	1	-136.3682	260.7094	0
30	2	-186.4094	-399.6643	0
30	3	1071.059	306.6379	0
30	4	1077.747	-353.9871	0
30	5	387.9858	-268.9739	0
30	6	923.3022	764.1985	0
30	7	459.1323	733.4724	0
30	8	-68.12732	700.3329	0
31	1	-134.6178	262.9203	0
31	2	-185.8971	-398.7484	0
31	3	1070.3	305.913	0
31	4	1077.236	-353.0703	0
31	5	388.7888	-268.2983	0
31	6	922.3568	763.7432	0
31	7	459.0974	732.4236	0
31	8	-67.66798	699.3894	0
32	1	-134.0295	263.6712	0
32	2	-185.3758	-397.8165	0
32	3	1069.528	305.1753	0
32	4	1076.717	-352.1372	0
32	5	389.6058	-267.6107	0
32	6	921.3947	763.2798	0
32	7	459.062	731.3564	0
32	8	-67.20048	698.4293	0
33	1	-133.1769	264.7621	0
33	2	-184.8467	-396.8705	0
33	3	1068.745	304.4265	0
33	4	1076.167	-351.1806	0
33	5	390.4352	-266.9128	0
33	6	920.4181	762.8096	0
33	7	459.026	730.2731	0
33	8	-66.72484	697.4552	0
33	9	1096.089	-359.9219	0
34	1	-132.0951	266.1476	0
34	2	-184.3108	-395.9125	0
34	3	1067.951	303.6681	0
34	4	1075.59	-350.2034	0
34	5	391.2751	-266.206	0
34	6	919.429	762.3333	0
34	7	458.9896	729.1758	0
34	8	-66.24213	696.469	0
34	9	1095.984	-359.6837	0
35	1	-130.8143	267.7881	0
35	2	-183.7689	-394.9438	0
35	3	1067.149	302.9013	0
35	4	1074.992	-349.2078	0
35	5	392.1244	-265.4914	0
35	6	918.4291	761.8518	0
35	7	458.9527	728.0666	0
35	8	-65.77441	695.0461	0
35	9	1095.835	-359.35	0
35	10	-116.1859	679.2537	0
36	1	-129.3726	269.6553	0
36	2	-183.222	-393.9661	0
36	3	1066.339	302.1273	0
36	4	1074.375	-348.1965	0
36	5	392.9816	-264.77	0
36	6	917.4197	761.3657	0
36	7	458.9155	726.9469	0
36	8	-65.31921	693.245	0
36	9	1095.647	-358.9338	0
36	10	-115.7034	679.0748	0
36	11	-81.09985	-316.0633	0
37	1	-127.7912	271.7187	0
37	2	-182.6706	-392.9803	0
37	3	1065.522	301.3471	0
37	4	1073.743	-347.171	0
37	5	393.8457	-264.0429	0
37	6	916.4022	760.8757	0
37	7	458.8781	725.8182	0
37	8	-64.87438	691.1161	0
37	9	1095.426	-358.4459	0
37	10	-115.1383	678.865	0
37	11	-80.80522	-315.7714	0
37	12	974.0396	724.9771	0
38	1	-126.088	273.9518	0
38	2	-182.1155	-391.9879	0
38	3	1064.7	300.5615	0
38	4	1073.098	-346.1335	0
38	5	394.7159	-263.3107	0
38	6	915.3775	760.3823	0
38	7	458.8403	724.6815	0
38	8	-64.43785	688.7032	0
38	9	1095.174	-357.8958	0
38	10	-114.5021	678.6283	0
38	11	-80.43729	-315.4069	0
38	12	973.8453	724.6106	0
38	13	449.6185	-290.9926	0
39	1	-125.5147	274.7112	0
39	2	-181.557	-390.9895	0
39	3	1063.873	299.7712	0
39	4	1072.443	-345.0855	0
39	5	395.5912	-262.5741	0
39	6	914.3468	759.8859	0
39	7	458.8023	723.5381	0
39	8	-64.00761	686.0442	0
39	9	1094.896	-357.292	0
39	10	-113.8046	678.3685	0
39	11	-80.00585	-314.9796	0
39	12	973.6026	724.1532	0
39	13	449.916	-290.7037	0
40	1	-124.6847	275.8135	0
40	2	-180.9957	-389.9858	0
40	3	1063.041	298.9767	0
40	4	1071.779	-344.0283	0
40	5	396.471	-261.8337	0
40	6	913.3107	759.387	0
40	7	458.7642	722.3889	0
40	8	-63.5819	683.1718	0
40	9	1094.595	-356.6414	0
40	10	-113.0546	678.0886	0
40	11	-79.51945	-314.4977	0
40	12	973.3181	723.6167	0
40	13	450.2876	-290.343	0
41	1	-123.6318	277.213	0
41	2	-180.4318	-388.9778	0
41	3	1062.206	298.1788	0
41	4	1071.107	-342.9635	0
41	5	397.3549	-261.0901	0
41	6	912.2701	758.8858	0
41	7	458.7259	721.2345	0
41	8	-63.47007	682.2122	0
41	9	1094.273	-355.9504	0
41	10	-112.2596	677.7914	0
41	11	-78.98534	-313.9684	0
41	12	972.9972	723.0118	0
41	13	450.7234	-289.9201	0
41	14	-179.4355	300.1911	0
42	1	-122.3977	278.8754	0
42	2	-179.8658	-387.9659	0
42	3	1061.368	297.3778	0
42	4	1070.43	-341.8918	0
42	5	398.242	-260.3435	0
42	6	911.2255	758.3827	0
42	7	458.6873	720.0757	0
42	8	-63.31866	680.8125	0
42	9	1093.933	-355.224	0
42	10	-111.426	677.4792	0
42	11	-78.40986	-313.3985	0
42	12	972.645	722.3475	0
42	13	451.2146	-289.4431	0
42	14	-178.4758	299.7191	0
42	15	523.4905	794.8806	0
43	1	-121.0059	280.7654	0
43	2	-179.2979	-386.9506	0
43	3	1060.527	296.5742	0
43	4	1069.749	-340.8145	0
43	5	399.1321	-259.5945	0
43	6	910.1774	757.8779	0
43	7	458.6487	718.913	0
43	8	-63.13214	679.0315	0
43	9	1093.577	-354.467	0
43	10	-110.5595	677.1542	0
43	11	-77.79856	-312.7928	0
43	12	972.2654	721.632	0
43	13	451.7541	-288.9194	0
43	14	-177.1239	299.0756	0
43	15	523.7741	794.578	0
43	16	1047.343	204.16	0
44	1	-119.4772	282.8523	0
44	2	-178.7284	-385.9325	0
44	3	1059.683	295.7682	0
44	4	1069.063	-339.7323	0
44	5	400.0247	-258.8433	0
44	6	909.1263	757.3718	0
44	7	458.61	717.7471	0
44	8	-62.9143	676.9199	0
44	9	1093.207	-353.6833	0
44	10	-109.6651	676.8181	0
44	11	-77.15623	-312.1566	0
44	12	971.8622	720.8719	0
44	13	452.3353	-288.3552	0
44	14	-175.4286	298.2959	0
44	15	524.1283	794.2002	0
44	16	1046.966	203.9878	0
45	1	-117.8292	285.1095	0
45	2	-178.1575	-384.9119	0
45	3	1058.838	294.9603	0
45	4	1068.375	-338.6458	0
45	5	400.9195	-258.0904	0
45	6	908.0726	756.8644	0
45	7	458.5712	716.5781	0
45	8	-62.66833	674.5217	0
45	9	1092.823	-352.8765	0
45	10	-108.7469	676.4729	0
45	11	-76.48699	-311.4935	0
45	12	971.4386	720.0731	0
45	13	452.9527	-287.7559	0
45	14	-173.6226	297.1454	0
45	15	524.5436	793.7572	0
45	16	1046.495	203.7727	0
46	1	-117.2721	285.8775	0
46	2	-177.5853	-383.889	0
46	3	1057.991	294.1506	0
46	4	1067.685	-337.5558	0
46	5	401.8163	-257.3358	0
46	6	907.0167	756.3559	0
46	7	458.5323	715.4067	0
46	8	-62.39718	671.8748	0
46	9	1092.428	-352.0494	0
46	10	-107.8084	676.1199	0
46	11	-75.7944	-310.8074	0
46	12	970.9972	719.241	0
46	13	453.6015	-287.1261	0
46	14	-171.7209	295.6731	0
46	15	525.0118	793.2576	0
46	16	1045.942	203.5205	0
47	1	-116.4655	286.9912	0
47	2	-177.0121	-382.8643	0
47	3	1057.142	293.3394	0
47	4	1066.993	-336.463	0
47	5	402.7147	-256.5797	0
47	6	905.9587	755.8464	0
47	7	458.4933	714.2333	0
47	8	-62.10333	669.0121	0
47	9	1092.024	-351.2047	0
47	10	-106.8525	675.7606	0
47	11	-75.08168	-310.1013	0
47	12	970.5403	718.3797	0
47	13	454.2774	-286.47	0
47	14	-169.7364	293.922	0
47	15	525.5261	792.709	0
47	16	1045.319	203.2362	0
48	1	-115.4414	288.4041	0
48	2	-176.438	-381.8379	0
48	3	1056.291	292.527	0
48	4	1066.3	-335.3677	0
48	5	403.6145	-255.8226	0
48	6	904.8992	755.3362	0
48	7	458.4543	713.0578	0
48	8	-62.00333	668.049	0
48	9	1091.61	-350.3446	0
48	10	-105.882	675.3961	0
48	11	-74.35138	-309.3779	0
48	12	970.0703	717.4933	0
48	13	454.977	-285.791	0
48	14	-167.6919	291.9222	0
48	15	526.08	792.1181	0
48	16	1044.635	202.924	0
49	1	-114.24	290.0814	0
49	2	-175.8631	-380.8101	0
49	3	1055.44	291.7134	0
49	4	1065.606	-334.2701	0
49	5	404.5157	-255.0643	0
49	6	903.8382	754.8252	0
49	7	458.4152	711.8809	0
49	8	-61.85631	666.6448	0
49	9	1091.188	-349.471	0
49	10	-104.8993	675.0273	0
49	11	-73.6059	-308.6393	0
49	12	969.5885	716.5852	0
49	13	455.6968	-285.0921	0
49	14	-167.085	291.1631	0
49	15	526.6685	791.4902	0
49	16	1043.899	202.5876	0
50	1	-112.8846	291.9877	0
50	2	-175.2875	-379.781	0
50	3	1054.588	290.8989	0
50	4	1064.911	-333.1711	0
50	5	405.4178	-254.3051	0
50	6	902.7759	754.3136	0
50	7	458.3761	710.7024	0
50	8	-61.66796	664.8584	0
50	9	1090.758	-348.5857	0
50	10	-103.9064	674.655	0
50	11	-72.84727	-307.8878	0
50	12	969.0967	715.6581	0
50	13	456.4344	-284.376	0
50	14	-166.2347	290.0231	0
50	15	527.2868	790.8306	0
50	16	1043.116	202.2303	0
51	1	-111.3959	294.0922	0
51	2	-174.7113	-378.751	0
51	3	1053.734	290.0835	0
51	4	1064.221	-332.0626	0
51	5	406.3209	-253.5452	0
51	6	901.7125	753.8014	0
51	7	458.3369	709.5227	0
51	8	-61.44314	662.7402	0
51	9	1090.325	-347.6888	0
51	10	-102.9047	674.2802	0
51	11	-72.07727	-307.1249	0
51	12	968.5965	714.7148	0
51	13	457.1874	-283.6452	0
51	14	-165.173	288.553	0
51	15	527.931	790.1433	0
51	16	1042.293	201.8549	0
51	17	-116.5683	-382.2957	0
52	1	-109.7914	296.3682	0
52	2	-174.1345	-377.72	0
52	3	1052.88	289.2673	0
52	4	1063.535	-330.9462	0
52	5	407.2248	-252.7846	0
52	6	900.6482	753.2889	0
52	7	458.2976	708.342	0
52	8	-61.18615	660.3341	0
52	9	1089.889	-346.7819	0
52	10	-101.8953	673.9037	0
52	11	-71.29734	-306.3522	0
52	12	968.0885	713.7573	0
52	13	457.9536	-282.9014	0
52	14	-163.9277	286.7969	0
52	15	528.5977	789.432	0
52	16	1041.436	201.4637	0
52	17	-116.3612	-382.0847	0
52	18	1044.349	-370.2123	0
53	1	-109.249	297.1435	0
53	2	-173.5574	-376.6882	0
53	3	1052.025	288.4506	0
53	4	1062.851	-329.8236	0
53	5	408.1294	-252.0234	0
53	6	899.5829	752.7759	0
53	7	458.2585	707.1603	0
53	8	-60.90087	657.6781	0
53	9	1089.448	-345.866	0
53	10	-100.8791	673.526	0
53	11	-70.50887	-305.5711	0
53	12	967.5742	712.7875	0
53	13	458.7313	-282.1465	0
53	14	-162.5232	284.7931	0
53	15	529.2839	788.7001	0
53	16	1040.549	201.0588	0
53	17	-116.0707	-381.7886	0
53	18	1043.965	-370.045	0
54	1	-108.4645	298.2668	0
54	2	-172.9798	-375.6556	0
54	3	1051.17	287.6333	0
54	4	1062.17	-328.696	0
54	5	409.0346	-251.2616	0
54	6	898.517	752.2626	0
54	7	458.2192	705.9779	0
54	8	-60.59084	654.8051	0
54	9	1089.004	-344.9424	0
54	10	-99.85665	673.1475	0
54	11	-69.71295	-304.7826	0
54	12	967.054	711.8069	0
54	13	459.5191	-281.3818	0
54	14	-160.9805	282.5749	0
54	15	529.9869	787.9501	0
54	16	1039.637	200.6422	0
54	17	-115.7079	-381.419	0
54	18	1043.486	-369.8352	0
55	1	-107.4822	299.6967	0
55	2	-172.4019	-374.6226	0
55	3	1050.314	286.8155	0
55	4	1061.491	-327.5649	0
55	5	409.9404	-250.4995	0
55	6	897.4505	751.749	0
55	7	458.1799	704.7949	0
55	8	-60.48549	653.8398	0
55	9	1088.557	-344.0123	0
55	10	-98.82893	672.7686	0
55	11	-68.91067	-303.9878	0
55	12	966.5291	710.8173	0
55	13	460.3154	-280.6088	0
55	14	-159.3177	280.1708	0
55	15	530.7045	787.1846	0
55	16	1038.702	200.2153	0
55	17	-115.2826	-380.9855	0
55	18	1042.925	-369.5878	0
55	19	481.4205	-373.8105	0
56	1	-106.3283	301.3919	0
56	2	-171.8237	-373.589	0
56	3	1049.458	285.9973	0
56	4	1060.814	-326.431	0
56	5	410.8466	-249.7369	0
56	6	896.3834	751.2352	0
56	7	458.1406	703.6112	0
56	8	-60.33075	652.4316	0
56	9	1088.106	-343.0764	0
56	10	-97.79685	672.39	0
56	11	-68.10276	-303.1874	0
56	12	965.9999	709.8195	0
56	13	461.1193	-279.8284	0
56	14	-158.7663	279.3638	0
56	15	531.4348	786.4054	0
56	16	1037.747	199.7796	0
56	17	-114.803	-380.4968	0
56	18	1042.295	-369.3074	0
56	19	481.5417	-373.5407	0
57	1	-105.0252	303.3169	0
57	2	-171.2453	-372.5549	0
57	3	1048.601	285.1787	0
57	4	1060.137	-325.2955	0
57	5	411.7532	-248.974	0
57	6	895.316	750.7211	0
57	7	458.1012	702.427	0
57	8	-60.13297	650.6389	0
57	9	1087.651	-342.1356	0
57	10	-96.76078	672.0117	0
57	11	-67.28999	-302.3823	0
57	12	965.467	708.8148	0
57	13	461.9296	-279.0417	0
57	14	-157.974	278.1765	0
57	15	532.1761	785.6146	0
57	16	1036.776	199.3362	0
57	17	-114.2764	-379.9603	0
57	18	1041.605	-368.9975	0
57	19	481.7118	-373.1625	0
58	1	-103.5922	305.4406	0
58	2	-170.6666	-371.5204	0
58	3	1047.744	284.3599	0
58	4	1059.463	-324.1591	0
58	5	412.6601	-248.2108	0
58	6	894.248	750.2068	0
58	7	458.0619	701.2423	0
58	8	-59.89771	648.5129	0
58	9	1087.193	-341.1907	0
58	10	-95.72103	671.6339	0
58	11	-66.47312	-301.5729	0
58	12	964.9309	707.8042	0
58	13	462.7456	-278.2497	0
58	14	-156.9559	276.6381	0
58	15	532.9268	784.8137	0
58	16	1035.79	198.886	0
58	17	-113.7091	-379.3821	0
58	18	1040.863	-368.6614	0
58	19	481.924	-372.69	0
58	20	-168.2426	292.3156	0
59	1	-102.0461	307.7362	0
59	2	-170.0878	-370.4855	0
59	3	1046.887	283.5407	0
59	4	1058.788	-323.0226	0
59	5	413.5674	-247.4474	0
59	6	893.1797	749.6923	0
59	7	458.0225	700.0573	0
59	8	-59.62981	646.0977	0
59	9	1086.731	-340.2422	0
59	10	-94.67747	671.2567	0
59	11	-65.65257	-300.76	0
59	12	964.3922	706.7882	0
59	13	463.5665	-277.4528	0
59	14	-155.7434	274.7959	0
59	15	533.6859	784.0039	0
59	16	1034.791	198.4302	0
59	17	-113.1064	-378.7679	0
59	18	1040.077	-368.3018	0
59	19	482.173	-372.1362	0
59	20	-167.2025	292.5392	0
60	1	-101.5327	308.5241	0
60	2	-169.5088	-369.4504	0
60	3	1046.029	282.7213	0
60	4	1058.115	-321.8864	0
60	5	414.4749	-246.6837	0
60	6	892.1111	749.1777	0
60	7	457.9831	698.8718	0
60	8	-59.33387	643.4318	0
60	9	1086.266	-339.291	0
60	10	-93.63	670.88	0
60	11	-64.82887	-299.9441	0
60	12	963.851	705.7679	0
60	13	464.3916	-276.6519	0
60	14	-154.3639	272.6909	0
60	15	534.452	783.1866	0
60	16	1033.781	197.9693	0
60	17	-112.4731	-378.1226	0
60	18	1039.253	-367.9213	0
60	19	482.4537	-371.5116	0
60	20	-165.7465	292.8706	0
61	1	-100.7952	309.6662	0
61	2	-168.9296	-368.4151	0
61	3	1045.172	281.9018	0
61	4	1057.442	-320.7512	0
61	5	415.3825	-245.9199	0
61	6	891.0422	748.663	0
61	7	457.9438	697.6863	0
61	8	-59.01379	640.5487	0
61	9	1085.796	-338.3372	0
61	10	-92.57829	670.5035	0
61	11	-64.00244	-299.1253	0
61	12	963.3076	704.7435	0
61	13	465.2203	-275.8474	0
61	14	-152.8414	270.359	0
61	15	535.2244	782.3626	0
61	16	1032.762	197.5041	0
61	17	-111.8133	-377.4503	0
61	18	1038.398	-367.5216	0
61	19	482.7619	-370.8259	0
61	20	-163.9282	293.2944	0
61	21	-124.8661	735.0721	0
62	1	-99.86325	311.115	0
62	2	-168.3503	-367.3795	0
62	3	1044.314	281.082	0
62	4	1056.77	-319.6176	0
62	5	416.2905	-245.1558	0
62	6	889.9731	748.1481	0
62	7	457.9044	696.5002	0
62	8	-58.90685	639.5826	0
62	9	1085.323	-337.3813	0
62	10	-91.52293	670.1274	0
62	11	-63.17366	-298.3043	0
62	12	962.7626	703.7159	0
62	13	466.0523	-275.0398	0
62	14	-152.2997	269.5208	0
62	15	536.0021	781.5328	0
62	16	1031.735	197.0351	0
62	17	-111.1305	-376.7544	0
62	18	1037.515	-367.1052	0
62	19	483.0939	-370.087	0
62	20	-161.7983	293.8111	0
62	21	-124.7287	734.8103	0
63	1	-98.76242	312.8294	0
63	2	-167.7709	-366.3436	0
63	3	1043.456	280.2621	0
63	4	1056.099	-318.4858	0
63	5	417.1986	-244.3917	0
63	6	888.9039	747.6332	0
63	7	457.865	695.3142	0
63	8	-58.75063	638.1726	0
63	9	1084.847	-336.4232	0
63	10	-90.46428	669.7519	0
63	11	-62.34286	-297.4811	0
63	12	962.2159	702.6853	0
63	13	466.887	-274.2296	0
63	14	-151.5067	268.2876	0
63	15	536.7845	780.6982	0
63	16	1030.7	196.5628	0
63	17	-110.4277	-376.0383	0
63	18	1036.607	-366.6736	0
63	19	483.4467	-369.3022	0
63	20	-159.3968	294.408	0
63	21	-124.5359	734.4431	0
64	1	-97.51472	314.7737	0
64	2	-167.1914	-365.3077	0
64	3	1042.597	279.4421	0
64	4	1055.427	-317.3561	0
64	5	418.1068	-243.6274	0
64	6	887.8345	747.1182	0
64	7	457.8256	694.1278	0
64	8	-58.55169	636.3778	0
64	9	1084.368	-335.4634	0
64	10	-89.40241	669.3766	0
64	11	-61.51023	-296.6563	0
64	12	961.6679	701.6521	0
64	13	467.7241	-273.4169	0
64	14	-150.4974	266.7125	0
64	15	537.5709	779.8592	0
64	16	1029.66	196.0878	0
64	17	-109.7077	-375.3046	0
64	18	1035.68	-366.2282	0
64	19	483.8173	-368.4775	0
64	20	-156.7624	295.0861	0
64	21	-124.2952	733.9846	0
64	22	951.2699	791.4491	0
65	1	-96.13924	316.9169	0
65	2	-166.6118	-364.2717	0
65	3	1041.739	278.622	0
65	4	1054.756	-316.229	0
65	5	419.0151	-242.863	0
65	6	886.7648	746.603	0
65	7	457.7862	692.9413	0
65	8	-58.3158	634.2496	0
65	9	1083.886	-334.5019	0
65	10	-88.3372	669.0016	0
65	11	-60.67609	-295.83	0
65	12	961.1188	700.6167	0
65	13	468.5632	-272.6023	0
65	14	-149.3024	264.8421	0
65	15	538.3608	779.0165	0
65	16	1028.614	195.6103	0
65	17	-108.9728	-374.5555	0
65	18	1034.735	-365.7706	0
65	19	484.2035	-367.6183	0
65	20	-153.9293	295.8456	0
65	21	-124.0129	733.4469	0
65	22	951.1425	791.1823	0
66	1	-94.66502	319.2365	0
66	2	-166.0322	-363.2354	0
66	3	1040.881	277.8017	0
66	4	1054.085	-315.1046	0
66	5	419.9236	-242.0986	0
66	6	885.6952	746.0879	0
66	7	457.7468	691.7546	0
66	8	-58.04803	631.8328	0
66	9	1083.402	-333.5389	0
66	10	-87.26842	668.6261	0
66	11	-59.84059	-295.0023	0
66	12	960.5686	699.5795	0
66	13	469.4042	-271.786	0
66	14	-147.9475	262.7174	0
66	15	539.1537	778.1707	0
66	16	1027.563	195.1306	0
66	17	-108.2248	-373.7934	0
66	18	1033.775	-365.3018	0
66	19	484.6031	-366.7291	0
66	20	-153.0004	296.1303	0
66	21	-123.6946	732.8407	0
66	22	950.9637	790.808	0
67	1	-94.17071	320.0326	0
67	2	-165.4525	-362.1991	0
67	3	1040.022	276.9814	0
67	4	1053.414	-313.983	0
67	5	420.8322	-241.334	0
67	6	884.6253	745.5726	0
67	7	457.7074	690.5679	0
67	8	-57.7529	629.1661	0
67	9	1082.916	-332.5746	0
67	10	-86.19576	668.2496	0
67	11	-59.00397	-294.1735	0
67	12	960.0175	698.5405	0
67	13	470.2467	-270.9682	0
67	14	-146.466	260.3681	0
67	15	539.9493	777.3219	0
67	16	1026.508	194.6492	0
67	17	-107.4656	-373.0197	0
67	18	1032.802	-364.8228	0
67	19	485.0144	-365.8139	0
67	20	-151.6487	296.5571	0
67	21	-123.3451	732.175	0
67	22	950.7404	790.3408	0
68	1	-93.46104	321.1841	0
68	2	-164.8728	-361.1628	0
68	3	1039.164	276.161	0
68	4	1052.743	-312.8647	0
68	5	421.7408	-240.5695	0
68	6	883.5554	745.0574	0
68	7	457.6679	689.381	0
68	8	-57.43425	626.2839	0
68	9	1082.427	-331.6089	0
68	10	-85.11903	667.8715	0
68	11	-58.16634	-293.3437	0
68	12	959.4656	697.5001	0
68	13	471.0905	-270.149	0
68	14	-145.9474	259.5274	0
68	15	540.7471	776.4707	0
68	16	1025.45	194.1661	0
68	17	-106.6966	-372.2362	0
68	18	1031.819	-364.3351	0
68	19	485.4359	-364.8763	0
68	20	-149.9355	297.1184	0
68	21	-122.9686	731.4578	0
68	22	950.4786	789.7928	0
69	1	-92.56595	322.6436	0
69	2	-164.293	-360.1262	0
69	3	1038.32	275.3268	0
69	4	1052.073	-311.7491	0
69	5	422.6495	-239.8048	0
69	6	882.4854	744.5421	0
69	7	457.6285	688.1941	0
69	8	-57.3282	625.3199	0
69	9	1081.937	-330.6421	0
69	10	-84.0386	667.4918	0
69	11	-57.32777	-292.5129	0
69	12	958.9131	696.4585	0
69	13	471.9355	-269.3288	0
69	14	-145.1912	258.2941	0
69	15	541.5469	775.6175	0
69	16	1024.388	193.6816	0
69	17	-105.9193	-371.444	0
69	18	1030.832	-363.8427	0
69	19	485.866	-363.9191	0
69	20	-147.9083	297.7946	0
69	21	-122.5686	730.6959	0
69	22	950.1834	789.175	0
69	23	1018.797	294.9891	0
70	1	-91.51211	324.3696	0
70	2	-163.6855	-359.0488	0
70	3	1037.488	274.4802	0
70	4	1051.402	-310.636	0
70	5	423.5583	-239.0401	0
70	6	881.4153	744.0268	0
70	7	457.5891	687.0071	0
70	8	-57.17361	623.9141	0
70	9	1081.444	-329.6741	0
70	10	-82.95481	667.1108	0
70	11	-56.48855	-291.6815	0
70	12	958.3602	695.4158	0
70	13	472.7815	-268.5075	0
70	14	-144.2292	256.7219	0
70	15	542.3484	774.7624	0
70	16	1023.325	193.196	0
70	17	-105.1346	-370.6443	0
70	18	1029.843	-363.3465	0
70	19	486.3037	-362.9451	0
70	20	-145.6144	298.5807	0
70	21	-122.1483	729.8954	0
70	22	949.8594	788.4967	0
70	23	1018.544	295.2046	0
70	24	990.4943	-345.7925	0
17	1	-126.8861	255.7502	0
18	1	-126.2341	256.4644	0
18	2	-109.2822	-273.0284	0
19	1	-125.3314	257.4714	0
19	2	-108.9778	-272.7466	0
19	3	1081.141	212.9752	0
20	1	-124.2112	258.7321	0
20	2	-108.5977	-272.3949	0
20	3	1080.623	212.9892	0
20	4	1009.468	-372.9651	0
21	1	-122.9021	260.2122	0
21	2	-108.152	-271.9824	0
21	3	1080.016	213.0057	0
21	4	1009.202	-372.4191	0
21	5	414.6843	-373.9307	0
22	1	-121.4287	261.8819	0
22	2	-107.6495	-271.5173	0
22	3	1079.332	213.0243	0
22	4	1008.902	-371.8035	0
22	5	414.4012	-373.3073	0
22	6	1013.037	686.902	0
17	1	-176.7054	301.6028	0
18	1	-176.1813	301.2333	0
18	2	-199.638	-375.72	0
17	1	-147.3664	224.1862	0
18	1	-146.7579	225.0774	0
18	2	-148.8389	-393.1629	0
17	1	-129.5577	232.7791	0
18	1	-128.9675	231.9213	0
18	2	-189.5294	-280.6942	0
17	1	-212.4398	285.1424	0
18	1	-212.1975	285.312	0
18	2	-146.1001	-274.799	0
19	1	-211.8578	285.5499	0
19	2	-145.7913	-274.522	0
19	3	1006.478	276.3846	0
20	1	-211.4336	285.8469	0
20	2	-145.4058	-274.1763	0
20	3	1006.114	276.0166	0
20	4	1032.089	-320.7319	0
21	1	-210.9361	286.1951	0
21	2	-144.9536	-273.7709	0
21	3	1005.686	275.5852	0
21	4	1031.804	-320.1957	0
21	5	415.1302	-328.3714	0
22	1	-210.3752	286.5878	0
22	2	-144.4439	-273.3137	0
22	3	1005.205	275.0987	0
22	4	1031.482	-319.5911	0
22	5	415.4513	-327.7666	0
22	6	1022.73	712.996	0
23	1	-209.7593	287.019	0
23	2	-143.8842	-272.8117	0
23	3	1004.675	274.5646	0
23	4	1031.129	-318.9272	0
23	5	415.8039	-327.1026	0
23	6	1022.031	712.7184	0
23	7	401.6004	753.8347	0
24	1	-209.0957	287.4836	0
24	2	-143.2811	-272.2709	0
24	3	1004.105	273.9891	0
24	4	1030.749	-318.2119	0
24	5	416.1838	-326.3871	0
24	6	1021.279	712.4194	0
24	7	401.6178	753.025	0
24	8	-112.4368	715.1014	0
25	1	-208.3908	287.9771	0
25	2	-142.6405	-271.6964	0
25	3	1003.5	273.3777	0
25	4	1030.346	-317.4521	0
25	5	416.5873	-325.6272	0
25	6	1020.479	712.1018	0
25	7	401.6362	752.1647	0
25	8	-112.038	714.3391	0
26	1	-207.6501	288.4956	0
26	2	-141.9674	-271.0927	0
26	3	1002.864	272.7354	0
26	4	1029.921	-316.6537	0
26	5	417.0113	-324.8286	0
26	6	1019.639	711.768	0
26	7	401.6556	751.2607	0
26	8	-111.6189	713.5378	0
27	1	-206.8784	289.0359	0
27	2	-141.2661	-270.4638	0
27	3	1002.201	272.0661	0
27	4	1029.479	-315.8217	0
27	5	417.4531	-323.9965	0
27	6	1018.763	711.4202	0
27	7	401.6758	750.319	0
27	8	-111.1822	712.7031	0
28	1	-206.0798	289.595	0
28	2	-140.5403	-269.8129	0
28	3	1001.515	271.3735	0
28	4	1029.022	-314.9608	0
28	5	417.9103	-323.1355	0
28	6	1017.857	711.0603	0
28	7	401.6967	749.3442	0
28	8	-110.7303	711.8394	0
29	1	-205.258	290.1704	0
29	2	-139.7934	-269.143	0
29	3	1000.809	270.6606	0
29	4	1028.551	-314.0749	0
29	5	418.3808	-322.2493	0
29	6	1016.925	710.6899	0
29	7	401.7182	748.3412	0
29	8	-110.2652	710.9503	0
30	1	-204.4159	290.7599	0
30	2	-139.0281	-268.4567	0
30	3	1000.085	269.9303	0
30	4	1028.068	-313.1671	0
30	5	418.8629	-321.3415	0
30	6	1015.969	710.3104	0
30	7	401.7402	747.3135	0
30	8	-109.7888	710.0394	0
31	1	-203.5562	291.3618	0
31	2	-138.2469	-267.7561	0
31	3	999.3467	269.1848	0
31	4	1027.576	-312.2405	0
31	5	419.3551	-320.4147	0
31	6	1014.994	709.9231	0
31	7	401.7627	746.2644	0
31	8	-109.3024	709.1096	0
32	1	-202.6814	291.9742	0
32	2	-137.4519	-267.0432	0
32	3	998.5952	268.4261	0
32	4	1027.075	-311.2975	0
32	5	419.8559	-319.4716	0
32	6	1014.002	709.5289	0
32	7	401.7856	745.1968	0
32	8	-108.8074	708.1635	0
33	1	-201.7935	292.5958	0
33	2	-136.645	-266.3195	0
33	3	997.8323	267.6561	0
33	4	1026.566	-310.3404	0
33	5	420.3642	-318.5142	0
33	6	1012.994	709.1287	0
33	7	401.8088	744.1132	0
33	8	-108.305	707.2029	0
33	9	519.884	778.5618	0
34	1	-200.8942	293.2254	0
34	2	-135.8277	-265.5865	0
34	3	997.0598	266.8761	0
34	4	1026.051	-309.3709	0
34	5	420.879	-317.5446	0
34	6	1011.974	708.7234	0
34	7	401.8324	743.0155	0
34	8	-107.7962	706.2302	0
34	9	519.8582	778.2672	0
35	1	-199.985	293.8619	0
35	2	-135.0013	-264.8455	0
35	3	996.2788	266.0876	0
35	4	1025.53	-308.3908	0
35	5	421.3996	-316.5644	0
35	6	1010.942	708.3137	0
35	7	401.8561	741.9059	0
35	8	-107.2817	705.2467	0
35	9	519.822	777.854	0
36	1	-199.0672	294.5045	0
36	2	-134.1673	-264.0975	0
36	3	995.4879	265.2863	0
36	4	1025.005	-307.4015	0
36	5	421.925	-315.5748	0
36	6	1009.901	707.9001	0
36	7	401.8802	740.7858	0
36	8	-106.7624	704.254	0
36	9	519.7768	777.3381	0
36	10	1015.894	308.56	0
37	1	-197.7169	295.1179	0
37	2	-133.3265	-263.3434	0
37	3	994.6887	264.4746	0
37	4	1024.475	-306.4041	0
37	5	422.4546	-314.5774	0
37	6	1008.855	707.4838	0
37	7	401.9044	739.6566	0
37	8	-106.2389	703.2533	0
37	9	519.7238	776.7332	0
37	10	1015.603	308.5523	0
37	11	960.4001	699.6241	0
38	1	-196.0004	295.6937	0
38	2	-132.4798	-262.5842	0
38	3	993.8826	263.6545	0
38	4	1023.941	-305.3998	0
38	5	422.9879	-313.573	0
38	6	1007.806	707.0652	0
38	7	401.9288	738.5197	0
38	8	-105.7052	702.2331	0
38	9	519.6641	776.0511	0
38	10	1015.193	308.5405	0
38	11	960.1174	699.5112	0
38	12	-152.8696	291.2679	0
39	1	-193.9677	296.2373	0
39	2	-131.6282	-261.8203	0
39	3	993.071	262.8277	0
39	4	1023.404	-304.3896	0
39	5	423.5244	-312.5626	0
39	6	1006.753	706.6447	0
39	7	401.9533	737.376	0
39	8	-105.1629	701.1967	0
39	9	519.5984	775.3021	0
39	10	1014.682	308.5245	0
39	11	959.7202	699.3527	0
39	12	-152.1792	290.558	0
39	13	-122.6395	734.563	0
40	1	-191.6634	296.7408	0
40	2	-130.7721	-261.0524	0
40	3	992.2546	261.9958	0
40	4	1022.865	-303.3742	0
40	5	424.0638	-311.5469	0
40	6	1005.7	706.2225	0
40	7	401.978	736.2263	0
40	8	-104.6137	700.1469	0
40	9	519.5278	774.4951	0
40	10	1014.081	308.5044	0
40	11	959.2231	699.1545	0
40	12	-151.2145	289.5591	0
40	13	-122.3499	734.3107	0
40	14	-122.3514	-316.0911	0
41	1	-189.1266	297.1973	0
41	2	-129.9123	-260.2812	0
41	3	991.4347	261.1599	0
41	4	1022.323	-302.3542	0
41	5	424.6056	-310.5293	0
41	6	1004.645	705.7991	0
41	7	402.0027	735.0715	0
41	8	-104.0585	699.0858	0
41	9	519.4526	773.6381	0
41	10	1013.403	308.4801	0
41	11	958.6389	698.9221	0
41	12	-150.0111	288.3094	0
41	13	-121.9876	733.9946	0
41	14	-122.0513	-315.8048	0
41	15	421.2083	-260.0978	0
42	1	-186.3943	297.5883	0
42	2	-129.0491	-259.507	0
42	3	990.6115	260.321	0
42	4	1021.778	-301.3304	0
42	5	425.1496	-309.5106	0
42	6	1003.59	705.3745	0
42	7	402.0276	733.9123	0
42	8	-103.4988	698.0156	0
42	9	519.3738	772.7372	0
42	10	1012.658	308.4517	0
42	11	957.9791	698.6598	0
42	12	-148.5997	286.8418	0
42	13	-121.562	733.6227	0
42	14	-121.6765	-315.4475	0
42	15	421.4305	-259.8965	0
42	16	1002.392	-410.4297	0
43	1	-185.4722	297.6284	0
43	2	-128.183	-258.7303	0
43	3	989.7861	259.4803	0
43	4	1021.233	-300.3032	0
43	5	425.6958	-308.4916	0
43	6	1002.534	704.9489	0
43	7	402.0525	732.7493	0
43	8	-102.9352	696.9378	0
43	9	519.2916	771.7988	0
43	10	1011.854	308.4191	0
43	11	957.2531	698.3717	0
43	12	-147.0083	285.1857	0
43	13	-121.0813	733.202	0
43	14	-121.237	-315.0284	0
43	15	421.7421	-259.6134	0
43	16	1002.267	-410.1616	0
44	1	-184.1498	297.6219	0
44	2	-127.3146	-257.9514	0
44	3	988.959	258.6382	0
44	4	1020.685	-299.273	0
44	5	426.2437	-307.4728	0
44	6	1001.479	704.5226	0
44	7	402.0775	731.5829	0
44	8	-102.3686	695.8539	0
44	9	519.2065	770.8277	0
44	10	1010.999	308.3825	0
44	11	956.4699	698.0613	0
44	12	-145.261	283.3663	0
44	13	-120.5527	732.7386	0
44	14	-120.7415	-314.5558	0
44	15	422.131	-259.2589	0
44	16	1002.092	-409.7855	0
45	1	-182.484	297.563	0
45	2	-126.4439	-257.1705	0
45	3	988.1304	257.7956	0
45	4	1020.136	-298.2403	0
45	5	426.7934	-306.4547	0
45	6	1000.424	704.0957	0
45	7	402.1026	730.4137	0
45	8	-101.7996	694.765	0
45	9	519.119	769.8282	0
45	10	1010.1	308.3424	0
45	11	955.6368	697.7314	0
45	12	-143.3787	281.4057	0
45	13	-119.9821	732.2379	0
45	14	-120.1974	-314.0369	0
45	15	422.5868	-258.8419	0
45	16	1001.874	-409.316	0
46	1	-180.53	297.4348	0
46	2	-125.5714	-256.388	0
46	3	987.3008	256.9528	0
46	4	1019.586	-297.2054	0
46	5	427.3444	-305.4376	0
46	6	999.3694	703.6682	0
46	7	402.1277	729.2419	0
46	8	-101.2288	693.6721	0
46	9	519.0292	768.8042	0
46	10	1009.163	308.2992	0
46	11	954.7599	697.3846	0
46	12	-141.3913	279.317	0
46	13	-119.375	731.7045	0
46	14	-119.6112	-313.478	0
46	15	423.1006	-258.3705	0
46	16	1001.618	-408.7653	0
47	1	-178.3309	297.2352	0
47	2	-124.6972	-255.6039	0
47	3	986.4704	256.1098	0
47	4	1019.035	-296.1685	0
47	5	427.8969	-304.4217	0
47	6	998.3156	703.2402	0
47	7	402.1529	728.068	0
47	8	-100.5986	692.1535	0
47	9	518.9377	767.7589	0
47	10	1008.192	308.2533	0
47	11	953.8455	697.0232	0
47	12	-140.762	278.6409	0
47	13	-118.736	731.1421	0
47	14	-118.9885	-312.8842	0
47	15	423.6645	-257.8514	0
47	16	1001.329	-408.1445	0
48	1	-175.9259	296.9632	0
48	2	-123.8217	-254.8188	0
48	3	985.6393	255.2667	0
48	4	1018.483	-295.13	0
48	5	428.4504	-303.4073	0
48	6	997.2621	702.8119	0
48	7	402.1781	726.8923	0
48	8	-99.91722	690.2665	0
48	9	518.8445	766.6951	0
48	10	1007.193	308.205	0
48	11	952.898	696.649	0
48	12	-139.8595	277.6653	0
48	13	-118.0688	730.554	0
48	14	-118.3341	-312.2601	0
48	15	424.2719	-257.2906	0
48	16	1001.012	-407.4628	0
49	1	-173.4813	297.1771	0
49	2	-122.945	-254.0325	0
49	3	984.8073	254.4234	0
49	4	1017.931	-294.09	0
49	5	429.0051	-302.3945	0
49	6	996.2094	702.3832	0
49	7	402.2033	725.7148	0
49	8	-99.1918	688.061	0
49	9	518.75	765.6154	0
49	10	1006.169	308.1548	0
49	11	951.9221	696.264	0
49	12	-138.7195	276.4296	0
49	13	-117.3766	729.9424	0
49	14	-117.6524	-311.6099	0
49	15	424.917	-256.6935	0
49	16	1000.67	-406.7283	0
50	1	-170.8767	297.2432	0
50	2	-122.0672	-253.2452	0
50	3	983.9749	253.58	0
50	4	1017.378	-293.0488	0
50	5	429.5606	-301.3835	0
50	6	995.1571	701.9541	0
50	7	402.2286	724.5361	0
50	8	-98.4286	685.5803	0
50	9	518.6542	764.5217	0
50	10	1005.122	308.1029	0
50	11	950.9212	695.8693	0
50	12	-137.3733	274.9682	0
50	13	-116.6621	729.3095	0
50	14	-116.9469	-310.9372	0
50	15	425.5946	-256.0645	0
50	16	1000.308	-405.9481	0
51	1	-168.2718	297.7598	0
51	2	-121.1885	-252.4572	0
51	3	983.1419	252.7366	0
51	4	1016.824	-292.0066	0
51	5	430.117	-300.3743	0
51	6	994.1053	701.5249	0
51	7	402.2539	723.356	0
51	8	-97.63291	682.8626	0
51	9	518.5573	763.416	0
51	10	1004.058	308.0494	0
51	11	949.8988	695.4664	0
51	12	-135.8484	273.3109	0
51	13	-115.9278	728.6567	0
51	14	-116.2208	-310.2448	0
51	15	426.3004	-255.4075	0
51	16	999.9264	-405.1282	0
52	1	-165.6667	298.6678	0
52	2	-120.3091	-251.6684	0
52	3	982.3085	251.893	0
52	4	1016.269	-290.9634	0
52	5	430.6741	-299.3668	0
52	6	993.0542	701.0955	0
52	7	402.2792	722.175	0
52	8	-97.38779	681.9159	0
52	9	518.4596	762.2999	0
52	10	1002.977	307.9947	0
52	11	948.8578	695.0565	0
52	12	-134.1628	272.2443	0
52	13	-115.1762	727.9867	0
52	14	-115.4768	-309.5353	0
52	15	427.0308	-254.7261	0
52	16	999.5291	-404.274	0
53	1	-164.945	299.259	0
53	2	-119.4288	-250.879	0
53	3	981.4747	251.0493	0
53	4	1015.714	-289.9194	0
53	5	431.2318	-298.3611	0
53	6	992.0034	700.6658	0
53	7	402.3046	720.9929	0
53	8	-97.0414	680.5289	0
53	9	518.3611	761.1749	0
53	10	1001.882	307.9388	0
53	11	947.8004	694.6402	0
53	12	-132.3393	271.6906	0
53	13	-114.4095	727.3014	0
53	14	-114.7174	-308.8112	0
53	15	427.7823	-254.0233	0
53	16	999.118	-403.3901	0
54	1	-163.9708	300.2313	0
54	2	-118.5481	-250.0891	0
54	3	980.6406	250.2056	0
54	4	1015.159	-288.8746	0
54	5	431.7901	-297.3573	0
54	6	990.9531	700.236	0
54	7	402.3299	719.8102	0
54	8	-96.60732	678.7607	0
54	9	518.2618	760.042	0
54	10	1000.775	307.8819	0
54	11	946.7291	694.2185	0
54	12	-130.3977	271.5824	0
54	13	-113.6293	726.6022	0
54	14	-113.9446	-308.0742	0
54	15	428.5522	-253.3016	0
54	16	998.6949	-402.4804	0
55	1	-162.7771	301.5333	0
55	2	-117.6668	-249.2988	0
55	3	979.8062	249.3619	0
55	4	1014.604	-287.8293	0
55	5	432.3488	-296.3552	0
55	6	989.903	699.8061	0
55	7	402.3553	718.6267	0
55	8	-96.09726	676.663	0
55	9	518.162	758.9023	0
55	10	999.6568	307.8242	0
55	11	945.6454	693.7922	0
55	12	-128.3715	271.0949	0
55	13	-112.8373	725.89	0
55	14	-113.1602	-307.3262	0
55	15	429.3381	-252.5635	0
55	16	998.2614	-401.5482	0
56	1	-161.3916	303.1201	0
56	2	-116.7851	-248.508	0
56	3	978.9714	248.5181	0
56	4	1014.048	-286.7834	0
56	5	432.9077	-295.3549	0
56	6	988.853	699.376	0
56	7	402.3807	717.4426	0
56	8	-95.52139	674.2802	0
56	9	518.0616	757.7569	0
56	10	998.5298	307.7657	0
56	11	944.5514	693.3619	0
56	12	-126.2733	270.2798	0
56	13	-112.0345	725.1658	0
56	14	-112.3657	-306.5685	0
56	15	430.1378	-251.8108	0
56	16	997.8188	-400.5968	0
57	1	-159.8383	304.9525	0
57	2	-115.903	-247.7169	0
57	3	978.1365	247.6742	0
57	4	1013.492	-285.7371	0
57	5	433.467	-294.3564	0
57	6	987.8033	698.9458	0
57	7	402.4061	716.2581	0
57	8	-94.88863	671.6517	0
57	9	517.9609	756.6062	0
57	10	997.3948	307.7066	0
57	11	943.4482	692.9281	0
57	12	-124.1092	269.954	0
57	13	-111.2223	724.4305	0
57	14	-111.5625	-305.8027	0
57	15	430.9496	-251.0453	0
57	16	997.3685	-399.6285	0
58	1	-158.1498	307.0035	0
58	2	-115.0206	-246.9256	0
58	3	977.3015	246.8303	0
58	4	1012.936	-284.6904	0
58	5	434.0265	-293.3594	0
58	6	986.7537	698.5155	0
58	7	402.4315	715.073	0
58	8	-94.20641	668.8113	0
58	9	517.8597	755.4512	0
58	10	996.2386	307.6469	0
58	11	942.3374	692.4913	0
58	12	-121.8893	270.0532	0
58	13	-110.4019	723.6859	0
58	14	-110.7517	-305.0295	0
58	15	431.7719	-250.2686	0
58	16	996.9114	-398.6457	0
58	17	1032.776	307.599	0
59	1	-156.3426	309.243	0
59	2	-114.1378	-246.1339	0
59	3	976.4662	245.9864	0
59	4	1012.379	-283.6433	0
59	5	434.5861	-292.3641	0
59	6	985.7043	698.0852	0
59	7	402.4569	713.8875	0
59	8	-93.9798	667.8638	0
59	9	517.7582	754.2924	0
59	10	995.0649	307.5868	0
59	11	941.2195	692.0518	0
59	12	-119.622	270.5219	0
59	13	-109.5745	722.9332	0
59	14	-109.9344	-304.2501	0
59	15	432.6032	-249.4819	0
59	16	996.4484	-397.6502	0
59	17	1032.594	307.3881	0
59	18	457.5475	790.1313	0
60	1	-155.7488	310.0118	0
60	2	-113.2548	-245.342	0
60	3	975.6309	245.1425	0
60	4	1011.823	-282.596	0
60	5	435.1458	-291.3705	0
60	6	984.6547	697.6547	0
60	7	402.4824	712.7017	0
60	8	-93.64916	666.4803	0
60	9	517.6565	753.1302	0
60	10	993.8766	307.5263	0
60	11	940.096	691.6101	0
60	12	-117.3307	270.534	0
60	13	-108.741	722.1733	0
60	14	-109.1114	-303.4652	0
60	15	433.4426	-248.6865	0
60	16	995.9805	-396.6439	0
60	17	1032.336	307.0923	0
60	18	457.8507	789.8483	0
61	1	-154.8881	311.1379	0
61	2	-112.3717	-244.55	0
61	3	974.7953	244.2985	0
61	4	1011.266	-281.5485	0
61	5	435.7054	-290.3782	0
61	6	983.6052	697.2241	0
61	7	402.5078	711.5157	0
61	8	-93.22816	664.7191	0
61	9	517.5544	751.9651	0
61	10	992.6765	307.4656	0
61	11	938.9676	691.1665	0
61	12	-115.0149	270.934	0
61	13	-107.9022	721.4074	0
61	14	-108.2835	-302.6757	0
61	15	434.289	-247.8833	0
61	16	995.508	-395.6281	0
61	17	1032.013	306.7229	0
61	18	458.2292	789.4949	0
62	1	-153.7958	312.5734	0
62	2	-111.4883	-243.7578	0
62	3	973.9598	243.4545	0
62	4	1010.709	-280.5006	0
62	5	436.265	-289.3875	0
62	6	982.5554	696.7935	0
62	7	402.5332	710.3293	0
62	8	-92.72872	662.6306	0
62	9	517.4522	750.7976	0
62	10	991.4666	307.4047	0
62	11	937.8349	690.7211	0
62	12	-112.6776	271.6701	0
62	13	-107.0587	720.6361	0
62	14	-107.4513	-301.8821	0
62	15	435.1414	-247.0733	0
62	16	995.0317	-394.6039	0
62	17	1031.632	306.2896	0
62	18	458.6731	789.0804	0
63	1	-152.5027	314.2768	0
63	2	-110.6047	-242.9654	0
63	3	973.124	242.6105	0
63	4	1010.152	-279.4525	0
63	5	436.8278	-288.3962	0
63	6	981.5054	696.3628	0
63	7	402.5587	709.1428	0
63	8	-92.16089	660.2583	0
63	9	517.3497	749.628	0
63	10	990.249	307.3439	0
63	11	936.6984	690.2743	0
63	12	-110.3214	272.6972	0
63	13	-106.2114	719.8602	0
63	14	-106.6154	-301.085	0
63	15	435.9992	-246.2571	0
63	16	994.5521	-393.5728	0
63	17	1031.201	305.8008	0
63	18	459.1736	788.6132	0
63	19	393.2846	-313.8639	0
64	1	-151.035	316.2121	0
64	2	-109.7211	-242.1729	0
64	3	972.2884	241.7665	0
64	4	1009.595	-278.4044	0
64	5	437.3929	-287.405	0
64	6	980.4554	695.9319	0
64	7	402.5841	707.9561	0
64	8	-91.53349	657.6403	0
64	9	517.2471	748.4564	0
64	10	989.0253	307.2831	0
64	11	935.559	689.8263	0
64	12	-107.967	273.1884	0
64	13	-105.3606	719.0803	0
64	14	-105.7763	-300.2848	0
64	15	436.8617	-245.4355	0
64	16	994.0698	-392.5354	0
64	17	1030.726	305.2639	0
64	18	459.7231	788.1002	0
64	19	393.4978	-313.6664	0
17	1	-206.7738	297.4673	0
18	1	-206.4782	297.4592	0
18	2	-150.749	-393.4036	0
19	1	-206.0636	297.4479	0
19	2	-150.4554	-393.1105	0
19	3	1024.439	248.1812	0
20	1	-205.546	297.4337	0
20	2	-150.0889	-392.7446	0
20	3	1024.06	247.828	0
20	4	1066.922	-305.5556	0
21	1	-204.939	297.4171	0
21	2	-149.659	-392.3157	0
21	3	1023.616	247.4139	0
21	4	1066.62	-305.0284	0
21	5	390.2099	-358.8547	0
22	1	-204.2545	297.3984	0
22	2	-149.1744	-391.832	0
22	3	1023.115	246.947	0
22	4	1066.28	-304.4341	0
22	5	389.753	-358.3447	0
22	6	942.9025	752.1722	0
23	1	-203.5029	297.3779	0
23	2	-148.6422	-391.3008	0
23	3	1022.565	246.4343	0
23	4	1065.907	-303.7814	0
23	5	389.2514	-357.7845	0
23	6	942.573	751.4966	0
23	7	395.758	774.8374	0
24	1	-202.6932	297.3557	0
24	2	-148.0689	-390.7287	0
24	3	1021.972	245.8819	0
24	4	1065.505	-303.0782	0
24	5	388.711	-357.1812	0
24	6	942.218	750.7685	0
24	7	396.1675	774.1384	0
24	8	-59.59874	656.4141	0
25	1	-201.8331	297.3322	0
25	2	-147.4599	-390.1208	0
25	3	1021.343	245.2951	0
25	4	1065.078	-302.3312	0
25	5	388.137	-356.5402	0
25	6	941.8409	749.9951	0
25	7	396.6025	773.396	0
25	8	-58.78997	656.1203	0
26	1	-200.9293	297.3075	0
26	2	-146.8199	-389.4821	0
26	3	1020.682	244.6786	0
26	4	1064.629	-301.5463	0
26	5	387.5338	-355.8666	0
26	6	941.4446	749.1824	0
26	7	397.0595	772.6158	0
26	8	-57.94008	655.8116	0
27	1	-199.9876	297.2817	0
27	2	-146.1531	-388.8166	0
27	3	1019.993	244.0362	0
27	4	1064.161	-300.7286	0
27	5	386.9053	-355.1649	0
27	6	941.0317	748.3356	0
27	7	397.5358	771.8031	0
27	8	-57.0546	655.4901	0
28	1	-199.013	297.2551	0
28	2	-145.4631	-388.128	0
28	3	1019.28	243.3714	0
28	4	1063.677	-299.8823	0
28	5	386.2549	-354.4387	0
28	6	940.6046	747.4593	0
28	7	398.0285	770.9619	0
28	8	-56.13832	655.1573	0
29	1	-198.0101	297.2276	0
29	2	-144.7529	-387.4192	0
29	3	1018.546	242.6872	0
29	4	1063.179	-299.0114	0
29	5	385.5855	-353.6913	0
29	6	940.1649	746.5575	0
29	7	398.5357	770.0963	0
29	8	-55.1953	654.8148	0
30	1	-196.9825	297.1996	0
30	2	-144.0253	-386.6929	0
30	3	1017.794	241.9862	0
30	4	1062.669	-298.1189	0
30	5	384.8997	-352.9257	0
30	6	939.7144	745.6334	0
30	7	399.0554	769.2093	0
30	8	-54.22903	654.4639	0
31	1	-195.9336	297.1709	0
31	2	-143.2826	-385.9517	0
31	3	1017.027	241.2706	0
31	4	1062.148	-297.208	0
31	5	384.1996	-352.1439	0
31	6	939.2545	744.6902	0
31	7	399.5858	768.3039	0
31	8	-53.24271	654.1057	0
32	1	-194.8661	297.1417	0
32	2	-142.5268	-385.1974	0
32	3	1016.246	240.5424	0
32	4	1061.618	-296.281	0
32	5	383.4872	-351.3484	0
32	6	938.7865	743.7305	0
32	7	400.1256	767.3824	0
32	8	-52.239	653.7411	0
33	1	-193.7826	297.112	0
33	2	-141.7596	-384.4318	0
33	3	1015.453	239.8033	0
33	4	1061.08	-295.3401	0
33	5	382.7641	-350.541	0
33	6	938.3115	742.7562	0
33	7	400.6736	766.4473	0
33	8	-51.2202	653.3711	0
34	1	-192.6851	297.082	0
34	2	-140.9826	-383.6562	0
34	3	1014.65	239.0546	0
34	4	1060.535	-294.387	0
34	5	382.0317	-349.7232	0
34	6	937.8303	741.7695	0
34	7	401.2285	765.5001	0
34	8	-50.18832	652.9963	0
35	1	-191.5757	297.0517	0
35	2	-140.197	-382.8721	0
35	3	1013.838	238.2978	0
35	4	1059.984	-293.4236	0
35	5	381.2912	-348.8965	0
35	6	937.3439	740.7719	0
35	7	401.7896	764.5425	0
35	8	-49.14515	652.6176	0
35	9	463.6367	782.0068	0
36	1	-190.4557	297.0211	0
36	2	-139.4041	-382.0807	0
36	3	1013.019	237.5338	0
36	4	1059.428	-292.451	0
36	5	380.5438	-348.0619	0
36	6	936.853	739.7648	0
36	7	402.3559	763.5758	0
36	8	-48.09209	652.2351	0
36	9	463.7736	781.7446	0
37	1	-189.3268	296.9902	0
37	2	-138.6047	-381.2829	0
37	3	1012.193	236.7637	0
37	4	1058.867	-291.4706	0
37	5	379.7903	-347.2206	0
37	6	936.3581	738.7496	0
37	7	402.9268	762.6013	0
37	8	-47.03061	651.8495	0
37	9	463.9656	781.377	0
37	10	1013.021	-335.2294	0
38	1	-188.19	296.9591	0
38	2	-137.7998	-380.4796	0
38	3	1011.361	235.9882	0
38	4	1058.303	-290.4835	0
38	5	379.0316	-346.3734	0
38	6	935.8597	737.7274	0
38	7	403.5016	761.6201	0
38	8	-45.96167	651.4613	0
38	9	464.2054	780.918	0
38	10	1012.757	-335.0974	0
39	1	-187.0463	296.9278	0
39	2	-136.99	-379.6714	0
39	3	1010.524	235.208	0
39	4	1057.735	-289.4903	0
39	5	378.2684	-345.5212	0
39	6	935.3583	736.6992	0
39	7	404.08	760.6331	0
39	8	-44.88637	651.0708	0
39	9	464.4866	780.3798	0
39	10	1012.386	-334.912	0
40	1	-185.8969	296.8964	0
40	2	-136.1761	-378.8591	0
40	3	1009.683	234.4239	0
40	4	1057.164	-288.4921	0
40	5	377.5013	-344.6646	0
40	6	934.8544	735.6655	0
40	7	404.6613	759.6409	0
40	8	-43.80552	650.6782	0
40	9	464.8037	779.7728	0
40	10	1011.922	-334.6808	0
41	1	-184.7423	296.8648	0
41	2	-135.3636	-378.0652	0
41	3	1008.838	233.6362	0
41	4	1056.591	-287.4894	0
41	5	376.7307	-343.8042	0
41	6	934.3483	734.6273	0
41	7	405.2451	758.6442	0
41	8	-42.71986	650.284	0
41	9	465.1518	779.1064	0
41	10	1011.379	-334.4094	0
41	11	-130.6459	-355.0372	0
42	1	-183.5833	296.8331	0
42	2	-134.5519	-377.288	0
42	3	1007.99	232.8456	0
42	4	1056.015	-286.4829	0
42	5	375.9572	-342.9405	0
42	6	933.8401	733.5851	0
42	7	405.8312	757.6438	0
42	8	-41.63005	649.8882	0
42	9	465.5268	778.3884	0
42	10	1010.766	-334.1036	0
42	11	-130.4267	-354.7867	0
42	12	-86.14272	792.6622	0
43	1	-182.4204	296.8013	0
43	2	-133.7407	-376.5258	0
43	3	1007.135	232.0498	0
43	4	1055.438	-285.473	0
43	5	375.1938	-342.0523	0
43	6	933.3203	732.5484	0
43	7	406.4193	756.6401	0
43	8	-40.53664	649.4911	0
43	9	465.9253	777.6258	0
43	10	1010.094	-333.7676	0
43	11	-130.12	-354.4345	0
43	12	-85.96861	792.2858	0
43	13	1048.322	260.016	0
44	1	-181.2542	296.7694	0
44	2	-132.9293	-375.777	0
44	3	1006.276	231.2499	0
44	4	1054.859	-284.4603	0
44	5	374.4382	-341.1425	0
44	6	932.7896	731.5165	0
44	7	407.009	755.6335	0
44	8	-39.44011	649.0928	0
44	9	466.3439	776.8245	0
44	10	1009.369	-333.4058	0
44	11	-129.7379	-353.9938	0
44	12	-85.7512	791.8158	0
44	13	1048.063	259.8866	0
44	14	365.0411	-360.6413	0
45	1	-179.8439	296.3857	0
45	2	-132.1175	-375.0402	0
45	3	1005.412	230.447	0
45	4	1054.278	-283.4451	0
45	5	373.6883	-340.2139	0
45	6	932.2495	730.4885	0
45	7	407.6003	754.6245	0
45	8	-38.34084	648.6936	0
45	9	466.7801	775.9894	0
45	10	1008.599	-333.0214	0
45	11	-129.2909	-353.4763	0
45	12	-85.49627	791.2646	0
45	13	1047.699	259.7045	0
45	14	364.7452	-360.3837	0
45	15	960.4447	708.8685	0
46	1	-178.4633	296.0488	0
46	2	-131.3051	-374.314	0
46	3	1004.546	229.6416	0
46	4	1053.696	-282.4276	0
46	5	372.9426	-339.2688	0
46	6	931.7005	729.4639	0
46	7	408.1927	753.6132	0
46	8	-37.23927	648.2936	0
46	9	467.2315	775.1253	0
46	10	1007.79	-332.6175	0
46	11	-128.788	-352.8917	0
46	12	-85.20885	790.6432	0
46	13	1047.243	259.4764	0
46	14	364.3774	-360.062	0
46	15	960.0031	708.6417	0
46	16	-116.6814	218.9661	0
47	1	-177.1084	295.7525	0
47	2	-130.4917	-373.5971	0
47	3	1003.678	228.8344	0
47	4	1053.113	-281.4083	0
47	5	372.1996	-338.3096	0
47	6	931.1436	728.442	0
47	7	408.7863	752.6001	0
47	8	-36.13556	647.8927	0
47	9	467.696	774.236	0
47	10	1006.948	-332.1967	0
47	11	-128.237	-352.2489	0
47	12	-84.8932	789.9608	0
47	13	1046.707	259.2083	0
47	14	363.948	-359.6846	0
47	15	959.4863	708.376	0
47	16	-115.6408	217.4687	0
48	1	-175.5455	295.1326	0
48	2	-129.6772	-372.8885	0
48	3	1002.808	228.0258	0
48	4	1052.53	-280.3875	0
48	5	371.4585	-337.3383	0
48	6	930.5794	727.4227	0
48	7	409.3807	751.5854	0
48	8	-35.03016	647.4912	0
48	9	468.172	773.325	0
48	10	1006.075	-331.7611	0
48	11	-127.6446	-351.5557	0
48	12	-84.55313	789.2256	0
48	13	1046.102	258.9052	0
48	14	363.4657	-359.2589	0
48	15	958.9045	708.0767	0
48	16	-114.4202	215.7133	0
49	1	-173.7947	294.9452	0
49	2	-128.8616	-372.1871	0
49	3	1001.937	227.2163	0
49	4	1051.945	-279.3651	0
49	5	370.7185	-336.3565	0
49	6	930.0085	726.4054	0
49	7	409.9761	750.5693	0
49	8	-33.92323	647.0892	0
49	9	468.6579	772.3948	0
49	10	1005.178	-331.313	0
49	11	-127.0167	-350.8186	0
49	12	-84.19196	788.4446	0
49	13	1045.436	258.5715	0
49	14	362.9382	-358.791	0
49	15	958.267	707.7483	0
49	16	-113.0429	213.7345	0
50	1	-171.8811	295.1327	0
50	2	-128.0448	-371.4919	0
50	3	1001.066	226.4062	0
50	4	1051.36	-278.3416	0
50	5	369.9789	-335.3659	0
50	6	929.4313	725.3899	0
50	7	410.5721	749.5519	0
50	8	-32.81499	646.6867	0
50	9	469.1523	771.4484	0
50	10	1004.258	-330.8538	0
50	11	-126.358	-350.0435	0
50	12	-83.81235	787.624	0
50	13	1044.717	258.2112	0
50	14	362.372	-358.2864	0
50	15	957.5814	707.3948	0
50	16	-111.5419	211.5571	0
51	1	-169.8453	294.9251	0
51	2	-127.2266	-370.8021	0
51	3	1000.195	225.5957	0
51	4	1050.774	-277.317	0
51	5	369.2393	-334.368	0
51	6	928.8484	724.3759	0
51	7	411.1687	748.5336	0
51	8	-31.70555	646.2838	0
51	9	469.6541	770.4877	0
51	10	1003.319	-330.385	0
51	11	-125.673	-349.2358	0
51	12	-83.41687	786.769	0
51	13	1043.953	257.8278	0
51	14	361.7725	-357.7498	0
51	15	956.8546	707.0194	0
51	16	-109.9332	209.2077	0
52	1	-167.7034	294.3751	0
52	2	-126.4073	-370.1167	0
52	3	999.3235	224.785	0
52	4	1050.188	-276.2914	0
52	5	368.4993	-333.3637	0
52	6	928.2599	723.3632	0
52	7	411.7659	747.5143	0
52	8	-30.59517	645.8805	0
52	9	470.1625	769.5145	0
52	10	1002.364	-329.908	0
52	11	-124.9654	-348.3996	0
52	12	-83.00762	785.8842	0
52	13	1043.149	257.4243	0
52	14	361.1444	-357.1849	0
52	15	956.0926	706.6254	0
52	16	-109.401	208.419	0
53	1	-165.4696	293.5285	0
53	2	-125.5867	-369.4352	0
53	3	998.4523	223.9742	0
53	4	1049.601	-275.2651	0
53	5	367.7587	-332.3543	0
53	6	927.6663	722.3516	0
53	7	412.3636	746.4941	0
53	8	-29.4839	645.4769	0
53	9	470.6764	768.5308	0
53	10	1001.394	-329.4238	0
53	11	-124.2383	-347.539	0
53	12	-82.58642	784.9735	0
53	13	1042.311	257.0034	0
53	14	360.4919	-356.5956	0
53	15	955.3003	706.215	0
53	16	-108.6312	207.2738	0
54	1	-163.1556	292.425	0
54	2	-124.765	-368.7571	0
54	3	997.5815	223.1636	0
54	4	1049.013	-274.2381	0
54	5	367.0172	-331.3406	0
54	6	927.0679	721.341	0
54	7	412.9616	745.4734	0
54	8	-28.3719	645.0731	0
54	9	471.1951	767.5378	0
54	10	1000.412	-328.9333	0
54	11	-123.4944	-346.6573	0
54	12	-82.15489	784.0405	0
54	13	1041.443	256.5674	0
54	14	359.8185	-355.9849	0
54	15	954.4822	705.7906	0
54	16	-107.6553	205.8196	0
55	1	-160.7836	291.0926	0
55	2	-123.9421	-368.0815	0
55	3	996.7108	222.3529	0
55	4	1048.426	-273.2105	0
55	5	366.2749	-330.3235	0
55	6	926.465	720.3312	0
55	7	413.56	744.452	0
55	8	-27.25923	644.6691	0
55	9	471.718	766.5369	0
55	10	999.4188	-328.4374	0
55	11	-122.736	-345.7576	0
55	12	-81.71437	783.0881	0
55	13	1040.549	256.1185	0
55	14	359.1273	-355.3551	0
55	15	953.6422	705.3542	0
55	16	-106.5004	204.098	0
56	1	-158.3609	289.5622	0
56	2	-123.1182	-367.408	0
56	3	995.8403	221.5423	0
56	4	1047.838	-272.1824	0
56	5	365.5315	-329.3038	0
56	6	925.8577	719.3221	0
56	7	414.1587	743.4301	0
56	8	-26.14606	644.2648	0
56	9	472.2445	765.5288	0
56	10	998.4165	-327.937	0
56	11	-121.9651	-344.8422	0
56	12	-81.26608	782.119	0
56	13	1039.633	255.6582	0
56	14	358.4207	-354.7087	0
56	15	952.7835	704.9073	0
56	16	-105.1899	202.1448	0
56	17	460.8119	703.4445	0
57	1	-157.6586	288.9754	0
57	2	-122.2933	-366.7362	0
57	3	994.97	220.7318	0
57	4	1047.25	-271.1537	0
57	5	364.787	-328.2817	0
57	6	925.2462	718.3136	0
57	7	414.7577	742.4078	0
57	8	-25.03235	643.8603	0
57	9	472.7743	764.5148	0
57	10	997.4061	-327.4325	0
57	11	-121.1835	-343.9138	0
57	12	-80.81104	781.1351	0
57	13	1038.697	255.1881	0
57	14	357.7009	-354.0477	0
57	15	951.9091	704.4514	0
57	16	-103.7443	199.9911	0
57	17	460.663	703.1889	0
58	1	-156.6822	288.0918	0
58	2	-121.4675	-366.0656	0
58	3	994.0999	219.9213	0
58	4	1046.661	-270.1248	0
58	5	364.0414	-327.2581	0
58	6	924.6306	717.3056	0
58	7	415.3569	741.3851	0
58	8	-23.91825	643.4557	0
58	9	473.3067	763.4955	0
58	10	996.3887	-326.9244	0
58	11	-120.3927	-342.9739	0
58	12	-80.35018	780.1388	0
58	13	1037.745	254.7095	0
58	14	356.97	-353.3735	0
58	15	951.0217	703.9877	0
58	16	-102.181	197.6642	0
58	17	460.4543	702.8306	0
59	1	-155.4681	286.9512	0
59	2	-120.6409	-365.3959	0
59	3	993.2299	219.1108	0
59	4	1046.073	-269.0955	0
59	5	363.2946	-326.2332	0
59	6	924.011	716.2979	0
59	7	415.9562	740.3621	0
59	8	-22.80376	643.0509	0
59	9	473.8415	762.4718	0
59	10	995.3651	-326.4134	0
59	11	-119.5939	-342.0244	0
59	12	-79.88428	779.1315	0
59	13	1036.778	254.2236	0
59	14	356.2295	-352.6881	0
59	15	950.123	703.5175	0
59	16	-101.6492	196.8752	0
59	17	460.1936	702.3831	0
60	1	-154.0476	285.5883	0
60	2	-119.8134	-364.7266	0
60	3	992.3601	218.3003	0
60	4	1045.484	-268.0659	0
60	5	362.5467	-325.2076	0
60	6	923.3878	715.2905	0
60	7	416.5558	739.3387	0
60	8	-21.68896	642.646	0
60	9	474.3784	761.4442	0
60	10	994.3363	-325.8997	0
60	11	-118.7881	-341.067	0
60	12	-79.41396	778.1146	0
60	13	1035.798	253.7313	0
60	14	355.4808	-351.9924	0
60	15	949.2153	703.0415	0
60	16	-100.8772	195.7314	0
60	17	459.8881	701.8583	0
61	1	-152.4595	284.0267	0
61	2	-118.9853	-364.0577	0
61	3	991.4903	217.4899	0
61	4	1044.895	-267.0361	0
61	5	361.7976	-324.1815	0
61	6	922.7607	714.2832	0
61	7	417.1555	738.3152	0
61	8	-20.57389	642.2411	0
61	9	474.917	760.4131	0
61	10	993.3029	-325.3837	0
61	11	-117.9765	-340.1027	0
61	12	-78.93983	777.0896	0
61	13	1034.807	253.2335	0
61	14	354.7252	-351.2877	0
61	15	948.3	702.5608	0
61	16	-99.89681	194.2802	0
61	17	459.5435	701.2667	0
62	1	-150.7257	282.2933	0
62	2	-118.1766	-363.3731	0
62	3	990.6207	216.6795	0
62	4	1044.306	-266.006	0
62	5	361.0475	-323.1552	0
62	6	922.1301	713.2761	0
62	7	417.7553	737.2914	0
62	8	-19.45855	641.836	0
62	9	475.4572	759.379	0
62	10	992.2656	-324.8658	0
62	11	-117.1639	-339.1223	0
62	12	-78.46243	776.0574	0
62	13	1033.807	252.7308	0
62	14	353.9636	-350.5748	0
62	15	947.3786	702.076	0
62	16	-98.73553	192.5629	0
62	17	459.1651	700.6169	0
62	18	-102.6036	-376.6041	0
63	1	-148.8651	280.4116	0
63	2	-117.3841	-362.674	0
63	3	989.7511	215.869	0
63	4	1043.717	-264.9757	0
63	5	360.2963	-322.1291	0
63	6	921.4959	712.2689	0
63	7	418.3553	736.2673	0
63	8	-18.34305	641.4309	0
63	9	475.9987	758.3425	0
63	10	991.2248	-324.3461	0
63	11	-116.3503	-338.1285	0
63	12	-77.98222	775.0192	0
63	13	1032.799	252.224	0
63	14	353.1971	-349.8546	0
63	15	946.4524	701.588	0
63	16	-97.41702	190.6151	0
63	17	458.7578	699.9166	0
63	18	-102.3551	-376.4426	0
64	1	-146.8939	278.4019	0
64	2	-116.6049	-361.9611	0
64	3	988.8815	215.0587	0
64	4	1043.128	-263.9453	0
64	5	359.5439	-321.1031	0
64	6	920.858	711.2615	0
64	7	418.955	735.2434	0
64	8	-17.22732	641.0258	0
64	9	476.5413	757.3036	0
64	10	990.1811	-323.8249	0
64	11	-115.5352	-337.1238	0
64	12	-77.49947	773.9755	0
64	13	1031.786	251.7107	0
64	14	352.4263	-349.128	0
64	15	945.5223	701.097	0
64	16	-95.9618	188.4679	0
64	17	458.326	699.172	0
64	18	-102.0081	-376.2169	0
64	19	-29.94806	733.6284	0
65	1	-146.2573	277.7408	0
65	2	-115.8369	-361.2357	0
65	3	988.0121	214.2483	0
65	4	1042.538	-262.9147	0
65	5	358.7906	-320.0778	0
65	6	920.2169	710.2539	0
65	7	419.5541	734.2201	0
65	8	-16.11147	640.6205	0
65	9	477.085	756.2629	0
65	10	989.1348	-323.3024	0
65	11	-114.7185	-336.1099	0
65	12	-77.0146	772.9271	0
65	13	1030.77	251.1914	0
65	14	351.6519	-348.3956	0
65	15	944.5894	700.6039	0
65	16	-94.38773	186.1482	0
65	17	457.8734	698.3885	0
65	18	-101.5767	-375.9355	0
65	19	-29.58192	733.2621	0
65	20	999.9909	289.3042	0
66	1	-145.3462	276.7898	0
66	2	-115.0779	-360.4987	0
66	3	987.1427	213.4379	0
66	4	1041.949	-261.884	0
66	5	358.0363	-319.0529	0
66	6	919.5722	709.2458	0
66	7	420.1521	733.1976	0
66	8	-14.99547	640.2151	0
66	9	477.6295	755.2206	0
66	10	988.0862	-322.7788	0
66	11	-113.9002	-335.0888	0
66	12	-76.52785	771.8748	0
66	13	1029.75	250.6669	0
66	14	350.8745	-347.6578	0
66	15	943.6489	700.1133	0
66	16	-93.85323	185.362	0
66	17	457.4033	697.5708	0
66	18	-101.0729	-375.606	0
66	19	-29.15257	732.8328	0
66	20	999.6968	289.0137	0
66	21	468.8572	-357.7271	0
67	1	-144.1885	276.3354	0
67	2	-114.3265	-359.7509	0
67	3	986.2734	212.6275	0
67	4	1041.359	-260.8532	0
67	5	357.2811	-318.029	0
67	6	918.9243	708.2374	0
67	7	420.7487	732.1765	0
67	8	-13.87935	639.8098	0
67	9	478.1748	754.1768	0
67	10	987.0358	-322.2543	0
67	11	-113.0801	-334.062	0
67	12	-76.03948	770.819	0
67	13	1028.727	250.1375	0
67	14	350.0946	-346.9152	0
67	15	942.7026	699.6248	0
67	16	-93.07877	184.2223	0
67	17	456.9186	696.7229	0
67	18	-100.5071	-375.2344	0
67	19	-28.6685	732.3484	0
67	20	999.3296	288.6512	0
67	21	469.0328	-357.3514	0
67	22	999.5333	-376.8092	0
68	1	-142.8172	276.3114	0
68	2	-113.5811	-358.9935	0
68	3	985.4041	211.8172	0
68	4	1040.77	-259.8223	0
68	5	356.5248	-317.0057	0
68	6	918.2729	707.2283	0
68	7	421.3437	731.157	0
68	8	-12.76315	639.4044	0
68	9	478.7207	753.1317	0
68	10	985.9836	-321.729	0
68	11	-112.2582	-333.0308	0
68	12	-75.54972	769.7602	0
68	13	1027.702	249.6038	0
68	14	349.3125	-346.1682	0
68	15	941.7516	699.138	0
68	16	-92.09787	182.7764	0
68	17	456.4216	695.8484	0
68	18	-99.88843	-374.8263	0
68	19	-28.13695	731.8167	0
68	20	998.8988	288.2267	0
68	21	469.2522	-356.8823	0
68	22	999.2424	-376.5135	0
68	23	979.6838	672.0488	0
69	1	-141.2609	276.6605	0
69	2	-112.8406	-358.2274	0
69	3	984.5347	211.0068	0
69	4	1040.181	-258.7913	0
69	5	355.7677	-315.9836	0
69	6	917.6184	706.2184	0
69	7	421.9367	730.1394	0
69	8	-11.64688	638.999	0
69	9	479.2672	752.0854	0
69	10	984.9299	-321.2029	0
69	11	-111.4344	-331.9963	0
69	12	-75.05878	768.6987	0
69	13	1026.675	249.0661	0
69	14	348.5287	-345.4172	0
69	15	940.7972	698.653	0
69	16	-90.94054	181.0654	0
69	17	455.9145	694.9504	0
69	18	-99.22428	-374.3864	0
69	19	-27.56422	731.2439	0
69	20	998.4129	287.7485	0
69	21	469.5094	-356.3321	0
69	22	998.8793	-376.1443	0
69	23	979.2151	671.8551	0
70	1	-139.5642	276.5791	0
70	2	-112.104	-357.4534	0
70	3	983.6655	210.1964	0
70	4	1039.591	-257.7603	0
70	5	355.0097	-314.9625	0
70	6	916.9604	705.2076	0
70	7	422.5277	729.124	0
70	8	-10.53049	638.5935	0
70	9	479.8142	751.0385	0
70	10	983.8751	-320.6761	0
70	11	-110.6089	-330.9597	0
70	12	-74.56677	767.6349	0
70	13	1025.647	248.5248	0
70	14	347.7435	-344.6626	0
70	15	939.8405	698.1694	0
70	16	-89.63371	179.1249	0
70	17	455.3988	694.0315	0
70	18	-98.52126	-373.9185	0
70	19	-26.95587	730.6354	0
70	20	997.8792	287.2239	0
70	21	469.7994	-355.7118	0
70	22	998.4534	-375.7114	0
70	23	978.6653	671.6283	0
71	1	-137.7459	276.1247	0
71	2	-111.3706	-356.6725	0
71	3	982.7963	209.3861	0
71	4	1039.001	-256.7292	0
71	5	354.2509	-313.9424	0
71	6	916.2994	704.1957	0
71	7	423.1166	728.1108	0
71	8	-9.41406	638.1881	0
71	9	480.3616	749.9905	0
71	10	982.8192	-320.149	0
71	11	-109.7815	-329.9217	0
71	12	-74.0739	766.5693	0
71	13	1024.617	247.9802	0
71	14	346.9571	-343.9045	0
71	15	938.882	697.6875	0
71	16	-88.2017	176.9857	0
71	17	454.8762	693.094	0
71	18	-97.7851	-373.4258	0
71	19	-26.31664	729.996	0
71	20	997.3041	286.6595	0
71	21	470.1179	-355.0308	0
71	22	997.9732	-375.2233	0
71	23	978.045	671.373	0
71	24	-206.3362	273.786	0
72	1	-135.8219	275.3472	0
72	2	-110.6397	-355.8851	0
72	3	981.9269	208.5758	0
72	4	1038.412	-255.698	0
72	5	353.4913	-312.9236	0
72	6	915.635	703.1826	0
72	7	423.7033	727.1003	0
72	8	-8.297592	637.7826	0
72	9	480.9094	748.942	0
72	10	981.7623	-319.6212	0
72	11	-108.9524	-328.883	0
72	12	-73.58018	765.5019	0
72	13	1023.586	247.4325	0
72	14	346.1697	-343.1434	0
72	15	937.9224	697.2072	0
72	16	-86.66682	174.6748	0
72	17	454.3478	692.1398	0
72	18	-97.02053	-372.9115	0
72	19	-25.65059	729.3297	0
72	20	996.6927	286.0606	0
72	21	470.4609	-354.2971	0
72	22	997.446	-374.6873	0
72	23	977.3635	671.0931	0
72	24	-205.2649	273.8631	0
73	1	-133.8062	274.2898	0
73	2	-109.9109	-355.0922	0
73	3	981.0579	207.7654	0
73	4	1037.822	-254.6667	0
73	5	352.7309	-311.9059	0
73	6	914.9674	702.1681	0
73	7	424.2878	726.0925	0
73	8	-7.181007	637.3771	0
73	9	481.4575	747.8927	0
73	10	980.7045	-319.0931	0
73	11	-108.1215	-327.8444	0
73	12	-73.08583	764.433	0
73	13	1022.555	246.882	0
73	14	345.3816	-342.3792	0
73	15	936.9625	696.7284	0
73	16	-86.16053	173.8882	0
73	17	453.8149	691.1707	0
73	18	-96.23175	-372.3779	0
73	19	-24.96134	728.6403	0
73	20	996.0502	285.432	0
73	21	470.8254	-353.5175	0
73	22	996.8779	-374.1098	0
73	23	976.629	670.7921	0
73	24	-203.7632	273.958	0
74	1	-131.7038	273.7502	0
74	2	-109.1836	-354.2941	0
74	3	980.1886	206.9551	0
74	4	1037.232	-253.6356	0
74	5	351.9698	-310.8895	0
74	6	914.2968	701.1519	0
74	7	424.87	725.0875	0
74	8	-6.064462	636.9716	0
74	9	482.0059	746.843	0
74	10	979.6461	-318.5646	0
74	11	-107.2889	-326.8062	0
74	12	-72.59082	763.3629	0
74	13	1021.522	246.3288	0
74	14	344.5929	-341.6124	0
74	15	936.0026	696.2515	0
74	16	-85.4369	172.7499	0
74	17	453.2782	690.1881	0
74	18	-95.42225	-371.8273	0
74	19	-24.25199	727.9307	0
74	20	995.3802	284.7779	0
74	21	471.2083	-352.6985	0
74	22	996.2746	-373.4963	0
74	23	975.8484	670.4727	0
74	24	-201.8886	274.0686	0
75	1	-129.5263	273.6596	0
75	2	-108.4576	-353.4917	0
75	3	979.3194	206.1448	0
75	4	1036.643	-252.6042	0
75	5	351.2078	-309.8742	0
75	6	913.6228	700.134	0
75	7	425.4502	724.0854	0
75	8	-4.947839	636.566	0
75	9	482.5545	745.7927	0
75	10	978.587	-318.0358	0
75	11	-106.4546	-325.769	0
75	12	-72.09535	762.2916	0
75	13	1020.49	245.7731	0
75	14	343.8038	-340.843	0
75	15	935.0432	695.7765	0
75	16	-84.52834	171.3071	0
75	17	452.7385	689.1934	0
75	18	-94.59509	-371.2614	0
75	19	-23.52522	727.2037	0
75	20	994.6868	284.1019	0
75	21	471.6073	-351.845	0
75	22	995.6405	-372.8517	0
75	23	975.028	670.1373	0
75	24	-199.6908	274.193	0
17	1	-157.5446	251.9752	0
18	1	-156.8903	251.1488	0
18	2	-138.5046	-305.3232	0
19	1	-155.9725	249.9901	0
19	2	-138.2009	-305.0408	0
19	3	990.373	314.3729	0
20	1	-154.8262	248.5436	0
20	2	-137.8217	-304.6881	0
20	3	989.856	314.3421	0
20	4	1051.157	-311.3805	0
21	1	-153.4816	246.8477	0
21	2	-137.3771	-304.2745	0
21	3	989.2499	314.3061	0
21	4	1050.606	-311.1251	0
21	5	357.4877	-336.4456	0
22	1	-151.9766	244.9296	0
22	2	-136.8757	-303.8081	0
22	3	988.5663	314.2654	0
22	4	1049.985	-310.837	0
22	5	357.9955	-335.9863	0
22	6	1017.775	781.506	0
23	1	-150.3322	242.8192	0
23	2	-136.3253	-303.296	0
23	3	987.8159	314.2208	0
23	4	1049.303	-310.5208	0
23	5	358.5531	-335.4819	0
23	6	1017.234	780.9844	0
23	7	481.3617	794.3103	0
24	1	-148.5667	240.5424	0
24	2	-135.7322	-302.7443	0
24	3	987.0073	314.1727	0
24	4	1048.568	-310.18	0
24	5	359.1539	-334.9385	0
24	6	1016.651	780.4223	0
24	7	481.9395	793.7426	0
24	8	-76.04588	762.9934	0
25	1	-147.9831	239.782	0
25	2	-135.1021	-302.1583	0
25	3	986.1483	314.1216	0
25	4	1047.788	-309.8181	0
25	5	359.792	-334.3613	0
25	6	1016.031	779.8253	0
25	7	482.5533	793.1395	0
25	8	-75.26266	762.6371	0
26	1	-147.1364	238.6756	0
26	2	-134.4401	-301.5424	0
26	3	985.2457	314.0678	0
26	4	1046.967	-309.4377	0
26	5	360.4626	-333.7548	0
26	6	1015.38	779.198	0
26	7	483.1982	792.5059	0
26	8	-74.43961	762.2628	0
27	1	-146.0614	237.2695	0
27	2	-133.7504	-300.9008	0
27	3	984.3054	314.0119	0
27	4	1046.113	-309.0414	0
27	5	361.1613	-333.1229	0
27	6	1014.701	778.5443	0
27	7	483.8702	791.8456	0
27	8	-73.58212	761.8727	0
17	1	-192.9323	197.8429	0
18	1	-192.0443	197.3273	0
18	2	-117.654	-394.014	0
19	1	-190.7988	196.6044	0
19	2	-117.3649	-393.7167	0
19	3	1009.977	231.0441	0
17	1	-119.8439	304.7951	0
18	1	-119.2727	305.6977	0
18	2	-163.5096	-278.4431	0
19	1	-118.4712	306.9633	0
19	2	-163.1993	-278.168	0
19	3	1023.126	297.1353	0
20	1	-117.4822	308.5488	0
20	2	-162.8117	-277.8245	0
20	3	1022.671	296.8874	0
20	4	1029.316	-317.8579	0
21	1	-116.3301	310.4113	0
21	2	-162.3573	-277.4218	0
21	3	1022.138	296.5966	0
21	4	1028.768	-317.5961	0
21	5	390.6403	-307.3245	0
