63	1	414.4068	147.4302	0
63	2	757.5854	137.8848	0
63	3	411.9878	146.244	0
63	4	508.562	136.1717	0
63	5	135.6449	176.3839	0
63	6	572.3832	176.7792	0
63	7	402.0489	172.752	0
63	8	391.5031	196.5907	0
63	9	787.3069	139.8527	0
63	10	246.4116	177.0154	0
63	11	772.2094	127.9056	0
63	12	697.2378	125.933	0
63	13	458.4874	127.3419	0
63	14	704.3686	141.1974	0
63	15	732.1007	136.2865	0
63	16	548.7404	139.9682	0
63	17	647.7854	134.9295	0
63	18	707.4489	129.1947	0
63	19	288.8085	179.5507	0
63	20	486.9163	170.0762	0
63	21	-92.41082	184.2003	0
63	22	-13.75361	188.1787	0
63	23	523.0129	140.89	0
63	24	719.2631	121.7574	0
63	25	337.3914	186.4796	0
63	26	686.7022	151.3882	0
63	27	754.6046	161.3218	0
63	28	18.54575	159.5393	0
63	29	684.8797	119.8269	0
63	30	645.6664	122.944	0
63	31	185.7264	201.9814	0
63	32	736.2587	115.6407	0
63	33	764.3068	121.0827	0
63	34	353.9049	139.8625	0
63	35	-186.8651	238.8806	0
63	36	336.3985	156.2588	0
63	37	458.9618	147.5722	0
63	38	237.0572	205.0202	0
63	39	675.685	134.7628	0
63	40	810.541	141.2552	0
63	41	407.1025	150.7813	0
63	42	356.7809	166.8903	0
63	43	475.1577	148.9435	0
64	1	414.3764	147.423	0
64	2	757.5244	137.876	0
64	3	411.9869	146.2459	0
64	4	508.5789	136.167	0
64	5	135.6515	176.3839	0
64	6	572.394	176.7788	0
64	7	402.0612	172.7521	0
64	8	391.4646	196.5762	0
64	9	787.3035	139.8535	0
64	10	246.4069	177.0191	0
64	11	772.2392	127.9116	0
64	12	697.2469	125.9329	0
64	13	458.4969	127.3362	0
64	14	704.3214	141.1878	0
64	15	732.1093	136.2874	0
64	16	548.7578	139.9834	0
64	17	647.7889	134.9282	0
64	18	707.4277	129.1895	0
64	19	288.8272	179.5518	0
64	20	486.9318	170.0743	0
64	21	-92.46104	184.2113	0
64	22	-13.61246	188.164	0
64	23	523.02	140.9084	0
64	24	719.2745	121.7578	0
64	25	337.3862	186.452	0
64	26	686.7149	151.3885	0
64	27	754.6172	161.3233	0
64	28	18.57355	159.5369	0
64	29	684.885	119.828	0
64	30	645.6748	122.9445	0
64	31	185.8273	201.9525	0
64	32	736.2668	115.6429	0
64	33	764.2596	121.0745	0
64	34	353.9177	139.8622	0
64	35	-186.7941	238.8742	0
64	36	336.3815	156.258	0
64	37	458.9554	147.5793	0
64	38	237.043	205.0298	0
64	39	675.6685	134.7604	0
64	40	810.543	141.255	0
64	41	407.0893	150.7664	0
64	42	356.7883	166.8907	0
64	43	475.1685	148.9416	0
65	1	414.3487	147.4164	0
65	2	757.4576	137.8678	0
65	3	411.9872	146.2479	0
65	4	508.5894	136.1609	0
65	5	135.6589	176.3835	0
65	6	572.4061	176.7791	0
65	7	402.0727	172.752	0
65	8	391.4302	196.5655	0
65	9	787.3085	139.8554	0
65	10	246.4068	177.0216	0
65	11	772.2747	127.919	0
65	12	697.2564	125.9327	0
65	13	458.4983	127.3298	0
65	14	704.2759	141.1801	0
65	15	732.1192	136.288	0
65	16	548.7783	140.0023	0
65	17	647.7947	134.9269	0
65	18	707.4067	129.1833	0
65	19	288.8474	179.5484	0
65	20	486.947	170.0743	0
65	21	-92.54963	184.2297	0
65	22	-13.46176	188.144	0
65	23	523.022	140.9283	0
65	24	719.2869	121.7583	0
65	25	337.3777	186.4249	0
65	26	686.7243	151.3886	0
65	27	754.6295	161.3242	0
65	28	18.60804	159.5341	0
65	29	684.8917	119.8293	0
65	30	645.6826	122.9454	0
65	31	185.9091	201.9257	0
65	32	736.278	115.6465	0
65	33	764.2097	121.0681	0
65	34	353.9305	139.8622	0
65	35	-186.7431	238.8731	0
65	36	336.4114	156.2569	0
65	37	458.9489	147.5892	0
65	38	237.0295	205.0405	0
65	39	675.6613	134.76	0
65	40	810.5479	141.2556	0
65	41	407.0718	150.7524	0
65	42	356.7959	166.8903	0
65	43	475.182	148.9394	0
66	1	414.3249	147.4113	0
66	2	757.389	137.8595	0
66	3	411.9897	146.2492	0
66	4	508.5915	136.1561	0
66	5	135.6693	176.3839	0
66	6	572.4194	176.7791	0
66	7	402.083	172.7492	0
66	8	391.4041	196.5577	0
66	9	787.3148	139.8576	0
66	10	246.4131	177.0233	0
66	11	772.3116	127.9281	0
66	12	697.2654	125.9327	0
66	13	458.4868	127.3206	0
66	14	704.2294	141.1725	0
66	15	732.1287	136.289	0
66	16	548.7955	140.0241	0
66	17	647.8005	134.9257	0
66	18	707.3734	129.175	0
66	19	288.8684	179.5436	0
66	20	486.957	170.0766	0
66	21	-92.66286	184.2543	0
66	22	-13.30538	188.1183	0
66	23	523.0156	140.9463	0
66	24	719.2983	121.7594	0
66	25	337.3637	186.4001	0
66	26	686.7267	151.3862	0
66	27	754.6417	161.3242	0
66	28	18.63591	159.5333	0
66	29	684.8988	119.8301	0
66	30	645.6898	122.9457	0
66	31	185.9871	201.8988	0
66	32	736.2953	115.6516	0
66	33	764.1628	121.0628	0
66	34	353.943	139.8629	0
66	35	-186.7381	238.8804	0
66	36	336.4701	156.2561	0
66	37	458.9446	147.6013	0
66	38	237.0244	205.0492	0
66	39	675.6619	134.7609	0
66	40	810.5534	141.2573	0
66	41	407.0513	150.7408	0
66	42	356.8041	166.8903	0
66	43	475.1963	148.9381	0
67	1	414.3082	147.4078	0
67	2	757.3286	137.8515	0
67	3	411.9951	146.2498	0
67	4	508.5939	136.151	0
67	5	135.6888	176.3838	0
67	6	572.4342	176.779	0
67	7	402.0938	172.7464	0
67	8	391.3892	196.5544	0
67	9	787.3234	139.8603	0
67	10	246.4214	177.0254	0
67	11	772.3467	127.9383	0
67	12	697.2732	125.9332	0
67	13	458.4686	127.3102	0
67	14	704.178	141.1654	0
67	15	732.1372	136.2896	0
67	16	548.8073	140.0479	0
67	17	647.8068	134.9257	0
67	18	707.33	129.1646	0
67	19	288.8895	179.5395	0
67	20	486.9596	170.0819	0
67	21	-92.79629	184.2831	0
67	22	-13.16373	188.0918	0
67	23	523.001	140.9571	0
67	24	719.3088	121.7598	0
67	25	337.3453	186.3793	0
67	26	686.7292	151.3838	0
67	27	754.655	161.3236	0
67	28	18.65778	159.5338	0
67	29	684.9076	119.8302	0
67	30	645.6968	122.9456	0
67	31	186.042	201.8712	0
67	32	736.3198	115.6573	0
67	33	764.1143	121.0575	0
67	34	353.9551	139.8619	0
67	35	-186.8052	238.9001	0
67	36	336.5282	156.2525	0
67	37	458.9429	147.6127	0
67	38	237.0296	205.0535	0
67	39	675.665	134.7622	0
67	40	810.5632	141.2602	0
67	41	407.0288	150.7306	0
67	42	356.8157	166.8905	0
67	43	475.2089	148.9383	0
68	1	414.2996	147.407	0
68	2	757.2816	137.8454	0
68	3	412.0022	146.2508	0
68	4	508.5866	136.1444	0
68	5	135.7099	176.3837	0
68	6	572.4477	176.7791	0
68	7	402.1049	172.7442	0
68	8	391.3854	196.5555	0
68	9	787.3333	139.8632	0
68	10	246.4287	177.0269	0
68	11	772.3785	127.9485	0
68	12	697.2761	125.9324	0
68	13	458.4536	127.3007	0
68	14	704.1252	141.1582	0
68	15	732.1456	136.2901	0
68	16	548.8109	140.0714	0
68	17	647.8143	134.9267	0
68	18	707.2866	129.1539	0
68	19	288.9134	179.5355	0
68	20	486.9567	170.0916	0
68	21	-92.93972	184.3126	0
68	22	-13.03249	188.0666	0
68	23	522.9847	140.9614	0
68	24	719.3191	121.7599	0
68	25	337.3221	186.3598	0
68	26	686.7327	151.382	0
68	27	754.6694	161.3237	0
68	28	18.6647	159.5364	0
68	29	684.9166	119.8308	0
68	30	645.7042	122.945	0
68	31	186.0725	201.8385	0
68	32	736.3491	115.6623	0
68	33	764.0607	121.0523	0
68	34	353.9671	139.86	0
68	35	-186.9479	238.9365	0
68	36	336.5833	156.2458	0
68	37	458.9419	147.6273	0
68	38	237.0461	205.0574	0
68	39	675.6684	134.7638	0
68	40	810.5789	141.2651	0
68	41	407.0011	150.7208	0
68	42	356.8304	166.8903	0
68	43	475.2184	148.9399	0
69	1	414.2981	147.4081	0
69	2	757.2494	137.841	0
69	3	412.0085	146.2518	0
69	4	508.5706	136.1361	0
69	5	135.7323	176.3839	0
69	6	572.4597	176.7794	0
69	7	402.1189	172.7416	0
69	8	391.3864	196.5586	0
69	9	787.346	139.8656	0
69	10	246.4355	177.0282	0
69	11	772.4019	127.956	0
69	12	697.2775	125.9313	0
69	13	458.4365	127.2914	0
69	14	704.0786	141.1516	0
69	15	732.1542	136.2898	0
69	16	548.8021	140.0881	0
69	17	647.8199	134.9288	0
69	18	707.2451	129.1442	0
69	19	288.9423	179.5309	0
69	20	486.9498	170.1071	0
69	21	-93.10406	184.3493	0
69	22	-12.91991	188.0416	0
69	23	522.9718	140.9619	0
69	24	719.3298	121.7591	0
69	25	337.2891	186.3417	0
69	26	686.738	151.3799	0
69	27	754.6838	161.3238	0
69	28	18.64671	159.5414	0
69	29	684.9246	119.8315	0
69	30	645.712	122.9445	0
69	31	186.0893	201.8046	0
69	32	736.3831	115.6693	0
69	33	764.0088	121.047	0
69	34	353.9795	139.8583	0
69	35	-187.1497	238.9893	0
69	36	336.6349	156.2366	0
69	37	458.9377	147.6441	0
69	38	237.0609	205.0626	0
69	39	675.6731	134.7656	0
69	40	810.6025	141.2728	0
69	41	406.9651	150.7112	0
69	42	356.8452	166.8904	0
69	43	475.2216	148.9433	0
70	1	414.2986	147.4099	0
70	2	757.2343	137.8396	0
70	3	412.0144	146.2524	0
70	4	508.5525	136.1273	0
70	5	135.7561	176.3838	0
70	6	572.4665	176.7765	0
70	7	402.1338	172.7396	0
70	8	391.3877	196.5622	0
70	9	787.3593	139.8679	0
70	10	246.4417	177.0282	0
70	11	772.415	127.9592	0
70	12	697.2794	125.9306	0
70	13	458.4165	127.2834	0
70	14	704.0422	141.1465	0
70	15	732.1637	136.2891	0
70	16	548.7857	140.0956	0
70	17	647.8262	134.9321	0
70	18	707.2009	129.1349	0
70	19	288.9667	179.529	0
70	20	535.6074	169.6422	0
70	21	-93.28339	184.3898	0
70	22	-12.8369	188.0112	0
70	23	522.9722	140.9597	0
70	24	719.3412	121.7582	0
70	25	337.2451	186.3239	0
70	26	686.7438	151.3784	0
70	27	754.6992	161.3236	0
70	28	18.60331	159.5502	0
70	29	684.9323	119.8318	0
70	30	645.7209	122.9444	0
70	31	186.1122	201.7727	0
70	32	736.4167	115.6775	0
70	33	763.9646	121.0423	0
70	34	353.993	139.8568	0
70	35	-187.3988	239.0566	0
70	36	336.6808	156.2244	0
70	37	458.9291	147.6626	0
70	38	237.0743	205.0659	0
70	39	675.6779	134.7671	0
70	40	810.6373	141.2825	0
70	41	406.928	150.7018	0
70	42	356.8594	166.8914	0
70	43	475.22	148.949	0
71	1	414.2991	147.4121	0
71	2	757.2336	137.8409	0
71	3	412.0201	146.2523	0
71	4	508.5368	136.1193	0
71	5	135.7867	176.3789	0
71	6	572.4728	176.7732	0
71	7	402.1462	172.7391	0
71	8	391.3883	196.5669	0
71	9	787.3737	139.8691	0
71	10	246.4486	177.0278	0
71	11	772.4187	127.96	0
71	12	697.2827	125.9297	0
71	13	458.3951	127.2771	0
71	14	704.0177	141.1429	0
71	15	732.1742	136.2889	0
71	16	548.7717	140.0979	0
71	17	647.8337	134.9379	0
71	18	707.1545	129.1273	0
71	19	288.988	179.5292	0
71	20	610.8582	166.9788	0
71	21	-93.47599	184.433	0
71	22	-12.77508	187.9781	0
71	23	523.0184	140.9602	0
71	24	719.3542	121.7579	0
71	25	337.2026	186.3071	0
71	26	686.7505	151.3784	0
71	27	754.713	161.3238	0
71	28	18.53901	159.5638	0
71	29	684.9398	119.8314	0
71	30	645.7302	122.9442	0
71	31	186.1304	201.7413	0
71	32	736.4482	115.6868	0
71	33	763.9314	121.0383	0
71	34	354.0094	139.8552	0
71	35	-187.6728	239.1274	0
71	36	336.7146	156.213	0
71	37	458.9145	147.6808	0
71	38	237.0855	205.0678	0
71	39	675.6842	134.7688	0
71	40	810.6802	141.2922	0
71	41	406.8947	150.6941	0
71	42	356.8732	166.8896	0
71	43	475.213	148.9588	0
72	1	414.2993	147.4146	0
72	2	757.2393	137.843	0
72	3	412.0262	146.2517	0
72	4	508.5188	136.1115	0
72	5	135.8186	176.3738	0
72	6	572.4798	176.7705	0
72	7	402.1554	172.7402	0
72	8	391.3867	196.5723	0
72	9	787.3891	139.8699	0
72	10	246.4577	177.0281	0
72	11	772.41	127.9589	0
72	12	697.2859	125.9291	0
72	13	458.3718	127.271	0
72	14	704.0063	141.1419	0
72	15	732.184	136.2888	0
72	16	548.7552	140.095	0
72	17	647.8454	134.9465	0
72	18	707.1102	129.121	0
72	19	288.9967	179.5325	0
72	20	640.6844	166.4048	0
72	21	-93.67671	184.4741	0
72	22	-12.71337	187.9463	0
72	23	523.0606	140.959	0
72	24	719.3665	121.7578	0
72	25	337.1635	186.2949	0
72	26	686.7572	151.3798	0
72	27	754.7244	161.3245	0
72	28	18.46082	159.5809	0
72	29	684.9481	119.8306	0
72	30	645.7397	122.9442	0
72	31	186.1426	201.7126	0
72	32	736.4747	115.6955	0
72	33	763.9105	121.0358	0
72	34	354.0243	139.8549	0
72	35	-187.9827	239.2109	0
72	36	336.7445	156.2019	0
72	37	458.8927	147.6939	0
72	38	237.0971	205.0684	0
72	39	675.6909	134.7701	0
72	40	810.7314	141.3034	0
72	41	406.8676	150.6881	0
72	42	356.8867	166.8864	0
72	43	475.2077	148.972	0
73	1	414.2982	147.417	0
73	2	757.2458	137.8454	0
73	3	412.0334	146.2516	0
73	4	508.4984	136.1051	0
73	5	135.8504	176.3698	0
73	6	572.4892	176.7676	0
73	7	402.1576	172.7433	0
73	8	391.3849	196.5778	0
73	9	787.4036	139.8714	0
73	10	246.4718	177.0281	0
73	11	772.4266	127.959	0
73	12	697.2899	125.9292	0
73	13	458.3434	127.2653	0
73	14	704.0061	141.1431	0
73	15	732.1952	136.2887	0
73	16	548.8051	140.0957	0
73	17	647.8658	134.9571	0
73	18	707.0637	129.1147	0
73	19	288.9879	179.5398	0
73	20	696.7968	164.0496	0
73	21	-93.86644	184.5032	0
73	22	-12.65125	187.9153	0
73	23	523.095	140.9552	0
73	24	719.38	121.7577	0
73	25	337.1332	186.2859	0
73	26	686.7639	151.3828	0
73	27	754.7264	161.3221	0
73	28	18.37387	159.5986	0
73	29	684.9571	119.8303	0
73	30	645.7483	122.9447	0
73	31	186.1476	201.6885	0
73	32	736.4921	115.7005	0
73	33	763.9023	121.0356	0
73	34	354.0377	139.8554	0
73	35	-188.3287	239.3063	0
73	36	336.7627	156.1901	0
73	37	458.8701	147.7003	0
73	38	237.1099	205.0698	0
73	39	675.6992	134.7704	0
73	40	810.7863	141.3174	0
73	41	406.8499	150.6846	0
73	42	356.9006	166.8835	0
73	43	475.2056	148.9873	0
74	1	414.2978	147.4196	0
74	2	757.2551	137.8483	0
74	3	412.0426	146.2515	0
74	4	508.4781	136.0998	0
74	5	135.8884	176.3651	0
74	6	572.4994	176.7649	0
74	7	402.153	172.7493	0
74	8	391.386	196.5827	0
74	9	787.4169	139.8722	0
74	10	246.4872	177.028	0
74	11	772.4484	127.9591	0
74	12	697.2952	125.93	0
74	13	458.3099	127.2595	0
74	14	704.0101	141.145	0
74	15	732.2044	136.2889	0
74	16	548.8577	140.0951	0
74	17	647.8936	134.9679	0
74	18	707.0121	129.1086	0
74	19	288.9615	179.5532	0
74	20	693.8979	164.4679	0
74	21	-94.005	184.5185	0
74	22	-12.59705	187.8864	0
74	23	523.1226	140.9496	0
74	24	719.3914	121.7583	0
74	25	337.115	186.2821	0
74	26	686.774	151.3881	0
74	27	754.7264	161.3192	0
74	28	18.27806	159.6189	0
74	29	684.9664	119.8301	0
74	30	645.7531	122.9444	0
74	31	186.146	201.6656	0
74	32	736.4996	115.7018	0
74	33	763.9041	121.0368	0
74	34	354.045	139.8574	0
74	35	-188.6975	239.4079	0
74	36	336.7642	156.1747	0
74	37	458.8542	147.7023	0
74	38	237.1307	205.071	0
74	39	675.7083	134.771	0
74	40	810.8397	141.3326	0
74	41	406.8427	150.6847	0
74	42	356.916	166.881	0
74	43	475.2071	149.0023	0
75	1	414.2996	147.4217	0
75	2	757.265	137.8511	0
75	3	412.0532	146.2513	0
75	4	508.4557	136.0945	0
75	5	135.9297	176.3612	0
75	6	572.509	176.764	0
75	7	402.1407	172.7596	0
75	8	391.3913	196.5858	0
75	9	787.4301	139.8728	0
75	10	246.5027	177.0282	0
75	11	772.4625	127.958	0
75	12	697.2999	125.9315	0
75	13	458.2788	127.2537	0
75	14	704.0147	141.1472	0
75	15	732.2112	136.2891	0
75	16	548.9008	140.0913	0
75	17	647.9268	134.9808	0
75	18	706.9615	129.1025	0
75	19	288.9225	179.5735	0
75	20	692.1548	164.5571	0
75	21	-94.0699	184.523	0
75	22	-12.55191	187.8618	0
75	23	523.1425	140.9422	0
75	24	719.398	121.7581	0
75	25	337.1094	186.2836	0
75	26	686.7868	151.3974	0
75	27	754.7272	161.3169	0
75	28	18.16917	159.6436	0
75	29	684.9767	119.83	0
75	30	645.7553	122.9433	0
75	31	186.1308	201.6441	0
75	32	736.4993	115.7018	0
75	33	763.9088	121.0383	0
75	34	354.0427	139.8606	0
75	35	-189.0892	239.5116	0
75	36	336.7563	156.158	0
75	37	458.8417	147.7	0
75	38	237.1605	205.0709	0
75	39	675.7164	134.772	0
75	40	810.8896	141.3486	0
75	41	406.8422	150.6865	0
75	42	356.9349	166.8779	0
75	43	475.2089	149.0215	0
76	1	414.3044	147.4225	0
76	2	757.2781	137.8538	0
76	3	412.0632	146.2514	0
76	4	508.4285	136.0896	0
76	5	135.9607	176.3603	0
76	6	572.5183	176.7647	0
76	7	402.1274	172.7735	0
76	8	391.4021	196.588	0
76	9	787.4435	139.8724	0
76	10	246.5185	177.0281	0
76	11	772.4674	127.9558	0
76	12	697.3058	125.9337	0
76	13	458.2522	127.2492	0
76	14	704.0212	141.1497	0
76	15	732.2123	136.2877	0
76	16	548.9335	140.0852	0
76	17	647.9598	134.9963	0
76	18	706.9185	129.0971	0
76	19	288.8799	179.5992	0
76	20	690.6024	164.744	0
76	21	-94.05939	184.5179	0
76	22	-12.51762	187.8396	0
76	23	523.1532	140.9342	0
76	24	719.3989	121.7567	0
76	25	337.1084	186.2874	0
76	26	686.808	151.4099	0
76	27	754.7305	161.3146	0
76	28	18.05153	159.6703	0
76	29	684.9858	119.8301	0
76	30	645.7578	122.9425	0
76	31	186.104	201.6233	0
76	32	736.4883	115.7002	0
76	33	763.9144	121.0401	0
76	34	354.0315	139.8661	0
76	35	-189.4763	239.6001	0
76	36	336.7524	156.1423	0
76	37	458.8789	147.7004	0
76	38	237.1898	205.0714	0
76	39	675.7241	134.7724	0
76	40	810.9293	141.3619	0
76	41	406.8429	150.6891	0
76	42	356.952	166.8766	0
76	43	475.2064	149.0433	0
77	1	414.3126	147.4234	0
77	2	757.2912	137.8562	0
77	3	412.0727	146.2518	0
77	4	508.4	136.0846	0
77	5	135.9819	176.362	0
77	6	572.5244	176.7677	0
77	7	402.1147	172.7904	0
77	8	391.4136	196.5906	0
77	9	787.4581	139.8716	0
77	10	246.5363	177.0246	0
77	11	772.4651	127.9528	0
77	12	697.314	125.9374	0
77	13	458.2325	127.2458	0
77	14	704.0281	141.152	0
77	15	732.2134	136.2863	0
77	16	548.957	140.0769	0
77	17	647.9896	135.0134	0
77	18	706.886	129.0928	0
77	19	288.8354	179.6274	0
77	20	689.1099	164.9532	0
77	21	-93.97305	184.5178	0
77	22	-12.49602	187.8186	0
77	23	523.1547	140.9268	0
77	24	719.4002	121.7555	0
77	25	337.1078	186.2918	0
77	26	686.8398	151.4247	0
77	27	754.7332	161.3122	0
77	28	17.92395	159.6983	0
77	29	684.9937	119.8306	0
77	30	645.7616	122.9417	0
77	31	186.0772	201.6042	0
77	32	736.5165	115.7011	0
77	33	763.9219	121.042	0
77	34	354.0134	139.8748	0
77	35	-189.7996	239.6581	0
77	36	336.7463	156.127	0
77	37	458.9198	147.6997	0
77	38	237.2187	205.0733	0
77	39	675.7315	134.7723	0
77	40	810.955	141.369	0
77	41	406.8433	150.692	0
77	42	356.9677	166.8767	0
77	43	475.1982	149.067	0
78	1	414.3204	147.425	0
78	2	757.3062	137.8569	0
78	3	412.0811	146.2504	0
78	4	508.3748	136.08	0
78	5	135.9798	176.3673	0
78	6	572.5287	176.7737	0
78	7	402.104	172.8069	0
78	8	391.4238	196.5923	0
78	9	787.4741	139.8715	0
78	10	246.5551	177.021	0
78	11	772.4555	127.9486	0
78	12	697.3265	125.943	0
78	13	458.2215	127.2445	0
78	14	704.037	141.1545	0
78	15	732.215	136.2852	0
78	16	548.9694	140.066	0
78	17	648.0139	135.0308	0
78	18	706.8656	129.0902	0
78	19	288.7884	179.6598	0
78	20	687.0211	164.9716	0
78	21	-93.86699	184.5134	0
78	22	-12.49299	187.7981	0
78	23	523.1536	140.9188	0
78	24	719.4031	121.7545	0
78	25	337.106	186.2974	0
78	26	686.8806	151.4402	0
78	27	754.7375	161.3116	0
78	28	17.79298	159.7219	0
78	29	684.9964	119.8298	0
78	30	645.7657	122.941	0
78	31	186.0485	201.5902	0
78	32	736.5385	115.7014	0
78	33	763.9304	121.0435	0
78	34	353.994	139.8861	0
78	35	-189.9901	239.6859	0
78	36	336.7363	156.1134	0
78	37	458.9563	147.6966	0
78	38	237.2521	205.0679	0
78	39	675.7396	134.7718	0
78	40	810.9651	141.3715	0
78	41	406.8428	150.6955	0
78	42	356.976	166.8788	0
78	43	475.1818	149.0893	0
79	1	414.3276	147.4257	0
79	2	757.3221	137.8578	0
79	3	412.0894	146.2487	0
79	4	508.3543	136.0764	0
79	5	135.9505	176.3775	0
79	6	572.5313	176.7844	0
79	7	402.0921	172.8279	0
79	8	391.4333	196.594	0
79	9	787.4883	139.8714	0
79	10	246.574	177.0181	0
79	11	772.4391	127.9453	0
79	12	697.3462	125.95	0
79	13	458.2189	127.2453	0
79	14	704.0463	141.1566	0
79	15	732.2181	136.2841	0
79	16	548.9674	140.0571	0
79	17	648.0275	135.0441	0
79	18	706.8578	129.0901	0
79	19	288.732	179.6978	0
79	20	684.8448	165.121	0
79	21	-93.74625	184.5031	0
79	22	-12.49602	187.7784	0
79	23	523.1381	140.9081	0
79	24	719.4066	121.7536	0
79	25	337.1012	186.3037	0
79	26	686.9265	151.4592	0
79	27	754.744	161.3123	0
79	28	17.67674	159.7355	0
79	29	684.9979	119.8288	0
79	30	645.7703	122.9411	0
79	31	186.0257	201.5804	0
79	32	736.552	115.7003	0
79	33	763.9409	121.0452	0
79	34	353.9744	139.8978	0
79	35	-190.0317	239.6827	0
79	36	336.7229	156.1022	0
79	37	458.988	147.6917	0
79	38	237.2881	205.0587	0
79	39	675.748	134.7714	0
79	40	810.9586	141.3708	0
79	41	406.8411	150.6985	0
79	42	356.9734	166.8834	0
79	43	475.1569	149.1041	0
80	1	414.3344	147.4259	0
80	2	757.3369	137.8595	0
80	3	412.0981	146.2473	0
80	4	508.3405	136.074	0
80	5	135.891	176.3955	0
80	6	572.537	176.7996	0
80	7	402.0758	172.8513	0
80	8	391.4423	196.5944	0
80	9	787.505	139.8713	0
80	10	246.5968	177.0147	0
80	11	772.4208	127.9415	0
80	12	697.3707	125.9565	0
80	13	458.2197	127.2468	0
80	14	704.0574	141.1573	0
80	15	732.2215	136.2834	0
80	16	548.9655	140.0478	0
80	17	648.0305	135.0504	0
80	18	706.8596	129.0914	0
80	19	288.6674	179.7387	0
80	20	487.1046	170.289	0
80	21	-93.61316	184.4886	0
80	22	-12.50757	187.7632	0
80	23	523.1124	140.8955	0
80	24	719.4107	121.7535	0
80	25	337.0956	186.31	0
80	26	686.9706	151.4807	0
80	27	754.751	161.315	0
80	28	17.60256	159.7411	0
80	29	684.9999	119.8282	0
80	30	645.7761	122.9416	0
80	31	186.0119	201.5769	0
80	32	736.5572	115.6985	0
80	33	763.9513	121.0464	0
80	34	353.9553	139.9106	0
80	35	-189.926	239.6772	0
80	36	336.7068	156.0916	0
80	37	459.0145	147.6852	0
80	38	237.3244	205.0504	0
80	39	675.7576	134.7713	0
80	40	810.9684	141.37	0
80	41	406.8411	150.7017	0
80	42	356.9607	166.8918	0
80	43	475.132	149.1108	0
81	1	414.3415	147.4254	0
81	2	757.3506	137.8603	0
81	3	412.1086	146.246	0
81	4	508.3342	136.0735	0
81	5	135.8148	176.4203	0
81	6	572.5495	176.8185	0
81	7	402.0542	172.8766	0
81	8	391.4521	196.5945	0
81	9	787.5182	139.8717	0
81	10	246.6214	177.012	0
81	11	772.3976	127.937	0
81	12	697.4005	125.9643	0
81	13	458.2209	127.2486	0
81	14	704.0696	141.1583	0
81	15	732.226	136.2836	0
81	16	548.9486	140.0365	0
81	17	648.0271	135.0523	0
81	18	706.8636	129.0931	0
81	19	288.592	179.781	0
81	20	487.122	170.2744	0
81	21	-93.47316	184.4702	0
81	22	-12.52305	187.7519	0
81	23	523.0875	140.8831	0
81	24	719.4168	121.7542	0
81	25	337.0938	186.3157	0
81	26	687.0108	151.5039	0
81	27	754.763	161.32	0
81	28	17.57792	159.7404	0
81	29	685.0035	119.8274	0
81	30	645.7804	122.943	0
81	31	186.0078	201.5789	0
81	32	736.5552	115.6959	0
81	33	763.9636	121.0465	0
81	34	353.9321	139.9268	0
81	35	-189.7496	239.6678	0
81	36	336.6834	156.0818	0
81	37	459.0342	147.6769	0
81	38	237.3634	205.0427	0
81	39	675.7673	134.7712	0
81	40	810.9978	141.37	0
81	41	406.8443	150.7041	0
81	42	356.9396	166.9051	0
81	43	475.1148	149.1126	0
82	1	414.3493	147.425	0
82	2	757.364	137.8606	0
82	3	412.1205	146.2448	0
82	4	508.3342	136.0745	0
82	5	135.7259	176.4503	0
82	6	572.5669	176.8373	0
82	7	402.0258	172.9011	0
82	8	391.4646	196.5953	0
82	9	787.5272	139.872	0
82	10	246.6405	177.0114	0
82	11	772.3665	127.9306	0
82	12	697.4313	125.9741	0
82	13	458.2221	127.2507	0
82	14	704.081	141.1598	0
82	15	732.2309	136.2848	0
82	16	548.9165	140.0219	0
82	17	648.0162	135.051	0
82	18	706.8687	129.0952	0
82	19	288.5069	179.8169	0
82	20	487.1306	170.2591	0
82	21	-93.34042	184.4498	0
82	22	-12.53564	187.746	0
82	23	523.0632	140.8715	0
82	24	719.4225	121.756	0
82	25	337.0975	186.3193	0
82	26	687.043	151.5261	0
82	27	754.7804	161.329	0
82	28	17.61246	159.7388	0
82	29	685.0071	119.8269	0
82	30	645.7845	122.9449	0
82	31	186.0054	201.5831	0
82	32	736.5461	115.6925	0
82	33	763.9758	121.0471	0
82	34	353.904	139.9447	0
82	35	-189.541	239.6464	0
82	36	336.6523	156.0719	0
82	37	459.0437	147.67	0
82	38	237.4123	205.0333	0
82	39	675.777	134.7712	0
82	40	811.0173	141.3684	0
82	41	406.8519	150.705	0
82	42	356.9178	166.9222	0
82	43	475.1064	149.1094	0
83	1	414.3592	147.425	0
83	2	757.3782	137.8598	0
83	3	412.1305	146.2447	0
83	4	508.3359	136.0758	0
83	5	135.6333	176.4799	0
83	6	572.5887	176.8604	0
83	7	401.9914	172.9189	0
83	8	391.4807	196.5954	0
83	9	787.5267	139.8698	0
83	10	246.6538	177.0126	0
83	11	772.3329	127.9237	0
83	12	697.46	125.985	0
83	13	458.2223	127.2527	0
83	14	704.0915	141.1605	0
83	15	732.2366	136.2868	0
83	16	548.8802	140.0064	0
83	17	648.0413	135.0507	0
83	18	706.8753	129.0975	0
83	19	288.4249	179.839	0
83	20	487.1317	170.2436	0
83	21	-93.21983	184.4308	0
83	22	-12.54191	187.7466	0
83	23	523.0356	140.8606	0
83	24	719.4295	121.7584	0
83	25	337.1088	186.3219	0
83	26	687.0616	151.5413	0
83	27	754.8071	161.3421	0
83	28	17.68339	159.738	0
83	29	685.0113	119.8273	0
83	30	645.7897	122.9479	0
83	31	186.0023	201.5882	0
83	32	736.5295	115.6901	0
83	33	763.9868	121.0482	0
83	34	353.8695	139.9637	0
83	35	-189.2983	239.612	0
83	36	336.6229	156.0623	0
83	37	459.0524	147.6623	0
83	38	237.4551	205.028	0
83	39	675.7858	134.7718	0
83	40	811.0233	141.3649	0
83	41	406.8625	150.7065	0
83	42	356.8961	166.9412	0
83	43	475.1587	149.1102	0
84	1	414.3712	147.4248	0
84	2	757.3934	137.8592	0
84	3	412.1391	146.2455	0
84	4	508.3376	136.0774	0
84	5	135.5275	176.517	0
84	6	572.6087	176.8868	0
84	7	401.9601	172.9282	0
84	8	391.4984	196.5956	0
84	9	787.5261	139.8677	0
84	10	246.6538	177.0164	0
84	11	772.302	127.9174	0
84	12	697.4851	125.9963	0
84	13	458.2229	127.2545	0
84	14	704.1017	141.1607	0
84	15	732.2458	136.29	0
84	16	548.8483	139.9923	0
84	17	648.0792	135.0506	0
84	18	706.8826	129.0993	0
84	19	288.3689	179.8488	0
84	20	487.1134	170.2242	0
84	21	-93.10665	184.4109	0
84	22	-12.54798	187.7502	0
84	23	523.0058	140.8517	0
84	24	719.4407	121.7621	0
84	25	337.1219	186.325	0
84	26	687.0668	151.5485	0
84	27	754.8472	161.3583	0
84	28	17.76389	159.7345	0
84	29	685.0164	119.8282	0
84	30	645.7967	122.9528	0
84	31	185.9957	201.5947	0
84	32	736.5131	115.687	0
84	33	763.9974	121.0486	0
84	34	353.828	139.9802	0
84	35	-189.0372	239.5685	0
84	36	336.5959	156.0552	0
84	37	459.05	147.6532	0
84	38	237.492	205.0266	0
84	39	675.7899	134.7711	0
84	40	811.0194	141.36	0
84	41	406.8719	150.7082	0
84	42	356.8751	166.9626	0
84	43	475.2083	149.1089	0
85	1	414.3835	147.4247	0
85	2	757.41	137.859	0
85	3	412.1425	146.2474	0
85	4	508.3396	136.0792	0
85	5	135.4084	176.5588	0
85	6	572.6246	176.9154	0
85	7	401.9406	172.9315	0
85	8	391.5149	196.596	0
85	9	787.5266	139.8661	0
85	10	246.6392	177.0238	0
85	11	772.2695	127.9111	0
85	12	697.5021	126.0049	0
85	13	458.2252	127.2562	0
85	14	704.1128	141.1601	0
85	15	732.2585	136.2957	0
85	16	548.8127	139.9785	0
85	17	648.1086	135.0486	0
85	18	706.8917	129.1013	0
85	19	288.3458	179.8483	0
85	20	487.0836	170.203	0
85	21	-93.01851	184.3878	0
85	22	-12.5547	187.755	0
85	23	522.9758	140.844	0
85	24	719.4562	121.7685	0
85	25	337.1335	186.3271	0
85	26	687.064	151.5506	0
85	27	754.8983	161.3755	0
85	28	17.853	159.7274	0
85	29	685.0208	119.8298	0
85	30	645.8096	122.9591	0
85	31	185.9836	201.6018	0
85	32	736.4887	115.6824	0
85	33	764.0079	121.0483	0
85	34	353.7848	139.9892	0
85	35	-188.7695	239.5157	0
85	36	336.575	156.0498	0
85	37	459.0364	147.6418	0
85	38	237.5096	205.0306	0
85	39	675.7915	134.7697	0
85	40	811.0044	141.3535	0
85	41	406.8808	150.7092	0
85	42	356.8488	166.9883	0
85	43	475.2511	149.1042	0
86	1	414.3952	147.4253	0
86	2	757.4255	137.8589	0
86	3	412.1403	146.2507	0
86	4	508.3408	136.0807	0
86	5	135.2774	176.6039	0
86	6	572.6335	176.9442	0
86	7	401.9299	172.928	0
86	8	391.5305	196.5954	0
86	9	787.5286	139.8643	0
86	10	246.6082	177.0368	0
86	11	772.2354	127.9059	0
86	12	697.5099	126.0087	0
86	13	458.2301	127.2569	0
86	14	704.1247	141.1596	0
86	15	732.2781	136.3035	0
86	16	548.7732	139.9669	0
86	17	648.1267	135.0446	0
86	18	706.901	129.1029	0
86	19	288.3851	179.8462	0
86	20	487.0573	170.1828	0
86	21	-92.94953	184.3618	0
86	22	-12.5665	187.7609	0
86	23	522.9417	140.8364	0
86	24	719.4813	121.7768	0
86	25	337.1444	186.329	0
86	26	687.0502	151.5475	0
86	27	754.9583	161.3958	0
86	28	17.94625	159.718	0
86	29	685.0268	119.832	0
86	30	645.828	122.9658	0
86	31	185.9698	201.6095	0
86	32	736.4571	115.6764	0
86	33	764.0193	121.0474	0
86	34	353.7523	139.9926	0
86	35	-188.5289	239.4663	0
86	36	336.5629	156.0476	0
86	37	459.0193	147.6299	0
86	38	237.4959	205.0426	0
86	39	675.7934	134.7686	0
86	40	810.9816	141.3476	0
86	41	406.8892	150.709	0
86	42	356.8169	167.016	0
86	43	475.2877	149.0975	0
87	1	414.4056	147.4244	0
87	2	757.4424	137.8589	0
87	3	412.1321	146.2565	0
87	4	508.3431	136.0825	0
87	5	135.1349	176.648	0
87	6	572.6313	176.9667	0
87	7	401.9765	172.9285	0
87	8	391.5447	196.5907	0
87	9	787.5309	139.8633	0
87	10	246.5697	177.0545	0
87	11	772.2024	127.9018	0
87	12	697.5104	126.0097	0
87	13	458.2383	127.2575	0
87	14	704.1379	141.1595	0
87	15	732.3064	136.3126	0
87	16	548.7341	139.9575	0
87	17	648.136	135.0392	0
87	18	706.9123	129.1032	0
87	19	288.4633	179.8441	0
87	20	487.0294	170.1631	0
87	21	-92.88717	184.3362	0
87	22	-12.58655	187.7679	0
87	23	522.9012	140.8289	0
87	24	719.5163	121.7858	0
87	25	337.155	186.3292	0
87	26	687.097	151.5484	0
87	27	755.0194	161.4194	0
87	28	18.04029	159.7057	0
87	29	685.0346	119.8357	0
87	30	645.8513	122.9731	0
87	31	185.9619	201.6161	0
87	32	736.4251	115.67	0
87	33	764.0313	121.0469	0
87	34	353.7353	139.9923	0
87	35	-188.2907	239.4139	0
87	36	336.5598	156.0486	0
87	37	459.0049	147.619	0
87	38	237.4516	205.0657	0
87	39	675.7971	134.7676	0
87	40	810.9529	141.3412	0
87	41	406.8984	150.7083	0
87	42	356.7774	167.0453	0
87	43	475.3172	149.0887	0
88	1	414.4153	147.4224	0
88	2	757.4567	137.8596	0
88	3	412.1221	146.2649	0
88	4	508.3467	136.0838	0
88	5	134.9911	176.6808	0
88	6	572.6216	176.9795	0
88	7	402.0229	172.9266	0
88	8	391.5594	196.5858	0
88	9	787.5354	139.8635	0
88	10	246.5264	177.0759	0
88	11	772.1694	127.8976	0
88	12	697.5021	126.0086	0
88	13	458.2469	127.2588	0
88	14	704.1506	141.1593	0
88	15	732.3401	136.3211	0
88	16	548.6923	139.9481	0
88	17	648.1353	135.0316	0
88	18	706.9242	129.1041	0
88	19	288.5427	179.8375	0
88	20	486.9975	170.1451	0
88	21	-92.82207	184.3118	0
88	22	-12.61318	187.7748	0
88	23	522.8613	140.8216	0
88	24	719.5599	121.7953	0
88	25	337.1668	186.3289	0
88	26	687.1349	151.5471	0
88	27	755.0775	161.445	0
88	28	18.12268	159.6945	0
88	29	685.0468	119.8412	0
88	30	645.8757	122.9825	0
88	31	185.9619	201.6198	0
88	32	736.3948	115.6643	0
88	33	764.0439	121.0467	0
88	34	353.7489	139.9909	0
88	35	-188.0933	239.3616	0
88	36	336.5599	156.0508	0
88	37	458.9876	147.6083	0
88	38	237.3807	205.1017	0
88	39	675.8005	134.7666	0
88	40	810.921	141.3344	0
88	41	406.9089	150.7081	0
88	42	356.7292	167.0711	0
88	43	475.3373	149.0784	0
89	1	414.4254	147.4206	0
89	2	757.4637	137.8591	0
89	3	412.1129	146.2752	0
89	4	508.3525	136.0841	0
89	5	134.8757	176.6985	0
89	6	572.6109	176.9847	0
89	7	402.0655	172.9211	0
89	8	391.5747	196.5819	0
89	9	787.541	139.8651	0
89	10	246.4826	177.097	0
89	11	772.1339	127.8938	0
89	12	697.5171	126.0085	0
89	13	458.2546	127.2594	0
89	14	704.1642	141.1592	0
89	15	732.3795	136.3323	0
89	16	548.6425	139.9392	0
89	17	648.124	135.0251	0
89	18	706.9348	129.1053	0
89	19	288.6202	179.8257	0
89	20	486.963	170.13	0
89	21	-92.76463	184.2884	0
89	22	-12.63548	187.7816	0
89	23	522.8268	140.8156	0
89	24	719.6075	121.8075	0
89	25	337.1815	186.3295	0
89	26	687.1599	151.5425	0
89	27	755.1294	161.4709	0
89	28	18.20209	159.6823	0
89	29	685.0665	119.8478	0
89	30	645.8983	122.9929	0
89	31	185.9718	201.6228	0
89	32	736.3625	115.6588	0
89	33	764.0564	121.0465	0
89	34	353.7975	139.991	0
89	35	-187.9337	239.3021	0
89	36	336.5602	156.0534	0
89	37	458.9678	147.5992	0
89	38	237.2994	205.1485	0
89	39	675.8046	134.7664	0
89	40	810.8782	141.3251	0
89	41	406.9224	150.708	0
89	42	356.6785	167.0872	0
89	43	475.3457	149.0694	0
90	1	414.4365	147.419	0
90	2	757.4637	137.8568	0
90	3	412.1051	146.2851	0
90	4	508.3601	136.0847	0
90	5	134.8124	176.705	0
90	6	572.5954	176.9822	0
90	7	402.1044	172.9133	0
90	8	391.5943	196.5773	0
90	9	787.5496	139.868	0
90	10	246.4327	177.1235	0
90	11	772.0972	127.8899	0
90	12	697.5437	126.0086	0
90	13	458.2619	127.2597	0
90	14	704.1761	141.1598	0
90	15	732.4185	136.3452	0
90	16	548.5903	139.9304	0
90	17	648.1108	135.0186	0
90	18	706.9451	129.1059	0
90	19	288.6948	179.8099	0
90	20	486.927	170.1161	0
90	21	-92.71272	184.2681	0
90	22	-12.64747	187.7863	0
90	23	522.8001	140.8108	0
90	24	719.6533	121.8213	0
90	25	337.2017	186.3295	0
90	26	687.1726	151.5358	0
90	27	755.1671	161.4913	0
90	28	18.26706	159.6698	0
90	29	685.0923	119.8542	0
90	30	645.9175	123.0041	0
90	31	185.9823	201.6265	0
90	32	736.3289	115.6545	0
90	33	764.0687	121.0466	0
90	34	353.8461	139.9895	0
90	35	-187.8005	239.2417	0
90	36	336.5595	156.0566	0
90	37	458.9471	147.5917	0
90	38	237.2113	205.2011	0
90	39	675.8102	134.767	0
90	40	810.8304	141.3148	0
90	41	406.9382	150.7078	0
90	42	356.6401	167.0944	0
90	43	475.3528	149.0595	0
91	1	414.45	147.4172	0
91	2	757.464	137.8548	0
91	3	412.0974	146.2974	0
91	4	508.3669	136.0857	0
91	5	134.7984	176.6989	0
91	6	572.6324	176.9818	0
91	7	402.1388	172.9031	0
91	8	391.6149	196.5734	0
91	9	787.5656	139.8728	0
91	10	246.3751	177.1533	0
91	11	772.0646	127.8861	0
91	12	697.5637	126.0077	0
91	13	458.2693	127.2591	0
91	14	704.1823	141.159	0
91	15	732.455	136.3594	0
91	16	548.5441	139.9222	0
91	17	648.0897	135.0111	0
91	18	706.9551	129.1056	0
91	19	288.7634	179.7897	0
91	20	486.8848	170.1032	0
91	21	-92.67266	184.2506	0
91	22	-12.64648	187.789	0
91	23	522.7835	140.8081	0
91	24	719.6953	121.8363	0
91	25	337.2235	186.3295	0
91	26	687.1742	151.5269	0
91	27	755.1879	161.5025	0
91	28	18.3142	159.6537	0
91	29	685.1229	119.8622	0
91	30	645.9299	123.0137	0
91	31	185.9916	201.6288	0
91	32	736.2968	115.651	0
91	33	764.0792	121.0473	0
91	34	353.8917	139.9856	0
91	35	-187.6623	239.1843	0
91	36	336.5564	156.0601	0
91	37	458.9235	147.5844	0
91	38	237.118	205.2608	0
91	39	675.8147	134.7684	0
91	40	810.7861	141.3051	0
91	41	406.9535	150.7078	0
91	42	356.6213	167.095	0
91	43	475.3443	149.0472	0
92	1	414.4627	147.4166	0
92	2	757.4666	137.8532	0
92	3	412.0867	146.3118	0
92	4	508.3733	136.0862	0
92	5	134.8835	176.6998	0
92	6	572.6772	176.9799	0
92	7	402.1659	172.8912	0
92	8	391.6322	196.5721	0
92	9	787.5884	139.8813	0
92	10	246.3099	177.1854	0
92	11	772.0393	127.8831	0
92	12	697.5745	126.0055	0
92	13	458.2775	127.2583	0
92	14	704.1838	141.157	0
92	15	732.4859	136.3731	0
92	16	548.5067	139.9157	0
92	17	648.0559	135.0007	0
92	18	706.9662	129.1048	0
92	19	288.8167	179.7705	0
92	20	486.8343	170.0904	0
92	21	-92.64304	184.2336	0
92	22	-12.63871	187.7923	0
92	23	522.7775	140.8084	0
92	24	719.7285	121.8497	0
92	25	337.2447	186.3297	0
92	26	687.1644	151.5161	0
92	27	755.1933	161.5069	0
92	28	18.34928	159.6363	0
92	29	685.1533	119.8719	0
92	30	645.9344	123.0184	0
92	31	185.9994	201.6308	0
92	32	736.2634	115.6474	0
92	33	764.082	121.0465	0
92	34	353.9345	139.9801	0
92	35	-187.5321	239.1278	0
92	36	336.5528	156.0634	0
92	37	458.8942	147.5774	0
92	38	237.0084	205.331	0
92	39	675.8197	134.7707	0
92	40	810.7401	141.2957	0
92	41	406.968	150.7086	0
92	42	356.6389	167.0929	0
92	43	475.3235	149.0326	0
93	1	414.4745	147.4169	0
93	2	757.4691	137.8513	0
93	3	412.072	146.3277	0
93	4	508.3792	136.0861	0
93	5	134.9827	176.6963	0
93	6	572.7139	176.9745	0
93	7	402.1823	172.8806	0
93	8	391.6446	196.5733	0
93	9	787.6235	139.8928	0
93	10	246.2365	177.2166	0
93	11	772.0222	127.881	0
93	12	697.5785	126.0024	0
93	13	458.2872	127.258	0
93	14	704.1862	141.1553	0
93	15	732.5062	136.3821	0
93	16	548.4813	139.9113	0
93	17	648.0173	134.9893	0
93	18	706.9783	129.1043	0
93	19	288.8646	179.7515	0
93	20	486.7861	170.078	0
93	21	-92.62886	184.2174	0
93	22	-12.63269	187.7949	0
93	23	522.7783	140.8099	0
93	24	719.7487	121.8569	0
93	25	337.2653	186.3291	0
93	26	687.1429	151.5069	0
93	27	755.1805	161.5052	0
93	28	18.38636	159.6198	0
93	29	685.1815	119.8827	0
93	30	645.9326	123.0196	0
93	31	186.0064	201.6313	0
93	32	736.2267	115.644	0
93	33	764.0817	121.0452	0
93	34	353.9726	139.9726	0
93	35	-187.4121	239.0757	0
93	36	336.5519	156.0663	0
93	37	458.8622	147.5704	0
93	38	236.8852	205.4061	0
93	39	675.8267	134.7746	0
93	40	810.6923	141.2873	0
93	41	406.9808	150.7064	0
93	42	356.6959	167.0922	0
93	43	475.3009	149.0178	0
94	1	414.4817	147.4187	0
94	2	757.4728	137.8506	0
94	3	412.052	146.3437	0
94	4	508.3855	136.0855	0
94	5	135.0875	176.6867	0
94	6	572.7412	176.9658	0
94	7	402.1978	172.8692	0
94	8	391.6466	196.5782	0
94	9	787.6731	139.9064	0
94	10	246.1598	177.2396	0
94	11	772.0139	127.8803	0
94	12	697.5748	125.998	0
94	13	458.2989	127.2578	0
94	14	704.1901	141.1538	0
94	15	732.515	136.386	0
94	16	548.4694	139.9103	0
94	17	647.9826	134.9788	0
94	18	706.991	129.1041	0
94	19	288.8967	179.7321	0
94	20	486.7445	170.0687	0
94	21	-92.62369	184.2019	0
94	22	-12.62811	187.7973	0
94	23	522.7804	140.812	0
94	24	719.7554	121.8588	0
94	25	337.286	186.3237	0
94	26	687.1226	151.4974	0
94	27	755.2107	161.5048	0
94	28	18.42125	159.6037	0
94	29	685.2054	119.8936	0
94	30	645.9272	123.0193	0
94	31	186.0142	201.6319	0
94	32	736.1906	115.6404	0
94	33	764.0819	121.0443	0
94	34	354.0016	139.9654	0
94	35	-187.3116	239.0309	0
94	36	336.5552	156.0679	0
94	37	458.8335	147.5642	0
94	38	236.7446	205.485	0
94	39	675.8365	134.7807	0
94	40	810.6453	141.2806	0
94	41	406.9936	150.7037	0
94	42	356.7527	167.0887	0
94	43	475.2805	149.0041	0
63	1	414.4783	143.4831	0
63	2	755.1897	143.3332	0
63	3	409.7316	142.6981	0
63	4	510.3034	131.4075	0
63	5	133.4209	177.7439	0
63	6	572.8587	165.1581	0
63	7	401.1334	153.7274	0
63	8	393.7195	181.1669	0
63	9	786.2146	140.6939	0
63	10	245.5815	159.3398	0
63	11	775.6509	118.9426	0
63	12	697.9205	127.0834	0
63	13	455.3251	133.8607	0
63	14	702.8052	141.6799	0
63	15	733.899	134.8819	0
63	16	546.1347	158.2256	0
63	17	646.2595	139.7432	0
63	18	708.3994	128.284	0
63	19	288.2657	179.4037	0
63	20	485.4929	173.1861	0
63	21	-89.95443	183.2763	0
63	22	-13.67397	190.3525	0
63	23	521.547	144.3239	0
63	24	717.3061	128.3573	0
63	25	335.3046	181.5378	0
63	26	688.8398	144.2472	0
63	27	758.4585	148.3673	0
63	28	16.90352	155.5983	0
63	29	685.4	118.6185	0
63	30	642.9011	128.295	0
63	31	186.5624	201.1699	0
63	32	737.06	118.9534	0
63	33	761.2464	125.9761	0
63	34	353.6249	148.979	0
63	35	-192.7727	251.8312	0
63	36	335.6694	159.3687	0
63	37	460.9417	151.3549	0
63	38	240.6441	210.1991	0
63	39	676.9523	122.6393	0
63	40	813.7596	137.7849	0
63	41	407.2298	147.4693	0
63	42	358.3384	169.1862	0
63	43	475.6616	151.4647	0
64	1	414.4657	143.4919	0
64	2	755.1379	143.3207	0
64	3	409.7317	142.6996	0
64	4	510.2708	131.402	0
64	5	133.2968	177.7874	0
64	6	572.9074	165.1535	0
64	7	401.0833	153.7446	0
64	8	393.7347	181.1695	0
64	9	786.2285	140.6955	0
64	10	245.6057	159.3367	0
64	11	775.6061	118.9365	0
64	12	697.9273	127.0842	0
64	13	455.3226	133.8726	0
64	14	702.8165	141.6793	0
64	15	733.9088	134.8813	0
64	16	546.1365	158.2273	0
64	17	646.2628	139.742	0
64	18	708.4036	128.283	0
64	19	288.2663	179.4075	0
64	20	485.4906	173.1951	0
64	21	-89.83134	183.2577	0
64	22	-13.63247	190.3469	0
64	23	521.5558	144.3223	0
64	24	717.3062	128.3582	0
64	25	335.3492	181.5157	0
64	26	688.7827	144.2351	0
64	27	758.4734	148.3728	0
64	28	16.90854	155.6004	0
64	29	685.3955	118.6143	0
64	30	642.9074	128.2953	0
64	31	186.5047	201.1938	0
64	32	737.0647	118.9549	0
64	33	761.2506	125.9731	0
64	34	353.6348	148.9794	0
64	35	-192.5585	251.7822	0
64	36	335.6829	159.3676	0
64	37	460.9501	151.3549	0
64	38	240.7279	210.1623	0
64	39	676.9081	122.6315	0
64	40	813.7108	137.7746	0
64	41	407.2021	147.4589	0
64	42	358.3173	169.2042	0
64	43	475.7084	151.4629	0
65	1	414.4538	143.5035	0
65	2	755.0835	143.3087	0
65	3	409.7323	142.7014	0
65	4	510.2418	131.3971	0
65	5	133.1598	177.8326	0
65	6	572.9429	165.1447	0
65	7	401.0421	153.752	0
65	8	393.748	181.1721	0
65	9	786.2415	140.6962	0
65	10	245.6358	159.3332	0
65	11	775.5625	118.9318	0
65	12	697.9352	127.0846	0
65	13	455.3168	133.8859	0
65	14	702.8293	141.6791	0
65	15	733.9194	134.881	0
65	16	546.1386	158.2294	0
65	17	646.2681	139.7406	0
65	18	708.4088	128.2832	0
65	19	288.274	179.4094	0
65	20	485.4838	173.2098	0
65	21	-89.71001	183.2376	0
65	22	-13.58962	190.3416	0
65	23	521.5656	144.3207	0
65	24	717.3099	128.3596	0
65	25	335.3853	181.4934	0
65	26	688.728	144.2253	0
65	27	758.4955	148.3827	0
65	28	16.91307	155.6015	0
65	29	685.382	118.6112	0
65	30	642.91	128.2945	0
65	31	186.4341	201.2258	0
65	32	737.0723	118.9573	0
65	33	761.2452	125.9688	0
65	34	353.6443	148.978	0
65	35	-192.3557	251.7328	0
65	36	335.6965	159.3648	0
65	37	460.9601	151.3548	0
65	38	240.7865	210.1252	0
65	39	676.8646	122.6254	0
65	40	813.6601	137.7646	0
65	41	407.1649	147.449	0
65	42	358.2972	169.2233	0
65	43	475.7483	151.4579	0
66	1	414.4436	143.5164	0
66	2	755.026	143.2988	0
66	3	409.7326	142.7035	0
66	4	510.2184	131.3932	0
66	5	133.0157	177.8714	0
66	6	572.9678	165.133	0
66	7	401.0197	153.7531	0
66	8	393.7605	181.174	0
66	9	786.2542	140.6964	0
66	10	245.6686	159.3304	0
66	11	775.5195	118.9272	0
66	12	697.9433	127.0853	0
66	13	455.3065	133.9002	0
66	14	702.8415	141.679	0
66	15	733.9299	134.8809	0
66	16	546.1413	158.2319	0
66	17	646.2735	139.7395	0
66	18	708.4161	128.2842	0
66	19	288.2856	179.4117	0
66	20	485.4802	173.2293	0
66	21	-89.6123	183.2163	0
66	22	-13.53467	190.3352	0
66	23	521.575	144.3203	0
66	24	717.314	128.3612	0
66	25	335.395	181.4665	0
66	26	688.671	144.2155	0
66	27	758.5288	148.397	0
66	28	16.91646	155.6016	0
66	29	685.3682	118.6074	0
66	30	642.9122	128.2935	0
66	31	186.3544	201.264	0
66	32	737.0831	118.9611	0
66	33	761.2314	125.9637	0
66	34	353.6541	148.9762	0
66	35	-192.1926	251.6793	0
66	36	335.7103	159.3623	0
66	37	460.971	151.3547	0
66	38	240.8138	210.0818	0
66	39	676.821	122.6195	0
66	40	813.6072	137.7557	0
66	41	407.1247	147.4393	0
66	42	358.2734	169.2469	0
66	43	475.7823	151.451	0
67	1	414.4357	143.5304	0
67	2	754.9719	143.2905	0
67	3	409.7318	142.7059	0
67	4	510.2027	131.3907	0
67	5	132.8848	177.8953	0
67	6	572.9808	165.1176	0
67	7	401.0306	153.7503	0
67	8	393.7718	181.1744	0
67	9	786.2678	140.6958	0
67	10	245.6943	159.33	0
67	11	775.473	118.9228	0
67	12	697.9506	127.0859	0
67	13	455.2899	133.9128	0
67	14	702.8555	141.679	0
67	15	733.941	134.8807	0
67	16	546.1434	158.2343	0
67	17	646.2792	139.7395	0
67	18	708.4227	128.2864	0
67	19	288.2956	179.414	0
67	20	485.4803	173.2512	0
67	21	-89.53636	183.1908	0
67	22	-13.48863	190.332	0
67	23	521.5847	144.321	0
67	24	717.3199	128.363	0
67	25	335.3862	181.4366	0
67	26	688.6078	144.2062	0
67	27	758.5793	148.4148	0
67	28	16.91984	155.6009	0
67	29	685.3461	118.6023	0
67	30	642.9149	128.2928	0
67	31	186.2708	201.3054	0
67	32	737.1006	118.9661	0
67	33	761.2082	125.9596	0
67	34	353.6641	148.9748	0
67	35	-192.0598	251.6217	0
67	36	335.7252	159.3601	0
67	37	460.981	151.3549	0
67	38	240.8238	210.0371	0
67	39	676.7725	122.6139	0
67	40	813.5549	137.7486	0
67	41	407.0887	147.4306	0
67	42	358.2441	169.273	0
67	43	475.8091	151.4417	0
68	1	414.425	143.5477	0
68	2	754.9157	143.2822	0
68	3	409.7309	142.7079	0
68	4	510.1956	131.3903	0
68	5	132.7991	177.906	0
68	6	572.9796	165.1033	0
68	7	401.097	153.7503	0
68	8	393.784	181.1741	0
68	9	786.2823	140.6953	0
68	10	245.7126	159.3317	0
68	11	775.4244	118.9183	0
68	12	697.9576	127.0863	0
68	13	455.2689	133.9197	0
68	14	702.8671	141.6794	0
68	15	733.9512	134.8807	0
68	16	546.1468	158.2369	0
68	17	646.2856	139.7403	0
68	18	708.4315	128.2896	0
68	19	288.3048	179.4157	0
68	20	485.4848	173.2743	0
68	21	-89.4741	183.1645	0
68	22	-13.45195	190.3315	0
68	23	521.5906	144.3229	0
68	24	717.3259	128.3646	0
68	25	335.3782	181.4076	0
68	26	688.5437	144.1971	0
68	27	758.6437	148.4333	0
68	28	16.9245	155.6007	0
68	29	685.3151	118.5953	0
68	30	642.9188	128.2921	0
68	31	186.1747	201.3549	0
68	32	737.1242	118.9714	0
68	33	761.1852	125.9547	0
68	34	353.6759	148.9734	0
68	35	-191.9396	251.5654	0
68	36	335.7438	159.3575	0
68	37	460.99	151.3549	0
68	38	240.8402	209.9948	0
68	39	676.721	122.6081	0
68	40	813.5046	137.7419	0
68	41	407.0579	147.4238	0
68	42	358.208	169.3008	0
68	43	475.8265	151.432	0
69	1	414.4098	143.5669	0
69	2	754.8537	143.2742	0
69	3	409.7316	142.7097	0
69	4	510.1953	131.3914	0
69	5	132.7674	177.9055	0
69	6	572.9736	165.0891	0
69	7	401.1621	153.7475	0
69	8	393.798	181.1746	0
69	9	786.298	140.6952	0
69	10	245.7133	159.3362	0
69	11	775.3815	118.9137	0
69	12	697.9647	127.086	0
69	13	455.2505	133.9221	0
69	14	702.8754	141.6794	0
69	15	733.9599	134.8813	0
69	16	546.1512	158.239	0
69	17	646.2906	139.7423	0
69	18	708.4439	128.295	0
69	19	288.3128	179.4161	0
69	20	485.4887	173.3029	0
69	21	-89.40805	183.1397	0
69	22	-13.43767	190.3348	0
69	23	521.5925	144.3263	0
69	24	717.334	128.3663	0
69	25	335.3714	181.3797	0
69	26	688.4875	144.1887	0
69	27	758.7195	148.4553	0
69	28	16.93487	155.6006	0
69	29	685.2822	118.5877	0
69	30	642.9229	128.2916	0
69	31	186.066	201.4092	0
69	32	737.1532	118.977	0
69	33	761.1522	125.9481	0
69	34	353.6894	148.972	0
69	35	-191.8148	251.5112	0
69	36	335.7615	159.3563	0
69	37	460.9972	151.3531	0
69	38	240.8507	209.9532	0
69	39	676.6752	122.6024	0
69	40	813.4509	137.7357	0
69	41	407.0369	147.4193	0
69	42	358.1642	169.3261	0
69	43	475.8346	151.4228	0
70	1	414.3885	143.5876	0
70	2	754.7938	143.2663	0
70	3	409.7349	142.7108	0
70	4	510.1968	131.3929	0
70	5	132.8112	177.9028	0
70	6	572.9576	165.0743	0
70	7	401.2207	153.7406	0
70	8	393.8168	181.1749	0
70	9	786.3124	140.695	0
70	10	245.6952	159.3443	0
70	11	775.348	118.9102	0
70	12	697.9724	127.0854	0
70	13	455.2386	133.9221	0
70	14	702.8772	141.6776	0
70	15	733.9621	134.8801	0
70	16	546.158	158.2399	0
70	17	646.2964	139.7455	0
70	18	708.4627	128.303	0
70	19	288.3215	179.4159	0
70	20	485.4878	173.3344	0
70	21	-89.34748	183.1154	0
70	22	-13.46265	190.3436	0
70	23	521.5917	144.3322	0
70	24	717.3422	128.3677	0
70	25	335.3583	181.3535	0
70	26	688.4442	144.1823	0
70	27	758.797	148.4813	0
70	28	16.9514	155.6003	0
70	29	685.2517	118.5808	0
70	30	642.9272	128.2918	0
70	31	185.9449	201.4669	0
70	32	737.1844	118.9843	0
70	33	761.1108	125.9396	0
70	34	353.7006	148.9719	0
70	35	-191.7024	251.4588	0
70	36	335.7769	159.3564	0
70	37	461.0048	151.3513	0
70	38	240.8539	209.9151	0
70	39	676.6388	122.5979	0
70	40	813.394	137.7294	0
70	41	407.0272	147.4186	0
70	42	358.1169	169.3428	0
70	43	475.8393	151.4129	0
71	1	414.3594	143.6061	0
71	2	754.7431	143.2595	0
71	3	409.7416	142.7116	0
71	4	510.1985	131.3947	0
71	5	132.9042	177.9008	0
71	6	572.9232	165.0554	0
71	7	401.2735	153.7309	0
71	8	393.8391	181.1748	0
71	9	786.3281	140.695	0
71	10	245.6546	159.3587	0
71	11	775.3248	118.9074	0
71	12	697.981	127.0851	0
71	13	455.2443	133.9207	0
71	14	702.879	141.6756	0
71	15	733.9629	134.8786	0
71	16	546.1668	158.2409	0
71	17	646.3031	139.7512	0
71	18	708.4918	128.3131	0
71	19	288.332	179.4164	0
71	20	485.4801	173.368	0
71	21	-89.29234	183.0938	0
71	22	-13.52815	190.36	0
71	23	521.5901	144.3412	0
71	24	717.3521	128.368	0
71	25	335.3396	181.3309	0
71	26	688.4153	144.1779	0
71	27	758.8708	148.5096	0
71	28	16.96772	155.6004	0
71	29	685.2191	118.5742	0
71	30	642.9317	128.2926	0
71	31	185.812	201.522	0
71	32	737.2145	118.9926	0
71	33	761.0697	125.9309	0
71	34	353.7101	148.9726	0
71	35	-191.5986	251.4114	0
71	36	335.7859	159.3582	0
71	37	461.0128	151.3499	0
71	38	240.8492	209.8827	0
71	39	676.6133	122.5945	0
71	40	813.3427	137.723	0
71	41	407.0265	147.4203	0
71	42	358.0794	169.3507	0
71	43	475.8287	151.4003	0
72	1	414.325	143.6173	0
72	2	754.7049	143.2541	0
72	3	409.7492	142.7129	0
72	4	510.2004	131.3966	0
72	5	133.0058	177.8941	0
72	6	572.8798	165.0351	0
72	7	401.3192	153.718	0
72	8	393.8605	181.175	0
72	9	786.3412	140.6958	0
72	10	245.6038	159.3785	0
72	11	775.3135	118.9065	0
72	12	697.9896	127.085	0
72	13	455.2814	133.9211	0
72	14	702.8817	141.6742	0
72	15	733.9642	134.8775	0
72	16	546.175	158.2424	0
72	17	646.3139	139.7595	0
72	18	708.528	128.3226	0
72	19	288.3482	179.4167	0
72	20	485.4622	173.3989	0
72	21	-89.24804	183.0756	0
72	22	-13.62963	190.3857	0
72	23	521.5932	144.3527	0
72	24	717.3625	128.3686	0
72	25	335.3175	181.311	0
72	26	688.4026	144.1771	0
72	27	758.9374	148.5384	0
72	28	16.98489	155.6012	0
72	29	685.1844	118.5688	0
72	30	642.9354	128.294	0
72	31	185.6773	201.5628	0
72	32	737.2423	119.0016	0
72	33	761.0299	125.923	0
72	34	353.7136	148.9745	0
72	35	-191.5157	251.3704	0
72	36	335.784	159.3621	0
72	37	461.0229	151.3483	0
72	38	240.8357	209.8522	0
72	39	676.6008	122.5933	0
72	40	813.302	137.7182	0
72	41	407.028	147.4228	0
72	42	358.0588	169.3523	0
72	43	475.8073	151.3859	0
73	1	414.2957	143.6218	0
73	2	754.6811	143.2507	0
73	3	409.7558	142.7136	0
73	4	510.2017	131.3983	0
73	5	133.1134	177.8818	0
73	6	572.8419	165.016	0
73	7	401.3523	153.7042	0
73	8	393.8808	181.176	0
73	9	786.3467	140.6951	0
73	10	245.5474	159.4024	0
73	11	775.3126	118.9073	0
73	12	697.999	127.0848	0
73	13	455.3167	133.9203	0
73	14	702.886	141.6726	0
73	15	733.9673	134.8764	0
73	16	546.1827	158.2432	0
73	17	646.3325	139.7697	0
73	18	708.5718	128.334	0
73	19	288.3677	179.4167	0
73	20	485.4354	173.4196	0
73	21	-89.214	183.0581	0
73	22	-13.75366	190.4186	0
73	23	521.6005	144.3649	0
73	24	717.3722	128.3696	0
73	25	335.2868	181.292	0
73	26	688.403	144.1787	0
73	27	758.9862	148.5609	0
73	28	17.00993	155.5991	0
73	29	685.1511	118.5645	0
73	30	642.9395	128.296	0
73	31	185.5717	201.5851	0
73	32	737.264	119.0093	0
73	33	760.9882	125.9154	0
73	34	353.7096	148.9778	0
73	35	-191.45	251.331	0
73	36	335.7719	159.369	0
73	37	461.0336	151.3472	0
73	38	240.807	209.8238	0
73	39	676.5994	122.5942	0
73	40	813.2731	137.7144	0
73	41	407.0291	147.4257	0
73	42	358.0652	169.3495	0
73	43	475.7867	151.3716	0
74	1	414.2792	143.6224	0
74	2	754.6721	143.2506	0
74	3	409.7622	142.7141	0
74	4	510.2042	131.4002	0
74	5	133.223	177.8655	0
74	6	572.8011	164.9973	0
74	7	401.3756	153.6918	0
74	8	393.8993	181.1716	0
74	9	786.3456	140.6929	0
74	10	245.4897	159.4272	0
74	11	775.3166	118.9084	0
74	12	698.0073	127.0849	0
74	13	455.3472	133.9176	0
74	14	702.8908	141.6716	0
74	15	733.9702	134.8754	0
74	16	546.19	158.2435	0
74	17	646.3575	139.78	0
74	18	708.6171	128.3483	0
74	19	288.3867	179.4169	0
74	20	485.4097	173.4298	0
74	21	-89.19409	183.0418	0
74	22	-13.89461	190.4555	0
74	23	521.6114	144.3789	0
74	24	717.3812	128.3701	0
74	25	335.2422	181.2736	0
74	26	688.4078	144.1811	0
74	27	759.0135	148.5725	0
74	28	17.03859	155.5959	0
74	29	685.1164	118.5602	0
74	30	642.9442	128.2995	0
74	31	185.5181	201.5928	0
74	32	737.2776	119.013	0
74	33	760.9446	125.9093	0
74	34	353.6981	148.9836	0
74	35	-191.4094	251.2938	0
74	36	335.7499	159.3804	0
74	37	461.0429	151.3473	0
74	38	240.7638	209.7962	0
74	39	676.6032	122.5958	0
74	40	813.2581	137.7127	0
74	41	407.0295	147.4292	0
74	42	358.1185	169.3492	0
74	43	475.7664	151.3581	0
75	1	414.2845	143.6204	0
75	2	754.6746	143.252	0
75	3	409.7684	142.7138	0
75	4	510.208	131.4017	0
75	5	133.3304	177.8447	0
75	6	572.7565	164.9805	0
75	7	401.3922	153.679	0
75	8	393.9175	181.1662	0
75	9	786.345	140.691	0
75	10	245.4241	159.4577	0
75	11	775.3212	118.91	0
75	12	698.0142	127.0853	0
75	13	455.3736	133.9138	0
75	14	702.8966	141.6718	0
75	15	733.9742	134.8755	0
75	16	546.1978	158.2431	0
75	17	646.3873	139.7926	0
75	18	708.6596	128.364	0
75	19	288.4053	179.4177	0
75	20	485.3916	173.432	0
75	21	-89.18697	183.0259	0
75	22	-14.05019	190.4973	0
75	23	521.6206	144.3958	0
75	24	717.3901	128.37	0
75	25	335.1967	181.2558	0
75	26	688.4135	144.1839	0
75	27	759.0212	148.5768	0
75	28	17.06726	155.5934	0
75	29	685.078	118.5561	0
75	30	642.9521	128.3046	0
75	31	185.5188	201.5865	0
75	32	737.2822	119.0139	0
75	33	760.9034	125.9042	0
75	34	353.6829	148.9922	0
75	35	-191.3851	251.259	0
75	36	335.7261	159.3953	0
75	37	461.0499	151.3484	0
75	38	240.7209	209.771	0
75	39	676.6076	122.5977	0
75	40	813.2551	137.7134	0
75	41	407.028	147.4323	0
75	42	358.1721	169.3464	0
75	43	475.7427	151.3455	0
76	1	414.3331	143.6208	0
76	2	754.6801	143.2541	0
76	3	409.7753	142.7132	0
76	4	510.2144	131.402	0
76	5	133.4218	177.8253	0
76	6	572.7106	164.9666	0
76	7	401.3885	153.6622	0
76	8	393.936	181.1617	0
76	9	786.3467	140.6894	0
76	10	245.3478	159.4919	0
76	11	775.3278	118.9116	0
76	12	698.0162	127.0844	0
76	13	455.395	133.9084	0
76	14	702.9025	141.6732	0
76	15	733.9798	134.8763	0
76	16	546.2063	158.2429	0
76	17	646.4164	139.8074	0
76	18	708.6969	128.3803	0
76	19	288.4258	179.4137	0
76	20	485.3936	173.4285	0
76	21	-89.18543	183.0114	0
76	22	-14.22722	190.5466	0
76	23	521.626	144.4144	0
76	24	717.3995	128.3694	0
76	25	335.1548	181.2417	0
76	26	688.4213	144.1872	0
76	27	759.006	148.5748	0
76	28	17.09722	155.5908	0
76	29	685.0388	118.5519	0
76	30	642.9648	128.3108	0
76	31	185.6107	201.5861	0
76	32	737.2799	119.0136	0
76	33	760.8604	125.8992	0
76	34	353.6671	149.0028	0
76	35	-191.3751	251.2307	0
76	36	335.7018	159.412	0
76	37	461.0521	151.3508	0
76	38	240.6786	209.7529	0
76	39	676.6136	122.5997	0
76	40	813.2594	137.7149	0
76	41	407.0278	147.4358	0
76	42	358.2224	169.3398	0
76	43	475.7165	151.3351	0
77	1	414.3805	143.6193	0
77	2	754.6865	143.2566	0
77	3	409.7837	142.713	0
77	4	510.2228	131.4027	0
77	5	133.5077	177.8047	0
77	6	572.6646	164.9535	0
77	7	401.3711	153.6432	0
77	8	393.9586	181.157	0
77	9	786.3478	140.6875	0
77	10	245.2615	159.5291	0
77	11	775.335	118.9131	0
77	12	698.0176	127.0833	0
77	13	455.4093	133.9031	0
77	14	702.9088	141.6758	0
77	15	733.9853	134.8782	0
77	16	546.2162	158.2429	0
77	17	646.4426	139.8236	0
77	18	708.7226	128.3928	0
77	19	288.4468	179.4089	0
77	20	485.4524	173.4282	0
77	21	-89.19419	183.0009	0
77	22	-14.41818	190.5996	0
77	23	521.626	144.4337	0
77	24	717.4095	128.3689	0
77	25	335.1198	181.2311	0
77	26	688.4294	144.1901	0
77	27	759.0411	148.5743	0
77	28	17.13413	155.5881	0
77	29	685.0045	118.5479	0
77	30	642.981	128.3164	0
77	31	185.7128	201.5796	0
77	32	737.2813	119.0128	0
77	33	760.8135	125.8942	0
77	34	353.6517	149.013	0
77	35	-191.3824	251.2108	0
77	36	335.6779	159.4305	0
77	37	461.0504	151.355	0
77	38	240.6455	209.7402	0
77	39	676.6197	122.6017	0
77	40	813.2649	137.7168	0
77	41	407.0308	147.4385	0
77	42	358.2697	169.3307	0
77	43	475.6894	151.3259	0
78	1	414.4227	143.6151	0
78	2	754.6954	143.2594	0
78	3	409.7941	142.713	0
78	4	510.2305	131.4039	0
78	5	133.5755	177.7837	0
78	6	572.6116	164.9413	0
78	7	401.3555	153.6246	0
78	8	393.9847	181.152	0
78	9	786.3502	140.6869	0
78	10	245.1643	159.5653	0
78	11	775.3444	118.9145	0
78	12	698.0195	127.0826	0
78	13	455.4175	133.8979	0
78	14	702.9188	141.6802	0
78	15	733.9937	134.8811	0
78	16	546.2272	158.2427	0
78	17	646.4636	139.8401	0
78	18	708.7352	128.3983	0
78	19	288.468	179.405	0
78	20	485.5075	173.4248	0
78	21	-89.20405	182.9935	0
78	22	-14.62523	190.6551	0
78	23	521.6172	144.4497	0
78	24	717.4207	128.3687	0
78	25	335.0974	181.2252	0
78	26	688.4401	144.1934	0
78	27	759.0905	148.5735	0
78	28	17.16394	155.5874	0
78	29	684.9778	118.5447	0
78	30	643.0007	128.3237	0
78	31	185.8175	201.5651	0
78	32	737.3052	119.0132	0
78	33	760.7678	125.8893	0
78	34	353.6356	149.0256	0
78	35	-191.3926	251.1992	0
78	36	335.649	159.4528	0
78	37	461.0444	151.3622	0
78	38	240.6252	209.7356	0
78	39	676.6278	122.6034	0
78	40	813.2723	137.7189	0
78	41	407.0384	147.4393	0
78	42	358.312	169.319	0
78	43	475.6578	151.317	0
79	1	414.4604	143.6091	0
79	2	754.7051	143.2619	0
79	3	409.8057	142.7128	0
79	4	510.2378	131.4044	0
79	5	133.619	177.7578	0
79	6	572.5522	164.9291	0
79	7	401.3402	153.6069	0
79	8	394.0069	181.1501	0
79	9	786.356	140.6874	0
79	10	245.0609	159.5915	0
79	11	775.3538	118.9157	0
79	12	698.0229	127.0818	0
79	13	455.4221	133.8923	0
79	14	702.9318	141.6878	0
79	15	734.0057	134.8861	0
79	16	546.2385	158.2427	0
79	17	646.4749	139.8524	0
79	18	708.7365	128.3998	0
79	19	288.4932	179.4009	0
79	20	485.554	173.4167	0
79	21	-89.21281	182.9913	0
79	22	-14.83914	190.704	0
79	23	521.6021	144.4583	0
79	24	717.4313	128.3686	0
79	25	335.0888	181.2254	0
79	26	688.4512	144.1961	0
79	27	759.1234	148.5694	0
79	28	17.18723	155.5881	0
79	29	684.9601	118.5424	0
79	30	643.0198	128.3323	0
79	31	185.9247	201.5449	0
79	32	737.3235	119.013	0
79	33	760.7289	125.8849	0
79	34	353.6156	149.0405	0
79	35	-191.4029	251.1981	0
79	36	335.6145	159.4773	0
79	37	461.0391	151.3719	0
79	38	240.6185	209.7382	0
79	39	676.6366	122.605	0
79	40	813.2811	137.7211	0
79	41	407.05	147.4406	0
79	42	358.3452	169.3068	0
79	43	475.6191	151.3083	0
80	1	414.4928	143.6009	0
80	2	754.7173	143.2646	0
80	3	409.8166	142.713	0
80	4	510.2446	131.4043	0
80	5	133.6466	177.7302	0
80	6	572.4981	164.9174	0
80	7	401.3202	153.5905	0
80	8	394.0266	181.1506	0
80	9	786.362	140.6893	0
80	10	244.9739	159.6046	0
80	11	775.3643	118.916	0
80	12	698.0263	127.0812	0
80	13	455.4153	133.8843	0
80	14	702.9531	141.6981	0
80	15	734.024	134.8935	0
80	16	546.2488	158.2433	0
80	17	646.4769	139.8583	0
80	18	708.7245	128.3984	0
80	19	288.5225	179.3966	0
80	20	485.5933	173.4056	0
80	21	-89.21902	182.9933	0
80	22	-15.03399	190.736	0
80	23	521.5875	144.4614	0
80	24	717.4427	128.3686	0
80	25	335.0883	181.2287	0
80	26	688.465	144.1969	0
80	27	759.1356	148.5621	0
80	28	17.19442	155.5908	0
80	29	684.9521	118.542	0
80	30	643.037	128.342	0
80	31	186.0314	201.5192	0
80	32	737.3329	119.0117	0
80	33	760.7	125.8813	0
80	34	353.5915	149.0569	0
80	35	-191.4155	251.2035	0
80	36	335.5728	159.5034	0
80	37	461.0358	151.3832	0
80	38	240.6149	209.744	0
80	39	676.6473	122.6054	0
80	40	813.2922	137.7231	0
80	41	407.0604	147.4424	0
80	42	358.3698	169.2949	0
80	43	475.5807	151.2997	0
81	1	414.5159	143.592	0
81	2	754.7294	143.2666	0
81	3	409.8267	142.7131	0
81	4	510.2521	131.4037	0
81	5	133.6777	177.704	0
81	6	572.4532	164.9087	0
81	7	401.2963	153.5769	0
81	8	394.0347	181.1548	0
81	9	786.372	140.6927	0
81	10	244.9248	159.6092	0
81	11	775.3755	118.9164	0
81	12	698.0303	127.0815	0
81	13	455.4008	133.8751	0
81	14	702.9844	141.7102	0
81	15	734.0515	134.9026	0
81	16	546.2562	158.2423	0
81	17	646.4735	139.8603	0
81	18	708.746	128.3981	0
81	19	288.5462	179.3952	0
81	20	485.6238	173.3914	0
81	21	-89.22754	182.9969	0
81	22	-15.16264	190.7513	0
81	23	521.5765	144.4608	0
81	24	717.4526	128.3692	0
81	25	335.089	181.233	0
81	26	688.48	144.1982	0
81	27	759.1319	148.5522	0
81	28	17.17481	155.596	0
81	29	684.9524	118.5429	0
81	30	643.0505	128.3516	0
81	31	186.1266	201.4898	0
81	32	737.3354	119.0096	0
81	33	760.6817	125.8791	0
81	34	353.562	149.0734	0
81	35	-191.4315	251.2112	0
81	36	335.5232	159.5269	0
81	37	461.0349	151.3943	0
81	38	240.6109	209.7509	0
81	39	676.6594	122.6059	0
81	40	813.3037	137.7249	0
81	41	407.0701	147.4433	0
81	42	358.3896	169.2825	0
81	43	475.5471	151.2929	0
82	1	414.5312	143.5842	0
82	2	754.7435	143.2672	0
82	3	409.8356	142.7114	0
82	4	510.2603	131.4033	0
82	5	133.7055	177.6785	0
82	6	572.4205	164.9023	0
82	7	401.2707	153.5648	0
82	8	394.0297	181.1637	0
82	9	786.3893	140.6984	0
82	10	244.9099	159.6044	0
82	11	775.3858	118.9173	0
82	12	698.0351	127.0824	0
82	13	455.3876	133.8661	0
82	14	703.0242	141.7226	0
82	15	734.0849	134.9113	0
82	16	546.2615	158.2401	0
82	17	646.463	139.8589	0
82	18	708.7829	128.3983	0
82	19	288.5655	179.3958	0
82	20	485.643	173.3763	0
82	21	-89.23779	183.0012	0
82	22	-15.20778	190.7528	0
82	23	521.5948	144.46	0
82	24	717.4573	128.3687	0
82	25	335.0883	181.2383	0
82	26	688.4938	144.2001	0
82	27	759.1116	148.5389	0
82	28	17.12778	155.6052	0
82	29	684.9553	118.5441	0
82	30	643.0573	128.3583	0
82	31	186.2047	201.4632	0
82	32	737.3309	119.0065	0
82	33	760.6747	125.879	0
82	34	353.5273	149.0862	0
82	35	-191.4537	251.2209	0
82	36	335.4705	159.5419	0
82	37	461.034	151.4085	0
82	38	240.6038	209.7596	0
82	39	676.6709	122.6071	0
82	40	813.316	137.7258	0
82	41	407.0789	147.4433	0
82	42	358.3934	169.2674	0
82	43	475.5207	151.2875	0
83	1	414.5425	143.576	0
83	2	754.7577	143.2682	0
83	3	409.845	142.7097	0
83	4	510.2701	131.403	0
83	5	133.7272	177.6552	0
83	6	572.403	164.8995	0
83	7	401.2386	153.5533	0
83	8	394.0109	181.1799	0
83	9	786.4145	140.7078	0
83	10	244.9873	159.6056	0
83	11	775.3953	118.9176	0
83	12	698.0396	127.0839	0
83	13	455.3741	133.8576	0
83	14	703.0688	141.7382	0
83	15	734.1251	134.9219	0
83	16	546.2674	158.2383	0
83	17	646.4889	139.8588	0
83	18	708.8101	128.3968	0
83	19	288.571	179.3997	0
83	20	485.651	173.3618	0
83	21	-89.25377	183.0064	0
83	22	-15.16239	190.749	0
83	23	521.637	144.4597	0
83	24	717.4581	128.3674	0
83	25	335.0849	181.2447	0
83	26	688.5067	144.2011	0
83	27	759.0759	148.5274	0
83	28	17.05863	155.6192	0
83	29	684.9587	118.5456	0
83	30	643.0579	128.3611	0
83	31	186.2771	201.4366	0
83	32	737.3199	119.0033	0
83	33	760.6764	125.88	0
83	34	353.4944	149.0929	0
83	35	-191.4872	251.233	0
83	36	335.4294	159.5486	0
83	37	461.0299	151.4246	0
83	38	240.5912	209.7693	0
83	39	676.6814	122.6076	0
83	40	813.3289	137.7265	0
83	41	407.0882	147.4425	0
83	42	358.386	169.2505	0
83	43	475.5042	151.2846	0
84	1	414.5388	143.565	0
84	2	754.7704	143.2697	0
84	3	409.8547	142.7084	0
84	4	510.281	131.4029	0
84	5	133.7417	177.6357	0
84	6	572.3995	164.9006	0
84	7	401.1964	153.5418	0
84	8	393.9857	181.2036	0
84	9	786.4535	140.7199	0
84	10	245.0735	159.6033	0
84	11	775.4047	118.9178	0
84	12	698.046	127.0862	0
84	13	455.3581	133.8499	0
84	14	703.1122	141.7558	0
84	15	734.1664	134.9348	0
84	16	546.2745	158.2366	0
84	17	646.5226	139.8585	0
84	18	708.8242	128.3935	0
84	19	288.5597	179.4078	0
84	20	485.6553	173.3468	0
84	21	-89.27676	183.012	0
84	22	-15.05389	190.7465	0
84	23	521.6745	144.4576	0
84	24	717.4593	128.3663	0
84	25	335.079	181.2508	0
84	26	688.5193	144.2012	0
84	27	759.038	148.5157	0
84	28	16.97441	155.637	0
84	29	684.9634	118.5471	0
84	30	643.0551	128.3618	0
84	31	186.3215	201.4063	0
84	32	737.3045	119.0005	0
84	33	760.6804	125.8815	0
84	34	353.4725	149.0952	0
84	35	-191.5321	251.2459	0
84	36	335.4087	159.5497	0
84	37	461.0217	151.442	0
84	38	240.577	209.7796	0
84	39	676.6916	122.6077	0
84	40	813.3408	137.7277	0
84	41	407.0983	147.4422	0
84	42	358.3788	169.234	0
84	43	475.4982	151.2849	0
85	1	414.5248	143.5522	0
85	2	754.7826	143.2704	0
85	3	409.8669	142.7069	0
85	4	510.292	131.4028	0
85	5	133.7482	177.6175	0
85	6	572.4029	164.9032	0
85	7	401.1547	153.5305	0
85	8	393.9622	181.2335	0
85	9	786.5053	140.7333	0
85	10	245.1598	159.596	0
85	11	775.4144	118.9171	0
85	12	698.0543	127.0902	0
85	13	455.3402	133.8436	0
85	14	703.1519	141.7749	0
85	15	734.2056	134.949	0
85	16	546.2827	158.2346	0
85	17	646.5485	139.8562	0
85	18	708.8284	128.3889	0
85	19	288.5298	179.4226	0
85	20	485.6413	173.3286	0
85	21	-89.30314	183.0179	0
85	22	-14.92852	190.7384	0
85	23	521.704	144.4532	0
85	24	717.4622	128.3653	0
85	25	335.0759	181.257	0
85	26	688.533	144.2004	0
85	27	758.9898	148.5027	0
85	28	16.88107	155.6551	0
85	29	684.9683	118.5484	0
85	30	643.0463	128.3606	0
85	31	186.3448	201.3724	0
85	32	737.2881	118.9975	0
85	33	760.6853	125.8831	0
85	34	353.4616	149.0938	0
85	35	-191.577	251.2598	0
85	36	335.4183	159.5474	0
85	37	461.0076	151.4585	0
85	38	240.5694	209.7885	0
85	39	676.7022	122.6069	0
85	40	813.3521	137.7282	0
85	41	407.1118	147.4421	0
85	42	358.372	169.2182	0
85	43	475.4986	151.2866	0
86	1	414.5116	143.5396	0
86	2	754.7946	143.2703	0
86	3	409.8799	142.706	0
86	4	510.3022	131.4034	0
86	5	133.7432	177.6006	0
86	6	572.407	164.9063	0
86	7	401.1175	153.5216	0
86	8	393.9417	181.2655	0
86	9	786.5682	140.748	0
86	10	245.2464	159.585	0
86	11	775.4249	118.9164	0
86	12	698.0675	127.096	0
86	13	455.3214	133.838	0
86	14	703.1844	141.7931	0
86	15	734.2403	134.9634	0
86	16	546.2909	158.2338	0
86	17	646.5643	139.8522	0
86	18	708.8218	128.3824	0
86	19	288.4898	179.4438	0
86	20	485.6146	173.3082	0
86	21	-89.32135	183.0228	0
86	22	-14.78832	190.7231	0
86	23	521.7272	144.447	0
86	24	717.4649	128.3643	0
86	25	335.0786	181.2615	0
86	26	688.5477	144.2	0
86	27	758.9238	148.4857	0
86	28	16.7779	155.676	0
86	29	684.9748	118.5497	0
86	30	643.0661	128.3608	0
86	31	186.3633	201.3389	0
86	32	737.2636	118.9927	0
86	33	760.6919	125.885	0
86	34	353.4882	149.0936	0
86	35	-191.6053	251.2705	0
86	36	335.4729	159.5473	0
86	37	460.9877	151.4696	0
86	38	240.5706	209.794	0
86	39	676.7137	122.6061	0
86	40	813.3629	137.7287	0
86	41	407.1283	147.4419	0
86	42	358.3612	169.2034	0
86	43	475.5002	151.2889	0
87	1	414.4991	143.5276	0
87	2	754.8077	143.2695	0
87	3	409.8907	142.7062	0
87	4	510.3097	131.4026	0
87	5	133.7249	177.5838	0
87	6	572.4122	164.9102	0
87	7	401.0875	153.5146	0
87	8	393.9212	181.3032	0
87	9	786.6366	140.7662	0
87	10	245.331	159.5706	0
87	11	775.4364	118.916	0
87	12	698.0875	127.1029	0
87	13	455.299	133.8327	0
87	14	703.2042	141.8051	0
87	15	734.2648	134.9743	0
87	16	546.2996	158.234	0
87	17	646.5723	139.8468	0
87	18	708.8051	128.3771	0
87	19	288.4463	179.4704	0
87	20	485.5886	173.2883	0
87	21	-89.33076	183.0255	0
87	22	-14.64001	190.7025	0
87	23	521.7427	144.4387	0
87	24	717.4684	128.3642	0
87	25	335.0891	181.2638	0
87	26	688.5641	144.1998	0
87	27	758.8521	148.4673	0
87	28	16.66076	155.7014	0
87	29	684.9816	118.5509	0
87	30	643.0889	128.3609	0
87	31	186.3859	201.3071	0
87	32	737.2341	118.9867	0
87	33	760.6992	125.8864	0
87	34	353.5274	149.0931	0
87	35	-191.6177	251.2767	0
87	36	335.5284	159.5447	0
87	37	460.9682	151.4748	0
87	38	240.5838	209.7982	0
87	39	676.7266	122.6058	0
87	40	813.374	137.7283	0
87	41	407.1446	147.442	0
87	42	358.3476	169.1908	0
87	43	475.5018	151.2917	0
88	1	414.4831	143.5166	0
88	2	754.8215	143.2693	0
88	3	409.8989	142.7074	0
88	4	510.3159	131.4012	0
88	5	133.7043	177.5679	0
88	6	572.4169	164.9144	0
88	7	401.0689	153.5108	0
88	8	393.893	181.3466	0
88	9	786.7033	140.7863	0
88	10	245.4064	159.5527	0
88	11	775.447	118.9159	0
88	12	698.1121	127.1092	0
88	13	455.2713	133.8273	0
88	14	703.2109	141.8103	0
88	15	734.2775	134.9794	0
88	16	546.3057	158.2355	0
88	17	646.5712	139.8394	0
88	18	708.7839	128.3711	0
88	19	288.402	179.4987	0
88	20	485.5632	173.2693	0
88	21	-89.32752	183.0277	0
88	22	-14.48677	190.6761	0
88	23	521.7486	144.4309	0
88	24	717.474	128.3648	0
88	25	335.1036	181.2666	0
88	26	688.5801	144.1995	0
88	27	758.7863	148.4503	0
88	28	16.5343	155.7291	0
88	29	684.9898	118.551	0
88	30	643.1061	128.3597	0
88	31	186.4013	201.2765	0
88	32	737.2062	118.981	0
88	33	760.7083	125.8881	0
88	34	353.5656	149.0907	0
88	35	-191.6124	251.2821	0
88	36	335.5808	159.5387	0
88	37	460.9552	151.4762	0
88	38	240.5987	209.8031	0
88	39	676.7393	122.6057	0
88	40	813.3862	137.7277	0
88	41	407.1601	147.443	0
88	42	358.3314	169.1797	0
88	43	475.503	151.2948	0
89	1	414.4642	143.5075	0
89	2	754.8362	143.2692	0
89	3	409.9009	142.7097	0
89	4	510.3227	131.4001	0
89	5	133.6802	177.5562	0
89	6	572.423	164.9185	0
89	7	401.0624	153.5113	0
89	8	393.8564	181.3933	0
89	9	786.7659	140.8079	0
89	10	245.4643	159.5375	0
89	11	775.4587	118.9158	0
89	12	698.1412	127.1173	0
89	13	455.2441	133.8219	0
89	14	703.209	141.8117	0
89	15	734.2799	134.981	0
89	16	546.3085	158.2387	0
89	17	646.5607	139.8332	0
89	18	708.7561	128.3642	0
89	19	288.3535	179.5322	0
89	20	485.5337	173.2513	0
89	21	-89.32285	183.0308	0
89	22	-14.35025	190.6501	0
89	23	521.7505	144.4233	0
89	24	717.4788	128.3663	0
89	25	335.1163	181.2691	0
89	26	688.5967	144.1995	0
89	27	758.7173	148.4337	0
89	28	16.39713	155.7579	0
89	29	684.999	118.5515	0
89	30	643.1172	128.3576	0
89	31	186.4107	201.2494	0
89	32	737.1782	118.9756	0
89	33	760.7173	125.8893	0
89	34	353.6016	149.0865	0
89	35	-191.6086	251.2881	0
89	36	335.6304	159.5303	0
89	37	460.9485	151.4739	0
89	38	240.6119	209.8064	0
89	39	676.7532	122.6056	0
89	40	813.3994	137.7275	0
89	41	407.174	147.4413	0
89	42	358.31	169.1691	0
89	43	475.5038	151.2975	0
90	1	414.4443	143.4995	0
90	2	754.8508	143.269	0
90	3	409.8972	142.7137	0
90	4	510.3307	131.399	0
90	5	133.6592	177.5477	0
90	6	572.4309	164.9222	0
90	7	401.0629	153.5135	0
90	8	393.8085	181.4409	0
90	9	786.8173	140.827	0
90	10	245.5203	159.5218	0
90	11	775.4684	118.9164	0
90	12	698.1705	127.127	0
90	13	455.2203	133.8176	0
90	14	703.1966	141.8091	0
90	15	734.2692	134.9796	0
90	16	546.3096	158.2442	0
90	17	646.5491	139.8268	0
90	18	708.7155	128.3543	0
90	19	288.2956	179.5706	0
90	20	485.5013	173.236	0
90	21	-89.31882	183.0326	0
90	22	-14.2212	190.6247	0
90	23	521.7454	144.4152	0
90	24	717.485	128.3686	0
90	25	335.128	181.2712	0
90	26	688.6116	144.2003	0
90	27	758.6443	148.4193	0
90	28	16.25656	155.782	0
90	29	685.0075	118.5525	0
90	30	643.1229	128.3546	0
90	31	186.4134	201.226	0
90	32	737.1488	118.9707	0
90	33	760.7276	125.8896	0
90	34	353.6349	149.0808	0
90	35	-191.6053	251.2924	0
90	36	335.6758	159.5192	0
90	37	460.9864	151.4744	0
90	38	240.624	209.809	0
90	39	676.7651	122.6062	0
90	40	813.4111	137.7275	0
90	41	407.187	147.4385	0
90	42	358.2805	169.1587	0
90	43	475.5063	151.3004	0
91	1	414.4198	143.4919	0
91	2	754.865	143.2691	0
91	3	409.887	142.7205	0
91	4	510.34	131.3979	0
91	5	133.6448	177.5439	0
91	6	572.4418	164.9243	0
91	7	401.0645	153.5164	0
91	8	393.7477	181.48	0
91	9	786.8519	140.8381	0
91	10	245.5526	159.5033	0
91	11	775.4736	118.9163	0
91	12	698.1978	127.1378	0
91	13	455.2018	133.8142	0
91	14	703.2391	141.81	0
91	15	734.29	134.9795	0
91	16	546.3103	158.2531	0
91	17	646.5295	139.8194	0
91	18	708.6696	128.3435	0
91	19	288.229	179.612	0
91	20	485.468	173.2226	0
91	21	-89.31618	183.0338	0
91	22	-14.11454	190.5994	0
91	23	521.7269	144.4041	0
91	24	717.4947	128.3724	0
91	25	335.1385	181.2715	0
91	26	688.6188	144.199	0
91	27	758.5735	148.4075	0
91	28	16.13223	155.7957	0
91	29	685.0154	118.5529	0
91	30	643.1229	128.3507	0
91	31	186.4071	201.2034	0
91	32	737.1183	118.9669	0
91	33	760.7381	125.8903	0
91	34	353.6637	149.0735	0
91	35	-191.605	251.295	0
91	36	335.7115	159.5074	0
91	37	461.0227	151.4734	0
91	38	240.6357	209.8097	0
91	39	676.7726	122.6061	0
91	40	813.4247	137.7274	0
91	41	407.2003	147.4362	0
91	42	358.2503	169.1487	0
91	43	475.5112	151.3025	0
92	1	414.3878	143.4842	0
92	2	754.8771	143.27	0
92	3	409.8759	142.7298	0
92	4	510.3488	131.3979	0
92	5	133.6387	177.5454	0
92	6	572.4561	164.9258	0
92	7	401.0655	153.5199	0
92	8	393.686	181.5032	0
92	9	786.8666	140.8424	0
92	10	245.5652	159.4809	0
92	11	775.4732	118.9152	0
92	12	698.2207	127.1486	0
92	13	455.1903	133.8123	0
92	14	703.2727	141.8092	0
92	15	734.3192	134.9794	0
92	16	546.3149	158.2646	0
92	17	646.4988	139.8095	0
92	18	708.6277	128.3333	0
92	19	288.1517	179.6538	0
92	20	485.4294	173.2097	0
92	21	-89.31419	183.0336	0
92	22	-14.03565	190.5686	0
92	23	521.7015	144.3919	0
92	24	717.5084	128.3785	0
92	25	335.1498	181.2712	0
92	26	688.6213	144.1964	0
92	27	758.5033	148.3961	0
92	28	16.05325	155.8011	0
92	29	685.0231	118.5528	0
92	30	643.1161	128.3476	0
92	31	186.3849	201.182	0
92	32	737.0897	118.9636	0
92	33	760.7477	125.8913	0
92	34	353.6839	149.0673	0
92	35	-191.6049	251.2965	0
92	36	335.7394	159.4967	0
92	37	461.0544	151.47	0
92	38	240.6489	209.8103	0
92	39	676.775	122.6047	0
92	40	813.4354	137.7277	0
92	41	407.2158	147.434	0
92	42	358.2228	169.1407	0
92	43	475.5196	151.3033	0
93	1	414.3561	143.4766	0
93	2	754.8802	143.2684	0
93	3	409.8658	142.7408	0
93	4	510.3578	131.3985	0
93	5	133.6339	177.549	0
93	6	572.4702	164.928	0
93	7	401.0649	153.524	0
93	8	393.6431	181.5132	0
93	9	786.8643	140.8427	0
93	10	245.5707	159.4579	0
93	11	775.473	118.9142	0
93	12	698.2354	127.1561	0
93	13	455.1864	133.8127	0
93	14	703.2943	141.8056	0
93	15	734.3395	134.9777	0
93	16	546.3232	158.277	0
93	17	646.4644	139.7989	0
93	18	708.5836	128.3236	0
93	19	288.0656	179.6873	0
93	20	485.3824	173.1971	0
93	21	-89.31145	183.0336	0
93	22	-13.97658	190.5356	0
93	23	521.6796	144.3803	0
93	24	717.5308	128.3864	0
93	25	335.1633	181.2718	0
93	26	688.6248	144.1942	0
93	27	758.4269	148.3855	0
93	28	16.02742	155.8002	0
93	29	685.0314	118.5521	0
93	30	643.1085	128.344	0
93	31	186.357	201.1615	0
93	32	737.0588	118.9604	0
93	33	760.7568	125.8918	0
93	34	353.7024	149.0603	0
93	35	-191.6023	251.2991	0
93	36	335.7613	159.4857	0
93	37	461.0819	151.465	0
93	38	240.667	209.8117	0
93	39	676.7776	122.6034	0
93	40	813.4425	137.7279	0
93	41	407.2344	147.4316	0
93	42	358.2002	169.1348	0
93	43	475.53	151.3047	0
94	1	414.3279	143.4705	0
94	2	754.8801	143.2662	0
94	3	409.8573	142.7512	0
94	4	510.3635	131.4002	0
94	5	133.6287	177.5533	0
94	6	572.483	164.9293	0
94	7	401.0631	153.5276	0
94	8	393.6214	181.5112	0
94	9	786.8652	140.8408	0
94	10	245.5813	159.4366	0
94	11	775.4741	118.9135	0
94	12	698.2413	127.1591	0
94	13	455.1866	133.8139	0
94	14	703.3042	141.8004	0
94	15	734.3489	134.9745	0
94	16	546.3354	158.2905	0
94	17	646.4335	139.7891	0
94	18	708.537	128.3152	0
94	19	287.9867	179.7068	0
94	20	485.3358	173.185	0
94	21	-89.30373	183.0341	0
94	22	-13.91496	190.5042	0
94	23	521.6561	144.3691	0
94	24	717.5612	128.3948	0
94	25	335.1827	181.2721	0
94	26	688.6306	144.1922	0
94	27	758.3472	148.3748	0
94	28	16.06529	155.7987	0
94	29	685.0405	118.5515	0
94	30	643.0949	128.3395	0
94	31	186.3292	201.1446	0
94	32	737.025	118.9571	0
94	33	760.7657	125.8916	0
94	34	353.7119	149.0525	0
94	35	-191.5858	251.3005	0
94	36	335.7668	159.4716	0
94	37	461.1046	151.4584	0
94	38	240.6944	209.8114	0
94	39	676.7817	122.6024	0
94	40	813.4415	137.7263	0
94	41	407.2511	147.4309	0
94	42	358.1857	169.1315	0
94	43	475.5392	151.3062	0
95	1	414.3051	143.4656	0
95	2	754.8807	143.2644	0
95	3	409.8481	142.7648	0
95	4	510.3652	131.4029	0
95	5	133.6204	177.5586	0
95	6	572.4954	164.9305	0
95	7	401.0637	153.5312	0
95	8	393.6741	181.5096	0
95	9	786.9084	140.8411	0
95	10	245.586	159.416	0
95	11	775.4756	118.9128	0
95	12	698.2409	127.1598	0
95	13	455.1877	133.8155	0
95	14	703.3038	141.7935	0
95	15	734.3495	134.97	0
95	16	546.3478	158.3073	0
95	17	646.4005	139.7795	0
95	18	708.4911	128.3086	0
95	19	287.937	179.715	0
95	20	485.2952	173.1754	0
95	21	-89.28452	183.0338	0
95	22	-13.85479	190.4734	0
95	23	521.6298	144.3593	0
95	24	717.5985	128.4041	0
95	25	335.2057	181.2721	0
95	26	688.6364	144.19	0
95	27	758.2767	148.3647	0
95	28	16.14147	155.7979	0
95	29	685.0504	118.5513	0
95	30	643.074	128.3334	0
95	31	186.3015	201.1321	0
95	32	736.9933	118.9536	0
95	33	760.7756	125.8907	0
95	34	353.7108	149.0426	0
95	35	-191.5564	251.3002	0
95	36	335.761	159.4556	0
95	37	461.1207	151.4508	0
95	38	240.7229	209.8116	0
95	39	676.7867	122.6014	0
95	40	813.4402	137.7245	0
95	41	407.267	147.4316	0
95	42	358.18	169.1318	0
95	43	475.548	151.307	0
96	1	414.2908	143.4629	0
96	2	754.8839	143.2626	0
96	3	409.835	142.7803	0
96	4	510.364	131.4072	0
96	5	133.6067	177.5645	0
96	6	572.5077	164.9303	0
96	7	401.0681	153.5337	0
96	8	393.7562	181.5068	0
96	9	786.9395	140.8396	0
96	10	245.5855	159.3982	0
96	11	775.4776	118.9127	0
96	12	698.2306	127.1584	0
96	13	455.1886	133.8173	0
96	14	703.2929	141.7848	0
96	15	734.341	134.9639	0
96	16	546.3574	158.3256	0
96	17	646.3647	139.7713	0
96	18	708.4454	128.3021	0
96	19	287.918	179.7124	0
96	20	485.2634	173.1682	0
96	21	-89.26611	183.0338	0
96	22	-13.80213	190.445	0
96	23	521.6019	144.3512	0
96	24	717.6385	128.4158	0
96	25	335.2279	181.2723	0
96	26	688.6434	144.1894	0
96	27	758.2215	148.3569	0
96	28	16.22789	155.7943	0
96	29	685.0603	118.5511	0
96	30	643.0509	128.3269	0
96	31	186.282	201.1246	0
96	32	736.9672	118.9509	0
96	33	760.7863	125.8904	0
96	34	353.7044	149.0319	0
96	35	-191.5267	251.3004	0
96	36	335.7562	159.4401	0
96	37	461.1282	151.4441	0
96	38	240.7516	209.8122	0
96	39	676.7923	122.6012	0
96	40	813.44	137.7233	0
96	41	407.2754	147.4341	0
96	42	358.1793	169.1338	0
96	43	475.5565	151.3069	0
97	1	414.2856	143.4631	0
97	2	754.886	143.2609	0
97	3	409.8174	142.7972	0
97	4	510.3618	131.4141	0
97	5	133.5902	177.5703	0
97	6	572.5211	164.9299	0
97	7	401.0782	153.5348	0
97	8	393.8339	181.4983	0
97	9	786.9527	140.8352	0
97	10	245.5801	159.3833	0
97	11	775.4818	118.9134	0
97	12	698.253	127.1588	0
97	13	455.189	133.8193	0
97	14	703.2713	141.7777	0
97	15	734.3239	134.959	0
97	16	546.3625	158.3452	0
97	17	646.3297	139.7646	0
97	18	708.3954	128.2961	0
97	19	287.9734	179.7114	0
97	20	485.2435	173.1641	0
97	21	-89.24531	183.0345	0
97	22	-13.75923	190.4209	0
97	23	521.5735	144.3436	0
97	24	717.6768	128.4288	0
97	25	335.2493	181.2732	0
97	26	688.653	144.1901	0
97	27	758.1833	148.3513	0
97	28	16.32362	155.7873	0
97	29	685.0704	118.551	0
97	30	643.0299	128.3209	0
97	31	186.2726	201.1238	0
97	32	736.948	118.9485	0
97	33	760.7974	125.8902	0
97	34	353.7008	149.022	0
97	35	-191.4937	251.3011	0
97	36	335.7517	159.4253	0
97	37	461.1349	151.4367	0
97	38	240.7819	209.8097	0
97	39	676.7994	122.6019	0
97	40	813.4409	137.7219	0
97	41	407.2738	147.4387	0
97	42	358.1792	169.1364	0
97	43	475.5658	151.3062	0
98	1	414.286	143.4646	0
98	2	754.8898	143.2606	0
98	3	409.7937	142.8136	0
98	4	510.363	131.4228	0
98	5	133.5785	177.5756	0
98	6	572.5366	164.9302	0
98	7	401.0905	153.5366	0
98	8	393.9044	181.4843	0
98	9	786.952	140.829	0
98	10	245.568	159.3687	0
98	11	775.4861	118.9148	0
98	12	698.2775	127.1588	0
98	13	455.1892	133.8209	0
98	14	703.2509	141.7702	0
98	15	734.304	134.9533	0
98	16	546.3603	158.3626	0
98	17	646.2939	139.7582	0
98	18	708.3423	128.2899	0
98	19	288.0524	179.7088	0
98	20	485.2361	173.1644	0
98	21	-89.21594	183.0326	0
98	22	-13.72633	190.3988	0
98	23	521.5405	144.3367	0
98	24	717.7115	128.4428	0
98	25	335.271	181.2683	0
98	26	688.6613	144.1924	0
98	27	758.1647	148.3493	0
98	28	16.42366	155.7777	0
98	29	685.0796	118.5515	0
98	30	643.0073	128.3151	0
98	31	186.2697	201.1271	0
98	32	736.9368	118.9472	0
98	33	760.8083	125.89	0
98	34	353.6947	149.0124	0
98	35	-191.4364	251.2918	0
98	36	335.7434	159.4115	0
98	37	461.1303	151.4277	0
98	38	240.816	209.8008	0
98	39	676.8054	122.6037	0
98	40	813.442	137.7211	0
98	41	407.2633	147.4466	0
98	42	358.1787	169.1395	0
98	43	475.5764	151.3061	0
99	1	414.2874	143.4666	0
99	2	754.8965	143.2614	0
99	3	409.7644	142.8246	0
99	4	510.367	131.4315	0
99	5	133.5745	177.579	0
99	6	572.5532	164.9301	0
99	7	401.1013	153.5382	0
99	8	393.9678	181.4659	0
99	9	786.937	140.8204	0
99	10	245.5426	159.3549	0
99	11	775.4929	118.9168	0
99	12	698.2948	127.1575	0
99	13	455.1906	133.8225	0
99	14	703.2181	141.7607	0
99	15	734.2779	134.9468	0
99	16	546.351	158.3733	0
99	17	646.2538	139.7522	0
99	18	708.2946	128.2838	0
99	19	288.1311	179.701	0
99	20	485.2368	173.1667	0
99	21	-89.17727	183.0277	0
99	22	-13.70712	190.378	0
99	23	521.502	144.3296	0
99	24	717.7379	128.4549	0
99	25	335.2931	181.2627	0
99	26	688.6704	144.1966	0
99	27	758.1631	148.3507	0
99	28	16.5245	155.7651	0
99	29	685.084	118.5511	0
99	30	642.983	128.3102	0
99	31	186.2675	201.1317	0
99	32	736.9335	118.9474	0
99	33	760.8189	125.89	0
99	34	353.6863	149.004	0
99	35	-191.3697	251.2794	0
99	36	335.7316	159.4	0
99	37	461.1167	151.417	0
99	38	240.8512	209.7921	0
99	39	676.8116	122.6062	0
99	40	813.4451	137.7213	0
99	41	407.2463	147.459	0
99	42	358.1768	169.1431	0
99	43	475.5891	151.306	0
100	1	414.2883	143.4691	0
100	2	754.9031	143.2637	0
100	3	409.7375	142.8295	0
100	4	510.3741	131.4413	0
100	5	133.5808	177.5814	0
100	6	572.5719	164.9303	0
100	7	401.1114	153.5393	0
100	8	394.0206	181.4424	0
100	9	786.91	140.8113	0
100	10	245.511	159.3414	0
100	11	775.5049	118.9198	0
100	12	698.304	127.1552	0
100	13	455.194	133.8236	0
100	14	703.1749	141.7488	0
100	15	734.2414	134.938	0
100	16	546.34	158.3781	0
100	17	646.2112	139.746	0
100	18	708.2567	128.2792	0
100	19	288.2082	179.6885	0
100	20	485.2388	173.1698	0
100	21	-89.1381	183.023	0
100	22	-13.70513	190.3576	0
100	23	521.4666	144.3225	0
100	24	717.7532	128.4612	0
100	25	335.3154	181.258	0
100	26	688.6833	144.2039	0
100	27	758.1694	148.3532	0
100	28	16.61286	155.7537	0
100	29	685.0858	118.5501	0
100	30	642.9594	128.3064	0
100	31	186.2628	201.1375	0
100	32	736.9353	118.9483	0
100	33	760.8281	125.8906	0
100	34	353.676	148.9971	0
100	35	-191.3038	251.2684	0
100	36	335.7177	159.3897	0
100	37	461.1016	151.4061	0
100	38	240.8872	209.7848	0
100	39	676.8208	122.61	0
100	40	813.4495	137.7227	0
100	41	407.2308	147.4748	0
100	42	358.1736	169.1465	0
100	43	475.6035	151.3058	0
101	1	414.2883	143.4718	0
101	2	754.9138	143.2676	0
101	3	409.7205	142.8308	0
101	4	510.38	131.4537	0
101	5	133.5903	177.5844	0
101	6	572.5881	164.9308	0
101	7	401.1207	153.5392	0
101	8	394.0549	181.421	0
101	9	786.8745	140.8033	0
101	10	245.4811	159.3294	0
101	11	775.522	118.9249	0
101	12	698.3063	127.1519	0
101	13	455.2003	133.8241	0
101	14	703.1313	141.7367	0
101	15	734.2015	134.9284	0
101	16	546.3299	158.3785	0
101	17	646.1735	139.7402	0
101	18	708.23	128.2757	0
101	19	288.2822	179.6721	0
101	20	485.2409	173.1735	0
101	21	-89.09928	183.019	0
101	22	-13.70837	190.3382	0
101	23	521.4367	144.3172	0
101	24	717.7575	128.4631	0
101	25	335.3424	181.2531	0
101	26	688.7021	144.2153	0
101	27	758.177	148.3563	0
101	28	16.69799	155.7413	0
101	29	685.088	118.5493	0
101	30	642.9349	128.3025	0
101	31	186.2539	201.1446	0
101	32	736.9383	118.9492	0
101	33	760.8306	125.8897	0
101	34	353.6631	148.9904	0
101	35	-191.2352	251.2576	0
101	36	335.6982	159.38	0
101	37	461.0882	151.396	0
101	38	240.9315	209.776	0
101	39	676.8325	122.6165	0
101	40	813.4567	137.725	0
101	41	407.2173	147.4918	0
101	42	358.1722	169.15	0
101	43	475.6172	151.3059	0
63	1	412.5255	137.6376	0
63	2	752.664	150.5266	0
63	3	411.9976	140.4883	0
63	4	510.1324	128.6574	0
63	5	137.8014	188.99	0
63	6	572.7814	174.5181	0
63	7	401.6959	158.9205	0
63	8	392.4089	180.6703	0
63	9	786.8149	138.4239	0
63	10	246.715	170.4497	0
63	11	775.1827	126.0349	0
63	12	697.9395	123.4204	0
63	13	456.8687	132.959	0
63	14	703.3441	144.6868	0
63	15	731.053	139.5212	0
63	16	546.9892	146.4992	0
63	17	646.9549	139.6761	0
63	18	706.1037	135.1461	0
63	19	288.792	188.1977	0
63	20	484.918	175.9637	0
63	21	-98.73756	173.7516	0
63	22	-7.124658	196.0079	0
63	23	520.1992	137.5627	0
63	24	718.5189	128.5471	0
63	25	334.2325	193.6964	0
63	26	685.7161	156.9663	0
63	27	755.9175	158.8277	0
63	28	18.86124	154.628	0
63	29	683.6921	121.9666	0
63	30	646.3183	120.4706	0
63	31	186.3935	198.223	0
63	32	739.29	109.9868	0
63	33	760.6954	127.0966	0
63	34	354.0227	143.794	0
63	35	-191.1067	244.9435	0
63	36	337.7929	151.4396	0
63	37	460.2001	147.8822	0
63	38	237.0885	215.8539	0
63	39	674.3303	135.5693	0
63	40	815.3623	128.731	0
63	41	407.1797	154.4607	0
63	42	358.577	171.5653	0
63	43	476.0379	152.5253	0
64	1	412.5264	137.6403	0
64	2	752.6745	150.5273	0
64	3	411.9875	140.4996	0
64	4	510.1365	128.6526	0
64	5	137.7839	188.975	0
64	6	572.7867	174.5219	0
64	7	401.7115	158.9211	0
64	8	392.3495	180.711	0
64	9	786.8226	138.4263	0
64	10	246.724	170.4525	0
64	11	775.2223	126.0433	0
64	12	697.923	123.4161	0
64	13	456.8586	132.9737	0
64	14	703.3546	144.6875	0
64	15	731.0625	139.5211	0
64	16	546.9996	146.4985	0
64	17	646.9767	139.6925	0
64	18	706.1418	135.1575	0
64	19	288.7851	188.1797	0
64	20	484.9317	175.9639	0
64	21	-98.69307	173.7463	0
64	22	-7.139788	196.0137	0
64	23	520.2047	137.5648	0
64	24	718.5242	128.5484	0
64	25	334.1647	193.7186	0
64	26	685.7241	156.9591	0
64	27	755.973	158.8453	0
64	28	18.7937	154.6415	0
64	29	683.6953	121.9637	0
64	30	646.2883	120.4629	0
64	31	186.4033	198.2254	0
64	32	739.3292	109.9966	0
64	33	760.7042	127.0981	0
64	34	354.0237	143.7958	0
64	35	-191.1208	244.9514	0
64	36	337.7661	151.4541	0
64	37	460.2081	147.8802	0
64	38	236.9867	215.9221	0
64	39	674.3109	135.5632	0
64	40	815.4373	128.7469	0
64	41	407.1858	154.449	0
64	42	358.5839	171.5653	0
64	43	476.0487	152.5234	0
65	1	412.5255	137.6431	0
65	2	752.685	150.5272	0
65	3	411.9799	140.5111	0
65	4	510.1396	128.647	0
65	5	137.7654	188.9621	0
65	6	572.791	174.5291	0
65	7	401.7254	158.9185	0
65	8	392.2865	180.7364	0
65	9	786.8355	138.4302	0
65	10	246.7151	170.4583	0
65	11	775.2621	126.0532	0
65	12	697.8966	123.4098	0
65	13	456.8421	132.9866	0
65	14	703.3585	144.6862	0
65	15	731.0715	139.521	0
65	16	547.0116	146.4985	0
65	17	646.989	139.7055	0
65	18	706.1801	135.1712	0
65	19	288.7742	188.164	0
65	20	484.9475	175.9637	0
65	21	-98.64922	173.7421	0
65	22	-7.14586	196.0167	0
65	23	520.2136	137.5653	0
65	24	718.5303	128.5505	0
65	25	334.1214	193.7283	0
65	26	685.7216	156.9497	0
65	27	756.0365	158.8669	0
65	28	18.71178	154.6588	0
65	29	683.6914	121.9595	0
65	30	646.2611	120.4558	0
65	31	186.4118	198.2266	0
65	32	739.3641	110.0067	0
65	33	760.7133	127.0991	0
65	34	354.0284	143.7963	0
65	35	-191.1429	244.9613	0
65	36	337.7375	151.4719	0
65	37	460.2167	147.8786	0
65	38	236.8721	215.9948	0
65	39	674.2825	135.5551	0
65	40	815.5104	128.7646	0
65	41	407.1769	154.4341	0
65	42	358.5915	171.5649	0
65	43	476.0614	152.5213	0
66	1	412.5249	137.6456	0
66	2	752.6965	150.5266	0
66	3	411.9708	140.5255	0
66	4	510.1324	128.64	0
66	5	137.7449	188.9525	0
66	6	572.7939	174.5415	0
66	7	401.7394	158.9152	0
66	8	392.2396	180.7479	0
66	9	786.8556	138.437	0
66	10	246.6891	170.4688	0
66	11	775.2999	126.0641	0
66	12	697.8632	123.4021	0
66	13	456.8207	132.9939	0
66	14	703.3597	144.6843	0
66	15	731.0817	139.5209	0
66	16	547.0248	146.4984	0
66	17	646.9919	139.7119	0
66	18	706.216	135.1861	0
66	19	288.7567	188.1489	0
66	20	484.9639	175.9637	0
66	21	-98.59921	173.7375	0
66	22	-7.140037	196.0193	0
66	23	520.225	137.5662	0
66	24	718.5398	128.5539	0
66	25	334.1029	193.7253	0
66	26	685.71	156.941	0
66	27	756.0999	158.8912	0
66	28	18.61918	154.6773	0
66	29	683.6794	121.9564	0
66	30	646.2319	120.449	0
66	31	186.4208	198.2266	0
66	32	739.3892	110.0138	0
66	33	760.7234	127.0995	0
66	34	354.036	143.7972	0
66	35	-191.1785	244.9739	0
66	36	337.71	151.4888	0
66	37	460.2268	147.877	0
66	38	236.7427	216.0678	0
66	39	674.2516	135.5465	0
66	40	815.5793	128.7835	0
66	41	407.1616	154.4184	0
66	42	358.6007	171.5651	0
66	43	476.0734	152.5205	0
67	1	412.5266	137.6479	0
67	2	752.7091	150.5266	0
67	3	411.9575	140.5419	0
67	4	510.1138	128.6306	0
67	5	137.7293	188.9464	0
67	6	572.8018	174.5583	0
67	7	401.7538	158.9126	0
67	8	392.2158	180.7478	0
67	9	786.8859	138.4473	0
67	10	246.6496	170.4852	0
67	11	775.3333	126.0747	0
67	12	697.8308	123.3944	0
67	13	456.8017	132.9965	0
67	14	703.3616	144.6827	0
67	15	731.0901	139.5211	0
67	16	547.04	146.4984	0
67	17	646.9888	139.714	0
67	18	706.2471	135.2013	0
67	19	288.7289	188.1344	0
67	20	484.9792	175.9644	0
67	21	-98.54073	173.7332	0
67	22	-7.133766	196.0227	0
67	23	520.2353	137.5677	0
67	24	718.5529	128.5596	0
67	25	334.1594	193.7242	0
67	26	685.6919	156.9317	0
67	27	756.1597	158.9177	0
67	28	18.51723	154.6985	0
67	29	683.6669	121.9527	0
67	30	646.2001	120.4434	0
67	31	186.4312	198.2273	0
67	32	739.4026	110.0158	0
67	33	760.7335	127.1003	0
67	34	354.0429	143.7985	0
67	35	-191.2266	244.9872	0
67	36	337.6798	151.5101	0
67	37	460.2385	147.8754	0
67	38	236.6035	216.1273	0
67	39	674.2234	135.5386	0
67	40	815.6351	128.7993	0
67	41	407.1499	154.4038	0
67	42	358.613	171.5651	0
67	43	476.0852	152.521	0
68	1	412.5321	137.6489	0
68	2	752.7208	150.5267	0
68	3	411.9393	140.5598	0
68	4	510.0915	128.6205	0
68	5	137.72	188.9453	0
68	6	572.8163	174.5781	0
68	7	401.7711	158.9099	0
68	8	392.253	180.7452	0
68	9	786.9308	138.4604	0
68	10	246.6042	170.5061	0
68	11	775.357	126.0817	0
68	12	697.799	123.3873	0
68	13	456.7893	132.9965	0
68	14	703.3655	144.6812	0
68	15	731.0968	139.5213	0
68	16	547.0535	146.4987	0
68	17	646.9797	139.713	0
68	18	706.2678	135.2127	0
68	19	288.6985	188.1206	0
68	20	484.9916	175.9628	0
68	21	-98.49713	173.7318	0
68	22	-7.12859	196.0248	0
68	23	520.2449	137.5684	0
68	24	718.5735	128.5672	0
68	25	334.2359	193.7208	0
68	26	685.6693	156.9222	0
68	27	756.2118	158.9435	0
68	28	18.40087	154.7241	0
68	29	683.6471	121.9478	0
68	30	646.1694	120.4391	0
68	31	186.4476	198.2279	0
68	32	739.4058	110.0157	0
68	33	760.7426	127.1011	0
68	34	354.0492	143.7991	0
68	35	-191.2722	245.0011	0
68	36	337.6429	151.5349	0
68	37	460.2489	147.8751	0
68	38	236.4816	216.1638	0
68	39	674.1932	135.5309	0
68	40	815.6729	128.8071	0
68	41	407.1349	154.3896	0
68	42	358.6269	171.565	0
68	43	476.0925	152.523	0
69	1	412.5419	137.6497	0
69	2	752.7344	150.5266	0
69	3	411.9145	140.5768	0
69	4	510.0721	128.6114	0
69	5	137.7161	188.9475	0
69	6	572.8362	174.5978	0
69	7	401.7908	158.9073	0
69	8	392.3347	180.743	0
69	9	786.9861	138.4734	0
69	10	246.5554	170.5281	0
69	11	775.3692	126.0842	0
69	12	697.7651	123.3807	0
69	13	456.7928	132.995	0
69	14	703.369	144.6796	0
69	15	731.098	139.52	0
69	16	547.065	146.4991	0
69	17	646.9999	139.7126	0
69	18	706.2774	135.2179	0
69	19	288.6698	188.1093	0
69	20	485.0017	175.9591	0
69	21	-98.46627	173.733	0
69	22	-7.125255	196.0262	0
69	23	520.254	137.5684	0
69	24	718.6022	128.5758	0
69	25	334.3102	193.7116	0
69	26	685.6336	156.9097	0
69	27	756.2482	158.9624	0
69	28	18.2754	154.7518	0
69	29	683.619	121.9412	0
69	30	646.1378	120.4346	0
69	31	186.4717	198.2275	0
69	32	739.3973	110.0145	0
69	33	760.7512	127.1016	0
69	34	354.0548	143.799	0
69	35	-191.3003	245.0114	0
69	36	337.5989	151.562	0
69	37	460.259	147.8756	0
69	38	236.4082	216.1801	0
69	39	674.1609	135.5244	0
69	40	815.6888	128.8094	0
69	41	407.1166	154.3771	0
69	42	358.6404	171.5651	0
69	43	476.0937	152.5268	0
70	1	412.5518	137.6513	0
70	2	752.7456	150.5268	0
70	3	411.8836	140.5881	0
70	4	510.0499	128.6024	0
70	5	137.7122	188.951	0
70	6	572.8592	174.6227	0
70	7	401.8074	158.9067	0
70	8	392.4135	180.7359	0
70	9	787.0524	138.4884	0
70	10	246.5037	170.5532	0
70	11	775.3722	126.0848	0
70	12	697.7299	123.3755	0
70	13	456.831	132.9955	0
70	14	703.3735	144.6794	0
70	15	731.0989	139.5186	0
70	16	547.072	146.4969	0
70	17	647.0342	139.7124	0
70	18	706.2783	135.2195	0
70	19	288.6449	188.1011	0
70	20	485.0125	175.9556	0
70	21	-98.46716	173.7377	0
70	22	-7.122716	196.0264	0
70	23	520.2637	137.5676	0
70	24	718.6369	128.584	0
70	25	334.3807	193.697	0
70	26	685.5911	156.8961	0
70	27	756.2658	158.972	0
70	28	18.13868	154.781	0
70	29	683.5891	121.934	0
70	30	646.1018	120.4305	0
70	31	186.4953	198.2276	0
70	32	739.4169	110.0147	0
70	33	760.7602	127.1012	0
70	34	354.0608	143.7985	0
70	35	-191.3096	245.0174	0
70	36	337.5462	151.5888	0
70	37	460.2645	147.8776	0
70	38	236.3846	216.1751	0
70	39	674.1298	135.5192	0
70	40	815.6844	128.8088	0
70	41	407.0963	154.3669	0
70	42	358.6532	171.5652	0
70	43	476.0901	152.5334	0
71	1	412.5518	137.6513	0
71	2	752.7456	150.5268	0
71	3	411.8836	140.5881	0
71	4	510.0499	128.6024	0
71	5	137.7122	188.951	0
71	6	572.8592	174.6227	0
71	7	401.8074	158.9067	0
71	8	392.4135	180.7359	0
71	9	787.0524	138.4884	0
71	10	246.5037	170.5532	0
71	11	775.3722	126.0848	0
71	12	697.7299	123.3755	0
71	13	456.831	132.9955	0
71	14	703.3735	144.6794	0
71	15	731.0989	139.5186	0
71	16	547.072	146.4969	0
71	17	647.0342	139.7124	0
71	18	706.2783	135.2195	0
71	19	288.6449	188.1011	0
71	20	485.0125	175.9556	0
71	21	-98.46716	173.7377	0
71	22	-7.122716	196.0264	0
71	23	520.2637	137.5676	0
71	24	718.6369	128.584	0
71	25	334.3807	193.697	0
71	26	685.5911	156.8961	0
71	27	756.2658	158.972	0
71	28	18.13868	154.781	0
71	29	683.5891	121.934	0
71	30	646.1018	120.4305	0
71	31	186.4953	198.2276	0
71	32	739.4169	110.0147	0
71	33	760.7602	127.1012	0
71	34	354.0608	143.7985	0
71	35	-191.3096	245.0174	0
71	36	337.5462	151.5888	0
71	37	460.2645	147.8776	0
71	38	236.3846	216.1751	0
71	39	674.1298	135.5192	0
71	40	815.6844	128.8088	0
71	41	407.0963	154.3669	0
71	42	358.6532	171.5652	0
71	43	476.0901	152.5334	0
