17	1	2.436137	0.05315447	1.727909	2.397851	1.603371	1.749116	0
18	1	2.436137	0.05315447	1.727909	2.398056	1.603372	1.749414	0
18	2	3.020129	0.05315447	12.80455	2.983572	1.488153	12.82928	0
19	1	2.436137	0.05315447	1.727909	2.398255	1.603355	1.749683	0
19	2	3.020129	0.05315447	12.80455	2.983338	1.488098	12.82966	0
19	3	1.30381	0.05315447	1.650496	1.264142	1.641605	1.679117	0
20	1	2.436137	0.05315447	1.727909	2.398442	1.603361	1.749933	0
20	2	3.020129	0.05315447	12.80455	2.983332	1.488037	12.82986	0
20	3	1.30381	0.05315447	1.650496	1.263664	1.641553	1.679605	0
20	4	-0.6465259	0.05315447	5.53863	-0.6828744	1.518121	5.564826	0
21	1	2.436137	0.05315447	1.727909	2.398643	1.60339	1.750159	0
21	2	3.020129	0.05315447	12.80455	2.983791	1.488009	12.82982	0
21	3	1.30381	0.05315447	1.650496	1.263385	1.641495	1.680033	0
21	4	-0.6465259	0.05315447	5.53863	-0.6833885	1.518082	5.5653	0
21	5	7.797819	0.05315447	-4.503783	7.758874	1.590553	-4.475523	0
22	1	2.436137	0.05315447	1.727909	2.398856	1.603443	1.750399	0
22	2	3.020129	0.05315447	12.80455	2.984782	1.48799	12.82957	0
22	3	1.30381	0.05315447	1.650496	1.263319	1.641428	1.680315	0
22	4	-0.6465259	0.05315447	5.53863	-0.6837214	1.51803	5.565699	0
22	5	7.797819	0.05315447	-4.503783	7.758642	1.590496	-4.475112	0
22	6	6.241872	0.05315447	5.7951	6.218449	1.738578	5.82824	0
23	1	2.436137	0.05315447	1.727909	2.399075	1.603486	1.750658	0
23	2	3.020129	0.05315447	12.80455	2.986288	1.487952	12.82916	0
23	3	1.30381	0.05315447	1.650496	1.263716	1.64139	1.680336	0
23	4	-0.6465259	0.05315447	5.53863	-0.6838898	1.517971	5.566045	0
23	5	7.797819	0.05315447	-4.503783	7.758657	1.590433	-4.474885	0
23	6	6.241872	0.05315447	5.7951	6.216393	1.73856	5.828503	0
23	7	5.292642	0.05315447	1.364545	5.266587	1.748154	1.396181	0
24	1	2.436137	0.05315447	1.727909	2.399232	1.603511	1.751004	0
24	2	3.020129	0.05315447	12.80455	2.988275	1.487915	12.82878	0
24	3	1.30381	0.05315447	1.650496	1.264683	1.641373	1.680124	0
24	4	-0.6465259	0.05315447	5.53863	-0.6837501	1.51792	5.566185	0
24	5	7.797819	0.05315447	-4.503783	7.759168	1.590404	-4.474924	0
24	6	6.241872	0.05315447	5.7951	6.21431	1.738645	5.82827	0
24	7	5.292642	0.05315447	1.364545	5.264512	1.748241	1.395928	0
24	8	8.173904	0.05315447	1.134704	8.129846	1.805393	1.160932	0
25	1	2.436137	0.05315447	1.727909	2.399263	1.603519	1.751427	0
25	2	3.020129	0.05315447	12.80455	2.990629	1.487911	12.82845	0
25	3	1.30381	0.05315447	1.650496	1.266255	1.641338	1.67969	0
25	4	-0.6465259	0.05315447	5.53863	-0.6831095	1.5179	5.566093	0
25	5	7.797819	0.05315447	-4.503783	7.760246	1.590386	-4.475197	0
25	6	6.241872	0.05315447	5.7951	6.212302	1.738778	5.827785	0
25	7	5.292642	0.05315447	1.364545	5.262509	1.748378	1.395417	0
25	8	8.173904	0.05315447	1.134704	8.128813	1.805458	1.15991	0
25	9	2.743589	0.05315447	13.96336	2.716729	1.743429	13.99047	0
26	1	2.436137	0.05315447	1.727909	2.399314	1.603523	1.751849	0
26	2	3.020129	0.05315447	12.80455	2.993314	1.487909	12.82816	0
26	3	1.30381	0.05315447	1.650496	1.268356	1.641294	1.67925	0
26	4	-0.6465259	0.05315447	5.53863	-0.681907	1.517877	5.565761	0
26	5	7.797819	0.05315447	-4.503783	7.761886	1.590347	-4.475628	0
26	6	6.241872	0.05315447	5.7951	6.210352	1.738891	5.827417	0
26	7	5.292642	0.05315447	1.364545	5.260564	1.748495	1.395039	0
26	8	8.173904	0.05315447	1.134704	8.12814	1.805534	1.159071	0
26	9	2.743589	0.05315447	13.96336	2.720437	1.743321	13.98975	0
27	1	2.436137	0.05315447	1.727909	2.399327	1.603497	1.752249	0
27	2	3.020129	0.05315447	12.80455	2.996304	1.48786	12.82776	0
27	3	1.30381	0.05315447	1.650496	1.270896	1.641281	1.678838	0
27	4	-0.6465259	0.05315447	5.53863	-0.6801984	1.517837	5.565342	0
27	5	7.797819	0.05315447	-4.503783	7.764042	1.590307	-4.476042	0
27	6	6.241872	0.05315447	5.7951	6.208411	1.738994	5.82696	0
27	7	5.292642	0.05315447	1.364545	5.258621	1.748599	1.394582	0
27	8	8.173904	0.05315447	1.134704	8.127779	1.805583	1.158534	0
27	9	2.743589	0.05315447	13.96336	2.724164	1.743221	13.9888	0
27	10	6.369122	0.05315447	-2.564608	6.35958	1.330166	-2.544996	0
28	1	2.436137	0.05315447	1.727909	2.399029	1.603485	1.752609	0
28	2	3.020129	0.05315447	12.80455	2.999405	1.487781	12.82722	0
28	3	1.30381	0.05315447	1.650496	1.273723	1.641305	1.678494	0
28	4	-0.6465259	0.05315447	5.53863	-0.6780003	1.517801	5.564952	0
28	5	7.797819	0.05315447	-4.503783	7.766547	1.590312	-4.476425	0
28	6	6.241872	0.05315447	5.7951	6.206516	1.739054	5.826393	0
28	7	5.292642	0.05315447	1.364545	5.256719	1.748659	1.394009	0
28	8	8.173904	0.05315447	1.134704	8.127704	1.805569	1.158324	0
28	9	2.743589	0.05315447	13.96336	2.727523	1.743251	13.98757	0
28	10	6.369122	0.05315447	-2.564608	6.35896	1.330105	-2.543733	0
28	11	-3.118245	0.05315447	18.24243	-3.160573	1.870305	18.27346	0
29	1	2.436137	0.05315447	1.727909	2.39856	1.603475	1.752947	0
29	2	3.020129	0.05315447	12.80455	3.002594	1.487685	12.82648	0
29	3	1.30381	0.05315447	1.650496	1.276958	1.641273	1.678077	0
29	4	-0.6465259	0.05315447	5.53863	-0.6755536	1.517824	5.56461	0
29	5	7.797819	0.05315447	-4.503783	7.769395	1.590324	-4.47676	0
29	6	6.241872	0.05315447	5.7951	6.204795	1.739073	5.825754	0
29	7	5.292642	0.05315447	1.364545	5.254982	1.748678	1.393358	0
29	8	8.173904	0.05315447	1.134704	8.127855	1.80554	1.158331	0
29	9	2.743589	0.05315447	13.96336	2.729996	1.743406	13.98636	0
29	10	6.369122	0.05315447	-2.564608	6.357939	1.33005	-2.542592	0
29	11	-3.118245	0.05315447	18.24243	-3.157938	1.870261	18.27299	0
29	12	-2.894936	0.05315447	14.5171	-2.93468	1.695028	14.54196	0
30	1	2.436137	0.05315447	1.727909	2.398107	1.603459	1.753293	0
30	2	3.020129	0.05315447	12.80455	3.005594	1.487653	12.82551	0
30	3	1.30381	0.05315447	1.650496	1.280366	1.641204	1.677507	0
30	4	-0.6465259	0.05315447	5.53863	-0.6727216	1.517819	5.564276	0
30	5	7.797819	0.05315447	-4.503783	7.772587	1.590282	-4.477201	0
30	6	6.241872	0.05315447	5.7951	6.203218	1.739105	5.825024	0
30	7	5.292642	0.05315447	1.364545	5.253386	1.748707	1.39264	0
30	8	8.173904	0.05315447	1.134704	8.128077	1.805503	1.158375	0
30	9	2.743589	0.05315447	13.96336	2.731246	1.743527	13.98557	0
30	10	6.369122	0.05315447	-2.564608	6.356634	1.329996	-2.541558	0
30	11	-3.118245	0.05315447	18.24243	-3.154883	1.870265	18.2726	0
30	12	-2.894936	0.05315447	14.5171	-2.934497	1.69503	14.54222	0
30	13	-0.5567647	0.05315447	3.460458	-0.5917095	1.434972	3.483886	0
31	1	2.436137	0.05315447	1.727909	2.39769	1.603443	1.75369	0
31	2	3.020129	0.05315447	12.80455	3.00804	1.487764	12.82444	0
31	3	1.30381	0.05315447	1.650496	1.283886	1.641104	1.676741	0
31	4	-0.6465259	0.05315447	5.53863	-0.6696306	1.51777	5.563814	0
31	5	7.797819	0.05315447	-4.503783	7.775909	1.590205	-4.477789	0
31	6	6.241872	0.05315447	5.7951	6.201735	1.739133	5.824083	0
31	7	5.292642	0.05315447	1.364545	5.251886	1.748731	1.391703	0
31	8	8.173904	0.05315447	1.134704	8.128383	1.805466	1.158404	0
31	9	2.743589	0.05315447	13.96336	2.731116	1.743582	13.98514	0
31	10	6.369122	0.05315447	-2.564608	6.355066	1.329955	-2.540677	0
31	11	-3.118245	0.05315447	18.24243	-3.15139	1.870251	18.27222	0
31	12	-2.894936	0.05315447	14.5171	-2.934309	1.695063	14.54247	0
31	13	-0.5567647	0.05315447	3.460458	-0.5920883	1.434923	3.484272	0
31	14	2.175052	0.05315447	11.66533	2.133439	1.739971	11.69309	0
32	1	2.436137	0.05315447	1.727909	2.397125	1.603409	1.754171	0
32	2	3.020129	0.05315447	12.80455	3.009474	1.487891	12.82361	0
32	3	1.30381	0.05315447	1.650496	1.287293	1.641044	1.675728	0
32	4	-0.6465259	0.05315447	5.53863	-0.6664289	1.517686	5.5632	0
32	5	7.797819	0.05315447	-4.503783	7.779325	1.590109	-4.478581	0
32	6	6.241872	0.05315447	5.7951	6.200363	1.739182	5.822945	0
32	7	5.292642	0.05315447	1.364545	5.250496	1.748777	1.39056	0
32	8	8.173904	0.05315447	1.134704	8.128825	1.805439	1.1584	0
32	9	2.743589	0.05315447	13.96336	2.730912	1.743534	13.98653	0
32	10	6.369122	0.05315447	-2.564608	6.353469	1.329906	-2.540038	0
32	11	-3.118245	0.05315447	18.24243	-3.147562	1.870183	18.27167	0
32	12	-2.894936	0.05315447	14.5171	-2.934107	1.695118	14.54274	0
32	13	-0.5567647	0.05315447	3.460458	-0.5923141	1.43487	3.48464	0
32	14	2.175052	0.05315447	11.66533	2.13229	1.740041	11.69203	0
32	15	-0.1064287	0.05315447	14.19145	-0.1423181	1.460771	14.21776	0
33	1	2.436137	0.05315447	1.727909	2.396696	1.603354	1.754606	0
33	2	3.020129	0.05315447	12.80455	3.009787	1.487952	12.82317	0
33	3	1.30381	0.05315447	1.650496	1.290172	1.641133	1.674549	0
33	4	-0.6465259	0.05315447	5.53863	-0.6631923	1.517603	5.562377	0
33	5	7.797819	0.05315447	-4.503783	7.782538	1.590077	-4.479623	0
33	6	6.241872	0.05315447	5.7951	6.199185	1.739253	5.821878	0
33	7	5.292642	0.05315447	1.364545	5.249294	1.748847	1.3895	0
33	8	8.173904	0.05315447	1.134704	8.129376	1.805444	1.158356	0
33	9	2.743589	0.05315447	13.96336	2.730333	1.743456	13.98825	0
33	10	6.369122	0.05315447	-2.564608	6.351797	1.329846	-2.539584	0
33	11	-3.118245	0.05315447	18.24243	-3.143604	1.870073	18.27094	0
33	12	-2.894936	0.05315447	14.5171	-2.933898	1.69516	14.54304	0
33	13	-0.5567647	0.05315447	3.460458	-0.5923206	1.434811	3.484836	0
33	14	2.175052	0.05315447	11.66533	2.131521	1.74011	11.69111	0
33	15	-0.1064287	0.05315447	14.19145	-0.1422513	1.460717	14.21794	0
33	16	3.384904	0.05315447	5.934347	3.352367	1.350252	5.955273	0
34	1	2.436137	0.05315447	1.727909	2.396439	1.603295	1.755019	0
34	2	3.020129	0.05315447	12.80455	3.009533	1.487945	12.8237	0
34	3	1.30381	0.05315447	1.650496	1.292022	1.641276	1.67355	0
34	4	-0.6465259	0.05315447	5.53863	-0.6602626	1.517617	5.56133	0
34	5	7.797819	0.05315447	-4.503783	7.785135	1.590192	-4.480759	0
34	6	6.241872	0.05315447	5.7951	6.198384	1.73932	5.820942	0
34	7	5.292642	0.05315447	1.364545	5.248471	1.748914	1.388567	0
34	8	8.173904	0.05315447	1.134704	8.129949	1.805446	1.158367	0
34	9	2.743589	0.05315447	13.96336	2.729278	1.743394	13.98983	0
34	10	6.369122	0.05315447	-2.564608	6.35023	1.329817	-2.53928	0
34	11	-3.118245	0.05315447	18.24243	-3.139577	1.869957	18.26995	0
34	12	-2.894936	0.05315447	14.5171	-2.933777	1.695181	14.54343	0
34	13	-0.5567647	0.05315447	3.460458	-0.5918811	1.434784	3.484801	0
34	14	2.175052	0.05315447	11.66533	2.131042	1.740171	11.69044	0
34	15	-0.1064287	0.05315447	14.19145	-0.1417131	1.460694	14.21787	0
34	16	3.384904	0.05315447	5.934347	3.35164	1.3503	5.954511	0
34	17	1.033545	0.05315447	10.26103	0.9992877	1.503988	10.2852	0
35	1	2.436137	0.05315447	1.727909	2.396422	1.603229	1.755244	0
35	2	3.020129	0.05315447	12.80455	3.009191	1.487889	12.82516	0
35	3	1.30381	0.05315447	1.650496	1.292678	1.641359	1.672956	0
35	4	-0.6465259	0.05315447	5.53863	-0.6580712	1.517744	5.560288	0
35	5	7.797819	0.05315447	-4.503783	7.786661	1.590323	-4.481638	0
35	6	6.241872	0.05315447	5.7951	6.197875	1.739383	5.820248	0
35	7	5.292642	0.05315447	1.364545	5.247938	1.748978	1.38787	0
35	8	8.173904	0.05315447	1.134704	8.130392	1.805453	1.158478	0
35	9	2.743589	0.05315447	13.96336	2.727724	1.743323	13.99126	0
35	10	6.369122	0.05315447	-2.564608	6.348654	1.329864	-2.539369	0
35	11	-3.118245	0.05315447	18.24243	-3.135876	1.869954	18.26867	0
35	12	-2.894936	0.05315447	14.5171	-2.933755	1.695191	14.54389	0
35	13	-0.5567647	0.05315447	3.460458	-0.5909328	1.434766	3.48456	0
35	14	2.175052	0.05315447	11.66533	2.130872	1.740189	11.69008	0
35	15	-0.1064287	0.05315447	14.19145	-0.140646	1.460675	14.21759	0
35	16	3.384904	0.05315447	5.934347	3.351171	1.350355	5.953899	0
35	17	1.033545	0.05315447	10.26103	0.9992184	1.503961	10.28557	0
35	18	0.1600136	0.05315447	12.99003	0.1247882	1.498934	13.01337	0
36	1	2.436137	0.05315447	1.727909	2.396906	1.603197	1.755208	0
36	2	3.020129	0.05315447	12.80455	3.008466	1.487827	12.82656	0
36	3	1.30381	0.05315447	1.650496	1.29233	1.641379	1.672999	0
36	4	-0.6465259	0.05315447	5.53863	-0.6569305	1.517852	5.559569	0
36	5	7.797819	0.05315447	-4.503783	7.786984	1.590389	-4.482141	0
36	6	6.241872	0.05315447	5.7951	6.197678	1.739407	5.819855	0
36	7	5.292642	0.05315447	1.364545	5.247717	1.749003	1.387483	0
36	8	8.173904	0.05315447	1.134704	8.130718	1.805482	1.158735	0
36	9	2.743589	0.05315447	13.96336	2.725802	1.743257	13.99253	0
36	10	6.369122	0.05315447	-2.564608	6.347111	1.329958	-2.539715	0
36	11	-3.118245	0.05315447	18.24243	-3.133012	1.870112	18.26734	0
36	12	-2.894936	0.05315447	14.5171	-2.933738	1.695191	14.54434	0
36	13	-0.5567647	0.05315447	3.460458	-0.5894834	1.43473	3.484165	0
36	14	2.175052	0.05315447	11.66533	2.130946	1.740163	11.69	0
36	15	-0.1064287	0.05315447	14.19145	-0.1390774	1.460638	14.21719	0
36	16	3.384904	0.05315447	5.934347	3.350933	1.350389	5.953512	0
36	17	1.033545	0.05315447	10.26103	0.9988346	1.503954	10.2859	0
36	18	0.1600136	0.05315447	12.99003	0.1243636	1.498919	13.01369	0
37	1	2.436137	0.05315447	1.727909	2.397961	1.603177	1.754941	0
37	2	3.020129	0.05315447	12.80455	3.007275	1.487766	12.82782	0
37	3	1.30381	0.05315447	1.650496	1.292059	1.641314	1.67461	0
37	4	-0.6465259	0.05315447	5.53863	-0.656983	1.517901	5.559145	0
37	5	7.797819	0.05315447	-4.503783	7.78668	1.590382	-4.481629	0
37	6	6.241872	0.05315447	5.7951	6.197729	1.739381	5.819757	0
37	7	5.292642	0.05315447	1.364545	5.247747	1.748975	1.387396	0
37	8	8.173904	0.05315447	1.134704	8.130941	1.805476	1.159072	0
37	9	2.743589	0.05315447	13.96336	2.723613	1.743229	13.99355	0
37	10	6.369122	0.05315447	-2.564608	6.345633	1.330051	-2.540015	0
37	11	-3.118245	0.05315447	18.24243	-3.13146	1.870257	18.26639	0
37	12	-2.894936	0.05315447	14.5171	-2.933765	1.695161	14.54477	0
37	13	-0.5567647	0.05315447	3.460458	-0.5875732	1.434694	3.483801	0
37	14	2.175052	0.05315447	11.66533	2.131169	1.740133	11.69002	0
37	15	-0.1064287	0.05315447	14.19145	-0.1370368	1.460602	14.21681	0
37	16	3.384904	0.05315447	5.934347	3.350907	1.350377	5.953364	0
37	17	1.033545	0.05315447	10.26103	0.9983941	1.503946	10.28624	0
37	18	0.1600136	0.05315447	12.99003	0.1239766	1.498904	13.01406	0
37	19	7.554808	0.05315447	-1.222041	7.530885	1.662318	-1.194644	0
38	1	2.436137	0.05315447	1.727909	2.399575	1.603137	1.754498	0
38	2	3.020129	0.05315447	12.80455	3.005767	1.487709	12.82895	0
38	3	1.30381	0.05315447	1.650496	1.291347	1.641235	1.676194	0
38	4	-0.6465259	0.05315447	5.53863	-0.6572058	1.517865	5.560195	0
38	5	7.797819	0.05315447	-4.503783	7.786307	1.590318	-4.480073	0
38	6	6.241872	0.05315447	5.7951	6.197946	1.739352	5.819767	0
38	7	5.292642	0.05315447	1.364545	5.247948	1.748945	1.387427	0
38	8	8.173904	0.05315447	1.134704	8.131159	1.805466	1.159367	0
38	9	2.743589	0.05315447	13.96336	2.721421	1.743146	13.99416	0
38	10	6.369122	0.05315447	-2.564608	6.344151	1.330129	-2.540334	0
38	11	-3.118245	0.05315447	18.24243	-3.131368	1.870323	18.26589	0
38	12	-2.894936	0.05315447	14.5171	-2.93414	1.695152	14.54515	0
38	13	-0.5567647	0.05315447	3.460458	-0.5853066	1.43469	3.483481	0
38	14	2.175052	0.05315447	11.66533	2.131438	1.740097	11.69003	0
38	15	-0.1064287	0.05315447	14.19145	-0.1347155	1.460615	14.21647	0
38	16	3.384904	0.05315447	5.934347	3.351044	1.350356	5.953358	0
38	17	1.033545	0.05315447	10.26103	0.9979814	1.503925	10.28658	0
38	18	0.1600136	0.05315447	12.99003	0.1234552	1.498873	13.0145	0
38	19	7.554808	0.05315447	-1.222041	7.534449	1.662217	-1.19541	0
38	20	6.532831	0.05315447	3.476162	6.504512	1.789441	3.508403	0
39	1	2.436137	0.05315447	1.727909	2.399575	1.603137	1.754498	0
39	2	3.020129	0.05315447	12.80455	3.005767	1.487709	12.82895	0
39	3	1.30381	0.05315447	1.650496	1.291347	1.641235	1.676194	0
39	4	-0.6465259	0.05315447	5.53863	-0.6572058	1.517865	5.560195	0
39	5	7.797819	0.05315447	-4.503783	7.786307	1.590318	-4.480073	0
39	6	6.241872	0.05315447	5.7951	6.197946	1.739352	5.819767	0
39	7	5.292642	0.05315447	1.364545	5.247948	1.748945	1.387427	0
39	8	8.173904	0.05315447	1.134704	8.131159	1.805466	1.159367	0
39	9	2.743589	0.05315447	13.96336	2.721421	1.743146	13.99416	0
39	10	6.369122	0.05315447	-2.564608	6.344151	1.330129	-2.540334	0
39	11	-3.118245	0.05315447	18.24243	-3.131368	1.870323	18.26589	0
39	12	-2.894936	0.05315447	14.5171	-2.93414	1.695152	14.54515	0
39	13	-0.5567647	0.05315447	3.460458	-0.5853066	1.43469	3.483481	0
39	14	2.175052	0.05315447	11.66533	2.131438	1.740097	11.69003	0
39	15	-0.1064287	0.05315447	14.19145	-0.1347155	1.460615	14.21647	0
39	16	3.384904	0.05315447	5.934347	3.351044	1.350356	5.953358	0
39	17	1.033545	0.05315447	10.26103	0.9979814	1.503925	10.28658	0
39	18	0.1600136	0.05315447	12.99003	0.1234552	1.498873	13.0145	0
39	19	7.554808	0.05315447	-1.222041	7.534449	1.662217	-1.19541	0
39	20	6.532831	0.05315447	3.476162	6.504512	1.789441	3.508403	0
39	21	7.618643	0.05315447	-9.507429	7.618643	1.491135	-9.545656	0
