63	1	358.8296	210.5724	0
63	2	601.7913	219.9333	0
63	3	361.9452	193.8315	0
63	4	442.8202	168.4149	0
63	5	185.074	307.8864	0
63	6	448.7735	276.0947	0
63	7	343.9344	259.3453	0
63	8	327.9862	317.5753	0
63	9	626.8784	216.7671	0
63	10	245.2385	279.5241	0
63	11	676.9471	137.6424	0
63	12	610.4526	140.2368	0
63	13	401.2721	167.8046	0
63	14	573.1092	207.7471	0
63	15	615.3935	175.3503	0
63	16	452.1516	225.2542	0
63	17	540.4698	190.1057	0
63	18	593.1138	178.693	0
63	19	270.1068	304.4556	0
63	20	391.4316	284.1293	0
63	21	58.85259	303.4808	0
63	22	113.7868	329.3242	0
63	23	439.4054	208.4577	0
63	24	613.7377	161.5037	0
63	25	297.1035	322.6973	0
63	26	544.2366	235.2872	0
63	27	581.8228	255.1453	0
63	28	98.11205	248.3659	0
63	29	605.0257	127.9659	0
63	30	570.2903	132.0573	0
63	31	218.3181	342.8279	0
63	32	663.5947	107.7451	0
63	33	652.9525	155.4246	0
63	34	318.5345	199.8728	0
63	35	70.03525	404.0086	0
63	36	303.3488	247.0392	0
63	37	395.0923	208.0632	0
63	38	245.7482	373.1796	0
63	39	576.425	166.7371	0
63	40	666.4081	193.2857	0
63	41	350.0792	239.5271	0
63	42	314.6641	263.032	0
63	43	400.1734	230.7732	0
64	1	358.8296	210.5724	0
64	2	601.7913	219.9333	0
64	3	361.9452	193.8315	0
64	4	442.8202	168.4149	0
64	5	185.074	307.8864	0
64	6	448.7735	276.0947	0
64	7	343.9344	259.3453	0
64	8	327.9862	317.5753	0
64	9	626.8784	216.7671	0
64	10	245.2385	279.5241	0
64	11	676.9471	137.6424	0
64	12	610.4526	140.2368	0
64	13	401.2721	167.8046	0
64	14	573.1092	207.7471	0
64	15	615.3935	175.3503	0
64	16	452.1516	225.2542	0
64	17	540.4698	190.1057	0
64	18	593.1138	178.693	0
64	19	270.1068	304.4556	0
64	20	391.4316	284.1293	0
64	21	58.85259	303.4808	0
64	22	113.7868	329.3242	0
64	23	439.4054	208.4577	0
64	24	613.7377	161.5037	0
64	25	297.1035	322.6973	0
64	26	544.2366	235.2872	0
64	27	581.8228	255.1453	0
64	28	98.11205	248.3659	0
64	29	605.0257	127.9659	0
64	30	570.2903	132.0573	0
64	31	218.3181	342.8279	0
64	32	663.5947	107.7451	0
64	33	652.9525	155.4246	0
64	34	318.5345	199.8728	0
64	35	70.03525	404.0086	0
64	36	303.3488	247.0392	0
64	37	395.0923	208.0632	0
64	38	245.7482	373.1796	0
64	39	576.425	166.7371	0
64	40	666.4081	193.2857	0
64	41	350.0792	239.5271	0
64	42	314.6641	263.032	0
64	43	400.1734	230.7732	0
65	1	358.8296	210.5724	0
65	2	601.7913	219.9333	0
65	3	361.9452	193.8315	0
65	4	442.8202	168.4149	0
65	5	185.074	307.8864	0
65	6	448.7735	276.0947	0
65	7	343.9344	259.3453	0
65	8	327.9862	317.5753	0
65	9	626.8784	216.7671	0
65	10	245.2385	279.5241	0
65	11	676.9471	137.6424	0
65	12	610.4526	140.2368	0
65	13	401.2721	167.8046	0
65	14	573.1092	207.7471	0
65	15	615.3935	175.3503	0
65	16	452.1516	225.2542	0
65	17	540.4698	190.1057	0
65	18	593.1138	178.693	0
65	19	270.1068	304.4556	0
65	20	391.4316	284.1293	0
65	21	58.85259	303.4808	0
65	22	113.7868	329.3242	0
65	23	439.4054	208.4577	0
65	24	613.7377	161.5037	0
65	25	297.1035	322.6973	0
65	26	544.2366	235.2872	0
65	27	581.8228	255.1453	0
65	28	98.11205	248.3659	0
65	29	605.0257	127.9659	0
65	30	570.2903	132.0573	0
65	31	218.3181	342.8279	0
65	32	663.5947	107.7451	0
65	33	652.9525	155.4246	0
65	34	318.5345	199.8728	0
65	35	70.03525	404.0086	0
65	36	303.3488	247.0392	0
65	37	395.0923	208.0632	0
65	38	245.7482	373.1796	0
65	39	576.425	166.7371	0
65	40	666.4081	193.2857	0
65	41	350.0792	239.5271	0
65	42	314.6641	263.032	0
65	43	400.1734	230.7732	0
66	1	358.8296	210.5724	0
66	2	601.7913	219.9333	0
66	3	361.9452	193.8315	0
66	4	442.8202	168.4149	0
66	5	185.074	307.8864	0
66	6	448.7735	276.0947	0
66	7	343.9344	259.3453	0
66	8	327.9862	317.5753	0
66	9	626.8784	216.7671	0
66	10	245.2385	279.5241	0
66	11	676.9471	137.6424	0
66	12	610.4526	140.2368	0
66	13	401.2721	167.8046	0
66	14	573.1092	207.7471	0
66	15	615.3935	175.3503	0
66	16	452.1516	225.2542	0
66	17	540.4698	190.1057	0
66	18	593.1138	178.693	0
66	19	270.1068	304.4556	0
66	20	391.4316	284.1293	0
66	21	58.85259	303.4808	0
66	22	113.7868	329.3242	0
66	23	439.4054	208.4577	0
66	24	613.7377	161.5037	0
66	25	297.1035	322.6973	0
66	26	544.2366	235.2872	0
66	27	581.8228	255.1453	0
66	28	98.11205	248.3659	0
66	29	605.0257	127.9659	0
66	30	570.2903	132.0573	0
66	31	218.3181	342.8279	0
66	32	663.5947	107.7451	0
66	33	652.9525	155.4246	0
66	34	318.5345	199.8728	0
66	35	70.03525	404.0086	0
66	36	303.3488	247.0392	0
66	37	395.0923	208.0632	0
66	38	245.7482	373.1796	0
66	39	576.425	166.7371	0
66	40	666.4081	193.2857	0
66	41	350.0792	239.5271	0
66	42	314.6641	263.032	0
66	43	400.1734	230.7732	0
67	1	358.8296	210.5724	0
67	2	601.7913	219.9333	0
67	3	361.9452	193.8315	0
67	4	442.8202	168.4149	0
67	5	185.074	307.8864	0
67	6	448.7735	276.0947	0
67	7	343.9344	259.3453	0
67	8	327.9862	317.5753	0
67	9	626.8784	216.7671	0
67	10	245.2385	279.5241	0
67	11	676.9471	137.6424	0
67	12	610.4526	140.2368	0
67	13	401.2721	167.8046	0
67	14	573.1092	207.7471	0
67	15	615.3935	175.3503	0
67	16	452.1516	225.2542	0
67	17	540.4698	190.1057	0
67	18	593.1138	178.693	0
67	19	270.1068	304.4556	0
67	20	391.4316	284.1293	0
67	21	58.85259	303.4808	0
67	22	113.7868	329.3242	0
67	23	439.4054	208.4577	0
67	24	613.7377	161.5037	0
67	25	297.1035	322.6973	0
67	26	544.2366	235.2872	0
67	27	581.8228	255.1453	0
67	28	98.11205	248.3659	0
67	29	605.0257	127.9659	0
67	30	570.2903	132.0573	0
67	31	218.3181	342.8279	0
67	32	663.5947	107.7451	0
67	33	652.9525	155.4246	0
67	34	318.5345	199.8728	0
67	35	70.03525	404.0086	0
67	36	303.3488	247.0392	0
67	37	395.0923	208.0632	0
67	38	245.7482	373.1796	0
67	39	576.425	166.7371	0
67	40	666.4081	193.2857	0
67	41	350.0792	239.5271	0
67	42	314.6641	263.032	0
67	43	400.1734	230.7732	0
68	1	358.8296	210.5724	0
68	2	601.7913	219.9333	0
68	3	361.9452	193.8315	0
68	4	442.8202	168.4149	0
68	5	185.074	307.8864	0
68	6	448.7735	276.0947	0
68	7	343.9344	259.3453	0
68	8	327.9862	317.5753	0
68	9	626.8784	216.7671	0
68	10	245.2385	279.5241	0
68	11	676.9471	137.6424	0
68	12	610.4526	140.2368	0
68	13	401.2721	167.8046	0
68	14	573.1092	207.7471	0
68	15	615.3935	175.3503	0
68	16	452.1516	225.2542	0
68	17	540.4698	190.1057	0
68	18	593.1138	178.693	0
68	19	270.1068	304.4556	0
68	20	391.4316	284.1293	0
68	21	58.85259	303.4808	0
68	22	113.7868	329.3242	0
68	23	439.4054	208.4577	0
68	24	613.7377	161.5037	0
68	25	297.1035	322.6973	0
68	26	544.2366	235.2872	0
68	27	581.8228	255.1453	0
68	28	98.11205	248.3659	0
68	29	605.0257	127.9659	0
68	30	570.2903	132.0573	0
68	31	218.3181	342.8279	0
68	32	663.5947	107.7451	0
68	33	652.9525	155.4246	0
68	34	318.5345	199.8728	0
68	35	70.03525	404.0086	0
68	36	303.3488	247.0392	0
68	37	395.0923	208.0632	0
68	38	245.7482	373.1796	0
68	39	576.425	166.7371	0
68	40	666.4081	193.2857	0
68	41	350.0792	239.5271	0
68	42	314.6641	263.032	0
68	43	400.1734	230.7732	0
69	1	358.8296	210.5724	0
69	2	601.7913	219.9333	0
69	3	361.9452	193.8315	0
69	4	442.8202	168.4149	0
69	5	185.074	307.8864	0
69	6	448.7735	276.0947	0
69	7	343.9344	259.3453	0
69	8	327.9862	317.5753	0
69	9	626.8784	216.7671	0
69	10	245.2385	279.5241	0
69	11	676.9471	137.6424	0
69	12	610.4526	140.2368	0
69	13	401.2721	167.8046	0
69	14	573.1092	207.7471	0
69	15	615.3935	175.3503	0
69	16	452.1516	225.2542	0
69	17	540.4698	190.1057	0
69	18	593.1138	178.693	0
69	19	270.1068	304.4556	0
69	20	391.4316	284.1293	0
69	21	58.85259	303.4808	0
69	22	113.7868	329.3242	0
69	23	439.4054	208.4577	0
69	24	613.7377	161.5037	0
69	25	297.1035	322.6973	0
69	26	544.2366	235.2872	0
69	27	581.8228	255.1453	0
69	28	98.11205	248.3659	0
69	29	605.0257	127.9659	0
69	30	570.2903	132.0573	0
69	31	218.3181	342.8279	0
69	32	663.5947	107.7451	0
69	33	652.9525	155.4246	0
69	34	318.5345	199.8728	0
69	35	70.03525	404.0086	0
69	36	303.3488	247.0392	0
69	37	395.0923	208.0632	0
69	38	245.7482	373.1796	0
69	39	576.425	166.7371	0
69	40	666.4081	193.2857	0
69	41	350.0792	239.5271	0
69	42	314.6641	263.032	0
69	43	400.1734	230.7732	0
70	1	358.8296	210.5724	0
70	2	601.7913	219.9333	0
70	3	361.9452	193.8315	0
70	4	442.8202	168.4149	0
70	5	185.074	307.8864	0
70	6	448.7735	276.0947	0
70	7	343.9344	259.3453	0
70	8	327.9862	317.5753	0
70	9	626.8784	216.7671	0
70	10	245.2385	279.5241	0
70	11	676.9471	137.6424	0
70	12	610.4526	140.2368	0
70	13	401.2721	167.8046	0
70	14	573.1092	207.7471	0
70	15	615.3935	175.3503	0
70	16	452.1516	225.2542	0
70	17	540.4698	190.1057	0
70	18	593.1138	178.693	0
70	19	270.1068	304.4556	0
70	20	391.4316	284.1293	0
70	21	58.85259	303.4808	0
70	22	113.7868	329.3242	0
70	23	439.4054	208.4577	0
70	24	613.7377	161.5037	0
70	25	297.1035	322.6973	0
70	26	544.2366	235.2872	0
70	27	581.8228	255.1453	0
70	28	98.11205	248.3659	0
70	29	605.0257	127.9659	0
70	30	570.2903	132.0573	0
70	31	218.3181	342.8279	0
70	32	663.5947	107.7451	0
70	33	652.9525	155.4246	0
70	34	318.5345	199.8728	0
70	35	70.03525	404.0086	0
70	36	303.3488	247.0392	0
70	37	395.0923	208.0632	0
70	38	245.7482	373.1796	0
70	39	576.425	166.7371	0
70	40	666.4081	193.2857	0
70	41	350.0792	239.5271	0
70	42	314.6641	263.032	0
70	43	400.1734	230.7732	0
71	1	358.8296	210.5724	0
71	2	601.7913	219.9333	0
71	3	361.9452	193.8315	0
71	4	442.8202	168.4149	0
71	5	185.074	307.8864	0
71	6	448.7735	276.0947	0
71	7	343.9344	259.3453	0
71	8	327.9862	317.5753	0
71	9	626.8784	216.7671	0
71	10	245.2385	279.5241	0
71	11	676.9471	137.6424	0
71	12	610.4526	140.2368	0
71	13	401.2721	167.8046	0
71	14	573.1092	207.7471	0
71	15	615.3935	175.3503	0
71	16	452.1516	225.2542	0
71	17	540.4698	190.1057	0
71	18	593.1138	178.693	0
71	19	270.1068	304.4556	0
71	20	391.4316	284.1293	0
71	21	58.85259	303.4808	0
71	22	113.7868	329.3242	0
71	23	439.4054	208.4577	0
71	24	613.7377	161.5037	0
71	25	297.1035	322.6973	0
71	26	544.2366	235.2872	0
71	27	581.8228	255.1453	0
71	28	98.11205	248.3659	0
71	29	605.0257	127.9659	0
71	30	570.2903	132.0573	0
71	31	218.3181	342.8279	0
71	32	663.5947	107.7451	0
71	33	652.9525	155.4246	0
71	34	318.5345	199.8728	0
71	35	70.03525	404.0086	0
71	36	303.3488	247.0392	0
71	37	395.0923	208.0632	0
71	38	245.7482	373.1796	0
71	39	576.425	166.7371	0
71	40	666.4081	193.2857	0
71	41	350.0792	239.5271	0
71	42	314.6641	263.032	0
71	43	400.1734	230.7732	0
72	1	358.8296	210.5724	0
72	2	601.7913	219.9333	0
72	3	361.9452	193.8315	0
72	4	442.8202	168.4149	0
72	5	185.074	307.8864	0
72	6	448.7735	276.0947	0
72	7	343.9344	259.3453	0
72	8	327.9862	317.5753	0
72	9	626.8784	216.7671	0
72	10	245.2385	279.5241	0
72	11	676.9471	137.6424	0
72	12	610.4526	140.2368	0
72	13	401.2721	167.8046	0
72	14	573.1092	207.7471	0
72	15	615.3935	175.3503	0
72	16	452.1516	225.2542	0
72	17	540.4698	190.1057	0
72	18	593.1138	178.693	0
72	19	270.1068	304.4556	0
72	20	391.4316	284.1293	0
72	21	58.85259	303.4808	0
72	22	113.7868	329.3242	0
72	23	439.4054	208.4577	0
72	24	613.7377	161.5037	0
72	25	297.1035	322.6973	0
72	26	544.2366	235.2872	0
72	27	581.8228	255.1453	0
72	28	98.11205	248.3659	0
72	29	605.0257	127.9659	0
72	30	570.2903	132.0573	0
72	31	218.3181	342.8279	0
72	32	663.5947	107.7451	0
72	33	652.9525	155.4246	0
72	34	318.5345	199.8728	0
72	35	70.03525	404.0086	0
72	36	303.3488	247.0392	0
72	37	395.0923	208.0632	0
72	38	245.7482	373.1796	0
72	39	576.425	166.7371	0
72	40	666.4081	193.2857	0
72	41	350.0792	239.5271	0
72	42	314.6641	263.032	0
72	43	400.1734	230.7732	0
63	1	359.2231	210.3929	0
63	2	603.624	221.2693	0
63	3	361.7082	194.9469	0
63	4	442.5921	167.3428	0
63	5	185.4102	308.6925	0
63	6	449.0906	277.4578	0
63	7	342.9638	259.0215	0
63	8	329.2495	318.1367	0
63	9	628.0806	218.0516	0
63	10	243.2259	280.0562	0
63	11	677.406	137.4454	0
63	12	610.2255	140.7057	0
63	13	402.1871	167.1277	0
63	14	572.6979	207.1511	0
63	15	615.5403	175.1619	0
63	16	452.1996	225.8214	0
63	17	540.3627	190.8221	0
63	18	592.4084	178.0089	0
63	19	270.0563	303.2996	0
63	20	390.7714	283.5518	0
63	21	58.04547	304.7836	0
63	22	113.9475	329.0342	0
63	23	438.5339	208.6408	0
63	24	613.076	161.7356	0
63	25	296.0747	322.0617	0
63	26	544.9357	234.9139	0
63	27	581.9039	255.7355	0
63	28	97.35397	247.8164	0
63	29	604.2731	127.3261	0
63	30	570.5224	132.1595	0
63	31	218.2512	342.8316	0
63	32	665.0181	107.9129	0
63	33	652.6681	155.4137	0
63	34	318.4696	200.6705	0
63	35	70.44533	402.6159	0
63	36	302.3461	245.5286	0
63	37	394.1459	207.8548	0
63	38	246.187	372.1249	0
63	39	576.3533	166.5576	0
63	40	666.6364	194.018	0
63	41	350.7439	239.6579	0
63	42	314.7736	263.7496	0
63	43	399.6267	230.7332	0
64	1	359.2231	210.3929	0
64	2	603.624	221.2693	0
64	3	361.7082	194.9469	0
64	4	442.5921	167.3428	0
64	5	185.4102	308.6925	0
64	6	449.0906	277.4578	0
64	7	342.9638	259.0215	0
64	8	329.2495	318.1367	0
64	9	628.0806	218.0516	0
64	10	243.2259	280.0562	0
64	11	677.406	137.4454	0
64	12	610.2255	140.7057	0
64	13	402.1871	167.1277	0
64	14	572.6979	207.1511	0
64	15	615.5403	175.1619	0
64	16	452.1996	225.8214	0
64	17	540.3627	190.8221	0
64	18	592.4084	178.0089	0
64	19	270.0563	303.2996	0
64	20	390.7714	283.5518	0
64	21	58.04547	304.7836	0
64	22	113.9475	329.0342	0
64	23	438.5339	208.6408	0
64	24	613.076	161.7356	0
64	25	296.0747	322.0617	0
64	26	544.9357	234.9139	0
64	27	581.9039	255.7355	0
64	28	97.35397	247.8164	0
64	29	604.2731	127.3261	0
64	30	570.5224	132.1595	0
64	31	218.2512	342.8316	0
64	32	665.0181	107.9129	0
64	33	652.6681	155.4137	0
64	34	318.4696	200.6705	0
64	35	70.44533	402.6159	0
64	36	302.3461	245.5286	0
64	37	394.1459	207.8548	0
64	38	246.187	372.1249	0
64	39	576.3533	166.5576	0
64	40	666.6364	194.018	0
64	41	350.7439	239.6579	0
64	42	314.7736	263.7496	0
64	43	399.6267	230.7332	0
65	1	359.2231	210.3929	0
65	2	603.624	221.2693	0
65	3	361.7082	194.9469	0
65	4	442.5921	167.3428	0
65	5	185.4102	308.6925	0
65	6	449.0906	277.4578	0
65	7	342.9638	259.0215	0
65	8	329.2495	318.1367	0
65	9	628.0806	218.0516	0
65	10	243.2259	280.0562	0
65	11	677.406	137.4454	0
65	12	610.2255	140.7057	0
65	13	402.1871	167.1277	0
65	14	572.6979	207.1511	0
65	15	615.5403	175.1619	0
65	16	452.1996	225.8214	0
65	17	540.3627	190.8221	0
65	18	592.4084	178.0089	0
65	19	270.0563	303.2996	0
65	20	390.7714	283.5518	0
65	21	58.04547	304.7836	0
65	22	113.9475	329.0342	0
65	23	438.5339	208.6408	0
65	24	613.076	161.7356	0
65	25	296.0747	322.0617	0
65	26	544.9357	234.9139	0
65	27	581.9039	255.7355	0
65	28	97.35397	247.8164	0
65	29	604.2731	127.3261	0
65	30	570.5224	132.1595	0
65	31	218.2512	342.8316	0
65	32	665.0181	107.9129	0
65	33	652.6681	155.4137	0
65	34	318.4696	200.6705	0
65	35	70.44533	402.6159	0
65	36	302.3461	245.5286	0
65	37	394.1459	207.8548	0
65	38	246.187	372.1249	0
65	39	576.3533	166.5576	0
65	40	666.6364	194.018	0
65	41	350.7439	239.6579	0
65	42	314.7736	263.7496	0
65	43	399.6267	230.7332	0
66	1	359.2231	210.3929	0
66	2	603.624	221.2693	0
66	3	361.7082	194.9469	0
66	4	442.5921	167.3428	0
66	5	185.4102	308.6925	0
66	6	449.0906	277.4578	0
66	7	342.9638	259.0215	0
66	8	329.2495	318.1367	0
66	9	628.0806	218.0516	0
66	10	243.2259	280.0562	0
66	11	677.406	137.4454	0
66	12	610.2255	140.7057	0
66	13	402.1871	167.1277	0
66	14	572.6979	207.1511	0
66	15	615.5403	175.1619	0
66	16	452.1996	225.8214	0
66	17	540.3627	190.8221	0
66	18	592.4084	178.0089	0
66	19	270.0563	303.2996	0
66	20	390.7714	283.5518	0
66	21	58.04547	304.7836	0
66	22	113.9475	329.0342	0
66	23	438.5339	208.6408	0
66	24	613.076	161.7356	0
66	25	296.0747	322.0617	0
66	26	544.9357	234.9139	0
66	27	581.9039	255.7355	0
66	28	97.35397	247.8164	0
66	29	604.2731	127.3261	0
66	30	570.5224	132.1595	0
66	31	218.2512	342.8316	0
66	32	665.0181	107.9129	0
66	33	652.6681	155.4137	0
66	34	318.4696	200.6705	0
66	35	70.44533	402.6159	0
66	36	302.3461	245.5286	0
66	37	394.1459	207.8548	0
66	38	246.187	372.1249	0
66	39	576.3533	166.5576	0
66	40	666.6364	194.018	0
66	41	350.7439	239.6579	0
66	42	314.7736	263.7496	0
66	43	399.6267	230.7332	0
67	1	359.2231	210.3929	0
67	2	603.624	221.2693	0
67	3	361.7082	194.9469	0
67	4	442.5921	167.3428	0
67	5	185.4102	308.6925	0
67	6	449.0906	277.4578	0
67	7	342.9638	259.0215	0
67	8	329.2495	318.1367	0
67	9	628.0806	218.0516	0
67	10	243.2259	280.0562	0
67	11	677.406	137.4454	0
67	12	610.2255	140.7057	0
67	13	402.1871	167.1277	0
67	14	572.6979	207.1511	0
67	15	615.5403	175.1619	0
67	16	452.1996	225.8214	0
67	17	540.3627	190.8221	0
67	18	592.4084	178.0089	0
67	19	270.0563	303.2996	0
67	20	390.7714	283.5518	0
67	21	58.04547	304.7836	0
67	22	113.9475	329.0342	0
67	23	438.5339	208.6408	0
67	24	613.076	161.7356	0
67	25	296.0747	322.0617	0
67	26	544.9357	234.9139	0
67	27	581.9039	255.7355	0
67	28	97.35397	247.8164	0
67	29	604.2731	127.3261	0
67	30	570.5224	132.1595	0
67	31	218.2512	342.8316	0
67	32	665.0181	107.9129	0
67	33	652.6681	155.4137	0
67	34	318.4696	200.6705	0
67	35	70.44533	402.6159	0
67	36	302.3461	245.5286	0
67	37	394.1459	207.8548	0
67	38	246.187	372.1249	0
67	39	576.3533	166.5576	0
67	40	666.6364	194.018	0
67	41	350.7439	239.6579	0
67	42	314.7736	263.7496	0
67	43	399.6267	230.7332	0
68	1	359.2231	210.3929	0
68	2	603.624	221.2693	0
68	3	361.7082	194.9469	0
68	4	442.5921	167.3428	0
68	5	185.4102	308.6925	0
68	6	449.0906	277.4578	0
68	7	342.9638	259.0215	0
68	8	329.2495	318.1367	0
68	9	628.0806	218.0516	0
68	10	243.2259	280.0562	0
68	11	677.406	137.4454	0
68	12	610.2255	140.7057	0
68	13	402.1871	167.1277	0
68	14	572.6979	207.1511	0
68	15	615.5403	175.1619	0
68	16	452.1996	225.8214	0
68	17	540.3627	190.8221	0
68	18	592.4084	178.0089	0
68	19	270.0563	303.2996	0
68	20	390.7714	283.5518	0
68	21	58.04547	304.7836	0
68	22	113.9475	329.0342	0
68	23	438.5339	208.6408	0
68	24	613.076	161.7356	0
68	25	296.0747	322.0617	0
68	26	544.9357	234.9139	0
68	27	581.9039	255.7355	0
68	28	97.35397	247.8164	0
68	29	604.2731	127.3261	0
68	30	570.5224	132.1595	0
68	31	218.2512	342.8316	0
68	32	665.0181	107.9129	0
68	33	652.6681	155.4137	0
68	34	318.4696	200.6705	0
68	35	70.44533	402.6159	0
68	36	302.3461	245.5286	0
68	37	394.1459	207.8548	0
68	38	246.187	372.1249	0
68	39	576.3533	166.5576	0
68	40	666.6364	194.018	0
68	41	350.7439	239.6579	0
68	42	314.7736	263.7496	0
68	43	399.6267	230.7332	0
