64	1	435.3232	165.6299	0
64	2	624.0316	173.1959	0
64	3	435.3613	152.9323	0
64	4	498.7575	131.7211	0
64	5	295.2236	242.9028	0
64	6	504.4554	218.0156	0
64	7	421.3056	202.835	0
64	8	657.7554	142.7487	0
64	9	408.9068	250.0052	0
64	10	644.2352	170.8804	0
64	11	343.9546	219.5446	0
64	12	684.1068	108.479	0
64	13	630.6523	110.4494	0
64	14	466.9699	131.8893	0
64	15	601.3809	162.6014	0
64	16	635.8143	137.4019	0
64	17	506.2967	177.6171	0
64	18	575.6647	149.9022	0
64	19	617.3368	140.6707	0
64	20	364.3719	237.9827	0
64	21	458.0111	222.685	0
64	22	197.5651	239.4726	0
64	23	241.1547	258.1522	0
64	24	496.5329	163.5721	0
64	25	633.39	126.7357	0
64	26	383.6634	252.7348	0
64	27	579.9064	185.0835	0
64	28	608.4397	199.8645	0
64	29	227.9652	195.3055	0
64	30	626.4058	100.3171	0
64	31	599.0948	103.2874	0
64	32	321.9383	269.9334	0
64	33	673.0543	84.25494	0
64	34	664.0322	121.9703	0
64	35	402.3974	157.2426	0
64	36	206.4889	317.9155	0
64	37	390.1066	193.2114	0
64	38	461.8947	164.0081	0
64	39	344.1492	293.1755	0
64	40	603.8906	131.212	0
64	41	674.5834	152.5349	0
64	42	426.4951	187.4625	0
64	43	399.6584	206.3048	0
64	44	465.3182	181.621	0
65	1	435.3232	165.6299	0
65	2	624.0316	173.1959	0
65	3	435.3613	152.9323	0
65	4	498.7575	131.7211	0
65	5	295.2236	242.9028	0
65	6	504.4554	218.0156	0
65	7	421.3056	202.835	0
65	8	657.7554	142.7487	0
65	9	408.9068	250.0052	0
65	10	644.2352	170.8804	0
65	11	343.9546	219.5446	0
65	12	684.1068	108.479	0
65	13	630.6523	110.4494	0
65	14	466.9699	131.8893	0
65	15	601.3809	162.6014	0
65	16	635.8143	137.4019	0
65	17	506.2967	177.6171	0
65	18	575.6647	149.9022	0
65	19	617.3368	140.6707	0
65	20	364.3719	237.9827	0
65	21	458.0111	222.685	0
65	22	197.5651	239.4726	0
65	23	241.1547	258.1522	0
65	24	496.5329	163.5721	0
65	25	633.39	126.7357	0
65	26	383.6634	252.7348	0
65	27	579.9064	185.0835	0
65	28	608.4397	199.8645	0
65	29	227.9652	195.3055	0
65	30	626.4058	100.3171	0
65	31	599.0948	103.2874	0
65	32	321.9383	269.9334	0
65	33	673.0543	84.25494	0
65	34	664.0322	121.9703	0
65	35	402.3974	157.2426	0
65	36	206.4889	317.9155	0
65	37	390.1066	193.2114	0
65	38	461.8947	164.0081	0
65	39	344.1492	293.1755	0
65	40	603.8906	131.212	0
65	41	674.5834	152.5349	0
65	42	426.4951	187.4625	0
65	43	399.6584	206.3048	0
65	44	465.3182	181.621	0
66	1	435.3232	165.6299	0
66	2	624.0316	173.1959	0
66	3	435.3613	152.9323	0
66	4	498.7575	131.7211	0
66	5	295.2236	242.9028	0
66	6	504.4554	218.0156	0
66	7	421.3056	202.835	0
66	8	657.7554	142.7487	0
66	9	408.9068	250.0052	0
66	10	644.2352	170.8804	0
66	11	343.9546	219.5446	0
66	12	684.1068	108.479	0
66	13	630.6523	110.4494	0
66	14	466.9699	131.8893	0
66	15	601.3809	162.6014	0
66	16	635.8143	137.4019	0
66	17	506.2967	177.6171	0
66	18	575.6647	149.9022	0
66	19	617.3368	140.6707	0
66	20	364.3719	237.9827	0
66	21	458.0111	222.685	0
66	22	197.5651	239.4726	0
66	23	241.1547	258.1522	0
66	24	496.5329	163.5721	0
66	25	633.39	126.7357	0
66	26	383.6634	252.7348	0
66	27	579.9064	185.0835	0
66	28	608.4397	199.8645	0
66	29	227.9652	195.3055	0
66	30	626.4058	100.3171	0
66	31	599.0948	103.2874	0
66	32	321.9383	269.9334	0
66	33	673.0543	84.25494	0
66	34	664.0322	121.9703	0
66	35	402.3974	157.2426	0
66	36	206.4889	317.9155	0
66	37	390.1066	193.2114	0
66	38	461.8947	164.0081	0
66	39	344.1492	293.1755	0
66	40	603.8906	131.212	0
66	41	674.5834	152.5349	0
66	42	426.4951	187.4625	0
66	43	399.6584	206.3048	0
66	44	465.3182	181.621	0
67	1	435.3232	165.6299	0
67	2	624.0316	173.1959	0
67	3	435.3613	152.9323	0
67	4	498.7575	131.7211	0
67	5	295.2236	242.9028	0
67	6	504.4554	218.0156	0
67	7	421.3056	202.835	0
67	8	657.7554	142.7487	0
67	9	408.9068	250.0052	0
67	10	644.2352	170.8804	0
67	11	343.9546	219.5446	0
67	12	684.1068	108.479	0
67	13	630.6523	110.4494	0
67	14	466.9699	131.8893	0
67	15	601.3809	162.6014	0
67	16	635.8143	137.4019	0
67	17	506.2967	177.6171	0
67	18	575.6647	149.9022	0
67	19	617.3368	140.6707	0
67	20	364.3719	237.9827	0
67	21	458.0111	222.685	0
67	22	197.5651	239.4726	0
67	23	241.1547	258.1522	0
67	24	496.5329	163.5721	0
67	25	633.39	126.7357	0
67	26	383.6634	252.7348	0
67	27	579.9064	185.0835	0
67	28	608.4397	199.8645	0
67	29	227.9652	195.3055	0
67	30	626.4058	100.3171	0
67	31	599.0948	103.2874	0
67	32	321.9383	269.9334	0
67	33	673.0543	84.25494	0
67	34	664.0322	121.9703	0
67	35	402.3974	157.2426	0
67	36	206.4889	317.9155	0
67	37	390.1066	193.2114	0
67	38	461.8947	164.0081	0
67	39	344.1492	293.1755	0
67	40	603.8906	131.212	0
67	41	674.5834	152.5349	0
67	42	426.4951	187.4625	0
67	43	399.6584	206.3048	0
67	44	465.3182	181.621	0
68	1	435.3232	165.6299	0
68	2	624.0316	173.1959	0
68	3	435.3613	152.9323	0
68	4	498.7575	131.7211	0
68	5	295.2236	242.9028	0
68	6	504.4554	218.0156	0
68	7	421.3056	202.835	0
68	8	657.7554	142.7487	0
68	9	408.9068	250.0052	0
68	10	644.2352	170.8804	0
68	11	343.9546	219.5446	0
68	12	684.1068	108.479	0
68	13	630.6523	110.4494	0
68	14	466.9699	131.8893	0
68	15	601.3809	162.6014	0
68	16	635.8143	137.4019	0
68	17	506.2967	177.6171	0
68	18	575.6647	149.9022	0
68	19	617.3368	140.6707	0
68	20	364.3719	237.9827	0
68	21	458.0111	222.685	0
68	22	197.5651	239.4726	0
68	23	241.1547	258.1522	0
68	24	496.5329	163.5721	0
68	25	633.39	126.7357	0
68	26	383.6634	252.7348	0
68	27	579.9064	185.0835	0
68	28	608.4397	199.8645	0
68	29	227.9652	195.3055	0
68	30	626.4058	100.3171	0
68	31	599.0948	103.2874	0
68	32	321.9383	269.9334	0
68	33	673.0543	84.25494	0
68	34	664.0322	121.9703	0
68	35	402.3974	157.2426	0
68	36	206.4889	317.9155	0
68	37	390.1066	193.2114	0
68	38	461.8947	164.0081	0
68	39	344.1492	293.1755	0
68	40	603.8906	131.212	0
68	41	674.5834	152.5349	0
68	42	426.4951	187.4625	0
68	43	399.6584	206.3048	0
68	44	465.3182	181.621	0
69	1	435.3232	165.6299	0
69	2	624.0316	173.1959	0
69	3	435.3613	152.9323	0
69	4	498.7575	131.7211	0
69	5	295.2236	242.9028	0
69	6	504.4554	218.0156	0
69	7	421.3056	202.835	0
69	8	657.7554	142.7487	0
69	9	408.9068	250.0052	0
69	10	644.2352	170.8804	0
69	11	343.9546	219.5446	0
69	12	684.1068	108.479	0
69	13	630.6523	110.4494	0
69	14	466.9699	131.8893	0
69	15	601.3809	162.6014	0
69	16	635.8143	137.4019	0
69	17	506.2967	177.6171	0
69	18	575.6647	149.9022	0
69	19	617.3368	140.6707	0
69	20	364.3719	237.9827	0
69	21	458.0111	222.685	0
69	22	197.5651	239.4726	0
69	23	241.1547	258.1522	0
69	24	496.5329	163.5721	0
69	25	633.39	126.7357	0
69	26	383.6634	252.7348	0
69	27	579.9064	185.0835	0
69	28	608.4397	199.8645	0
69	29	227.9652	195.3055	0
69	30	626.4058	100.3171	0
69	31	599.0948	103.2874	0
69	32	321.9383	269.9334	0
69	33	673.0543	84.25494	0
69	34	664.0322	121.9703	0
69	35	402.3974	157.2426	0
69	36	206.4889	317.9155	0
69	37	390.1066	193.2114	0
69	38	461.8947	164.0081	0
69	39	344.1492	293.1755	0
69	40	603.8906	131.212	0
69	41	674.5834	152.5349	0
69	42	426.4951	187.4625	0
69	43	399.6584	206.3048	0
69	44	465.3182	181.621	0
70	1	435.3232	165.6299	0
70	2	624.0316	173.1959	0
70	3	435.3613	152.9323	0
70	4	498.7575	131.7211	0
70	5	295.2236	242.9028	0
70	6	504.4554	218.0156	0
70	7	421.3056	202.835	0
70	8	657.7554	142.7487	0
70	9	408.9068	250.0052	0
70	10	644.2352	170.8804	0
70	11	343.9546	219.5446	0
70	12	684.1068	108.479	0
70	13	630.6523	110.4494	0
70	14	466.9699	131.8893	0
70	15	601.3809	162.6014	0
70	16	635.8143	137.4019	0
70	17	506.2967	177.6171	0
70	18	575.6647	149.9022	0
70	19	617.3368	140.6707	0
70	20	364.3719	237.9827	0
70	21	458.0111	222.685	0
70	22	197.5651	239.4726	0
70	23	241.1547	258.1522	0
70	24	496.5329	163.5721	0
70	25	633.39	126.7357	0
70	26	383.6634	252.7348	0
70	27	579.9064	185.0835	0
70	28	608.4397	199.8645	0
70	29	227.9652	195.3055	0
70	30	626.4058	100.3171	0
70	31	599.0948	103.2874	0
70	32	321.9383	269.9334	0
70	33	673.0543	84.25494	0
70	34	664.0322	121.9703	0
70	35	402.3974	157.2426	0
70	36	206.4889	317.9155	0
70	37	390.1066	193.2114	0
70	38	461.8947	164.0081	0
70	39	344.1492	293.1755	0
70	40	603.8906	131.212	0
70	41	674.5834	152.5349	0
70	42	426.4951	187.4625	0
70	43	399.6584	206.3048	0
70	44	465.3182	181.621	0
71	1	435.3232	165.6299	0
71	2	624.0316	173.1959	0
71	3	435.3613	152.9323	0
71	4	498.7575	131.7211	0
71	5	295.2236	242.9028	0
71	6	504.4554	218.0156	0
71	7	421.3056	202.835	0
71	8	657.7554	142.7487	0
71	9	408.9068	250.0052	0
71	10	644.2352	170.8804	0
71	11	343.9546	219.5446	0
71	12	684.1068	108.479	0
71	13	630.6523	110.4494	0
71	14	466.9699	131.8893	0
71	15	601.3809	162.6014	0
71	16	635.8143	137.4019	0
71	17	506.2967	177.6171	0
71	18	575.6647	149.9022	0
71	19	617.3368	140.6707	0
71	20	364.3719	237.9827	0
71	21	458.0111	222.685	0
71	22	197.5651	239.4726	0
71	23	241.1547	258.1522	0
71	24	496.5329	163.5721	0
71	25	633.39	126.7357	0
71	26	383.6634	252.7348	0
71	27	579.9064	185.0835	0
71	28	608.4397	199.8645	0
71	29	227.9652	195.3055	0
71	30	626.4058	100.3171	0
71	31	599.0948	103.2874	0
71	32	321.9383	269.9334	0
71	33	673.0543	84.25494	0
71	34	664.0322	121.9703	0
71	35	402.3974	157.2426	0
71	36	206.4889	317.9155	0
71	37	390.1066	193.2114	0
71	38	461.8947	164.0081	0
71	39	344.1492	293.1755	0
71	40	603.8906	131.212	0
71	41	674.5834	152.5349	0
71	42	426.4951	187.4625	0
71	43	399.6584	206.3048	0
71	44	465.3182	181.621	0
72	1	435.3232	165.6299	0
72	2	624.0316	173.1959	0
72	3	435.3613	152.9323	0
72	4	498.7575	131.7211	0
72	5	295.2236	242.9028	0
72	6	504.4554	218.0156	0
72	7	421.3056	202.835	0
72	8	657.7554	142.7487	0
72	9	408.9068	250.0052	0
72	10	644.2352	170.8804	0
72	11	343.9546	219.5446	0
72	12	684.1068	108.479	0
72	13	630.6523	110.4494	0
72	14	466.9699	131.8893	0
72	15	601.3809	162.6014	0
72	16	635.8143	137.4019	0
72	17	506.2967	177.6171	0
72	18	575.6647	149.9022	0
72	19	617.3368	140.6707	0
72	20	364.3719	237.9827	0
72	21	458.0111	222.685	0
72	22	197.5651	239.4726	0
72	23	241.1547	258.1522	0
72	24	496.5329	163.5721	0
72	25	633.39	126.7357	0
72	26	383.6634	252.7348	0
72	27	579.9064	185.0835	0
72	28	608.4397	199.8645	0
72	29	227.9652	195.3055	0
72	30	626.4058	100.3171	0
72	31	599.0948	103.2874	0
72	32	321.9383	269.9334	0
72	33	673.0543	84.25494	0
72	34	664.0322	121.9703	0
72	35	402.3974	157.2426	0
72	36	206.4889	317.9155	0
72	37	390.1066	193.2114	0
72	38	461.8947	164.0081	0
72	39	344.1492	293.1755	0
72	40	603.8906	131.212	0
72	41	674.5834	152.5349	0
72	42	426.4951	187.4625	0
72	43	399.6584	206.3048	0
72	44	465.3182	181.621	0
73	1	435.3232	165.6299	0
73	2	624.0316	173.1959	0
73	3	435.3613	152.9323	0
73	4	498.7575	131.7211	0
73	5	295.2236	242.9028	0
73	6	504.4554	218.0156	0
73	7	421.3056	202.835	0
73	8	657.7554	142.7487	0
73	9	408.9068	250.0052	0
73	10	644.2352	170.8804	0
73	11	343.9546	219.5446	0
73	12	684.1068	108.479	0
73	13	630.6523	110.4494	0
73	14	466.9699	131.8893	0
73	15	601.3809	162.6014	0
73	16	635.8143	137.4019	0
73	17	506.2967	177.6171	0
73	18	575.6647	149.9022	0
73	19	617.3368	140.6707	0
73	20	364.3719	237.9827	0
73	21	458.0111	222.685	0
73	22	197.5651	239.4726	0
73	23	241.1547	258.1522	0
73	24	496.5329	163.5721	0
73	25	633.39	126.7357	0
73	26	383.6634	252.7348	0
73	27	579.9064	185.0835	0
73	28	608.4397	199.8645	0
73	29	227.9652	195.3055	0
73	30	626.4058	100.3171	0
73	31	599.0948	103.2874	0
73	32	321.9383	269.9334	0
73	33	673.0543	84.25494	0
73	34	664.0322	121.9703	0
73	35	402.3974	157.2426	0
73	36	206.4889	317.9155	0
73	37	390.1066	193.2114	0
73	38	461.8947	164.0081	0
73	39	344.1492	293.1755	0
73	40	603.8906	131.212	0
73	41	674.5834	152.5349	0
73	42	426.4951	187.4625	0
73	43	399.6584	206.3048	0
73	44	465.3182	181.621	0
74	1	435.3232	165.6299	0
74	2	624.0316	173.1959	0
74	3	435.3613	152.9323	0
74	4	498.7575	131.7211	0
74	5	295.2236	242.9028	0
74	6	504.4554	218.0156	0
74	7	421.3056	202.835	0
74	8	657.7554	142.7487	0
74	9	408.9068	250.0052	0
74	10	644.2352	170.8804	0
74	11	343.9546	219.5446	0
74	12	684.1068	108.479	0
74	13	630.6523	110.4494	0
74	14	466.9699	131.8893	0
74	15	601.3809	162.6014	0
74	16	635.8143	137.4019	0
74	17	506.2967	177.6171	0
74	18	575.6647	149.9022	0
74	19	617.3368	140.6707	0
74	20	364.3719	237.9827	0
74	21	458.0111	222.685	0
74	22	197.5651	239.4726	0
74	23	241.1547	258.1522	0
74	24	496.5329	163.5721	0
74	25	633.39	126.7357	0
74	26	383.6634	252.7348	0
74	27	579.9064	185.0835	0
74	28	608.4397	199.8645	0
74	29	227.9652	195.3055	0
74	30	626.4058	100.3171	0
74	31	599.0948	103.2874	0
74	32	321.9383	269.9334	0
74	33	673.0543	84.25494	0
74	34	664.0322	121.9703	0
74	35	402.3974	157.2426	0
74	36	206.4889	317.9155	0
74	37	390.1066	193.2114	0
74	38	461.8947	164.0081	0
74	39	344.1492	293.1755	0
74	40	603.8906	131.212	0
74	41	674.5834	152.5349	0
74	42	426.4951	187.4625	0
74	43	399.6584	206.3048	0
74	44	465.3182	181.621	0
75	1	435.3232	165.6299	0
75	2	624.0316	173.1959	0
75	3	435.3613	152.9323	0
75	4	498.7575	131.7211	0
75	5	295.2236	242.9028	0
75	6	504.4554	218.0156	0
75	7	421.3056	202.835	0
75	8	657.7554	142.7487	0
75	9	408.9068	250.0052	0
75	10	644.2352	170.8804	0
75	11	343.9546	219.5446	0
75	12	684.1068	108.479	0
75	13	630.6523	110.4494	0
75	14	466.9699	131.8893	0
75	15	601.3809	162.6014	0
75	16	635.8143	137.4019	0
75	17	506.2967	177.6171	0
75	18	575.6647	149.9022	0
75	19	617.3368	140.6707	0
75	20	364.3719	237.9827	0
75	21	458.0111	222.685	0
75	22	197.5651	239.4726	0
75	23	241.1547	258.1522	0
75	24	496.5329	163.5721	0
75	25	633.39	126.7357	0
75	26	383.6634	252.7348	0
75	27	579.9064	185.0835	0
75	28	608.4397	199.8645	0
75	29	227.9652	195.3055	0
75	30	626.4058	100.3171	0
75	31	599.0948	103.2874	0
75	32	321.9383	269.9334	0
75	33	673.0543	84.25494	0
75	34	664.0322	121.9703	0
75	35	402.3974	157.2426	0
75	36	206.4889	317.9155	0
75	37	390.1066	193.2114	0
75	38	461.8947	164.0081	0
75	39	344.1492	293.1755	0
75	40	603.8906	131.212	0
75	41	674.5834	152.5349	0
75	42	426.4951	187.4625	0
75	43	399.6584	206.3048	0
75	44	465.3182	181.621	0
