63	1	408.6195	156.7426	0
63	2	631.9762	170.7563	0
63	3	411.3571	145.6863	0
63	4	485.2634	119.3867	0
63	5	243.0227	246.4964	0
63	6	490.3399	220.6933	0
63	7	392.6388	198.8412	0
63	8	380.1738	256.0264	0
63	9	657.5907	163.6312	0
63	10	302.2378	220.6924	0
63	11	698.0209	99.67636	0
63	12	639.7091	95.42276	0
63	13	448.3225	127.7846	0
63	14	604.3967	159.3697	0
63	15	644.9852	129.3055	0
63	16	494.0231	174.6917	0
63	17	573.6147	145.9693	0
63	18	623.5786	132.8386	0
63	19	323.9743	237.4769	0
63	20	438.352	226.0245	0
63	21	127.093	244.1635	0
63	22	180.7219	267.8987	0
63	23	481.9631	155.2659	0
63	24	644.3452	113.4951	0
63	25	349.5842	259.6945	0
63	26	578.1385	185.6253	0
63	27	614.3671	199.0028	0
63	28	162.49	188.4906	0
63	29	633.8394	86.84314	0
63	30	601.6158	92.09576	0
63	31	275.5031	278.6498	0
63	32	686.0637	73.74973	0
63	33	675.4922	114.7466	0
63	34	372.1094	152.0475	0
63	35	136.8858	335.833	0
63	36	357.949	196.5507	0
63	37	440.5821	160.8501	0
63	38	298.3493	303.6175	0
63	39	608.6336	119.8319	0
63	40	689.837	147.0813	0
63	41	399.9368	182.3492	0
63	42	367.359	210.3024	0
63	43	446.1979	173.4017	0
64	1	408.6232	156.747	0
64	2	631.9603	170.7308	0
64	3	411.3563	145.6879	0
64	4	485.2705	119.3884	0
64	5	243.0212	246.5017	0
64	6	490.3304	220.6955	0
64	7	392.6497	198.8323	0
64	8	380.1881	256.0214	0
64	9	657.601	163.6321	0
64	10	302.242	220.6954	0
64	11	698.0262	99.69745	0
64	12	639.688	95.4057	0
64	13	448.3237	127.788	0
64	14	604.3974	159.3768	0
64	15	644.9907	129.3073	0
64	16	494.0302	174.6851	0
64	17	573.6092	146.0079	0
64	18	623.5635	132.8309	0
64	19	323.9541	237.4491	0
64	20	438.3572	226.0272	0
64	21	127.1386	244.153	0
64	22	180.7102	267.8811	0
64	23	481.9486	155.2575	0
64	24	644.3522	113.49	0
64	25	349.6256	259.6626	0
64	26	578.1424	185.602	0
64	27	614.3647	199.0339	0
64	28	162.5013	188.4901	0
64	29	633.8183	86.83173	0
64	30	601.6213	92.095	0
64	31	275.4802	278.6826	0
64	32	686.0686	73.75055	0
64	33	675.4705	114.7344	0
64	34	372.0945	152.0727	0
64	35	136.9016	335.7863	0
64	36	357.9334	196.5816	0
64	37	440.5615	160.8925	0
64	38	298.3573	303.622	0
64	39	608.6349	119.8371	0
64	40	689.8339	147.081	0
64	41	399.9193	182.3896	0
64	42	367.3866	210.2738	0
64	43	446.1993	173.407	0
65	1	408.6295	156.7502	0
65	2	631.9423	170.7064	0
65	3	411.3566	145.6909	0
65	4	485.2793	119.3886	0
65	5	243.0185	246.509	0
65	6	490.348	220.6916	0
65	7	392.6607	198.8243	0
65	8	380.2259	256.0152	0
65	9	657.6102	163.6324	0
65	10	302.2458	220.6981	0
65	11	698.0341	99.72028	0
65	12	639.6625	95.3895	0
65	13	448.3269	127.7903	0
65	14	604.3958	159.3911	0
65	15	644.9965	129.309	0
65	16	494.0376	174.6792	0
65	17	573.5992	146.0434	0
65	18	623.5544	132.8271	0
65	19	323.9347	237.4288	0
65	20	438.3632	226.0302	0
65	21	127.1865	244.1336	0
65	22	180.6991	267.8695	0
65	23	481.9401	155.254	0
65	24	644.3591	113.4874	0
65	25	349.6648	259.6232	0
65	26	578.1392	185.5785	0
65	27	614.366	199.0739	0
65	28	162.5158	188.4826	0
65	29	633.8013	86.82376	0
65	30	601.6241	92.09747	0
65	31	275.4529	278.7267	0
65	32	686.074	73.75159	0
65	33	675.4515	114.7243	0
65	34	372.0786	152.1037	0
65	35	136.9138	335.7416	0
65	36	357.9176	196.6149	0
65	37	440.5371	160.9286	0
65	38	298.3694	303.6227	0
65	39	608.636	119.8429	0
65	40	689.8349	147.0831	0
65	41	399.9018	182.4358	0
65	42	367.4081	210.2449	0
65	43	446.1946	173.4212	0
66	1	408.6352	156.7534	0
66	2	631.9237	170.6848	0
66	3	411.3567	145.6946	0
66	4	485.2881	119.3892	0
66	5	243.0134	246.5183	0
66	6	490.382	220.6854	0
66	7	392.6743	198.8156	0
66	8	380.264	256.0013	0
66	9	657.6181	163.6318	0
66	10	302.2499	220.7009	0
66	11	698.0442	99.74695	0
66	12	639.6363	95.37451	0
66	13	448.331	127.7922	0
66	14	604.3931	159.4126	0
66	15	645.003	129.311	0
66	16	494.0465	174.6729	0
66	17	573.5868	146.0704	0
66	18	623.5515	132.8269	0
66	19	323.9184	237.4151	0
66	20	438.3713	226.0316	0
66	21	127.2373	244.1063	0
66	22	180.6913	267.8636	0
66	23	481.9377	155.2547	0
66	24	644.3638	113.4876	0
66	25	349.6977	259.5804	0
66	26	578.1296	185.554	0
66	27	614.3708	199.1193	0
66	28	162.5313	188.4739	0
66	29	633.79	86.81891	0
66	30	601.6244	92.10468	0
66	31	275.4228	278.7803	0
66	32	686.0798	73.75198	0
66	33	675.4365	114.7174	0
66	34	372.063	152.1384	0
66	35	136.9288	335.6971	0
66	36	357.9004	196.6541	0
66	37	440.5148	160.9527	0
66	38	298.3814	303.6244	0
66	39	608.6382	119.8491	0
66	40	689.8365	147.086	0
66	41	399.8835	182.4888	0
66	42	367.4267	210.2158	0
66	43	446.1823	173.4462	0
67	1	408.6404	156.7561	0
67	2	631.9042	170.6646	0
67	3	411.3562	145.6998	0
67	4	485.2964	119.3898	0
67	5	243.0072	246.5291	0
67	6	490.4145	220.6723	0
67	7	392.6898	198.8058	0
67	8	380.3005	255.9776	0
67	9	657.6232	163.6256	0
67	10	302.2555	220.7038	0
67	11	698.0536	99.77692	0
67	12	639.6133	95.36197	0
67	13	448.3346	127.7939	0
67	14	604.3931	159.4405	0
67	15	645.0105	129.312	0
67	16	494.0565	174.666	0
67	17	573.576	146.0854	0
67	18	623.5523	132.8291	0
67	19	323.9082	237.4084	0
67	20	438.381	226.0321	0
67	21	127.2888	244.0724	0
67	22	180.6879	267.8632	0
67	23	481.9377	155.258	0
67	24	644.3658	113.4932	0
67	25	349.723	259.538	0
67	26	578.1181	185.5303	0
67	27	614.3773	199.1716	0
67	28	162.5466	188.466	0
67	29	633.7848	86.81769	0
67	30	601.6223	92.11792	0
67	31	275.3913	278.8409	0
67	32	686.0865	73.7522	0
67	33	675.4267	114.7133	0
67	34	372.0452	152.1786	0
67	35	136.9404	335.6538	0
67	36	357.88	196.6971	0
67	37	440.5013	160.9636	0
67	38	298.3936	303.625	0
67	39	608.6416	119.8538	0
67	40	689.8384	147.0898	0
67	41	399.8609	182.5478	0
67	42	367.4396	210.1885	0
67	43	446.1683	173.4802	0
68	1	408.645	156.7586	0
68	2	631.8807	170.6456	0
68	3	411.3543	145.7059	0
68	4	485.304	119.3865	0
68	5	243.0032	246.5388	0
68	6	490.4434	220.6507	0
68	7	392.7023	198.8	0
68	8	380.335	255.9473	0
68	9	657.628	163.6187	0
68	10	302.2642	220.7043	0
68	11	698.0609	99.80841	0
68	12	639.5948	95.35321	0
68	13	448.338	127.7955	0
68	14	604.3955	159.4728	0
68	15	645.0189	129.3125	0
68	16	494.0649	174.6621	0
68	17	573.5686	146.0882	0
68	18	623.5537	132.832	0
68	19	323.9049	237.4082	0
68	20	438.3904	226.0323	0
68	21	127.3362	244.0349	0
68	22	180.6863	267.8667	0
68	23	481.9381	155.262	0
68	24	644.3663	113.5056	0
68	25	349.7457	259.4976	0
68	26	578.1082	185.5072	0
68	27	614.3816	199.2294	0
68	28	162.5645	188.4578	0
68	29	633.7848	86.81909	0
68	30	601.6202	92.13675	0
68	31	275.3552	278.9103	0
68	32	686.0923	73.75223	0
68	33	675.4224	114.7125	0
68	34	372.0239	152.2218	0
68	35	136.95	335.6117	0
68	36	357.8565	196.7421	0
68	37	440.4946	160.9599	0
68	38	298.4069	303.6187	0
68	39	608.6473	119.8569	0
68	40	689.8404	147.0949	0
68	41	399.8343	182.6094	0
68	42	367.4429	210.1594	0
68	43	446.1546	173.5226	0
69	1	408.645	156.7586	0
69	2	631.8807	170.6456	0
69	3	411.3543	145.7059	0
69	4	485.304	119.3865	0
69	5	243.0032	246.5388	0
69	6	490.4434	220.6507	0
69	7	392.7023	198.8	0
69	8	380.335	255.9473	0
69	9	657.628	163.6187	0
69	10	302.2642	220.7043	0
69	11	698.0609	99.80841	0
69	12	639.5948	95.35321	0
69	13	448.338	127.7955	0
69	14	604.3955	159.4728	0
69	15	645.0189	129.3125	0
69	16	494.0649	174.6621	0
69	17	573.5686	146.0882	0
69	18	623.5537	132.832	0
69	19	323.9049	237.4082	0
69	20	438.3904	226.0323	0
69	21	127.3362	244.0349	0
69	22	180.6863	267.8667	0
69	23	481.9381	155.262	0
69	24	644.3663	113.5056	0
69	25	349.7457	259.4976	0
69	26	578.1082	185.5072	0
69	27	614.3816	199.2294	0
69	28	162.5645	188.4578	0
69	29	633.7848	86.81909	0
69	30	601.6202	92.13675	0
69	31	275.3552	278.9103	0
69	32	686.0923	73.75223	0
69	33	675.4224	114.7125	0
69	34	372.0239	152.2218	0
69	35	136.95	335.6117	0
69	36	357.8565	196.7421	0
69	37	440.4946	160.9599	0
69	38	298.4069	303.6187	0
69	39	608.6473	119.8569	0
69	40	689.8404	147.0949	0
69	41	399.8343	182.6094	0
69	42	367.4429	210.1594	0
69	43	446.1546	173.5226	0
