17	1	303.3213	280.9006	0
18	1	303.2934	280.9154	0
18	2	313.5522	62.97525	0
19	1	303.2673	280.9351	0
19	2	313.559	62.97498	0
19	3	282.2503	283.2364	0
20	1	303.244	280.9553	0
20	2	313.5679	62.97577	0
20	3	282.2419	283.2023	0
20	4	244.4816	206.1491	0
21	1	303.2258	280.9734	0
21	2	313.5789	62.97623	0
21	3	282.2247	283.1694	0
21	4	244.485	206.147	0
21	5	404.9634	401.1639	0
22	1	303.2141	280.9883	0
22	2	313.5883	62.97531	0
22	3	282.197	283.1396	0
22	4	244.498	206.149	0
22	5	404.9555	401.1579	0
22	6	376.0179	200.5316	0
23	1	303.2076	280.998	0
23	2	313.5958	62.97208	0
23	3	282.1622	283.1128	0
23	4	244.522	206.1559	0
23	5	404.9482	401.1514	0
23	6	375.976	200.5204	0
23	7	359.704	289.0441	0
24	1	303.2063	281.0016	0
24	2	313.6008	62.96625	0
24	3	282.1208	283.0902	0
24	4	244.5555	206.164	0
24	5	404.9392	401.1431	0
24	6	375.9374	200.5135	0
24	7	359.7476	289.0679	0
24	8	412.166	290.8016	0
25	1	303.2089	281.0015	0
25	2	313.6049	62.96048	0
25	3	282.0794	283.0742	0
25	4	244.5983	206.1713	0
25	5	404.9305	401.1344	0
25	6	375.8987	200.5164	0
25	7	359.7655	289.0818	0
25	8	412.1697	290.8012	0
25	9	309.4541	43.67288	0
26	1	303.2127	281.0005	0
26	2	313.6088	62.95508	0
26	3	282.0359	283.062	0
26	4	244.647	206.1772	0
26	5	404.9251	401.1268	0
26	6	375.8612	200.5256	0
26	7	359.7586	289.0841	0
26	8	412.175	290.801	0
26	9	309.4207	43.66449	0
27	1	303.218	280.9998	0
27	2	313.6129	62.9501	0
27	3	281.9953	283.0552	0
27	4	244.7029	206.1835	0
27	5	404.9229	401.1213	0
27	6	375.8251	200.5332	0
27	7	359.7538	289.0486	0
27	8	412.1819	290.8016	0
27	9	309.3879	43.65634	0
27	10	378.9033	362.7517	0
28	1	303.2257	280.9998	0
28	2	313.6172	62.94489	0
28	3	281.954	283.0591	0
28	4	244.7633	206.1925	0
28	5	404.9283	401.1203	0
28	6	375.7887	200.5413	0
28	7	359.7392	289.0134	0
28	8	412.1904	290.8021	0
28	9	309.356	43.6553	0
28	10	378.8692	362.7545	0
28	11	193.535	-40.55023	0
29	1	303.2353	281.0005	0
29	2	313.6218	62.93927	0
29	3	281.9138	283.0691	0
29	4	244.8259	206.2045	0
29	5	404.9432	401.1231	0
29	6	375.7531	200.5515	0
29	7	359.7141	288.9817	0
29	8	412.1975	290.8015	0
29	9	309.324	43.66019	0
29	10	378.836	362.7631	0
29	11	193.53	-40.54221	0
29	12	199.8796	32.4834	0
30	1	303.2452	281.0004	0
30	2	313.626	62.93243	0
30	3	281.875	283.0772	0
30	4	244.8888	206.2207	0
30	5	404.9682	401.13	0
30	6	375.7195	200.5636	0
30	7	359.68	288.953	0
30	8	412.2032	290.7993	0
30	9	309.2936	43.66641	0
30	10	378.8042	362.7705	0
30	11	193.5303	-40.53928	0
30	12	199.9258	32.50244	0
30	13	242.4952	248.0054	0
31	1	303.2529	280.9985	0
31	2	313.6267	62.92404	0
31	3	281.8363	283.0863	0
31	4	244.9448	206.2413	0
31	5	405.0018	401.137	0
31	6	375.6894	200.5766	0
31	7	359.6382	288.9279	0
31	8	412.2068	290.795	0
31	9	309.2634	43.67145	0
31	10	378.7722	362.7784	0
31	11	193.5343	-40.53891	0
31	12	199.9533	32.51736	0
31	13	242.499	248.0004	0
31	14	297.2505	85.62741	0
32	1	303.2586	280.9943	0
32	2	313.6284	62.91486	0
32	3	281.7986	283.0976	0
32	4	244.9854	206.2616	0
32	5	405.0435	401.1433	0
32	6	375.6608	200.5929	0
32	7	359.5933	288.9091	0
32	8	412.2097	290.7905	0
32	9	309.234	43.67856	0
32	10	378.7411	362.7879	0
32	11	193.5392	-40.53882	0
32	12	199.9607	32.52536	0
32	13	242.503	247.9949	0
32	14	297.3227	85.63565	0
32	15	254.6716	40.03638	0
33	1	303.2586	280.9943	0
33	2	313.6284	62.91486	0
33	3	281.7986	283.0976	0
33	4	244.9854	206.2616	0
33	5	405.0435	401.1433	0
33	6	375.6608	200.5929	0
33	7	359.5933	288.9091	0
33	8	412.2097	290.7905	0
33	9	309.234	43.67856	0
33	10	378.7411	362.7879	0
33	11	193.5392	-40.53882	0
33	12	199.9607	32.52536	0
33	13	242.503	247.9949	0
33	14	297.3227	85.63565	0
33	15	254.6716	40.03638	0
33	16	320.5739	198.6999	0
17	1	303.2498	282.3879	0
18	1	303.3181	282.3972	0
18	2	313.0498	62.89038	0
19	1	303.3887	282.4095	0
19	2	313.0479	62.88193	0
19	3	280.093	282.6017	0
20	1	303.4608	282.4264	0
20	2	313.0382	62.87424	0
20	3	280.0941	282.592	0
20	4	243.1729	206.694	0
21	1	303.5274	282.449	0
21	2	313.0277	62.86649	0
21	3	280.0938	282.5825	0
21	4	243.1355	206.6671	0
21	5	407.3179	403.7806	0
22	1	303.5795	282.4736	0
22	2	313.0179	62.85867	0
22	3	280.0889	282.574	0
22	4	243.091	206.6446	0
22	5	407.3552	403.8025	0
22	6	376.0173	201.3039	0
23	1	303.6083	282.4916	0
23	2	313.007	62.84863	0
23	3	280.0783	282.5661	0
23	4	243.0464	206.6298	0
23	5	407.3671	403.8152	0
23	6	375.9881	201.314	0
23	7	358.7936	287.3019	0
24	1	303.6113	282.501	0
24	2	312.9948	62.83774	0
24	3	280.068	282.5578	0
24	4	243.0016	206.6175	0
24	5	407.36	403.8115	0
24	6	375.9623	201.3246	0
24	7	358.862	287.3178	0
24	8	415.3804	291.9281	0
25	1	303.6061	282.4827	0
25	2	312.9871	62.82886	0
25	3	280.0585	282.549	0
25	4	242.9598	206.6121	0
25	5	407.3534	403.7773	0
25	6	375.9377	201.3378	0
25	7	358.9256	287.3391	0
25	8	415.4066	291.9352	0
25	9	310.5315	40.99796	0
26	1	303.597	282.4494	0
26	2	312.9832	62.82193	0
26	3	280.0467	282.538	0
26	4	242.9168	206.6171	0
26	5	407.3378	403.7438	0
26	6	375.9148	201.3552	0
26	7	358.9762	287.3623	0
26	8	415.4441	291.9443	0
26	9	310.4926	40.97681	0
27	1	303.5791	282.4178	0
27	2	312.9879	62.82013	0
27	3	280.0364	282.5271	0
27	4	242.8751	206.6277	0
27	5	407.312	403.7134	0
27	6	375.8944	201.3728	0
27	7	359.0048	287.3798	0
27	8	415.4926	291.9528	0
27	9	310.4533	40.96179	0
27	10	380.6339	368.0617	0
28	1	303.5509	282.3895	0
28	2	313.0045	62.82297	0
28	3	280.0305	282.5173	0
28	4	242.8346	206.6355	0
28	5	407.2785	403.6857	0
28	6	375.8788	201.3885	0
28	7	359.0088	287.3898	0
28	8	415.5471	291.9606	0
28	9	310.412	40.9512	0
28	10	380.6336	368.064	0
28	11	193.3003	-41.89072	0
29	1	303.5157	282.3642	0
29	2	313.0348	62.83197	0
29	3	280.0294	282.5109	0
29	4	242.7942	206.6449	0
29	5	407.2383	403.662	0
29	6	375.8687	201.4015	0
29	7	359.003	287.3753	0
29	8	415.61	291.968	0
29	9	310.3734	40.94431	0
29	10	380.6376	368.0631	0
29	11	193.2999	-41.89917	0
29	12	195.586	29.22861	0
30	1	303.4741	282.3432	0
30	2	313.0769	62.84247	0
30	3	280.0385	282.5103	0
30	4	242.7548	206.6566	0
30	5	407.1969	403.6443	0
30	6	375.8632	201.4097	0
30	7	358.9944	287.3437	0
30	8	415.6786	291.9779	0
30	9	310.3344	40.9462	0
30	10	380.6425	368.0618	0
30	11	193.2971	-41.90677	0
30	12	195.5972	29.22952	0
30	13	244.6436	246.135	0
31	1	303.4323	282.3294	0
31	2	313.1303	62.85181	0
31	3	280.0601	282.5151	0
31	4	242.7189	206.67	0
31	5	407.1536	403.6318	0
31	6	375.8621	201.4129	0
31	7	358.9776	287.3133	0
31	8	415.7495	291.991	0
31	9	310.2963	40.95374	0
31	10	380.6498	368.0608	0
31	11	193.2878	-41.91385	0
31	12	195.609	29.22931	0
31	13	244.6128	246.1438	0
31	14	297.5211	86.88821	0
32	1	303.3904	282.3176	0
32	2	313.1913	62.85883	0
32	3	280.0949	282.5244	0
32	4	242.6861	206.6847	0
32	5	407.1128	403.6227	0
32	6	375.8643	201.4128	0
32	7	358.9511	287.2858	0
32	8	415.8213	292.0086	0
32	9	310.2597	40.95999	0
32	10	380.6598	368.0612	0
32	11	193.2783	-41.92126	0
32	12	195.6181	29.22702	0
32	13	244.5838	246.1538	0
32	14	297.5245	86.88345	0
32	15	254.4555	39.62277	0
33	1	303.3514	282.3127	0
33	2	313.261	62.86694	0
33	3	280.1414	282.5338	0
33	4	242.655	206.7038	0
33	5	407.0726	403.6248	0
33	6	375.8677	201.4121	0
33	7	358.9182	287.261	0
33	8	415.8871	292.0319	0
33	9	310.2231	40.96704	0
33	10	380.6724	368.062	0
33	11	193.2695	-41.92871	0
33	12	195.6247	29.22159	0
33	13	244.558	246.1649	0
33	14	297.5281	86.87842	0
33	15	254.4257	39.63049	0
33	16	321.8348	198.5514	0
34	1	303.3117	282.318	0
34	2	313.3359	62.87885	0
34	3	280.1974	282.5428	0
34	4	242.6261	206.7273	0
34	5	407.0334	403.6347	0
34	6	375.8723	201.4117	0
34	7	358.8794	287.2404	0
34	8	415.9377	292.0561	0
34	9	310.1875	40.9765	0
34	10	380.6837	368.0612	0
34	11	193.2594	-41.93811	0
34	12	195.6292	29.21469	0
34	13	244.5336	246.1788	0
34	14	297.532	86.8728	0
34	15	254.3976	39.63995	0
34	16	321.8085	198.5303	0
34	17	276.2751	115.2722	0
35	1	303.3117	282.318	0
35	2	313.3359	62.87885	0
35	3	280.1974	282.5428	0
35	4	242.6261	206.7273	0
35	5	407.0334	403.6347	0
35	6	375.8723	201.4117	0
35	7	358.8794	287.2404	0
35	8	415.9377	292.0561	0
35	9	310.1875	40.9765	0
35	10	380.6837	368.0612	0
35	11	193.2594	-41.93811	0
35	12	195.6292	29.21469	0
35	13	244.5336	246.1788	0
35	14	297.532	86.8728	0
35	15	254.3976	39.63995	0
35	16	321.8085	198.5303	0
35	17	276.2751	115.2722	0
35	18	257.7276	61.01682	0
17	1	302.6972	281.0069	0
18	1	302.69	280.9993	0
18	2	313.7892	66.0127	0
19	1	302.6859	280.9925	0
19	2	313.7923	66.00839	0
19	3	280.7742	283.5498	0
20	1	302.6852	280.988	0
20	2	313.7957	66.00357	0
20	3	280.7795	283.5489	0
20	4	244.2402	204.954	0
21	1	302.6917	280.9878	0
21	2	313.7991	65.99814	0
21	3	280.7875	283.5483	0
21	4	244.2903	204.9594	0
21	5	406.6435	403.2277	0
22	1	302.7072	280.9912	0
22	2	313.8004	65.99146	0
22	3	280.7975	283.5491	0
22	4	244.3462	204.967	0
22	5	406.6042	403.2173	0
22	6	376.4518	201.7557	0
23	1	302.7319	280.9978	0
23	2	313.8011	65.9837	0
23	3	280.8096	283.5495	0
23	4	244.4041	204.9772	0
23	5	406.5659	403.2174	0
23	6	376.4554	201.7551	0
23	7	358.2205	286.4129	0
24	1	302.7648	281.0044	0
24	2	313.8011	65.97644	0
24	3	280.8194	283.5482	0
24	4	244.4636	204.991	0
24	5	406.5282	403.2258	0
24	6	376.4596	201.7544	0
24	7	358.2275	286.4113	0
24	8	413.9895	291.2996	0
25	1	302.8041	281.0107	0
25	2	313.8001	65.96973	0
25	3	280.8271	283.5445	0
25	4	244.5191	205.0092	0
25	5	406.4923	403.2357	0
25	6	376.4661	201.7539	0
25	7	358.2329	286.4075	0
25	8	413.9973	291.3003	0
25	9	309.3272	41.87329	0
26	1	302.8482	281.0161	0
26	2	313.7932	65.96362	0
26	3	280.8319	283.538	0
26	4	244.5633	205.0291	0
26	5	406.4566	403.2439	0
26	6	376.4747	201.7545	0
26	7	358.2364	286.4022	0
26	8	414.0065	291.3004	0
26	9	309.2997	41.85022	0
27	1	302.8984	281.0226	0
27	2	313.7849	65.95749	0
27	3	280.8364	283.5316	0
27	4	244.5885	205.0442	0
27	5	406.4217	403.2544	0
27	6	376.4854	201.755	0
27	7	358.2398	286.3975	0
27	8	414.0135	291.2991	0
27	9	309.266	41.83002	0
27	10	379.3806	363.9316	0
28	1	302.9511	281.0313	0
28	2	313.7772	65.95126	0
28	3	280.8404	283.526	0
28	4	244.593	205.0521	0
28	5	406.3875	403.2661	0
28	6	376.4947	201.7542	0
28	7	358.2431	286.3932	0
28	8	414.0192	291.2959	0
28	9	309.2291	41.81424	0
28	10	379.4309	363.9378	0
28	11	196.6872	-36.89548	0
29	1	303.0056	281.0429	0
29	2	313.7693	65.94366	0
29	3	280.8447	283.5209	0
29	4	244.5885	205.0407	0
29	5	406.3574	403.2786	0
29	6	376.5021	201.7512	0
29	7	358.2468	286.3893	0
29	8	414.0227	291.2908	0
29	9	309.192	41.80542	0
29	10	379.4885	363.9441	0
29	11	196.6888	-36.90161	0
29	12	194.8877	27.42715	0
30	1	303.058	281.0585	0
30	2	313.7599	65.93521	0
30	3	280.8492	283.5158	0
30	4	244.582	205.0136	0
30	5	406.3289	403.2941	0
30	6	376.5069	201.7456	0
30	7	358.2506	286.3853	0
30	8	414.0261	291.2861	0
30	9	309.1566	41.79672	0
30	10	379.5506	363.9527	0
30	11	196.6891	-36.90869	0
30	12	194.9425	27.43735	0
30	13	243.7234	246.394	0
31	1	303.1017	281.0771	0
31	2	313.7538	65.92825	0
31	3	280.8539	283.5104	0
31	4	244.5684	204.9876	0
31	5	406.3023	403.3143	0
31	6	376.5109	201.7398	0
31	7	358.2546	286.3807	0
31	8	414.0294	291.2818	0
31	9	309.122	41.79611	0
31	10	379.6146	363.9642	0
31	11	196.6894	-36.91556	0
31	12	195.0056	27.4454	0
31	13	243.7216	246.3984	0
31	14	296.2435	87.21356	0
32	1	303.1293	281.0928	0
32	2	313.7507	65.92236	0
32	3	280.8578	283.503	0
32	4	244.5462	204.9644	0
32	5	406.2787	403.3358	0
32	6	376.5146	201.7346	0
32	7	358.2567	286.3743	0
32	8	414.033	291.2781	0
32	9	309.0874	41.80182	0
32	10	379.679	363.9799	0
32	11	196.6891	-36.92172	0
32	12	195.078	27.45343	0
32	13	243.7236	246.399	0
32	14	296.249	87.21326	0
32	15	252.321	33.97885	0
33	1	303.1383	281.102	0
33	2	313.7534	65.92017	0
33	3	280.8584	283.4937	0
33	4	244.5182	204.9436	0
33	5	406.2601	403.3553	0
33	6	376.5187	201.7299	0
33	7	358.2575	286.3668	0
33	8	414.0369	291.2742	0
33	9	309.0545	41.80887	0
33	10	379.7376	364.0014	0
33	11	196.6833	-36.9274	0
33	12	195.1576	27.46542	0
33	13	243.7271	246.3986	0
33	14	296.257	87.21335	0
33	15	252.3294	33.97507	0
33	16	320.7988	198.3077	0
34	1	303.1331	281.0997	0
34	2	313.7653	65.92203	0
34	3	280.8597	283.4841	0
34	4	244.4845	204.9261	0
34	5	406.2484	403.3717	0
34	6	376.523	201.7252	0
34	7	358.2581	286.3594	0
34	8	414.0409	291.2699	0
34	9	309.0216	41.81448	0
34	10	379.7813	364.0237	0
34	11	196.6757	-36.93295	0
34	12	195.2401	27.48169	0
34	13	243.7315	246.3984	0
34	14	296.2669	87.2142	0
34	15	252.3349	33.96838	0
34	16	320.7668	198.3203	0
34	17	276.0302	112.8927	0
35	1	303.1285	281.0746	0
35	2	313.7875	65.92834	0
35	3	280.86	283.4748	0
35	4	244.4505	204.9142	0
35	5	406.2419	403.3825	0
35	6	376.5277	201.7201	0
35	7	358.2578	286.3523	0
35	8	414.0437	291.264	0
35	9	308.9894	41.8222	0
35	10	379.8036	364.0386	0
35	11	196.6685	-36.93863	0
35	12	195.324	27.50323	0
35	13	243.7378	246.3983	0
35	14	296.2777	87.21405	0
35	15	252.3397	33.96179	0
35	16	320.7366	198.3355	0
35	17	276.0226	112.9011	0
35	18	258.4489	62.73526	0
