63	1	406.7485	188.7697	0
63	2	733.0967	191.8169	0
63	3	405.9351	181.5482	0
63	4	499.555	169.697	0
63	5	144.2091	249.2128	0
63	6	559.7917	223.7553	0
63	7	395.0074	214.3781	0
63	8	386.6297	252.4602	0
63	9	762.9641	189.7275	0
63	10	248.6645	228.6213	0
63	11	755.1987	156.4673	0
63	12	682.2338	157.7693	0
63	13	448.2953	170.1601	0
63	14	682.9323	185.4287	0
63	15	714.3463	171.5602	0
63	16	535.3466	194.9802	0
63	17	632.2473	178.4121	0
63	18	686.7625	172.5766	0
63	19	291.9435	244.1829	0
63	20	475.8793	229.4317	0
63	21	-62.12822	247.8255	0
63	22	12.78081	267.3323	0
63	23	510.067	186.8932	0
63	24	699.9169	165.7228	0
63	25	335.9029	257.214	0
63	26	666.346	199.0423	0
63	27	733.1617	209.9046	0
63	28	34.12262	211.6525	0
63	29	666.3679	153.3423	0
63	30	630.649	155.2889	0
63	31	199.2668	274.7662	0
63	32	719.6611	146.3323	0
63	33	741.4748	163.1398	0
63	34	348.6425	184.5817	0
63	35	-137.2217	340.7566	0
63	36	334.9085	208.3972	0
63	37	451.742	187.7491	0
63	38	248.9354	300.3787	0
63	39	659.1196	168.2456	0
63	40	790.018	178.747	0
63	41	400.8154	203.9159	0
63	42	354.3996	217.7926	0
63	43	467.9127	199.1362	0
64	1	406.7485	188.7697	0
64	2	733.0967	191.8169	0
64	3	405.9351	181.5482	0
64	4	499.555	169.697	0
64	5	144.2091	249.2128	0
64	6	559.7917	223.7553	0
64	7	395.0074	214.3781	0
64	8	386.6297	252.4602	0
64	9	762.9641	189.7275	0
64	10	248.6645	228.6213	0
64	11	755.1987	156.4673	0
64	12	682.2338	157.7693	0
64	13	448.2953	170.1601	0
64	14	682.9323	185.4287	0
64	15	714.3463	171.5602	0
64	16	535.3466	194.9802	0
64	17	632.2473	178.4121	0
64	18	686.7625	172.5766	0
64	19	291.9435	244.1829	0
64	20	475.8793	229.4317	0
64	21	-62.12822	247.8255	0
64	22	12.78081	267.3323	0
64	23	510.067	186.8932	0
64	24	699.9169	165.7228	0
64	25	335.9029	257.214	0
64	26	666.346	199.0423	0
64	27	733.1617	209.9046	0
64	28	34.12262	211.6525	0
64	29	666.3679	153.3423	0
64	30	630.649	155.2889	0
64	31	199.2668	274.7662	0
64	32	719.6611	146.3323	0
64	33	741.4748	163.1398	0
64	34	348.6425	184.5817	0
64	35	-137.2217	340.7566	0
64	36	334.9085	208.3972	0
64	37	451.742	187.7491	0
64	38	248.9354	300.3787	0
64	39	659.1196	168.2456	0
64	40	790.018	178.747	0
64	41	400.8154	203.9159	0
64	42	354.3996	217.7926	0
64	43	467.9127	199.1362	0
65	1	406.7485	188.7697	0
65	2	733.0967	191.8169	0
65	3	405.9351	181.5482	0
65	4	499.555	169.697	0
65	5	144.2091	249.2128	0
65	6	559.7917	223.7553	0
65	7	395.0074	214.3781	0
65	8	386.6297	252.4602	0
65	9	762.9641	189.7275	0
65	10	248.6645	228.6213	0
65	11	755.1987	156.4673	0
65	12	682.2338	157.7693	0
65	13	448.2953	170.1601	0
65	14	682.9323	185.4287	0
65	15	714.3463	171.5602	0
65	16	535.3466	194.9802	0
65	17	632.2473	178.4121	0
65	18	686.7625	172.5766	0
65	19	291.9435	244.1829	0
65	20	475.8793	229.4317	0
65	21	-62.12822	247.8255	0
65	22	12.78081	267.3323	0
65	23	510.067	186.8932	0
65	24	699.9169	165.7228	0
65	25	335.9029	257.214	0
65	26	666.346	199.0423	0
65	27	733.1617	209.9046	0
65	28	34.12262	211.6525	0
65	29	666.3679	153.3423	0
65	30	630.649	155.2889	0
65	31	199.2668	274.7662	0
65	32	719.6611	146.3323	0
65	33	741.4748	163.1398	0
65	34	348.6425	184.5817	0
65	35	-137.2217	340.7566	0
65	36	334.9085	208.3972	0
65	37	451.742	187.7491	0
65	38	248.9354	300.3787	0
65	39	659.1196	168.2456	0
65	40	790.018	178.747	0
65	41	400.8154	203.9159	0
65	42	354.3996	217.7926	0
65	43	467.9127	199.1362	0
66	1	406.7485	188.7697	0
66	2	733.0967	191.8169	0
66	3	405.9351	181.5482	0
66	4	499.555	169.697	0
66	5	144.2091	249.2128	0
66	6	559.7917	223.7553	0
66	7	395.0074	214.3781	0
66	8	386.6297	252.4602	0
66	9	762.9641	189.7275	0
66	10	248.6645	228.6213	0
66	11	755.1987	156.4673	0
66	12	682.2338	157.7693	0
66	13	448.2953	170.1601	0
66	14	682.9323	185.4287	0
66	15	714.3463	171.5602	0
66	16	535.3466	194.9802	0
66	17	632.2473	178.4121	0
66	18	686.7625	172.5766	0
66	19	291.9435	244.1829	0
66	20	475.8793	229.4317	0
66	21	-62.12822	247.8255	0
66	22	12.78081	267.3323	0
66	23	510.067	186.8932	0
66	24	699.9169	165.7228	0
66	25	335.9029	257.214	0
66	26	666.346	199.0423	0
66	27	733.1617	209.9046	0
66	28	34.12262	211.6525	0
66	29	666.3679	153.3423	0
66	30	630.649	155.2889	0
66	31	199.2668	274.7662	0
66	32	719.6611	146.3323	0
66	33	741.4748	163.1398	0
66	34	348.6425	184.5817	0
66	35	-137.2217	340.7566	0
66	36	334.9085	208.3972	0
66	37	451.742	187.7491	0
66	38	248.9354	300.3787	0
66	39	659.1196	168.2456	0
66	40	790.018	178.747	0
66	41	400.8154	203.9159	0
66	42	354.3996	217.7926	0
66	43	467.9127	199.1362	0
67	1	406.7485	188.7697	0
67	2	733.0967	191.8169	0
67	3	405.9351	181.5482	0
67	4	499.555	169.697	0
67	5	144.2091	249.2128	0
67	6	559.7917	223.7553	0
67	7	395.0074	214.3781	0
67	8	386.6297	252.4602	0
67	9	762.9641	189.7275	0
67	10	248.6645	228.6213	0
67	11	755.1987	156.4673	0
67	12	682.2338	157.7693	0
67	13	448.2953	170.1601	0
67	14	682.9323	185.4287	0
67	15	714.3463	171.5602	0
67	16	535.3466	194.9802	0
67	17	632.2473	178.4121	0
67	18	686.7625	172.5766	0
67	19	291.9435	244.1829	0
67	20	475.8793	229.4317	0
67	21	-62.12822	247.8255	0
67	22	12.78081	267.3323	0
67	23	510.067	186.8932	0
67	24	699.9169	165.7228	0
67	25	335.9029	257.214	0
67	26	666.346	199.0423	0
67	27	733.1617	209.9046	0
67	28	34.12262	211.6525	0
67	29	666.3679	153.3423	0
67	30	630.649	155.2889	0
67	31	199.2668	274.7662	0
67	32	719.6611	146.3323	0
67	33	741.4748	163.1398	0
67	34	348.6425	184.5817	0
67	35	-137.2217	340.7566	0
67	36	334.9085	208.3972	0
67	37	451.742	187.7491	0
67	38	248.9354	300.3787	0
67	39	659.1196	168.2456	0
67	40	790.018	178.747	0
67	41	400.8154	203.9159	0
67	42	354.3996	217.7926	0
67	43	467.9127	199.1362	0
63	1	407.5557	188.8827	0
63	2	730.841	191.2997	0
63	3	403.9869	181.6342	0
63	4	498.8597	169.8214	0
63	5	147.9924	249.2366	0
63	6	559.7559	223.7397	0
63	7	396.0045	214.6405	0
63	8	388.714	253.72	0
63	9	759.8718	189.4586	0
63	10	246.8581	229.222	0
63	11	755.7883	156.3647	0
63	12	682.3564	157.8736	0
63	13	448.2065	170.0515	0
63	14	683.7434	185.9567	0
63	15	714.5502	171.4366	0
63	16	535.4388	195.5673	0
63	17	630.5143	178.2773	0
63	18	686.8359	172.486	0
63	19	289.5214	244.4695	0
63	20	475.0583	229.537	0
63	21	-66.92743	249.0388	0
63	22	14.09011	266.7159	0
63	23	511.9608	187.4095	0
63	24	700.5099	165.6254	0
63	25	333.6699	257.4946	0
63	26	665.3506	198.7703	0
63	27	734.2213	209.2957	0
63	28	31.64835	212.1498	0
63	29	666.463	153.3315	0
63	30	630.6362	155.3054	0
63	31	197.3797	274.3713	0
63	32	719.9507	146.199	0
63	33	740.0834	163.0208	0
63	34	350.1196	184.6104	0
63	35	-142.7158	343.4654	0
63	36	333.0029	208.1312	0
63	37	453.0208	187.9698	0
63	38	247.4148	302.1632	0
63	39	657.7386	167.7908	0
63	40	788.2969	178.3898	0
63	41	401.9173	203.6133	0
63	42	355.2449	217.012	0
63	43	466.597	199.1138	0
64	1	407.5557	188.8827	0
64	2	730.841	191.2997	0
64	3	403.9869	181.6342	0
64	4	498.8597	169.8214	0
64	5	147.9924	249.2366	0
64	6	559.7559	223.7397	0
64	7	396.0045	214.6405	0
64	8	388.714	253.72	0
64	9	759.8718	189.4586	0
64	10	246.8581	229.222	0
64	11	755.7883	156.3647	0
64	12	682.3564	157.8736	0
64	13	448.2065	170.0515	0
64	14	683.7434	185.9567	0
64	15	714.5502	171.4366	0
64	16	535.4388	195.5673	0
64	17	630.5143	178.2773	0
64	18	686.8359	172.486	0
64	19	289.5214	244.4695	0
64	20	475.0583	229.537	0
64	21	-66.92743	249.0388	0
64	22	14.09011	266.7159	0
64	23	511.9608	187.4095	0
64	24	700.5099	165.6254	0
64	25	333.6699	257.4946	0
64	26	665.3506	198.7703	0
64	27	734.2213	209.2957	0
64	28	31.64835	212.1498	0
64	29	666.463	153.3315	0
64	30	630.6362	155.3054	0
64	31	197.3797	274.3713	0
64	32	719.9507	146.199	0
64	33	740.0834	163.0208	0
64	34	350.1196	184.6104	0
64	35	-142.7158	343.4654	0
64	36	333.0029	208.1312	0
64	37	453.0208	187.9698	0
64	38	247.4148	302.1632	0
64	39	657.7386	167.7908	0
64	40	788.2969	178.3898	0
64	41	401.9173	203.6133	0
64	42	355.2449	217.012	0
64	43	466.597	199.1138	0
65	1	407.5557	188.8827	0
65	2	730.841	191.2997	0
65	3	403.9869	181.6342	0
65	4	498.8597	169.8214	0
65	5	147.9924	249.2366	0
65	6	559.7559	223.7397	0
65	7	396.0045	214.6405	0
65	8	388.714	253.72	0
65	9	759.8718	189.4586	0
65	10	246.8581	229.222	0
65	11	755.7883	156.3647	0
65	12	682.3564	157.8736	0
65	13	448.2065	170.0515	0
65	14	683.7434	185.9567	0
65	15	714.5502	171.4366	0
65	16	535.4388	195.5673	0
65	17	630.5143	178.2773	0
65	18	686.8359	172.486	0
65	19	289.5214	244.4695	0
65	20	475.0583	229.537	0
65	21	-66.92743	249.0388	0
65	22	14.09011	266.7159	0
65	23	511.9608	187.4095	0
65	24	700.5099	165.6254	0
65	25	333.6699	257.4946	0
65	26	665.3506	198.7703	0
65	27	734.2213	209.2957	0
65	28	31.64835	212.1498	0
65	29	666.463	153.3315	0
65	30	630.6362	155.3054	0
65	31	197.3797	274.3713	0
65	32	719.9507	146.199	0
65	33	740.0834	163.0208	0
65	34	350.1196	184.6104	0
65	35	-142.7158	343.4654	0
65	36	333.0029	208.1312	0
65	37	453.0208	187.9698	0
65	38	247.4148	302.1632	0
65	39	657.7386	167.7908	0
65	40	788.2969	178.3898	0
65	41	401.9173	203.6133	0
65	42	355.2449	217.012	0
65	43	466.597	199.1138	0
66	1	407.5557	188.8827	0
66	2	730.841	191.2997	0
66	3	403.9869	181.6342	0
66	4	498.8597	169.8214	0
66	5	147.9924	249.2366	0
66	6	559.7559	223.7397	0
66	7	396.0045	214.6405	0
66	8	388.714	253.72	0
66	9	759.8718	189.4586	0
66	10	246.8581	229.222	0
66	11	755.7883	156.3647	0
66	12	682.3564	157.8736	0
66	13	448.2065	170.0515	0
66	14	683.7434	185.9567	0
66	15	714.5502	171.4366	0
66	16	535.4388	195.5673	0
66	17	630.5143	178.2773	0
66	18	686.8359	172.486	0
66	19	289.5214	244.4695	0
66	20	475.0583	229.537	0
66	21	-66.92743	249.0388	0
66	22	14.09011	266.7159	0
66	23	511.9608	187.4095	0
66	24	700.5099	165.6254	0
66	25	333.6699	257.4946	0
66	26	665.3506	198.7703	0
66	27	734.2213	209.2957	0
66	28	31.64835	212.1498	0
66	29	666.463	153.3315	0
66	30	630.6362	155.3054	0
66	31	197.3797	274.3713	0
66	32	719.9507	146.199	0
66	33	740.0834	163.0208	0
66	34	350.1196	184.6104	0
66	35	-142.7158	343.4654	0
66	36	333.0029	208.1312	0
66	37	453.0208	187.9698	0
66	38	247.4148	302.1632	0
66	39	657.7386	167.7908	0
66	40	788.2969	178.3898	0
66	41	401.9173	203.6133	0
66	42	355.2449	217.012	0
66	43	466.597	199.1138	0
67	1	407.5557	188.8827	0
67	2	730.841	191.2997	0
67	3	403.9869	181.6342	0
67	4	498.8597	169.8214	0
67	5	147.9924	249.2366	0
67	6	559.7559	223.7397	0
67	7	396.0045	214.6405	0
67	8	388.714	253.72	0
67	9	759.8718	189.4586	0
67	10	246.8581	229.222	0
67	11	755.7883	156.3647	0
67	12	682.3564	157.8736	0
67	13	448.2065	170.0515	0
67	14	683.7434	185.9567	0
67	15	714.5502	171.4366	0
67	16	535.4388	195.5673	0
67	17	630.5143	178.2773	0
67	18	686.8359	172.486	0
67	19	289.5214	244.4695	0
67	20	475.0583	229.537	0
67	21	-66.92743	249.0388	0
67	22	14.09011	266.7159	0
67	23	511.9608	187.4095	0
67	24	700.5099	165.6254	0
67	25	333.6699	257.4946	0
67	26	665.3506	198.7703	0
67	27	734.2213	209.2957	0
67	28	31.64835	212.1498	0
67	29	666.463	153.3315	0
67	30	630.6362	155.3054	0
67	31	197.3797	274.3713	0
67	32	719.9507	146.199	0
67	33	740.0834	163.0208	0
67	34	350.1196	184.6104	0
67	35	-142.7158	343.4654	0
67	36	333.0029	208.1312	0
67	37	453.0208	187.9698	0
67	38	247.4148	302.1632	0
67	39	657.7386	167.7908	0
67	40	788.2969	178.3898	0
67	41	401.9173	203.6133	0
67	42	355.2449	217.012	0
67	43	466.597	199.1138	0
68	1	407.5557	188.8827	0
68	2	730.841	191.2997	0
68	3	403.9869	181.6342	0
68	4	498.8597	169.8214	0
68	5	147.9924	249.2366	0
68	6	559.7559	223.7397	0
68	7	396.0045	214.6405	0
68	8	388.714	253.72	0
68	9	759.8718	189.4586	0
68	10	246.8581	229.222	0
68	11	755.7883	156.3647	0
68	12	682.3564	157.8736	0
68	13	448.2065	170.0515	0
68	14	683.7434	185.9567	0
68	15	714.5502	171.4366	0
68	16	535.4388	195.5673	0
68	17	630.5143	178.2773	0
68	18	686.8359	172.486	0
68	19	289.5214	244.4695	0
68	20	475.0583	229.537	0
68	21	-66.92743	249.0388	0
68	22	14.09011	266.7159	0
68	23	511.9608	187.4095	0
68	24	700.5099	165.6254	0
68	25	333.6699	257.4946	0
68	26	665.3506	198.7703	0
68	27	734.2213	209.2957	0
68	28	31.64835	212.1498	0
68	29	666.463	153.3315	0
68	30	630.6362	155.3054	0
68	31	197.3797	274.3713	0
68	32	719.9507	146.199	0
68	33	740.0834	163.0208	0
68	34	350.1196	184.6104	0
68	35	-142.7158	343.4654	0
68	36	333.0029	208.1312	0
68	37	453.0208	187.9698	0
68	38	247.4148	302.1632	0
68	39	657.7386	167.7908	0
68	40	788.2969	178.3898	0
68	41	401.9173	203.6133	0
68	42	355.2449	217.012	0
68	43	466.597	199.1138	0
69	1	407.5557	188.8827	0
69	2	730.841	191.2997	0
69	3	403.9869	181.6342	0
69	4	498.8597	169.8214	0
69	5	147.9924	249.2366	0
69	6	559.7559	223.7397	0
69	7	396.0045	214.6405	0
69	8	388.714	253.72	0
69	9	759.8718	189.4586	0
69	10	246.8581	229.222	0
69	11	755.7883	156.3647	0
69	12	682.3564	157.8736	0
69	13	448.2065	170.0515	0
69	14	683.7434	185.9567	0
69	15	714.5502	171.4366	0
69	16	535.4388	195.5673	0
69	17	630.5143	178.2773	0
69	18	686.8359	172.486	0
69	19	289.5214	244.4695	0
69	20	475.0583	229.537	0
69	21	-66.92743	249.0388	0
69	22	14.09011	266.7159	0
69	23	511.9608	187.4095	0
69	24	700.5099	165.6254	0
69	25	333.6699	257.4946	0
69	26	665.3506	198.7703	0
69	27	734.2213	209.2957	0
69	28	31.64835	212.1498	0
69	29	666.463	153.3315	0
69	30	630.6362	155.3054	0
69	31	197.3797	274.3713	0
69	32	719.9507	146.199	0
69	33	740.0834	163.0208	0
69	34	350.1196	184.6104	0
69	35	-142.7158	343.4654	0
69	36	333.0029	208.1312	0
69	37	453.0208	187.9698	0
69	38	247.4148	302.1632	0
69	39	657.7386	167.7908	0
69	40	788.2969	178.3898	0
69	41	401.9173	203.6133	0
69	42	355.2449	217.012	0
69	43	466.597	199.1138	0
70	1	407.5557	188.8827	0
70	2	730.841	191.2997	0
70	3	403.9869	181.6342	0
70	4	498.8597	169.8214	0
70	5	147.9924	249.2366	0
70	6	559.7559	223.7397	0
70	7	396.0045	214.6405	0
70	8	388.714	253.72	0
70	9	759.8718	189.4586	0
70	10	246.8581	229.222	0
70	11	755.7883	156.3647	0
70	12	682.3564	157.8736	0
70	13	448.2065	170.0515	0
70	14	683.7434	185.9567	0
70	15	714.5502	171.4366	0
70	16	535.4388	195.5673	0
70	17	630.5143	178.2773	0
70	18	686.8359	172.486	0
70	19	289.5214	244.4695	0
70	20	475.0583	229.537	0
70	21	-66.92743	249.0388	0
70	22	14.09011	266.7159	0
70	23	511.9608	187.4095	0
70	24	700.5099	165.6254	0
70	25	333.6699	257.4946	0
70	26	665.3506	198.7703	0
70	27	734.2213	209.2957	0
70	28	31.64835	212.1498	0
70	29	666.463	153.3315	0
70	30	630.6362	155.3054	0
70	31	197.3797	274.3713	0
70	32	719.9507	146.199	0
70	33	740.0834	163.0208	0
70	34	350.1196	184.6104	0
70	35	-142.7158	343.4654	0
70	36	333.0029	208.1312	0
70	37	453.0208	187.9698	0
70	38	247.4148	302.1632	0
70	39	657.7386	167.7908	0
70	40	788.2969	178.3898	0
70	41	401.9173	203.6133	0
70	42	355.2449	217.012	0
70	43	466.597	199.1138	0
71	1	407.5557	188.8827	0
71	2	730.841	191.2997	0
71	3	403.9869	181.6342	0
71	4	498.8597	169.8214	0
71	5	147.9924	249.2366	0
71	6	559.7559	223.7397	0
71	7	396.0045	214.6405	0
71	8	388.714	253.72	0
71	9	759.8718	189.4586	0
71	10	246.8581	229.222	0
71	11	755.7883	156.3647	0
71	12	682.3564	157.8736	0
71	13	448.2065	170.0515	0
71	14	683.7434	185.9567	0
71	15	714.5502	171.4366	0
71	16	535.4388	195.5673	0
71	17	630.5143	178.2773	0
71	18	686.8359	172.486	0
71	19	289.5214	244.4695	0
71	20	475.0583	229.537	0
71	21	-66.92743	249.0388	0
71	22	14.09011	266.7159	0
71	23	511.9608	187.4095	0
71	24	700.5099	165.6254	0
71	25	333.6699	257.4946	0
71	26	665.3506	198.7703	0
71	27	734.2213	209.2957	0
71	28	31.64835	212.1498	0
71	29	666.463	153.3315	0
71	30	630.6362	155.3054	0
71	31	197.3797	274.3713	0
71	32	719.9507	146.199	0
71	33	740.0834	163.0208	0
71	34	350.1196	184.6104	0
71	35	-142.7158	343.4654	0
71	36	333.0029	208.1312	0
71	37	453.0208	187.9698	0
71	38	247.4148	302.1632	0
71	39	657.7386	167.7908	0
71	40	788.2969	178.3898	0
71	41	401.9173	203.6133	0
71	42	355.2449	217.012	0
71	43	466.597	199.1138	0
72	1	407.5557	188.8827	0
72	2	730.841	191.2997	0
72	3	403.9869	181.6342	0
72	4	498.8597	169.8214	0
72	5	147.9924	249.2366	0
72	6	559.7559	223.7397	0
72	7	396.0045	214.6405	0
72	8	388.714	253.72	0
72	9	759.8718	189.4586	0
72	10	246.8581	229.222	0
72	11	755.7883	156.3647	0
72	12	682.3564	157.8736	0
72	13	448.2065	170.0515	0
72	14	683.7434	185.9567	0
72	15	714.5502	171.4366	0
72	16	535.4388	195.5673	0
72	17	630.5143	178.2773	0
72	18	686.8359	172.486	0
72	19	289.5214	244.4695	0
72	20	475.0583	229.537	0
72	21	-66.92743	249.0388	0
72	22	14.09011	266.7159	0
72	23	511.9608	187.4095	0
72	24	700.5099	165.6254	0
72	25	333.6699	257.4946	0
72	26	665.3506	198.7703	0
72	27	734.2213	209.2957	0
72	28	31.64835	212.1498	0
72	29	666.463	153.3315	0
72	30	630.6362	155.3054	0
72	31	197.3797	274.3713	0
72	32	719.9507	146.199	0
72	33	740.0834	163.0208	0
72	34	350.1196	184.6104	0
72	35	-142.7158	343.4654	0
72	36	333.0029	208.1312	0
72	37	453.0208	187.9698	0
72	38	247.4148	302.1632	0
72	39	657.7386	167.7908	0
72	40	788.2969	178.3898	0
72	41	401.9173	203.6133	0
72	42	355.2449	217.012	0
72	43	466.597	199.1138	0
73	1	407.5557	188.8827	0
73	2	730.841	191.2997	0
73	3	403.9869	181.6342	0
73	4	498.8597	169.8214	0
73	5	147.9924	249.2366	0
73	6	559.7559	223.7397	0
73	7	396.0045	214.6405	0
73	8	388.714	253.72	0
73	9	759.8718	189.4586	0
73	10	246.8581	229.222	0
73	11	755.7883	156.3647	0
73	12	682.3564	157.8736	0
73	13	448.2065	170.0515	0
73	14	683.7434	185.9567	0
73	15	714.5502	171.4366	0
73	16	535.4388	195.5673	0
73	17	630.5143	178.2773	0
73	18	686.8359	172.486	0
73	19	289.5214	244.4695	0
73	20	475.0583	229.537	0
73	21	-66.92743	249.0388	0
73	22	14.09011	266.7159	0
73	23	511.9608	187.4095	0
73	24	700.5099	165.6254	0
73	25	333.6699	257.4946	0
73	26	665.3506	198.7703	0
73	27	734.2213	209.2957	0
73	28	31.64835	212.1498	0
73	29	666.463	153.3315	0
73	30	630.6362	155.3054	0
73	31	197.3797	274.3713	0
73	32	719.9507	146.199	0
73	33	740.0834	163.0208	0
73	34	350.1196	184.6104	0
73	35	-142.7158	343.4654	0
73	36	333.0029	208.1312	0
73	37	453.0208	187.9698	0
73	38	247.4148	302.1632	0
73	39	657.7386	167.7908	0
73	40	788.2969	178.3898	0
73	41	401.9173	203.6133	0
73	42	355.2449	217.012	0
73	43	466.597	199.1138	0
74	1	407.5557	188.8827	0
74	2	730.841	191.2997	0
74	3	403.9869	181.6342	0
74	4	498.8597	169.8214	0
74	5	147.9924	249.2366	0
74	6	559.7559	223.7397	0
74	7	396.0045	214.6405	0
74	8	388.714	253.72	0
74	9	759.8718	189.4586	0
74	10	246.8581	229.222	0
74	11	755.7883	156.3647	0
74	12	682.3564	157.8736	0
74	13	448.2065	170.0515	0
74	14	683.7434	185.9567	0
74	15	714.5502	171.4366	0
74	16	535.4388	195.5673	0
74	17	630.5143	178.2773	0
74	18	686.8359	172.486	0
74	19	289.5214	244.4695	0
74	20	475.0583	229.537	0
74	21	-66.92743	249.0388	0
74	22	14.09011	266.7159	0
74	23	511.9608	187.4095	0
74	24	700.5099	165.6254	0
74	25	333.6699	257.4946	0
74	26	665.3506	198.7703	0
74	27	734.2213	209.2957	0
74	28	31.64835	212.1498	0
74	29	666.463	153.3315	0
74	30	630.6362	155.3054	0
74	31	197.3797	274.3713	0
74	32	719.9507	146.199	0
74	33	740.0834	163.0208	0
74	34	350.1196	184.6104	0
74	35	-142.7158	343.4654	0
74	36	333.0029	208.1312	0
74	37	453.0208	187.9698	0
74	38	247.4148	302.1632	0
74	39	657.7386	167.7908	0
74	40	788.2969	178.3898	0
74	41	401.9173	203.6133	0
74	42	355.2449	217.012	0
74	43	466.597	199.1138	0
75	1	407.5557	188.8827	0
75	2	730.841	191.2997	0
75	3	403.9869	181.6342	0
75	4	498.8597	169.8214	0
75	5	147.9924	249.2366	0
75	6	559.7559	223.7397	0
75	7	396.0045	214.6405	0
75	8	388.714	253.72	0
75	9	759.8718	189.4586	0
75	10	246.8581	229.222	0
75	11	755.7883	156.3647	0
75	12	682.3564	157.8736	0
75	13	448.2065	170.0515	0
75	14	683.7434	185.9567	0
75	15	714.5502	171.4366	0
75	16	535.4388	195.5673	0
75	17	630.5143	178.2773	0
75	18	686.8359	172.486	0
75	19	289.5214	244.4695	0
75	20	475.0583	229.537	0
75	21	-66.92743	249.0388	0
75	22	14.09011	266.7159	0
75	23	511.9608	187.4095	0
75	24	700.5099	165.6254	0
75	25	333.6699	257.4946	0
75	26	665.3506	198.7703	0
75	27	734.2213	209.2957	0
75	28	31.64835	212.1498	0
75	29	666.463	153.3315	0
75	30	630.6362	155.3054	0
75	31	197.3797	274.3713	0
75	32	719.9507	146.199	0
75	33	740.0834	163.0208	0
75	34	350.1196	184.6104	0
75	35	-142.7158	343.4654	0
75	36	333.0029	208.1312	0
75	37	453.0208	187.9698	0
75	38	247.4148	302.1632	0
75	39	657.7386	167.7908	0
75	40	788.2969	178.3898	0
75	41	401.9173	203.6133	0
75	42	355.2449	217.012	0
75	43	466.597	199.1138	0
76	1	407.5557	188.8827	0
76	2	730.841	191.2997	0
76	3	403.9869	181.6342	0
76	4	498.8597	169.8214	0
76	5	147.9924	249.2366	0
76	6	559.7559	223.7397	0
76	7	396.0045	214.6405	0
76	8	388.714	253.72	0
76	9	759.8718	189.4586	0
76	10	246.8581	229.222	0
76	11	755.7883	156.3647	0
76	12	682.3564	157.8736	0
76	13	448.2065	170.0515	0
76	14	683.7434	185.9567	0
76	15	714.5502	171.4366	0
76	16	535.4388	195.5673	0
76	17	630.5143	178.2773	0
76	18	686.8359	172.486	0
76	19	289.5214	244.4695	0
76	20	475.0583	229.537	0
76	21	-66.92743	249.0388	0
76	22	14.09011	266.7159	0
76	23	511.9608	187.4095	0
76	24	700.5099	165.6254	0
76	25	333.6699	257.4946	0
76	26	665.3506	198.7703	0
76	27	734.2213	209.2957	0
76	28	31.64835	212.1498	0
76	29	666.463	153.3315	0
76	30	630.6362	155.3054	0
76	31	197.3797	274.3713	0
76	32	719.9507	146.199	0
76	33	740.0834	163.0208	0
76	34	350.1196	184.6104	0
76	35	-142.7158	343.4654	0
76	36	333.0029	208.1312	0
76	37	453.0208	187.9698	0
76	38	247.4148	302.1632	0
76	39	657.7386	167.7908	0
76	40	788.2969	178.3898	0
76	41	401.9173	203.6133	0
76	42	355.2449	217.012	0
76	43	466.597	199.1138	0
77	1	407.5557	188.8827	0
77	2	730.841	191.2997	0
77	3	403.9869	181.6342	0
77	4	498.8597	169.8214	0
77	5	147.9924	249.2366	0
77	6	559.7559	223.7397	0
77	7	396.0045	214.6405	0
77	8	388.714	253.72	0
77	9	759.8718	189.4586	0
77	10	246.8581	229.222	0
77	11	755.7883	156.3647	0
77	12	682.3564	157.8736	0
77	13	448.2065	170.0515	0
77	14	683.7434	185.9567	0
77	15	714.5502	171.4366	0
77	16	535.4388	195.5673	0
77	17	630.5143	178.2773	0
77	18	686.8359	172.486	0
77	19	289.5214	244.4695	0
77	20	475.0583	229.537	0
77	21	-66.92743	249.0388	0
77	22	14.09011	266.7159	0
77	23	511.9608	187.4095	0
77	24	700.5099	165.6254	0
77	25	333.6699	257.4946	0
77	26	665.3506	198.7703	0
77	27	734.2213	209.2957	0
77	28	31.64835	212.1498	0
77	29	666.463	153.3315	0
77	30	630.6362	155.3054	0
77	31	197.3797	274.3713	0
77	32	719.9507	146.199	0
77	33	740.0834	163.0208	0
77	34	350.1196	184.6104	0
77	35	-142.7158	343.4654	0
77	36	333.0029	208.1312	0
77	37	453.0208	187.9698	0
77	38	247.4148	302.1632	0
77	39	657.7386	167.7908	0
77	40	788.2969	178.3898	0
77	41	401.9173	203.6133	0
77	42	355.2449	217.012	0
77	43	466.597	199.1138	0
78	1	407.5557	188.8827	0
78	2	730.841	191.2997	0
78	3	403.9869	181.6342	0
78	4	498.8597	169.8214	0
78	5	147.9924	249.2366	0
78	6	559.7559	223.7397	0
78	7	396.0045	214.6405	0
78	8	388.714	253.72	0
78	9	759.8718	189.4586	0
78	10	246.8581	229.222	0
78	11	755.7883	156.3647	0
78	12	682.3564	157.8736	0
78	13	448.2065	170.0515	0
78	14	683.7434	185.9567	0
78	15	714.5502	171.4366	0
78	16	535.4388	195.5673	0
78	17	630.5143	178.2773	0
78	18	686.8359	172.486	0
78	19	289.5214	244.4695	0
78	20	475.0583	229.537	0
78	21	-66.92743	249.0388	0
78	22	14.09011	266.7159	0
78	23	511.9608	187.4095	0
78	24	700.5099	165.6254	0
78	25	333.6699	257.4946	0
78	26	665.3506	198.7703	0
78	27	734.2213	209.2957	0
78	28	31.64835	212.1498	0
78	29	666.463	153.3315	0
78	30	630.6362	155.3054	0
78	31	197.3797	274.3713	0
78	32	719.9507	146.199	0
78	33	740.0834	163.0208	0
78	34	350.1196	184.6104	0
78	35	-142.7158	343.4654	0
78	36	333.0029	208.1312	0
78	37	453.0208	187.9698	0
78	38	247.4148	302.1632	0
78	39	657.7386	167.7908	0
78	40	788.2969	178.3898	0
78	41	401.9173	203.6133	0
78	42	355.2449	217.012	0
78	43	466.597	199.1138	0
79	1	407.5557	188.8827	0
79	2	730.841	191.2997	0
79	3	403.9869	181.6342	0
79	4	498.8597	169.8214	0
79	5	147.9924	249.2366	0
79	6	559.7559	223.7397	0
79	7	396.0045	214.6405	0
79	8	388.714	253.72	0
79	9	759.8718	189.4586	0
79	10	246.8581	229.222	0
79	11	755.7883	156.3647	0
79	12	682.3564	157.8736	0
79	13	448.2065	170.0515	0
79	14	683.7434	185.9567	0
79	15	714.5502	171.4366	0
79	16	535.4388	195.5673	0
79	17	630.5143	178.2773	0
79	18	686.8359	172.486	0
79	19	289.5214	244.4695	0
79	20	475.0583	229.537	0
79	21	-66.92743	249.0388	0
79	22	14.09011	266.7159	0
79	23	511.9608	187.4095	0
79	24	700.5099	165.6254	0
79	25	333.6699	257.4946	0
79	26	665.3506	198.7703	0
79	27	734.2213	209.2957	0
79	28	31.64835	212.1498	0
79	29	666.463	153.3315	0
79	30	630.6362	155.3054	0
79	31	197.3797	274.3713	0
79	32	719.9507	146.199	0
79	33	740.0834	163.0208	0
79	34	350.1196	184.6104	0
79	35	-142.7158	343.4654	0
79	36	333.0029	208.1312	0
79	37	453.0208	187.9698	0
79	38	247.4148	302.1632	0
79	39	657.7386	167.7908	0
79	40	788.2969	178.3898	0
79	41	401.9173	203.6133	0
79	42	355.2449	217.012	0
79	43	466.597	199.1138	0
63	1	407.2497	189.2666	0
63	2	733.77	191.7495	0
63	3	406.2975	181.4529	0
63	4	497.9229	169.664	0
63	5	146.9484	249.3841	0
63	6	556.1843	223.2335	0
63	7	395.7223	214.6972	0
63	8	388.187	252.5533	0
63	9	759.2975	189.3954	0
63	10	250.2895	228.8147	0
63	11	756.3771	156.5039	0
63	12	680.2302	157.7509	0
63	13	448.9386	170.1578	0
63	14	683.2864	185.7596	0
63	15	713.1445	171.3038	0
63	16	535.0766	195.761	0
63	17	629.6362	178.3588	0
63	18	687.6088	172.5894	0
63	19	291.2816	243.2277	0
63	20	475.2814	229.4596	0
63	21	-64.68068	248.8795	0
63	22	12.85734	266.9542	0
63	23	511.3644	187.4238	0
63	24	699.7313	165.7936	0
63	25	335.9865	258.0977	0
63	26	667.6697	199.363	0
63	27	732.0844	209.1591	0
63	28	32.26582	211.6461	0
63	29	667.5485	153.5079	0
63	30	629.9894	155.0301	0
63	31	198.3902	276.2467	0
63	32	719.0858	146.2333	0
63	33	740.5184	163.1185	0
63	34	348.3097	184.5714	0
63	35	-140.7605	341.0705	0
63	36	336.0217	208.111	0
63	37	451.7665	187.6331	0
63	38	247.9672	300.8351	0
63	39	658.3692	168.052	0
63	40	788.678	178.2846	0
63	41	400.3706	203.9656	0
63	42	355.3207	217.0432	0
63	43	467.4083	198.6309	0
64	1	407.2497	189.2666	0
64	2	733.77	191.7495	0
64	3	406.2975	181.4529	0
64	4	497.9229	169.664	0
64	5	146.9484	249.3841	0
64	6	556.1843	223.2335	0
64	7	395.7223	214.6972	0
64	8	388.187	252.5533	0
64	9	759.2975	189.3954	0
64	10	250.2895	228.8147	0
64	11	756.3771	156.5039	0
64	12	680.2302	157.7509	0
64	13	448.9386	170.1578	0
64	14	683.2864	185.7596	0
64	15	713.1445	171.3038	0
64	16	535.0766	195.761	0
64	17	629.6362	178.3588	0
64	18	687.6088	172.5894	0
64	19	291.2816	243.2277	0
64	20	475.2814	229.4596	0
64	21	-64.68068	248.8795	0
64	22	12.85734	266.9542	0
64	23	511.3644	187.4238	0
64	24	699.7313	165.7936	0
64	25	335.9865	258.0977	0
64	26	667.6697	199.363	0
64	27	732.0844	209.1591	0
64	28	32.26582	211.6461	0
64	29	667.5485	153.5079	0
64	30	629.9894	155.0301	0
64	31	198.3902	276.2467	0
64	32	719.0858	146.2333	0
64	33	740.5184	163.1185	0
64	34	348.3097	184.5714	0
64	35	-140.7605	341.0705	0
64	36	336.0217	208.111	0
64	37	451.7665	187.6331	0
64	38	247.9672	300.8351	0
64	39	658.3692	168.052	0
64	40	788.678	178.2846	0
64	41	400.3706	203.9656	0
64	42	355.3207	217.0432	0
64	43	467.4083	198.6309	0
65	1	407.2497	189.2666	0
65	2	733.77	191.7495	0
65	3	406.2975	181.4529	0
65	4	497.9229	169.664	0
65	5	146.9484	249.3841	0
65	6	556.1843	223.2335	0
65	7	395.7223	214.6972	0
65	8	388.187	252.5533	0
65	9	759.2975	189.3954	0
65	10	250.2895	228.8147	0
65	11	756.3771	156.5039	0
65	12	680.2302	157.7509	0
65	13	448.9386	170.1578	0
65	14	683.2864	185.7596	0
65	15	713.1445	171.3038	0
65	16	535.0766	195.761	0
65	17	629.6362	178.3588	0
65	18	687.6088	172.5894	0
65	19	291.2816	243.2277	0
65	20	475.2814	229.4596	0
65	21	-64.68068	248.8795	0
65	22	12.85734	266.9542	0
65	23	511.3644	187.4238	0
65	24	699.7313	165.7936	0
65	25	335.9865	258.0977	0
65	26	667.6697	199.363	0
65	27	732.0844	209.1591	0
65	28	32.26582	211.6461	0
65	29	667.5485	153.5079	0
65	30	629.9894	155.0301	0
65	31	198.3902	276.2467	0
65	32	719.0858	146.2333	0
65	33	740.5184	163.1185	0
65	34	348.3097	184.5714	0
65	35	-140.7605	341.0705	0
65	36	336.0217	208.111	0
65	37	451.7665	187.6331	0
65	38	247.9672	300.8351	0
65	39	658.3692	168.052	0
65	40	788.678	178.2846	0
65	41	400.3706	203.9656	0
65	42	355.3207	217.0432	0
65	43	467.4083	198.6309	0
66	1	407.2497	189.2666	0
66	2	733.77	191.7495	0
66	3	406.2975	181.4529	0
66	4	497.9229	169.664	0
66	5	146.9484	249.3841	0
66	6	556.1843	223.2335	0
66	7	395.7223	214.6972	0
66	8	388.187	252.5533	0
66	9	759.2975	189.3954	0
66	10	250.2895	228.8147	0
66	11	756.3771	156.5039	0
66	12	680.2302	157.7509	0
66	13	448.9386	170.1578	0
66	14	683.2864	185.7596	0
66	15	713.1445	171.3038	0
66	16	535.0766	195.761	0
66	17	629.6362	178.3588	0
66	18	687.6088	172.5894	0
66	19	291.2816	243.2277	0
66	20	475.2814	229.4596	0
66	21	-64.68068	248.8795	0
66	22	12.85734	266.9542	0
66	23	511.3644	187.4238	0
66	24	699.7313	165.7936	0
66	25	335.9865	258.0977	0
66	26	667.6697	199.363	0
66	27	732.0844	209.1591	0
66	28	32.26582	211.6461	0
66	29	667.5485	153.5079	0
66	30	629.9894	155.0301	0
66	31	198.3902	276.2467	0
66	32	719.0858	146.2333	0
66	33	740.5184	163.1185	0
66	34	348.3097	184.5714	0
66	35	-140.7605	341.0705	0
66	36	336.0217	208.111	0
66	37	451.7665	187.6331	0
66	38	247.9672	300.8351	0
66	39	658.3692	168.052	0
66	40	788.678	178.2846	0
66	41	400.3706	203.9656	0
66	42	355.3207	217.0432	0
66	43	467.4083	198.6309	0
67	1	407.2497	189.2666	0
67	2	733.77	191.7495	0
67	3	406.2975	181.4529	0
67	4	497.9229	169.664	0
67	5	146.9484	249.3841	0
67	6	556.1843	223.2335	0
67	7	395.7223	214.6972	0
67	8	388.187	252.5533	0
67	9	759.2975	189.3954	0
67	10	250.2895	228.8147	0
67	11	756.3771	156.5039	0
67	12	680.2302	157.7509	0
67	13	448.9386	170.1578	0
67	14	683.2864	185.7596	0
67	15	713.1445	171.3038	0
67	16	535.0766	195.761	0
67	17	629.6362	178.3588	0
67	18	687.6088	172.5894	0
67	19	291.2816	243.2277	0
67	20	475.2814	229.4596	0
67	21	-64.68068	248.8795	0
67	22	12.85734	266.9542	0
67	23	511.3644	187.4238	0
67	24	699.7313	165.7936	0
67	25	335.9865	258.0977	0
67	26	667.6697	199.363	0
67	27	732.0844	209.1591	0
67	28	32.26582	211.6461	0
67	29	667.5485	153.5079	0
67	30	629.9894	155.0301	0
67	31	198.3902	276.2467	0
67	32	719.0858	146.2333	0
67	33	740.5184	163.1185	0
67	34	348.3097	184.5714	0
67	35	-140.7605	341.0705	0
67	36	336.0217	208.111	0
67	37	451.7665	187.6331	0
67	38	247.9672	300.8351	0
67	39	658.3692	168.052	0
67	40	788.678	178.2846	0
67	41	400.3706	203.9656	0
67	42	355.3207	217.0432	0
67	43	467.4083	198.6309	0
68	1	407.2497	189.2666	0
68	2	733.77	191.7495	0
68	3	406.2975	181.4529	0
68	4	497.9229	169.664	0
68	5	146.9484	249.3841	0
68	6	556.1843	223.2335	0
68	7	395.7223	214.6972	0
68	8	388.187	252.5533	0
68	9	759.2975	189.3954	0
68	10	250.2895	228.8147	0
68	11	756.3771	156.5039	0
68	12	680.2302	157.7509	0
68	13	448.9386	170.1578	0
68	14	683.2864	185.7596	0
68	15	713.1445	171.3038	0
68	16	535.0766	195.761	0
68	17	629.6362	178.3588	0
68	18	687.6088	172.5894	0
68	19	291.2816	243.2277	0
68	20	475.2814	229.4596	0
68	21	-64.68068	248.8795	0
68	22	12.85734	266.9542	0
68	23	511.3644	187.4238	0
68	24	699.7313	165.7936	0
68	25	335.9865	258.0977	0
68	26	667.6697	199.363	0
68	27	732.0844	209.1591	0
68	28	32.26582	211.6461	0
68	29	667.5485	153.5079	0
68	30	629.9894	155.0301	0
68	31	198.3902	276.2467	0
68	32	719.0858	146.2333	0
68	33	740.5184	163.1185	0
68	34	348.3097	184.5714	0
68	35	-140.7605	341.0705	0
68	36	336.0217	208.111	0
68	37	451.7665	187.6331	0
68	38	247.9672	300.8351	0
68	39	658.3692	168.052	0
68	40	788.678	178.2846	0
68	41	400.3706	203.9656	0
68	42	355.3207	217.0432	0
68	43	467.4083	198.6309	0
69	1	407.2497	189.2666	0
69	2	733.77	191.7495	0
69	3	406.2975	181.4529	0
69	4	497.9229	169.664	0
69	5	146.9484	249.3841	0
69	6	556.1843	223.2335	0
69	7	395.7223	214.6972	0
69	8	388.187	252.5533	0
69	9	759.2975	189.3954	0
69	10	250.2895	228.8147	0
69	11	756.3771	156.5039	0
69	12	680.2302	157.7509	0
69	13	448.9386	170.1578	0
69	14	683.2864	185.7596	0
69	15	713.1445	171.3038	0
69	16	535.0766	195.761	0
69	17	629.6362	178.3588	0
69	18	687.6088	172.5894	0
69	19	291.2816	243.2277	0
69	20	475.2814	229.4596	0
69	21	-64.68068	248.8795	0
69	22	12.85734	266.9542	0
69	23	511.3644	187.4238	0
69	24	699.7313	165.7936	0
69	25	335.9865	258.0977	0
69	26	667.6697	199.363	0
69	27	732.0844	209.1591	0
69	28	32.26582	211.6461	0
69	29	667.5485	153.5079	0
69	30	629.9894	155.0301	0
69	31	198.3902	276.2467	0
69	32	719.0858	146.2333	0
69	33	740.5184	163.1185	0
69	34	348.3097	184.5714	0
69	35	-140.7605	341.0705	0
69	36	336.0217	208.111	0
69	37	451.7665	187.6331	0
69	38	247.9672	300.8351	0
69	39	658.3692	168.052	0
69	40	788.678	178.2846	0
69	41	400.3706	203.9656	0
69	42	355.3207	217.0432	0
69	43	467.4083	198.6309	0
70	1	407.2497	189.2666	0
70	2	733.77	191.7495	0
70	3	406.2975	181.4529	0
70	4	497.9229	169.664	0
70	5	146.9484	249.3841	0
70	6	556.1843	223.2335	0
70	7	395.7223	214.6972	0
70	8	388.187	252.5533	0
70	9	759.2975	189.3954	0
70	10	250.2895	228.8147	0
70	11	756.3771	156.5039	0
70	12	680.2302	157.7509	0
70	13	448.9386	170.1578	0
70	14	683.2864	185.7596	0
70	15	713.1445	171.3038	0
70	16	535.0766	195.761	0
70	17	629.6362	178.3588	0
70	18	687.6088	172.5894	0
70	19	291.2816	243.2277	0
70	20	475.2814	229.4596	0
70	21	-64.68068	248.8795	0
70	22	12.85734	266.9542	0
70	23	511.3644	187.4238	0
70	24	699.7313	165.7936	0
70	25	335.9865	258.0977	0
70	26	667.6697	199.363	0
70	27	732.0844	209.1591	0
70	28	32.26582	211.6461	0
70	29	667.5485	153.5079	0
70	30	629.9894	155.0301	0
70	31	198.3902	276.2467	0
70	32	719.0858	146.2333	0
70	33	740.5184	163.1185	0
70	34	348.3097	184.5714	0
70	35	-140.7605	341.0705	0
70	36	336.0217	208.111	0
70	37	451.7665	187.6331	0
70	38	247.9672	300.8351	0
70	39	658.3692	168.052	0
70	40	788.678	178.2846	0
70	41	400.3706	203.9656	0
70	42	355.3207	217.0432	0
70	43	467.4083	198.6309	0
71	1	407.2497	189.2666	0
71	2	733.77	191.7495	0
71	3	406.2975	181.4529	0
71	4	497.9229	169.664	0
71	5	146.9484	249.3841	0
71	6	556.1843	223.2335	0
71	7	395.7223	214.6972	0
71	8	388.187	252.5533	0
71	9	759.2975	189.3954	0
71	10	250.2895	228.8147	0
71	11	756.3771	156.5039	0
71	12	680.2302	157.7509	0
71	13	448.9386	170.1578	0
71	14	683.2864	185.7596	0
71	15	713.1445	171.3038	0
71	16	535.0766	195.761	0
71	17	629.6362	178.3588	0
71	18	687.6088	172.5894	0
71	19	291.2816	243.2277	0
71	20	475.2814	229.4596	0
71	21	-64.68068	248.8795	0
71	22	12.85734	266.9542	0
71	23	511.3644	187.4238	0
71	24	699.7313	165.7936	0
71	25	335.9865	258.0977	0
71	26	667.6697	199.363	0
71	27	732.0844	209.1591	0
71	28	32.26582	211.6461	0
71	29	667.5485	153.5079	0
71	30	629.9894	155.0301	0
71	31	198.3902	276.2467	0
71	32	719.0858	146.2333	0
71	33	740.5184	163.1185	0
71	34	348.3097	184.5714	0
71	35	-140.7605	341.0705	0
71	36	336.0217	208.111	0
71	37	451.7665	187.6331	0
71	38	247.9672	300.8351	0
71	39	658.3692	168.052	0
71	40	788.678	178.2846	0
71	41	400.3706	203.9656	0
71	42	355.3207	217.0432	0
71	43	467.4083	198.6309	0
72	1	407.2497	189.2666	0
72	2	733.77	191.7495	0
72	3	406.2975	181.4529	0
72	4	497.9229	169.664	0
72	5	146.9484	249.3841	0
72	6	556.1843	223.2335	0
72	7	395.7223	214.6972	0
72	8	388.187	252.5533	0
72	9	759.2975	189.3954	0
72	10	250.2895	228.8147	0
72	11	756.3771	156.5039	0
72	12	680.2302	157.7509	0
72	13	448.9386	170.1578	0
72	14	683.2864	185.7596	0
72	15	713.1445	171.3038	0
72	16	535.0766	195.761	0
72	17	629.6362	178.3588	0
72	18	687.6088	172.5894	0
72	19	291.2816	243.2277	0
72	20	475.2814	229.4596	0
72	21	-64.68068	248.8795	0
72	22	12.85734	266.9542	0
72	23	511.3644	187.4238	0
72	24	699.7313	165.7936	0
72	25	335.9865	258.0977	0
72	26	667.6697	199.363	0
72	27	732.0844	209.1591	0
72	28	32.26582	211.6461	0
72	29	667.5485	153.5079	0
72	30	629.9894	155.0301	0
72	31	198.3902	276.2467	0
72	32	719.0858	146.2333	0
72	33	740.5184	163.1185	0
72	34	348.3097	184.5714	0
72	35	-140.7605	341.0705	0
72	36	336.0217	208.111	0
72	37	451.7665	187.6331	0
72	38	247.9672	300.8351	0
72	39	658.3692	168.052	0
72	40	788.678	178.2846	0
72	41	400.3706	203.9656	0
72	42	355.3207	217.0432	0
72	43	467.4083	198.6309	0
63	1	406.1424	189.2601	0
63	2	732.1718	191.7684	0
63	3	405.2933	181.8908	0
63	4	499.3686	169.721	0
63	5	148.0019	248.9073	0
63	6	558.4179	223.2104	0
63	7	395.9098	214.4023	0
63	8	385.3676	253.7109	0
63	9	760.3561	189.2524	0
63	10	250.3254	228.6899	0
63	11	755.0226	156.5614	0
63	12	680.751	157.6245	0
63	13	448.8154	169.6515	0
63	14	682.7417	185.3384	0
63	15	714.0314	171.368	0
63	16	535.2669	195.4143	0
63	17	630.0923	178.2888	0
63	18	688.3423	172.9464	0
63	19	292.3774	244.1958	0
63	20	476.223	229.0905	0
63	21	-65.62925	248.9047	0
63	22	15.18618	266.4599	0
63	23	511.1517	186.8822	0
63	24	700.0732	165.6969	0
63	25	332.5264	257.7856	0
63	26	666.0151	199.0945	0
63	27	734.6091	209.3806	0
63	28	31.57423	211.9625	0
63	29	666.7934	153.3264	0
63	30	629.4409	155.1099	0
63	31	197.105	275.5284	0
63	32	719.0483	146.2229	0
63	33	740.9684	162.926	0
63	34	350.7795	184.8698	0
63	35	-140.908	341.2656	0
63	36	335.3539	208.1679	0
63	37	450.8635	187.5608	0
63	38	247.6091	300.907	0
63	39	658.4338	167.8357	0
63	40	787.6921	178.244	0
63	41	400.0866	204.2409	0
63	42	355.3722	217.5622	0
63	43	467.5708	198.6309	0
64	1	406.1424	189.2601	0
64	2	732.1718	191.7684	0
64	3	405.2933	181.8908	0
64	4	499.3686	169.721	0
64	5	148.0019	248.9073	0
64	6	558.4179	223.2104	0
64	7	395.9098	214.4023	0
64	8	385.3676	253.7109	0
64	9	760.3561	189.2524	0
64	10	250.3254	228.6899	0
64	11	755.0226	156.5614	0
64	12	680.751	157.6245	0
64	13	448.8154	169.6515	0
64	14	682.7417	185.3384	0
64	15	714.0314	171.368	0
64	16	535.2669	195.4143	0
64	17	630.0923	178.2888	0
64	18	688.3423	172.9464	0
64	19	292.3774	244.1958	0
64	20	476.223	229.0905	0
64	21	-65.62925	248.9047	0
64	22	15.18618	266.4599	0
64	23	511.1517	186.8822	0
64	24	700.0732	165.6969	0
64	25	332.5264	257.7856	0
64	26	666.0151	199.0945	0
64	27	734.6091	209.3806	0
64	28	31.57423	211.9625	0
64	29	666.7934	153.3264	0
64	30	629.4409	155.1099	0
64	31	197.105	275.5284	0
64	32	719.0483	146.2229	0
64	33	740.9684	162.926	0
64	34	350.7795	184.8698	0
64	35	-140.908	341.2656	0
64	36	335.3539	208.1679	0
64	37	450.8635	187.5608	0
64	38	247.6091	300.907	0
64	39	658.4338	167.8357	0
64	40	787.6921	178.244	0
64	41	400.0866	204.2409	0
64	42	355.3722	217.5622	0
64	43	467.5708	198.6309	0
