634	1	343.3414	182.4081	0
634	2	599.1471	196.8657	0
634	3	343.4274	165.2398	0
634	4	431.2387	142.4284	0
634	5	152.8244	284.2173	0
634	6	437.0114	255.3714	0
634	7	325.4559	234.6857	0
634	8	308.1185	295.1531	0
634	9	628.1567	191.1386	0
634	10	217.5568	252.9779	0
634	11	677.6928	109.1628	0
634	12	609.202	108.3808	0
634	13	387.9611	144.676	0
634	14	569.5499	180.7919	0
634	15	613.0065	154.0464	0
634	16	441.784	202.3668	0
634	17	534.7703	161.6547	0
634	18	589.357	153.6645	0
634	19	245.9285	278.1683	0
634	20	375.0941	262.2833	0
634	21	14.33175	278.9992	0
634	22	78.10921	307.4928	0
634	23	427.2906	182.243	0
634	24	609.286	138.8669	0
634	25	273.1481	299.6034	0
634	26	538.1628	214.4275	0
634	27	579.6626	228.9372	0
634	28	62.51139	223.1117	0
634	29	601.7687	99.66519	0
634	30	564.931	104.9091	0
634	31	190.5988	322.602	0
634	32	661.9205	85.93179	0
634	33	653.7992	129.8354	0
634	34	299.3895	174.328	0
634	35	26.72677	386.9805	0
634	36	279.6453	217.0304	0
634	37	378.9562	184.0901	0
634	38	215.8926	346.4012	0
634	39	571.3144	144.2255	0
634	40	669.0585	164.8515	0
634	41	333.5016	218.6319	0
634	42	294.2499	236.0099	0
634	43	384.9473	205.9753	0
635	1	343.35	182.3751	0
635	2	599.1561	196.8659	0
635	3	343.4169	165.2149	0
635	4	431.2404	142.4336	0
635	5	152.8226	284.2211	0
635	6	437.017	255.3745	0
635	7	325.4367	234.7339	0
635	8	308.1006	295.1384	0
635	9	628.1647	191.1356	0
635	10	217.5698	252.9336	0
635	11	677.6848	109.1604	0
635	12	609.2084	108.4282	0
635	13	387.9594	144.6765	0
635	14	569.5776	180.7724	0
635	15	613.0012	154.0839	0
635	16	441.7895	202.3696	0
635	17	534.756	161.6241	0
635	18	589.3549	153.6847	0
635	19	245.9089	278.1471	0
635	20	375.1058	262.2757	0
635	21	14.33731	278.9626	0
635	22	78.09699	307.4702	0
635	23	427.2704	182.2219	0
635	24	609.2903	138.8619	0
635	25	273.1777	299.5589	0
635	26	538.1616	214.4404	0
635	27	579.6441	228.8968	0
635	28	62.45116	223.1519	0
635	29	601.7681	99.68744	0
635	30	564.9178	104.8867	0
635	31	190.5683	322.6545	0
635	32	661.9218	85.9469	0
635	33	653.8286	129.8316	0
635	34	299.3662	174.3765	0
635	35	26.73152	386.9872	0
635	36	279.6504	217.0338	0
635	37	378.9641	184.0838	0
635	38	215.8506	346.4841	0
635	39	571.3184	144.2581	0
635	40	669.0607	164.8568	0
635	41	333.5101	218.632	0
635	42	294.2615	236.0037	0
635	43	384.9531	205.9784	0
636	1	343.3481	182.3404	0
636	2	599.1638	196.8647	0
636	3	343.403	165.1911	0
636	4	431.2445	142.437	0
636	5	152.8211	284.2267	0
636	6	437.0224	255.3772	0
636	7	325.417	234.7892	0
636	8	308.089	295.1304	0
636	9	628.17	191.1367	0
636	10	217.5724	252.8888	0
636	11	677.6838	109.1615	0
636	12	609.2109	108.4777	0
636	13	387.9597	144.6789	0
636	14	569.6006	180.7471	0
636	15	612.9927	154.1112	0
636	16	441.7946	202.3724	0
636	17	534.7394	161.594	0
636	18	589.3552	153.7115	0
636	19	245.892	278.1328	0
636	20	375.116	262.2717	0
636	21	14.33583	278.928	0
636	22	78.08392	307.455	0
636	23	427.2473	182.2023	0
636	24	609.295	138.8575	0
636	25	273.2056	299.5132	0
636	26	538.1577	214.4618	0
636	27	579.6224	228.8575	0
636	28	62.41533	223.1715	0
636	29	601.7706	99.71582	0
636	30	564.9026	104.8649	0
636	31	190.5361	322.7126	0
636	32	661.9262	85.96652	0
636	33	653.8541	129.8226	0
636	34	299.3392	174.4275	0
636	35	26.73706	386.9931	0
636	36	279.656	217.0375	0
636	37	378.9727	184.0782	0
636	38	215.8076	346.5773	0
636	39	571.3212	144.2951	0
636	40	669.0635	164.8638	0
636	41	333.5186	218.6324	0
636	42	294.2733	235.9941	0
636	43	384.9585	205.9815	0
637	1	343.3423	182.3067	0
637	2	599.1689	196.8581	0
637	3	343.3825	165.1688	0
637	4	431.2506	142.4396	0
637	5	152.8186	284.2339	0
637	6	437.0285	255.3799	0
637	7	325.3933	234.8516	0
637	8	308.0844	295.1292	0
637	9	628.1723	191.1452	0
637	10	217.5756	252.8458	0
637	11	677.6857	109.1644	0
637	12	609.2076	108.5258	0
637	13	387.9602	144.6819	0
637	14	569.6175	180.7162	0
637	15	612.9846	154.1255	0
637	16	441.7998	202.3748	0
637	17	534.72	161.5652	0
637	18	589.3584	153.7435	0
637	19	245.8811	278.1253	0
637	20	375.1224	262.2717	0
637	21	14.32615	278.8954	0
637	22	78.07442	307.446	0
637	23	427.226	182.1855	0
637	24	609.3011	138.8524	0
637	25	273.222	299.4691	0
637	26	538.155	214.4905	0
637	27	579.6036	228.8192	0
637	28	62.40471	223.1683	0
637	29	601.7761	99.74625	0
637	30	564.8849	104.8443	0
637	31	190.501	322.7799	0
637	32	661.933	85.9884	0
637	33	653.8735	129.8075	0
637	34	299.3073	174.4796	0
637	35	26.74156	386.9983	0
637	36	279.6642	217.0407	0
637	37	378.9835	184.071	0
637	38	215.7587	346.6847	0
637	39	571.3214	144.3339	0
637	40	669.0663	164.8717	0
637	41	333.5269	218.6327	0
637	42	294.2852	235.9851	0
637	43	384.9633	205.9843	0
638	1	343.3391	182.2738	0
638	2	599.1742	196.8512	0
638	3	343.3606	165.1482	0
638	4	431.256	142.4424	0
638	5	152.8143	284.2436	0
638	6	437.0358	255.3829	0
638	7	325.3654	234.9167	0
638	8	308.0841	295.1327	0
638	9	628.1729	191.1631	0
638	10	217.5792	252.8031	0
638	11	677.6877	109.1679	0
638	12	609.1978	108.565	0
638	13	387.9603	144.686	0
638	14	569.6268	180.6852	0
638	15	612.9768	154.1262	0
638	16	441.8055	202.3776	0
638	17	534.6999	161.5401	0
638	18	589.3647	153.7797	0
638	19	245.8771	278.1246	0
638	20	375.122	262.2795	0
638	21	14.31512	278.8666	0
638	22	78.06977	307.4437	0
638	23	427.2076	182.174	0
638	24	609.3076	138.8476	0
638	25	273.226	299.4231	0
638	26	538.1541	214.5249	0
638	27	579.5823	228.7815	0
638	28	62.43941	223.1651	0
638	29	601.7834	99.78204	0
638	30	564.8672	104.8264	0
638	31	190.4606	322.8544	0
638	32	661.9424	86.01331	0
638	33	653.8881	129.7882	0
638	34	299.2706	174.5267	0
638	35	26.74506	387.0037	0
638	36	279.6758	217.0413	0
638	37	378.9942	184.065	0
638	38	215.7021	346.7995	0
638	39	571.318	144.3737	0
638	40	669.0705	164.88	0
638	41	333.5351	218.6282	0
638	42	294.2985	235.9768	0
638	43	384.9686	205.9869	0
639	1	343.3329	182.2417	0
639	2	599.1797	196.8449	0
639	3	343.3406	165.1315	0
639	4	431.2611	142.4445	0
639	5	152.8074	284.2549	0
639	6	437.0449	255.3834	0
639	7	325.3319	234.9836	0
639	8	308.0845	295.1377	0
639	9	628.1727	191.1908	0
639	10	217.5794	252.7617	0
639	11	677.6904	109.1728	0
639	12	609.1856	108.5894	0
639	13	387.9594	144.6913	0
639	14	569.6304	180.6526	0
639	15	612.9902	154.1233	0
639	16	441.813	202.3798	0
639	17	534.678	161.5164	0
639	18	589.3704	153.8211	0
639	19	245.8766	278.1286	0
639	20	375.1153	262.2972	0
639	21	14.30145	278.8464	0
639	22	78.06852	307.4465	0
639	23	427.1945	182.1667	0
639	24	609.3133	138.8452	0
639	25	273.2241	299.3784	0
639	26	538.1555	214.5625	0
639	27	579.5576	228.7452	0
639	28	62.48787	223.1565	0
639	29	601.7892	99.82202	0
639	30	564.8476	104.8092	0
639	31	190.4153	322.9321	0
639	32	661.9515	86.04199	0
639	33	653.8967	129.7648	0
639	34	299.2347	174.5613	0
639	35	26.74764	387.0091	0
639	36	279.6878	217.0425	0
639	37	379.0034	184.0618	0
639	38	215.6379	346.9188	0
639	39	571.3096	144.4094	0
639	40	669.0759	164.8864	0
639	41	333.5434	218.6215	0
639	42	294.3149	235.9658	0
639	43	384.975	205.99	0
640	1	343.3244	182.2111	0
640	2	599.1871	196.8378	0
640	3	343.3232	165.1202	0
640	4	431.2659	142.4463	0
640	5	152.8014	284.2671	0
640	6	437.055	255.3843	0
640	7	325.2928	235.0443	0
640	8	308.0841	295.1445	0
640	9	628.1764	191.2274	0
640	10	217.5767	252.7234	0
640	11	677.6929	109.1785	0
640	12	609.1765	108.5993	0
640	13	387.9582	144.6973	0
640	14	569.63	180.6216	0
640	15	613.0167	154.1192	0
640	16	441.8221	202.3802	0
640	17	534.6506	161.4939	0
640	18	589.3735	153.865	0
640	19	245.8764	278.1339	0
640	20	375.1028	262.3258	0
640	21	14.28942	278.8329	0
640	22	78.0676	307.4512	0
640	23	427.1876	182.1644	0
640	24	609.3179	138.8449	0
640	25	273.2252	299.335	0
640	26	538.1566	214.6065	0
640	27	579.5326	228.7135	0
640	28	62.539	223.1397	0
640	29	601.7919	99.86414	0
640	30	564.8234	104.7931	0
640	31	190.3641	323.0108	0
640	32	661.9584	86.07227	0
640	33	653.8986	129.7417	0
640	34	299.21	174.5797	0
640	35	26.7506	387.0148	0
640	36	279.6995	217.0432	0
640	37	379.0094	184.0616	0
640	38	215.5652	347.0361	0
640	39	571.2986	144.4353	0
640	40	669.0838	164.8907	0
640	41	333.552	218.6151	0
640	42	294.3293	235.9582	0
640	43	384.9837	205.991	0
641	1	343.314	182.1845	0
641	2	599.1951	196.8304	0
641	3	343.3117	165.1136	0
641	4	431.2712	142.4479	0
641	5	152.7993	284.2765	0
641	6	437.0645	255.3841	0
641	7	325.2542	235.0896	0
641	8	308.0822	295.154	0
641	9	628.1836	191.2693	0
641	10	217.5713	252.689	0
641	11	677.6964	109.185	0
641	12	609.1702	108.5942	0
641	13	387.9583	144.7026	0
641	14	569.6183	180.5885	0
641	15	613.04	154.1103	0
641	16	441.8315	202.381	0
641	17	534.6207	161.473	0
641	18	589.3729	153.9107	0
641	19	245.8754	278.1411	0
641	20	375.0893	262.3638	0
641	21	14.28166	278.8271	0
641	22	78.06555	307.4572	0
641	23	427.1863	182.1661	0
641	24	609.3202	138.8488	0
641	25	273.2233	299.2921	0
641	26	538.1552	214.6534	0
641	27	579.5056	228.6834	0
641	28	62.59294	223.1144	0
641	29	601.7902	99.90677	0
641	30	564.7982	104.7781	0
641	31	190.3083	323.0813	0
641	32	661.9625	86.10352	0
641	33	653.8965	129.7174	0
641	34	299.1984	174.5809	0
641	35	26.75668	387.02	0
641	36	279.7116	217.0388	0
641	37	379.0092	184.0673	0
641	38	215.487	347.137	0
641	39	571.2891	144.4488	0
641	40	669.0926	164.8941	0
641	41	333.5615	218.6092	0
641	42	294.3421	235.9543	0
641	43	384.9939	205.992	0
642	1	343.3003	182.1591	0
642	2	599.2021	196.8262	0
642	3	343.3067	165.1123	0
642	4	431.2771	142.4498	0
642	5	152.8013	284.2831	0
642	6	437.0732	255.3821	0
642	7	325.2272	235.114	0
642	8	308.0787	295.1652	0
642	9	628.1944	191.3167	0
642	10	217.5606	252.6564	0
642	11	677.7008	109.1905	0
642	12	609.2066	108.5931	0
642	13	387.9605	144.7066	0
642	14	569.5997	180.5551	0
642	15	613.0583	154.0957	0
642	16	441.8402	202.3817	0
642	17	534.5941	161.455	0
642	18	589.3671	153.9539	0
642	19	245.8722	278.1509	0
642	20	375.0755	262.409	0
642	21	14.27939	278.828	0
642	22	78.06132	307.466	0
642	23	427.1866	182.1697	0
642	24	609.321	138.8584	0
642	25	273.219	299.2508	0
642	26	538.1503	214.7023	0
642	27	579.4727	228.655	0
642	28	62.64729	223.083	0
642	29	601.7823	99.94363	0
642	30	564.7759	104.7654	0
642	31	190.2574	323.1331	0
642	32	661.9619	86.13177	0
642	33	653.8904	129.6942	0
642	34	299.2167	174.5772	0
642	35	26.76861	387.0207	0
642	36	279.7243	217.0292	0
642	37	379.0037	184.0807	0
642	38	215.4213	347.2047	0
642	39	571.2813	144.4495	0
642	40	669.1004	164.8974	0
642	41	333.5729	218.6016	0
642	42	294.3484	235.9555	0
642	43	385.0034	205.9923	0
643	1	343.2805	182.1353	0
643	2	599.2079	196.8249	0
643	3	343.3063	165.1148	0
643	4	431.2847	142.4509	0
643	5	152.8077	284.2878	0
643	6	437.0811	255.3742	0
643	7	325.2142	235.1162	0
643	8	308.0767	295.1768	0
643	9	628.2047	191.371	0
643	10	217.5419	252.6256	0
643	11	677.7073	109.1942	0
643	12	609.2399	108.5861	0
643	13	387.9652	144.7093	0
643	14	569.5831	180.5231	0
643	15	613.0727	154.0772	0
643	16	441.8481	202.3778	0
643	17	534.5718	161.4426	0
643	18	589.3567	153.9882	0
643	19	245.8674	278.1624	0
643	20	375.0626	262.459	0
643	21	14.27762	278.8328	0
643	22	78.05416	307.4763	0
643	23	427.1868	182.1741	0
643	24	609.3199	138.8748	0
643	25	273.2121	299.2142	0
643	26	538.1408	214.7495	0
643	27	579.4374	228.6287	0
643	28	62.69837	223.0467	0
643	29	601.7714	99.96899	0
643	30	564.7578	104.7566	0
643	31	190.2249	323.1601	0
643	32	661.9575	86.15231	0
643	33	653.875	129.6689	0
643	34	299.2534	174.5721	0
643	35	26.78048	387.0226	0
643	36	279.7372	217.02	0
643	37	378.9923	184.1027	0
643	38	215.3852	347.2343	0
643	39	571.2945	144.4467	0
643	40	669.108	164.9002	0
643	41	333.5829	218.5964	0
643	42	294.3448	235.9665	0
643	43	385.0126	205.9917	0
644	1	343.2578	182.1134	0
644	2	599.2106	196.8293	0
644	3	343.3068	165.1187	0
644	4	431.2938	142.4511	0
644	5	152.8134	284.2925	0
644	6	437.0893	255.3661	0
644	7	325.2345	235.1112	0
644	8	308.0775	295.1857	0
644	9	628.212	191.4283	0
644	10	217.5221	252.5977	0
644	11	677.7151	109.1969	0
644	12	609.267	108.5724	0
644	13	387.9704	144.7119	0
644	14	569.5656	180.4912	0
644	15	613.0821	154.055	0
644	16	441.8554	202.3708	0
644	17	534.5563	161.4346	0
644	18	589.3458	154.0084	0
644	19	245.8641	278.174	0
644	20	375.0474	262.5169	0
644	21	14.27571	278.8387	0
644	22	78.04745	307.488	0
644	23	427.1868	182.18	0
644	24	609.3204	138.897	0
644	25	273.2016	299.18	0
644	26	538.1271	214.7877	0
644	27	579.4063	228.6064	0
644	28	62.74105	223.0111	0
644	29	601.762	99.98141	0
644	30	564.7455	104.7512	0
644	31	190.2124	323.1595	0
644	32	661.9521	86.16327	0
644	33	653.855	129.6434	0
644	34	299.2903	174.5609	0
644	35	26.7932	387.0229	0
644	36	279.7509	217.0116	0
644	37	378.9803	184.1322	0
644	38	215.3771	347.2231	0
644	39	571.3207	144.4429	0
644	40	669.1157	164.9025	0
644	41	333.592	218.5939	0
644	42	294.3317	235.9891	0
644	43	385.0213	205.985	0
645	1	343.2367	182.0949	0
645	2	599.2115	196.8415	0
645	3	343.3067	165.1236	0
645	4	431.3026	142.4513	0
645	5	152.8185	284.2965	0
645	6	437.0978	255.3588	0
645	7	325.276	235.1043	0
645	8	308.0823	295.192	0
645	9	628.215	191.4876	0
645	10	217.5029	252.5767	0
645	11	677.7224	109.1996	0
645	12	609.2883	108.5529	0
645	13	387.9749	144.714	0
645	14	569.5455	180.4608	0
645	15	613.0854	154.0333	0
645	16	441.8628	202.364	0
645	17	534.5486	161.4321	0
645	18	589.3381	154.0147	0
645	19	245.8643	278.1827	0
645	20	375.0285	262.5782	0
645	21	14.27132	278.8471	0
645	22	78.04425	307.497	0
645	23	427.1857	182.187	0
645	24	609.3237	138.9243	0
645	25	273.1847	299.1479	0
645	26	538.1138	214.8115	0
645	27	579.3806	228.591	0
645	28	62.78237	222.9747	0
645	29	601.7526	99.98004	0
645	30	564.7399	104.7498	0
645	31	190.2412	323.1544	0
645	32	661.946	86.16458	0
645	33	653.8372	129.619	0
645	34	299.326	174.5426	0
645	35	26.80853	387.0171	0
645	36	279.7682	217.0009	0
645	37	378.9685	184.1677	0
645	38	215.4391	347.2191	0
645	39	571.3444	144.4345	0
645	40	669.1242	164.9046	0
645	41	333.5966	218.5952	0
645	42	294.3111	236.0236	0
645	43	385.03	205.9774	0
646	1	343.218	182.0824	0
646	2	599.2096	196.8632	0
646	3	343.3057	165.1304	0
646	4	431.3109	142.4514	0
646	5	152.8226	284.3002	0
646	6	437.1084	255.3504	0
646	7	325.3175	235.0896	0
646	8	308.0896	295.1967	0
646	9	628.2112	191.5429	0
646	10	217.4862	252.5625	0
646	11	677.7292	109.2017	0
646	12	609.3038	108.5287	0
646	13	387.9791	144.7161	0
646	14	569.5237	180.433	0
646	15	613.0858	154.0104	0
646	16	441.8712	202.3579	0
646	17	534.5479	161.4337	0
646	18	589.3408	154.0107	0
646	19	245.8689	278.1888	0
646	20	375.005	262.6419	0
646	21	14.2633	278.8579	0
646	22	78.04502	307.5035	0
646	23	427.1851	182.1951	0
646	24	609.3296	138.9535	0
646	25	273.1631	299.1182	0
646	26	538.1047	214.8201	0
646	27	579.363	228.5815	0
646	28	62.81154	222.9389	0
646	29	601.774	99.97787	0
646	30	564.7399	104.7514	0
646	31	190.2867	323.1444	0
646	32	661.9542	86.16223	0
646	33	653.8181	129.5949	0
646	34	299.36	174.5195	0
646	35	26.8271	387.0035	0
646	36	279.7846	216.9922	0
646	37	378.9576	184.2076	0
646	38	215.5062	347.1998	0
646	39	571.3636	144.4207	0
646	40	669.1335	164.9071	0
646	41	333.5943	218.6033	0
646	42	294.2888	236.0688	0
646	43	385.039	205.9706	0
647	1	343.2048	182.0746	0
647	2	599.2092	196.893	0
647	3	343.3032	165.1382	0
647	4	431.3184	142.4469	0
647	5	152.827	284.304	0
647	6	437.1197	255.3421	0
647	7	325.3571	235.0657	0
647	8	308.0959	295.2013	0
647	9	628.202	191.5858	0
647	10	217.4753	252.5552	0
647	11	677.7358	109.2038	0
647	12	609.3123	108.5015	0
647	13	387.9831	144.7179	0
647	14	569.5011	180.4081	0
647	15	613.0817	153.9885	0
647	16	441.8814	202.3498	0
647	17	534.5493	161.4372	0
647	18	589.3708	154.0082	0
647	19	245.8759	278.1935	0
647	20	374.9761	262.7027	0
647	21	14.25311	278.8707	0
647	22	78.0502	307.508	0
647	23	427.1861	182.2016	0
647	24	609.3363	138.9881	0
647	25	273.1424	299.0928	0
647	26	538.103	214.815	0
647	27	579.3546	228.5784	0
647	28	62.82858	222.9013	0
647	29	601.8043	99.97339	0
647	30	564.7411	104.7542	0
647	31	190.3337	323.1249	0
647	32	661.9767	86.15976	0
647	33	653.7968	129.5718	0
647	34	299.3907	174.4916	0
647	35	26.84594	386.9901	0
647	36	279.7989	216.9874	0
647	37	378.9445	184.2534	0
647	38	215.5728	347.1645	0
647	39	571.3794	144.4032	0
647	40	669.1437	164.9084	0
647	41	333.5857	218.6196	0
647	42	294.2656	236.1215	0
647	43	385.0501	205.9632	0
648	1	343.1981	182.0727	0
648	2	599.2125	196.9303	0
648	3	343.3016	165.1466	0
648	4	431.3257	142.4409	0
648	5	152.8325	284.308	0
648	6	437.1291	255.3375	0
648	7	325.3944	235.0355	0
648	8	308.1017	295.2057	0
648	9	628.1917	191.6102	0
648	10	217.4714	252.5546	0
648	11	677.7428	109.2053	0
648	12	609.3121	108.4753	0
648	13	387.9874	144.7196	0
648	14	569.4749	180.3845	0
648	15	613.0695	153.9648	0
648	16	441.891	202.3438	0
648	17	534.5507	161.4416	0
648	18	589.3981	154.0004	0
648	19	245.882	278.1978	0
648	20	374.9444	262.7519	0
648	21	14.24608	278.882	0
648	22	78.05486	307.5126	0
648	23	427.1896	182.2063	0
648	24	609.3411	139.0255	0
648	25	273.123	299.0756	0
648	26	538.1323	214.8126	0
648	27	579.3539	228.5804	0
648	28	62.83951	222.8646	0
648	29	601.8306	99.96371	0
648	30	564.7424	104.7576	0
648	31	190.3812	323.0948	0
648	32	661.9964	86.15387	0
648	33	653.7746	129.5513	0
648	34	299.4142	174.4644	0
648	35	26.86513	386.978	0
648	36	279.8073	216.9873	0
648	37	378.9279	184.3022	0
648	38	215.6391	347.1146	0
648	39	571.3906	144.3821	0
648	40	669.1551	164.9087	0
648	41	333.5724	218.6445	0
648	42	294.2415	236.1817	0
648	43	385.0627	205.9548	0
649	1	343.1968	182.075	0
649	2	599.2196	196.9719	0
649	3	343.3026	165.1532	0
649	4	431.3333	142.4355	0
649	5	152.8416	284.3102	0
649	6	437.1361	255.3364	0
649	7	325.4277	234.9995	0
649	8	308.1067	295.2099	0
649	9	628.1821	191.6157	0
649	10	217.4707	252.5586	0
649	11	677.7503	109.207	0
649	12	609.3119	108.4498	0
649	13	387.9928	144.7215	0
649	14	569.4437	180.3621	0
649	15	613.0535	153.9412	0
649	16	441.9001	202.3406	0
649	17	534.5522	161.4478	0
649	18	589.4202	153.9861	0
649	19	245.8876	278.202	0
649	20	374.9187	262.7819	0
649	21	14.24358	278.8905	0
649	22	78.05878	307.5167	0
649	23	427.1959	182.2095	0
649	24	609.3428	139.0647	0
649	25	273.1087	299.0647	0
649	26	538.1598	214.8043	0
649	27	579.3557	228.5848	0
649	28	62.85304	222.829	0
649	29	601.8517	99.94852	0
649	30	564.744	104.7624	0
649	31	190.4277	323.0574	0
649	32	662.0112	86.14368	0
649	33	653.7519	129.5325	0
649	34	299.4351	174.4356	0
649	35	26.88939	386.9626	0
649	36	279.8052	216.9963	0
649	37	378.9071	184.353	0
649	38	215.7036	347.0529	0
649	39	571.3959	144.3615	0
649	40	669.1656	164.9089	0
649	41	333.5582	218.677	0
649	42	294.2128	236.2495	0
649	43	385.0731	205.9499	0
650	1	343.1967	182.0791	0
650	2	599.2274	197.0202	0
650	3	343.3069	165.1575	0
650	4	431.3422	142.4302	0
650	5	152.8537	284.3107	0
650	6	437.1378	255.3421	0
650	7	325.4529	234.9639	0
650	8	308.1121	295.2141	0
650	9	628.1894	191.6103	0
650	10	217.4704	252.5638	0
650	11	677.7591	109.2087	0
650	12	609.3011	108.4232	0
650	13	388.0001	144.722	0
650	14	569.414	180.3419	0
650	15	613.0396	153.9186	0
650	16	441.9053	202.3409	0
650	17	534.5527	161.4551	0
650	18	589.438	153.9671	0
650	19	245.8922	278.2058	0
650	20	374.9044	262.7914	0
650	21	14.24738	278.8963	0
650	22	78.06155	307.5206	0
650	23	427.202	182.2128	0
650	24	609.3405	139.103	0
650	25	273.1007	299.0611	0
650	26	538.1833	214.7894	0
650	27	579.3575	228.5902	0
650	28	62.8638	222.7939	0
650	29	601.8681	99.92947	0
650	30	564.7449	104.7678	0
650	31	190.4707	323.0138	0
650	32	662.0221	86.13058	0
650	33	653.726	129.5148	0
650	34	299.4489	174.4082	0
650	35	26.91324	386.9491	0
650	36	279.7933	217.0167	0
650	37	378.8813	184.4015	0
650	38	215.7599	346.9845	0
650	39	571.3985	144.3399	0
650	40	669.175	164.9088	0
650	41	333.5435	218.7139	0
650	42	294.1795	236.3204	0
650	43	385.0816	205.948	0
651	1	343.1962	182.0843	0
651	2	599.2327	197.0724	0
651	3	343.3137	165.1608	0
651	4	431.3524	142.4237	0
651	5	152.8656	284.3111	0
651	6	437.1344	255.3572	0
651	7	325.4748	234.9265	0
651	8	308.1185	295.2186	0
651	9	628.2247	191.6059	0
651	10	217.469	252.571	0
651	11	677.7682	109.209	0
651	12	609.2819	108.395	0
651	13	388.0082	144.7227	0
651	14	569.3884	180.327	0
651	15	613.0241	153.8961	0
651	16	441.905	202.3483	0
651	17	534.5543	161.4636	0
651	18	589.4509	153.9435	0
651	19	245.8971	278.2097	0
651	20	374.9077	262.7852	0
651	21	14.25277	278.9015	0
651	22	78.06418	307.5246	0
651	23	427.2075	182.2154	0
651	24	609.3333	139.1344	0
651	25	273.0987	299.0632	0
651	26	538.2034	214.7692	0
651	27	579.3598	228.5981	0
651	28	62.87235	222.7603	0
651	29	601.8788	99.90686	0
651	30	564.7467	104.7739	0
651	31	190.5051	322.9707	0
651	32	662.0286	86.11453	0
651	33	653.6965	129.498	0
651	34	299.4521	174.3787	0
651	35	26.93227	386.9413	0
651	36	279.7716	217.0495	0
651	37	378.8524	184.4407	0
651	38	215.8037	346.9167	0
651	39	571.3966	144.319	0
651	40	669.1807	164.9028	0
651	41	333.5286	218.7558	0
651	42	294.1401	236.3935	0
651	43	385.0841	205.9516	0
652	1	343.1962	182.0843	0
652	2	599.2327	197.0724	0
652	3	343.3137	165.1608	0
652	4	431.3524	142.4237	0
652	5	152.8656	284.3111	0
652	6	437.1344	255.3572	0
652	7	325.4748	234.9265	0
652	8	308.1185	295.2186	0
652	9	628.2247	191.6059	0
652	10	217.469	252.571	0
652	11	677.7682	109.209	0
652	12	609.2819	108.395	0
652	13	388.0082	144.7227	0
652	14	569.3884	180.327	0
652	15	613.0241	153.8961	0
652	16	441.905	202.3483	0
652	17	534.5543	161.4636	0
652	18	589.4509	153.9435	0
652	19	245.8971	278.2097	0
652	20	374.9077	262.7852	0
652	21	14.25277	278.9015	0
652	22	78.06418	307.5246	0
652	23	427.2075	182.2154	0
652	24	609.3333	139.1344	0
652	25	273.0987	299.0632	0
652	26	538.2034	214.7692	0
652	27	579.3598	228.5981	0
652	28	62.87235	222.7603	0
652	29	601.8788	99.90686	0
652	30	564.7467	104.7739	0
652	31	190.5051	322.9707	0
652	32	662.0286	86.11453	0
652	33	653.6965	129.498	0
652	34	299.4521	174.3787	0
652	35	26.93227	386.9413	0
652	36	279.7716	217.0495	0
652	37	378.8524	184.4407	0
652	38	215.8037	346.9167	0
652	39	571.3966	144.319	0
652	40	669.1807	164.9028	0
652	41	333.5286	218.7558	0
652	42	294.1401	236.3935	0
652	43	385.0841	205.9516	0
63	1	343.4081	183.4711	0
63	2	599.027	197.6028	0
63	3	346.4016	172.7191	0
63	4	430.8899	143.4471	0
63	5	155.7941	285.7799	0
63	6	436.5386	255.9728	0
63	7	325.1245	239.2055	0
63	8	309.2925	298.8032	0
63	9	630.3975	187.5784	0
63	10	215.903	251.9415	0
63	11	676.8676	113.3602	0
63	12	607.1812	117.0767	0
63	13	387.0233	143.658	0
63	14	570.3948	179.643	0
63	15	615.832	144.1679	0
63	16	440.7298	196.3936	0
63	17	534.8027	163.2558	0
63	18	591.8915	149.8035	0
63	19	244.821	278.6071	0
63	20	374.3996	258.1353	0
63	21	21.29674	281.7495	0
63	22	76.76945	305.3252	0
63	23	426.5291	181.1208	0
63	24	609.9125	137.3163	0
63	25	273.5526	302.6225	0
63	26	539.3199	214.2253	0
63	27	577.7338	229.9019	0
63	28	62.0585	222.1267	0
63	29	601.2639	102.0927	0
63	30	562.1067	111.2591	0
63	31	190.7293	320.379	0
63	32	664.1523	82.13513	0
63	33	652.9609	127.7971	0
63	34	297.0207	170.4308	0
63	35	18.89643	381.8264	0
63	36	280.6021	217.848	0
63	37	378.8612	187.2807	0
63	38	219.3282	351.248	0
63	39	571.3538	142.556	0
63	40	670.2035	164.8264	0
63	41	333.2115	214.0654	0
63	42	293.7836	238.8591	0
63	43	385.0466	207.3204	0
64	1	343.3916	183.5056	0
64	2	599.0104	197.5743	0
64	3	346.392	172.7135	0
64	4	430.8947	143.4488	0
64	5	155.7996	285.7843	0
64	6	436.5437	255.9754	0
64	7	325.1239	239.2084	0
64	8	309.2988	298.8063	0
64	9	630.3713	187.5442	0
64	10	215.8925	251.9353	0
64	11	676.8444	113.3442	0
64	12	607.1827	117.0819	0
64	13	387.0309	143.6524	0
64	14	570.4004	179.6487	0
64	15	615.8367	144.2061	0
64	16	440.6984	196.4489	0
64	17	534.8384	163.2482	0
64	18	591.9139	149.7819	0
64	19	244.8054	278.5941	0
64	20	374.4068	258.1399	0
64	21	21.28742	281.7244	0
64	22	76.77917	305.2808	0
64	23	426.5187	181.0897	0
64	24	609.918	137.3183	0
64	25	273.5333	302.5947	0
64	26	539.3318	214.1982	0
64	27	577.7545	229.87	0
64	28	62.07763	222.1176	0
64	29	601.2706	102.0872	0
64	30	562.113	111.2551	0
64	31	190.7414	320.3795	0
64	32	664.1293	82.12067	0
64	33	652.9679	127.7917	0
64	34	297.0631	170.4077	0
64	35	18.98264	381.7656	0
64	36	280.5985	217.8587	0
64	37	378.8544	187.2567	0
64	38	219.3403	351.2473	0
64	39	571.3607	142.5507	0
64	40	670.2112	164.8291	0
64	41	333.2049	214.0337	0
64	42	293.7898	238.8627	0
64	43	385.0334	207.3546	0
65	1	343.3743	183.5469	0
65	2	598.9916	197.5468	0
65	3	346.387	172.7119	0
65	4	430.8999	143.4504	0
65	5	155.805	285.7888	0
65	6	436.5494	255.9781	0
65	7	325.1237	239.2122	0
65	8	309.3077	298.8068	0
65	9	630.3431	187.5132	0
65	10	215.9386	251.9327	0
65	11	676.8177	113.3289	0
65	12	607.1849	117.0871	0
65	13	387.0387	143.6469	0
65	14	570.4086	179.6526	0
65	15	615.8461	144.2486	0
65	16	440.6703	196.4838	0
65	17	534.8697	163.2333	0
65	18	591.9307	149.7552	0
65	19	244.796	278.5884	0
65	20	374.4135	258.1437	0
65	21	21.27679	281.705	0
65	22	76.78607	305.2395	0
65	23	426.511	181.0593	0
65	24	609.9235	137.3198	0
65	25	273.5148	302.5703	0
65	26	539.3365	214.1714	0
65	27	577.7685	229.8335	0
65	28	62.09737	222.1091	0
65	29	601.277	102.0839	0
65	30	562.1184	111.2531	0
65	31	190.7534	320.3799	0
65	32	664.1024	82.10681	0
65	33	652.9745	127.789	0
65	34	297.1032	170.3787	0
65	35	19.06763	381.6923	0
65	36	280.5979	217.8671	0
65	37	378.8459	187.2346	0
65	38	219.354	351.237	0
65	39	571.368	142.5448	0
65	40	670.2194	164.8313	0
65	41	333.196	214.0049	0
65	42	293.7993	238.8639	0
65	43	385.0201	207.3961	0
66	1	343.3577	183.592	0
66	2	598.9709	197.5215	0
66	3	346.3859	172.7133	0
66	4	430.9062	143.4523	0
66	5	155.8096	285.7924	0
66	6	436.5558	255.981	0
66	7	325.1232	239.2171	0
66	8	309.3172	298.8077	0
66	9	630.3149	187.485	0
66	10	215.9928	251.921	0
66	11	676.7911	113.315	0
66	12	607.1884	117.091	0
66	13	387.047	143.642	0
66	14	570.4167	179.6563	0
66	15	615.8572	144.298	0
66	16	440.6537	196.4976	0
66	17	534.8963	163.2117	0
66	18	591.9405	149.7264	0
66	19	244.7935	278.5891	0
66	20	374.4196	258.1472	0
66	21	21.26571	281.6919	0
66	22	76.7887	305.2027	0
66	23	426.5008	181.0294	0
66	24	609.9295	137.3213	0
66	25	273.4974	302.5534	0
66	26	539.3408	214.1447	0
66	27	577.7727	229.7975	0
66	28	62.1128	222.1045	0
66	29	601.2835	102.0826	0
66	30	562.1228	111.2528	0
66	31	190.7656	320.3795	0
66	32	664.0773	82.09406	0
66	33	652.9797	127.789	0
66	34	297.1388	170.3443	0
66	35	19.14055	381.6188	0
66	36	280.6007	217.873	0
66	37	378.8361	187.2149	0
66	38	219.3682	351.2245	0
66	39	571.3745	142.5414	0
66	40	670.2284	164.8336	0
66	41	333.1854	213.9788	0
66	42	293.8102	238.865	0
66	43	385.0078	207.4411	0
67	1	343.3384	183.6447	0
67	2	598.9503	197.4988	0
67	3	346.3859	172.7161	0
67	4	430.914	143.4529	0
67	5	155.8136	285.7959	0
67	6	436.5641	255.9821	0
67	7	325.1216	239.2237	0
67	8	309.3265	298.8076	0
67	9	630.2827	187.4584	0
67	10	216.0469	251.8983	0
67	11	676.7681	113.3037	0
67	12	607.1937	117.0937	0
67	13	387.0573	143.6359	0
67	14	570.4241	179.6593	0
67	15	615.8655	144.3521	0
67	16	440.6507	196.4909	0
67	17	534.9182	163.185	0
67	18	591.9421	149.6976	0
67	19	244.7931	278.5938	0
67	20	374.4262	258.1506	0
67	21	21.25769	281.6847	0
67	22	76.78559	305.1677	0
67	23	426.488	181.0009	0
67	24	609.9362	137.323	0
67	25	273.4838	302.5422	0
67	26	539.337	214.1177	0
67	27	577.7759	229.7608	0
67	28	62.12263	222.1036	0
67	29	601.2874	102.0842	0
67	30	562.1247	111.2558	0
67	31	190.7796	320.3705	0
67	32	664.0561	82.0845	0
67	33	652.9826	127.7941	0
67	34	297.165	170.3106	0
67	35	19.20933	381.5446	0
67	36	280.6076	217.877	0
67	37	378.8233	187.1963	0
67	38	219.3826	351.213	0
67	39	571.3803	142.5402	0
67	40	670.2387	164.8359	0
67	41	333.1702	213.9539	0
67	42	293.8208	238.8652	0
67	43	384.9937	207.494	0
68	1	343.315	183.701	0
68	2	598.9265	197.4773	0
68	3	346.3856	172.7196	0
68	4	430.923	143.4533	0
68	5	155.8175	285.7992	0
68	6	436.5737	255.9827	0
68	7	325.1191	239.2313	0
68	8	309.3358	298.805	0
68	9	630.245	187.433	0
68	10	216.101	251.8652	0
68	11	676.7504	113.296	0
68	12	607.1998	117.0959	0
68	13	387.0672	143.6312	0
68	14	570.431	179.6624	0
68	15	615.8699	144.4086	0
68	16	440.6947	196.4883	0
68	17	534.9337	163.1547	0
68	18	591.9429	149.6692	0
68	19	244.7929	278.5993	0
68	20	374.4337	258.1544	0
68	21	21.25424	281.6836	0
68	22	76.77428	305.1348	0
68	23	426.4742	180.9761	0
68	24	609.9437	137.3239	0
68	25	273.4761	302.5376	0
68	26	539.3257	214.0896	0
68	27	577.77	229.7248	0
68	28	62.12013	222.1104	0
68	29	601.2887	102.0909	0
68	30	562.1247	111.2633	0
68	31	190.7943	320.3588	0
68	32	664.0402	82.07785	0
68	33	652.9845	127.8059	0
68	34	297.1897	170.2771	0
68	35	19.2623	381.4753	0
68	36	280.614	217.8813	0
68	37	378.8059	187.1786	0
68	38	219.3994	351.2011	0
68	39	571.3831	142.5429	0
68	40	670.2495	164.8361	0
68	41	333.1493	213.9304	0
68	42	293.8313	238.8643	0
68	43	384.9759	207.5506	0
69	1	343.2869	183.7596	0
69	2	598.8982	197.4567	0
69	3	346.3849	172.7243	0
69	4	430.9315	143.4534	0
69	5	155.8221	285.8028	0
69	6	436.5829	255.9828	0
69	7	325.1177	239.239	0
69	8	309.3452	298.7966	0
69	9	630.2098	187.41	0
69	10	216.1536	251.8238	0
69	11	676.739	113.2916	0
69	12	607.2051	117.0979	0
69	13	387.0759	143.6288	0
69	14	570.4382	179.665	0
69	15	615.8687	144.4651	0
69	16	440.738	196.4774	0
69	17	534.94	163.125	0
69	18	591.933	149.6396	0
69	19	244.7914	278.6074	0
69	20	374.4437	258.1569	0
69	21	21.25278	281.687	0
69	22	76.76056	305.1052	0
69	23	426.4579	180.9524	0
69	24	609.9523	137.3241	0
69	25	273.4742	302.5385	0
69	26	539.3124	214.0623	0
69	27	577.7537	229.6869	0
69	28	62.1046	222.1269	0
69	29	601.288	102.1039	0
69	30	562.1223	111.2765	0
69	31	190.8094	320.3479	0
69	32	664.031	82.07446	0
69	33	652.9851	127.8258	0
69	34	297.2034	170.2444	0
69	35	19.295	381.4032	0
69	36	280.6199	217.8847	0
69	37	378.7881	187.1626	0
69	38	219.4193	351.1868	0
69	39	571.3835	142.5516	0
69	40	670.261	164.8368	0
69	41	333.1291	213.9093	0
69	42	293.8423	238.8563	0
69	43	384.9536	207.6096	0
70	1	343.2531	183.8158	0
70	2	598.8712	197.4381	0
70	3	346.3831	172.7298	0
70	4	430.9395	143.4528	0
70	5	155.8293	285.8057	0
70	6	436.5916	255.9821	0
70	7	325.1184	239.2449	0
70	8	309.3551	298.7881	0
70	9	630.18	187.3932	0
70	10	216.2005	251.7765	0
70	11	676.7343	113.2909	0
70	12	607.2102	117.0997	0
70	13	387.0813	143.6294	0
70	14	570.4459	179.6677	0
70	15	615.8601	144.5133	0
70	16	440.7769	196.4569	0
70	17	534.9459	163.0949	0
70	18	591.915	149.6088	0
70	19	244.7876	278.6177	0
70	20	374.456	258.1571	0
70	21	21.25153	281.6916	0
70	22	76.74562	305.0832	0
70	23	426.4361	180.9301	0
70	24	609.9603	137.3242	0
70	25	273.4741	302.5427	0
70	26	539.301	214.0358	0
70	27	577.7338	229.65	0
70	28	62.075	222.1549	0
70	29	601.287	102.1234	0
70	30	562.1207	111.2945	0
70	31	190.8261	320.3373	0
70	32	664.0282	82.07455	0
70	33	652.9886	127.8527	0
70	34	297.2052	170.2094	0
70	35	19.31489	381.3325	0
70	36	280.625	217.8878	0
70	37	378.772	187.1503	0
70	38	219.4354	351.1777	0
70	39	571.3811	142.5677	0
70	40	670.2712	164.8369	0
70	41	333.1104	213.894	0
70	42	293.8535	238.8473	0
70	43	384.9259	207.6667	0
71	1	343.2162	183.8609	0
71	2	598.8481	197.4241	0
71	3	346.3816	172.7361	0
71	4	430.9466	143.4476	0
71	5	155.8401	285.8059	0
71	6	436.5992	255.9755	0
71	7	325.122	239.249	0
71	8	309.3653	298.7803	0
71	9	630.1576	187.3816	0
71	10	216.2366	251.7301	0
71	11	676.7347	113.2929	0
71	12	607.2154	117.1011	0
71	13	387.0809	143.6352	0
71	14	570.4551	179.6704	0
71	15	615.8477	144.5457	0
71	16	440.8119	196.4286	0
71	17	534.9418	163.0645	0
71	18	591.8964	149.579	0
71	19	244.7827	278.6299	0
71	20	374.4681	258.1577	0
71	21	21.24875	281.6977	0
71	22	76.73154	305.0685	0
71	23	426.4118	180.9094	0
71	24	609.9675	137.3242	0
71	25	273.4741	302.5477	0
71	26	539.2874	214.0098	0
71	27	577.7166	229.6142	0
71	28	62.03858	222.1926	0
71	29	601.2889	102.1487	0
71	30	562.121	111.317	0
71	31	190.8461	320.3241	0
71	32	664.0293	82.07657	0
71	33	652.9961	127.8852	0
71	34	297.2013	170.1749	0
71	35	19.33834	381.2643	0
71	36	280.6305	217.8906	0
71	37	378.7588	187.142	0
71	38	219.4486	351.1732	0
71	39	571.379	142.5903	0
71	40	670.2787	164.8338	0
71	41	333.0956	213.8836	0
71	42	293.865	238.8392	0
71	43	384.8943	207.7136	0
72	1	343.1862	183.8885	0
72	2	598.8303	197.4145	0
72	3	346.3817	172.7412	0
72	4	430.954	143.4418	0
72	5	155.8508	285.8066	0
72	6	436.6069	255.9676	0
72	7	325.1274	239.252	0
72	8	309.3778	298.7713	0
72	9	630.1447	187.376	0
72	10	216.2715	251.6848	0
72	11	676.7361	113.2957	0
72	12	607.2211	117.1023	0
72	13	387.0752	143.6476	0
72	14	570.4655	179.671	0
72	15	615.8376	144.561	0
72	16	440.8423	196.3935	0
72	17	534.9282	163.0325	0
72	18	591.879	149.5499	0
72	19	244.7803	278.6407	0
72	20	374.48	258.1578	0
72	21	21.24334	281.7062	0
72	22	76.72173	305.0612	0
72	23	426.3899	180.8918	0
72	24	609.9724	137.32	0
72	25	273.473	302.555	0
72	26	539.2719	213.985	0
72	27	577.6968	229.579	0
72	28	61.99682	222.2388	0
72	29	601.2933	102.1767	0
72	30	562.1232	111.3406	0
72	31	190.8625	320.3157	0
72	32	664.031	82.07919	0
72	33	653.007	127.92	0
72	34	297.2006	170.1415	0
72	35	19.36	381.1959	0
72	36	280.6367	217.8938	0
72	37	378.7504	187.1377	0
72	38	219.4523	351.1773	0
72	39	571.3798	142.619	0
72	40	670.2836	164.8263	0
72	41	333.0867	213.8788	0
72	42	293.879	238.8304	0
72	43	384.8675	207.743	0
73	1	343.1697	183.8979	0
73	2	598.8197	197.4095	0
73	3	346.3838	172.7448	0
73	4	430.9615	143.4366	0
73	5	155.8618	285.8069	0
73	6	436.6149	255.9604	0
73	7	325.1321	239.255	0
73	8	309.3909	298.7626	0
73	9	630.1408	187.376	0
73	10	216.2913	251.6399	0
73	11	676.7379	113.2994	0
73	12	607.2275	117.1038	0
73	13	387.0648	143.6676	0
73	14	570.4769	179.6721	0
73	15	615.8269	144.5572	0
73	16	440.8652	196.3549	0
73	17	534.912	163.0013	0
73	18	591.8588	149.5216	0
73	19	244.7813	278.649	0
73	20	374.4911	258.1505	0
73	21	21.23519	281.7162	0
73	22	76.71758	305.0609	0
73	23	426.371	180.8797	0
73	24	609.9768	137.3147	0
73	25	273.4699	302.5643	0
73	26	539.2559	213.9634	0
73	27	577.6744	229.5452	0
73	28	61.95215	222.2906	0
73	29	601.3	102.2087	0
73	30	562.126	111.3689	0
73	31	190.8763	320.3116	0
73	32	664.0329	82.08267	0
73	33	653.0192	127.9613	0
73	34	297.1974	170.1086	0
73	35	19.37757	381.1297	0
73	36	280.6455	217.8961	0
73	37	378.747	187.1375	0
73	38	219.4441	351.1951	0
73	39	571.3835	142.6512	0
73	40	670.2888	164.8189	0
73	41	333.0841	213.8791	0
73	42	293.8949	238.8205	0
73	43	384.8518	207.7541	0
74	1	343.1709	183.8918	0
74	2	598.816	197.4091	0
74	3	346.3884	172.7473	0
74	4	430.9708	143.431	0
74	5	155.8744	285.8011	0
74	6	436.6244	255.953	0
74	7	325.1365	239.2577	0
74	8	309.4015	298.7578	0
74	9	630.1423	187.3796	0
74	10	216.2979	251.593	0
74	11	676.7401	113.3041	0
74	12	607.2348	117.1044	0
74	13	387.0537	143.694	0
74	14	570.4871	179.6724	0
74	15	615.8604	144.5556	0
74	16	440.879	196.3171	0
74	17	534.8979	162.971	0
74	18	591.8365	149.4952	0
74	19	244.7872	278.6546	0
74	20	374.5023	258.14	0
74	21	21.22804	281.7267	0
74	22	76.7154	305.0654	0
74	23	426.3578	180.8721	0
74	24	609.9815	137.3098	0
74	25	273.4664	302.5754	0
74	26	539.2378	213.9428	0
74	27	577.6514	229.5156	0
74	28	61.90142	222.3503	0
74	29	601.3057	102.2453	0
74	30	562.127	111.3997	0
74	31	190.8812	320.3149	0
74	32	664.0349	82.08713	0
74	33	653.029	128.0058	0
74	34	297.1917	170.0771	0
74	35	19.39016	381.0694	0
74	36	280.6573	217.8963	0
74	37	378.7467	187.14	0
74	38	219.4232	351.2289	0
74	39	571.3883	142.6884	0
74	40	670.2948	164.8123	0
74	41	333.0842	213.8825	0
74	42	293.9077	238.8146	0
74	43	384.8492	207.7478	0
75	1	343.2101	183.8889	0
75	2	598.817	197.4118	0
75	3	346.3929	172.7499	0
75	4	430.9811	143.425	0
75	5	155.8883	285.7911	0
75	6	436.6353	255.9443	0
75	7	325.1406	239.26	0
75	8	309.4089	298.7568	0
75	9	630.1445	187.3841	0
75	10	216.2993	251.5476	0
75	11	676.7422	113.3094	0
75	12	607.2429	117.1047	0
75	13	387.0427	143.7251	0
75	14	570.4957	179.6702	0
75	15	615.8963	144.5485	0
75	16	440.8913	196.2807	0
75	17	534.8813	162.9414	0
75	18	591.814	149.4721	0
75	19	244.7941	278.6595	0
75	20	374.5139	258.1302	0
75	21	21.22477	281.7347	0
75	22	76.71336	305.0714	0
75	23	426.3514	180.8699	0
75	24	609.9875	137.305	0
75	25	273.465	302.5849	0
75	26	539.2156	213.9235	0
75	27	577.6263	229.4877	0
75	28	61.84491	222.4139	0
75	29	601.3088	102.2839	0
75	30	562.1254	111.432	0
75	31	190.8732	320.3307	0
75	32	664.0374	82.09216	0
75	33	653.0352	128.0523	0
75	34	297.1837	170.0494	0
75	35	19.39716	381.0143	0
75	36	280.6689	217.8968	0
75	37	378.7468	187.1433	0
75	38	219.3949	351.2772	0
75	39	571.391	142.7295	0
75	40	670.3022	164.8042	0
75	41	333.0846	213.8866	0
75	42	293.9178	238.8123	0
75	43	384.8866	207.7453	0
76	1	343.2501	183.8791	0
76	2	598.8185	197.4153	0
76	3	346.397	172.7519	0
76	4	430.9896	143.4218	0
76	5	155.9025	285.7816	0
76	6	436.6444	255.9391	0
76	7	325.145	239.2623	0
76	8	309.4091	298.7632	0
76	9	630.1472	187.3903	0
76	10	216.3043	251.5031	0
76	11	676.7454	113.3151	0
76	12	607.2503	117.1047	0
76	13	387.0325	143.7593	0
76	14	570.502	179.6627	0
76	15	615.9264	144.5339	0
76	16	440.8902	196.2432	0
76	17	534.8622	162.9132	0
76	18	591.7886	149.45	0
76	19	244.8001	278.6637	0
76	20	374.5269	258.121	0
76	21	21.22589	281.7402	0
76	22	76.70981	305.0793	0
76	23	426.3507	180.8716	0
76	24	609.9941	137.2992	0
76	25	273.4666	302.5922	0
76	26	539.192	213.9057	0
76	27	577.5961	229.4615	0
76	28	61.78284	222.4801	0
76	29	601.3079	102.3236	0
76	30	562.1202	111.4639	0
76	31	190.8525	320.3611	0
76	32	664.0407	82.09692	0
76	33	653.0362	128.0974	0
76	34	297.173	170.0233	0
76	35	19.39535	380.9622	0
76	36	280.6805	217.8971	0
76	37	378.7466	187.1476	0
76	38	219.3635	351.3392	0
76	39	571.3906	142.7723	0
76	40	670.3099	164.7975	0
76	41	333.0843	213.8925	0
76	42	293.9202	238.8166	0
76	43	384.9242	207.7357	0
77	1	343.288	183.8612	0
77	2	598.8204	197.4201	0
77	3	346.4007	172.7537	0
77	4	430.9966	143.4209	0
77	5	155.9174	285.7729	0
77	6	436.6523	255.937	0
77	7	325.1502	239.2649	0
77	8	309.4021	298.7795	0
77	9	630.1495	187.3984	0
77	10	216.3059	251.4595	0
77	11	676.7495	113.3195	0
77	12	607.257	117.1045	0
77	13	387.0202	143.7993	0
77	14	570.5085	179.655	0
77	15	615.9498	144.5124	0
77	16	440.8791	196.2044	0
77	17	534.8424	162.8888	0
77	18	591.7582	149.4291	0
77	19	244.8054	278.6681	0
77	20	374.5422	258.1092	0
77	21	21.23064	281.7443	0
77	22	76.70355	305.0898	0
77	23	426.3516	180.8752	0
77	24	610.0001	137.2958	0
77	25	273.4721	302.5971	0
77	26	539.1711	213.891	0
77	27	577.5635	229.4371	0
77	28	61.71508	222.5443	0
77	29	601.3016	102.3592	0
77	30	562.1109	111.4901	0
77	31	190.8235	320.4054	0
77	32	664.0454	82.10049	0
77	33	653.0312	128.1336	0
77	34	297.156	169.9989	0
77	35	19.38268	380.9131	0
77	36	280.6925	217.8911	0
77	37	378.7457	187.1532	0
77	38	219.3306	351.41	0
77	39	571.386	142.8154	0
77	40	670.3177	164.7941	0
77	41	333.0824	213.9001	0
77	42	293.914	238.8308	0
77	43	384.9592	207.7181	0
78	1	343.324	183.8371	0
78	2	598.822	197.4265	0
78	3	346.4046	172.7553	0
78	4	430.9988	143.4243	0
78	5	155.9358	285.7617	0
78	6	436.6556	255.9403	0
78	7	325.1576	239.2659	0
78	8	309.3875	298.8073	0
78	9	630.1526	187.4079	0
78	10	216.3045	251.4173	0
78	11	676.7555	113.3223	0
78	12	607.2614	117.1004	0
78	13	387.0049	143.8417	0
78	14	570.5156	179.6481	0
78	15	615.9673	144.4852	0
78	16	440.8667	196.1669	0
78	17	534.8202	162.8654	0
78	18	591.7275	149.41	0
78	19	244.8101	278.6722	0
78	20	374.5557	258.1013	0
78	21	21.23473	281.7482	0
78	22	76.69489	305.1022	0
78	23	426.3522	180.8796	0
78	24	610.0062	137.2946	0
78	25	273.4782	302.6015	0
78	26	539.1539	213.881	0
78	27	577.5341	229.4165	0
78	28	61.64597	222.5974	0
78	29	601.2918	102.3849	0
78	30	562.1009	111.507	0
78	31	190.7901	320.4626	0
78	32	664.0518	82.10287	0
78	33	653.0233	128.1561	0
78	34	297.1344	169.976	0
78	35	19.36827	380.8699	0
78	36	280.705	217.8817	0
78	37	378.7441	187.1597	0
78	38	219.2945	351.4914	0
78	39	571.3759	142.8526	0
78	40	670.3234	164.7944	0
78	41	333.0799	213.9091	0
78	42	293.8978	238.857	0
78	43	384.9919	207.6939	0
79	1	343.3568	183.8075	0
79	2	598.8237	197.434	0
79	3	346.4089	172.757	0
79	4	430.9964	143.4341	0
79	5	155.9524	285.7535	0
79	6	436.6535	255.9522	0
79	7	325.1663	239.2664	0
79	8	309.3704	298.8448	0
79	9	630.1569	187.4167	0
79	10	216.3002	251.3806	0
79	11	676.7622	113.3246	0
79	12	607.2657	117.0956	0
79	13	386.9856	143.886	0
79	14	570.5247	179.64	0
79	15	615.9775	144.4537	0
79	16	440.8562	196.13	0
79	17	534.7928	162.8435	0
79	18	591.7008	149.3948	0
79	19	244.8151	278.6764	0
79	20	374.568	258.0975	0
79	21	21.2381	281.7518	0
79	22	76.68797	305.1144	0
79	23	426.3524	180.8859	0
79	24	610.0095	137.2968	0
79	25	273.4835	302.6054	0
79	26	539.1424	213.875	0
79	27	577.51	229.4024	0
79	28	61.59169	222.6312	0
79	29	601.2826	102.3985	0
79	30	562.0934	111.5143	0
79	31	190.7544	320.5264	0
79	32	664.0584	82.10504	0
79	33	653.0158	128.1645	0
79	34	297.1142	169.956	0
79	35	19.3507	380.8396	0
79	36	280.7179	217.8729	0
79	37	378.7435	187.1662	0
79	38	219.2523	351.5805	0
79	39	571.3635	142.8781	0
79	40	670.3267	164.8016	0
79	41	333.079	213.9172	0
79	42	293.8774	238.8936	0
79	43	385.0212	207.6643	0
80	1	343.3832	183.776	0
80	2	598.8267	197.4413	0
80	3	346.4146	172.7586	0
80	4	430.9887	143.4516	0
80	5	155.9664	285.7491	0
80	6	436.6459	255.9742	0
80	7	325.1748	239.2665	0
80	8	309.3521	298.8911	0
80	9	630.1632	187.4235	0
80	10	216.2918	251.3456	0
80	11	676.7682	113.3269	0
80	12	607.2702	117.0913	0
80	13	386.9615	143.9278	0
80	14	570.5343	179.6323	0
80	15	615.9777	144.4231	0
80	16	440.8426	196.0942	0
80	17	534.7635	162.8232	0
80	18	591.6797	149.3843	0
80	19	244.8223	278.6806	0
80	20	374.5741	258.0996	0
80	21	21.24032	281.7552	0
80	22	76.68513	305.1238	0
80	23	426.3514	180.8932	0
80	24	610.0108	137.3044	0
80	25	273.4882	302.6094	0
80	26	539.137	213.8736	0
80	27	577.4933	229.3936	0
80	28	61.56475	222.6443	0
80	29	601.2744	102.3996	0
80	30	562.086	111.5107	0
80	31	190.7159	320.6001	0
80	32	664.0643	82.10696	0
80	33	653.0103	128.1594	0
80	34	297.0953	169.9421	0
80	35	19.33494	380.8195	0
80	36	280.7318	217.8648	0
80	37	378.7448	187.1712	0
80	38	219.2048	351.673	0
80	39	571.3541	142.8905	0
80	40	670.3292	164.8176	0
80	41	333.0809	213.9234	0
80	42	293.8555	238.9399	0
80	43	385.0445	207.6323	0
81	1	343.4027	183.7442	0
81	2	598.831	197.4469	0
81	3	346.4221	172.7586	0
81	4	430.9796	143.476	0
81	5	155.9736	285.7499	0
81	6	436.6365	256.0056	0
81	7	325.1832	239.2661	0
81	8	309.334	298.9411	0
81	9	630.1723	187.4281	0
81	10	216.2754	251.3127	0
81	11	676.774	113.3288	0
81	12	607.2761	117.0869	0
81	13	386.935	143.9605	0
81	14	570.5428	179.6281	0
81	15	615.978	144.393	0
81	16	440.8261	196.0602	0
81	17	534.7373	162.8062	0
81	18	591.6663	149.3785	0
81	19	244.8334	278.6815	0
81	20	374.5713	258.1126	0
81	21	21.24247	281.7587	0
81	22	76.68752	305.1303	0
81	23	426.3511	180.9016	0
81	24	610.0101	137.319	0
81	25	273.4925	302.6132	0
81	26	539.1366	213.8755	0
81	27	577.4849	229.3909	0
81	28	61.5661	222.638	0
81	29	601.2869	102.3968	0
81	30	562.1098	111.5103	0
81	31	190.6714	320.6821	0
81	32	664.0701	82.1088	0
81	33	653.0424	128.1578	0
81	34	297.0814	169.933	0
81	35	19.3246	380.8107	0
81	36	280.7487	217.8543	0
81	37	378.7485	187.1745	0
81	38	219.1504	351.7667	0
81	39	571.3463	142.8885	0
81	40	670.3311	164.8437	0
81	41	333.0863	213.9277	0
81	42	293.8337	238.9922	0
81	43	385.0603	207.6001	0
82	1	343.4195	183.7132	0
82	2	598.8378	197.4507	0
82	3	346.4297	172.759	0
82	4	430.971	143.5068	0
82	5	155.9685	285.7606	0
82	6	436.6277	256.0458	0
82	7	325.1916	239.2601	0
82	8	309.3135	298.9998	0
82	9	630.1817	187.4321	0
82	10	216.2545	251.2823	0
82	11	676.7798	113.3303	0
82	12	607.2825	117.0819	0
82	13	386.9136	143.9797	0
82	14	570.5493	179.6273	0
82	15	615.9684	144.3628	0
82	16	440.8086	196.0306	0
82	17	534.7158	162.7946	0
82	18	591.6606	149.3777	0
82	19	244.8453	278.6832	0
82	20	374.5602	258.1384	0
82	21	21.24571	281.7625	0
82	22	76.69341	305.1352	0
82	23	426.3526	180.9084	0
82	24	610.0098	137.3402	0
82	25	273.4971	302.6172	0
82	26	539.1373	213.8789	0
82	27	577.4838	229.393	0
82	28	61.60998	222.6353	0
82	29	601.3152	102.3934	0
82	30	562.1323	111.5059	0
82	31	190.6218	320.7676	0
82	32	664.0759	82.1102	0
82	33	653.0712	128.1509	0
82	34	297.0737	169.9297	0
82	35	19.32138	380.8113	0
82	36	280.7637	217.8472	0
82	37	378.7538	187.1772	0
82	38	219.0902	351.8505	0
82	39	571.3697	142.8869	0
82	40	670.337	164.8786	0
82	41	333.0927	213.9314	0
82	42	293.8096	239.0526	0
82	43	385.0745	207.5685	0
83	1	343.4244	183.6808	0
83	2	598.845	197.4539	0
83	3	346.4371	172.7593	0
83	4	430.9638	143.5396	0
83	5	155.9516	285.7832	0
83	6	436.6202	256.0897	0
83	7	325.2002	239.253	0
83	8	309.2891	299.0626	0
83	9	630.1901	187.4355	0
83	10	216.2346	251.2567	0
83	11	676.7863	113.3315	0
83	12	607.2881	117.0791	0
83	13	386.9017	143.9853	0
83	14	570.5516	179.6334	0
83	15	615.9489	144.3305	0
83	16	440.7875	196.0022	0
83	17	534.7011	162.7874	0
83	18	591.6608	149.3803	0
83	19	244.8572	278.6833	0
83	20	374.5438	258.1772	0
83	21	21.25319	281.7642	0
83	22	76.69842	305.1398	0
83	23	426.3569	180.9131	0
83	24	610.0124	137.3674	0
83	25	273.5037	302.621	0
83	26	539.1382	213.8831	0
83	27	577.4851	229.3974	0
83	28	61.65945	222.6245	0
83	29	601.3405	102.3855	0
83	30	562.1517	111.4973	0
83	31	190.5654	320.8547	0
83	32	664.0822	82.11142	0
83	33	653.0939	128.1375	0
83	34	297.0722	169.9312	0
83	35	19.31926	380.8182	0
83	36	280.7769	217.8437	0
83	37	378.7585	187.1797	0
83	38	219.035	351.9121	0
83	39	571.398	142.8817	0
83	40	670.3475	164.92	0
83	41	333.0982	213.9346	0
83	42	293.7806	239.1183	0
83	43	385.0775	207.536	0
84	1	343.4206	183.6475	0
84	2	598.8516	197.4568	0
84	3	346.4443	172.7564	0
84	4	430.9562	143.5784	0
84	5	155.9246	285.8183	0
84	6	436.6128	256.1408	0
84	7	325.209	239.2465	0
84	8	309.2604	299.1279	0
84	9	630.1982	187.4391	0
84	10	216.2155	251.2393	0
84	11	676.7932	113.333	0
84	12	607.2935	117.0783	0
84	13	386.9054	143.981	0
84	14	570.5516	179.6482	0
84	15	615.9265	144.299	0
84	16	440.7596	195.9753	0
84	17	534.694	162.7856	0
84	18	591.6622	149.3842	0
84	19	244.8694	278.6806	0
84	20	374.5269	258.2275	0
84	21	21.2632	281.7651	0
84	22	76.70291	305.1441	0
84	23	426.3638	180.9164	0
84	24	610.0175	137.397	0
84	25	273.5135	302.6217	0
84	26	539.1392	213.8887	0
84	27	577.4865	229.4028	0
84	28	61.71102	222.6046	0
84	29	601.3605	102.3722	0
84	30	562.1678	111.485	0
84	31	190.5037	320.9335	0
84	32	664.0893	82.11298	0
84	33	653.1113	128.1191	0
84	34	297.0723	169.9351	0
84	35	19.31688	380.8267	0
84	36	280.7834	217.8453	0
84	37	378.7629	187.1819	0
84	38	219.0002	351.9438	0
84	39	571.4226	142.8711	0
84	40	670.3625	164.9653	0
84	41	333.1034	213.9379	0
84	42	293.747	239.1868	0
84	43	385.0718	207.5025	0
85	1	343.416	183.6154	0
85	2	598.8578	197.4597	0
85	3	346.4515	172.7509	0
85	4	430.9457	143.6211	0
85	5	155.8927	285.8646	0
85	6	436.6024	256.1973	0
85	7	325.2195	239.2398	0
85	8	309.2266	299.1917	0
85	9	630.2063	187.4421	0
85	10	216.2016	251.2285	0
85	11	676.8011	113.334	0
85	12	607.2963	117.0809	0
85	13	386.9371	143.9785	0
85	14	570.5478	179.6736	0
85	15	615.9069	144.2683	0
85	16	440.7307	195.9507	0
85	17	534.6933	162.7878	0
85	18	591.6636	149.389	0
85	19	244.8826	278.6702	0
85	20	374.5101	258.2845	0
85	21	21.27342	281.7655	0
85	22	76.70644	305.148	0
85	23	426.3702	180.9199	0
85	24	610.0248	137.4315	0
85	25	273.5238	302.6233	0
85	26	539.1396	213.8953	0
85	27	577.4883	229.4102	0
85	28	61.76453	222.5771	0
85	29	601.3765	102.3552	0
85	30	562.1806	111.4697	0
85	31	190.4465	320.9923	0
85	32	664.0969	82.11349	0
85	33	653.1229	128.0964	0
85	34	297.0721	169.9398	0
85	35	19.31152	380.8389	0
85	36	280.7794	217.8564	0
85	37	378.767	187.1838	0
85	38	218.9878	351.9424	0
85	39	571.4425	142.8549	0
85	40	670.3785	165.0184	0
85	41	333.108	213.9409	0
85	42	293.7074	239.2554	0
85	43	385.0649	207.4702	0
86	1	343.4123	183.5839	0
86	2	598.864	197.4622	0
86	3	346.459	172.7457	0
86	4	430.9318	143.6659	0
86	5	155.8574	285.9183	0
86	6	436.5887	256.2563	0
86	7	325.2314	239.232	0
86	8	309.1897	299.2453	0
86	9	630.2152	187.4451	0
86	10	216.1945	251.2253	0
86	11	676.8095	113.3341	0
86	12	607.2974	117.0885	0
86	13	386.9687	143.9709	0
86	14	570.546	179.7079	0
86	15	615.8849	144.2382	0
86	16	440.7049	195.9309	0
86	17	534.6943	162.7916	0
86	18	591.6653	149.3955	0
86	19	244.8963	278.6595	0
86	20	374.4936	258.3496	0
86	21	21.2842	281.7652	0
86	22	76.71011	305.152	0
86	23	426.3761	180.9229	0
86	24	610.0308	137.4702	0
86	25	273.5341	302.6236	0
86	26	539.1408	213.9027	0
86	27	577.4893	229.4189	0
86	28	61.81847	222.5431	0
86	29	601.3874	102.3346	0
86	30	562.1893	111.4523	0
86	31	190.4091	321.0236	0
86	32	664.1056	82.11404	0
86	33	653.1283	128.0716	0
86	34	297.0711	169.9464	0
86	35	19.30146	380.8549	0
86	36	280.7654	217.8788	0
86	37	378.7715	187.1856	0
86	38	219.0231	351.9374	0
86	39	571.4584	142.8346	0
86	40	670.3915	165.0749	0
86	41	333.113	213.9438	0
86	42	293.6626	239.3152	0
86	43	385.0592	207.4385	0
87	1	343.4057	183.5534	0
87	2	598.8707	197.4646	0
87	3	346.467	172.741	0
87	4	430.9134	143.7106	0
87	5	155.8199	285.9788	0
87	6	436.57	256.3159	0
87	7	325.2412	239.2274	0
87	8	309.1588	299.2802	0
87	9	630.2253	187.4484	0
87	10	216.1931	251.2278	0
87	11	676.8176	113.3343	0
87	12	607.2965	117.1024	0
87	13	386.998	143.9572	0
87	14	570.5479	179.7499	0
87	15	615.8596	144.2095	0
87	16	440.6835	195.9174	0
87	17	534.6953	162.7964	0
87	18	591.6668	149.4028	0
87	19	244.9102	278.6498	0
87	20	374.4731	258.4232	0
87	21	21.29853	281.7575	0
87	22	76.7153	305.1564	0
87	23	426.3814	180.9256	0
87	24	610.0341	137.5109	0
87	25	273.5444	302.6205	0
87	26	539.1432	213.9086	0
87	27	577.4915	229.429	0
87	28	61.86692	222.5059	0
87	29	601.3918	102.3144	0
87	30	562.1918	111.4355	0
87	31	190.3942	321.0247	0
87	32	664.1132	82.11429	0
87	33	653.1258	128.047	0
87	34	297.068	169.9543	0
87	35	19.28838	380.8743	0
87	36	280.7439	217.9129	0
87	37	378.7768	187.1877	0
87	38	219.0744	351.9252	0
87	39	571.469	142.8106	0
87	40	670.4006	165.1339	0
87	41	333.1194	213.9469	0
87	42	293.6219	239.3568	0
87	43	385.0507	207.4077	0
88	1	343.397	183.525	0
88	2	598.8782	197.4673	0
88	3	346.4769	172.735	0
88	4	430.8904	143.7485	0
88	5	155.7771	286.0478	0
88	6	436.5461	256.3685	0
88	7	325.2494	239.2256	0
88	8	309.1413	299.2944	0
88	9	630.2364	187.4493	0
88	10	216.1928	251.2329	0
88	11	676.8248	113.3344	0
88	12	607.2963	117.1222	0
88	13	387.0252	143.939	0
88	14	570.5535	179.797	0
88	15	615.8345	144.1846	0
88	16	440.6695	195.9097	0
88	17	534.6965	162.8028	0
88	18	591.6694	149.4107	0
88	19	244.9277	278.6385	0
88	20	374.4481	258.5001	0
88	21	21.31398	281.748	0
88	22	76.72526	305.1578	0
88	23	426.387	180.9281	0
88	24	610.0336	137.5522	0
88	25	273.5554	302.611	0
88	26	539.1478	213.9128	0
88	27	577.495	229.4372	0
88	28	61.90825	222.4693	0
88	29	601.3929	102.2932	0
88	30	562.1943	111.4184	0
88	31	190.4228	321.0186	0
88	32	664.1197	82.11404	0
88	33	653.1229	128.0226	0
88	34	297.0648	169.9636	0
88	35	19.27931	380.8914	0
88	36	280.7199	217.9575	0
88	37	378.7839	187.1885	0
88	38	219.1264	351.9013	0
88	39	571.472	142.7874	0
88	40	670.4027	165.1902	0
88	41	333.1287	213.9477	0
88	42	293.597	239.377	0
88	43	385.0402	207.3788	0
89	1	343.3864	183.4999	0
89	2	598.8868	197.4683	0
89	3	346.4861	172.7306	0
89	4	430.8683	143.774	0
89	5	155.7292	286.1204	0
89	6	436.5225	256.406	0
89	7	325.2521	239.2286	0
89	8	309.1374	299.2875	0
89	9	630.2491	187.4505	0
89	10	216.1919	251.2393	0
89	11	676.8292	113.3307	0
89	12	607.2989	117.1473	0
89	13	387.0493	143.9167	0
89	14	570.5592	179.8514	0
89	15	615.8075	144.1608	0
89	16	440.6637	195.9082	0
89	17	534.6968	162.8102	0
89	18	591.6735	149.4167	0
89	19	244.9463	278.6273	0
89	20	374.417	258.5791	0
89	21	21.32948	281.7392	0
89	22	76.73706	305.1589	0
89	23	426.3931	180.9308	0
89	24	610.0276	137.5888	0
89	25	273.5667	302.6014	0
89	26	539.1541	213.9156	0
89	27	577.5011	229.4431	0
89	28	61.9461	222.4343	0
89	29	601.3896	102.2727	0
89	30	562.1902	111.4009	0
89	31	190.473	321.0082	0
89	32	664.1234	82.10995	0
89	33	653.1107	127.9971	0
89	34	297.064	169.9713	0
89	35	19.27592	380.9047	0
89	36	280.6944	218.0083	0
89	37	378.7922	187.1889	0
89	38	219.1782	351.8646	0
89	39	571.4749	142.7644	0
89	40	670.3981	165.235	0
89	41	333.1389	213.9489	0
89	42	293.5872	239.3733	0
89	43	385.0282	207.3534	0
90	1	343.3719	183.4761	0
90	2	598.8965	197.4692	0
90	3	346.4942	172.7284	0
90	4	430.8538	143.7859	0
90	5	155.6755	286.1954	0
90	6	436.5061	256.4249	0
90	7	325.2481	239.2393	0
90	8	309.1733	299.2848	0
90	9	630.2601	187.4508	0
90	10	216.1892	251.2485	0
90	11	676.8327	113.3256	0
90	12	607.304	117.1742	0
90	13	387.0679	143.8934	0
90	14	570.5616	179.9097	0
90	15	615.775	144.1385	0
90	16	440.6636	195.9111	0
90	17	534.6982	162.8186	0
90	18	591.6801	149.4208	0
90	19	244.9612	278.6208	0
90	20	374.379	258.6515	0
90	21	21.34693	281.7304	0
90	22	76.74945	305.1588	0
90	23	426.4011	180.933	0
90	24	610.0185	137.6147	0
90	25	273.5783	302.5928	0
90	26	539.1597	213.9186	0
90	27	577.5094	229.4471	0
90	28	61.96992	222.3982	0
90	29	601.3776	102.2502	0
90	30	562.1802	111.3822	0
90	31	190.525	320.9875	0
90	32	664.1271	82.10547	0
90	33	653.0912	127.9704	0
90	34	297.0665	169.9768	0
90	35	19.28062	380.9138	0
90	36	280.6681	218.066	0
90	37	378.8002	187.189	0
90	38	219.2286	351.8189	0
90	39	571.4703	142.7416	0
90	40	670.3902	165.2621	0
90	41	333.1489	213.9492	0
90	42	293.6226	239.3707	0
90	43	385.0127	207.3291	0
91	1	343.3516	183.4536	0
91	2	598.9055	197.4695	0
91	3	346.4989	172.7291	0
91	4	430.845	143.7826	0
91	5	155.6164	286.2657	0
91	6	436.4963	256.4231	0
91	7	325.2372	239.2592	0
91	8	309.2108	299.2738	0
91	9	630.2697	187.4498	0
91	10	216.1838	251.2593	0
91	11	676.8365	113.321	0
91	12	607.3107	117.2058	0
91	13	387.0813	143.8696	0
91	14	570.5595	179.9705	0
91	15	615.7407	144.1176	0
91	16	440.6647	195.9156	0
91	17	534.7012	162.8253	0
91	18	591.6882	149.4239	0
91	19	244.9715	278.6188	0
91	20	374.3401	258.7065	0
91	21	21.36802	281.7196	0
91	22	76.7625	305.1575	0
91	23	426.4111	180.9334	0
91	24	610.0103	137.6278	0
91	25	273.5931	302.5822	0
91	26	539.1651	213.921	0
91	27	577.5172	229.4511	0
91	28	61.98326	222.361	0
91	29	601.3611	102.2275	0
91	30	562.1687	111.364	0
91	31	190.5776	320.9548	0
91	32	664.1309	82.10147	0
91	33	653.0713	127.9445	0
91	34	297.0729	169.9806	0
91	35	19.28764	380.9214	0
91	36	280.6371	218.1317	0
91	37	378.8078	187.1886	0
91	38	219.2747	351.7654	0
91	39	571.4578	142.7171	0
91	40	670.3817	165.2711	0
91	41	333.1585	213.9478	0
91	42	293.6664	239.3615	0
91	43	384.9916	207.3064	0
92	1	343.33	183.433	0
92	2	598.9133	197.4691	0
92	3	346.4977	172.7349	0
92	4	430.8723	143.781	0
92	5	155.5584	286.3213	0
92	6	436.5208	256.4197	0
92	7	325.2228	239.2875	0
92	8	309.2469	299.2542	0
92	9	630.2757	187.4421	0
92	10	216.1786	251.2719	0
92	11	676.8416	113.3166	0
92	12	607.3158	117.241	0
92	13	387.0919	143.8465	0
92	14	570.5514	180.0295	0
92	15	615.7104	144.0998	0
92	16	440.6655	195.9214	0
92	17	534.7066	162.8299	0
92	18	591.6953	149.427	0
92	19	244.9715	278.6262	0
92	20	374.3119	258.7369	0
92	21	21.38491	281.7128	0
92	22	76.77869	305.1475	0
92	23	426.4211	180.9342	0
92	24	610.0021	137.6275	0
92	25	273.6083	302.5724	0
92	26	539.1702	213.9231	0
92	27	577.5245	229.4544	0
92	28	61.99411	222.3253	0
92	29	601.3469	102.2058	0
92	30	562.1586	111.3463	0
92	31	190.6292	320.9141	0
92	32	664.1362	82.09711	0
92	33	653.0524	127.9193	0
92	34	297.0794	169.9843	0
92	35	19.29318	380.9283	0
92	36	280.6016	218.2007	0
92	37	378.8151	187.1835	0
92	38	219.3104	351.7123	0
92	39	571.4427	142.693	0
92	40	670.3802	165.265	0
92	41	333.1682	213.9403	0
92	42	293.7092	239.3433	0
92	43	384.9692	207.2856	0
93	1	343.3102	183.417	0
93	2	598.9186	197.4632	0
93	3	346.4911	172.7473	0
93	4	430.9041	143.7754	0
93	5	155.5168	286.3538	0
93	6	436.5549	256.4121	0
93	7	325.2075	239.3238	0
93	8	309.2818	299.227	0
93	9	630.2816	187.4336	0
93	10	216.1768	251.2819	0
93	11	676.8471	113.3111	0
93	12	607.3183	117.2779	0
93	13	387.093	143.822	0
93	14	570.5369	180.0782	0
93	15	615.6858	144.0875	0
93	16	440.6657	195.9294	0
93	17	534.7144	162.8332	0
93	18	591.7021	149.4296	0
93	19	244.961	278.6459	0
93	20	374.2972	258.7408	0
93	21	21.39826	281.7095	0
93	22	76.79598	305.1361	0
93	23	426.4306	180.9349	0
93	24	610.0187	137.625	0
93	25	273.6207	302.5667	0
93	26	539.1758	213.9252	0
93	27	577.5316	229.4574	0
93	28	62.00711	222.29	0
93	29	601.3312	102.1844	0
93	30	562.1467	111.3291	0
93	31	190.6772	320.8661	0
93	32	664.142	82.09247	0
93	33	653.0312	127.8948	0
93	34	297.0851	169.9873	0
93	35	19.29773	380.9355	0
93	36	280.5598	218.2719	0
93	37	378.8226	187.1776	0
93	38	219.3444	351.6599	0
93	39	571.4297	142.6696	0
93	40	670.4172	165.2621	0
93	41	333.1782	213.9325	0
93	42	293.7506	239.3163	0
93	43	384.9489	207.269	0
94	1	343.2935	183.4062	0
94	2	598.9236	197.4564	0
94	3	346.4802	172.7668	0
94	4	430.9338	143.7639	0
94	5	155.4981	286.3615	0
94	6	436.5869	256.3972	0
94	7	325.1923	239.3632	0
94	8	309.3143	299.1937	0
94	9	630.2879	187.426	0
94	10	216.1791	251.2891	0
94	11	676.8523	113.3079	0
94	12	607.317	117.3152	0
94	13	387.0873	143.7968	0
94	14	570.5211	180.1092	0
94	15	615.6691	144.0796	0
94	16	440.6647	195.9386	0
94	17	534.7215	162.8366	0
94	18	591.7089	149.4318	0
94	19	244.9384	278.68	0
94	20	374.3171	258.7346	0
94	21	21.40158	281.7126	0
94	22	76.8134	305.1256	0
94	23	426.4391	180.9306	0
94	24	610.0457	137.6207	0
94	25	273.6289	302.5652	0
94	26	539.1819	213.9274	0
94	27	577.5391	229.4602	0
94	28	62.01687	222.2558	0
94	29	601.3135	102.164	0
94	30	562.1334	111.3129	0
94	31	190.716	320.8186	0
94	32	664.1472	82.09003	0
94	33	653.008	127.872	0
94	34	297.0902	169.9902	0
94	35	19.30072	380.9426	0
94	36	280.512	218.3376	0
94	37	378.8302	187.1721	0
94	38	219.3657	351.6096	0
94	39	571.415	142.6467	0
94	40	670.4498	165.2522	0
94	41	333.1884	213.9253	0
94	42	293.79	239.2827	0
94	43	384.9318	207.2579	0
95	1	343.2825	183.4003	0
95	2	598.9289	197.4501	0
95	3	346.4682	172.7924	0
95	4	430.9608	143.7469	0
95	5	155.5113	286.3547	0
95	6	436.6159	256.3745	0
95	7	325.176	239.4094	0
95	8	309.3416	299.1575	0
95	9	630.2964	187.4175	0
95	10	216.1862	251.294	0
95	11	676.858	113.3067	0
95	12	607.3107	117.3471	0
95	13	387.0818	143.7726	0
95	14	570.5102	180.1216	0
95	15	615.661	144.0773	0
95	16	440.6649	195.9487	0
95	17	534.7281	162.8393	0
95	18	591.7164	149.4337	0
95	19	244.9114	278.7263	0
95	20	374.3632	258.7267	0
95	21	21.39075	281.7259	0
95	22	76.8334	305.1146	0
95	23	426.4473	180.9234	0
95	24	610.0693	137.6115	0
95	25	273.6284	302.5725	0
95	26	539.1893	213.929	0
95	27	577.5474	229.4632	0
95	28	62.0243	222.2234	0
95	29	601.2949	102.1459	0
95	30	562.1197	111.2988	0
95	31	190.7521	320.7692	0
95	32	664.1519	82.08939	0
95	33	652.9849	127.8521	0
95	34	297.0951	169.9927	0
95	35	19.30388	380.9501	0
95	36	280.4642	218.3879	0
95	37	378.8393	187.1665	0
95	38	219.3733	351.5573	0
95	39	571.3979	142.6248	0
95	40	670.4749	165.2342	0
95	41	333.2012	213.9172	0
95	42	293.8242	239.2437	0
95	43	384.9204	207.2516	0
96	1	343.2779	183.3997	0
96	2	598.9359	197.4435	0
96	3	346.4558	172.8222	0
96	4	430.9847	143.7258	0
96	5	155.5562	286.3485	0
96	6	436.6417	256.3462	0
96	7	325.1562	239.4603	0
96	8	309.3615	299.1211	0
96	9	630.3055	187.4084	0
96	10	216.1929	251.2991	0
96	11	676.8615	113.3086	0
96	12	607.3018	117.3689	0
96	13	387.0766	143.7487	0
96	14	570.5051	180.1157	0
96	15	615.6605	144.0791	0
96	16	440.6676	195.9565	0
96	17	534.7345	162.8417	0
96	18	591.7246	149.4359	0
96	19	244.8819	278.7838	0
96	20	374.4086	258.7096	0
96	21	21.36509	281.7513	0
96	22	76.85646	305.1021	0
96	23	426.4555	180.9164	0
96	24	610.088	137.5968	0
96	25	273.6193	302.5911	0
96	26	539.1977	213.9291	0
96	27	577.5571	229.4658	0
96	28	62.02834	222.1948	0
96	29	601.2755	102.1293	0
96	30	562.1044	111.2853	0
96	31	190.7774	320.7222	0
96	32	664.1545	82.09219	0
96	33	652.9595	127.833	0
96	34	297.1004	169.9955	0
96	35	19.3103	380.9572	0
96	36	280.4299	218.416	0
96	37	378.8497	187.16	0
96	38	219.3743	351.5066	0
96	39	571.3806	142.6057	0
96	40	670.4937	165.2101	0
96	41	333.2151	213.9088	0
96	42	293.8492	239.2054	0
96	43	384.9154	207.2507	0
97	1	343.2772	183.4027	0
97	2	598.9436	197.4359	0
97	3	346.4437	172.8554	0
97	4	431.004	143.7015	0
97	5	155.6044	286.3335	0
97	6	436.6627	256.3134	0
97	7	325.1331	239.5135	0
97	8	309.3801	299.0853	0
97	9	630.3137	187.4032	0
97	10	216.1987	251.3035	0
97	11	676.8638	113.3156	0
97	12	607.2943	117.3794	0
97	13	387.069	143.7257	0
97	14	570.5438	180.1137	0
97	15	615.6624	144.0827	0
97	16	440.6738	195.9617	0
97	17	534.7415	162.8437	0
97	18	591.7341	149.4372	0
97	19	244.852	278.8482	0
97	20	374.4508	258.6815	0
97	21	21.32925	281.788	0
97	22	76.8745	305.0946	0
97	23	426.465	180.9101	0
97	24	610.1025	137.5782	0
97	25	273.6009	302.6225	0
97	26	539.2061	213.9295	0
97	27	577.568	229.4659	0
97	28	62.02795	222.1676	0
97	29	601.2529	102.1137	0
97	30	562.0857	111.2727	0
97	31	190.7889	320.6732	0
97	32	664.1566	82.09979	0
97	33	652.9297	127.815	0
97	34	297.108	169.998	0
97	35	19.32457	380.9588	0
97	36	280.4138	218.4208	0
97	37	378.8583	187.1563	0
97	38	219.3788	351.4572	0
97	39	571.3619	142.5876	0
97	40	670.5054	165.1803	0
97	41	333.2265	213.904	0
97	42	293.8733	239.1679	0
97	43	384.9148	207.2535	0
98	1	343.2772	183.4027	0
98	2	598.9436	197.4359	0
98	3	346.4437	172.8554	0
98	4	431.004	143.7015	0
98	5	155.6044	286.3335	0
98	6	436.6627	256.3134	0
98	7	325.1331	239.5135	0
98	8	309.3801	299.0853	0
98	9	630.3137	187.4032	0
98	10	216.1987	251.3035	0
98	11	676.8638	113.3156	0
98	12	607.2943	117.3794	0
98	13	387.069	143.7257	0
98	14	570.5438	180.1137	0
98	15	615.6624	144.0827	0
98	16	440.6738	195.9617	0
98	17	534.7415	162.8437	0
98	18	591.7341	149.4372	0
98	19	244.852	278.8482	0
98	20	374.4508	258.6815	0
98	21	21.32925	281.788	0
98	22	76.8745	305.0946	0
98	23	426.465	180.9101	0
98	24	610.1025	137.5782	0
98	25	273.6009	302.6225	0
98	26	539.2061	213.9295	0
98	27	577.568	229.4659	0
98	28	62.02795	222.1676	0
98	29	601.2529	102.1137	0
98	30	562.0857	111.2727	0
98	31	190.7889	320.6732	0
98	32	664.1566	82.09979	0
98	33	652.9297	127.815	0
98	34	297.108	169.998	0
98	35	19.32457	380.9588	0
98	36	280.4138	218.4208	0
98	37	378.8583	187.1563	0
98	38	219.3788	351.4572	0
98	39	571.3619	142.5876	0
98	40	670.5054	165.1803	0
98	41	333.2265	213.904	0
98	42	293.8733	239.1679	0
98	43	384.9148	207.2535	0
63	1	341.8302	181.6775	0
63	2	600.5468	195.6121	0
63	3	344.866	166.4993	0
63	4	430.5131	144.8737	0
63	5	151.213	282.5311	0
63	6	436.0076	250.9686	0
63	7	325.3292	235.8864	0
63	8	309.4663	296.8525	0
63	9	629.0389	186.573	0
63	10	215.546	251.6962	0
63	11	674.7784	116.7628	0
63	12	606.6837	117.5156	0
63	13	387.7411	148.146	0
63	14	569.5984	182.3507	0
63	15	617.3832	145.5841	0
63	16	441.7557	202.0845	0
63	17	533.4493	166.2547	0
63	18	591.5123	149.0435	0
63	19	248.7152	284.4169	0
63	20	375.8919	261.1763	0
63	21	12.68578	277.7744	0
63	22	74.71277	305.3074	0
63	23	427.814	181.7876	0
63	24	610.2219	139.0427	0
63	25	271.2606	298.874	0
63	26	539.8023	206.1292	0
63	27	579.3837	227.6884	0
63	28	65.89176	226.4392	0
63	29	600.8277	102.9521	0
63	30	564.0793	104.6967	0
63	31	188.2089	318.4728	0
63	32	662.0596	85.44763	0
63	33	650.429	135.1927	0
63	34	297.8992	170.0477	0
63	35	28.84056	386.5812	0
63	36	280.5487	218.0248	0
63	37	379.1888	182.6541	0
63	38	217.3812	349.7047	0
63	39	570.4761	143.7563	0
63	40	665.7245	169.1487	0
63	41	332.8801	218.497	0
63	42	293.933	239.4323	0
63	43	384.3079	203.0427	0
64	1	341.8287	181.6852	0
64	2	600.553	195.6111	0
64	3	344.8578	166.4708	0
64	4	430.5177	144.8757	0
64	5	151.2257	282.5312	0
64	6	436.0176	250.9608	0
64	7	325.3393	235.8835	0
64	8	309.4806	296.8416	0
64	9	629.0401	186.5765	0
64	10	215.5277	251.6802	0
64	11	674.7817	116.764	0
64	12	606.6826	117.4962	0
64	13	387.7318	148.1684	0
64	14	569.5999	182.3564	0
64	15	617.3605	145.5552	0
64	16	441.7563	202.0892	0
64	17	533.4557	166.2494	0
64	18	591.5142	149.0512	0
64	19	248.6823	284.4793	0
64	20	375.9328	261.1689	0
64	21	12.70164	277.727	0
64	22	74.71833	305.3117	0
64	23	427.8159	181.7922	0
64	24	610.2383	139.0273	0
64	25	271.2182	298.9163	0
64	26	539.8098	206.1321	0
64	27	579.3856	227.6939	0
64	28	65.89648	226.4136	0
64	29	600.82	102.9831	0
64	30	564.0824	104.736	0
64	31	188.2075	318.4803	0
64	32	662.0634	85.45087	0
64	33	650.4139	135.1733	0
64	34	297.9436	170.0373	0
64	35	28.89466	386.5265	0
64	36	280.5575	218.0273	0
64	37	379.176	182.6814	0
64	38	217.3954	349.705	0
64	39	570.4745	143.7792	0
64	40	665.7304	169.1459	0
64	41	332.8792	218.5038	0
64	42	293.937	239.4374	0
64	43	384.3193	203.0382	0
65	1	341.826	181.6941	0
65	2	600.5562	195.6161	0
65	3	344.8478	166.446	0
65	4	430.5219	144.8773	0
65	5	151.2391	282.5283	0
65	6	436.0275	250.9506	0
65	7	325.3431	235.8861	0
65	8	309.494	296.8329	0
65	9	629.0425	186.5811	0
65	10	215.5152	251.6709	0
65	11	674.7836	116.7694	0
65	12	606.6736	117.4754	0
65	13	387.7226	148.1947	0
65	14	569.6007	182.3633	0
65	15	617.3353	145.5287	0
65	16	441.7564	202.0956	0
65	17	533.4637	166.2427	0
65	18	591.5171	149.0586	0
65	19	248.6443	284.5425	0
65	20	375.9726	261.1533	0
65	21	12.71413	277.6824	0
65	22	74.72909	305.3126	0
65	23	427.8127	181.8048	0
65	24	610.2504	139.0082	0
65	25	271.1967	298.9289	0
65	26	539.8177	206.1353	0
65	27	579.3878	227.7018	0
65	28	65.89781	226.3901	0
65	29	600.8104	103.0033	0
65	30	564.0828	104.7773	0
65	31	188.2041	318.4911	0
65	32	662.0686	85.45303	0
65	33	650.3973	135.1549	0
65	34	297.9861	170.0182	0
65	35	28.94474	386.4711	0
65	36	280.5691	218.0278	0
65	37	379.1633	182.7163	0
65	38	217.4099	349.7027	0
65	39	570.4755	143.8077	0
65	40	665.7342	169.1397	0
65	41	332.8804	218.509	0
65	42	293.9435	239.4412	0
65	43	384.3277	203.0374	0
66	1	341.8246	181.7032	0
66	2	600.5571	195.6295	0
66	3	344.8347	166.4224	0
66	4	430.5264	144.8788	0
66	5	151.2549	282.5173	0
66	6	436.0377	250.9412	0
66	7	325.339	235.8976	0
66	8	309.5058	296.828	0
66	9	629.0451	186.5873	0
66	10	215.5096	251.6689	0
66	11	674.785	116.7802	0
66	12	606.6589	117.454	0
66	13	387.714	148.2238	0
66	14	569.6023	182.3713	0
66	15	617.3104	145.5049	0
66	16	441.7556	202.1031	0
66	17	533.4718	166.2371	0
66	18	591.5219	149.0642	0
66	19	248.6022	284.5984	0
66	20	376.0095	261.1276	0
66	21	12.72184	277.643	0
66	22	74.74088	305.3138	0
66	23	427.8031	181.8272	0
66	24	610.2575	138.987	0
66	25	271.2051	298.9201	0
66	26	539.8275	206.1382	0
66	27	579.3892	227.7112	0
66	28	65.89426	226.368	0
66	29	600.8025	103.0125	0
66	30	564.079	104.8202	0
66	31	188.1977	318.504	0
66	32	662.0743	85.45496	0
66	33	650.3799	135.1383	0
66	34	298.027	169.9925	0
66	35	28.98482	386.4196	0
66	36	280.5804	218.0287	0
66	37	379.1514	182.756	0
66	38	217.4261	349.6893	0
66	39	570.4796	143.8394	0
66	40	665.738	169.1338	0
66	41	332.8846	218.5125	0
66	42	293.9491	239.445	0
66	43	384.329	203.0437	0
67	1	341.826	181.7102	0
67	2	600.5554	195.6528	0
67	3	344.8159	166.4003	0
67	4	430.5315	144.8804	0
67	5	151.2711	282.5059	0
67	6	436.0497	250.932	0
67	7	325.3268	235.9197	0
67	8	309.5125	296.8279	0
67	9	629.0477	186.5957	0
67	10	215.5087	251.6721	0
67	11	674.7869	116.7966	0
67	12	606.645	117.4333	0
67	13	387.7038	148.2577	0
67	14	569.6051	182.378	0
67	15	617.2822	145.4824	0
67	16	441.7559	202.1111	0
67	17	533.4793	166.2341	0
67	18	591.5292	149.0679	0
67	19	248.5638	284.6387	0
67	20	376.0434	261.0952	0
67	21	12.72348	277.6054	0
67	22	74.75348	305.3136	0
67	23	427.7924	181.858	0
67	24	610.2578	138.9661	0
67	25	271.2563	298.9135	0
67	26	539.8387	206.1386	0
67	27	579.392	227.7221	0
67	28	65.88522	226.3471	0
67	29	600.7936	103.0091	0
67	30	564.0696	104.8596	0
67	31	188.1918	318.5187	0
67	32	662.0794	85.45663	0
67	33	650.3622	135.1232	0
67	34	298.0651	169.9605	0
67	35	29.00959	386.3662	0
67	36	280.5917	218.0293	0
67	37	379.1391	182.8017	0
67	38	217.443	349.6749	0
67	39	570.4839	143.8763	0
67	40	665.743	169.1284	0
67	41	332.8898	218.5155	0
67	42	293.9542	239.4485	0
67	43	384.3235	203.0595	0
68	1	341.8311	181.715	0
68	2	600.5553	195.6848	0
68	3	344.7939	166.3798	0
68	4	430.5379	144.8817	0
68	5	151.2876	282.4957	0
68	6	436.0636	250.9207	0
68	7	325.31	235.9518	0
68	8	309.5107	296.8372	0
68	9	629.0505	186.6053	0
68	10	215.5084	251.6772	0
68	11	674.7918	116.8179	0
68	12	606.6311	117.413	0
68	13	387.6909	148.2936	0
68	14	569.6099	182.3829	0
68	15	617.2485	145.4609	0
68	16	441.7581	202.1172	0
68	17	533.4843	166.2339	0
68	18	591.5371	149.0711	0
68	19	248.5394	284.659	0
68	20	376.0727	261.0562	0
68	21	12.71531	277.5697	0
68	22	74.76699	305.3113	0
68	23	427.7827	181.8965	0
68	24	610.258	138.9452	0
68	25	271.3095	298.8962	0
68	26	539.8506	206.1397	0
68	27	579.3962	227.7307	0
68	28	65.87531	226.3287	0
68	29	600.819	103.0082	0
68	30	564.0562	104.8891	0
68	31	188.1898	318.5301	0
68	32	662.0844	85.45816	0
68	33	650.342	135.1091	0
68	34	298.0959	169.9266	0
68	35	29.02407	386.3135	0
68	36	280.6035	218.0227	0
68	37	379.1233	182.8524	0
68	38	217.4601	349.6617	0
68	39	570.4858	143.9162	0
68	40	665.7489	169.1216	0
68	41	332.8943	218.518	0
68	42	293.9586	239.4518	0
68	43	384.3104	203.0868	0
69	1	341.8385	181.7187	0
69	2	600.5587	195.7248	0
69	3	344.7736	166.3624	0
69	4	430.5457	144.8818	0
69	5	151.308	282.4837	0
69	6	436.0755	250.9136	0
69	7	325.2924	235.9931	0
69	8	309.5009	296.8578	0
69	9	629.055	186.615	0
69	10	215.5072	251.6839	0
69	11	674.7994	116.8418	0
69	12	606.6154	117.3935	0
69	13	387.6747	148.3312	0
69	14	569.6169	182.3862	0
69	15	617.2164	145.4413	0
69	16	441.7631	202.1214	0
69	17	533.4856	166.2393	0
69	18	591.5443	149.0739	0
69	19	248.5294	284.6573	0
69	20	376.0935	261.0173	0
69	21	12.70389	277.5375	0
69	22	74.78362	305.3007	0
69	23	427.7749	181.9394	0
69	24	610.2505	138.9238	0
69	25	271.3615	298.8661	0
69	26	539.8615	206.1402	0
69	27	579.4035	227.7368	0
69	28	65.86423	226.3159	0
69	29	600.8452	103.0034	0
69	30	564.044	104.9055	0
69	31	188.1922	318.5385	0
69	32	662.0894	85.45926	0
69	33	650.3188	135.0955	0
69	34	298.1203	169.8931	0
69	35	29.04032	386.2628	0
69	36	280.6158	218.0135	0
69	37	379.1038	182.9053	0
69	38	217.481	349.6469	0
69	39	570.4848	143.958	0
69	40	665.7547	169.1161	0
69	41	332.8986	218.5205	0
69	42	293.9632	239.455	0
69	43	384.2955	203.1238	0
70	1	341.8448	181.7222	0
70	2	600.5654	195.7675	0
70	3	344.7556	166.3506	0
70	4	430.5536	144.8821	0
70	5	151.33	282.4717	0
70	6	436.0865	250.9103	0
70	7	325.2749	236.0403	0
70	8	309.4836	296.8907	0
70	9	629.0612	186.6224	0
70	10	215.5042	251.6932	0
70	11	674.8098	116.869	0
70	12	606.5981	117.3755	0
70	13	387.6545	148.3666	0
70	14	569.6238	182.3894	0
70	15	617.1889	145.4263	0
70	16	441.7698	202.1246	0
70	17	533.4842	166.2519	0
70	18	591.5511	149.0766	0
70	19	248.5555	284.6536	0
70	20	376.1116	260.9781	0
70	21	12.69053	277.5127	0
70	22	74.80109	305.2892	0
70	23	427.7661	181.9893	0
70	24	610.2365	138.9011	0
70	25	271.412	298.8267	0
70	26	539.8704	206.1363	0
70	27	579.4129	227.7411	0
70	28	65.85477	226.3073	0
70	29	600.8673	102.9939	0
70	30	564.0358	104.9088	0
70	31	188.1996	318.5441	0
70	32	662.095	85.46017	0
70	33	650.2974	135.0833	0
70	34	298.1405	169.8611	0
70	35	29.05602	386.2119	0
70	36	280.6282	218.0048	0
70	37	379.0793	182.9591	0
70	38	217.5044	349.6309	0
70	39	570.4794	143.9992	0
70	40	665.7609	169.1133	0
70	41	332.9025	218.5226	0
70	42	293.9688	239.4585	0
70	43	384.2805	203.1695	0
71	1	341.8508	181.7254	0
71	2	600.5734	195.818	0
71	3	344.7427	166.3433	0
71	4	430.5611	144.8824	0
71	5	151.3472	282.4648	0
71	6	436.0916	250.9134	0
71	7	325.2563	236.0945	0
71	8	309.4646	296.9344	0
71	9	629.0704	186.6275	0
71	10	215.4985	251.7043	0
71	11	674.8198	116.9002	0
71	12	606.5807	117.3597	0
71	13	387.6323	148.3943	0
71	14	569.6301	182.392	0
71	15	617.1677	145.416	0
71	16	441.7756	202.1278	0
71	17	533.4796	166.2726	0
71	18	591.5581	149.0786	0
71	19	248.5935	284.6455	0
71	20	376.1215	260.9412	0
71	21	12.67654	277.496	0
71	22	74.81868	305.2788	0
71	23	427.7535	182.0432	0
71	24	610.2216	138.8791	0
71	25	271.4592	298.7787	0
71	26	539.8776	206.1275	0
71	27	579.4213	227.7455	0
71	28	65.84865	226.3039	0
71	29	600.8851	102.9799	0
71	30	564.0451	104.9055	0
71	31	188.2062	318.55	0
71	32	662.1012	85.4614	0
71	33	650.2792	135.0745	0
71	34	298.1476	169.8273	0
71	35	29.06866	386.1626	0
71	36	280.6421	217.9966	0
71	37	379.0494	183.0067	0
71	38	217.523	349.6211	0
71	39	570.4689	144.0336	0
71	40	665.7651	169.1134	0
71	41	332.907	218.5247	0
71	42	293.9774	239.4602	0
71	43	384.2668	203.2186	0
72	1	341.856	181.7282	0
72	2	600.5789	195.8727	0
72	3	344.7362	166.3413	0
72	4	430.5678	144.8792	0
72	5	151.3589	282.4628	0
72	6	436.0895	250.9273	0
72	7	325.2336	236.1544	0
72	8	309.4447	296.9866	0
72	9	629.0803	186.6315	0
72	10	215.4938	251.7164	0
72	11	674.8279	116.9331	0
72	12	606.561	117.3446	0
72	13	387.6145	148.4106	0
72	14	569.6363	182.3945	0
72	15	617.155	145.4106	0
72	16	441.7811	202.1307	0
72	17	533.4764	166.3003	0
72	18	591.5658	149.0806	0
72	19	248.6316	284.6296	0
72	20	376.1194	260.9021	0
72	21	12.66647	277.4871	0
72	22	74.83958	305.2673	0
72	23	427.7368	182.0995	0
72	24	610.2079	138.8578	0
72	25	271.4979	298.7291	0
72	26	539.885	206.119	0
72	27	579.4294	227.7493	0
72	28	65.84643	226.3049	0
72	29	600.8987	102.9624	0
72	30	564.0762	104.9026	0
72	31	188.212	318.5551	0
72	32	662.1079	85.46176	0
72	33	650.266	135.0685	0
72	34	298.1452	169.7926	0
72	35	29.07776	386.1171	0
72	36	280.6591	217.9858	0
72	37	379.0199	183.041	0
72	38	217.5368	349.6169	0
72	39	570.4571	144.0561	0
72	40	665.7675	169.1194	0
72	41	332.9124	218.5271	0
72	42	293.9878	239.4611	0
72	43	384.2513	203.2765	0
73	1	341.8616	181.7309	0
73	2	600.5806	195.9301	0
73	3	344.7349	166.3434	0
73	4	430.5742	144.8739	0
73	5	151.358	282.4706	0
73	6	436.0805	250.9539	0
73	7	325.2068	236.217	0
73	8	309.4249	297.0459	0
73	9	629.0892	186.6353	0
73	10	215.4928	251.7258	0
73	11	674.8329	116.967	0
73	12	606.5375	117.3302	0
73	13	387.6045	148.4153	0
73	14	569.6427	182.3965	0
73	15	617.1507	145.4102	0
73	16	441.7861	202.1333	0
73	17	533.4756	166.3337	0
73	18	591.5746	149.0829	0
73	19	248.6695	284.6053	0
73	20	376.111	260.8635	0
73	21	12.66236	277.4859	0
73	22	74.86264	305.2552	0
73	23	427.7148	182.1551	0
73	24	610.1923	138.8369	0
73	25	271.5295	298.6778	0
73	26	539.8935	206.1113	0
73	27	579.437	227.7529	0
73	28	65.84479	226.3084	0
73	29	600.9073	102.9423	0
73	30	564.1047	104.8947	0
73	31	188.2166	318.5602	0
73	32	662.1154	85.46207	0
73	33	650.2584	135.0658	0
73	34	298.1429	169.7592	0
73	35	29.08284	386.076	0
73	36	280.6737	217.9787	0
73	37	378.9998	183.0586	0
73	38	217.5385	349.6243	0
73	39	570.4486	144.0659	0
73	40	665.7692	169.1327	0
73	41	332.9201	218.5276	0
73	42	293.9979	239.4616	0
73	43	384.2317	203.3389	0
74	1	341.8683	181.734	0
74	2	600.5771	195.9867	0
74	3	344.7347	166.3473	0
74	4	430.5808	144.869	0
74	5	151.344	282.4913	0
74	6	436.0683	250.9927	0
74	7	325.1746	236.2806	0
74	8	309.4013	297.1132	0
74	9	629.0977	186.6389	0
74	10	215.4959	251.7324	0
74	11	674.8333	116.998	0
74	12	606.5147	117.3171	0
74	13	387.6078	148.4116	0
74	14	569.6498	182.3987	0
74	15	617.1517	145.4131	0
74	16	441.7916	202.1359	0
74	17	533.4774	166.3712	0
74	18	591.5844	149.0835	0
74	19	248.706	284.5753	0
74	20	376.1055	260.8262	0
74	21	12.66062	277.49	0
74	22	74.88036	305.2483	0
74	23	427.6874	182.2022	0
74	24	610.1747	138.8173	0
74	25	271.5556	298.6288	0
74	26	539.904	206.1016	0
74	27	579.4452	227.7563	0
74	28	65.843	226.3127	0
74	29	600.9086	102.9229	0
74	30	564.1279	104.8809	0
74	31	188.2213	318.5652	0
74	32	662.1223	85.46207	0
74	33	650.2563	135.0662	0
74	34	298.1414	169.7261	0
74	35	29.08192	386.037	0
74	36	280.6867	217.9751	0
74	37	378.9903	183.0583	0
74	38	217.5267	349.6482	0
74	39	570.4406	144.0618	0
74	40	665.7703	169.1541	0
74	41	332.9285	218.5283	0
74	42	294.0079	239.4615	0
74	43	384.2072	203.4041	0
75	1	341.8779	181.7354	0
75	2	600.5671	196.0343	0
75	3	344.7343	166.3521	0
75	4	430.5883	144.8644	0
75	5	151.3148	282.5274	0
75	6	436.0569	251.0429	0
75	7	325.1369	236.3375	0
75	8	309.3735	297.1838	0
75	9	629.1061	186.642	0
75	10	215.5031	251.7372	0
75	11	674.8298	117.0208	0
75	12	606.4951	117.307	0
75	13	387.6344	148.4095	0
75	14	569.6581	182.4008	0
75	15	617.1537	145.4169	0
75	16	441.7977	202.1387	0
75	17	533.4785	166.4145	0
75	18	591.5955	149.0841	0
75	19	248.7388	284.5403	0
75	20	376.0984	260.789	0
75	21	12.65894	277.4958	0
75	22	74.89303	305.2459	0
75	23	427.6618	182.2334	0
75	24	610.1573	138.8003	0
75	25	271.5662	298.5782	0
75	26	539.9142	206.0936	0
75	27	579.4539	227.7599	0
75	28	65.83991	226.3184	0
75	29	600.9097	102.903	0
75	30	564.147	104.8629	0
75	31	188.2267	318.5706	0
75	32	662.1281	85.46182	0
75	33	650.2571	135.0685	0
75	34	298.1369	169.6942	0
75	35	29.07275	386	0
75	36	280.6926	217.9768	0
75	37	379.0135	183.0555	0
75	38	217.4996	349.6912	0
75	39	570.4695	144.0612	0
75	40	665.775	169.1826	0
75	41	332.9368	218.5282	0
75	42	294.0183	239.4546	0
75	43	384.1768	203.468	0
76	1	341.8893	181.7361	0
76	2	600.5549	196.0657	0
76	3	344.7333	166.3586	0
76	4	430.5972	144.8586	0
76	5	151.2789	282.5764	0
76	6	436.0468	251.0986	0
76	7	325.1003	236.3791	0
76	8	309.3404	297.257	0
76	9	629.1154	186.645	0
76	10	215.5095	251.742	0
76	11	674.8248	117.0331	0
76	12	606.4798	117.3	0
76	13	387.6609	148.403	0
76	14	569.6674	182.401	0
76	15	617.1559	145.422	0
76	16	441.8058	202.1403	0
76	17	533.4766	166.4604	0
76	18	591.6055	149.0841	0
76	19	248.7641	284.5059	0
76	20	376.0886	260.7532	0
76	21	12.65526	277.5037	0
76	22	74.89303	305.2528	0
76	23	427.6459	182.2474	0
76	24	610.1379	138.7839	0
76	25	271.5659	298.5273	0
76	26	539.9241	206.0893	0
76	27	579.4645	227.7628	0
76	28	65.83442	226.3256	0
76	29	600.9035	102.8829	0
76	30	564.161	104.8405	0
76	31	188.236	318.5744	0
76	32	662.1316	85.45828	0
76	33	650.2584	135.0713	0
76	34	298.1298	169.6646	0
76	35	29.06177	385.9673	0
76	36	280.688	217.9883	0
76	37	379.0496	183.0495	0
76	38	217.4654	349.7506	0
76	39	570.4965	144.0555	0
76	40	665.7838	169.2165	0
76	41	332.9449	218.5269	0
76	42	294.0291	239.446	0
76	43	384.1415	203.5211	0
77	1	341.9003	181.7365	0
77	2	600.5452	196.0795	0
77	3	344.7308	166.3661	0
77	4	430.6053	144.8547	0
77	5	151.2384	282.6371	0
77	6	436.0375	251.1629	0
77	7	325.076	236.4007	0
77	8	309.3014	297.3262	0
77	9	629.1255	186.6484	0
77	10	215.5151	251.7464	0
77	11	674.8187	117.0348	0
77	12	606.4705	117.2964	0
77	13	387.6855	148.3914	0
77	14	569.6774	182.4016	0
77	15	617.158	145.4287	0
77	16	441.8153	202.1409	0
77	17	533.4709	166.5084	0
77	18	591.6143	149.0832	0
77	19	248.7879	284.4705	0
77	20	376.0767	260.7211	0
77	21	12.64806	277.5146	0
77	22	74.87807	305.2725	0
77	23	427.6369	182.2421	0
77	24	610.1148	138.7686	0
77	25	271.5658	298.4785	0
77	26	539.9304	206.0892	0
77	27	579.4764	227.7634	0
77	28	65.82788	226.3339	0
77	29	600.8901	102.8612	0
77	30	564.168	104.8177	0
77	31	188.2491	318.5752	0
77	32	662.1349	85.45422	0
77	33	650.26	135.0749	0
77	34	298.1208	169.6384	0
77	35	29.04874	385.9436	0
77	36	280.6734	218.0112	0
77	37	379.0842	183.037	0
77	38	217.4274	349.8258	0
77	39	570.5193	144.0442	0
77	40	665.7964	169.2548	0
77	41	332.9529	218.5208	0
77	42	294.04	239.438	0
77	43	384.1107	203.5555	0
78	1	341.9111	181.7364	0
78	2	600.5337	196.0734	0
78	3	344.7287	166.3745	0
78	4	430.6129	144.8529	0
78	5	151.1958	282.7055	0
78	6	436.0246	251.2349	0
78	7	325.0654	236.4008	0
78	8	309.2603	297.3823	0
78	9	629.1371	186.6498	0
78	10	215.5197	251.7505	0
78	11	674.8265	117.0321	0
78	12	606.4672	117.2962	0
78	13	387.7083	148.3759	0
78	14	569.6864	182.4018	0
78	15	617.1604	145.4365	0
78	16	441.8245	202.1414	0
78	17	533.4602	166.5543	0
78	18	591.6204	149.0768	0
78	19	248.8028	284.4362	0
78	20	376.063	260.6914	0
78	21	12.63733	277.5274	0
78	22	74.84693	305.3073	0
78	23	427.6732	182.2411	0
78	24	610.0911	138.7544	0
78	25	271.5659	298.4301	0
78	26	539.932	206.0974	0
78	27	579.4885	227.7644	0
78	28	65.82346	226.3411	0
78	29	600.8748	102.8399	0
78	30	564.1714	104.795	0
78	31	188.2621	318.5765	0
78	32	662.1385	85.45068	0
78	33	650.2615	135.0794	0
78	34	298.1076	169.6134	0
78	35	29.03661	385.9279	0
78	36	280.6515	218.0457	0
78	37	379.1162	183.0172	0
78	38	217.3884	349.9105	0
78	39	570.538	144.0279	0
78	40	665.8091	169.2987	0
78	41	332.9613	218.5143	0
78	42	294.0528	239.43	0
78	43	384.0921	203.5698	0
79	1	341.9218	181.7296	0
79	2	600.5686	196.0721	0
79	3	344.7289	166.3813	0
79	4	430.6172	144.8539	0
79	5	151.1476	282.7842	0
79	6	436.0074	251.3101	0
79	7	325.0905	236.3972	0
79	8	309.2285	297.416	0
79	9	629.1501	186.6508	0
79	10	215.5244	251.7545	0
79	11	674.8493	117.0294	0
79	12	606.4675	117.2983	0
79	13	387.7285	148.3569	0
79	14	569.6938	182.399	0
79	15	617.164	145.4442	0
79	16	441.8332	202.1417	0
79	17	533.4449	166.5912	0
79	18	591.6266	149.0698	0
79	19	248.8075	284.4005	0
79	20	376.0442	260.6635	0
79	21	12.62824	277.5405	0
79	22	74.80701	305.3553	0
79	23	427.7102	182.2332	0
79	24	610.0703	138.7428	0
79	25	271.5624	298.3832	0
79	26	539.93	206.1159	0
79	27	579.4995	227.7652	0
79	28	65.82211	226.3466	0
79	29	600.8612	102.8194	0
79	30	564.1707	104.7733	0
79	31	188.2751	318.5772	0
79	32	662.1432	85.44687	0
79	33	650.2635	135.0846	0
79	34	298.0876	169.5896	0
79	35	29.02831	385.9204	0
79	36	280.6277	218.0906	0
79	37	379.1457	182.9923	0
79	38	217.3446	350.0081	0
79	39	570.5526	144.0075	0
79	40	665.8192	169.3452	0
79	41	332.9699	218.5083	0
79	42	294.0679	239.4202	0
79	43	384.0844	203.5627	0
80	1	341.9326	181.7212	0
80	2	600.6014	196.0638	0
80	3	344.7319	166.386	0
80	4	430.6165	144.8601	0
80	5	151.0928	282.8684	0
80	6	435.984	251.3867	0
80	7	325.1302	236.39	0
80	8	309.213	297.4258	0
80	9	629.162	186.6512	0
80	10	215.53	251.7589	0
80	11	674.869	117.0229	0
80	12	606.4687	117.3011	0
80	13	387.744	148.3372	0
80	14	569.6995	182.3922	0
80	15	617.1693	145.45	0
80	16	441.8408	202.1361	0
80	17	533.4304	166.6137	0
80	18	591.6331	149.0636	0
80	19	248.8072	284.3656	0
80	20	376.0203	260.6371	0
80	21	12.62405	277.5505	0
80	22	74.76035	305.4156	0
80	23	427.744	182.2177	0
80	24	610.0538	138.7349	0
80	25	271.5561	298.3395	0
80	26	539.9243	206.1461	0
80	27	579.5078	227.7596	0
80	28	65.82513	226.3502	0
80	29	600.8458	102.7993	0
80	30	564.1604	104.7496	0
80	31	188.2901	318.5685	0
80	32	662.1486	85.44281	0
80	33	650.2662	135.0893	0
80	34	298.0666	169.5679	0
80	35	29.02563	385.9202	0
80	36	280.6029	218.1425	0
80	37	379.1708	182.9625	0
80	38	217.2936	350.1134	0
80	39	570.562	143.9842	0
80	40	665.8258	169.3936	0
80	41	332.9804	218.5017	0
80	42	294.0805	239.414	0
80	43	384.1259	203.5607	0
81	1	341.9435	181.7136	0
81	2	600.6288	196.048	0
81	3	344.7383	166.3893	0
81	4	430.6115	144.8727	0
81	5	151.0317	282.9559	0
81	6	435.9538	251.4557	0
81	7	325.1691	236.375	0
81	8	309.2215	297.4196	0
81	9	629.1725	186.6509	0
81	10	215.5394	251.7616	0
81	11	674.8836	117.0116	0
81	12	606.47	117.3047	0
81	13	387.7553	148.317	0
81	14	569.7056	182.3855	0
81	15	617.1773	145.4539	0
81	16	441.8482	202.129	0
81	17	533.4211	166.6216	0
81	18	591.6415	149.0568	0
81	19	248.8093	284.3318	0
81	20	375.9978	260.6138	0
81	21	12.62563	277.5576	0
81	22	74.71118	305.4807	0
81	23	427.7746	182.1955	0
81	24	610.043	138.7301	0
81	25	271.5468	298.3007	0
81	26	539.9209	206.1861	0
81	27	579.5143	227.7502	0
81	28	65.82924	226.3535	0
81	29	600.8282	102.7803	0
81	30	564.1445	104.7253	0
81	31	188.3063	318.5557	0
81	32	662.1533	85.44067	0
81	33	650.2701	135.0928	0
81	34	298.0471	169.5511	0
81	35	29.02407	385.925	0
81	36	280.5768	218.2019	0
81	37	379.1879	182.9332	0
81	38	217.2359	350.2228	0
81	39	570.5641	143.9618	0
81	40	665.8268	169.4393	0
81	41	332.9919	218.495	0
81	42	294.0911	239.4111	0
81	43	384.168	203.5508	0
82	1	341.9435	181.7136	0
82	2	600.6288	196.048	0
82	3	344.7383	166.3893	0
82	4	430.6115	144.8727	0
82	5	151.0317	282.9559	0
82	6	435.9538	251.4557	0
82	7	325.1691	236.375	0
82	8	309.2215	297.4196	0
82	9	629.1725	186.6509	0
82	10	215.5394	251.7616	0
82	11	674.8836	117.0116	0
82	12	606.47	117.3047	0
82	13	387.7553	148.317	0
82	14	569.7056	182.3855	0
82	15	617.1773	145.4539	0
82	16	441.8482	202.129	0
82	17	533.4211	166.6216	0
82	18	591.6415	149.0568	0
82	19	248.8093	284.3318	0
82	20	375.9978	260.6138	0
82	21	12.62563	277.5576	0
82	22	74.71118	305.4807	0
82	23	427.7746	182.1955	0
82	24	610.043	138.7301	0
82	25	271.5468	298.3007	0
82	26	539.9209	206.1861	0
82	27	579.5143	227.7502	0
82	28	65.82924	226.3535	0
82	29	600.8282	102.7803	0
82	30	564.1445	104.7253	0
82	31	188.3063	318.5557	0
82	32	662.1533	85.44067	0
82	33	650.2701	135.0928	0
82	34	298.0471	169.5511	0
82	35	29.02407	385.925	0
82	36	280.5768	218.2019	0
82	37	379.1879	182.9332	0
82	38	217.2359	350.2228	0
82	39	570.5641	143.9618	0
82	40	665.8268	169.4393	0
82	41	332.9919	218.495	0
82	42	294.0911	239.4111	0
82	43	384.168	203.5508	0
63	1	342.4477	186.9579	0
63	2	602.4467	189.3621	0
63	3	343.7148	166.839	0
63	4	432.1156	138.084	0
63	5	154.86	285.6678	0
63	6	437.5116	253.0613	0
63	7	326.0423	235.9901	0
63	8	308.2734	294.7035	0
63	9	625.4089	195.5091	0
63	10	218.8223	253.2696	0
63	11	675.7525	115.9837	0
63	12	606.2105	115.5233	0
63	13	387.3893	137.0805	0
63	14	570.1139	181.7204	0
63	15	613.639	148.7632	0
63	16	441.8627	196.6412	0
63	17	535.3621	167.3506	0
63	18	590.3497	149.8859	0
63	19	246.5337	282.6071	0
63	20	374.5891	257.1645	0
63	21	16.5598	278.3309	0
63	22	73.7197	304.996	0
63	23	428.0009	179.9692	0
63	24	609.526	141.5121	0
63	25	272.3299	297.8193	0
63	26	539.01	211.9257	0
63	27	578.2595	227.6273	0
63	28	65.06609	224.381	0
63	29	601.1992	104.9913	0
63	30	563.2449	108.1906	0
63	31	186.2241	319.6074	0
63	32	662.8931	83.73489	0
63	33	653.0493	129.8249	0
63	34	298.1476	173.1089	0
63	35	21.47966	382.1003	0
63	36	283.4433	225.6962	0
63	37	378.7406	176.806	0
63	38	215.9748	349.06	0
63	39	571.1432	141.8618	0
63	40	666.8869	171.0198	0
63	41	331.5066	212.6305	0
63	42	293.6725	237.1656	0
63	43	385.1862	206.5003	0
64	1	342.4812	186.9373	0
64	2	602.4462	189.3828	0
64	3	343.714	166.8463	0
64	4	432.1147	138.0918	0
64	5	154.8953	285.6255	0
64	6	437.496	253.0319	0
64	7	326.0404	235.9977	0
64	8	308.2634	294.7249	0
64	9	625.4099	195.5595	0
64	10	218.8206	253.2762	0
64	11	675.7769	115.9808	0
64	12	606.2159	115.5197	0
64	13	387.3551	137.1255	0
64	14	570.0952	181.6917	0
64	15	613.6193	148.7353	0
64	16	441.8661	196.6458	0
64	17	535.3811	167.3294	0
64	18	590.3374	149.9269	0
64	19	246.5388	282.6108	0
64	20	374.5811	257.1177	0
64	21	16.5527	278.3413	0
64	22	73.64757	305.0894	0
64	23	428.0098	179.9714	0
64	24	609.5301	141.5076	0
64	25	272.3067	297.7876	0
64	26	539.0031	211.9236	0
64	27	578.2617	227.6379	0
64	28	65.08511	224.3719	0
64	29	601.1833	104.9734	0
64	30	563.2294	108.1741	0
64	31	186.2233	319.6177	0
64	32	662.899	83.73587	0
64	33	653.0603	129.8217	0
64	34	298.1294	173.1187	0
64	35	21.48503	382.0504	0
64	36	283.4308	225.6755	0
64	37	378.7773	176.7756	0
64	38	215.925	349.1634	0
64	39	571.1401	141.8808	0
64	40	666.8938	171.0224	0
64	41	331.4902	212.619	0
64	42	293.7174	237.1516	0
64	43	385.1668	206.4865	0
65	1	342.5124	186.9113	0
65	2	602.444	189.4149	0
65	3	343.7157	166.8519	0
65	4	432.1083	138.1078	0
65	5	154.9292	285.5846	0
65	6	437.477	253.0039	0
65	7	326.0378	236.0067	0
65	8	308.2449	294.7595	0
65	9	625.4048	195.6046	0
65	10	218.8173	253.285	0
65	11	675.7977	115.9738	0
65	12	606.2433	115.5172	0
65	13	387.3247	137.1541	0
65	14	570.0746	181.6653	0
65	15	613.6025	148.7085	0
65	16	441.8635	196.6597	0
65	17	535.3953	167.3038	0
65	18	590.3242	149.9514	0
65	19	246.5433	282.6141	0
65	20	374.5728	257.0728	0
65	21	16.54251	278.3533	0
65	22	73.56747	305.1844	0
65	23	428.0206	179.9715	0
65	24	609.5345	141.5036	0
65	25	272.2845	297.7603	0
65	26	539.0023	211.9256	0
65	27	578.2654	227.6475	0
65	28	65.10079	224.3661	0
65	29	601.1669	104.9577	0
65	30	563.2126	108.1587	0
65	31	186.2279	319.6249	0
65	32	662.9056	83.73715	0
65	33	653.0897	129.8182	0
65	34	298.1294	173.1128	0
65	35	21.48211	382.0034	0
65	36	283.4147	225.6562	0
65	37	378.8086	176.7391	0
65	38	215.8689	349.271	0
65	39	571.1391	141.9063	0
65	40	666.9	171.025	0
65	41	331.4802	212.6134	0
65	42	293.7608	237.1276	0
65	43	385.1519	206.4772	0
66	1	342.5391	186.8811	0
66	2	602.4462	189.4574	0
66	3	343.7208	166.8557	0
66	4	432.0976	138.1327	0
66	5	154.9496	285.5437	0
66	6	437.4517	252.9775	0
66	7	326.0368	236.0152	0
66	8	308.2245	294.8057	0
66	9	625.3962	195.6373	0
66	10	218.812	253.2952	0
66	11	675.8128	115.9616	0
66	12	606.2681	115.5102	0
66	13	387.307	137.166	0
66	14	570.0536	181.6417	0
66	15	613.584	148.6819	0
66	16	441.8539	196.685	0
66	17	535.4025	167.2784	0
66	18	590.3149	149.9595	0
66	19	246.5482	282.6175	0
66	20	374.5658	257.0284	0
66	21	16.53357	278.3658	0
66	22	73.48183	305.2704	0
66	23	428.0316	179.972	0
66	24	609.5402	141.4986	0
66	25	272.2637	297.7419	0
66	26	539.0032	211.9295	0
66	27	578.2714	227.6548	0
66	28	65.11359	224.3635	0
66	29	601.1494	104.943	0
66	30	563.1925	108.1442	0
66	31	186.2351	319.6304	0
66	32	662.9128	83.7377	0
66	33	653.1154	129.8096	0
66	34	298.169	173.1102	0
66	35	21.46993	381.9594	0
66	36	283.3993	225.6396	0
66	37	378.8302	176.7033	0
66	38	215.8048	349.3804	0
66	39	571.1407	141.9372	0
66	40	666.906	171.0273	0
66	41	331.477	212.6133	0
66	42	293.8025	237.0968	0
66	43	385.1432	206.4733	0
67	1	342.5576	186.8517	0
67	2	602.4529	189.5072	0
67	3	343.7271	166.8589	0
67	4	432.0877	138.1652	0
67	5	154.9587	285.5015	0
67	6	437.4261	252.9535	0
67	7	326.0384	236.0216	0
67	8	308.203	294.8612	0
67	9	625.3878	195.6543	0
67	10	218.8077	253.3061	0
67	11	675.8235	115.9459	0
67	12	606.2878	115.4978	0
67	13	387.3012	137.1604	0
67	14	570.0293	181.6194	0
67	15	613.563	148.6565	0
67	16	441.8427	196.7205	0
67	17	535.4075	167.2529	0
67	18	590.3167	149.9545	0
67	19	246.5544	282.6212	0
67	20	374.5554	256.9853	0
67	21	16.52931	278.3754	0
67	22	73.40353	305.3345	0
67	23	428.0421	179.9724	0
67	24	609.5458	141.4945	0
67	25	272.2483	297.7302	0
67	26	539.0042	211.9342	0
67	27	578.2803	227.6597	0
67	28	65.11811	224.3658	0
67	29	601.1288	104.9292	0
67	30	563.1699	108.1306	0
67	31	186.2413	319.6354	0
67	32	662.9207	83.73788	0
67	33	653.1344	129.7947	0
67	34	298.2101	173.1008	0
67	35	21.45578	381.921	0
67	36	283.385	225.6281	0
67	37	378.8497	176.6675	0
67	38	215.7342	349.4792	0
67	39	571.1454	141.9717	0
67	40	666.9118	171.0293	0
67	41	331.477	212.6169	0
67	42	293.8405	237.0593	0
67	43	385.1407	206.4741	0
68	1	342.5576	186.8517	0
68	2	602.4529	189.5072	0
68	3	343.7271	166.8589	0
68	4	432.0877	138.1652	0
68	5	154.9587	285.5015	0
68	6	437.4261	252.9535	0
68	7	326.0384	236.0216	0
68	8	308.203	294.8612	0
68	9	625.3878	195.6543	0
68	10	218.8077	253.3061	0
68	11	675.8235	115.9459	0
68	12	606.2878	115.4978	0
68	13	387.3012	137.1604	0
68	14	570.0293	181.6194	0
68	15	613.563	148.6565	0
68	16	441.8427	196.7205	0
68	17	535.4075	167.2529	0
68	18	590.3167	149.9545	0
68	19	246.5544	282.6212	0
68	20	374.5554	256.9853	0
68	21	16.52931	278.3754	0
68	22	73.40353	305.3345	0
68	23	428.0421	179.9724	0
68	24	609.5458	141.4945	0
68	25	272.2483	297.7302	0
68	26	539.0042	211.9342	0
68	27	578.2803	227.6597	0
68	28	65.11811	224.3658	0
68	29	601.1288	104.9292	0
68	30	563.1699	108.1306	0
68	31	186.2413	319.6354	0
68	32	662.9207	83.73788	0
68	33	653.1344	129.7947	0
68	34	298.2101	173.1008	0
68	35	21.45578	381.921	0
68	36	283.385	225.6281	0
68	37	378.8497	176.6675	0
68	38	215.7342	349.4792	0
68	39	571.1454	141.9717	0
68	40	666.9118	171.0293	0
68	41	331.477	212.6169	0
68	42	293.8405	237.0593	0
68	43	385.1407	206.4741	0
