17	1	240.4255	376.2793	0
18	1	240.5147	376.2892	0
18	2	255.1817	84.50632	0
19	1	240.6161	376.3011	0
19	2	255.1296	84.51819	0
19	3	213.2007	374.3718	0
20	1	240.7232	376.3178	0
20	2	255.0782	84.53384	0
20	3	213.2058	374.3706	0
20	4	160.6047	274.5587	0
21	1	240.8338	376.3402	0
21	2	255.0325	84.5513	0
21	3	213.2123	374.3698	0
21	4	160.5898	274.5771	0
21	5	378.6352	534.9985	0
22	1	240.942	376.3706	0
22	2	254.9897	84.57114	0
22	3	213.2221	374.3694	0
22	4	160.5825	274.5883	0
22	5	378.619	535.0201	0
22	6	338.2927	269.0504	0
23	1	241.0352	376.4084	0
23	2	254.9493	84.59787	0
23	3	213.2342	374.3705	0
23	4	160.5818	274.5919	0
23	5	378.6098	535.0345	0
23	6	338.3735	269.0606	0
23	7	314.1911	383.5947	0
24	1	241.0971	376.4427	0
24	2	254.9124	84.62814	0
24	3	213.2476	374.3705	0
24	4	160.586	274.5914	0
24	5	378.6072	535.0403	0
24	6	338.459	269.0747	0
24	7	314.1796	383.5859	0
24	8	387.2925	387.4782	0
25	1	241.1221	376.4625	0
25	2	254.8813	84.6554	0
25	3	213.2579	374.3683	0
25	4	160.5915	274.5904	0
25	5	378.61	535.0401	0
25	6	338.5473	269.0934	0
25	7	314.1679	383.5768	0
25	8	387.2928	387.4688	0
25	9	251.4934	56.92157	0
26	1	241.1121	376.4652	0
26	2	254.8606	84.67896	0
26	3	213.2659	374.3633	0
26	4	160.5992	274.5897	0
26	5	378.6149	535.0386	0
26	6	338.6337	269.1184	0
26	7	314.1571	383.567	0
26	8	387.2918	387.4596	0
26	9	251.4453	56.90646	0
27	1	241.1054	376.4139	0
27	2	254.8477	84.69562	0
27	3	213.271	374.3556	0
27	4	160.61	274.5901	0
27	5	378.6215	535.0374	0
27	6	338.7084	269.1481	0
27	7	314.1443	383.555	0
27	8	387.2836	387.4515	0
27	9	251.3955	56.89352	0
27	10	343.4933	484.6569	0
28	1	241.0845	376.3632	0
28	2	254.8432	84.70422	0
28	3	213.2761	374.3486	0
28	4	160.6232	274.591	0
28	5	378.6314	535.0367	0
28	6	338.7585	269.1742	0
28	7	314.1318	383.5423	0
28	8	387.2729	387.4436	0
28	9	251.3488	56.88824	0
28	10	343.4598	484.6786	0
28	11	97.89049	-51.63605	0
29	1	241.0484	376.3175	0
29	2	254.845	84.70581	0
29	3	213.2809	374.3423	0
29	4	160.6358	274.5904	0
29	5	378.644	535.0379	0
29	6	338.7786	269.19	0
29	7	314.1244	383.5315	0
29	8	387.2628	387.4353	0
29	9	251.3014	56.8931	0
29	10	343.4289	484.7049	0
29	11	97.87306	-51.6709	0
29	12	103.6452	43.20245	0
30	1	240.9993	376.2762	0
30	2	254.8505	84.70514	0
30	3	213.2859	374.3367	0
30	4	160.6457	274.5873	0
30	5	378.6579	535.0379	0
30	6	338.7699	269.1937	0
30	7	314.1219	383.5237	0
30	8	387.2529	387.4257	0
30	9	251.2558	56.90277	0
30	10	343.4025	484.7299	0
30	11	97.84386	-51.70209	0
30	12	103.62	43.16809	0
30	13	163.1795	326.6174	0
31	1	240.9393	376.2401	0
31	2	254.8573	84.70465	0
31	3	213.2912	374.3308	0
31	4	160.6525	274.5808	0
31	5	378.6685	535.0357	0
31	6	338.7639	269.153	0
31	7	314.13	383.5222	0
31	8	387.2404	387.4144	0
31	9	251.2114	56.91	0
31	10	343.3846	484.7519	0
31	11	97.80637	-51.72998	0
31	12	103.5841	43.13727	0
31	13	163.2263	326.6272	0
31	14	234.2604	113.9329	0
32	1	240.8746	376.213	0
32	2	254.8677	84.70447	0
32	3	213.2968	374.3243	0
32	4	160.6578	274.5732	0
32	5	378.677	535.0306	0
32	6	338.7466	269.1128	0
32	7	314.1521	383.5265	0
32	8	387.2318	387.4045	0
32	9	251.1674	56.91946	0
32	10	343.3734	484.7683	0
32	11	97.76077	-51.75385	0
32	12	103.5399	43.11005	0
32	13	163.2833	326.6365	0
32	14	234.1993	113.9167	0
32	15	177.4985	51.69049	0
33	1	240.8096	376.1957	0
33	2	254.8808	84.70563	0
33	3	213.3002	374.3153	0
33	4	160.6627	274.5665	0
33	5	378.6823	535.0226	0
33	6	338.7173	269.0762	0
33	7	314.1892	383.5367	0
33	8	387.2269	387.3955	0
33	9	251.1243	56.93185	0
33	10	343.369	484.7775	0
33	11	97.71405	-51.77014	0
33	12	103.4908	43.08862	0
33	13	163.3461	326.6443	0
33	14	234.1422	113.9102	0
33	15	177.5451	51.70032	0
33	16	265.4402	263.8585	0
34	1	240.7481	376.1806	0
34	2	254.8965	84.70602	0
34	3	213.3011	374.3043	0
34	4	160.6677	274.5601	0
34	5	378.6874	535.0153	0
34	6	338.6779	269.0428	0
34	7	314.2391	383.5473	0
34	8	387.2286	387.3911	0
34	9	251.0854	56.94623	0
34	10	343.3701	484.7794	0
34	11	97.66694	-51.78192	0
34	12	103.4419	43.07678	0
34	13	163.4187	326.6534	0
34	14	234.084	113.9168	0
34	15	177.6002	51.70905	0
34	16	265.4534	263.8587	0
34	17	203.6564	151.985	0
