17	1	528.9982	355.5181	0
18	1	528.9982	355.5181	0
18	2	541.8	98.22229	0
19	1	528.9982	355.5181	0
19	2	541.8	98.22229	0
19	3	501.8425	357.3635	0
20	1	528.9982	355.5181	0
20	2	541.8	98.22229	0
20	3	501.8425	357.3635	0
20	4	457.7202	267.5262	0
21	1	528.9982	355.5181	0
21	2	541.8	98.22229	0
21	3	501.8425	357.3635	0
21	4	457.7202	267.5262	0
21	5	652.6637	500.8114	0
22	1	528.9982	355.5181	0
22	2	541.8	98.22229	0
22	3	501.8425	357.3635	0
22	4	457.7202	267.5262	0
22	5	652.6637	500.8114	0
22	6	615.7263	260.2679	0
23	1	528.9982	355.5181	0
23	2	541.8	98.22229	0
23	3	501.8425	357.3635	0
23	4	457.7202	267.5262	0
23	5	652.6637	500.8114	0
23	6	615.7263	260.2679	0
23	7	594.5058	364.6671	0
24	1	528.9982	355.5181	0
24	2	541.8	98.22229	0
24	3	501.8425	357.3635	0
24	4	457.7202	267.5262	0
24	5	652.6637	500.8114	0
24	6	615.7263	260.2679	0
24	7	594.5058	364.6671	0
24	8	660.5347	367.9883	0
25	1	528.9982	355.5181	0
25	2	541.8	98.22229	0
25	3	501.8425	357.3635	0
25	4	457.7202	267.5262	0
25	5	652.6637	500.8114	0
25	6	615.7263	260.2679	0
25	7	594.5058	364.6671	0
25	8	660.5347	367.9883	0
25	9	536.6237	71.13409	0
26	1	528.9982	355.5181	0
26	2	541.8	98.22229	0
26	3	501.8425	357.3635	0
26	4	457.7202	267.5262	0
26	5	652.6637	500.8114	0
26	6	615.7263	260.2679	0
26	7	594.5058	364.6671	0
26	8	660.5347	367.9883	0
26	9	536.6237	71.13409	0
27	1	528.9982	355.5181	0
27	2	541.8	98.22229	0
27	3	501.8425	357.3635	0
27	4	457.7202	267.5262	0
27	5	652.6637	500.8114	0
27	6	615.7263	260.2679	0
27	7	594.5058	364.6671	0
27	8	660.5347	367.9883	0
27	9	536.6237	71.13409	0
27	10	618.9202	455.1848	0
28	1	528.9982	355.5181	0
28	2	541.8	98.22229	0
28	3	501.8425	357.3635	0
28	4	457.7202	267.5262	0
28	5	652.6637	500.8114	0
28	6	615.7263	260.2679	0
28	7	594.5058	364.6671	0
28	8	660.5347	367.9883	0
28	9	536.6237	71.13409	0
28	10	618.9202	455.1848	0
28	11	398.4152	-26.79919	0
29	1	528.9982	355.5181	0
29	2	541.8	98.22229	0
29	3	501.8425	357.3635	0
29	4	457.7202	267.5262	0
29	5	652.6637	500.8114	0
29	6	615.7263	260.2679	0
29	7	594.5058	364.6671	0
29	8	660.5347	367.9883	0
29	9	536.6237	71.13409	0
29	10	618.9202	455.1848	0
29	11	398.4152	-26.79919	0
29	12	404.002	58.82629	0
30	1	528.9982	355.5181	0
30	2	541.8	98.22229	0
30	3	501.8425	357.3635	0
30	4	457.7202	267.5262	0
30	5	652.6637	500.8114	0
30	6	615.7263	260.2679	0
30	7	594.5058	364.6671	0
30	8	660.5347	367.9883	0
30	9	536.6237	71.13409	0
30	10	618.9202	455.1848	0
30	11	398.4152	-26.79919	0
30	12	404.002	58.82629	0
30	13	457.6841	314.4275	0
31	1	528.9982	355.5181	0
31	2	541.8	98.22229	0
31	3	501.8425	357.3635	0
31	4	457.7202	267.5262	0
31	5	652.6637	500.8114	0
31	6	615.7263	260.2679	0
31	7	594.5058	364.6671	0
31	8	660.5347	367.9883	0
31	9	536.6237	71.13409	0
31	10	618.9202	455.1848	0
31	11	398.4152	-26.79919	0
31	12	404.002	58.82629	0
31	13	457.6841	314.4275	0
31	14	521.1698	124.9046	0
32	1	528.9982	355.5181	0
32	2	541.8	98.22229	0
32	3	501.8425	357.3635	0
32	4	457.7202	267.5262	0
32	5	652.6637	500.8114	0
32	6	615.7263	260.2679	0
32	7	594.5058	364.6671	0
32	8	660.5347	367.9883	0
32	9	536.6237	71.13409	0
32	10	618.9202	455.1848	0
32	11	398.4152	-26.79919	0
32	12	404.002	58.82629	0
32	13	457.6841	314.4275	0
32	14	521.1698	124.9046	0
32	15	470.0282	66.18832	0
33	1	528.9982	355.5181	0
33	2	541.8	98.22229	0
33	3	501.8425	357.3635	0
33	4	457.7202	267.5262	0
33	5	652.6637	500.8114	0
33	6	615.7263	260.2679	0
33	7	594.5058	364.6671	0
33	8	660.5347	367.9883	0
33	9	536.6237	71.13409	0
33	10	618.9202	455.1848	0
33	11	398.4152	-26.79919	0
33	12	404.002	58.82629	0
33	13	457.6841	314.4275	0
33	14	521.1698	124.9046	0
33	15	470.0282	66.18832	0
33	16	548.947	258.5349	0
34	1	528.9982	355.5181	0
34	2	541.8	98.22229	0
34	3	501.8425	357.3635	0
34	4	457.7202	267.5262	0
34	5	652.6637	500.8114	0
34	6	615.7263	260.2679	0
34	7	594.5058	364.6671	0
34	8	660.5347	367.9883	0
34	9	536.6237	71.13409	0
34	10	618.9202	455.1848	0
34	11	398.4152	-26.79919	0
34	12	404.002	58.82629	0
34	13	457.6841	314.4275	0
34	14	521.1698	124.9046	0
34	15	470.0282	66.18832	0
34	16	548.947	258.5349	0
34	17	495.3438	158.118	0
35	1	528.9982	355.5181	0
35	2	541.8	98.22229	0
35	3	501.8425	357.3635	0
35	4	457.7202	267.5262	0
35	5	652.6637	500.8114	0
35	6	615.7263	260.2679	0
35	7	594.5058	364.6671	0
35	8	660.5347	367.9883	0
35	9	536.6237	71.13409	0
35	10	618.9202	455.1848	0
35	11	398.4152	-26.79919	0
35	12	404.002	58.82629	0
35	13	457.6841	314.4275	0
35	14	521.1698	124.9046	0
35	15	470.0282	66.18832	0
35	16	548.947	258.5349	0
35	17	495.3438	158.118	0
35	18	474.0941	94.26541	0
36	1	528.9982	355.5181	0
36	2	541.8	98.22229	0
36	3	501.8425	357.3635	0
36	4	457.7202	267.5262	0
36	5	652.6637	500.8114	0
36	6	615.7263	260.2679	0
36	7	594.5058	364.6671	0
36	8	660.5347	367.9883	0
36	9	536.6237	71.13409	0
36	10	618.9202	455.1848	0
36	11	398.4152	-26.79919	0
36	12	404.002	58.82629	0
36	13	457.6841	314.4275	0
36	14	521.1698	124.9046	0
36	15	470.0282	66.18832	0
36	16	548.947	258.5349	0
36	17	495.3438	158.118	0
36	18	474.0941	94.26541	0
37	1	528.9982	355.5181	0
37	2	541.8	98.22229	0
37	3	501.8425	357.3635	0
37	4	457.7202	267.5262	0
37	5	652.6637	500.8114	0
37	6	615.7263	260.2679	0
37	7	594.5058	364.6671	0
37	8	660.5347	367.9883	0
37	9	536.6237	71.13409	0
37	10	618.9202	455.1848	0
37	11	398.4152	-26.79919	0
37	12	404.002	58.82629	0
37	13	457.6841	314.4275	0
37	14	521.1698	124.9046	0
37	15	470.0282	66.18832	0
37	16	548.947	258.5349	0
37	17	495.3438	158.118	0
37	18	474.0941	94.26541	0
37	19	646.2338	423.437	0
38	1	528.9982	355.5181	0
38	2	541.8	98.22229	0
38	3	501.8425	357.3635	0
38	4	457.7202	267.5262	0
38	5	652.6637	500.8114	0
38	6	615.7263	260.2679	0
38	7	594.5058	364.6671	0
38	8	660.5347	367.9883	0
38	9	536.6237	71.13409	0
38	10	618.9202	455.1848	0
38	11	398.4152	-26.79919	0
38	12	404.002	58.82629	0
38	13	457.6841	314.4275	0
38	14	521.1698	124.9046	0
38	15	470.0282	66.18832	0
38	16	548.947	258.5349	0
38	17	495.3438	158.118	0
38	18	474.0941	94.26541	0
38	19	646.2338	423.437	0
38	20	624.2836	315.4145	0
39	1	528.9982	355.5181	0
39	2	541.8	98.22229	0
39	3	501.8425	357.3635	0
39	4	457.7202	267.5262	0
39	5	652.6637	500.8114	0
39	6	615.7263	260.2679	0
39	7	594.5058	364.6671	0
39	8	660.5347	367.9883	0
39	9	536.6237	71.13409	0
39	10	618.9202	455.1848	0
39	11	398.4152	-26.79919	0
39	12	404.002	58.82629	0
39	13	457.6841	314.4275	0
39	14	521.1698	124.9046	0
39	15	470.0282	66.18832	0
39	16	548.947	258.5349	0
39	17	495.3438	158.118	0
39	18	474.0941	94.26541	0
39	19	646.2338	423.437	0
39	20	624.2836	315.4145	0
39	21	647.234	618.0776	0
17	1	363.6091	356.9304	0
18	1	363.6091	356.9304	0
18	2	377.4637	98.75253	0
19	1	363.6091	356.9304	0
19	2	377.4637	98.75253	0
19	3	338.8536	357.373	0
20	1	363.6091	356.9304	0
20	2	377.4637	98.75253	0
20	3	338.8536	357.373	0
20	4	292.2421	265.761	0
21	1	363.6091	356.9304	0
21	2	377.4637	98.75253	0
21	3	338.8536	357.373	0
21	4	292.2421	265.761	0
21	5	488.2295	501.5292	0
22	1	363.6091	356.9304	0
22	2	377.4637	98.75253	0
22	3	338.8536	357.373	0
22	4	292.2421	265.761	0
22	5	488.2295	501.5292	0
22	6	451.61	260.283	0
23	1	363.6091	356.9304	0
23	2	377.4637	98.75253	0
23	3	338.8536	357.373	0
23	4	292.2421	265.761	0
23	5	488.2295	501.5292	0
23	6	451.61	260.283	0
23	7	429.2098	363.5836	0
24	1	363.6091	356.9304	0
24	2	377.4637	98.75253	0
24	3	338.8536	357.373	0
24	4	292.2421	265.761	0
24	5	488.2295	501.5292	0
24	6	451.61	260.283	0
24	7	429.2098	363.5836	0
24	8	495.5997	367.6649	0
25	1	363.6091	356.9304	0
25	2	377.4637	98.75253	0
25	3	338.8536	357.373	0
25	4	292.2421	265.761	0
25	5	488.2295	501.5292	0
25	6	451.61	260.283	0
25	7	429.2098	363.5836	0
25	8	495.5997	367.6649	0
25	9	371.0587	71.58521	0
26	1	363.6091	356.9304	0
26	2	377.4637	98.75253	0
26	3	338.8536	357.373	0
26	4	292.2421	265.761	0
26	5	488.2295	501.5292	0
26	6	451.61	260.283	0
26	7	429.2098	363.5836	0
26	8	495.5997	367.6649	0
26	9	371.0587	71.58521	0
27	1	363.6091	356.9304	0
27	2	377.4637	98.75253	0
27	3	338.8536	357.373	0
27	4	292.2421	265.761	0
27	5	488.2295	501.5292	0
27	6	451.61	260.283	0
27	7	429.2098	363.5836	0
27	8	495.5997	367.6649	0
27	9	371.0587	71.58521	0
27	10	454.4579	455.8227	0
28	1	363.6091	356.9304	0
28	2	377.4637	98.75253	0
28	3	338.8536	357.373	0
28	4	292.2421	265.761	0
28	5	488.2295	501.5292	0
28	6	451.61	260.283	0
28	7	429.2098	363.5836	0
28	8	495.5997	367.6649	0
28	9	371.0587	71.58521	0
28	10	454.4579	455.8227	0
28	11	235.543	-26.48206	0
29	1	363.6091	356.9304	0
29	2	377.4637	98.75253	0
29	3	338.8536	357.373	0
29	4	292.2421	265.761	0
29	5	488.2295	501.5292	0
29	6	451.61	260.283	0
29	7	429.2098	363.5836	0
29	8	495.5997	367.6649	0
29	9	371.0587	71.58521	0
29	10	454.4579	455.8227	0
29	11	235.543	-26.48206	0
29	12	237.7744	58.03647	0
30	1	363.6091	356.9304	0
30	2	377.4637	98.75253	0
30	3	338.8536	357.373	0
30	4	292.2421	265.761	0
30	5	488.2295	501.5292	0
30	6	451.61	260.283	0
30	7	429.2098	363.5836	0
30	8	495.5997	367.6649	0
30	9	371.0587	71.58521	0
30	10	454.4579	455.8227	0
30	11	235.543	-26.48206	0
30	12	237.7744	58.03647	0
30	13	293.3383	315.8258	0
31	1	363.6091	356.9304	0
31	2	377.4637	98.75253	0
31	3	338.8536	357.373	0
31	4	292.2421	265.761	0
31	5	488.2295	501.5292	0
31	6	451.61	260.283	0
31	7	429.2098	363.5836	0
31	8	495.5997	367.6649	0
31	9	371.0587	71.58521	0
31	10	454.4579	455.8227	0
31	11	235.543	-26.48206	0
31	12	237.7744	58.03647	0
31	13	293.3383	315.8258	0
31	14	356.9127	125.4293	0
