63	1	401.3901	115.0229	0
63	2	688.6523	128.8681	0
63	3	397.6249	120.4176	0
63	4	482.8713	105.7834	0
63	5	160.9794	150.9751	0
63	6	536.2135	143.5454	0
63	7	391.9502	135.43	0
63	8	383.7824	153.8358	0
63	9	717.0452	128.6442	0
63	10	256.5218	148.6303	0
63	11	709.447	100.7939	0
63	12	643.3538	106.648	0
63	13	436.8143	106.5029	0
63	14	647.3796	126.2847	0
63	15	672.8458	108.9451	0
63	16	514.9999	127.7306	0
63	17	600.1534	115.8711	0
63	18	650.1823	116.8156	0
63	19	293.287	160.519	0
63	20	460.7956	142.9226	0
63	21	-30.34742	159.9985	0
63	22	36.41754	159.9686	0
63	23	491.643	120.6953	0
63	24	658.4072	113.2638	0
63	25	333.5021	162.1519	0
63	26	632.7355	129.5599	0
63	27	694.8145	135.2075	0
63	28	61.53016	133.2319	0
63	29	631.1091	100.8963	0
63	30	599.9336	100.2943	0
63	31	205.6133	182.1867	0
63	32	676.8262	98.06604	0
63	33	699.4559	105.3745	0
63	34	349.0964	127.5923	0
63	35	-112.9516	207.3072	0
63	36	334.5011	127.9997	0
63	37	439.4516	117.0491	0
63	38	248.3952	182.2523	0
63	39	625.1261	110.8842	0
63	40	740.535	118.7662	0
63	41	395.4019	138.5034	0
63	42	352.776	130.3943	0
63	43	454.4489	125.4693	0
64	1	401.3858	115.0126	0
64	2	688.661	128.8679	0
64	3	397.6205	120.4178	0
64	4	482.8433	105.7784	0
64	5	161.0589	150.9738	0
64	6	536.2173	143.549	0
64	7	391.9645	135.4299	0
64	8	383.73	153.8549	0
64	9	717.0494	128.6458	0
64	10	256.5389	148.6278	0
64	11	709.4244	100.7914	0
64	12	643.321	106.6442	0
64	13	436.8233	106.5026	0
64	14	647.3525	126.2807	0
64	15	672.8516	108.946	0
64	16	515.0055	127.7286	0
64	17	600.1422	115.8698	0
64	18	650.1469	116.8109	0
64	19	293.2935	160.5193	0
64	20	460.8053	142.9193	0
64	21	-30.31293	159.9948	0
64	22	36.42026	159.9685	0
64	23	491.6578	120.6944	0
64	24	658.4119	113.2637	0
64	25	333.4955	162.1293	0
64	26	632.6951	129.5535	0
64	27	694.8267	135.2076	0
64	28	61.52556	133.2342	0
64	29	631.082	100.8904	0
64	30	599.9011	100.2904	0
64	31	205.6904	182.1746	0
64	32	676.8287	98.06689	0
64	33	699.4159	105.3693	0
64	34	349.1173	127.5863	0
64	35	-112.8368	207.2591	0
64	36	334.4898	127.9888	0
64	37	439.4601	117.0473	0
64	38	248.3349	182.286	0
64	39	625.1307	110.8853	0
64	40	740.551	118.7715	0
64	41	395.4245	138.4946	0
64	42	352.7352	130.422	0
64	43	454.4201	125.4615	0
65	1	401.3713	115.0005	0
65	2	688.6705	128.8674	0
65	3	397.6203	120.419	0
65	4	482.8096	105.7734	0
65	5	161.146	150.9686	0
65	6	536.2224	143.5524	0
65	7	391.9782	135.4305	0
65	8	383.6942	153.8631	0
65	9	717.0547	128.6476	0
65	10	256.5596	148.6249	0
65	11	709.4121	100.79	0
65	12	643.2918	106.6406	0
65	13	436.834	106.5025	0
65	14	647.3337	126.2778	0
65	15	672.8571	108.9478	0
65	16	515.0116	127.727	0
65	17	600.1401	115.8705	0
65	18	650.1101	116.8062	0
65	19	293.3006	160.5191	0
65	20	460.8154	142.9165	0
65	21	-30.27281	159.9912	0
65	22	36.42353	159.9688	0
65	23	491.6967	120.6943	0
65	24	658.4127	113.2627	0
65	25	333.4844	162.1086	0
65	26	632.6642	129.5486	0
65	27	694.8365	135.208	0
65	28	61.51921	133.2369	0
65	29	631.0533	100.885	0
65	30	599.8741	100.2872	0
65	31	205.769	182.1582	0
65	32	676.8318	98.0679	0
65	33	699.378	105.3648	0
65	34	349.1331	127.5806	0
65	35	-112.7329	207.2124	0
65	36	334.4758	127.9793	0
65	37	439.4689	117.0461	0
65	38	248.2673	182.3279	0
65	39	625.135	110.8871	0
65	40	740.5753	118.7789	0
65	41	395.4381	138.487	0
65	42	352.6854	130.4473	0
65	43	454.3844	125.4539	0
66	1	401.3581	114.9887	0
66	2	688.6809	128.8674	0
66	3	397.6208	120.4205	0
66	4	482.7775	105.7681	0
66	5	161.2382	150.9583	0
66	6	536.2288	143.5555	0
66	7	391.9906	135.4295	0
66	8	383.6759	153.8609	0
66	9	717.0614	128.6497	0
66	10	256.582	148.6225	0
66	11	709.4094	100.7906	0
66	12	643.2689	106.6378	0
66	13	436.8453	106.5025	0
66	14	647.3246	126.2768	0
66	15	672.8654	108.9504	0
66	16	515.0193	127.7254	0
66	17	600.1425	115.8719	0
66	18	650.0776	116.8018	0
66	19	293.3092	160.5195	0
66	20	460.8282	142.9137	0
66	21	-30.24314	159.9899	0
66	22	36.43322	159.9695	0
66	23	491.7314	120.6927	0
66	24	658.4137	113.2616	0
66	25	333.4696	162.0912	0
66	26	632.6443	129.5455	0
66	27	694.8381	135.2058	0
66	28	61.50928	133.2401	0
66	29	631.0233	100.8808	0
66	30	599.8544	100.2847	0
66	31	205.8461	182.1376	0
66	32	676.8359	98.06909	0
66	33	699.3383	105.3604	0
66	34	349.1456	127.5745	0
66	35	-112.636	207.1697	0
66	36	334.4565	127.9701	0
66	37	439.4802	117.0446	0
66	38	248.1977	182.373	0
66	39	625.1414	110.8897	0
66	40	740.61	118.7878	0
66	41	395.451	138.4787	0
66	42	352.6306	130.4633	0
66	43	454.3491	125.4463	0
67	1	401.3451	114.9776	0
67	2	688.6909	128.8673	0
67	3	397.6211	120.4223	0
67	4	482.7499	105.7639	0
67	5	161.3324	150.9443	0
67	6	536.2377	143.5574	0
67	7	392.0022	135.4268	0
67	8	383.7237	153.8598	0
67	9	717.0694	128.6516	0
67	10	256.5993	148.622	0
67	11	709.4123	100.7916	0
67	12	643.2532	106.6357	0
67	13	436.8556	106.5031	0
67	14	647.3239	126.2776	0
67	15	672.8773	108.9549	0
67	16	515.0279	127.7237	0
67	17	600.1456	115.8735	0
67	18	650.0524	116.7983	0
67	19	293.3217	160.5197	0
67	20	460.8429	142.9107	0
67	21	-30.22231	159.9906	0
67	22	36.45304	159.9692	0
67	23	491.7593	120.689	0
67	24	658.4153	113.2609	0
67	25	333.4509	162.0749	0
67	26	632.6362	129.5452	0
67	27	694.8384	135.2034	0
67	28	61.49543	133.243	0
67	29	630.9945	100.8772	0
67	30	599.8432	100.2834	0
67	31	205.9134	182.1159	0
67	32	676.8405	98.0701	0
67	33	699.2949	105.356	0
67	34	349.148	127.5666	0
67	35	-112.5585	207.1333	0
67	36	334.4288	127.9611	0
67	37	439.4929	117.0435	0
67	38	248.119	182.4266	0
67	39	625.1492	110.8945	0
67	40	740.653	118.7968	0
67	41	395.4536	138.4692	0
67	42	352.5862	130.4703	0
67	43	454.3182	125.44	0
68	1	401.3288	114.9673	0
68	2	688.7019	128.8672	0
68	3	397.6208	120.4243	0
68	4	482.7287	105.7605	0
68	5	161.4262	150.9261	0
68	6	536.2494	143.5587	0
68	7	392.0143	135.4243	0
68	8	383.7938	153.8574	0
68	9	717.0786	128.6536	0
68	10	256.6115	148.6231	0
68	11	709.4161	100.7928	0
68	12	643.2455	106.6351	0
68	13	436.8643	106.5027	0
68	14	647.3269	126.2789	0
68	15	672.8952	108.9616	0
68	16	515.0362	127.7233	0
68	17	600.1498	115.8754	0
68	18	650.0352	116.7959	0
68	19	293.3365	160.5195	0
68	20	460.8559	142.9098	0
68	21	-30.22298	159.9941	0
68	22	36.47216	159.9694	0
68	23	491.7815	120.6838	0
68	24	658.4178	113.26	0
68	25	333.4243	162.0597	0
68	26	632.6371	129.5465	0
68	27	694.8395	135.2014	0
68	28	61.48148	133.2462	0
68	29	630.9637	100.8737	0
68	30	599.8402	100.2839	0
68	31	205.9711	182.0946	0
68	32	676.8463	98.07092	0
68	33	699.2533	105.3515	0
68	34	349.1435	127.5575	0
68	35	-112.4962	207.0981	0
68	36	334.3992	127.9523	0
68	37	439.5037	117.0436	0
68	38	248.0277	182.4864	0
68	39	625.1622	110.9011	0
68	40	740.7023	118.8079	0
68	41	395.4462	138.4578	0
68	42	352.5627	130.4716	0
68	43	454.2936	125.4351	0
69	1	401.3094	114.9592	0
69	2	688.7114	128.8672	0
69	3	397.6198	120.4261	0
69	4	482.716	105.7586	0
69	5	161.5067	150.9082	0
69	6	536.261	143.5605	0
69	7	392.0273	135.4221	0
69	8	383.8599	153.85	0
69	9	717.0879	128.655	0
69	10	256.6116	148.6266	0
69	11	709.4213	100.7943	0
69	12	643.2451	106.6358	0
69	13	436.8718	106.5014	0
69	14	647.3303	126.2805	0
69	15	672.9224	108.97	0
69	16	515.045	127.7238	0
69	17	600.1539	115.8774	0
69	18	650.0271	116.7953	0
69	19	293.3513	160.5195	0
69	20	460.8683	142.9104	0
69	21	-30.25304	160.0014	0
69	22	36.4922	159.9706	0
69	23	491.7967	120.6769	0
69	24	658.4205	113.2597	0
69	25	333.3886	162.0448	0
69	26	632.6409	129.5484	0
69	27	694.8428	135.1993	0
69	28	61.47337	133.2488	0
69	29	630.9291	100.8701	0
69	30	599.842	100.2849	0
69	31	206.0221	182.0731	0
69	32	676.8526	98.07172	0
69	33	699.2183	105.3477	0
69	34	349.1395	127.5486	0
69	35	-112.457	207.0651	0
69	36	334.3719	127.945	0
69	37	439.513	117.0448	0
69	38	247.9247	182.5502	0
69	39	625.1823	110.9087	0
69	40	740.752	118.8208	0
69	41	395.4353	138.4459	0
69	42	352.5689	130.4689	0
69	43	454.2782	125.4322	0
70	1	401.2891	114.9518	0
70	2	688.7192	128.8676	0
70	3	397.62	120.4279	0
70	4	482.712	105.759	0
70	5	161.5809	150.8907	0
70	6	536.2714	143.5615	0
70	7	392.0433	135.4196	0
70	8	383.92	153.838	0
70	9	717.0983	128.6555	0
70	10	256.5984	148.6331	0
70	11	709.4274	100.7957	0
70	12	643.2474	106.6368	0
70	13	436.8795	106.5003	0
70	14	647.3351	126.2824	0
70	15	672.9559	108.9777	0
70	16	515.0508	127.7257	0
70	17	600.1595	115.8792	0
70	18	650.0269	116.7961	0
70	19	293.3658	160.5199	0
70	20	460.8746	142.9132	0
70	21	-30.31524	160.0146	0
70	22	36.52206	159.9677	0
70	23	491.8035	120.6706	0
70	24	658.4243	113.26	0
70	25	333.3541	162.0308	0
70	26	632.6452	129.5506	0
70	27	694.8456	135.1974	0
70	28	61.47118	133.2497	0
70	29	630.8964	100.8663	0
70	30	599.8446	100.2861	0
70	31	206.0531	182.0486	0
70	32	676.8595	98.0719	0
70	33	699.1923	105.3446	0
70	34	349.1354	127.5402	0
70	35	-112.4343	207.0342	0
70	36	334.3488	127.9393	0
70	37	439.5169	117.0471	0
70	38	247.8087	182.6135	0
70	39	625.2083	110.9164	0
70	40	740.7998	118.8349	0
70	41	395.4269	138.4349	0
70	42	352.63	130.4691	0
70	43	454.2725	125.4323	0
71	1	401.2639	114.9449	0
71	2	688.7205	128.8661	0
71	3	397.6222	120.4292	0
71	4	482.7132	105.7602	0
71	5	161.6401	150.8734	0
71	6	536.2814	143.5625	0
71	7	392.0588	135.4184	0
71	8	383.9739	153.8224	0
71	9	717.1083	128.6564	0
71	10	256.5703	148.6444	0
71	11	709.435	100.7968	0
71	12	643.2503	106.638	0
71	13	436.8882	106.4994	0
71	14	647.3401	126.2843	0
71	15	672.9962	108.9873	0
71	16	515.0535	127.729	0
71	17	600.1658	115.8807	0
71	18	650.0295	116.7973	0
71	19	293.3813	160.5167	0
71	20	460.8752	142.9189	0
71	21	-30.39999	160.0333	0
71	22	36.5584	159.9623	0
71	23	491.8054	120.6638	0
71	24	658.4279	113.261	0
71	25	333.3223	162.0206	0
71	26	632.651	129.5532	0
71	27	694.8502	135.197	0
71	28	61.47604	133.251	0
71	29	630.869	100.8632	0
71	30	599.8481	100.2874	0
71	31	206.0697	182.022	0
71	32	676.8672	98.07214	0
71	33	699.1765	105.3427	0
71	34	349.129	127.5324	0
71	35	-112.4231	207.008	0
71	36	334.3333	127.936	0
71	37	439.5161	117.0507	0
71	38	247.685	182.6642	0
71	39	625.2376	110.9261	0
71	40	740.8427	118.8488	0
71	41	395.4157	138.4241	0
71	42	352.6915	130.4669	0
71	43	454.2732	125.4338	0
72	1	401.2312	114.938	0
72	2	688.721	128.8643	0
72	3	397.6274	120.4297	0
72	4	482.7152	105.7617	0
72	5	161.6778	150.8515	0
72	6	536.2914	143.5623	0
72	7	392.0727	135.4185	0
72	8	384.0186	153.8026	0
72	9	717.1172	128.6573	0
72	10	256.5354	148.66	0
72	11	709.4432	100.7979	0
72	12	643.2543	106.6393	0
72	13	436.899	106.4984	0
72	14	647.3467	126.2862	0
72	15	673.0379	108.999	0
72	16	515.0544	127.7348	0
72	17	600.1734	115.8815	0
72	18	650.0328	116.7988	0
72	19	293.3976	160.5128	0
72	20	460.8701	142.9291	0
72	21	-30.50307	160.0566	0
72	22	36.59475	159.9574	0
72	23	491.8015	120.6566	0
72	24	658.4323	113.2626	0
72	25	333.2976	162.0132	0
72	26	632.6572	129.5556	0
72	27	694.8565	135.1979	0
72	28	61.48032	133.2528	0
72	29	630.8484	100.8606	0
72	30	599.8517	100.2889	0
72	31	206.0849	181.9962	0
72	32	676.8742	98.07278	0
72	33	699.1708	105.3428	0
72	34	349.1207	127.526	0
72	35	-112.4294	206.9894	0
72	36	334.3266	127.9361	0
72	37	439.5094	117.0572	0
72	38	247.5789	182.6945	0
72	39	625.266	110.9373	0
72	40	740.8746	118.8584	0
72	41	395.4023	138.4148	0
72	42	352.7489	130.4608	0
72	43	454.2752	125.4358	0
73	1	401.199	114.9308	0
73	2	688.722	128.8629	0
73	3	397.6343	120.4306	0
73	4	482.7174	105.7635	0
73	5	161.7009	150.8278	0
73	6	536.3023	143.562	0
73	7	392.0815	135.4204	0
73	8	384.0472	153.7845	0
73	9	717.126	128.6578	0
73	10	256.496	148.679	0
73	11	709.4518	100.7984	0
73	12	643.2584	106.6406	0
73	13	436.9094	106.4984	0
73	14	647.3537	126.2878	0
73	15	673.0775	109.0121	0
73	16	515.0557	127.7438	0
73	17	600.1827	115.8822	0
73	18	650.0374	116.8004	0
73	19	293.4142	160.5096	0
73	20	460.8639	142.9442	0
73	21	-30.61443	160.08	0
73	22	36.63159	159.953	0
73	23	491.7854	120.6468	0
73	24	658.4391	113.2653	0
73	25	333.2827	162.0099	0
73	26	632.665	129.5582	0
73	27	694.8637	135.2005	0
73	28	61.4841	133.2538	0
73	29	630.8362	100.8591	0
73	30	599.8562	100.29	0
73	31	206.1011	181.9713	0
73	32	676.8809	98.073	0
73	33	699.1728	105.3438	0
73	34	349.1108	127.5202	0
73	35	-112.4387	206.978	0
73	36	334.3254	127.9378	0
73	37	439.5022	117.0663	0
73	38	247.517	182.7076	0
73	39	625.2916	110.9497	0
73	40	740.8925	118.8627	0
73	41	395.3876	138.407	0
73	42	352.8024	130.4523	0
73	43	454.2771	125.4381	0
74	1	401.1703	114.9252	0
74	2	688.7247	128.8614	0
74	3	397.6404	120.4315	0
74	4	482.7192	105.7654	0
74	5	161.7265	150.8052	0
74	6	536.3149	143.5623	0
74	7	392.0817	135.4242	0
74	8	384.0734	153.7664	0
74	9	717.1346	128.6577	0
74	10	256.4561	148.6975	0
74	11	709.4611	100.7988	0
74	12	643.2637	106.6418	0
74	13	436.9193	106.499	0
74	14	647.3619	126.2884	0
74	15	673.1127	109.0255	0
74	16	515.0616	127.7552	0
74	17	600.1917	115.8833	0
74	18	650.0421	116.802	0
74	19	293.4334	160.5062	0
74	20	460.8624	142.963	0
74	21	-30.74098	160.1085	0
74	22	36.67899	159.9476	0
74	23	491.7625	120.6358	0
74	24	658.4486	113.2698	0
74	25	333.2781	162.0111	0
74	26	632.6733	129.5603	0
74	27	694.8756	135.2052	0
74	28	61.48694	133.2539	0
74	29	630.8322	100.8593	0
74	30	599.8616	100.291	0
74	31	206.1118	181.9476	0
74	32	676.8872	98.07309	0
74	33	699.1766	105.3451	0
74	34	349.0975	127.5148	0
74	35	-112.4488	206.976	0
74	36	334.325	127.9402	0
74	37	439.498	117.0775	0
74	38	247.498	182.702	0
74	39	625.3123	110.9615	0
74	40	740.8978	118.864	0
74	41	395.3701	138.3994	0
74	42	352.8507	130.441	0
74	43	454.2786	125.4409	0
75	1	401.1474	114.9206	0
75	2	688.7271	128.8601	0
75	3	397.6461	120.4321	0
75	4	482.7211	105.7668	0
75	5	161.751	150.7831	0
75	6	536.3284	143.5623	0
75	7	392.0742	135.431	0
75	8	384.083	153.7471	0
75	9	717.144	128.6572	0
75	10	256.4107	148.7209	0
75	11	709.4702	100.7996	0
75	12	643.2695	106.6428	0
75	13	436.9257	106.5006	0
75	14	647.3711	126.2891	0
75	15	673.1379	109.0357	0
75	16	515.0712	127.7668	0
75	17	600.1999	115.8839	0
75	18	650.0483	116.8036	0
75	19	293.4555	160.5027	0
75	20	460.8655	142.9831	0
75	21	-30.88182	160.1411	0
75	22	36.72019	159.9447	0
75	23	491.7425	120.6255	0
75	24	658.4639	113.2759	0
75	25	333.2773	162.0142	0
75	26	632.6835	129.561	0
75	27	694.8926	135.2135	0
75	28	61.48985	133.2533	0
75	29	630.8339	100.8602	0
75	30	599.8679	100.2916	0
75	31	206.1183	181.9268	0
75	32	676.894	98.07257	0
75	33	699.1812	105.3466	0
75	34	349.0792	127.5093	0
75	35	-112.4595	206.9803	0
75	36	334.3241	127.943	0
75	37	439.4972	117.0887	0
75	38	247.5806	182.7012	0
75	39	625.324	110.9691	0
75	40	740.8858	118.8622	0
75	41	395.3473	138.3922	0
75	42	352.8883	130.4285	0
75	43	454.2796	125.4432	0
76	1	401.1332	114.918	0
76	2	688.7307	128.86	0
76	3	397.6516	120.4319	0
76	4	482.7244	105.7682	0
76	5	161.77	150.7629	0
76	6	536.3437	143.5623	0
76	7	392.06	135.4422	0
76	8	384.0731	153.7237	0
76	9	717.1544	128.6572	0
76	10	256.3583	148.7472	0
76	11	709.4783	100.8	0
76	12	643.2762	106.6431	0
76	13	436.9266	106.5029	0
76	14	647.3796	126.2902	0
76	15	673.1512	109.0402	0
76	16	515.0847	127.7801	0
76	17	600.2078	115.8843	0
76	18	650.0548	116.8049	0
76	19	293.4733	160.5015	0
76	20	460.8712	143.0068	0
76	21	-31.03276	160.1762	0
76	22	36.75288	159.9442	0
76	23	491.7209	120.6154	0
76	24	658.4855	113.2827	0
76	25	333.2767	162.018	0
76	26	632.6946	129.562	0
76	27	694.9187	135.2254	0
76	28	61.49367	133.2531	0
76	29	630.8367	100.8613	0
76	30	599.8758	100.2919	0
76	31	206.1193	181.9086	0
76	32	676.9011	98.07199	0
76	33	699.1873	105.3482	0
76	34	349.0606	127.504	0
76	35	-112.474	206.9871	0
76	36	334.3217	127.9461	0
76	37	439.497	117.1026	0
76	38	247.681	182.695	0
76	39	625.3269	110.972	0
76	40	740.9138	118.8628	0
76	41	395.3217	138.3852	0
76	42	352.916	130.4175	0
76	43	454.2821	125.4457	0
77	1	401.1282	114.9184	0
77	2	688.7357	128.8607	0
77	3	397.6576	120.4313	0
77	4	482.7295	105.7691	0
77	5	161.7827	150.7459	0
77	6	536.3569	143.5627	0
77	7	392.0457	135.4568	0
77	8	384.0541	153.6993	0
77	9	717.1643	128.6572	0
77	10	256.2991	148.7756	0
77	11	709.4864	100.8004	0
77	12	643.2838	106.6435	0
77	13	436.9235	106.5065	0
77	14	647.3875	126.2907	0
77	15	673.154	109.0414	0
77	16	515.0974	127.7964	0
77	17	600.2161	115.8839	0
77	18	650.0625	116.8054	0
77	19	293.4877	160.5019	0
77	20	460.8733	143.0343	0
77	21	-31.19318	160.2115	0
77	22	36.76709	159.9469	0
77	23	491.6968	120.6065	0
77	24	658.5128	113.2899	0
77	25	333.2753	162.0226	0
77	26	632.7048	129.5635	0
77	27	694.9567	135.2401	0
77	28	61.50219	133.2531	0
77	29	630.8402	100.8626	0
77	30	599.8837	100.2926	0
77	31	206.1128	181.8911	0
77	32	676.9091	98.07178	0
77	33	699.1942	105.3495	0
77	34	349.0436	127.4998	0
77	35	-112.4933	206.9954	0
77	36	334.3177	127.9489	0
77	37	439.4932	117.1187	0
77	38	247.7825	182.6804	0
77	39	625.3248	110.9727	0
77	40	740.9374	118.8624	0
77	41	395.2984	138.3789	0
77	42	352.9387	130.4061	0
77	43	454.2868	125.4475	0
78	1	401.1287	114.92	0
78	2	688.7413	128.8627	0
78	3	397.6646	120.4312	0
78	4	482.7374	105.7694	0
78	5	161.7896	150.7303	0
78	6	536.3677	143.5625	0
78	7	392.0322	135.4731	0
78	8	384.0407	153.6764	0
78	9	717.175	128.657	0
78	10	256.2324	148.8032	0
78	11	709.4946	100.7999	0
78	12	643.2908	106.6443	0
78	13	436.9164	106.5124	0
78	14	647.3951	126.291	0
78	15	673.1439	109.0401	0
78	16	515.107	127.8142	0
78	17	600.2252	115.8832	0
78	18	650.0709	116.806	0
78	19	293.4918	160.505	0
78	20	460.8701	143.064	0
78	21	-31.35152	160.2396	0
78	22	36.74788	159.954	0
78	23	491.6715	120.5993	0
78	24	658.5429	113.2989	0
78	25	333.2713	162.0278	0
78	26	632.7142	129.5642	0
78	27	695.0024	135.2543	0
78	28	61.5162	133.2529	0
78	29	630.8444	100.864	0
78	30	599.8909	100.2931	0
78	31	206.0955	181.8743	0
78	32	676.9166	98.07172	0
78	33	699.2026	105.3509	0
78	34	349.0297	127.4965	0
78	35	-112.5226	207.0059	0
78	36	334.3152	127.952	0
78	37	439.4849	117.1365	0
78	38	247.8849	182.6587	0
78	39	625.3136	110.9708	0
78	40	740.9501	118.8601	0
78	41	395.2785	138.3742	0
78	42	352.9426	130.3914	0
78	43	454.295	125.4481	0
79	1	401.13	114.9219	0
79	2	688.7504	128.8661	0
79	3	397.6734	120.431	0
79	4	482.746	105.7703	0
79	5	161.7871	150.7157	0
79	6	536.3737	143.5595	0
79	7	392.0208	135.4901	0
79	8	384.0234	153.654	0
79	9	717.1844	128.6572	0
79	10	256.1626	148.8236	0
79	11	709.5037	100.7991	0
79	12	643.2974	106.6447	0
79	13	436.911	106.5201	0
79	14	647.4032	126.2906	0
79	15	673.1625	109.0399	0
79	16	515.1116	127.8329	0
79	17	600.2354	115.883	0
79	18	650.0789	116.807	0
79	19	293.4829	160.5117	0
79	20	460.8593	143.0944	0
79	21	-31.48039	160.256	0
79	22	36.69378	159.9675	0
79	23	491.6453	120.5926	0
79	24	658.572	113.3091	0
79	25	333.2667	162.0331	0
79	26	632.7235	129.5643	0
79	27	695.0568	135.272	0
79	28	61.52977	133.2529	0
79	29	630.8492	100.8649	0
79	30	599.8978	100.2934	0
79	31	206.0748	181.8584	0
79	32	676.925	98.07162	0
79	33	699.211	105.352	0
79	34	349.0209	127.4947	0
79	35	-112.5627	207.0171	0
79	36	334.3162	127.9543	0
79	37	439.4701	117.1541	0
79	38	247.9853	182.631	0
79	39	625.3455	110.9716	0
79	40	740.9512	118.8565	0
79	41	395.2646	138.371	0
79	42	352.9335	130.3743	0
79	43	454.3047	125.4492	0
80	1	401.131	114.9242	0
80	2	688.7632	128.8721	0
80	3	397.6836	120.4309	0
80	4	482.7537	105.7709	0
80	5	161.7721	150.7012	0
80	6	536.3799	143.5566	0
80	7	392.0067	135.5115	0
80	8	384.0014	153.6339	0
80	9	717.1921	128.6576	0
80	10	256.1049	148.8344	0
80	11	709.5137	100.7988	0
80	12	643.3037	106.6448	0
80	13	436.9081	106.5285	0
80	14	647.4117	126.2903	0
80	15	673.1925	109.0401	0
80	16	515.108	127.8485	0
80	17	600.2455	115.8829	0
80	18	650.0861	116.8075	0
80	19	293.4603	160.5237	0
80	20	460.8376	143.119	0
80	21	-31.55355	160.2629	0
80	22	36.60686	159.9889	0
80	23	491.6149	120.5863	0
80	24	658.5989	113.3202	0
80	25	333.265	162.0379	0
80	26	632.7336	129.5638	0
80	27	695.1122	135.2926	0
80	28	61.54422	133.2536	0
80	29	630.8552	100.866	0
80	30	599.9048	100.293	0
80	31	206.0534	181.846	0
80	32	676.9319	98.07193	0
80	33	699.2206	105.3521	0
80	34	349.0175	127.495	0
80	35	-112.605	207.0297	0
80	36	334.3218	127.9551	0
80	37	439.4473	117.1667	0
80	38	248.0765	182.5977	0
80	39	625.3715	110.9715	0
80	40	740.943	118.8516	0
80	41	395.2576	138.3704	0
80	42	352.9246	130.3576	0
80	43	454.3133	125.4505	0
81	1	401.1309	114.9268	0
81	2	688.7829	128.8807	0
81	3	397.6935	120.4309	0
81	4	482.7611	105.7714	0
81	5	161.7553	150.6872	0
81	6	536.3869	143.5542	0
81	7	391.9877	135.5352	0
81	8	383.9766	153.6171	0
81	9	717.1926	128.6562	0
81	10	256.0723	148.8383	0
81	11	709.5227	100.7987	0
81	12	643.3105	106.6443	0
81	13	436.9078	106.5375	0
81	14	647.4213	126.2903	0
81	15	673.2137	109.0388	0
81	16	515.098	127.8572	0
81	17	600.2569	115.8828	0
81	18	650.0932	116.8076	0
81	19	293.4302	160.541	0
81	20	460.8107	143.1331	0
81	21	-31.56673	160.2601	0
81	22	36.50008	160.0167	0
81	23	491.5797	120.5799	0
81	24	658.6205	113.3304	0
81	25	333.268	162.041	0
81	26	632.7447	129.5636	0
81	27	695.1651	135.315	0
81	28	61.56512	133.2518	0
81	29	630.8616	100.8666	0
81	30	599.9126	100.2922	0
81	31	206.0335	181.837	0
81	32	676.936	98.07199	0
81	33	699.2302	105.3528	0
81	34	349.017	127.4961	0
81	35	-112.6327	207.0395	0
81	36	334.331	127.9565	0
81	37	439.4226	117.1724	0
81	38	248.1467	182.5672	0
81	39	625.3893	110.9695	0
81	40	740.9255	118.8452	0
81	41	395.2566	138.3715	0
81	42	352.9168	130.3417	0
81	43	454.3215	125.4512	0
82	1	401.13	114.9289	0
82	2	688.8116	128.8914	0
82	3	397.7028	120.4314	0
82	4	482.7682	105.7709	0
82	5	161.7355	150.6767	0
82	6	536.3964	143.5514	0
82	7	391.9622	135.5605	0
82	8	383.9485	153.601	0
82	9	717.192	128.6544	0
82	10	256.0614	148.8344	0
82	11	709.533	100.7985	0
82	12	643.3179	106.6438	0
82	13	436.9058	106.5489	0
82	14	647.4306	126.2903	0
82	15	673.2236	109.0361	0
82	16	515.0869	127.8606	0
82	17	600.2667	115.8831	0
82	18	650.1009	116.8072	0
82	19	293.3968	160.5627	0
82	20	460.7894	143.1389	0
82	21	-31.51151	160.2593	0
82	22	36.37776	160.048	0
82	23	491.5467	120.5735	0
82	24	658.6339	113.3366	0
82	25	333.2772	162.0432	0
82	26	632.7567	129.5635	0
82	27	695.212	135.3375	0
82	28	61.58925	133.2492	0
82	29	630.8695	100.8668	0
82	30	599.9213	100.2919	0
82	31	206.0195	181.8321	0
82	32	676.9364	98.07132	0
82	33	699.2388	105.3536	0
82	34	349.017	127.4976	0
82	35	-112.6466	207.0451	0
82	36	334.3391	127.9581	0
82	37	439.4053	117.1741	0
82	38	248.215	182.5367	0
82	39	625.3989	110.9666	0
82	40	740.8993	118.84	0
82	41	395.257	138.3732	0
82	42	352.9047	130.3269	0
82	43	454.3291	125.451	0
83	1	401.1308	114.931	0
83	2	688.8464	128.9016	0
83	3	397.711	120.4301	0
83	4	482.7758	105.7701	0
83	5	161.7174	150.6688	0
83	6	536.4065	143.5493	0
83	7	391.9286	135.5835	0
83	8	383.9106	153.586	0
83	9	717.192	128.6531	0
83	10	256.1154	148.8351	0
83	11	709.5415	100.7987	0
83	12	643.3261	106.6436	0
83	13	436.9003	106.5617	0
83	14	647.4409	126.2903	0
83	15	673.2248	109.0323	0
83	16	515.0758	127.86	0
83	17	600.2739	115.8831	0
83	18	650.1091	116.8068	0
83	19	293.3628	160.5845	0
83	20	460.7745	143.1374	0
83	21	-31.43051	160.2567	0
83	22	36.24337	160.0833	0
83	23	491.5188	120.5688	0
83	24	658.6384	113.3389	0
83	25	333.2879	162.0458	0
83	26	632.7688	129.5633	0
83	27	695.2455	135.3547	0
83	28	61.6134	133.247	0
83	29	630.8775	100.8673	0
83	30	599.93	100.2918	0
83	31	206.0129	181.8322	0
83	32	676.9369	98.07062	0
83	33	699.2471	105.3541	0
83	34	349.0166	127.4993	0
83	35	-112.642	207.0498	0
83	36	334.3466	127.959	0
83	37	439.3934	117.1721	0
83	38	248.2565	182.5042	0
83	39	625.4012	110.9625	0
83	40	740.8743	118.8345	0
83	41	395.2573	138.3752	0
83	42	352.8887	130.3146	0
83	43	454.3375	125.4505	0
84	1	401.1345	114.9324	0
84	2	688.8878	128.9143	0
84	3	397.7191	120.4286	0
84	4	482.7846	105.7697	0
84	5	161.705	150.6649	0
84	6	536.4163	143.549	0
84	7	391.8901	135.5982	0
84	8	383.8657	153.5714	0
84	9	717.1936	128.6517	0
84	10	256.1741	148.8329	0
84	11	709.5477	100.799	0
84	12	643.3339	106.6435	0
84	13	436.89	106.5756	0
84	14	647.4495	126.2907	0
84	15	673.2167	109.027	0
84	16	515.0913	127.859	0
84	17	600.2767	115.8816	0
84	18	650.1183	116.8066	0
84	19	293.3258	160.6109	0
84	20	460.8094	143.1365	0
84	21	-31.33772	160.2497	0
84	22	36.09005	160.1251	0
84	23	491.4981	120.5652	0
84	24	658.637	113.3392	0
84	25	333.2973	162.0475	0
84	26	632.7808	129.5633	0
84	27	695.2634	135.3638	0
84	28	61.63841	133.2449	0
84	29	630.8847	100.8679	0
84	30	599.9398	100.2916	0
84	31	206.01	181.835	0
84	32	676.9382	98.07019	0
84	33	699.2554	105.3538	0
84	34	349.0152	127.5013	0
84	35	-112.6381	207.0554	0
84	36	334.3536	127.9589	0
84	37	439.4301	117.1725	0
84	38	248.2743	182.467	0
84	39	625.396	110.9571	0
84	40	740.8414	118.8278	0
84	41	395.2574	138.3777	0
84	42	352.8706	130.3038	0
84	43	454.3468	125.4503	0
85	1	401.1422	114.9329	0
85	2	688.93	128.9292	0
85	3	397.7276	120.4274	0
85	4	482.7949	105.7697	0
85	5	161.7003	150.6658	0
85	6	536.4243	143.5502	0
85	7	391.8582	135.6049	0
85	8	383.8245	153.5578	0
85	9	717.1946	128.6504	0
85	10	256.2332	148.8269	0
85	11	709.548	100.7981	0
85	12	643.3425	106.6435	0
85	13	436.8727	106.5877	0
85	14	647.4545	126.2903	0
85	15	673.2	109.0226	0
85	16	515.1295	127.8586	0
85	17	600.2798	115.8802	0
85	18	650.1271	116.8065	0
85	19	293.282	160.6414	0
85	20	460.8642	143.1351	0
85	21	-31.23286	160.2388	0
85	22	35.92451	160.1702	0
85	23	491.4865	120.5635	0
85	24	658.6323	113.3379	0
85	25	333.3062	162.0491	0
85	26	632.7915	129.5639	0
85	27	695.2673	135.3672	0
85	28	61.66957	133.2425	0
85	29	630.8917	100.8681	0
85	30	599.9484	100.2917	0
85	31	206.0071	181.8388	0
85	32	676.9401	98.06973	0
85	33	699.2645	105.3531	0
85	34	349.0132	127.5029	0
85	35	-112.635	207.0591	0
85	36	334.3613	127.9582	0
85	37	439.474	117.1721	0
85	38	248.2823	182.4296	0
85	39	625.3826	110.953	0
85	40	740.7999	118.8191	0
85	41	395.2563	138.38	0
85	42	352.8467	130.2934	0
85	43	454.3583	125.4503	0
86	1	401.1516	114.934	0
86	2	688.9701	128.9455	0
86	3	397.7378	120.4262	0
86	4	482.8066	105.7695	0
86	5	161.6975	150.6686	0
86	6	536.4291	143.5536	0
86	7	391.8395	135.606	0
86	8	383.7881	153.5478	0
86	9	717.1971	128.6502	0
86	10	256.2927	148.8181	0
86	11	709.548	100.7972	0
86	12	643.3499	106.6438	0
86	13	436.8504	106.594	0
86	14	647.4556	126.2888	0
86	15	673.1799	109.0177	0
86	16	515.1631	127.8566	0
86	17	600.2837	115.8792	0
86	18	650.1365	116.8065	0
86	19	293.2317	160.6741	0
86	20	460.9131	143.1301	0
86	21	-31.1217	160.2247	0
86	22	35.74478	160.2177	0
86	23	491.4835	120.5642	0
86	24	658.6588	113.3384	0
86	25	333.3148	162.0493	0
86	26	632.7961	129.5625	0
86	27	695.2521	135.3651	0
86	28	61.69483	133.2419	0
86	29	630.8986	100.8678	0
86	30	599.9554	100.2921	0
86	31	206.0026	181.8434	0
86	32	676.9423	98.06976	0
86	33	699.2745	105.3527	0
86	34	349.0123	127.5047	0
86	35	-112.6341	207.0615	0
86	36	334.3702	127.9579	0
86	37	439.513	117.1695	0
86	38	248.2966	182.3941	0
86	39	625.3699	110.9485	0
86	40	740.7573	118.81	0
86	41	395.2558	138.3826	0
86	42	352.813	130.2833	0
86	43	454.3715	125.4502	0
87	1	401.1598	114.935	0
87	2	689.0056	128.9619	0
87	3	397.7493	120.4251	0
87	4	482.8172	105.7697	0
87	5	161.6947	150.6721	0
87	6	536.4333	143.5601	0
87	7	391.8445	135.6034	0
87	8	383.7617	153.5406	0
87	9	717.2013	128.6508	0
87	10	256.3504	148.8067	0
87	11	709.5487	100.7966	0
87	12	643.3541	106.6436	0
87	13	436.8303	106.5959	0
87	14	647.457	126.2873	0
87	15	673.1542	109.0119	0
87	16	515.1888	127.8522	0
87	17	600.289	115.878	0
87	18	650.1447	116.8069	0
87	19	293.1735	160.7073	0
87	20	460.9536	143.1216	0
87	21	-31.01097	160.2075	0
87	22	35.55822	160.2603	0
87	23	491.4847	120.5657	0
87	24	658.6794	113.338	0
87	25	333.3243	162.0492	0
87	26	632.7982	129.5604	0
87	27	695.2827	135.3649	0
87	28	61.71465	133.2424	0
87	29	630.906	100.8671	0
87	30	599.9582	100.2913	0
87	31	205.9949	181.8492	0
87	32	676.9455	98.07028	0
87	33	699.2845	105.3525	0
87	34	349.0135	127.5059	0
87	35	-112.6339	207.0628	0
87	36	334.3824	127.9579	0
87	37	439.5464	117.1651	0
87	38	248.3045	182.3595	0
87	39	625.3485	110.9425	0
87	40	740.7173	118.8017	0
87	41	395.2573	138.3847	0
87	42	352.7788	130.2732	0
87	43	454.384	125.4504	0
88	1	401.1676	114.9356	0
88	2	689.0308	128.9742	0
88	3	397.7591	120.4251	0
88	4	482.8268	105.7702	0
88	5	161.6889	150.6764	0
88	6	536.4356	143.5713	0
88	7	391.8966	135.6034	0
88	8	383.7476	153.5383	0
88	9	717.2063	128.6527	0
88	10	256.4018	148.7932	0
88	11	709.5505	100.7959	0
88	12	643.3553	106.6427	0
88	13	436.8182	106.5956	0
88	14	647.4594	126.2861	0
88	15	673.1177	109.0037	0
88	16	515.2086	127.8462	0
88	17	600.2948	115.8773	0
88	18	650.149	116.8064	0
88	19	293.1091	160.7341	0
88	20	460.9868	143.1104	0
88	21	-30.91323	160.192	0
88	22	35.38539	160.2886	0
88	23	491.4865	120.5675	0
88	24	658.6917	113.3361	0
88	25	333.3363	162.0497	0
88	26	632.8007	129.5587	0
88	27	695.317	135.3639	0
88	28	61.72114	133.2447	0
88	29	630.9142	100.8667	0
88	30	599.9609	100.2904	0
88	31	205.9844	181.8549	0
88	32	676.9488	98.07132	0
88	33	699.2947	105.3523	0
88	34	349.0176	127.5065	0
88	35	-112.632	207.0647	0
88	36	334.3972	127.9576	0
88	37	439.5744	117.1592	0
88	38	248.3064	182.328	0
88	39	625.319	110.9348	0
88	40	740.6757	118.7935	0
88	41	395.2615	138.3856	0
88	42	352.7477	130.265	0
88	43	454.3955	125.451	0
89	1	464.806	114.9352	0
89	2	798.3347	128.9805	0
89	3	460.8585	120.4259	0
89	4	559.4166	105.7691	0
89	5	187.3223	150.6815	0
89	6	621.5292	143.5863	0
89	7	454.1155	135.6011	0
89	8	444.6116	153.5399	0
89	9	830.9746	128.6559	0
89	10	297.1162	148.7813	0
89	11	822.0963	100.7957	0
89	12	745.401	106.6419	0
89	13	506.1091	106.5944	0
89	14	750.1578	126.2847	0
89	15	779.8356	108.9948	0
89	16	596.9411	127.8383	0
89	17	695.5161	115.8777	0
89	18	753.2719	116.8051	0
89	19	339.5325	160.75	0
89	20	534.1326	143.0959	0
89	21	-35.70481	160.1754	0
89	22	40.86205	160.3024	0
89	23	569.4447	120.5696	0
89	24	763.174	113.3332	0
89	25	386.2264	162.0497	0
89	26	733.176	129.557	0
89	27	805.6284	135.36	0
89	28	71.49225	133.249	0
89	29	730.9946	100.8666	0
89	30	695.1255	100.2898	0
89	31	238.6459	181.8609	0
89	32	784.3261	98.07269	0
89	33	810.2223	105.3524	0
89	34	404.3826	127.5074	0
89	35	-130.4821	207.0662	0
89	36	387.4534	127.9577	0
89	37	509.3202	117.1511	0
89	38	287.6857	182.3015	0
89	39	724.4668	110.9268	0
89	40	858.1047	118.7867	0
89	41	457.9629	138.3865	0
89	42	408.6678	130.2587	0
89	43	526.4783	125.4493	0
90	1	480.7231	114.9343	0
90	2	825.6607	128.9828	0
90	3	476.6356	120.4277	0
90	4	578.5699	105.7678	0
90	5	193.7167	150.6863	0
90	6	642.8179	143.6043	0
90	7	469.713	135.5955	0
90	8	459.8297	153.5431	0
90	9	859.4312	128.6616	0
90	10	307.331	148.7685	0
90	11	850.2361	100.7962	0
90	12	770.915	106.6412	0
90	13	523.4782	106.5949	0
90	14	775.8358	126.2841	0
90	15	806.4808	108.9864	0
90	16	617.3756	127.8311	0
90	17	719.3267	115.879	0
90	18	779.0541	116.804	0
90	19	351.1086	160.7569	0
90	20	552.4258	143.0827	0
90	21	-36.8344	160.1577	0
90	22	42.2069	160.3046	0
90	23	588.9358	120.572	0
90	24	789.291	113.3292	0
90	25	399.4662	162.0496	0
90	26	758.2739	129.5551	0
90	27	833.2106	135.3538	0
90	28	73.89227	133.2567	0
90	29	756.0237	100.8665	0
90	30	718.9215	100.2892	0
90	31	246.8096	181.8654	0
90	32	811.178	98.07465	0
90	33	837.9615	105.3529	0
90	34	418.2284	127.5082	0
90	35	-134.9147	207.0658	0
90	36	400.7306	127.9583	0
90	37	526.7631	117.1446	0
90	38	297.5178	182.2757	0
90	39	749.2275	110.9194	0
90	40	887.4232	118.7812	0
90	41	473.6444	138.388	0
90	42	422.6345	130.2551	0
90	43	544.5065	125.4472	0
91	1	480.734	114.934	0
91	2	825.6466	128.9811	0
91	3	476.6331	120.4306	0
91	4	578.5779	105.767	0
91	5	193.7045	150.6908	0
91	6	642.8429	143.6233	0
91	7	469.7636	135.5876	0
91	8	459.8312	153.547	0
91	9	859.4564	128.6698	0
91	10	307.3582	148.7538	0
91	11	850.2412	100.7973	0
91	12	770.9184	106.6405	0
91	13	523.5234	106.5944	0
91	14	775.8415	126.2842	0
91	15	806.4341	108.9783	0
91	16	617.3741	127.8234	0
91	17	719.3326	115.8812	0
91	18	779.0573	116.8031	0
91	19	351.0902	160.7546	0
91	20	552.4357	143.0695	0
91	21	-36.76253	160.1367	0
91	22	42.24543	160.3009	0
91	23	588.9385	120.574	0
91	24	789.2806	113.3245	0
91	25	399.4869	162.0499	0
91	26	758.2802	129.5547	0
91	27	833.2072	135.3456	0
91	28	73.82276	133.2684	0
91	29	756.0336	100.8666	0
91	30	718.9274	100.2889	0
91	31	246.8139	181.8679	0
91	32	811.1901	98.078	0
91	33	837.9637	105.3521	0
91	34	418.234	127.5088	0
91	35	-134.8828	207.066	0
91	36	400.7474	127.9564	0
91	37	526.7742	117.1378	0
91	38	297.4857	182.2515	0
91	39	749.1912	110.9124	0
91	40	887.3729	118.7756	0
91	41	473.6517	138.3887	0
91	42	422.6268	130.2552	0
91	43	544.5168	125.4455	0
92	1	480.7482	114.9339	0
92	2	825.675	128.9811	0
92	3	476.6238	120.4359	0
92	4	578.5886	105.766	0
92	5	193.7002	150.6938	0
92	6	642.8705	143.6464	0
92	7	469.8072	135.5772	0
92	8	459.8319	153.5518	0
92	9	859.4936	128.6798	0
92	10	307.3694	148.7367	0
92	11	850.2479	100.7989	0
92	12	770.9224	106.6404	0
92	13	523.5621	106.5921	0
92	14	775.8466	126.2854	0
92	15	806.3849	108.9714	0
92	16	617.3658	127.8152	0
92	17	719.3401	115.8847	0
92	18	779.0608	116.802	0
92	19	351.1394	160.7537	0
92	20	552.431	143.0554	0
92	21	-36.70311	160.1152	0
92	22	42.35725	160.2993	0
92	23	588.9427	120.5758	0
92	24	789.263	113.3207	0
92	25	399.5071	162.0493	0
92	26	758.2889	129.5551	0
92	27	833.1901	135.3352	0
92	28	73.73824	133.2834	0
92	29	756.042	100.8671	0
92	30	718.9336	100.2894	0
92	31	246.824	181.8704	0
92	32	811.2092	98.08246	0
92	33	837.9636	105.351	0
92	34	418.2393	127.5086	0
92	35	-134.8475	207.067	0
92	36	400.7647	127.9539	0
92	37	526.7712	117.1295	0
92	38	297.4436	182.2284	0
92	39	749.1521	110.9065	0
92	40	887.3182	118.7704	0
92	41	473.6585	138.389	0
92	42	422.6266	130.2573	0
92	43	544.5297	125.4438	0
93	1	480.7646	114.9337	0
93	2	825.7073	128.9805	0
93	3	476.6119	120.4435	0
93	4	578.6003	105.7654	0
93	5	193.7064	150.6957	0
93	6	642.8944	143.6721	0
93	7	469.8396	135.5664	0
93	8	459.8295	153.5568	0
93	9	859.5405	128.6903	0
93	10	307.3748	148.7194	0
93	11	850.2598	100.8012	0
93	12	770.9278	106.6409	0
93	13	523.5955	106.5886	0
93	14	775.8525	126.2876	0
93	15	806.3368	108.966	0
93	16	617.3428	127.8044	0
93	17	719.3492	115.8908	0
93	18	779.0649	116.8018	0
93	19	351.2103	160.7514	0
93	20	552.4067	143.0378	0
93	21	-36.63988	160.095	0
93	22	42.48763	160.2929	0
93	23	588.9493	120.5769	0
93	24	789.2456	113.3165	0
93	25	399.5274	162.0448	0
93	26	758.2962	129.5571	0
93	27	833.1596	135.3263	0
93	28	73.64414	133.2987	0
93	29	756.0449	100.8664	0
93	30	718.9398	100.2905	0
93	31	246.8327	181.873	0
93	32	811.2359	98.08731	0
93	33	837.9643	105.3502	0
93	34	418.2451	127.5082	0
93	35	-134.7873	207.0599	0
93	36	400.7823	127.9518	0
93	37	526.7537	117.1187	0
93	38	297.4034	182.2081	0
93	39	749.1149	110.9019	0
93	40	887.264	118.7652	0
93	41	473.6658	138.3887	0
93	42	422.6276	130.2599	0
93	43	544.5444	125.4421	0
94	1	480.7801	114.9339	0
94	2	825.7286	128.9779	0
94	3	476.601	120.4529	0
94	4	578.6107	105.7658	0
94	5	193.7162	150.6981	0
94	6	642.9124	143.6999	0
94	7	469.8615	135.556	0
94	8	459.8278	153.5622	0
94	9	859.595	128.7029	0
94	10	307.3837	148.7032	0
94	11	850.2766	100.8052	0
94	12	770.9327	106.642	0
94	13	523.6223	106.5836	0
94	14	775.8618	126.2915	0
94	15	806.2887	108.9606	0
94	16	617.312	127.7926	0
94	17	719.365	115.899	0
94	18	779.0709	116.8021	0
94	19	351.2814	160.7451	0
94	20	552.3737	143.0191	0
94	21	-36.58253	160.0752	0
94	22	42.63316	160.2802	0
94	23	588.9592	120.5777	0
94	24	789.2184	113.3109	0
94	25	399.5486	162.0403	0
94	26	758.3046	129.5606	0
94	27	833.127	135.3165	0
94	28	73.54042	133.3163	0
94	29	756.0465	100.8655	0
94	30	718.945	100.2921	0
94	31	246.8407	181.8749	0
94	32	811.2692	98.09222	0
94	33	837.9671	105.3494	0
94	34	418.252	127.5081	0
94	35	-134.714	207.0491	0
94	36	400.8025	127.9498	0
94	37	526.731	117.1071	0
94	38	297.3637	182.1933	0
94	39	749.076	110.8971	0
94	40	887.2172	118.7604	0
94	41	473.6738	138.3885	0
94	42	422.6276	130.263	0
94	43	544.5574	125.4419	0
95	1	480.7946	114.9345	0
95	2	825.7371	128.9736	0
95	3	476.5917	120.4618	0
95	4	578.6199	105.767	0
95	5	193.7245	150.6998	0
95	6	642.9206	143.7263	0
95	7	469.8781	135.5451	0
95	8	459.83	153.5667	0
95	9	859.6509	128.7176	0
95	10	307.3875	148.6874	0
95	11	850.3021	100.8107	0
95	12	770.9381	106.6436	0
95	13	523.6396	106.5783	0
95	14	775.8743	126.298	0
95	15	806.2366	108.9557	0
95	16	617.2849	127.7814	0
95	17	719.3885	115.9084	0
95	18	779.0764	116.8034	0
95	19	351.3514	160.7349	0
95	20	552.3463	143.0016	0
95	21	-36.5299	160.0574	0
95	22	42.78792	160.2631	0
95	23	588.9696	120.5789	0
95	24	789.1837	113.3039	0
95	25	399.5703	162.0365	0
95	26	758.3162	129.5667	0
95	27	833.0837	135.3055	0
95	28	73.42249	133.3378	0
95	29	756.0487	100.8649	0
95	30	718.9513	100.2942	0
95	31	246.8477	181.8757	0
95	32	811.3059	98.09872	0
95	33	837.9691	105.3487	0
95	34	418.2614	127.508	0
95	35	-134.6412	207.0392	0
95	36	400.8261	127.9478	0
95	37	526.7125	117.0964	0
95	38	297.3346	182.1837	0
95	39	749.0323	110.8926	0
95	40	887.1816	118.7566	0
95	41	473.684	138.3886	0
95	42	422.6255	130.2667	0
95	43	544.5695	125.4427	0
96	1	480.8073	114.933	0
96	2	825.7352	128.9678	0
96	3	476.5826	120.4729	0
96	4	578.6245	105.769	0
96	5	193.7315	150.7014	0
96	6	642.9155	143.7452	0
96	7	469.8758	135.5313	0
96	8	459.8382	153.5691	0
96	9	859.7042	128.7336	0
96	10	307.3875	148.6736	0
96	11	850.3383	100.8172	0
96	12	770.9462	106.6462	0
96	13	523.6497	106.5738	0
96	14	775.8952	126.3065	0
96	15	806.1818	108.9505	0
96	16	617.2557	127.7705	0
96	17	719.4178	115.9174	0
96	18	779.0826	116.8055	0
96	19	351.4185	160.7219	0
96	20	552.3154	142.9845	0
96	21	-36.488	160.0426	0
96	22	42.94832	160.241	0
96	23	588.9789	120.5796	0
96	24	789.1497	113.2968	0
96	25	399.597	162.0321	0
96	26	758.3334	129.5762	0
96	27	833.0259	135.2919	0
96	28	73.29517	133.3611	0
96	29	756.0527	100.8643	0
96	30	718.9586	100.2981	0
96	31	246.8553	181.8759	0
96	32	811.3416	98.10617	0
96	33	837.9727	105.349	0
96	34	418.2722	127.5079	0
96	35	-134.5677	207.03	0
96	36	400.8458	127.9474	0
96	37	526.6906	117.0861	0
96	38	297.3191	182.1812	0
96	39	748.9886	110.888	0
96	40	887.1582	118.754	0
96	41	473.6964	138.3884	0
96	42	422.6216	130.2698	0
96	43	544.5754	125.445	0
97	1	480.8199	114.9311	0
97	2	825.7228	128.9604	0
97	3	476.57	120.4861	0
97	4	578.6257	105.7718	0
97	5	193.7371	150.7016	0
97	6	642.9022	143.7548	0
97	7	469.8602	135.5157	0
97	8	459.853	153.5711	0
97	9	859.7525	128.7496	0
97	10	307.3829	148.6621	0
97	11	850.3813	100.8228	0
97	12	770.9573	106.6506	0
97	13	523.6554	106.5688	0
97	14	775.9244	126.3162	0
97	15	806.1326	108.9455	0
97	16	617.2236	127.7608	0
97	17	719.4515	115.9292	0
97	18	779.0919	116.8089	0
97	19	351.4787	160.7058	0
97	20	552.28	142.9692	0
97	21	-36.45567	160.0282	0
97	22	43.09311	160.2185	0
97	23	588.9879	120.5802	0
97	24	789.117	113.2903	0
97	25	399.6254	162.0286	0
97	26	758.3613	129.5883	0
97	27	832.9644	135.2776	0
97	28	73.15704	133.3855	0
97	29	756.0567	100.864	0
97	30	718.9709	100.3034	0
97	31	246.8649	181.8767	0
97	32	811.3746	98.11438	0
97	33	837.9785	105.3498	0
97	34	418.2826	127.508	0
97	35	-134.4751	207.0187	0
97	36	400.8628	127.9483	0
97	37	526.665	117.0774	0
97	38	297.3155	182.184	0
97	39	748.951	110.8839	0
97	40	887.1482	118.7535	0
97	41	473.709	138.3884	0
97	42	422.62	130.2732	0
97	43	544.5757	125.4489	0
98	1	480.8328	114.9297	0
98	2	825.6999	128.9542	0
98	3	476.5529	120.5007	0
98	4	578.6227	105.7766	0
98	5	193.743	150.7013	0
98	6	642.8898	143.7579	0
98	7	469.8452	135.5004	0
98	8	459.8675	153.5737	0
98	9	859.7884	128.7619	0
98	10	307.3723	148.6507	0
98	11	850.4315	100.8305	0
98	12	770.9752	106.6562	0
98	13	523.6462	106.5613	0
98	14	775.9609	126.3265	0
98	15	806.0938	108.9417	0
98	16	617.1903	127.7529	0
98	17	719.4833	115.9427	0
98	18	779.1052	116.8145	0
98	19	351.5242	160.6913	0
98	20	552.2427	142.9566	0
98	21	-36.43716	160.0148	0
98	22	43.22801	160.1969	0
98	23	588.9968	120.5798	0
98	24	789.0822	113.2841	0
98	25	399.6482	162.0276	0
98	26	758.3969	129.6006	0
98	27	832.9072	135.2644	0
98	28	73.01523	133.4061	0
98	29	756.0612	100.8643	0
98	30	718.9904	100.3097	0
98	31	246.8811	181.877	0
98	32	811.4017	98.1218	0
98	33	837.9847	105.3515	0
98	34	418.2927	127.5083	0
98	35	-134.3998	207.0122	0
98	36	400.8694	127.9509	0
98	37	526.6384	117.0703	0
98	38	297.3139	182.1888	0
98	39	748.9219	110.8805	0
98	40	887.1491	118.7544	0
98	41	473.7209	138.3889	0
98	42	422.6229	130.2756	0
98	43	544.5697	125.4559	0
99	1	480.849	114.9282	0
99	2	825.6752	128.9473	0
99	3	476.5297	120.5155	0
99	4	578.6208	105.7836	0
99	5	193.7524	150.7018	0
99	6	642.8769	143.7546	0
99	7	469.8307	135.4859	0
99	8	459.8807	153.5752	0
99	9	859.809	128.7682	0
99	10	307.3513	148.64	0
99	11	850.4819	100.8397	0
99	12	770.9995	106.6622	0
99	13	523.6272	106.5523	0
99	14	776.0007	126.3393	0
99	15	806.0669	108.9388	0
99	16	617.1561	127.7455	0
99	17	719.5115	115.9575	0
99	18	779.1262	116.8219	0
99	19	351.5671	160.6757	0
99	20	552.2034	142.9445	0
99	21	-36.43054	160.0018	0
99	22	43.34242	160.1755	0
99	23	589.0068	120.5792	0
99	24	789.0456	113.2791	0
99	25	399.6644	162.029	0
99	26	758.4406	129.6148	0
99	27	832.8471	135.2514	0
99	28	72.88908	133.4178	0
99	29	756.0667	100.8652	0
99	30	719.0148	100.3152	0
99	31	246.9011	181.877	0
99	32	811.4191	98.12558	0
99	33	837.9948	105.3537	0
99	34	418.3025	127.507	0
99	35	-134.3432	207.0102	0
99	36	400.8625	127.9555	0
99	37	526.6089	117.0633	0
99	38	297.3107	182.1946	0
99	39	748.9028	110.8783	0
99	40	887.1541	118.7557	0
99	41	473.7317	138.3878	0
99	42	422.6322	130.2766	0
99	43	544.5627	125.4661	0
100	1	480.8673	114.9271	0
100	2	825.6423	128.9394	0
100	3	476.4996	120.5267	0
100	4	578.6237	105.7919	0
100	5	193.7713	150.7019	0
100	6	642.9365	143.7551	0
100	7	469.8116	135.4723	0
100	8	459.8928	153.5763	0
100	9	859.8154	128.7705	0
100	10	307.3251	148.6297	0
100	11	850.5302	100.85	0
100	12	771.0292	106.6682	0
100	13	523.6097	106.5435	0
100	14	776.0387	126.3535	0
100	15	806.0534	108.9377	0
100	16	617.1171	127.7386	0
100	17	719.532	115.9713	0
100	18	779.1543	116.8297	0
100	19	351.5935	160.6593	0
100	20	552.1555	142.9333	0
100	21	-36.42921	159.9901	0
100	22	43.42692	160.1494	0
100	23	589.0183	120.579	0
100	24	789.0109	113.2749	0
100	25	399.6658	162.0338	0
100	26	758.4866	129.6321	0
100	27	832.7838	135.2401	0
100	28	72.80819	133.4226	0
100	29	756.0713	100.8666	0
100	30	719.0438	100.3226	0
100	31	246.9212	181.877	0
100	32	811.4258	98.12643	0
100	33	838.0097	105.3576	0
100	34	418.3126	127.5054	0
100	35	-134.3256	207.0145	0
100	36	400.8421	127.9635	0
100	37	526.5719	117.0568	0
100	38	297.3037	182.2021	0
100	39	748.8949	110.878	0
100	40	887.1599	118.7574	0
100	41	473.7418	138.3857	0
100	42	422.6449	130.2781	0
100	43	544.5601	125.4787	0
101	1	480.8827	114.9272	0
101	2	825.598	128.9294	0
101	3	476.4693	120.5322	0
101	4	578.6315	105.8001	0
101	5	193.7921	150.7021	0
101	6	642.9894	143.7529	0
101	7	469.7892	135.4609	0
101	8	459.9048	153.5761	0
101	9	859.8041	128.7692	0
101	10	307.2999	148.6207	0
101	11	850.5723	100.8599	0
101	12	771.0621	106.6762	0
101	13	523.5923	106.5353	0
101	14	776.0733	126.3687	0
101	15	806.0518	108.9385	0
101	16	617.0724	127.7316	0
101	17	719.5411	115.9801	0
101	18	779.1887	116.8379	0
101	19	351.6015	160.6397	0
101	20	552.1009	142.9221	0
101	21	-36.43774	159.9815	0
101	22	43.48986	160.1212	0
101	23	589.0311	120.5789	0
101	24	788.9744	113.2708	0
101	25	399.6523	162.0433	0
101	26	758.5295	129.651	0
101	27	832.7231	135.2308	0
101	28	72.7809	133.4219	0
101	29	756.0779	100.8685	0
101	30	719.0717	100.3315	0
101	31	246.9417	181.8773	0
101	32	811.4248	98.12616	0
101	33	838.0322	105.3633	0
101	34	418.323	127.5043	0
101	35	-134.3786	207.0289	0
101	36	400.814	127.9755	0
101	37	526.5311	117.0501	0
101	38	297.2906	182.21	0
101	39	748.8958	110.8789	0
101	40	887.1681	118.7592	0
101	41	473.7523	138.3839	0
101	42	422.656	130.2795	0
101	43	544.5618	125.4919	0
102	1	480.8958	114.9285	0
102	2	825.5507	128.9189	0
102	3	476.4481	120.534	0
102	4	578.6411	105.8105	0
102	5	193.8139	150.7024	0
102	6	643.0303	143.7469	0
102	7	469.7645	135.4508	0
102	8	459.9179	153.5761	0
102	9	859.8304	128.7691	0
102	10	307.276	148.614	0
102	11	850.6022	100.866	0
102	12	771.0936	106.6853	0
102	13	523.5717	106.5278	0
102	14	776.1	126.3826	0
102	15	806.0558	108.9398	0
102	16	617.0309	127.7248	0
102	17	719.5405	115.9836	0
102	18	779.2265	116.8484	0
102	19	351.6004	160.6196	0
102	20	552.0513	142.9117	0
102	21	-36.44696	159.9757	0
102	22	43.55355	160.094	0
102	23	589.0456	120.5788	0
102	24	788.9338	113.2667	0
102	25	399.6223	162.0598	0
102	26	758.5673	129.6709	0
102	27	832.6616	135.2217	0
102	28	72.81756	133.4206	0
102	29	756.0862	100.8718	0
102	30	719.0966	100.3415	0
102	31	246.967	181.8728	0
102	32	811.4203	98.12515	0
102	33	838.0657	105.3705	0
102	34	418.3354	127.503	0
102	35	-134.5048	207.0564	0
102	36	400.7841	127.9904	0
102	37	526.4945	117.044	0
102	38	297.2775	182.219	0
102	39	748.8994	110.8802	0
102	40	887.1771	118.7608	0
102	41	473.764	138.3822	0
102	42	422.6664	130.2805	0
102	43	544.5657	125.5075	0
103	1	480.9008	114.9309	0
103	2	825.5067	128.9091	0
103	3	476.4354	120.5326	0
103	4	578.6474	105.8226	0
103	5	193.8372	150.7026	0
103	6	643.0602	143.7382	0
103	7	469.7338	135.4412	0
103	8	459.9348	153.5766	0
103	9	859.8615	128.7685	0
103	10	307.2589	148.6097	0
103	11	850.6174	100.8679	0
103	12	771.1223	106.6952	0
103	13	523.5485	106.5219	0
103	14	776.1155	126.3913	0
103	15	806.0607	108.9414	0
103	16	616.9962	127.7197	0
103	17	719.5345	115.9843	0
103	18	779.2627	116.8602	0
103	19	351.6036	160.6006	0
103	20	552.0093	142.9039	0
103	21	-36.4552	159.9741	0
103	22	43.61674	160.0677	0
103	23	589.0585	120.579	0
103	24	788.8945	113.2626	0
103	25	399.587	162.0821	0
103	26	758.5931	129.6875	0
103	27	832.595	135.2131	0
103	28	72.89407	133.42	0
103	29	756.0994	100.8766	0
103	30	719.1158	100.3512	0
103	31	246.994	181.8674	0
103	32	811.4495	98.12579	0
103	33	838.1066	105.3771	0
103	34	418.3494	127.5019	0
103	35	-134.6951	207.0986	0
103	36	400.7544	128.0052	0
103	37	526.4636	117.0391	0
103	38	297.2723	182.2262	0
103	39	748.9034	110.8816	0
103	40	887.1887	118.7626	0
103	41	473.7781	138.3802	0
103	42	422.6758	130.2803	0
103	43	544.5657	125.526	0
104	1	480.8976	114.9346	0
104	2	825.4605	128.8996	0
104	3	476.4655	120.5325	0
104	4	578.6492	105.8361	0
104	5	193.8679	150.6985	0
104	6	643.0792	143.7269	0
104	7	469.6939	135.4317	0
104	8	459.9564	153.5765	0
104	9	859.8805	128.766	0
104	10	307.2498	148.609	0
104	11	850.6199	100.868	0
104	12	771.144	106.704	0
104	13	523.5245	106.5166	0
104	14	776.1197	126.3949	0
104	15	806.0675	108.9433	0
104	16	616.9708	127.7158	0
104	17	719.5236	115.9822	0
104	18	779.2956	116.873	0
104	19	351.6026	160.5821	0
104	20	551.979	142.8983	0
104	21	-36.46109	159.9758	0
104	22	43.67194	160.0432	0
104	23	589.0697	120.5791	0
104	24	788.8614	113.2591	0
104	25	399.5497	162.109	0
104	26	758.6052	129.697	0
104	27	832.5268	135.2047	0
104	28	72.98113	133.417	0
104	29	756.1206	100.8824	0
104	30	719.1252	100.3573	0
104	31	247.021	181.8628	0
104	32	811.4719	98.12582	0
104	33	838.1556	105.3852	0
104	34	418.3607	127.5018	0
104	35	-134.9331	207.1531	0
104	36	400.7231	128.0228	0
104	37	526.4419	117.0357	0
104	38	297.2767	182.23	0
104	39	748.909	110.8833	0
104	40	887.1999	118.7641	0
104	41	473.7911	138.3795	0
104	42	422.6859	130.2795	0
104	43	544.5605	125.5461	0
105	1	480.8849	114.9413	0
105	2	825.4116	128.8914	0
105	3	476.5092	120.5323	0
105	4	578.6442	105.8495	0
105	5	193.8996	150.6942	0
105	6	643.0858	143.7134	0
105	7	469.6537	135.4225	0
105	8	459.9792	153.5766	0
105	9	859.8857	128.7617	0
105	10	307.2472	148.6107	0
105	11	850.6037	100.8663	0
105	12	771.1561	106.7088	0
105	13	523.4961	106.5116	0
105	14	776.1162	126.3956	0
105	15	806.0749	108.945	0
105	16	616.9565	127.7141	0
105	17	719.566	115.983	0
105	18	779.3205	116.8842	0
105	19	351.5973	160.5653	0
105	20	551.963	142.8962	0
105	21	-36.46921	159.9787	0
105	22	43.71756	160.0223	0
105	23	589.0773	120.5775	0
105	24	788.8364	113.2562	0
105	25	399.5139	162.136	0
105	26	758.6056	129.7007	0
105	27	832.4668	135.197	0
105	28	73.07748	133.411	0
105	29	756.1484	100.8881	0
105	30	719.1258	100.3592	0
105	31	247.0516	181.858	0
105	32	811.4843	98.12476	0
105	33	838.2066	105.3953	0
105	34	418.3701	127.5025	0
105	35	-135.2022	207.2129	0
105	36	400.6852	128.044	0
105	37	526.4313	117.0349	0
105	38	297.2919	182.2333	0
105	39	748.9147	110.8846	0
105	40	887.2125	118.7645	0
105	41	473.8033	138.3796	0
105	42	422.6977	130.2795	0
105	43	544.5477	125.5666	0
106	1	480.8693	114.9508	0
106	2	825.3649	128.8846	0
106	3	476.5504	120.5302	0
106	4	578.6298	105.8585	0
106	5	193.9313	150.6907	0
106	6	643.0784	143.7018	0
106	7	469.6177	135.4152	0
106	8	460.0005	153.5773	0
106	9	859.88	128.756	0
106	10	307.2453	148.6132	0
106	11	850.6381	100.8672	0
106	12	771.1591	106.7102	0
106	13	523.4606	106.5065	0
106	14	776.1145	126.3941	0
106	15	806.0844	108.9466	0
106	16	616.9531	127.7149	0
106	17	719.6015	115.9825	0
106	18	779.3347	116.8907	0
106	19	351.5879	160.5513	0
106	20	551.9603	142.8975	0
106	21	-36.47918	159.9823	0
106	22	43.75277	160.0033	0
106	23	589.0853	120.5757	0
106	24	788.821	113.2545	0
106	25	399.4733	162.1696	0
106	26	758.5944	129.7001	0
106	27	832.4205	135.1912	0
106	28	73.17837	133.403	0
106	29	756.1812	100.8951	0
106	30	719.1216	100.3593	0
106	31	247.0874	181.8529	0
106	32	811.4882	98.12308	0
106	33	838.2555	105.4065	0
106	34	418.373	127.5042	0
106	35	-135.5017	207.2808	0
106	36	400.6401	128.0672	0
106	37	526.4302	117.0359	0
106	38	297.3058	182.2375	0
106	39	748.9221	110.8862	0
106	40	887.2249	118.7651	0
106	41	473.8104	138.3811	0
106	42	422.7141	130.2794	0
106	43	544.5245	125.5825	0
107	1	480.8559	114.9624	0
107	2	825.3176	128.878	0
107	3	476.5875	120.5267	0
107	4	578.6107	105.8619	0
107	5	193.9697	150.6867	0
107	6	643.0712	143.6898	0
107	7	469.5888	135.4095	0
107	8	460.0203	153.5759	0
107	9	859.863	128.7484	0
107	10	307.2424	148.6163	0
107	11	850.6658	100.8674	0
107	12	771.1548	106.7101	0
107	13	523.4258	106.5013	0
107	14	776.1508	126.3943	0
107	15	806.0944	108.948	0
107	16	616.955	127.7165	0
107	17	719.6265	115.9799	0
107	18	779.3384	116.8931	0
107	19	351.5733	160.5379	0
107	20	551.9628	142.9	0
107	21	-36.49475	159.9866	0
107	22	43.7739	159.9856	0
107	23	589.0938	120.5745	0
107	24	788.8154	113.2545	0
107	25	399.424	162.207	0
107	26	758.6099	129.699	0
107	27	832.3892	135.1872	0
107	28	73.28021	133.3923	0
107	29	756.2137	100.9035	0
107	30	719.1078	100.3577	0
107	31	247.1155	181.8506	0
107	32	811.484	98.12057	0
107	33	838.2999	105.4181	0
107	34	418.3686	127.5072	0
107	35	-135.8399	207.3602	0
107	36	400.5859	128.0909	0
107	37	526.432	117.0376	0
107	38	297.3184	182.2402	0
107	39	748.93	110.8874	0
107	40	887.2362	118.7662	0
107	41	473.8097	138.3842	0
107	42	422.7337	130.2793	0
107	43	544.4968	125.5906	0
108	1	480.8456	114.9742	0
108	2	825.2661	128.8718	0
108	3	476.6205	120.5219	0
108	4	578.5961	105.8626	0
108	5	194.0122	150.6833	0
108	6	643.0463	143.6756	0
108	7	469.5704	135.4065	0
108	8	460.0387	153.5714	0
108	9	859.8357	128.742	0
108	10	307.2376	148.6199	0
108	11	850.6819	100.8662	0
108	12	771.1531	106.709	0
108	13	523.3956	106.497	0
108	14	776.1793	126.3932	0
108	15	806.1056	108.9485	0
108	16	616.9575	127.7184	0
108	17	719.642	115.9761	0
108	18	779.3333	116.8931	0
108	19	351.5491	160.5253	0
108	20	551.9659	142.9029	0
108	21	-36.51699	159.9911	0
108	22	43.77612	159.9682	0
108	23	589.1049	120.5731	0
108	24	788.8171	113.2553	0
108	25	399.3651	162.2471	0
108	26	758.6533	129.6986	0
108	27	832.3748	135.1861	0
108	28	73.3697	133.3826	0
108	29	756.2438	100.913	0
108	30	719.1418	100.3585	0
108	31	247.1375	181.8507	0
108	32	811.4723	98.11746	0
108	33	838.3328	105.4268	0
108	34	418.3561	127.5124	0
108	35	-136.201	207.4449	0
108	36	400.5231	128.1098	0
108	37	526.4339	117.0396	0
108	38	297.3289	182.242	0
108	39	748.9399	110.8876	0
108	40	887.2469	118.7666	0
108	41	473.8023	138.3898	0
108	42	422.7524	130.2794	0
108	43	544.4754	125.5935	0
109	1	480.8351	114.9885	0
109	2	825.2133	128.8657	0
109	3	476.6473	120.5155	0
109	4	578.5829	105.8608	0
109	5	194.0446	150.6823	0
109	6	643.007	143.659	0
109	7	469.5634	135.4068	0
109	8	460.0575	153.567	0
109	9	859.808	128.7354	0
109	10	307.2296	148.6234	0
109	11	850.6864	100.8642	0
109	12	771.1837	106.7095	0
109	13	523.3716	106.4935	0
109	14	776.1962	126.39	0
109	15	806.1181	108.9492	0
109	16	616.9608	127.7207	0
109	17	719.6481	115.971	0
109	18	779.3336	116.8919	0
109	19	351.5175	160.5131	0
109	20	551.9691	142.9065	0
109	21	-36.54201	159.996	0
109	22	43.77248	159.9515	0
109	23	589.1169	120.5721	0
109	24	788.8206	113.2564	0
109	25	399.295	162.2859	0
109	26	758.6868	129.6964	0
109	27	832.3746	135.1873	0
109	28	73.45572	133.3723	0
109	29	756.2691	100.9225	0
109	30	719.1735	100.3587	0
109	31	247.1422	181.8545	0
109	32	811.4539	98.1152	0
109	33	838.3518	105.4304	0
109	34	418.3404	127.5199	0
109	35	-136.5869	207.533	0
109	36	400.463	128.1198	0
109	37	526.4358	117.042	0
109	38	297.3396	182.2427	0
109	39	748.9505	110.8882	0
109	40	887.2574	118.7666	0
109	41	473.7899	138.3987	0
109	42	422.7705	130.2802	0
109	43	544.4607	125.592	0
110	1	480.8191	115.0054	0
110	2	825.1667	128.86	0
110	3	476.6643	120.5103	0
110	4	578.6224	105.8614	0
110	5	194.0674	150.6835	0
110	6	642.9662	143.6422	0
110	7	469.563	135.4087	0
110	8	460.0779	153.5634	0
110	9	859.7727	128.7279	0
110	10	307.2222	148.6273	0
110	11	850.6807	100.8614	0
110	12	771.208	106.7092	0
110	13	523.3569	106.4916	0
110	14	776.2035	126.3855	0
110	15	806.1298	108.9503	0
110	16	616.9635	127.7232	0
110	17	719.6448	115.9649	0
110	18	779.3671	116.8922	0
110	19	351.4872	160.502	0
110	20	551.9706	142.9104	0
110	21	-36.55907	160.0001	0
110	22	43.75972	159.9388	0
110	23	589.1276	120.5723	0
110	24	788.8248	113.2578	0
110	25	399.2175	162.3146	0
110	26	758.7062	129.6917	0
110	27	832.3801	135.1894	0
110	28	73.5263	133.3614	0
110	29	756.2852	100.9292	0
110	30	719.1968	100.3576	0
110	31	247.1238	181.8633	0
110	32	811.4357	98.11252	0
110	33	838.3572	105.4312	0
110	34	418.324	127.5292	0
110	35	-136.9757	207.6119	0
110	36	400.4225	128.1235	0
110	37	526.4362	117.0441	0
110	38	297.3515	182.244	0
110	39	748.96	110.8891	0
110	40	887.2687	118.7661	0
110	41	473.778	138.4101	0
110	42	422.788	130.2778	0
110	43	544.4972	125.5917	0
111	1	480.7971	115.024	0
111	2	825.1307	128.8557	0
111	3	476.6791	120.5042	0
111	4	578.6674	105.8615	0
111	5	194.0664	150.6877	0
111	6	642.9287	143.6266	0
111	7	469.5638	135.4111	0
111	8	460.1035	153.559	0
111	9	859.726	128.7182	0
111	10	307.2196	148.6304	0
111	11	850.6656	100.8574	0
111	12	771.2227	106.7076	0
111	13	523.3519	106.4919	0
111	14	776.2012	126.3794	0
111	15	806.1405	108.9508	0
111	16	616.9672	127.7255	0
111	17	719.6309	115.9598	0
111	18	779.3932	116.8914	0
111	19	351.4588	160.4939	0
111	20	551.9734	142.9143	0
111	21	-36.56766	160.0022	0
111	22	43.74387	159.9293	0
111	23	589.1364	120.5735	0
111	24	788.8302	113.2593	0
111	25	399.1517	162.3304	0
111	26	758.7151	129.6853	0
111	27	832.3866	135.1918	0
111	28	73.57757	133.3473	0
111	29	756.2911	100.9315	0
111	30	719.2115	100.3557	0
111	31	247.0807	181.8794	0
111	32	811.4082	98.1084	0
111	33	838.3466	105.4301	0
111	34	418.3083	127.538	0
111	35	-137.3175	207.6669	0
111	36	400.4031	128.1219	0
111	37	526.4377	117.0464	0
111	38	297.3704	182.2452	0
111	39	748.9689	110.8894	0
111	40	887.2808	118.7658	0
111	41	473.7669	138.4223	0
111	42	422.8057	130.2749	0
111	43	544.551	125.5912	0
112	1	480.7667	115.0425	0
112	2	825.1064	128.8526	0
112	3	476.684	120.4975	0
112	4	578.7058	105.8598	0
112	5	194.0382	150.6962	0
112	6	642.8873	143.6115	0
112	7	469.5641	135.414	0
112	8	460.1289	153.5562	0
112	9	859.6765	128.708	0
112	10	307.2226	148.6317	0
112	11	850.6402	100.8546	0
112	12	771.2298	106.7053	0
112	13	523.3527	106.4931	0
112	14	776.1898	126.3727	0
112	15	806.151	108.951	0
112	16	616.9723	127.7275	0
112	17	719.6168	115.954	0
112	18	779.4086	116.889	0
112	19	351.4375	160.4883	0
112	20	551.9787	142.9177	0
112	21	-36.5642	160.0041	0
112	22	43.73104	159.9244	0
112	23	589.1407	120.5759	0
112	24	788.8361	113.2605	0
112	25	399.1133	162.336	0
112	26	758.712	129.6768	0
112	27	832.3958	135.1947	0
112	28	73.61569	133.332	0
112	29	756.2904	100.9318	0
112	30	719.2183	100.353	0
112	31	247.0222	181.9026	0
112	32	811.374	98.10297	0
112	33	838.3657	105.43	0
112	34	418.2915	127.549	0
112	35	-137.5347	207.695	0
112	36	400.4434	128.1213	0
112	37	526.4415	117.0482	0
112	38	297.3981	182.2451	0
112	39	748.9777	110.8893	0
112	40	887.2936	118.7657	0
112	41	473.7575	138.4358	0
112	42	422.8236	130.2726	0
112	43	544.5992	125.5883	0
113	1	480.7268	115.056	0
113	2	825.0951	128.8518	0
113	3	476.6766	120.4885	0
113	4	578.7367	105.8569	0
113	5	193.9784	150.7112	0
113	6	642.8418	143.5984	0
113	7	469.5632	135.4174	0
113	8	460.1512	153.5556	0
113	9	859.6307	128.6985	0
113	10	307.2317	148.6332	0
113	11	850.6151	100.8511	0
113	12	771.2286	106.7019	0
113	13	523.3545	106.4947	0
113	14	776.1708	126.3667	0
113	15	806.162	108.9505	0
113	16	616.9797	127.7288	0
113	17	719.59	115.9464	0
113	18	779.4153	116.8855	0
113	19	351.4254	160.4866	0
113	20	551.9882	142.9194	0
113	21	-36.55988	160.0066	0
113	22	43.72462	159.9252	0
113	23	589.142	120.5798	0
113	24	788.8437	113.2618	0
113	25	399.0999	162.3308	0
113	26	758.6983	129.6691	0
113	27	832.4058	135.1975	0
113	28	73.65601	133.3176	0
113	29	756.2808	100.9307	0
113	30	719.2169	100.3492	0
113	31	246.954	181.9318	0
113	32	811.3407	98.09747	0
113	33	838.3975	105.4302	0
113	34	418.2707	127.562	0
113	35	-137.6038	207.698	0
113	36	400.5106	128.1206	0
113	37	526.449	117.0487	0
113	38	297.4255	182.2456	0
113	39	748.9871	110.8886	0
113	40	887.3054	118.7656	0
113	41	473.7452	138.4524	0
113	42	422.8453	130.2701	0
113	43	544.6394	125.5831	0
114	1	480.6864	115.062	0
114	2	825.0948	128.8528	0
114	3	476.6635	120.4789	0
114	4	578.7609	105.8528	0
114	5	193.9015	150.7318	0
114	6	642.7975	143.5874	0
114	7	469.5614	135.4204	0
114	8	460.1656	153.5577	0
114	9	859.5828	128.6893	0
114	10	307.24	148.6353	0
114	11	850.5804	100.8462	0
114	12	771.2205	106.6983	0
114	13	523.3562	106.4964	0
114	14	776.1511	126.3606	0
114	15	806.1741	108.9498	0
114	16	616.9901	127.7297	0
114	17	719.553	115.9371	0
114	18	779.413	116.8807	0
114	19	351.422	160.4881	0
114	20	552.0021	142.9208	0
114	21	-36.55619	160.0081	0
114	22	43.71796	159.9284	0
114	23	589.1398	120.5866	0
114	24	788.8514	113.2628	0
114	25	399.1792	162.3312	0
114	26	758.6776	129.6608	0
114	27	832.4186	135.2005	0
114	28	73.69386	133.3035	0
114	29	756.3045	100.9309	0
114	30	719.2057	100.3464	0
114	31	246.8821	181.9619	0
114	32	811.3083	98.09247	0
114	33	838.4192	105.4293	0
114	34	418.2455	127.5762	0
114	35	-137.5271	207.6911	0
114	36	400.5769	128.1174	0
114	37	526.46	117.0495	0
114	38	297.4526	182.247	0
114	39	748.9971	110.8883	0
114	40	887.3176	118.7656	0
114	41	473.7287	138.4706	0
114	42	422.8703	130.2679	0
114	43	544.6727	125.5761	0
115	1	480.6592	115.0638	0
115	2	825.0991	128.8542	0
115	3	476.6536	120.4699	0
115	4	578.7763	105.8471	0
115	5	193.8122	150.7571	0
115	6	642.7496	143.5766	0
115	7	469.5615	135.4236	0
115	8	460.1659	153.5632	0
115	9	859.5321	128.6813	0
115	10	307.2477	148.6364	0
115	11	850.5363	100.8395	0
115	12	771.205	106.6951	0
115	13	523.3571	106.4983	0
115	14	776.1196	126.3525	0
115	15	806.1875	108.9496	0
115	16	617.0009	127.731	0
115	17	719.5154	115.9276	0
115	18	779.4026	116.8759	0
115	19	351.4206	160.4908	0
115	20	552.0157	142.9229	0
115	21	-36.55371	160.009	0
115	22	43.71072	159.9325	0
115	23	589.1402	120.5959	0
115	24	788.8607	113.263	0
115	25	399.2612	162.3273	0
115	26	758.6512	129.6521	0
115	27	832.4315	135.2031	0
115	28	73.7265	133.2908	0
115	29	756.3344	100.9312	0
115	30	719.1942	100.343	0
115	31	246.8024	181.9979	0
115	32	811.2741	98.0878	0
115	33	838.4277	105.4271	0
115	34	418.2147	127.5904	0
115	35	-137.3609	207.6848	0
115	36	400.6402	128.1115	0
115	37	526.4702	117.0508	0
115	38	297.4836	182.2428	0
115	39	749.0084	110.8882	0
115	40	887.3282	118.7662	0
115	41	473.7062	138.4897	0
115	42	422.8911	130.2674	0
115	43	544.697	125.5668	0
116	1	480.644	115.0618	0
116	2	825.1041	128.8561	0
116	3	476.641	120.4612	0
116	4	578.78	105.8427	0
116	5	193.7177	150.7836	0
116	6	642.6932	143.5663	0
116	7	469.5652	135.4258	0
116	8	460.1542	153.5736	0
116	9	859.4835	128.6747	0
116	10	307.2545	148.6368	0
116	11	850.491	100.8325	0
116	12	771.1885	106.6914	0
116	13	523.3575	106.4998	0
116	14	776.0802	126.3431	0
116	15	806.2	108.9494	0
116	16	617.0104	127.7318	0
116	17	719.4799	115.9188	0
116	18	779.3848	116.8712	0
116	19	351.4189	160.494	0
116	20	552.0281	142.924	0
116	21	-36.55192	160.0089	0
116	22	43.69822	159.9376	0
116	23	589.1451	120.6068	0
116	24	788.8701	113.2636	0
116	25	399.3397	162.318	0
116	26	758.61	129.6407	0
116	27	832.4461	135.2042	0
116	28	73.75256	133.2805	0
116	29	756.3561	100.9303	0
116	30	719.1731	100.3383	0
116	31	246.7108	182.0391	0
116	32	811.2383	98.08423	0
116	33	838.4262	105.424	0
116	34	418.1788	127.601	0
116	35	-137.1594	207.6692	0
116	36	400.6995	128.1035	0
116	37	526.4796	117.0514	0
116	38	297.5175	182.2353	0
116	39	749.0197	110.888	0
116	40	887.3314	118.7655	0
116	41	473.6764	138.5067	0
116	42	422.9088	130.2685	0
116	43	544.7081	125.5586	0
117	1	480.6895	115.0621	0
117	2	825.1111	128.8582	0
117	3	476.6257	120.4537	0
117	4	578.7834	105.838	0
117	5	193.6102	150.8158	0
117	6	642.6367	143.5563	0
117	7	469.574	135.4269	0
117	8	460.1297	153.5911	0
117	9	859.4349	128.6684	0
117	10	307.2616	148.6365	0
117	11	850.4481	100.8261	0
117	12	771.162	106.6861	0
117	13	523.3596	106.5013	0
117	14	776.0424	126.3338	0
117	15	806.2139	108.9493	0
117	16	617.0197	127.7324	0
117	17	719.4414	115.9104	0
117	18	779.3654	116.8661	0
117	19	351.4157	160.498	0
117	20	552.0397	142.9248	0
117	21	-36.54933	160.009	0
117	22	43.67715	159.9437	0
117	23	589.1542	120.6172	0
117	24	788.8785	113.2643	0
117	25	399.4148	162.3047	0
117	26	758.5613	129.6282	0
117	27	832.4616	135.2054	0
117	28	73.77088	133.2707	0
117	29	756.368	100.9285	0
117	30	719.1422	100.3318	0
117	31	246.6093	182.083	0
117	32	811.2045	98.08118	0
117	33	838.414	105.4195	0
117	34	418.1454	127.6064	0
117	35	-136.9236	207.6418	0
117	36	400.7516	128.0931	0
117	37	526.4883	117.0515	0
117	38	297.5515	182.2282	0
117	39	749.0311	110.8881	0
117	40	887.3297	118.7641	0
117	41	473.6432	138.5172	0
117	42	422.9149	130.2715	0
117	43	544.7172	125.5504	0
118	1	480.7484	115.0619	0
118	2	825.1187	128.8603	0
118	3	476.6087	120.4476	0
118	4	578.7746	105.8319	0
118	5	193.4886	150.8518	0
118	6	642.5876	143.5478	0
118	7	469.5856	135.4284	0
118	8	460.1049	153.614	0
118	9	859.3824	128.6624	0
118	10	307.2699	148.6365	0
118	11	850.4031	100.8198	0
118	12	771.1288	106.6796	0
118	13	523.3643	106.5022	0
118	14	776.0052	126.325	0
118	15	806.2255	108.9496	0
118	16	617.0291	127.7321	0
118	17	719.4007	115.9036	0
118	18	779.3347	116.8592	0
118	19	351.4095	160.5023	0
118	20	552.0515	142.9245	0
118	21	-36.54155	160.0094	0
118	22	43.64968	159.9496	0
118	23	589.1651	120.6306	0
118	24	788.8866	113.2646	0
118	25	399.4843	162.2879	0
118	26	758.517	129.6164	0
118	27	832.476	135.2071	0
118	28	73.77953	133.2616	0
118	29	756.3719	100.9259	0
118	30	719.1091	100.325	0
118	31	246.4965	182.1276	0
118	32	811.1689	98.07822	0
118	33	838.3926	105.4159	0
118	34	418.1239	127.6082	0
118	35	-136.668	207.6064	0
118	36	400.7898	128.0841	0
118	37	526.4974	117.0508	0
118	38	297.5879	182.2219	0
118	39	749.0412	110.8886	0
118	40	887.3285	118.7628	0
118	41	473.6168	138.5218	0
118	42	422.9081	130.2768	0
118	43	544.7139	125.5412	0
119	1	480.8026	115.0593	0
119	2	825.1285	128.8625	0
119	3	476.5891	120.4417	0
119	4	578.7529	105.8235	0
119	5	193.3549	150.8907	0
119	6	642.549	143.5412	0
119	7	469.5958	135.4298	0
119	8	460.0819	153.6405	0
119	9	859.3286	128.6564	0
119	10	307.2822	148.6367	0
119	11	850.3558	100.8149	0
119	12	771.0969	106.6732	0
119	13	523.3726	106.5025	0
119	14	775.9658	126.3168	0
119	15	806.2327	108.9496	0
119	16	617.0395	127.7316	0
119	17	719.3614	115.8978	0
119	18	779.297	116.851	0
119	19	351.403	160.5068	0
119	20	552.064	142.9243	0
119	21	-36.52299	160.0092	0
119	22	43.62695	159.9554	0
119	23	589.1729	120.6461	0
119	24	788.8945	113.2644	0
119	25	399.5424	162.2685	0
119	26	758.4705	129.6049	0
119	27	832.4892	135.208	0
119	28	73.77682	133.2526	0
119	29	756.3672	100.922	0
119	30	719.0786	100.3187	0
119	31	246.378	182.1646	0
119	32	811.1296	98.07523	0
119	33	838.3671	105.4118	0
119	34	418.1132	127.6068	0
119	35	-136.3999	207.5628	0
119	36	400.8241	128.0741	0
119	37	526.5071	117.0503	0
119	38	297.6335	182.2139	0
119	39	749.0458	110.8879	0
119	40	887.3295	118.7618	0
119	41	473.6015	138.5221	0
119	42	422.8868	130.2863	0
119	43	544.6948	125.529	0
120	1	480.8026	115.0593	0
120	2	825.1285	128.8625	0
120	3	476.5891	120.4417	0
120	4	578.7529	105.8235	0
120	5	193.3549	150.8907	0
120	6	642.549	143.5412	0
120	7	469.5958	135.4298	0
120	8	460.0819	153.6405	0
120	9	859.3286	128.6564	0
120	10	307.2822	148.6367	0
120	11	850.3558	100.8149	0
120	12	771.0969	106.6732	0
120	13	523.3726	106.5025	0
120	14	775.9658	126.3168	0
120	15	806.2327	108.9496	0
120	16	617.0395	127.7316	0
120	17	719.3614	115.8978	0
120	18	779.297	116.851	0
120	19	351.403	160.5068	0
120	20	552.064	142.9243	0
120	21	-36.52299	160.0092	0
120	22	43.62695	159.9554	0
120	23	589.1729	120.6461	0
120	24	788.8945	113.2644	0
120	25	399.5424	162.2685	0
120	26	758.4705	129.6049	0
120	27	832.4892	135.208	0
120	28	73.77682	133.2526	0
120	29	756.3672	100.922	0
120	30	719.0786	100.3187	0
120	31	246.378	182.1646	0
120	32	811.1296	98.07523	0
120	33	838.3671	105.4118	0
120	34	418.1132	127.6068	0
120	35	-136.3999	207.5628	0
120	36	400.8241	128.0741	0
120	37	526.5071	117.0503	0
120	38	297.6335	182.2139	0
120	39	749.0458	110.8879	0
120	40	887.3295	118.7618	0
120	41	473.6015	138.5221	0
120	42	422.8868	130.2863	0
120	43	544.6948	125.529	0
