17	1	470.2559	308.981	0
18	1	470.2559	308.981	0
18	2	482.4813	85.72986	0
19	1	470.2559	308.981	0
19	2	482.4813	85.72986	0
19	3	449.3198	309.238	0
20	1	470.2559	308.981	0
20	2	482.4813	85.72986	0
20	3	449.3198	309.238	0
20	4	408.2541	232.0914	0
21	1	470.2559	308.981	0
21	2	482.4813	85.72986	0
21	3	449.3198	309.238	0
21	4	408.2541	232.0914	0
21	5	578.678	434.6755	0
22	1	470.2559	308.981	0
22	2	482.4813	85.72986	0
22	3	449.3198	309.238	0
22	4	408.2541	232.0914	0
22	5	578.678	434.6755	0
22	6	546.6896	226.9724	0
23	1	470.2559	308.981	0
23	2	482.4813	85.72986	0
23	3	449.3198	309.238	0
23	4	408.2541	232.0914	0
23	5	578.678	434.6755	0
23	6	546.6896	226.9724	0
23	7	527.9094	316.2119	0
24	1	470.2559	308.981	0
24	2	482.4813	85.72986	0
24	3	449.3198	309.238	0
24	4	408.2541	232.0914	0
24	5	578.678	434.6755	0
24	6	546.6896	226.9724	0
24	7	527.9094	316.2119	0
24	8	584.6302	319.0049	0
25	1	470.2559	308.981	0
25	2	482.4813	85.72986	0
25	3	449.3198	309.238	0
25	4	408.2541	232.0914	0
25	5	578.678	434.6755	0
25	6	546.6896	226.9724	0
25	7	527.9094	316.2119	0
25	8	584.6302	319.0049	0
25	9	477.0535	60.24811	0
26	1	470.2559	308.981	0
26	2	482.4813	85.72986	0
26	3	449.3198	309.238	0
26	4	408.2541	232.0914	0
26	5	578.678	434.6755	0
26	6	546.6896	226.9724	0
26	7	527.9094	316.2119	0
26	8	584.6302	319.0049	0
26	9	477.0535	60.24811	0
27	1	470.2559	308.981	0
27	2	482.4813	85.72986	0
27	3	449.3198	309.238	0
27	4	408.2541	232.0914	0
27	5	578.678	434.6755	0
27	6	546.6896	226.9724	0
27	7	527.9094	316.2119	0
27	8	584.6302	319.0049	0
27	9	477.0535	60.24811	0
27	10	549.1203	394.3974	0
28	1	470.2559	308.981	0
28	2	482.4813	85.72986	0
28	3	449.3198	309.238	0
28	4	408.2541	232.0914	0
28	5	578.678	434.6755	0
28	6	546.6896	226.9724	0
28	7	527.9094	316.2119	0
28	8	584.6302	319.0049	0
28	9	477.0535	60.24811	0
28	10	549.1203	394.3974	0
28	11	358.6808	-22.63373	0
29	1	470.2559	308.981	0
29	2	482.4813	85.72986	0
29	3	449.3198	309.238	0
29	4	408.2541	232.0914	0
29	5	578.678	434.6755	0
29	6	546.6896	226.9724	0
29	7	527.9094	316.2119	0
29	8	584.6302	319.0049	0
29	9	477.0535	60.24811	0
29	10	549.1203	394.3974	0
29	11	358.6808	-22.63373	0
29	12	362.32	50.52899	0
30	1	470.2559	308.981	0
30	2	482.4813	85.72986	0
30	3	449.3198	309.238	0
30	4	408.2541	232.0914	0
30	5	578.678	434.6755	0
30	6	546.6896	226.9724	0
30	7	527.9094	316.2119	0
30	8	584.6302	319.0049	0
30	9	477.0535	60.24811	0
30	10	549.1203	394.3974	0
30	11	358.6808	-22.63373	0
30	12	362.32	50.52899	0
30	13	409.9732	273.4237	0
31	1	470.2559	308.981	0
31	2	482.4813	85.72986	0
31	3	449.3198	309.238	0
31	4	408.2541	232.0914	0
31	5	578.678	434.6755	0
31	6	546.6896	226.9724	0
31	7	527.9094	316.2119	0
31	8	584.6302	319.0049	0
31	9	477.0535	60.24811	0
31	10	549.1203	394.3974	0
31	11	358.6808	-22.63373	0
31	12	362.32	50.52899	0
31	13	409.9732	273.4237	0
31	14	465.3438	109.6912	0
32	1	470.2559	308.981	0
32	2	482.4813	85.72986	0
32	3	449.3198	309.238	0
32	4	408.2541	232.0914	0
32	5	578.678	434.6755	0
32	6	546.6896	226.9724	0
32	7	527.9094	316.2119	0
32	8	584.6302	319.0049	0
32	9	477.0535	60.24811	0
32	10	549.1203	394.3974	0
32	11	358.6808	-22.63373	0
32	12	362.32	50.52899	0
32	13	409.9732	273.4237	0
32	14	465.3438	109.6912	0
32	15	419.3706	57.14975	0
33	1	470.2559	308.981	0
33	2	482.4813	85.72986	0
33	3	449.3198	309.238	0
33	4	408.2541	232.0914	0
33	5	578.678	434.6755	0
33	6	546.6896	226.9724	0
33	7	527.9094	316.2119	0
33	8	584.6302	319.0049	0
33	9	477.0535	60.24811	0
33	10	549.1203	394.3974	0
33	11	358.6808	-22.63373	0
33	12	362.32	50.52899	0
33	13	409.9732	273.4237	0
33	14	465.3438	109.6912	0
33	15	419.3706	57.14975	0
33	16	489.6674	223.1942	0
34	1	470.2559	308.981	0
34	2	482.4813	85.72986	0
34	3	449.3198	309.238	0
34	4	408.2541	232.0914	0
34	5	578.678	434.6755	0
34	6	546.6896	226.9724	0
34	7	527.9094	316.2119	0
34	8	584.6302	319.0049	0
34	9	477.0535	60.24811	0
34	10	549.1203	394.3974	0
34	11	358.6808	-22.63373	0
34	12	362.32	50.52899	0
34	13	409.9732	273.4237	0
34	14	465.3438	109.6912	0
34	15	419.3706	57.14975	0
34	16	489.6674	223.1942	0
34	17	441.869	137.5812	0
35	1	470.2559	308.981	0
35	2	482.4813	85.72986	0
35	3	449.3198	309.238	0
35	4	408.2541	232.0914	0
35	5	578.678	434.6755	0
35	6	546.6896	226.9724	0
35	7	527.9094	316.2119	0
35	8	584.6302	319.0049	0
35	9	477.0535	60.24811	0
35	10	549.1203	394.3974	0
35	11	358.6808	-22.63373	0
35	12	362.32	50.52899	0
35	13	409.9732	273.4237	0
35	14	465.3438	109.6912	0
35	15	419.3706	57.14975	0
35	16	489.6674	223.1942	0
35	17	441.869	137.5812	0
35	18	425.1648	81.70975	0
36	1	470.2559	308.981	0
36	2	482.4813	85.72986	0
36	3	449.3198	309.238	0
36	4	408.2541	232.0914	0
36	5	578.678	434.6755	0
36	6	546.6896	226.9724	0
36	7	527.9094	316.2119	0
36	8	584.6302	319.0049	0
36	9	477.0535	60.24811	0
36	10	549.1203	394.3974	0
36	11	358.6808	-22.63373	0
36	12	362.32	50.52899	0
36	13	409.9732	273.4237	0
36	14	465.3438	109.6912	0
36	15	419.3706	57.14975	0
36	16	489.6674	223.1942	0
36	17	441.869	137.5812	0
36	18	425.1648	81.70975	0
37	1	470.2559	308.981	0
37	2	482.4813	85.72986	0
37	3	449.3198	309.238	0
37	4	408.2541	232.0914	0
37	5	578.678	434.6755	0
37	6	546.6896	226.9724	0
37	7	527.9094	316.2119	0
37	8	584.6302	319.0049	0
37	9	477.0535	60.24811	0
37	10	549.1203	394.3974	0
37	11	358.6808	-22.63373	0
37	12	362.32	50.52899	0
37	13	409.9732	273.4237	0
37	14	465.3438	109.6912	0
37	15	419.3706	57.14975	0
37	16	489.6674	223.1942	0
37	17	441.869	137.5812	0
37	18	425.1648	81.70975	0
37	19	572.0646	367.1484	0
38	1	470.2559	308.981	0
38	2	482.4813	85.72986	0
38	3	449.3198	309.238	0
38	4	408.2541	232.0914	0
38	5	578.678	434.6755	0
38	6	546.6896	226.9724	0
38	7	527.9094	316.2119	0
38	8	584.6302	319.0049	0
38	9	477.0535	60.24811	0
38	10	549.1203	394.3974	0
38	11	358.6808	-22.63373	0
38	12	362.32	50.52899	0
38	13	409.9732	273.4237	0
38	14	465.3438	109.6912	0
38	15	419.3706	57.14975	0
38	16	489.6674	223.1942	0
38	17	441.869	137.5812	0
38	18	425.1648	81.70975	0
38	19	572.0646	367.1484	0
38	20	553.8188	272.9488	0
39	1	470.2559	308.981	0
39	2	482.4813	85.72986	0
39	3	449.3198	309.238	0
39	4	408.2541	232.0914	0
39	5	578.678	434.6755	0
39	6	546.6896	226.9724	0
39	7	527.9094	316.2119	0
39	8	584.6302	319.0049	0
39	9	477.0535	60.24811	0
39	10	549.1203	394.3974	0
39	11	358.6808	-22.63373	0
39	12	362.32	50.52899	0
39	13	409.9732	273.4237	0
39	14	465.3438	109.6912	0
39	15	419.3706	57.14975	0
39	16	489.6674	223.1942	0
39	17	441.869	137.5812	0
39	18	425.1648	81.70975	0
39	19	572.0646	367.1484	0
39	20	553.8188	272.9488	0
39	21	574.5251	536.0333	0
40	1	470.2559	308.981	0
40	2	482.4813	85.72986	0
40	3	449.3198	309.238	0
40	4	408.2541	232.0914	0
40	5	578.678	434.6755	0
40	6	546.6896	226.9724	0
40	7	527.9094	316.2119	0
40	8	584.6302	319.0049	0
40	9	477.0535	60.24811	0
40	10	549.1203	394.3974	0
40	11	358.6808	-22.63373	0
40	12	362.32	50.52899	0
40	13	409.9732	273.4237	0
40	14	465.3438	109.6912	0
40	15	419.3706	57.14975	0
40	16	489.6674	223.1942	0
40	17	441.869	137.5812	0
40	18	425.1648	81.70975	0
40	19	572.0646	367.1484	0
40	20	553.8188	272.9488	0
40	21	574.5251	536.0333	0
40	22	597.0948	480.5331	0
41	1	470.2559	308.981	0
41	2	482.4813	85.72986	0
41	3	449.3198	309.238	0
41	4	408.2541	232.0914	0
41	5	578.678	434.6755	0
41	6	546.6896	226.9724	0
41	7	527.9094	316.2119	0
41	8	584.6302	319.0049	0
41	9	477.0535	60.24811	0
41	10	549.1203	394.3974	0
41	11	358.6808	-22.63373	0
41	12	362.32	50.52899	0
41	13	409.9732	273.4237	0
41	14	465.3438	109.6912	0
41	15	419.3706	57.14975	0
41	16	489.6674	223.1942	0
41	17	441.869	137.5812	0
41	18	425.1648	81.70975	0
41	19	572.0646	367.1484	0
41	20	553.8188	272.9488	0
41	21	574.5251	536.0333	0
41	22	597.0948	480.5331	0
41	23	465.8758	235.2663	0
42	1	470.2559	308.981	0
42	2	482.4813	85.72986	0
42	3	449.3198	309.238	0
42	4	408.2541	232.0914	0
42	5	578.678	434.6755	0
42	6	546.6896	226.9724	0
42	7	527.9094	316.2119	0
42	8	584.6302	319.0049	0
42	9	477.0535	60.24811	0
42	10	549.1203	394.3974	0
42	11	358.6808	-22.63373	0
42	12	362.32	50.52899	0
42	13	409.9732	273.4237	0
42	14	465.3438	109.6912	0
42	15	419.3706	57.14975	0
42	16	489.6674	223.1942	0
42	17	441.869	137.5812	0
42	18	425.1648	81.70975	0
42	19	572.0646	367.1484	0
42	20	553.8188	272.9488	0
42	21	574.5251	536.0333	0
42	22	597.0948	480.5331	0
42	23	465.8758	235.2663	0
42	24	398.2634	54.34323	0
43	1	470.2559	308.981	0
43	2	482.4813	85.72986	0
43	3	449.3198	309.238	0
43	4	408.2541	232.0914	0
43	5	578.678	434.6755	0
43	6	546.6896	226.9724	0
43	7	527.9094	316.2119	0
43	8	584.6302	319.0049	0
43	9	477.0535	60.24811	0
43	10	549.1203	394.3974	0
43	11	358.6808	-22.63373	0
43	12	362.32	50.52899	0
43	13	409.9732	273.4237	0
43	14	465.3438	109.6912	0
43	15	419.3706	57.14975	0
43	16	489.6674	223.1942	0
43	17	441.869	137.5812	0
43	18	425.1648	81.70975	0
43	19	572.0646	367.1484	0
43	20	553.8188	272.9488	0
43	21	574.5251	536.0333	0
43	22	597.0948	480.5331	0
43	23	465.8758	235.2663	0
43	24	398.2634	54.34323	0
43	25	590.3483	342.6332	0
44	1	470.2559	308.981	0
44	2	482.4813	85.72986	0
44	3	449.3198	309.238	0
44	4	408.2541	232.0914	0
44	5	578.678	434.6755	0
44	6	546.6896	226.9724	0
44	7	527.9094	316.2119	0
44	8	584.6302	319.0049	0
44	9	477.0535	60.24811	0
44	10	549.1203	394.3974	0
44	11	358.6808	-22.63373	0
44	12	362.32	50.52899	0
44	13	409.9732	273.4237	0
44	14	465.3438	109.6912	0
44	15	419.3706	57.14975	0
44	16	489.6674	223.1942	0
44	17	441.869	137.5812	0
44	18	425.1648	81.70975	0
44	19	572.0646	367.1484	0
44	20	553.8188	272.9488	0
44	21	574.5251	536.0333	0
44	22	597.0948	480.5331	0
44	23	465.8758	235.2663	0
44	24	398.2634	54.34323	0
44	25	590.3483	342.6332	0
44	26	498.8085	140.8436	0
45	1	470.2559	308.981	0
45	2	482.4813	85.72986	0
45	3	449.3198	309.238	0
45	4	408.2541	232.0914	0
45	5	578.678	434.6755	0
45	6	546.6896	226.9724	0
45	7	527.9094	316.2119	0
45	8	584.6302	319.0049	0
45	9	477.0535	60.24811	0
45	10	549.1203	394.3974	0
45	11	358.6808	-22.63373	0
45	12	362.32	50.52899	0
45	13	409.9732	273.4237	0
45	14	465.3438	109.6912	0
45	15	419.3706	57.14975	0
45	16	489.6674	223.1942	0
45	17	441.869	137.5812	0
45	18	425.1648	81.70975	0
45	19	572.0646	367.1484	0
45	20	553.8188	272.9488	0
45	21	574.5251	536.0333	0
45	22	597.0948	480.5331	0
45	23	465.8758	235.2663	0
45	24	398.2634	54.34323	0
45	25	590.3483	342.6332	0
45	26	498.8085	140.8436	0
45	27	523.6145	112.544	0
46	1	470.2559	308.981	0
46	2	482.4813	85.72986	0
46	3	449.3198	309.238	0
46	4	408.2541	232.0914	0
46	5	578.678	434.6755	0
46	6	546.6896	226.9724	0
46	7	527.9094	316.2119	0
46	8	584.6302	319.0049	0
46	9	477.0535	60.24811	0
46	10	549.1203	394.3974	0
46	11	358.6808	-22.63373	0
46	12	362.32	50.52899	0
46	13	409.9732	273.4237	0
46	14	465.3438	109.6912	0
46	15	419.3706	57.14975	0
46	16	489.6674	223.1942	0
46	17	441.869	137.5812	0
46	18	425.1648	81.70975	0
46	19	572.0646	367.1484	0
46	20	553.8188	272.9488	0
46	21	574.5251	536.0333	0
46	22	597.0948	480.5331	0
46	23	465.8758	235.2663	0
46	24	398.2634	54.34323	0
46	25	590.3483	342.6332	0
46	26	498.8085	140.8436	0
46	27	523.6145	112.544	0
47	1	470.2559	308.981	0
47	2	482.4813	85.72986	0
47	3	449.3198	309.238	0
47	4	408.2541	232.0914	0
47	5	578.678	434.6755	0
47	6	546.6896	226.9724	0
47	7	527.9094	316.2119	0
47	8	584.6302	319.0049	0
47	9	477.0535	60.24811	0
47	10	549.1203	394.3974	0
47	11	358.6808	-22.63373	0
47	12	362.32	50.52899	0
47	13	409.9732	273.4237	0
47	14	465.3438	109.6912	0
47	15	419.3706	57.14975	0
47	16	489.6674	223.1942	0
47	17	441.869	137.5812	0
47	18	425.1648	81.70975	0
47	19	572.0646	367.1484	0
47	20	553.8188	272.9488	0
47	21	574.5251	536.0333	0
47	22	597.0948	480.5331	0
47	23	465.8758	235.2663	0
47	24	398.2634	54.34323	0
47	25	590.3483	342.6332	0
47	26	498.8085	140.8436	0
47	27	523.6145	112.544	0
47	28	516.7457	532.1702	0
48	1	470.2559	308.981	0
48	2	482.4813	85.72986	0
48	3	449.3198	309.238	0
48	4	408.2541	232.0914	0
48	5	578.678	434.6755	0
48	6	546.6896	226.9724	0
48	7	527.9094	316.2119	0
48	8	584.6302	319.0049	0
48	9	477.0535	60.24811	0
48	10	549.1203	394.3974	0
48	11	358.6808	-22.63373	0
48	12	362.32	50.52899	0
48	13	409.9732	273.4237	0
48	14	465.3438	109.6912	0
48	15	419.3706	57.14975	0
48	16	489.6674	223.1942	0
48	17	441.869	137.5812	0
48	18	425.1648	81.70975	0
48	19	572.0646	367.1484	0
48	20	553.8188	272.9488	0
48	21	574.5251	536.0333	0
48	22	597.0948	480.5331	0
48	23	465.8758	235.2663	0
48	24	398.2634	54.34323	0
48	25	590.3483	342.6332	0
48	26	498.8085	140.8436	0
48	27	523.6145	112.544	0
48	28	516.7457	532.1702	0
48	29	341.7206	51.93121	0
49	1	470.2559	308.981	0
49	2	482.4813	85.72986	0
49	3	449.3198	309.238	0
49	4	408.2541	232.0914	0
49	5	578.678	434.6755	0
49	6	546.6896	226.9724	0
49	7	527.9094	316.2119	0
49	8	584.6302	319.0049	0
49	9	477.0535	60.24811	0
49	10	549.1203	394.3974	0
49	11	358.6808	-22.63373	0
49	12	362.32	50.52899	0
49	13	409.9732	273.4237	0
49	14	465.3438	109.6912	0
49	15	419.3706	57.14975	0
49	16	489.6674	223.1942	0
49	17	441.869	137.5812	0
49	18	425.1648	81.70975	0
49	19	572.0646	367.1484	0
49	20	553.8188	272.9488	0
49	21	574.5251	536.0333	0
49	22	597.0948	480.5331	0
49	23	465.8758	235.2663	0
49	24	398.2634	54.34323	0
49	25	590.3483	342.6332	0
49	26	498.8085	140.8436	0
49	27	523.6145	112.544	0
49	28	516.7457	532.1702	0
49	29	341.7206	51.93121	0
49	30	349.8978	92.10941	0
50	1	470.2559	308.981	0
50	2	482.4813	85.72986	0
50	3	449.3198	309.238	0
50	4	408.2541	232.0914	0
50	5	578.678	434.6755	0
50	6	546.6896	226.9724	0
50	7	527.9094	316.2119	0
50	8	584.6302	319.0049	0
50	9	477.0535	60.24811	0
50	10	549.1203	394.3974	0
50	11	358.6808	-22.63373	0
50	12	362.32	50.52899	0
50	13	409.9732	273.4237	0
50	14	465.3438	109.6912	0
50	15	419.3706	57.14975	0
50	16	489.6674	223.1942	0
50	17	441.869	137.5812	0
50	18	425.1648	81.70975	0
50	19	572.0646	367.1484	0
50	20	553.8188	272.9488	0
50	21	574.5251	536.0333	0
50	22	597.0948	480.5331	0
50	23	465.8758	235.2663	0
50	24	398.2634	54.34323	0
50	25	590.3483	342.6332	0
50	26	498.8085	140.8436	0
50	27	523.6145	112.544	0
50	28	516.7457	532.1702	0
50	29	341.7206	51.93121	0
50	30	349.8978	92.10941	0
50	31	607.9282	398.3399	0
51	1	470.2559	308.981	0
51	2	482.4813	85.72986	0
51	3	449.3198	309.238	0
51	4	408.2541	232.0914	0
51	5	578.678	434.6755	0
51	6	546.6896	226.9724	0
51	7	527.9094	316.2119	0
51	8	584.6302	319.0049	0
51	9	477.0535	60.24811	0
51	10	549.1203	394.3974	0
51	11	358.6808	-22.63373	0
51	12	362.32	50.52899	0
51	13	409.9732	273.4237	0
51	14	465.3438	109.6912	0
51	15	419.3706	57.14975	0
51	16	489.6674	223.1942	0
51	17	441.869	137.5812	0
51	18	425.1648	81.70975	0
51	19	572.0646	367.1484	0
51	20	553.8188	272.9488	0
51	21	574.5251	536.0333	0
51	22	597.0948	480.5331	0
51	23	465.8758	235.2663	0
51	24	398.2634	54.34323	0
51	25	590.3483	342.6332	0
51	26	498.8085	140.8436	0
51	27	523.6145	112.544	0
51	28	516.7457	532.1702	0
51	29	341.7206	51.93121	0
51	30	349.8978	92.10941	0
51	31	607.9282	398.3399	0
51	32	301.5662	-26.69785	0
52	1	470.2559	308.981	0
52	2	482.4813	85.72986	0
52	3	449.3198	309.238	0
52	4	408.2541	232.0914	0
52	5	578.678	434.6755	0
52	6	546.6896	226.9724	0
52	7	527.9094	316.2119	0
52	8	584.6302	319.0049	0
52	9	477.0535	60.24811	0
52	10	549.1203	394.3974	0
52	11	358.6808	-22.63373	0
52	12	362.32	50.52899	0
52	13	409.9732	273.4237	0
52	14	465.3438	109.6912	0
52	15	419.3706	57.14975	0
52	16	489.6674	223.1942	0
52	17	441.869	137.5812	0
52	18	425.1648	81.70975	0
52	19	572.0646	367.1484	0
52	20	553.8188	272.9488	0
52	21	574.5251	536.0333	0
52	22	597.0948	480.5331	0
52	23	465.8758	235.2663	0
52	24	398.2634	54.34323	0
52	25	590.3483	342.6332	0
52	26	498.8085	140.8436	0
52	27	523.6145	112.544	0
52	28	516.7457	532.1702	0
52	29	341.7206	51.93121	0
52	30	349.8978	92.10941	0
52	31	607.9282	398.3399	0
52	32	301.5662	-26.69785	0
52	33	387.9604	12.96622	0
53	1	470.2559	308.981	0
53	2	482.4813	85.72986	0
53	3	449.3198	309.238	0
53	4	408.2541	232.0914	0
53	5	578.678	434.6755	0
53	6	546.6896	226.9724	0
53	7	527.9094	316.2119	0
53	8	584.6302	319.0049	0
53	9	477.0535	60.24811	0
53	10	549.1203	394.3974	0
53	11	358.6808	-22.63373	0
53	12	362.32	50.52899	0
53	13	409.9732	273.4237	0
53	14	465.3438	109.6912	0
53	15	419.3706	57.14975	0
53	16	489.6674	223.1942	0
53	17	441.869	137.5812	0
53	18	425.1648	81.70975	0
53	19	572.0646	367.1484	0
53	20	553.8188	272.9488	0
53	21	574.5251	536.0333	0
53	22	597.0948	480.5331	0
53	23	465.8758	235.2663	0
53	24	398.2634	54.34323	0
53	25	590.3483	342.6332	0
53	26	498.8085	140.8436	0
53	27	523.6145	112.544	0
53	28	516.7457	532.1702	0
53	29	341.7206	51.93121	0
53	30	349.8978	92.10941	0
53	31	607.9282	398.3399	0
53	32	301.5662	-26.69785	0
53	33	387.9604	12.96622	0
53	34	457.0075	349.474	0
54	1	470.2559	308.981	0
54	2	482.4813	85.72986	0
54	3	449.3198	309.238	0
54	4	408.2541	232.0914	0
54	5	578.678	434.6755	0
54	6	546.6896	226.9724	0
54	7	527.9094	316.2119	0
54	8	584.6302	319.0049	0
54	9	477.0535	60.24811	0
54	10	549.1203	394.3974	0
54	11	358.6808	-22.63373	0
54	12	362.32	50.52899	0
54	13	409.9732	273.4237	0
54	14	465.3438	109.6912	0
54	15	419.3706	57.14975	0
54	16	489.6674	223.1942	0
54	17	441.869	137.5812	0
54	18	425.1648	81.70975	0
54	19	572.0646	367.1484	0
54	20	553.8188	272.9488	0
54	21	574.5251	536.0333	0
54	22	597.0948	480.5331	0
54	23	465.8758	235.2663	0
54	24	398.2634	54.34323	0
54	25	590.3483	342.6332	0
54	26	498.8085	140.8436	0
54	27	523.6145	112.544	0
54	28	516.7457	532.1702	0
54	29	341.7206	51.93121	0
54	30	349.8978	92.10941	0
54	31	607.9282	398.3399	0
54	32	301.5662	-26.69785	0
54	33	387.9604	12.96622	0
54	34	457.0075	349.474	0
54	35	654.2327	484.2626	0
55	1	470.2559	308.981	0
55	2	482.4813	85.72986	0
55	3	449.3198	309.238	0
55	4	408.2541	232.0914	0
55	5	578.678	434.6755	0
55	6	546.6896	226.9724	0
55	7	527.9094	316.2119	0
55	8	584.6302	319.0049	0
55	9	477.0535	60.24811	0
55	10	549.1203	394.3974	0
55	11	358.6808	-22.63373	0
55	12	362.32	50.52899	0
55	13	409.9732	273.4237	0
55	14	465.3438	109.6912	0
55	15	419.3706	57.14975	0
55	16	489.6674	223.1942	0
55	17	441.869	137.5812	0
55	18	425.1648	81.70975	0
55	19	572.0646	367.1484	0
55	20	553.8188	272.9488	0
55	21	574.5251	536.0333	0
55	22	597.0948	480.5331	0
55	23	465.8758	235.2663	0
55	24	398.2634	54.34323	0
55	25	590.3483	342.6332	0
55	26	498.8085	140.8436	0
55	27	523.6145	112.544	0
55	28	516.7457	532.1702	0
55	29	341.7206	51.93121	0
55	30	349.8978	92.10941	0
55	31	607.9282	398.3399	0
55	32	301.5662	-26.69785	0
55	33	387.9604	12.96622	0
55	34	457.0075	349.474	0
55	35	654.2327	484.2626	0
55	36	514.9008	353.2454	0
56	1	470.2559	308.981	0
56	2	482.4813	85.72986	0
56	3	449.3198	309.238	0
56	4	408.2541	232.0914	0
56	5	578.678	434.6755	0
56	6	546.6896	226.9724	0
56	7	527.9094	316.2119	0
56	8	584.6302	319.0049	0
56	9	477.0535	60.24811	0
56	10	549.1203	394.3974	0
56	11	358.6808	-22.63373	0
56	12	362.32	50.52899	0
56	13	409.9732	273.4237	0
56	14	465.3438	109.6912	0
56	15	419.3706	57.14975	0
56	16	489.6674	223.1942	0
56	17	441.869	137.5812	0
56	18	425.1648	81.70975	0
56	19	572.0646	367.1484	0
56	20	553.8188	272.9488	0
56	21	574.5251	536.0333	0
56	22	597.0948	480.5331	0
56	23	465.8758	235.2663	0
56	24	398.2634	54.34323	0
56	25	590.3483	342.6332	0
56	26	498.8085	140.8436	0
56	27	523.6145	112.544	0
56	28	516.7457	532.1702	0
56	29	341.7206	51.93121	0
56	30	349.8978	92.10941	0
56	31	607.9282	398.3399	0
56	32	301.5662	-26.69785	0
56	33	387.9604	12.96622	0
56	34	457.0075	349.474	0
56	35	654.2327	484.2626	0
56	36	514.9008	353.2454	0
57	1	470.2559	308.981	0
57	2	482.4813	85.72986	0
57	3	449.3198	309.238	0
57	4	408.2541	232.0914	0
57	5	578.678	434.6755	0
57	6	546.6896	226.9724	0
57	7	527.9094	316.2119	0
57	8	584.6302	319.0049	0
57	9	477.0535	60.24811	0
57	10	549.1203	394.3974	0
57	11	358.6808	-22.63373	0
57	12	362.32	50.52899	0
57	13	409.9732	273.4237	0
57	14	465.3438	109.6912	0
57	15	419.3706	57.14975	0
57	16	489.6674	223.1942	0
57	17	441.869	137.5812	0
57	18	425.1648	81.70975	0
57	19	572.0646	367.1484	0
57	20	553.8188	272.9488	0
57	21	574.5251	536.0333	0
57	22	597.0948	480.5331	0
57	23	465.8758	235.2663	0
57	24	398.2634	54.34323	0
57	25	590.3483	342.6332	0
57	26	498.8085	140.8436	0
57	27	523.6145	112.544	0
57	28	516.7457	532.1702	0
57	29	341.7206	51.93121	0
57	30	349.8978	92.10941	0
57	31	607.9282	398.3399	0
57	32	301.5662	-26.69785	0
57	33	387.9604	12.96622	0
57	34	457.0075	349.474	0
57	35	654.2327	484.2626	0
57	36	514.9008	353.2454	0
57	37	467.1236	277.6328	0
58	1	470.2559	308.981	0
58	2	482.4813	85.72986	0
58	3	449.3198	309.238	0
58	4	408.2541	232.0914	0
58	5	578.678	434.6755	0
58	6	546.6896	226.9724	0
58	7	527.9094	316.2119	0
58	8	584.6302	319.0049	0
58	9	477.0535	60.24811	0
58	10	549.1203	394.3974	0
58	11	358.6808	-22.63373	0
58	12	362.32	50.52899	0
58	13	409.9732	273.4237	0
58	14	465.3438	109.6912	0
58	15	419.3706	57.14975	0
58	16	489.6674	223.1942	0
58	17	441.869	137.5812	0
58	18	425.1648	81.70975	0
58	19	572.0646	367.1484	0
58	20	553.8188	272.9488	0
58	21	574.5251	536.0333	0
58	22	597.0948	480.5331	0
58	23	465.8758	235.2663	0
58	24	398.2634	54.34323	0
58	25	590.3483	342.6332	0
58	26	498.8085	140.8436	0
58	27	523.6145	112.544	0
58	28	516.7457	532.1702	0
58	29	341.7206	51.93121	0
58	30	349.8978	92.10941	0
58	31	607.9282	398.3399	0
58	32	301.5662	-26.69785	0
58	33	387.9604	12.96622	0
58	34	457.0075	349.474	0
58	35	654.2327	484.2626	0
58	36	514.9008	353.2454	0
58	37	467.1236	277.6328	0
58	38	631.5396	371.4229	0
59	1	470.2559	308.981	0
59	2	482.4813	85.72986	0
59	3	449.3198	309.238	0
59	4	408.2541	232.0914	0
59	5	578.678	434.6755	0
59	6	546.6896	226.9724	0
59	7	527.9094	316.2119	0
59	8	584.6302	319.0049	0
59	9	477.0535	60.24811	0
59	10	549.1203	394.3974	0
59	11	358.6808	-22.63373	0
59	12	362.32	50.52899	0
59	13	409.9732	273.4237	0
59	14	465.3438	109.6912	0
59	15	419.3706	57.14975	0
59	16	489.6674	223.1942	0
59	17	441.869	137.5812	0
59	18	425.1648	81.70975	0
59	19	572.0646	367.1484	0
59	20	553.8188	272.9488	0
59	21	574.5251	536.0333	0
59	22	597.0948	480.5331	0
59	23	465.8758	235.2663	0
59	24	398.2634	54.34323	0
59	25	590.3483	342.6332	0
59	26	498.8085	140.8436	0
59	27	523.6145	112.544	0
59	28	516.7457	532.1702	0
59	29	341.7206	51.93121	0
59	30	349.8978	92.10941	0
59	31	607.9282	398.3399	0
59	32	301.5662	-26.69785	0
59	33	387.9604	12.96622	0
59	34	457.0075	349.474	0
59	35	654.2327	484.2626	0
59	36	514.9008	353.2454	0
59	37	467.1236	277.6328	0
59	38	631.5396	371.4229	0
59	39	405.7538	94.746	0
60	1	470.2559	308.981	0
60	2	482.4813	85.72986	0
60	3	449.3198	309.238	0
60	4	408.2541	232.0914	0
60	5	578.678	434.6755	0
60	6	546.6896	226.9724	0
60	7	527.9094	316.2119	0
60	8	584.6302	319.0049	0
60	9	477.0535	60.24811	0
60	10	549.1203	394.3974	0
60	11	358.6808	-22.63373	0
60	12	362.32	50.52899	0
60	13	409.9732	273.4237	0
60	14	465.3438	109.6912	0
60	15	419.3706	57.14975	0
60	16	489.6674	223.1942	0
60	17	441.869	137.5812	0
60	18	425.1648	81.70975	0
60	19	572.0646	367.1484	0
60	20	553.8188	272.9488	0
60	21	574.5251	536.0333	0
60	22	597.0948	480.5331	0
60	23	465.8758	235.2663	0
60	24	398.2634	54.34323	0
60	25	590.3483	342.6332	0
60	26	498.8085	140.8436	0
60	27	523.6145	112.544	0
60	28	516.7457	532.1702	0
60	29	341.7206	51.93121	0
60	30	349.8978	92.10941	0
60	31	607.9282	398.3399	0
60	32	301.5662	-26.69785	0
60	33	387.9604	12.96622	0
60	34	457.0075	349.474	0
60	35	654.2327	484.2626	0
60	36	514.9008	353.2454	0
60	37	467.1236	277.6328	0
60	38	631.5396	371.4229	0
60	39	405.7538	94.746	0
60	40	445.7745	15.72937	0
61	1	470.2559	308.981	0
61	2	482.4813	85.72986	0
61	3	449.3198	309.238	0
61	4	408.2541	232.0914	0
61	5	578.678	434.6755	0
61	6	546.6896	226.9724	0
61	7	527.9094	316.2119	0
61	8	584.6302	319.0049	0
61	9	477.0535	60.24811	0
61	10	549.1203	394.3974	0
61	11	358.6808	-22.63373	0
61	12	362.32	50.52899	0
61	13	409.9732	273.4237	0
61	14	465.3438	109.6912	0
61	15	419.3706	57.14975	0
61	16	489.6674	223.1942	0
61	17	441.869	137.5812	0
61	18	425.1648	81.70975	0
61	19	572.0646	367.1484	0
61	20	553.8188	272.9488	0
61	21	574.5251	536.0333	0
61	22	597.0948	480.5331	0
61	23	465.8758	235.2663	0
61	24	398.2634	54.34323	0
61	25	590.3483	342.6332	0
61	26	498.8085	140.8436	0
61	27	523.6145	112.544	0
61	28	516.7457	532.1702	0
61	29	341.7206	51.93121	0
61	30	349.8978	92.10941	0
61	31	607.9282	398.3399	0
61	32	301.5662	-26.69785	0
61	33	387.9604	12.96622	0
61	34	457.0075	349.474	0
61	35	654.2327	484.2626	0
61	36	514.9008	353.2454	0
61	37	467.1236	277.6328	0
61	38	631.5396	371.4229	0
61	39	405.7538	94.746	0
61	40	445.7745	15.72937	0
61	41	506.2918	312.7345	0
62	1	470.2559	308.981	0
62	2	482.4813	85.72986	0
62	3	449.3198	309.238	0
62	4	408.2541	232.0914	0
62	5	578.678	434.6755	0
62	6	546.6896	226.9724	0
62	7	527.9094	316.2119	0
62	8	584.6302	319.0049	0
62	9	477.0535	60.24811	0
62	10	549.1203	394.3974	0
62	11	358.6808	-22.63373	0
62	12	362.32	50.52899	0
62	13	409.9732	273.4237	0
62	14	465.3438	109.6912	0
62	15	419.3706	57.14975	0
62	16	489.6674	223.1942	0
62	17	441.869	137.5812	0
62	18	425.1648	81.70975	0
62	19	572.0646	367.1484	0
62	20	553.8188	272.9488	0
62	21	574.5251	536.0333	0
62	22	597.0948	480.5331	0
62	23	465.8758	235.2663	0
62	24	398.2634	54.34323	0
62	25	590.3483	342.6332	0
62	26	498.8085	140.8436	0
62	27	523.6145	112.544	0
62	28	516.7457	532.1702	0
62	29	341.7206	51.93121	0
62	30	349.8978	92.10941	0
62	31	607.9282	398.3399	0
62	32	301.5662	-26.69785	0
62	33	387.9604	12.96622	0
62	34	457.0075	349.474	0
62	35	654.2327	484.2626	0
62	36	514.9008	353.2454	0
62	37	467.1236	277.6328	0
62	38	631.5396	371.4229	0
62	39	405.7538	94.746	0
62	40	445.7745	15.72937	0
62	41	506.2918	312.7345	0
62	42	533.3685	340.1517	0
63	1	470.2559	308.981	0
63	2	482.4813	85.72986	0
63	3	449.3198	309.238	0
63	4	408.2541	232.0914	0
63	5	578.678	434.6755	0
63	6	546.6896	226.9724	0
63	7	527.9094	316.2119	0
63	8	584.6302	319.0049	0
63	9	477.0535	60.24811	0
63	10	549.1203	394.3974	0
63	11	358.6808	-22.63373	0
63	12	362.32	50.52899	0
63	13	409.9732	273.4237	0
63	14	465.3438	109.6912	0
63	15	419.3706	57.14975	0
63	16	489.6674	223.1942	0
63	17	441.869	137.5812	0
63	18	425.1648	81.70975	0
63	19	572.0646	367.1484	0
63	20	553.8188	272.9488	0
63	21	574.5251	536.0333	0
63	22	597.0948	480.5331	0
63	23	465.8758	235.2663	0
63	24	398.2634	54.34323	0
63	25	590.3483	342.6332	0
63	26	498.8085	140.8436	0
63	27	523.6145	112.544	0
63	28	516.7457	532.1702	0
63	29	341.7206	51.93121	0
63	30	349.8978	92.10941	0
63	31	607.9282	398.3399	0
63	32	301.5662	-26.69785	0
63	33	387.9604	12.96622	0
63	34	457.0075	349.474	0
63	35	654.2327	484.2626	0
63	36	514.9008	353.2454	0
63	37	467.1236	277.6328	0
63	38	631.5396	371.4229	0
63	39	405.7538	94.746	0
63	40	445.7745	15.72937	0
63	41	506.2918	312.7345	0
63	42	533.3685	340.1517	0
63	43	494.9313	269.6118	0
64	1	470.2559	308.981	0
64	2	482.4813	85.72986	0
64	3	449.3198	309.238	0
64	4	408.2541	232.0914	0
64	5	578.678	434.6755	0
64	6	546.6896	226.9724	0
64	7	527.9094	316.2119	0
64	8	584.6302	319.0049	0
64	9	477.0535	60.24811	0
64	10	549.1203	394.3974	0
64	11	358.6808	-22.63373	0
64	12	362.32	50.52899	0
64	13	409.9732	273.4237	0
64	14	465.3438	109.6912	0
64	15	419.3706	57.14975	0
64	16	489.6674	223.1942	0
64	17	441.869	137.5812	0
64	18	425.1648	81.70975	0
64	19	572.0646	367.1484	0
64	20	553.8188	272.9488	0
64	21	574.5251	536.0333	0
64	22	597.0948	480.5331	0
64	23	465.8758	235.2663	0
64	24	398.2634	54.34323	0
64	25	590.3483	342.6332	0
64	26	498.8085	140.8436	0
64	27	523.6145	112.544	0
64	28	516.7457	532.1702	0
64	29	341.7206	51.93121	0
64	30	349.8978	92.10941	0
64	31	607.9282	398.3399	0
64	32	301.5662	-26.69785	0
64	33	387.9604	12.96622	0
64	34	457.0075	349.474	0
64	35	654.2327	484.2626	0
64	36	514.9008	353.2454	0
64	37	467.1236	277.6328	0
64	38	631.5396	371.4229	0
64	39	405.7538	94.746	0
64	40	445.7745	15.72937	0
64	41	506.2918	312.7345	0
64	42	533.3685	340.1517	0
64	43	494.9313	269.6118	0
65	1	470.2559	308.981	0
65	2	482.4813	85.72986	0
65	3	449.3198	309.238	0
65	4	408.2541	232.0914	0
65	5	578.678	434.6755	0
65	6	546.6896	226.9724	0
65	7	527.9094	316.2119	0
65	8	584.6302	319.0049	0
65	9	477.0535	60.24811	0
65	10	549.1203	394.3974	0
65	11	358.6808	-22.63373	0
65	12	362.32	50.52899	0
65	13	409.9732	273.4237	0
65	14	465.3438	109.6912	0
65	15	419.3706	57.14975	0
65	16	489.6674	223.1942	0
65	17	441.869	137.5812	0
65	18	425.1648	81.70975	0
65	19	572.0646	367.1484	0
65	20	553.8188	272.9488	0
65	21	574.5251	536.0333	0
65	22	597.0948	480.5331	0
65	23	465.8758	235.2663	0
65	24	398.2634	54.34323	0
65	25	590.3483	342.6332	0
65	26	498.8085	140.8436	0
65	27	523.6145	112.544	0
65	28	516.7457	532.1702	0
65	29	341.7206	51.93121	0
65	30	349.8978	92.10941	0
65	31	607.9282	398.3399	0
65	32	301.5662	-26.69785	0
65	33	387.9604	12.96622	0
65	34	457.0075	349.474	0
65	35	654.2327	484.2626	0
65	36	514.9008	353.2454	0
65	37	467.1236	277.6328	0
65	38	631.5396	371.4229	0
65	39	405.7538	94.746	0
65	40	445.7745	15.72937	0
65	41	506.2918	312.7345	0
65	42	533.3685	340.1517	0
65	43	494.9313	269.6118	0
66	1	470.2559	308.981	0
66	2	482.4813	85.72986	0
66	3	449.3198	309.238	0
66	4	408.2541	232.0914	0
66	5	578.678	434.6755	0
66	6	546.6896	226.9724	0
66	7	527.9094	316.2119	0
66	8	584.6302	319.0049	0
66	9	477.0535	60.24811	0
66	10	549.1203	394.3974	0
66	11	358.6808	-22.63373	0
66	12	362.32	50.52899	0
66	13	409.9732	273.4237	0
66	14	465.3438	109.6912	0
66	15	419.3706	57.14975	0
66	16	489.6674	223.1942	0
66	17	441.869	137.5812	0
66	18	425.1648	81.70975	0
66	19	572.0646	367.1484	0
66	20	553.8188	272.9488	0
66	21	574.5251	536.0333	0
66	22	597.0948	480.5331	0
66	23	465.8758	235.2663	0
66	24	398.2634	54.34323	0
66	25	590.3483	342.6332	0
66	26	498.8085	140.8436	0
66	27	523.6145	112.544	0
66	28	516.7457	532.1702	0
66	29	341.7206	51.93121	0
66	30	349.8978	92.10941	0
66	31	607.9282	398.3399	0
66	32	301.5662	-26.69785	0
66	33	387.9604	12.96622	0
66	34	457.0075	349.474	0
66	35	654.2327	484.2626	0
66	36	514.9008	353.2454	0
66	37	467.1236	277.6328	0
66	38	631.5396	371.4229	0
66	39	405.7538	94.746	0
66	40	445.7745	15.72937	0
66	41	506.2918	312.7345	0
66	42	533.3685	340.1517	0
66	43	494.9313	269.6118	0
67	1	470.2559	308.981	0
67	2	482.4813	85.72986	0
67	3	449.3198	309.238	0
67	4	408.2541	232.0914	0
67	5	578.678	434.6755	0
67	6	546.6896	226.9724	0
67	7	527.9094	316.2119	0
67	8	584.6302	319.0049	0
67	9	477.0535	60.24811	0
67	10	549.1203	394.3974	0
67	11	358.6808	-22.63373	0
67	12	362.32	50.52899	0
67	13	409.9732	273.4237	0
67	14	465.3438	109.6912	0
67	15	419.3706	57.14975	0
67	16	489.6674	223.1942	0
67	17	441.869	137.5812	0
67	18	425.1648	81.70975	0
67	19	572.0646	367.1484	0
67	20	553.8188	272.9488	0
67	21	574.5251	536.0333	0
67	22	597.0948	480.5331	0
67	23	465.8758	235.2663	0
67	24	398.2634	54.34323	0
67	25	590.3483	342.6332	0
67	26	498.8085	140.8436	0
67	27	523.6145	112.544	0
67	28	516.7457	532.1702	0
67	29	341.7206	51.93121	0
67	30	349.8978	92.10941	0
67	31	607.9282	398.3399	0
67	32	301.5662	-26.69785	0
67	33	387.9604	12.96622	0
67	34	457.0075	349.474	0
67	35	654.2327	484.2626	0
67	36	514.9008	353.2454	0
67	37	467.1236	277.6328	0
67	38	631.5396	371.4229	0
67	39	405.7538	94.746	0
67	40	445.7745	15.72937	0
67	41	506.2918	312.7345	0
67	42	533.3685	340.1517	0
67	43	494.9313	269.6118	0
68	1	470.2559	308.981	0
68	2	482.4813	85.72986	0
68	3	449.3198	309.238	0
68	4	408.2541	232.0914	0
68	5	578.678	434.6755	0
68	6	546.6896	226.9724	0
68	7	527.9094	316.2119	0
68	8	584.6302	319.0049	0
68	9	477.0535	60.24811	0
68	10	549.1203	394.3974	0
68	11	358.6808	-22.63373	0
68	12	362.32	50.52899	0
68	13	409.9732	273.4237	0
68	14	465.3438	109.6912	0
68	15	419.3706	57.14975	0
68	16	489.6674	223.1942	0
68	17	441.869	137.5812	0
68	18	425.1648	81.70975	0
68	19	572.0646	367.1484	0
68	20	553.8188	272.9488	0
68	21	574.5251	536.0333	0
68	22	597.0948	480.5331	0
68	23	465.8758	235.2663	0
68	24	398.2634	54.34323	0
68	25	590.3483	342.6332	0
68	26	498.8085	140.8436	0
68	27	523.6145	112.544	0
68	28	516.7457	532.1702	0
68	29	341.7206	51.93121	0
68	30	349.8978	92.10941	0
68	31	607.9282	398.3399	0
68	32	301.5662	-26.69785	0
68	33	387.9604	12.96622	0
68	34	457.0075	349.474	0
68	35	654.2327	484.2626	0
68	36	514.9008	353.2454	0
68	37	467.1236	277.6328	0
68	38	631.5396	371.4229	0
68	39	405.7538	94.746	0
68	40	445.7745	15.72937	0
68	41	506.2918	312.7345	0
68	42	533.3685	340.1517	0
68	43	494.9313	269.6118	0
69	1	470.2559	308.981	0
69	2	482.4813	85.72986	0
69	3	449.3198	309.238	0
69	4	408.2541	232.0914	0
69	5	578.678	434.6755	0
69	6	546.6896	226.9724	0
69	7	527.9094	316.2119	0
69	8	584.6302	319.0049	0
69	9	477.0535	60.24811	0
69	10	549.1203	394.3974	0
69	11	358.6808	-22.63373	0
69	12	362.32	50.52899	0
69	13	409.9732	273.4237	0
69	14	465.3438	109.6912	0
69	15	419.3706	57.14975	0
69	16	489.6674	223.1942	0
69	17	441.869	137.5812	0
69	18	425.1648	81.70975	0
69	19	572.0646	367.1484	0
69	20	553.8188	272.9488	0
69	21	574.5251	536.0333	0
69	22	597.0948	480.5331	0
69	23	465.8758	235.2663	0
69	24	398.2634	54.34323	0
69	25	590.3483	342.6332	0
69	26	498.8085	140.8436	0
69	27	523.6145	112.544	0
69	28	516.7457	532.1702	0
69	29	341.7206	51.93121	0
69	30	349.8978	92.10941	0
69	31	607.9282	398.3399	0
69	32	301.5662	-26.69785	0
69	33	387.9604	12.96622	0
69	34	457.0075	349.474	0
69	35	654.2327	484.2626	0
69	36	514.9008	353.2454	0
69	37	467.1236	277.6328	0
69	38	631.5396	371.4229	0
69	39	405.7538	94.746	0
69	40	445.7745	15.72937	0
69	41	506.2918	312.7345	0
69	42	533.3685	340.1517	0
69	43	494.9313	269.6118	0
17	1	470.651	308.1045	0
18	1	470.651	308.1045	0
18	2	482.2274	85.62952	0
19	1	470.651	308.1045	0
19	2	482.2274	85.62952	0
19	3	448.2865	310.1768	0
20	1	470.651	308.1045	0
20	2	482.2274	85.62952	0
20	3	448.2865	310.1768	0
20	4	408.1422	231.5358	0
21	1	470.651	308.1045	0
21	2	482.2274	85.62952	0
21	3	448.2865	310.1768	0
21	4	408.1422	231.5358	0
21	5	577.6365	434.3831	0
22	1	470.651	308.1045	0
22	2	482.2274	85.62952	0
22	3	448.2865	310.1768	0
22	4	408.1422	231.5358	0
22	5	577.6365	434.3831	0
22	6	547.1043	227.4854	0
23	1	470.651	308.1045	0
23	2	482.2274	85.62952	0
23	3	448.2865	310.1768	0
23	4	408.1422	231.5358	0
23	5	577.6365	434.3831	0
23	6	547.1043	227.4854	0
23	7	528.2047	315.6189	0
24	1	470.651	308.1045	0
24	2	482.2274	85.62952	0
24	3	448.2865	310.1768	0
24	4	408.1422	231.5358	0
24	5	577.6365	434.3831	0
24	6	547.1043	227.4854	0
24	7	528.2047	315.6189	0
24	8	586.4362	320.2484	0
25	1	470.651	308.1045	0
25	2	482.2274	85.62952	0
25	3	448.2865	310.1768	0
25	4	408.1422	231.5358	0
25	5	577.6365	434.3831	0
25	6	547.1043	227.4854	0
25	7	528.2047	315.6189	0
25	8	586.4362	320.2484	0
25	9	477.7127	61.95596	0
26	1	470.651	308.1045	0
26	2	482.2274	85.62952	0
26	3	448.2865	310.1768	0
26	4	408.1422	231.5358	0
26	5	577.6365	434.3831	0
26	6	547.1043	227.4854	0
26	7	528.2047	315.6189	0
26	8	586.4362	320.2484	0
26	9	477.7127	61.95596	0
27	1	470.651	308.1045	0
27	2	482.2274	85.62952	0
27	3	448.2865	310.1768	0
27	4	408.1422	231.5358	0
27	5	577.6365	434.3831	0
27	6	547.1043	227.4854	0
27	7	528.2047	315.6189	0
27	8	586.4362	320.2484	0
27	9	477.7127	61.95596	0
27	10	549.0309	394.7395	0
28	1	470.651	308.1045	0
28	2	482.2274	85.62952	0
28	3	448.2865	310.1768	0
28	4	408.1422	231.5358	0
28	5	577.6365	434.3831	0
28	6	547.1043	227.4854	0
28	7	528.2047	315.6189	0
28	8	586.4362	320.2484	0
28	9	477.7127	61.95596	0
28	10	549.0309	394.7395	0
28	11	359.3566	-23.80121	0
29	1	470.651	308.1045	0
29	2	482.2274	85.62952	0
29	3	448.2865	310.1768	0
29	4	408.1422	231.5358	0
29	5	577.6365	434.3831	0
29	6	547.1043	227.4854	0
29	7	528.2047	315.6189	0
29	8	586.4362	320.2484	0
29	9	477.7127	61.95596	0
29	10	549.0309	394.7395	0
29	11	359.3566	-23.80121	0
29	12	363.1435	50.83798	0
30	1	470.651	308.1045	0
30	2	482.2274	85.62952	0
30	3	448.2865	310.1768	0
30	4	408.1422	231.5358	0
30	5	577.6365	434.3831	0
30	6	547.1043	227.4854	0
30	7	528.2047	315.6189	0
30	8	586.4362	320.2484	0
30	9	477.7127	61.95596	0
30	10	549.0309	394.7395	0
30	11	359.3566	-23.80121	0
30	12	363.1435	50.83798	0
30	13	408.5613	273.1876	0
31	1	470.651	308.1045	0
31	2	482.2274	85.62952	0
31	3	448.2865	310.1768	0
31	4	408.1422	231.5358	0
31	5	577.6365	434.3831	0
31	6	547.1043	227.4854	0
31	7	528.2047	315.6189	0
31	8	586.4362	320.2484	0
31	9	477.7127	61.95596	0
31	10	549.0309	394.7395	0
31	11	359.3566	-23.80121	0
31	12	363.1435	50.83798	0
31	13	408.5613	273.1876	0
31	14	465.168	108.7754	0
32	1	470.651	308.1045	0
32	2	482.2274	85.62952	0
32	3	448.2865	310.1768	0
32	4	408.1422	231.5358	0
32	5	577.6365	434.3831	0
32	6	547.1043	227.4854	0
32	7	528.2047	315.6189	0
32	8	586.4362	320.2484	0
32	9	477.7127	61.95596	0
32	10	549.0309	394.7395	0
32	11	359.3566	-23.80121	0
32	12	363.1435	50.83798	0
32	13	408.5613	273.1876	0
32	14	465.168	108.7754	0
32	15	419.5709	57.81036	0
33	1	470.651	308.1045	0
33	2	482.2274	85.62952	0
33	3	448.2865	310.1768	0
33	4	408.1422	231.5358	0
33	5	577.6365	434.3831	0
33	6	547.1043	227.4854	0
33	7	528.2047	315.6189	0
33	8	586.4362	320.2484	0
33	9	477.7127	61.95596	0
33	10	549.0309	394.7395	0
33	11	359.3566	-23.80121	0
33	12	363.1435	50.83798	0
33	13	408.5613	273.1876	0
33	14	465.168	108.7754	0
33	15	419.5709	57.81036	0
33	16	488.7858	223.653	0
34	1	470.651	308.1045	0
34	2	482.2274	85.62952	0
34	3	448.2865	310.1768	0
34	4	408.1422	231.5358	0
34	5	577.6365	434.3831	0
34	6	547.1043	227.4854	0
34	7	528.2047	315.6189	0
34	8	586.4362	320.2484	0
34	9	477.7127	61.95596	0
34	10	549.0309	394.7395	0
34	11	359.3566	-23.80121	0
34	12	363.1435	50.83798	0
34	13	408.5613	273.1876	0
34	14	465.168	108.7754	0
34	15	419.5709	57.81036	0
34	16	488.7858	223.653	0
34	17	441.2656	136.697	0
35	1	470.651	308.1045	0
35	2	482.2274	85.62952	0
35	3	448.2865	310.1768	0
35	4	408.1422	231.5358	0
35	5	577.6365	434.3831	0
35	6	547.1043	227.4854	0
35	7	528.2047	315.6189	0
35	8	586.4362	320.2484	0
35	9	477.7127	61.95596	0
35	10	549.0309	394.7395	0
35	11	359.3566	-23.80121	0
35	12	363.1435	50.83798	0
35	13	408.5613	273.1876	0
35	14	465.168	108.7754	0
35	15	419.5709	57.81036	0
35	16	488.7858	223.653	0
35	17	441.2656	136.697	0
35	18	424.6318	80.74161	0
36	1	470.651	308.1045	0
36	2	482.2274	85.62952	0
36	3	448.2865	310.1768	0
36	4	408.1422	231.5358	0
36	5	577.6365	434.3831	0
36	6	547.1043	227.4854	0
36	7	528.2047	315.6189	0
36	8	586.4362	320.2484	0
36	9	477.7127	61.95596	0
36	10	549.0309	394.7395	0
36	11	359.3566	-23.80121	0
36	12	363.1435	50.83798	0
36	13	408.5613	273.1876	0
36	14	465.168	108.7754	0
36	15	419.5709	57.81036	0
36	16	488.7858	223.653	0
36	17	441.2656	136.697	0
36	18	424.6318	80.74161	0
37	1	470.651	308.1045	0
37	2	482.2274	85.62952	0
37	3	448.2865	310.1768	0
37	4	408.1422	231.5358	0
37	5	577.6365	434.3831	0
37	6	547.1043	227.4854	0
37	7	528.2047	315.6189	0
37	8	586.4362	320.2484	0
37	9	477.7127	61.95596	0
37	10	549.0309	394.7395	0
37	11	359.3566	-23.80121	0
37	12	363.1435	50.83798	0
37	13	408.5613	273.1876	0
37	14	465.168	108.7754	0
37	15	419.5709	57.81036	0
37	16	488.7858	223.653	0
37	17	441.2656	136.697	0
37	18	424.6318	80.74161	0
37	19	572.6852	367.9433	0
38	1	470.651	308.1045	0
38	2	482.2274	85.62952	0
38	3	448.2865	310.1768	0
38	4	408.1422	231.5358	0
38	5	577.6365	434.3831	0
38	6	547.1043	227.4854	0
38	7	528.2047	315.6189	0
38	8	586.4362	320.2484	0
38	9	477.7127	61.95596	0
38	10	549.0309	394.7395	0
38	11	359.3566	-23.80121	0
38	12	363.1435	50.83798	0
38	13	408.5613	273.1876	0
38	14	465.168	108.7754	0
38	15	419.5709	57.81036	0
38	16	488.7858	223.653	0
38	17	441.2656	136.697	0
38	18	424.6318	80.74161	0
38	19	572.6852	367.9433	0
38	20	553.8539	273.5282	0
39	1	470.651	308.1045	0
39	2	482.2274	85.62952	0
39	3	448.2865	310.1768	0
39	4	408.1422	231.5358	0
39	5	577.6365	434.3831	0
39	6	547.1043	227.4854	0
39	7	528.2047	315.6189	0
39	8	586.4362	320.2484	0
39	9	477.7127	61.95596	0
39	10	549.0309	394.7395	0
39	11	359.3566	-23.80121	0
39	12	363.1435	50.83798	0
39	13	408.5613	273.1876	0
39	14	465.168	108.7754	0
39	15	419.5709	57.81036	0
39	16	488.7858	223.653	0
39	17	441.2656	136.697	0
39	18	424.6318	80.74161	0
39	19	572.6852	367.9433	0
39	20	553.8539	273.5282	0
39	21	574.5753	535.5464	0
40	1	470.651	308.1045	0
40	2	482.2274	85.62952	0
40	3	448.2865	310.1768	0
40	4	408.1422	231.5358	0
40	5	577.6365	434.3831	0
40	6	547.1043	227.4854	0
40	7	528.2047	315.6189	0
40	8	586.4362	320.2484	0
40	9	477.7127	61.95596	0
40	10	549.0309	394.7395	0
40	11	359.3566	-23.80121	0
40	12	363.1435	50.83798	0
40	13	408.5613	273.1876	0
40	14	465.168	108.7754	0
40	15	419.5709	57.81036	0
40	16	488.7858	223.653	0
40	17	441.2656	136.697	0
40	18	424.6318	80.74161	0
40	19	572.6852	367.9433	0
40	20	553.8539	273.5282	0
40	21	574.5753	535.5464	0
40	22	597.1628	480.6786	0
41	1	470.651	308.1045	0
41	2	482.2274	85.62952	0
41	3	448.2865	310.1768	0
41	4	408.1422	231.5358	0
41	5	577.6365	434.3831	0
41	6	547.1043	227.4854	0
41	7	528.2047	315.6189	0
41	8	586.4362	320.2484	0
41	9	477.7127	61.95596	0
41	10	549.0309	394.7395	0
41	11	359.3566	-23.80121	0
41	12	363.1435	50.83798	0
41	13	408.5613	273.1876	0
41	14	465.168	108.7754	0
41	15	419.5709	57.81036	0
41	16	488.7858	223.653	0
41	17	441.2656	136.697	0
41	18	424.6318	80.74161	0
41	19	572.6852	367.9433	0
41	20	553.8539	273.5282	0
41	21	574.5753	535.5464	0
41	22	597.1628	480.6786	0
41	23	465.438	234.601	0
42	1	470.651	308.1045	0
42	2	482.2274	85.62952	0
42	3	448.2865	310.1768	0
42	4	408.1422	231.5358	0
42	5	577.6365	434.3831	0
42	6	547.1043	227.4854	0
42	7	528.2047	315.6189	0
42	8	586.4362	320.2484	0
42	9	477.7127	61.95596	0
42	10	549.0309	394.7395	0
42	11	359.3566	-23.80121	0
42	12	363.1435	50.83798	0
42	13	408.5613	273.1876	0
42	14	465.168	108.7754	0
42	15	419.5709	57.81036	0
42	16	488.7858	223.653	0
42	17	441.2656	136.697	0
42	18	424.6318	80.74161	0
42	19	572.6852	367.9433	0
42	20	553.8539	273.5282	0
42	21	574.5753	535.5464	0
42	22	597.1628	480.6786	0
42	23	465.438	234.601	0
42	24	398.4809	54.07126	0
43	1	470.651	308.1045	0
43	2	482.2274	85.62952	0
43	3	448.2865	310.1768	0
43	4	408.1422	231.5358	0
43	5	577.6365	434.3831	0
43	6	547.1043	227.4854	0
43	7	528.2047	315.6189	0
43	8	586.4362	320.2484	0
43	9	477.7127	61.95596	0
43	10	549.0309	394.7395	0
43	11	359.3566	-23.80121	0
43	12	363.1435	50.83798	0
43	13	408.5613	273.1876	0
43	14	465.168	108.7754	0
43	15	419.5709	57.81036	0
43	16	488.7858	223.653	0
43	17	441.2656	136.697	0
43	18	424.6318	80.74161	0
43	19	572.6852	367.9433	0
43	20	553.8539	273.5282	0
43	21	574.5753	535.5464	0
43	22	597.1628	480.6786	0
43	23	465.438	234.601	0
43	24	398.4809	54.07126	0
43	25	590.7697	343.3278	0
44	1	470.651	308.1045	0
44	2	482.2274	85.62952	0
44	3	448.2865	310.1768	0
44	4	408.1422	231.5358	0
44	5	577.6365	434.3831	0
44	6	547.1043	227.4854	0
44	7	528.2047	315.6189	0
44	8	586.4362	320.2484	0
44	9	477.7127	61.95596	0
44	10	549.0309	394.7395	0
44	11	359.3566	-23.80121	0
44	12	363.1435	50.83798	0
44	13	408.5613	273.1876	0
44	14	465.168	108.7754	0
44	15	419.5709	57.81036	0
44	16	488.7858	223.653	0
44	17	441.2656	136.697	0
44	18	424.6318	80.74161	0
44	19	572.6852	367.9433	0
44	20	553.8539	273.5282	0
44	21	574.5753	535.5464	0
44	22	597.1628	480.6786	0
44	23	465.438	234.601	0
44	24	398.4809	54.07126	0
44	25	590.7697	343.3278	0
44	26	499.6583	138.9905	0
45	1	470.651	308.1045	0
45	2	482.2274	85.62952	0
45	3	448.2865	310.1768	0
45	4	408.1422	231.5358	0
45	5	577.6365	434.3831	0
45	6	547.1043	227.4854	0
45	7	528.2047	315.6189	0
45	8	586.4362	320.2484	0
45	9	477.7127	61.95596	0
45	10	549.0309	394.7395	0
45	11	359.3566	-23.80121	0
45	12	363.1435	50.83798	0
45	13	408.5613	273.1876	0
45	14	465.168	108.7754	0
45	15	419.5709	57.81036	0
45	16	488.7858	223.653	0
45	17	441.2656	136.697	0
45	18	424.6318	80.74161	0
45	19	572.6852	367.9433	0
45	20	553.8539	273.5282	0
45	21	574.5753	535.5464	0
45	22	597.1628	480.6786	0
45	23	465.438	234.601	0
45	24	398.4809	54.07126	0
45	25	590.7697	343.3278	0
45	26	499.6583	138.9905	0
45	27	523.394	112.189	0
46	1	470.651	308.1045	0
46	2	482.2274	85.62952	0
46	3	448.2865	310.1768	0
46	4	408.1422	231.5358	0
46	5	577.6365	434.3831	0
46	6	547.1043	227.4854	0
46	7	528.2047	315.6189	0
46	8	586.4362	320.2484	0
46	9	477.7127	61.95596	0
46	10	549.0309	394.7395	0
46	11	359.3566	-23.80121	0
46	12	363.1435	50.83798	0
46	13	408.5613	273.1876	0
46	14	465.168	108.7754	0
46	15	419.5709	57.81036	0
46	16	488.7858	223.653	0
46	17	441.2656	136.697	0
46	18	424.6318	80.74161	0
46	19	572.6852	367.9433	0
46	20	553.8539	273.5282	0
46	21	574.5753	535.5464	0
46	22	597.1628	480.6786	0
46	23	465.438	234.601	0
46	24	398.4809	54.07126	0
46	25	590.7697	343.3278	0
46	26	499.6583	138.9905	0
46	27	523.394	112.189	0
47	1	470.651	308.1045	0
47	2	482.2274	85.62952	0
47	3	448.2865	310.1768	0
47	4	408.1422	231.5358	0
47	5	577.6365	434.3831	0
47	6	547.1043	227.4854	0
47	7	528.2047	315.6189	0
47	8	586.4362	320.2484	0
47	9	477.7127	61.95596	0
47	10	549.0309	394.7395	0
47	11	359.3566	-23.80121	0
47	12	363.1435	50.83798	0
47	13	408.5613	273.1876	0
47	14	465.168	108.7754	0
47	15	419.5709	57.81036	0
47	16	488.7858	223.653	0
47	17	441.2656	136.697	0
47	18	424.6318	80.74161	0
47	19	572.6852	367.9433	0
47	20	553.8539	273.5282	0
47	21	574.5753	535.5464	0
47	22	597.1628	480.6786	0
47	23	465.438	234.601	0
47	24	398.4809	54.07126	0
47	25	590.7697	343.3278	0
47	26	499.6583	138.9905	0
47	27	523.394	112.189	0
47	28	517.0206	531.3389	0
48	1	470.651	308.1045	0
48	2	482.2274	85.62952	0
48	3	448.2865	310.1768	0
48	4	408.1422	231.5358	0
48	5	577.6365	434.3831	0
48	6	547.1043	227.4854	0
48	7	528.2047	315.6189	0
48	8	586.4362	320.2484	0
48	9	477.7127	61.95596	0
48	10	549.0309	394.7395	0
48	11	359.3566	-23.80121	0
48	12	363.1435	50.83798	0
48	13	408.5613	273.1876	0
48	14	465.168	108.7754	0
48	15	419.5709	57.81036	0
48	16	488.7858	223.653	0
48	17	441.2656	136.697	0
48	18	424.6318	80.74161	0
48	19	572.6852	367.9433	0
48	20	553.8539	273.5282	0
48	21	574.5753	535.5464	0
48	22	597.1628	480.6786	0
48	23	465.438	234.601	0
48	24	398.4809	54.07126	0
48	25	590.7697	343.3278	0
48	26	499.6583	138.9905	0
48	27	523.394	112.189	0
48	28	517.0206	531.3389	0
48	29	340.3049	52.68799	0
49	1	470.651	308.1045	0
49	2	482.2274	85.62952	0
49	3	448.2865	310.1768	0
49	4	408.1422	231.5358	0
49	5	577.6365	434.3831	0
49	6	547.1043	227.4854	0
49	7	528.2047	315.6189	0
49	8	586.4362	320.2484	0
49	9	477.7127	61.95596	0
49	10	549.0309	394.7395	0
49	11	359.3566	-23.80121	0
49	12	363.1435	50.83798	0
49	13	408.5613	273.1876	0
49	14	465.168	108.7754	0
49	15	419.5709	57.81036	0
49	16	488.7858	223.653	0
49	17	441.2656	136.697	0
49	18	424.6318	80.74161	0
49	19	572.6852	367.9433	0
49	20	553.8539	273.5282	0
49	21	574.5753	535.5464	0
49	22	597.1628	480.6786	0
49	23	465.438	234.601	0
49	24	398.4809	54.07126	0
49	25	590.7697	343.3278	0
49	26	499.6583	138.9905	0
49	27	523.394	112.189	0
49	28	517.0206	531.3389	0
49	29	340.3049	52.68799	0
49	30	349.9891	91.94662	0
50	1	470.651	308.1045	0
50	2	482.2274	85.62952	0
50	3	448.2865	310.1768	0
50	4	408.1422	231.5358	0
50	5	577.6365	434.3831	0
50	6	547.1043	227.4854	0
50	7	528.2047	315.6189	0
50	8	586.4362	320.2484	0
50	9	477.7127	61.95596	0
50	10	549.0309	394.7395	0
50	11	359.3566	-23.80121	0
50	12	363.1435	50.83798	0
50	13	408.5613	273.1876	0
50	14	465.168	108.7754	0
50	15	419.5709	57.81036	0
50	16	488.7858	223.653	0
50	17	441.2656	136.697	0
50	18	424.6318	80.74161	0
50	19	572.6852	367.9433	0
50	20	553.8539	273.5282	0
50	21	574.5753	535.5464	0
50	22	597.1628	480.6786	0
50	23	465.438	234.601	0
50	24	398.4809	54.07126	0
50	25	590.7697	343.3278	0
50	26	499.6583	138.9905	0
50	27	523.394	112.189	0
50	28	517.0206	531.3389	0
50	29	340.3049	52.68799	0
50	30	349.9891	91.94662	0
50	31	608.4479	398.8525	0
51	1	470.651	308.1045	0
51	2	482.2274	85.62952	0
51	3	448.2865	310.1768	0
51	4	408.1422	231.5358	0
51	5	577.6365	434.3831	0
51	6	547.1043	227.4854	0
51	7	528.2047	315.6189	0
51	8	586.4362	320.2484	0
51	9	477.7127	61.95596	0
51	10	549.0309	394.7395	0
51	11	359.3566	-23.80121	0
51	12	363.1435	50.83798	0
51	13	408.5613	273.1876	0
51	14	465.168	108.7754	0
51	15	419.5709	57.81036	0
51	16	488.7858	223.653	0
51	17	441.2656	136.697	0
51	18	424.6318	80.74161	0
51	19	572.6852	367.9433	0
51	20	553.8539	273.5282	0
51	21	574.5753	535.5464	0
51	22	597.1628	480.6786	0
51	23	465.438	234.601	0
51	24	398.4809	54.07126	0
51	25	590.7697	343.3278	0
51	26	499.6583	138.9905	0
51	27	523.394	112.189	0
51	28	517.0206	531.3389	0
51	29	340.3049	52.68799	0
51	30	349.9891	91.94662	0
51	31	608.4479	398.8525	0
51	32	300.8127	-25.66034	0
52	1	470.651	308.1045	0
52	2	482.2274	85.62952	0
52	3	448.2865	310.1768	0
52	4	408.1422	231.5358	0
52	5	577.6365	434.3831	0
52	6	547.1043	227.4854	0
52	7	528.2047	315.6189	0
52	8	586.4362	320.2484	0
52	9	477.7127	61.95596	0
52	10	549.0309	394.7395	0
52	11	359.3566	-23.80121	0
52	12	363.1435	50.83798	0
52	13	408.5613	273.1876	0
52	14	465.168	108.7754	0
52	15	419.5709	57.81036	0
52	16	488.7858	223.653	0
52	17	441.2656	136.697	0
52	18	424.6318	80.74161	0
52	19	572.6852	367.9433	0
52	20	553.8539	273.5282	0
52	21	574.5753	535.5464	0
52	22	597.1628	480.6786	0
52	23	465.438	234.601	0
52	24	398.4809	54.07126	0
52	25	590.7697	343.3278	0
52	26	499.6583	138.9905	0
52	27	523.394	112.189	0
52	28	517.0206	531.3389	0
52	29	340.3049	52.68799	0
52	30	349.9891	91.94662	0
52	31	608.4479	398.8525	0
52	32	300.8127	-25.66034	0
52	33	388.9839	10.98495	0
53	1	470.651	308.1045	0
53	2	482.2274	85.62952	0
53	3	448.2865	310.1768	0
53	4	408.1422	231.5358	0
53	5	577.6365	434.3831	0
53	6	547.1043	227.4854	0
53	7	528.2047	315.6189	0
53	8	586.4362	320.2484	0
53	9	477.7127	61.95596	0
53	10	549.0309	394.7395	0
53	11	359.3566	-23.80121	0
53	12	363.1435	50.83798	0
53	13	408.5613	273.1876	0
53	14	465.168	108.7754	0
53	15	419.5709	57.81036	0
53	16	488.7858	223.653	0
53	17	441.2656	136.697	0
53	18	424.6318	80.74161	0
53	19	572.6852	367.9433	0
53	20	553.8539	273.5282	0
53	21	574.5753	535.5464	0
53	22	597.1628	480.6786	0
53	23	465.438	234.601	0
53	24	398.4809	54.07126	0
53	25	590.7697	343.3278	0
53	26	499.6583	138.9905	0
53	27	523.394	112.189	0
53	28	517.0206	531.3389	0
53	29	340.3049	52.68799	0
53	30	349.9891	91.94662	0
53	31	608.4479	398.8525	0
53	32	300.8127	-25.66034	0
53	33	388.9839	10.98495	0
53	34	456.7101	350.9698	0
54	1	470.651	308.1045	0
54	2	482.2274	85.62952	0
54	3	448.2865	310.1768	0
54	4	408.1422	231.5358	0
54	5	577.6365	434.3831	0
54	6	547.1043	227.4854	0
54	7	528.2047	315.6189	0
54	8	586.4362	320.2484	0
54	9	477.7127	61.95596	0
54	10	549.0309	394.7395	0
54	11	359.3566	-23.80121	0
54	12	363.1435	50.83798	0
54	13	408.5613	273.1876	0
54	14	465.168	108.7754	0
54	15	419.5709	57.81036	0
54	16	488.7858	223.653	0
54	17	441.2656	136.697	0
54	18	424.6318	80.74161	0
54	19	572.6852	367.9433	0
54	20	553.8539	273.5282	0
54	21	574.5753	535.5464	0
54	22	597.1628	480.6786	0
54	23	465.438	234.601	0
54	24	398.4809	54.07126	0
54	25	590.7697	343.3278	0
54	26	499.6583	138.9905	0
54	27	523.394	112.189	0
54	28	517.0206	531.3389	0
54	29	340.3049	52.68799	0
54	30	349.9891	91.94662	0
54	31	608.4479	398.8525	0
54	32	300.8127	-25.66034	0
54	33	388.9839	10.98495	0
54	34	456.7101	350.9698	0
54	35	654.1317	484.7613	0
55	1	470.651	308.1045	0
55	2	482.2274	85.62952	0
55	3	448.2865	310.1768	0
55	4	408.1422	231.5358	0
55	5	577.6365	434.3831	0
55	6	547.1043	227.4854	0
55	7	528.2047	315.6189	0
55	8	586.4362	320.2484	0
55	9	477.7127	61.95596	0
55	10	549.0309	394.7395	0
55	11	359.3566	-23.80121	0
55	12	363.1435	50.83798	0
55	13	408.5613	273.1876	0
55	14	465.168	108.7754	0
55	15	419.5709	57.81036	0
55	16	488.7858	223.653	0
55	17	441.2656	136.697	0
55	18	424.6318	80.74161	0
55	19	572.6852	367.9433	0
55	20	553.8539	273.5282	0
55	21	574.5753	535.5464	0
55	22	597.1628	480.6786	0
55	23	465.438	234.601	0
55	24	398.4809	54.07126	0
55	25	590.7697	343.3278	0
55	26	499.6583	138.9905	0
55	27	523.394	112.189	0
55	28	517.0206	531.3389	0
55	29	340.3049	52.68799	0
55	30	349.9891	91.94662	0
55	31	608.4479	398.8525	0
55	32	300.8127	-25.66034	0
55	33	388.9839	10.98495	0
55	34	456.7101	350.9698	0
55	35	654.1317	484.7613	0
55	36	514.5834	352.944	0
56	1	470.651	308.1045	0
56	2	482.2274	85.62952	0
56	3	448.2865	310.1768	0
56	4	408.1422	231.5358	0
56	5	577.6365	434.3831	0
56	6	547.1043	227.4854	0
56	7	528.2047	315.6189	0
56	8	586.4362	320.2484	0
56	9	477.7127	61.95596	0
56	10	549.0309	394.7395	0
56	11	359.3566	-23.80121	0
56	12	363.1435	50.83798	0
56	13	408.5613	273.1876	0
56	14	465.168	108.7754	0
56	15	419.5709	57.81036	0
56	16	488.7858	223.653	0
56	17	441.2656	136.697	0
56	18	424.6318	80.74161	0
56	19	572.6852	367.9433	0
56	20	553.8539	273.5282	0
56	21	574.5753	535.5464	0
56	22	597.1628	480.6786	0
56	23	465.438	234.601	0
56	24	398.4809	54.07126	0
56	25	590.7697	343.3278	0
56	26	499.6583	138.9905	0
56	27	523.394	112.189	0
56	28	517.0206	531.3389	0
56	29	340.3049	52.68799	0
56	30	349.9891	91.94662	0
56	31	608.4479	398.8525	0
56	32	300.8127	-25.66034	0
56	33	388.9839	10.98495	0
56	34	456.7101	350.9698	0
56	35	654.1317	484.7613	0
56	36	514.5834	352.944	0
57	1	470.651	308.1045	0
57	2	482.2274	85.62952	0
57	3	448.2865	310.1768	0
57	4	408.1422	231.5358	0
57	5	577.6365	434.3831	0
57	6	547.1043	227.4854	0
57	7	528.2047	315.6189	0
57	8	586.4362	320.2484	0
57	9	477.7127	61.95596	0
57	10	549.0309	394.7395	0
57	11	359.3566	-23.80121	0
57	12	363.1435	50.83798	0
57	13	408.5613	273.1876	0
57	14	465.168	108.7754	0
57	15	419.5709	57.81036	0
57	16	488.7858	223.653	0
57	17	441.2656	136.697	0
57	18	424.6318	80.74161	0
57	19	572.6852	367.9433	0
57	20	553.8539	273.5282	0
57	21	574.5753	535.5464	0
57	22	597.1628	480.6786	0
57	23	465.438	234.601	0
57	24	398.4809	54.07126	0
57	25	590.7697	343.3278	0
57	26	499.6583	138.9905	0
57	27	523.394	112.189	0
57	28	517.0206	531.3389	0
57	29	340.3049	52.68799	0
57	30	349.9891	91.94662	0
57	31	608.4479	398.8525	0
57	32	300.8127	-25.66034	0
57	33	388.9839	10.98495	0
57	34	456.7101	350.9698	0
57	35	654.1317	484.7613	0
57	36	514.5834	352.944	0
57	37	467.4574	276.3639	0
58	1	470.651	308.1045	0
58	2	482.2274	85.62952	0
58	3	448.2865	310.1768	0
58	4	408.1422	231.5358	0
58	5	577.6365	434.3831	0
58	6	547.1043	227.4854	0
58	7	528.2047	315.6189	0
58	8	586.4362	320.2484	0
58	9	477.7127	61.95596	0
58	10	549.0309	394.7395	0
58	11	359.3566	-23.80121	0
58	12	363.1435	50.83798	0
58	13	408.5613	273.1876	0
58	14	465.168	108.7754	0
58	15	419.5709	57.81036	0
58	16	488.7858	223.653	0
58	17	441.2656	136.697	0
58	18	424.6318	80.74161	0
58	19	572.6852	367.9433	0
58	20	553.8539	273.5282	0
58	21	574.5753	535.5464	0
58	22	597.1628	480.6786	0
58	23	465.438	234.601	0
58	24	398.4809	54.07126	0
58	25	590.7697	343.3278	0
58	26	499.6583	138.9905	0
58	27	523.394	112.189	0
58	28	517.0206	531.3389	0
58	29	340.3049	52.68799	0
58	30	349.9891	91.94662	0
58	31	608.4479	398.8525	0
58	32	300.8127	-25.66034	0
58	33	388.9839	10.98495	0
58	34	456.7101	350.9698	0
58	35	654.1317	484.7613	0
58	36	514.5834	352.944	0
58	37	467.4574	276.3639	0
58	38	631.5577	371.6462	0
59	1	470.651	308.1045	0
59	2	482.2274	85.62952	0
59	3	448.2865	310.1768	0
59	4	408.1422	231.5358	0
59	5	577.6365	434.3831	0
59	6	547.1043	227.4854	0
59	7	528.2047	315.6189	0
59	8	586.4362	320.2484	0
59	9	477.7127	61.95596	0
59	10	549.0309	394.7395	0
59	11	359.3566	-23.80121	0
59	12	363.1435	50.83798	0
59	13	408.5613	273.1876	0
59	14	465.168	108.7754	0
59	15	419.5709	57.81036	0
59	16	488.7858	223.653	0
59	17	441.2656	136.697	0
59	18	424.6318	80.74161	0
59	19	572.6852	367.9433	0
59	20	553.8539	273.5282	0
59	21	574.5753	535.5464	0
59	22	597.1628	480.6786	0
59	23	465.438	234.601	0
59	24	398.4809	54.07126	0
59	25	590.7697	343.3278	0
59	26	499.6583	138.9905	0
59	27	523.394	112.189	0
59	28	517.0206	531.3389	0
59	29	340.3049	52.68799	0
59	30	349.9891	91.94662	0
59	31	608.4479	398.8525	0
59	32	300.8127	-25.66034	0
59	33	388.9839	10.98495	0
59	34	456.7101	350.9698	0
59	35	654.1317	484.7613	0
59	36	514.5834	352.944	0
59	37	467.4574	276.3639	0
59	38	631.5577	371.6462	0
59	39	405.8324	96.09161	0
60	1	470.651	308.1045	0
60	2	482.2274	85.62952	0
60	3	448.2865	310.1768	0
60	4	408.1422	231.5358	0
60	5	577.6365	434.3831	0
60	6	547.1043	227.4854	0
60	7	528.2047	315.6189	0
60	8	586.4362	320.2484	0
60	9	477.7127	61.95596	0
60	10	549.0309	394.7395	0
60	11	359.3566	-23.80121	0
60	12	363.1435	50.83798	0
60	13	408.5613	273.1876	0
60	14	465.168	108.7754	0
60	15	419.5709	57.81036	0
60	16	488.7858	223.653	0
60	17	441.2656	136.697	0
60	18	424.6318	80.74161	0
60	19	572.6852	367.9433	0
60	20	553.8539	273.5282	0
60	21	574.5753	535.5464	0
60	22	597.1628	480.6786	0
60	23	465.438	234.601	0
60	24	398.4809	54.07126	0
60	25	590.7697	343.3278	0
60	26	499.6583	138.9905	0
60	27	523.394	112.189	0
60	28	517.0206	531.3389	0
60	29	340.3049	52.68799	0
60	30	349.9891	91.94662	0
60	31	608.4479	398.8525	0
60	32	300.8127	-25.66034	0
60	33	388.9839	10.98495	0
60	34	456.7101	350.9698	0
60	35	654.1317	484.7613	0
60	36	514.5834	352.944	0
60	37	467.4574	276.3639	0
60	38	631.5577	371.6462	0
60	39	405.8324	96.09161	0
60	40	445.4504	14.3129	0
