64	1	432.56	149.4286	0
64	2	631.7168	154.7074	0
64	3	431.4863	129.0048	0
64	4	499.1379	112.0155	0
64	5	283.4414	227.7219	0
64	6	505.4305	199.6012	0
64	7	417.1664	185.4133	0
64	8	666.632	124.1472	0
64	9	402.0664	230.8304	0
64	10	655.1251	147.8344	0
64	11	334.1569	201.274	0
64	12	693.2045	90.62576	0
64	13	639.3506	87.01425	0
64	14	465.5927	111.4883	0
64	15	608.907	140.1933	0
64	16	645.6794	113.2192	0
64	17	507.1692	161.3452	0
64	18	580.6428	129.7343	0
64	19	625.6631	117.5155	0
64	20	355.1367	219.8672	0
64	21	455.3975	201.7144	0
64	22	172.8555	219.0805	0
64	23	219.1379	237.349	0
64	24	496.9691	139.53	0
64	25	640.5364	108.5013	0
64	26	376.8746	237.5339	0
64	27	584.8571	168.5128	0
64	28	616.0567	181.4944	0
64	29	207.8114	173.309	0
64	30	634.1925	78.25528	0
64	31	604.2828	84.41608	0
64	32	307.132	250.3571	0
64	33	680.1204	68.49866	0
64	34	672.8753	103.5571	0
64	35	397.1189	137.9015	0
64	36	181.3508	302.5173	0
64	37	382.6427	170.8009	0
64	38	460.0632	142.9358	0
64	39	332.1548	276.8878	0
64	40	611.0332	108.3587	0
64	41	686.137	131.4946	0
64	42	422.5343	169.0747	0
64	43	394.521	190.2151	0
64	44	463.8783	163.0983	0
65	1	432.5599	149.431	0
65	2	631.7222	154.7101	0
65	3	431.4811	128.9777	0
65	4	499.138	112.0197	0
65	5	283.4321	227.7353	0
65	6	505.4396	199.5941	0
65	7	417.1523	185.3952	0
65	8	666.6111	124.1345	0
65	9	402.1061	230.8224	0
65	10	655.1268	147.8409	0
65	11	334.1435	201.2562	0
65	12	693.1891	90.61246	0
65	13	639.353	87.05148	0
65	14	465.5704	111.518	0
65	15	608.9124	140.188	0
65	16	645.6885	113.22	0
65	17	507.1656	161.3564	0
65	18	580.6242	129.7216	0
65	19	625.6705	117.5157	0
65	20	355.0974	219.9249	0
65	21	455.3979	201.718	0
65	22	172.8821	219.0763	0
65	23	219.1255	237.3655	0
65	24	496.9562	139.5798	0
65	25	640.5362	108.5181	0
65	26	376.8734	237.5355	0
65	27	584.879	168.5036	0
65	28	616.0756	181.4756	0
65	29	207.7822	173.3245	0
65	30	634.2167	78.25253	0
65	31	604.2837	84.41855	0
65	32	307.1157	250.3361	0
65	33	680.1238	68.49594	0
65	34	672.8901	103.5471	0
65	35	397.1479	137.8948	0
65	36	181.3528	302.522	0
65	37	382.6562	170.7926	0
65	38	460.0721	142.9302	0
65	39	332.1516	276.8535	0
65	40	611.0383	108.3604	0
65	41	686.1201	131.4717	0
65	42	422.561	169.0548	0
65	43	394.5244	190.2173	0
65	44	463.885	163.0968	0
66	1	432.5597	149.4339	0
66	2	631.7277	154.7126	0
66	3	431.4779	128.9516	0
66	4	499.1373	112.0245	0
66	5	283.4146	227.7577	0
66	6	505.4494	199.5868	0
66	7	417.1371	185.3789	0
66	8	666.5931	124.1246	0
66	9	402.1454	230.8058	0
66	10	655.1293	147.8483	0
66	11	334.1304	201.2436	0
66	12	693.1736	90.60043	0
66	13	639.3514	87.08859	0
66	14	465.5508	111.5369	0
66	15	608.9196	140.1817	0
66	16	645.6964	113.2205	0
66	17	507.1594	161.374	0
66	18	580.6086	129.7128	0
66	19	625.6756	117.5113	0
66	20	355.057	219.9712	0
66	21	455.3983	201.7224	0
66	22	172.9278	219.0685	0
66	23	219.0984	237.3954	0
66	24	496.939	139.6315	0
66	25	640.5385	108.5394	0
66	26	376.8729	237.539	0
66	27	584.8973	168.4888	0
66	28	616.0906	181.452	0
66	29	207.7744	173.3201	0
66	30	634.2385	78.246	0
66	31	604.2848	84.42191	0
66	32	307.101	250.3222	0
66	33	680.1274	68.49323	0
66	34	672.9012	103.5338	0
66	35	397.176	137.8827	0
66	36	181.3549	302.5269	0
66	37	382.668	170.7869	0
66	38	460.0822	142.9238	0
66	39	332.1449	276.8212	0
66	40	611.0437	108.3619	0
66	41	686.1013	131.4497	0
66	42	422.5851	169.0307	0
66	43	394.5276	190.2192	0
66	44	463.8877	163.0992	0
67	1	432.5592	149.4378	0
67	2	631.7327	154.7146	0
67	3	431.4739	128.9257	0
67	4	499.1373	112.0297	0
67	5	283.3933	227.7878	0
67	6	505.4575	199.5828	0
67	7	417.1231	185.3659	0
67	8	666.5793	124.1177	0
67	9	402.1833	230.7797	0
67	10	655.1328	147.8549	0
67	11	334.1199	201.2353	0
67	12	693.1561	90.58905	0
67	13	639.3447	87.11996	0
67	14	465.539	111.5446	0
67	15	608.9272	140.1755	0
67	16	645.7026	113.2183	0
67	17	507.1533	161.3973	0
67	18	580.5977	129.7071	0
67	19	625.6801	117.5057	0
67	20	355.0266	219.9991	0
67	21	455.3983	201.7286	0
67	22	172.9772	219.0521	0
67	23	219.0634	237.4367	0
67	24	496.9162	139.6798	0
67	25	640.5434	108.5631	0
67	26	376.8723	237.5433	0
67	27	584.9127	168.4702	0
67	28	616.1006	181.4243	0
67	29	207.8076	173.318	0
67	30	634.2558	78.23483	0
67	31	604.2854	84.42566	0
67	32	307.0908	250.3148	0
67	33	680.1307	68.49182	0
67	34	672.9084	103.5176	0
67	35	397.2032	137.8661	0
67	36	181.3587	302.5319	0
67	37	382.6784	170.7842	0
67	38	460.0906	142.92	0
67	39	332.1323	276.791	0
67	40	611.0496	108.3634	0
67	41	686.0809	131.4294	0
67	42	422.604	169.0062	0
67	43	394.5311	190.2211	0
67	44	463.8853	163.1078	0
68	1	432.5578	149.4424	0
68	2	631.7375	154.7167	0
68	3	431.4677	128.9008	0
68	4	499.1387	112.0337	0
68	5	283.3693	227.8244	0
68	6	505.4637	199.5817	0
68	7	417.1111	185.3573	0
68	8	666.5707	124.114	0
68	9	402.219	230.7468	0
68	10	655.138	147.8599	0
68	11	334.1133	201.2318	0
68	12	693.1362	90.57822	0
68	13	639.3356	87.14078	0
68	14	465.5341	111.5404	0
68	15	608.9338	140.1721	0
68	16	645.707	113.2126	0
68	17	507.1477	161.4243	0
68	18	580.5922	129.7053	0
68	19	625.6849	117.5006	0
68	20	355.0114	220.0072	0
68	21	455.3969	201.7364	0
68	22	173.03	219.0262	0
68	23	219.0229	237.489	0
68	24	496.8907	139.7175	0
68	25	640.5494	108.5908	0
68	26	376.871	237.5493	0
68	27	584.9241	168.448	0
68	28	616.1033	181.3972	0
68	29	207.8498	173.3102	0
68	30	634.2696	78.22052	0
68	31	604.2867	84.42996	0
68	32	307.0863	250.3139	0
68	33	680.1336	68.49158	0
68	34	672.911	103.5009	0
68	35	397.2285	137.8457	0
68	36	181.3676	302.5333	0
68	37	382.6837	170.7855	0
68	38	460.0978	142.9184	0
68	39	332.1157	276.7632	0
68	40	611.0567	108.3649	0
68	41	686.0608	131.4112	0
68	42	422.6192	168.9807	0
68	43	394.5357	190.2231	0
68	44	463.8779	163.1237	0
69	1	432.5565	149.4477	0
69	2	631.7425	154.7184	0
69	3	431.4595	128.8785	0
69	4	499.1421	112.0363	0
69	5	283.3442	227.8643	0
69	6	505.4654	199.5863	0
69	7	417.1031	185.3525	0
69	8	666.5675	124.1135	0
69	9	402.2509	230.7076	0
69	10	655.1451	147.8632	0
69	11	334.1112	201.2325	0
69	12	693.1177	90.56836	0
69	13	639.3282	87.15042	0
69	14	465.5608	111.5395	0
69	15	608.9391	140.1712	0
69	16	645.7114	113.2072	0
69	17	507.1431	161.4546	0
69	18	580.5917	129.7063	0
69	19	625.691	117.4956	0
69	20	355.0176	220.0014	0
69	21	455.3953	201.7457	0
69	22	173.0839	218.9937	0
69	23	218.9795	237.5477	0
69	24	496.8702	139.7392	0
69	25	640.5538	108.6212	0
69	26	376.8683	237.5564	0
69	27	584.9301	168.4262	0
69	28	616.1057	181.3704	0
69	29	207.8942	173.2951	0
69	30	634.279	78.20309	0
69	31	604.2888	84.43332	0
69	32	307.0849	250.3177	0
69	33	680.1354	68.49347	0
69	34	672.9095	103.4836	0
69	35	397.2495	137.8239	0
69	36	181.3776	302.5352	0
69	37	382.6805	170.7943	0
69	38	460.1003	142.9208	0
69	39	332.0995	276.7396	0
69	40	611.0645	108.3649	0
69	41	686.0385	131.394	0
69	42	422.6306	168.9563	0
69	43	394.5422	190.2234	0
69	44	463.8681	163.1465	0
70	1	432.5564	149.4521	0
70	2	631.748	154.7201	0
70	3	431.4499	128.8581	0
70	4	499.1469	112.0383	0
70	5	283.3158	227.9109	0
70	6	505.4626	199.5989	0
70	7	417.0996	185.3519	0
70	8	666.5681	124.1151	0
70	9	402.2746	230.6687	0
70	10	655.1522	147.8662	0
70	11	334.1103	201.2358	0
70	12	693.1021	90.56119	0
70	13	639.3205	87.14761	0
70	14	465.5877	111.5341	0
70	15	608.9412	140.1755	0
70	16	645.7167	113.2023	0
70	17	507.1371	161.4894	0
70	18	580.5927	129.7088	0
70	19	625.6979	117.4893	0
70	20	355.053	219.997	0
70	21	455.3954	201.7537	0
70	22	173.1365	218.9549	0
70	23	218.9308	237.6157	0
70	24	496.8592	139.7447	0
70	25	640.556	108.653	0
70	26	376.8657	237.5648	0
70	27	584.9341	168.4034	0
70	28	616.1012	181.3442	0
70	29	207.9409	173.2729	0
70	30	634.283	78.18594	0
70	31	604.2925	84.43558	0
70	32	307.0837	250.323	0
70	33	680.1367	68.49832	0
70	34	672.9064	103.467	0
70	35	397.2654	137.8019	0
70	36	181.3882	302.5354	0
70	37	382.6694	170.812	0
70	38	460.0976	142.9296	0
70	39	332.0839	276.7239	0
70	40	611.0728	108.3654	0
70	41	686.0122	131.3776	0
70	42	422.6332	168.9306	0
70	43	394.5493	190.224	0
70	44	463.8583	163.1758	0
71	1	432.558	149.4552	0
71	2	631.7543	154.7219	0
71	3	431.4365	128.8389	0
71	4	499.1511	112.0403	0
71	5	283.2836	227.9606	0
71	6	505.455	199.6209	0
71	7	417.099	185.3542	0
71	8	666.5694	124.1175	0
71	9	402.2964	230.6299	0
71	10	655.1586	147.8687	0
71	11	334.1096	201.2398	0
71	12	693.0906	90.5563	0
71	13	639.3445	87.1467	0
71	14	465.6128	111.5238	0
71	15	608.9413	140.1865	0
71	16	645.7232	113.1961	0
71	17	507.1289	161.5261	0
71	18	580.5936	129.7119	0
71	19	625.7041	117.4856	0
71	20	355.0902	219.9856	0
71	21	455.3981	201.7598	0
71	22	173.1812	218.9163	0
71	23	218.8758	237.689	0
71	24	496.8676	139.7404	0
71	25	640.5552	108.6849	0
71	26	376.8648	237.5716	0
71	27	584.9335	168.3816	0
71	28	616.0891	181.3166	0
71	29	207.988	173.2455	0
71	30	634.2839	78.16782	0
71	31	604.2973	84.43723	0
71	32	307.0817	250.3299	0
71	33	680.1371	68.50705	0
71	34	672.8969	103.4492	0
71	35	397.2796	137.7803	0
71	36	181.3998	302.5336	0
71	37	382.6524	170.8391	0
71	38	460.0892	142.946	0
71	39	332.0723	276.7141	0
71	40	611.0803	108.3656	0
71	41	685.9873	131.3627	0
71	42	422.63	168.9047	0
71	43	394.5562	190.224	0
71	44	463.8489	163.2077	0
72	1	432.5618	149.4573	0
72	2	631.7614	154.7222	0
72	3	431.4181	128.8205	0
72	4	499.1551	112.0421	0
72	5	283.2477	228.0122	0
72	6	505.4466	199.6509	0
72	7	417.0988	185.3574	0
72	8	666.5709	124.1206	0
72	9	402.3091	230.593	0
72	10	655.1647	147.8713	0
72	11	334.108	201.2452	0
72	12	693.0839	90.55402	0
72	13	639.3702	87.14221	0
72	14	465.6363	111.5093	0
72	15	608.9383	140.2058	0
72	16	645.7297	113.191	0
72	17	507.1175	161.5643	0
72	18	580.5947	129.7162	0
72	19	625.7101	117.4839	0
72	20	355.1269	219.9656	0
72	21	455.4039	201.7639	0
72	22	173.2239	218.8779	0
72	23	218.8155	237.7654	0
72	24	496.9017	139.7368	0
72	25	640.55	108.7125	0
72	26	376.8662	237.5767	0
72	27	584.9258	168.3584	0
72	28	616.074	181.2896	0
72	29	208.0319	173.2143	0
72	30	634.2813	78.15048	0
72	31	604.3016	84.43906	0
72	32	307.078	250.3392	0
72	33	680.1387	68.5191	0
72	34	672.8831	103.4308	0
72	35	397.2854	137.7579	0
72	36	181.4149	302.5232	0
72	37	382.6334	170.8745	0
72	38	460.0784	142.9693	0
72	39	332.0659	276.711	0
72	40	611.0863	108.3632	0
72	41	685.9661	131.3513	0
72	42	422.6277	168.8799	0
72	43	394.5631	190.2223	0
72	44	463.8393	163.245	0
73	1	432.5655	149.4594	0
73	2	631.7691	154.7227	0
73	3	431.4004	128.8039	0
73	4	499.1587	112.0435	0
73	5	283.2079	228.0623	0
73	6	505.4388	199.6884	0
73	7	417.0984	185.3616	0
73	8	666.5724	124.1249	0
73	9	402.3109	230.5542	0
73	10	655.171	147.8734	0
73	11	334.1049	201.2521	0
73	12	693.0821	90.55429	0
73	13	639.3916	87.13281	0
73	14	465.6574	111.4913	0
73	15	608.9366	140.2321	0
73	16	645.7362	113.1883	0
73	17	507.1025	161.6	0
73	18	580.595	129.7213	0
73	19	625.7134	117.4859	0
73	20	355.1628	219.9394	0
73	21	455.41	201.7676	0
73	22	173.2556	218.8412	0
73	23	218.7491	237.8415	0
73	24	496.9349	139.7273	0
73	25	640.5427	108.7314	0
73	26	376.8706	237.58	0
73	27	584.9146	168.3354	0
73	28	616.0613	181.2633	0
73	29	208.0684	173.1837	0
73	30	634.2712	78.13141	0
73	31	604.3056	84.44046	0
73	32	307.0723	250.3502	0
73	33	680.1424	68.53424	0
73	34	672.8701	103.4133	0
73	35	397.2847	137.7347	0
73	36	181.4308	302.5118	0
73	37	382.6132	170.9149	0
73	38	460.0678	142.9991	0
73	39	332.0641	276.7133	0
73	40	611.091	108.358	0
73	41	685.95	131.3435	0
73	42	422.625	168.8552	0
73	43	394.5702	190.2167	0
73	44	463.8271	163.2864	0
74	1	432.5688	149.4612	0
74	2	631.7761	154.7227	0
74	3	431.3842	128.7919	0
74	4	499.1625	112.0448	0
74	5	283.1671	228.1037	0
74	6	505.4325	199.7287	0
74	7	417.0972	185.3672	0
74	8	666.5741	124.1297	0
74	9	402.3068	230.5162	0
74	10	655.1778	147.8756	0
74	11	334.1011	201.26	0
74	12	693.0828	90.55612	0
74	13	639.4084	87.1188	0
74	14	465.6745	111.4714	0
74	15	608.9379	140.2648	0
74	16	645.7407	113.1883	0
74	17	507.0855	161.628	0
74	18	580.5962	129.7273	0
74	19	625.7144	117.4937	0
74	20	355.1967	219.9075	0
74	21	455.4154	201.7708	0
74	22	173.2752	218.8026	0
74	23	218.6793	237.9077	0
74	24	496.9648	139.7104	0
74	25	640.5367	108.7405	0
74	26	376.875	237.5832	0
74	27	584.9052	168.3134	0
74	28	616.0469	181.2374	0
74	29	208.1039	173.1526	0
74	30	634.2571	78.11209	0
74	31	604.3094	84.44168	0
74	32	307.0678	250.3616	0
74	33	680.1481	68.55014	0
74	34	672.8569	103.396	0
74	35	397.283	137.7123	0
74	36	181.4467	302.5013	0
74	37	382.5923	170.9607	0
74	38	460.058	143.0325	0
74	39	332.0633	276.7181	0
74	40	611.0961	108.3529	0
74	41	685.9404	131.3394	0
74	42	422.6202	168.8315	0
74	43	394.5777	190.211	0
74	44	463.812	163.3297	0
75	1	432.5718	149.4627	0
75	2	631.7818	154.7213	0
75	3	431.3713	128.7837	0
75	4	499.1668	112.0463	0
75	5	283.135	228.1302	0
75	6	505.4255	199.7762	0
75	7	417.095	185.3737	0
75	8	666.5766	124.1348	0
75	9	402.3056	230.4794	0
75	10	655.1857	147.878	0
75	11	334.0989	201.2671	0
75	12	693.0839	90.55832	0
75	13	639.4211	87.10117	0
75	14	465.6857	111.4518	0
75	15	608.9421	140.3012	0
75	16	645.7426	113.1935	0
75	17	507.0718	161.6442	0
75	18	580.5983	129.7322	0
75	19	625.713	117.5085	0
75	20	355.2247	219.8746	0
75	21	455.4204	201.7741	0
75	22	173.2875	218.7647	0
75	23	218.6203	237.9535	0
75	24	496.9916	139.6883	0
75	25	640.5307	108.739	0
75	26	376.8789	237.5859	0
75	27	584.8944	168.2914	0
75	28	616.0303	181.2124	0
75	29	208.1283	173.1217	0
75	30	634.2448	78.09366	0
75	31	604.3136	84.44275	0
75	32	307.0665	250.3704	0
75	33	680.1548	68.56918	0
75	34	672.8422	103.3794	0
75	35	397.2822	137.6904	0
75	36	181.4657	302.4897	0
75	37	382.5679	171.0128	0
75	38	460.0475	143.0713	0
75	39	332.062	276.7241	0
75	40	611.1017	108.3484	0
75	41	685.9371	131.339	0
75	42	422.6139	168.8098	0
75	43	394.5853	190.2058	0
75	44	463.7931	163.3735	0
