17	1	241.5751	374.1317	0
18	1	241.5842	374.1316	0
18	2	254.167	84.45932	0
19	1	241.5956	374.1325	0
19	2	254.1727	84.45203	0
19	3	213.5418	373.3383	0
20	1	241.6072	374.1323	0
20	2	254.1789	84.44418	0
20	3	213.5461	373.338	0
20	4	161.2836	274.0483	0
21	1	241.6163	374.1299	0
21	2	254.1846	84.4346	0
21	3	213.5512	373.3374	0
21	4	161.2738	274.0092	0
21	5	380.5272	540.6566	0
22	1	241.6229	374.1247	0
22	2	254.1855	84.42294	0
22	3	213.5584	373.3371	0
22	4	161.2538	273.9716	0
22	5	380.5382	540.6516	0
22	6	337.8212	269.0336	0
23	1	241.6275	374.1178	0
23	2	254.1875	84.4101	0
23	3	213.5677	373.3378	0
23	4	161.2216	273.9376	0
23	5	380.545	540.6423	0
23	6	337.7668	269.0189	0
23	7	313.6702	382.9196	0
24	1	241.632	374.1117	0
24	2	254.1874	84.3985	0
24	3	213.579	373.3386	0
24	4	161.1814	273.9069	0
24	5	380.5511	540.6333	0
24	6	337.7161	269.0094	0
24	7	313.7524	382.9308	0
24	8	389.3752	388.3691	0
25	1	241.6364	374.106	0
25	2	254.1828	84.38782	0
25	3	213.5889	373.338	0
25	4	161.1335	273.8812	0
25	5	380.557	540.6255	0
25	6	337.6655	269.0125	0
25	7	313.8376	382.9457	0
25	8	389.3599	388.3561	0
25	9	250.2302	50.14392	0
26	1	241.6411	374.101	0
26	2	254.1695	84.37811	0
26	3	213.5967	373.3353	0
26	4	161.0857	273.8633	0
26	5	380.5636	540.6187	0
26	6	337.6162	269.0238	0
26	7	313.9249	382.9658	0
26	8	389.3486	388.3445	0
26	9	250.2368	50.13562	0
27	1	241.6461	374.0957	0
27	2	254.1561	84.36816	0
27	3	213.6018	373.3297	0
27	4	161.0355	273.8495	0
27	5	380.5707	540.6121	0
27	6	337.569	269.0334	0
27	7	314.0066	382.9927	0
27	8	389.3417	388.3333	0
27	9	250.2436	50.12683	0
27	10	345.3958	485.4443	0
28	1	241.6512	374.0894	0
28	2	254.1438	84.35767	0
28	3	213.6059	373.3235	0
28	4	160.9886	273.8422	0
28	5	380.5781	540.605	0
28	6	337.5216	269.0438	0
28	7	314.072	383.0226	0
28	8	389.3415	388.3273	0
28	9	250.2491	50.11578	0
28	10	345.3953	485.4561	0
28	11	99.95605	-50.55548	0
29	1	241.6535	374.0809	0
29	2	254.1289	84.34442	0
29	3	213.6096	373.3181	0
29	4	160.9406	273.8464	0
29	5	380.5838	540.5948	0
29	6	337.4754	269.057	0
29	7	314.1096	383.0453	0
29	8	389.3551	388.3285	0
29	9	250.25	50.10239	0
29	10	345.3893	485.4245	0
29	11	99.96037	-50.56122	0
29	12	98.08012	36.55707	0
30	1	241.6548	374.0709	0
30	2	254.1142	84.33084	0
30	3	213.6134	373.3129	0
30	4	160.8938	273.8575	0
30	5	380.5847	540.5817	0
30	6	337.432	269.0724	0
30	7	314.1158	383.0582	0
30	8	389.3838	388.3359	0
30	9	250.2518	50.08865	0
30	10	345.3753	485.3805	0
30	11	99.9641	-50.56659	0
30	12	98.17353	36.56711	0
30	13	162.1469	329.0551	0
31	1	241.6553	374.0613	0
31	2	254.1053	84.31949	0
31	3	213.6173	373.308	0
31	4	160.8487	273.8661	0
31	5	380.5867	540.5682	0
31	6	337.3931	269.0894	0
31	7	314.1083	383.0415	0
31	8	389.4271	388.3473	0
31	9	250.2522	50.07626	0
31	10	345.3495	485.3396	0
31	11	99.96781	-50.57202	0
31	12	98.27818	36.58188	0
31	13	162.2444	329.0731	0
31	14	232.4717	115.8519	0
32	1	241.6546	374.0521	0
32	2	254.1019	84.31183	0
32	3	213.6215	373.3026	0
32	4	160.8036	273.8763	0
32	5	380.5869	540.5551	0
32	6	337.3563	269.1108	0
32	7	314.0977	383.0011	0
32	8	389.484	388.3577	0
32	9	250.2443	50.06482	0
32	10	345.3108	485.3026	0
32	11	99.97151	-50.57806	0
32	12	98.38715	36.60211	0
32	13	162.3428	329.0974	0
32	14	232.4733	115.8401	0
32	15	175.2059	50.69836	0
33	1	241.6457	374.044	0
33	2	254.1109	84.311	0
33	3	213.6254	373.2958	0
33	4	160.7598	273.889	0
33	5	380.5786	540.5432	0
33	6	337.3221	269.1382	0
33	7	314.0767	382.9621	0
33	8	389.5514	388.367	0
33	9	250.2294	50.0542	0
33	10	345.2629	485.2695	0
33	11	99.97547	-50.58472	0
33	12	98.49937	36.62936	0
33	13	162.4315	329.1293	0
33	14	232.4734	115.8291	0
33	15	175.2036	50.70474	0
33	16	266.4319	263.6473	0
34	1	241.6349	374.0361	0
34	2	254.1357	84.31613	0
34	3	213.6259	373.2872	0
34	4	160.7198	273.9036	0
34	5	380.5638	540.5323	0
34	6	337.2921	269.1649	0
34	7	314.0432	382.9269	0
34	8	389.6284	388.3753	0
34	9	250.2149	50.04346	0
34	10	345.2079	485.243	0
34	11	99.97872	-50.59259	0
34	12	98.60436	36.66379	0
34	13	162.4973	329.1617	0
34	14	232.4718	115.819	0
34	15	175.2067	50.70575	0
34	16	266.3797	263.6186	0
34	17	203.5495	149.1003	0
35	1	241.6246	374.0278	0
35	2	254.1781	84.32877	0
35	3	213.6271	373.2778	0
35	4	160.6834	273.9199	0
35	5	380.5492	540.5211	0
35	6	337.2705	269.1888	0
35	7	314.0014	382.8951	0
35	8	389.7134	388.3866	0
35	9	250.2017	50.03146	0
35	10	345.1526	485.2259	0
35	11	99.97895	-50.60193	0
35	12	98.68836	36.69919	0
35	13	162.531	329.1838	0
35	14	232.4608	115.8098	0
35	15	175.2121	50.70566	0
35	16	266.3269	263.598	0
35	17	203.5628	149.0982	0
35	18	181.721	81.56039	0
36	1	241.6143	374.0178	0
36	2	254.2352	84.34186	0
36	3	213.6268	373.2688	0
36	4	160.6491	273.9406	0
36	5	380.5359	540.5084	0
36	6	337.2566	269.2076	0
36	7	313.952	382.8686	0
36	8	389.8012	388.4016	0
36	9	250.1842	50.01675	0
36	10	345.098	485.2102	0
36	11	99.97977	-50.61145	0
36	12	98.73704	36.72604	0
36	13	162.5293	329.1955	0
36	14	232.4483	115.8006	0
36	15	175.2189	50.70584	0
36	16	266.2715	263.5829	0
36	17	203.5733	149.0923	0
36	18	181.7264	81.56	0
37	1	241.6013	374.006	0
37	2	254.3061	84.35345	0
37	3	213.6235	373.2604	0
37	4	160.6171	273.9666	0
37	5	380.518	540.4927	0
37	6	337.2501	269.219	0
37	7	313.9026	382.8499	0
37	8	389.8912	388.4221	0
37	9	250.1697	50.00314	0
37	10	345.0468	485.2058	0
37	11	99.9798	-50.62012	0
37	12	98.74754	36.7403	0
37	13	162.5237	329.162	0
37	14	232.4365	115.7913	0
37	15	175.2285	50.70615	0
37	16	266.2197	263.5736	0
37	17	203.5799	149.083	0
37	18	181.7346	81.55972	0
37	19	372.8812	451.1385	0
38	1	241.5927	373.996	0
38	2	254.3867	84.36227	0
38	3	213.6137	373.253	0
38	4	160.589	273.9913	0
38	5	380.5033	540.4774	0
38	6	337.2499	269.2229	0
38	7	313.8506	382.8353	0
38	8	389.9759	388.4499	0
38	9	250.161	49.99075	0
38	10	344.9953	485.2145	0
38	11	99.97419	-50.62799	0
38	12	98.73867	36.72247	0
38	13	162.5096	329.1168	0
38	14	232.4241	115.7796	0
38	15	175.2401	50.70743	0
38	16	266.1676	263.5771	0
38	17	203.5862	149.0746	0
38	18	181.7451	81.56067	0
38	19	372.8516	451.1667	0
38	20	346.1424	327.1658	0
39	1	241.5879	373.9871	0
39	2	254.4782	84.37357	0
39	3	213.6038	373.2451	0
39	4	160.5694	274.0132	0
39	5	380.4941	540.463	0
39	6	337.2546	269.223	0
39	7	313.8024	382.8276	0
39	8	390.0454	388.4812	0
39	9	250.1592	49.98383	0
39	10	344.9463	485.229	0
39	11	99.96399	-50.63531	0
39	12	98.72755	36.67267	0
39	13	162.4832	329.0748	0
39	14	232.4095	115.7666	0
39	15	175.2532	50.70776	0
39	16	266.1167	263.5888	0
39	17	203.592	149.0666	0
39	18	181.7575	81.56107	0
39	19	372.8324	451.1912	0
39	20	346.1471	327.16	0
39	21	375.5462	667.7841	0
40	1	241.5904	373.9833	0
40	2	254.5751	84.38983	0
40	3	213.5946	373.2369	0
40	4	160.5567	274.0298	0
40	5	380.4919	540.4539	0
40	6	337.2604	269.2225	0
40	7	313.7538	382.8325	0
40	8	390.0859	388.5053	0
40	9	250.1725	49.98456	0
40	10	344.898	485.2396	0
40	11	99.95409	-50.64313	0
40	12	98.70326	36.62479	0
40	13	162.4434	329.0369	0
40	14	232.3999	115.756	0
40	15	175.2634	50.70605	0
40	16	266.0678	263.5985	0
40	17	203.5982	149.0591	0
40	18	181.7678	81.55978	0
40	19	372.8207	451.2083	0
40	20	346.152	327.1537	0
40	21	375.5589	667.7837	0
40	22	401.6403	593.8911	0
41	1	241.6052	373.9852	0
41	2	254.675	84.41193	0
41	3	213.5839	373.2266	0
41	4	160.5512	274.0397	0
41	5	380.5051	540.4537	0
41	6	337.2686	269.2222	0
41	7	313.7069	382.8445	0
41	8	390.0937	388.5179	0
41	9	250.2037	49.99213	0
41	10	344.8502	485.2527	0
41	11	99.94505	-50.65143	0
41	12	98.66264	36.58194	0
41	13	162.394	329.0032	0
41	14	232.395	115.7472	0
41	15	175.2711	50.70123	0
41	16	266.0189	263.6093	0
41	17	203.6046	149.0512	0
41	18	181.7758	81.5556	0
41	19	372.8169	451.2163	0
41	20	346.1559	327.1455	0
41	21	375.5876	667.7902	0
41	22	401.5996	593.8613	0
41	23	235.6159	279.8289	0
42	1	241.6337	373.993	0
42	2	254.7731	84.44049	0
42	3	213.5733	373.2157	0
42	4	160.5519	274.0425	0
42	5	380.5365	540.4608	0
42	6	337.2796	269.2229	0
42	7	313.6616	382.854	0
42	8	390.0865	388.5002	0
42	9	250.2532	50.00662	0
42	10	344.8029	485.2682	0
42	11	99.93347	-50.66144	0
42	12	98.61088	36.54361	0
42	13	162.3369	328.976	0
42	14	232.3994	115.7443	0
42	15	175.276	50.69397	0
42	16	265.9713	263.6229	0
42	17	203.6114	149.0428	0
42	18	181.7809	81.5488	0
42	19	372.8192	451.2167	0
42	20	346.1562	327.1354	0
42	21	375.6325	667.8014	0
42	22	401.5518	593.8368	0
42	23	235.6071	279.8412	0
42	24	146.7542	47.31821	0
43	1	241.6745	374.0032	0
43	2	254.8581	84.47327	0
43	3	213.567	373.2065	0
43	4	160.5568	274.0424	0
43	5	380.5858	540.4739	0
43	6	337.2932	269.2241	0
43	7	313.6163	382.865	0
43	8	390.0758	388.4583	0
43	9	250.3192	50.02054	0
43	10	344.7602	485.2847	0
43	11	99.92429	-50.67065	0
43	12	98.54816	36.51102	0
43	13	162.28	328.9591	0
43	14	232.4178	115.7472	0
43	15	175.2808	50.68762	0
43	16	265.9269	263.6387	0
43	17	203.6166	149.0319	0
43	18	181.7856	81.54239	0
43	19	372.8244	451.2153	0
43	20	346.1571	327.1252	0
43	21	375.692	667.8123	0
43	22	401.5034	593.8201	0
43	23	235.6029	279.7924	0
43	24	146.7131	47.33298	0
43	25	396.9455	419.1174	0
44	1	241.7273	374.0123	0
44	2	254.9152	84.50174	0
44	3	213.565	373.1997	0
44	4	160.5627	274.0419	0
44	5	380.6514	540.4863	0
44	6	337.3061	269.2237	0
44	7	313.5721	382.8784	0
44	8	390.0541	388.418	0
44	9	250.3987	50.03253	0
44	10	344.7206	485.3035	0
44	11	99.91917	-50.67889	0
44	12	98.48457	36.48895	0
44	13	162.2239	328.9433	0
44	14	232.4525	115.7573	0
44	15	175.285	50.68146	0
44	16	265.887	263.6562	0
44	17	203.6175	149.0186	0
44	18	181.7898	81.53644	0
44	19	372.8312	451.2141	0
44	20	346.1569	327.1152	0
44	21	375.7625	667.8233	0
44	22	401.4549	593.8058	0
44	23	235.5844	279.7427	0
44	24	146.6759	47.34879	0
44	25	397.0168	419.1282	0
44	26	279.5378	155.0009	0
45	1	241.7881	374.0201	0
45	2	254.9388	84.51831	0
45	3	213.5717	373.1983	0
45	4	160.571	274.0416	0
45	5	380.7308	540.4979	0
45	6	337.3163	269.2208	0
45	7	313.5312	382.8933	0
45	8	390.0191	388.3819	0
45	9	250.4892	50.04224	0
45	10	344.6834	485.3285	0
45	11	99.91908	-50.68359	0
45	12	98.42016	36.47238	0
45	13	162.1705	328.939	0
45	14	232.5013	115.7697	0
45	15	175.2893	50.67542	0
45	16	265.8493	263.6783	0
45	17	203.6193	149.005	0
45	18	181.7942	81.53082	0
45	19	372.8417	451.2133	0
45	20	346.1503	327.1063	0
45	21	375.8422	667.8331	0
45	22	401.4101	593.7999	0
45	23	235.5518	279.6974	0
45	24	146.6406	47.36923	0
45	25	397.098	419.1371	0
45	26	279.544	154.9932	0
45	27	309.2468	120.7137	0
46	1	241.8577	374.0276	0
46	2	254.9299	84.52167	0
46	3	213.5903	373.2018	0
46	4	160.5818	274.0425	0
46	5	380.8212	540.5076	0
46	6	337.3233	269.2144	0
46	7	313.4942	382.9102	0
46	8	389.9753	388.3495	0
46	9	250.591	50.05597	0
46	10	344.6494	485.3576	0
46	11	99.92911	-50.6828	0
46	12	98.36031	36.46313	0
46	13	162.1158	328.9474	0
46	14	232.5636	115.7808	0
46	15	175.2937	50.66861	0
46	16	265.8142	263.7065	0
46	17	203.6198	148.9926	0
46	18	181.7988	81.52487	0
46	19	372.8551	451.2145	0
46	20	346.1389	327.098	0
46	21	375.932	667.8442	0
46	22	401.3652	593.8066	0
46	23	235.5053	279.6564	0
46	24	146.6074	47.39505	0
46	25	397.1893	419.1482	0
46	26	279.5507	154.9854	0
46	27	309.2114	120.7436	0
47	1	241.9336	374.0383	0
47	2	254.9242	84.4765	0
47	3	213.6217	373.2104	0
47	4	160.5947	274.0435	0
47	5	380.9223	540.5198	0
47	6	337.3282	269.2068	0
47	7	313.4594	382.9316	0
47	8	389.923	388.3224	0
47	9	250.6972	50.07498	0
47	10	344.6206	485.3845	0
47	11	99.95132	-50.67731	0
47	12	98.29853	36.46753	0
47	13	162.0632	328.9611	0
47	14	232.6351	115.7894	0
47	15	175.2984	50.66119	0
47	16	265.7833	263.7338	0
47	17	203.6114	148.9812	0
47	18	181.8036	81.51849	0
47	19	372.8707	451.2148	0
47	20	346.1279	327.0893	0
47	21	376.0255	667.8587	0
47	22	401.3223	593.8201	0
47	23	235.4482	279.6202	0
47	24	146.5782	47.41922	0
47	25	397.2849	419.1633	0
47	26	279.5578	154.977	0
47	27	309.182	120.7708	0
47	28	300.9244	663.489	0
48	1	242.0121	374.0525	0
48	2	254.9054	84.43195	0
48	3	213.6643	373.2196	0
48	4	160.6063	274.0428	0
48	5	381.0275	540.5361	0
48	6	337.3329	269.1999	0
48	7	313.4269	382.9584	0
48	8	389.8701	388.3038	0
48	9	250.8069	50.10077	0
48	10	344.6015	485.4082	0
48	11	99.98632	-50.66742	0
48	12	98.23773	36.48029	0
48	13	162.0118	328.9713	0
48	14	232.717	115.7987	0
48	15	175.3016	50.65207	0
48	16	265.7612	263.7581	0
48	17	203.5967	148.9706	0
48	18	181.8078	81.51053	0
48	19	372.883	451.2128	0
48	20	346.1179	327.0797	0
48	21	376.1219	667.8781	0
48	22	401.2805	593.8302	0
48	23	235.3845	279.5919	0
48	24	146.5574	47.44064	0
48	25	397.3834	419.1837	0
48	26	279.564	154.9664	0
48	27	309.1628	120.7941	0
48	28	300.9341	663.4855	0
48	29	71.15074	39.80115	0
49	1	242.0918	374.0718	0
49	2	254.873	84.39166	0
49	3	213.717	373.2282	0
49	4	160.6154	274.0398	0
49	5	381.1359	540.5585	0
49	6	337.3376	269.1935	0
49	7	313.3988	382.9841	0
49	8	389.8164	388.2888	0
49	9	250.9118	50.13388	0
49	10	344.5894	485.4254	0
49	11	100.0327	-50.65759	0
49	12	98.17923	36.49002	0
49	13	161.961	328.9841	0
49	14	232.8056	115.8123	0
49	15	175.3019	50.64127	0
49	16	265.747	263.7771	0
49	17	203.5824	148.9598	0
49	18	181.8084	81.50082	0
49	19	372.8929	451.2076	0
49	20	346.1047	327.0681	0
49	21	376.214	667.9058	0
49	22	401.2385	593.8419	0
49	23	235.3208	279.5751	0
49	24	146.5436	47.45697	0
49	25	397.479	419.2117	0
49	26	279.5651	154.9534	0
49	27	309.1512	120.8104	0
49	28	300.9403	663.4781	0
49	29	71.09624	39.77036	0
49	30	82.19218	91.39786	0
50	1	242.1644	374.0975	0
50	2	254.8288	84.35535	0
50	3	213.7748	373.2357	0
50	4	160.6215	274.0334	0
50	5	381.2398	540.5898	0
50	6	337.3426	269.1872	0
50	7	313.3793	383.0069	0
50	8	389.767	388.2813	0
50	9	250.9997	50.16925	0
50	10	344.585	485.4341	0
50	11	100.0872	-50.64886	0
50	12	98.12045	36.5014	0
50	13	161.9111	328.9997	0
50	14	232.8972	115.8308	0
50	15	175.3025	50.63074	0
50	16	265.7404	263.7886	0
50	17	203.5693	148.9476	0
50	18	181.8098	81.49066	0
50	19	372.899	451.1989	0
50	20	346.0941	327.057	0
50	21	376.291	667.9409	0
50	22	401.1971	593.8553	0
50	23	235.2595	279.5587	0
50	24	146.5373	47.46664	0
50	25	397.5617	419.2462	0
50	26	279.5674	154.9394	0
50	27	309.1477	120.8189	0
50	28	300.9455	663.4698	0
50	29	71.03862	39.74786	0
50	30	82.19817	91.39011	0
50	31	419.1281	491.4897	0
51	1	242.2195	374.1245	0
51	2	254.7746	84.32349	0
51	3	213.8417	373.2439	0
51	4	160.6263	274.0263	0
51	5	381.3279	540.6288	0
51	6	337.348	269.1803	0
51	7	313.3668	383.0243	0
51	8	389.7176	388.2869	0
51	9	251.0543	50.19757	0
51	10	344.5864	485.4352	0
51	11	100.1484	-50.64185	0
51	12	98.06345	36.51666	0
51	13	161.8665	329.0168	0
51	14	232.9893	115.8551	0
51	15	175.3023	50.62088	0
51	16	265.7404	263.7923	0
51	17	203.5518	148.9327	0
51	18	181.8101	81.48141	0
51	19	372.9047	451.1907	0
51	20	346.0879	327.0468	0
51	21	376.3387	667.9705	0
51	22	401.1591	593.87	0
51	23	235.1999	279.5569	0
51	24	146.5372	47.4697	0
51	25	397.6155	419.2762	0
51	26	279.5674	154.9265	0
51	27	309.1503	120.8206	0
51	28	300.9502	663.463	0
51	29	70.98086	39.73361	0
51	30	82.20356	91.38269	0
51	31	419.0779	491.5037	0
51	32	25.69687	-53.06927	0
52	1	242.2488	374.1432	0
52	2	254.7159	84.29922	0
52	3	213.913	373.2552	0
52	4	160.6306	274.02	0
52	5	381.3827	540.6616	0
52	6	337.3534	269.1722	0
52	7	313.3615	383.0345	0
52	8	389.67	388.3	0
52	9	251.0713	50.21304	0
52	10	344.5914	485.434	0
52	11	100.2182	-50.63208	0
52	12	98.01101	36.5354	0
52	13	161.8249	329.0363	0
52	14	233.0724	115.885	0
52	15	175.2943	50.61197	0
52	16	265.7454	263.7924	0
52	17	203.5379	148.9191	0
52	18	181.805	81.47296	0
52	19	372.9102	451.1835	0
52	20	346.0871	327.0406	0
52	21	376.3523	667.9873	0
52	22	401.1244	593.8861	0
52	23	235.14	279.5676	0
52	24	146.5417	47.46942	0
52	25	397.6351	419.2932	0
52	26	279.5617	154.9147	0
52	27	309.1563	120.8204	0
52	28	300.9551	663.4568	0
52	29	70.92648	39.72232	0
52	30	82.20906	91.37579	0
52	31	419.0293	491.5146	0
52	32	25.66403	-53.0567	0
52	33	134.9561	-10.51648	0
53	1	242.249	374.1531	0
53	2	254.657	84.28513	0
53	3	213.9868	373.2701	0
53	4	160.6349	274.014	0
53	5	381.3994	540.6793	0
53	6	337.3547	269.1618	0
53	7	313.3619	383.0373	0
53	8	389.6241	388.3101	0
53	9	251.0618	50.20395	0
53	10	344.5975	485.4326	0
53	11	100.2915	-50.61835	0
53	12	97.96351	36.55548	0
53	13	161.786	329.0621	0
53	14	233.1337	115.9137	0
53	15	175.2826	50.60342	0
53	16	265.7515	263.7918	0
53	17	203.5296	148.9064	0
53	18	181.7941	81.46515	0
53	19	372.9163	451.1771	0
53	20	346.0979	327.0409	0
53	21	376.3432	667.9787	0
53	22	401.0915	593.9069	0
53	23	235.0829	279.5819	0
53	24	146.5471	47.46887	0
53	25	397.6264	419.2901	0
53	26	279.547	154.9039	0
53	27	309.1637	120.8204	0
53	28	300.9603	663.4512	0
53	29	70.8712	39.72379	0
53	30	82.2147	91.36816	0
53	31	418.9805	491.5273	0
53	32	25.63293	-53.04181	0
53	33	134.9613	-10.52325	0
53	34	221.3522	429.4847	0
54	1	242.2439	374.1279	0
54	2	254.6012	84.272	0
54	3	214.0593	373.2902	0
54	4	160.6393	274.0081	0
54	5	381.3901	540.6691	0
54	6	337.3562	269.1501	0
54	7	313.3668	383.037	0
54	8	389.5778	388.3215	0
54	9	251.0523	50.15466	0
54	10	344.6069	485.4317	0
54	11	100.3673	-50.60016	0
54	12	97.91842	36.58139	0
54	13	161.7502	329.0921	0
54	14	233.1648	115.9325	0
54	15	175.2714	50.5946	0
54	16	265.7602	263.7915	0
54	17	203.5284	148.8992	0
54	18	181.7834	81.45712	0
54	19	372.9228	451.1707	0
54	20	346.1223	327.0468	0
54	21	376.3335	667.9329	0
54	22	401.061	593.9327	0
54	23	235.0263	279.5929	0
54	24	146.555	47.46863	0
54	25	397.6184	419.2439	0
54	26	279.5322	154.8929	0
54	27	309.1743	120.8205	0
54	28	300.9659	663.4451	0
54	29	70.81581	39.73413	0
54	30	82.22065	91.36008	0
54	31	418.9327	491.5425	0
54	32	25.60382	-53.02216	0
54	33	134.9662	-10.52997	0
54	34	221.3589	429.4777	0
54	35	474.7174	598.0601	0
55	1	242.2327	374.091	0
55	2	254.5462	84.27197	0
55	3	214.1217	373.3151	0
55	4	160.6439	274.0016	0
55	5	381.3797	540.618	0
55	6	337.3557	269.1389	0
55	7	313.3725	383.0363	0
55	8	389.5323	388.3354	0
55	9	251.0293	50.10681	0
55	10	344.619	485.4326	0
55	11	100.4392	-50.57715	0
55	12	97.87598	36.6142	0
55	13	161.7197	329.1195	0
55	14	233.1621	115.9427	0
55	15	175.261	50.58453	0
55	16	265.7716	263.7924	0
55	17	203.5424	148.9	0
55	18	181.7737	81.44846	0
55	19	372.9296	451.1637	0
55	20	346.1605	327.0569	0
55	21	376.3119	667.8878	0
55	22	401.0349	593.957	0
55	23	234.9708	279.6074	0
55	24	146.5656	47.46942	0
55	25	397.598	419.1985	0
55	26	279.5186	154.8811	0
55	27	309.1876	120.822	0
55	28	300.9707	663.4366	0
55	29	70.76277	39.74402	0
55	30	82.22491	91.34961	0
55	31	418.8886	491.559	0
55	32	25.57723	-53.00061	0
55	33	134.9713	-10.5365	0
55	34	221.3655	429.4692	0
55	35	474.7043	598.0483	0
55	36	298.3963	433.0378	0
56	1	242.2117	374.0565	0
56	2	254.4914	84.28177	0
56	3	214.1637	373.3378	0
56	4	160.6485	273.9937	0
56	5	381.356	540.5679	0
56	6	337.3531	269.1285	0
56	7	313.3808	383.0359	0
56	8	389.49	388.3513	0
56	9	250.9906	50.06387	0
56	10	344.6335	485.4331	0
56	11	100.4977	-50.55365	0
56	12	97.83841	36.64493	0
56	13	161.6992	329.1434	0
56	14	233.157	115.9095	0
56	15	175.2474	50.57281	0
56	16	265.7856	263.7935	0
56	17	203.5743	148.9079	0
56	18	181.7611	81.43759	0
56	19	372.9346	451.1539	0
56	20	346.2109	327.0669	0
56	21	376.2768	667.847	0
56	22	401.017	593.9786	0
56	23	234.916	279.6252	0
56	24	146.5787	47.47012	0
56	25	397.5636	419.1577	0
56	26	279.5018	154.8662	0
56	27	309.2031	120.8227	0
56	28	300.9712	663.4254	0
56	29	70.70971	39.75339	0
56	30	82.22573	91.3371	0
56	31	418.8486	491.5777	0
56	32	25.55515	-52.98114	0
56	33	134.9765	-10.54364	0
56	34	221.3682	429.4577	0
56	35	474.6939	598.037	0
56	36	298.3686	433.0643	0
57	1	242.1796	374.0255	0
57	2	254.4392	84.29279	0
57	3	214.1812	373.3518	0
57	4	160.6492	273.9838	0
57	5	381.3166	540.5231	0
57	6	337.3417	269.1192	0
57	7	313.3917	383.0367	0
57	8	389.4517	388.3683	0
57	9	250.9403	50.02536	0
57	10	344.6455	485.4316	0
57	11	100.5332	-50.53534	0
57	12	97.81151	36.67221	0
57	13	161.6862	329.1606	0
57	14	233.1429	115.8678	0
57	15	175.2377	50.56262	0
57	16	265.7987	263.793	0
57	17	203.6242	148.922	0
57	18	181.7503	81.42722	0
57	19	372.9355	451.1416	0
57	20	346.2707	327.0762	0
57	21	376.2318	667.8099	0
57	22	401.0056	593.995	0
57	23	234.8679	279.6442	0
57	24	146.5905	47.46924	0
57	25	397.5181	419.1208	0
57	26	279.4859	154.8512	0
57	27	309.2154	120.8211	0
57	28	300.9726	663.4136	0
57	29	70.65819	39.76627	0
57	30	82.22712	91.32465	0
57	31	418.8109	491.6015	0
57	32	25.54045	-52.9649	0
57	33	134.982	-10.55151	0
57	34	221.3701	429.4442	0
57	35	474.6877	598.0263	0
57	36	298.3504	433.0873	0
57	37	237.1666	333.1056	0
58	1	242.1796	374.0255	0
58	2	254.4392	84.29279	0
58	3	214.1812	373.3518	0
58	4	160.6492	273.9838	0
58	5	381.3166	540.5231	0
58	6	337.3417	269.1192	0
58	7	313.3917	383.0367	0
58	8	389.4517	388.3683	0
58	9	250.9403	50.02536	0
58	10	344.6455	485.4316	0
58	11	100.5332	-50.53534	0
58	12	97.81151	36.67221	0
58	13	161.6862	329.1606	0
58	14	233.1429	115.8678	0
58	15	175.2377	50.56262	0
58	16	265.7987	263.793	0
58	17	203.6242	148.922	0
58	18	181.7503	81.42722	0
58	19	372.9355	451.1416	0
58	20	346.2707	327.0762	0
58	21	376.2318	667.8099	0
58	22	401.0056	593.995	0
58	23	234.8679	279.6442	0
58	24	146.5905	47.46924	0
58	25	397.5181	419.1208	0
58	26	279.4859	154.8512	0
58	27	309.2154	120.8211	0
58	28	300.9726	663.4136	0
58	29	70.65819	39.76627	0
58	30	82.22712	91.32465	0
58	31	418.8109	491.6015	0
58	32	25.54045	-52.9649	0
58	33	134.982	-10.55151	0
58	34	221.3701	429.4442	0
58	35	474.6877	598.0263	0
58	36	298.3504	433.0873	0
58	37	237.1666	333.1056	0
58	38	446.1536	454.5451	0
