17	1	411.2697	364.732	0
18	1	411.3559	364.7506	0
18	2	424.8063	81.40515	0
19	1	411.4379	364.776	0
19	2	424.7969	81.39395	0
19	3	383.4251	364.9501	0
20	1	411.5061	364.8057	0
20	2	424.7925	81.38577	0
20	3	383.4301	364.949	0
20	4	333.6465	267.7783	0
21	1	411.5477	364.83	0
21	2	424.7992	81.38403	0
21	3	383.4373	364.9483	0
21	4	333.6567	267.777	0
21	5	545.1932	521.7273	0
22	1	411.5595	364.8431	0
22	2	424.8213	81.38803	0
22	3	383.447	364.9488	0
22	4	333.6645	267.7731	0
22	5	545.1938	521.716	0
22	6	508.1545	262.0137	0
23	1	411.5522	364.8341	0
23	2	424.8605	81.39981	0
23	3	383.4588	364.9494	0
23	4	333.6695	267.7665	0
23	5	545.1941	521.7049	0
23	6	508.1434	262.0039	0
23	7	484.5988	373.4409	0
24	1	411.5443	364.7944	0
24	2	424.9144	81.4129	0
24	3	383.4695	364.9487	0
24	4	333.674	267.7601	0
24	5	545.1931	521.6938	0
24	6	508.1302	261.9942	0
24	7	484.5477	373.4357	0
24	8	555.5147	377.1392	0
25	1	411.526	364.7556	0
25	2	424.9824	81.42459	0
25	3	383.4778	364.9456	0
25	4	333.678	267.7542	0
25	5	545.1835	521.6843	0
25	6	508.1177	261.9844	0
25	7	484.4962	373.443	0
25	8	555.5276	377.1405	0
25	9	419.9598	49.3367	0
26	1	411.4952	364.7209	0
26	2	425.0595	81.43329	0
26	3	383.4834	364.9396	0
26	4	333.6822	267.7489	0
26	5	545.171	521.6749	0
26	6	508.1049	261.9721	0
26	7	484.4471	373.4559	0
26	8	555.5414	377.1406	0
26	9	419.954	49.29984	0
27	1	411.4554	364.6897	0
27	2	425.1477	81.44379	0
27	3	383.4879	364.9329	0
27	4	333.6865	267.7435	0
27	5	545.1591	521.6649	0
27	6	508.0889	261.9581	0
27	7	484.3989	373.4657	0
27	8	555.5521	377.1384	0
27	9	419.9383	49.2536	0
27	10	510.2505	472.6591	0
28	1	411.4071	364.6631	0
28	2	425.2419	81.45914	0
28	3	383.4921	364.9271	0
28	4	333.6911	267.7377	0
28	5	545.1476	521.6535	0
28	6	508.0782	261.9463	0
28	7	484.3513	373.4781	0
28	8	555.5603	377.1332	0
28	9	419.9095	49.21066	0
28	10	510.2558	472.6579	0
28	11	269.5179	-54.17297	0
29	1	411.3573	364.6441	0
29	2	425.3393	81.48001	0
29	3	383.4964	364.9218	0
29	4	333.6951	267.7301	0
29	5	545.1328	521.64	0
29	6	508.0722	261.936	0
29	7	484.3044	373.4927	0
29	8	555.5653	377.1252	0
29	9	419.8669	49.17221	0
29	10	510.2639	472.6571	0
29	11	269.494	-54.14972	0
29	12	275.4217	38.34116	0
30	1	411.3067	364.6301	0
30	2	425.4361	81.50702	0
30	3	383.5009	364.9167	0
30	4	333.6956	267.7206	0
30	5	545.1225	521.6279	0
30	6	508.0753	261.932	0
30	7	484.2624	373.5089	0
30	8	555.5701	377.1181	0
30	9	419.8142	49.13806	0
30	10	510.2746	472.6577	0
30	11	269.478	-54.13165	0
30	12	275.5113	38.37039	0
30	13	336.1238	319.9345	0
31	1	411.2599	364.6211	0
31	2	425.5217	81.53906	0
31	3	383.5057	364.9114	0
31	4	333.6969	267.7108	0
31	5	545.1168	521.6166	0
31	6	508.0936	261.9346	0
31	7	484.2234	373.5276	0
31	8	555.5747	377.1115	0
31	9	419.754	49.1102	0
31	10	510.2877	472.6583	0
31	11	269.4701	-54.12048	0
31	12	275.5833	38.40057	0
31	13	336.1132	319.924	0
31	14	405.1574	114.0634	0
32	1	411.2126	364.6247	0
32	2	425.5818	81.56808	0
32	3	383.5103	364.9046	0
32	4	333.6971	267.7014	0
32	5	545.1187	521.6108	0
32	6	508.1286	261.9445	0
32	7	484.187	373.552	0
32	8	555.5797	377.1056	0
32	9	419.6936	49.09415	0
32	10	510.2985	472.6571	0
32	11	269.4693	-54.11621	0
32	12	275.6253	38.42365	0
32	13	336.1012	319.9123	0
32	14	405.1622	114.0627	0
32	15	349.4872	49.63568	0
33	1	411.1662	364.6364	0
33	2	425.6098	81.58591	0
33	3	383.5113	364.8957	0
33	4	333.6919	267.693	0
33	5	545.1344	521.6124	0
33	6	508.1785	261.9571	0
33	7	484.1537	373.5806	0
33	8	555.5853	377.0992	0
33	9	419.6346	49.07883	0
33	10	510.3072	472.6534	0
33	11	269.4738	-54.11609	0
33	12	275.6349	38.43594	0
33	13	336.0937	319.9025	0
33	14	405.1689	114.0623	0
33	15	349.4903	49.62723	0
33	16	434.0997	256.2376	0
34	1	411.1216	364.6465	0
34	2	425.6016	81.59641	0
34	3	383.513	364.8857	0
34	4	333.6812	267.6852	0
34	5	545.1655	521.6204	0
34	6	508.2428	261.9684	0
34	7	484.1255	373.6072	0
34	8	555.5908	377.0917	0
34	9	419.5783	49.07486	0
34	10	510.3127	472.6465	0
34	11	269.4796	-54.11652	0
34	12	275.6272	38.42188	0
34	13	336.0903	319.8943	0
34	14	405.1784	114.0626	0
34	15	349.4906	49.61725	0
34	16	434.0994	256.2282	0
34	17	375.5385	149.8022	0
35	1	411.0768	364.6567	0
35	2	425.5977	81.55246	0
35	3	383.5129	364.8764	0
35	4	333.6707	267.6772	0
35	5	545.2108	521.6313	0
35	6	508.3171	261.9777	0
35	7	484.1067	373.6304	0
35	8	555.5938	377.082	0
35	9	419.5214	49.08237	0
35	10	510.3175	472.6395	0
35	11	269.4878	-54.11664	0
35	12	275.618	38.37955	0
35	13	336.0949	319.8912	0
35	14	405.1902	114.0635	0
35	15	349.4911	49.60739	0
35	16	434.0972	256.2193	0
35	17	375.5426	149.7963	0
35	18	355.8016	80.19815	0
36	1	411.0331	364.6696	0
36	2	425.581	81.50854	0
36	3	383.5102	364.8676	0
36	4	333.6611	267.6685	0
36	5	545.2697	521.6415	0
36	6	508.402	261.9871	0
36	7	484.0951	373.6473	0
36	8	555.5945	377.0704	0
36	9	419.4669	49.09442	0
36	10	510.3221	472.6334	0
36	11	269.4991	-54.11584	0
36	12	275.5976	38.33868	0
36	13	336.1117	319.8938	0
36	14	405.2023	114.0632	0
36	15	349.491	49.59827	0
36	16	434.0876	256.2115	0
36	17	375.5467	149.7906	0
36	18	355.7675	80.17154	0
37	1	410.992	364.6843	0
37	2	425.5515	81.46848	0
37	3	383.5	364.8599	0
37	4	333.6488	267.6575	0
37	5	545.337	521.6516	0
37	6	508.4941	262.0005	0
37	7	484.091	373.6563	0
37	8	555.5948	377.0591	0
37	9	419.4134	49.10321	0
37	10	510.3269	472.6279	0
37	11	269.5128	-54.11487	0
37	12	275.5633	38.30219	0
37	13	336.1423	319.9022	0
37	14	405.2116	114.0606	0
37	15	349.4837	49.58997	0
37	16	434.077	256.2033	0
37	17	375.5511	149.7844	0
37	18	355.7264	80.1488	0
37	19	537.1292	434.2281	0
38	1	410.9552	364.7001	0
38	2	425.5095	81.43243	0
38	3	383.4895	364.8519	0
38	4	333.6383	267.6468	0
38	5	545.4142	521.6606	0
38	6	508.5892	262.0186	0
38	7	484.0929	373.658	0
38	8	555.5936	377.0481	0
38	9	419.3605	49.11508	0
38	10	510.3322	472.6227	0
38	11	269.5261	-54.1156	0
38	12	275.5195	38.26947	0
38	13	336.185	319.9122	0
38	14	405.2184	114.0549	0
38	15	349.4728	49.58206	0
38	16	434.0671	256.1949	0
38	17	375.5556	149.7776	0
38	18	355.6847	80.13251	0
38	19	537.133	434.2222	0
38	20	515.2209	320.6821	0
39	1	410.9202	364.72	0
39	2	425.4578	81.40051	0
39	3	383.4798	364.8436	0
39	4	333.632	267.6371	0
39	5	545.4991	521.6722	0
39	6	508.6855	262.0429	0
39	7	484.0984	373.6575	0
39	8	555.5837	377.0384	0
39	9	419.3083	49.13086	0
39	10	510.3379	472.6172	0
39	11	269.5364	-54.11902	0
39	12	275.4662	38.24161	0
39	13	336.2396	319.9216	0
39	14	405.2231	114.0478	0
39	15	349.4624	49.57388	0
39	16	434.0564	256.1846	0
39	17	375.5589	149.769	0
39	18	355.641	80.12122	0
39	19	537.1366	434.2168	0
39	20	515.223	320.67	0
39	21	543.2909	654.6906	0
40	1	410.8873	364.7458	0
40	2	425.4005	81.37543	0
40	3	383.4685	364.8329	0
40	4	333.6307	267.6311	0
40	5	545.5869	521.6872	0
40	6	508.7735	262.0743	0
40	7	484.105	373.6569	0
40	8	555.5709	377.0289	0
40	9	419.2618	49.14859	0
40	10	510.3426	472.6095	0
40	11	269.5435	-54.12604	0
40	12	275.4121	38.22256	0
40	13	336.2994	319.9298	0
40	14	405.2278	114.0415	0
40	15	349.4527	49.56458	0
40	16	434.0444	256.1731	0
40	17	375.5591	149.7587	0
40	18	355.5999	80.11356	0
40	19	537.1401	434.2119	0
40	20	515.2231	320.6588	0
40	21	543.2452	654.7098	0
40	22	572.0858	584.6285	0
41	1	410.8582	364.7711	0
41	2	425.3431	81.36139	0
41	3	383.4568	364.8214	0
41	4	333.64	267.631	0
41	5	545.6763	521.7078	0
41	6	508.8406	262.106	0
41	7	484.1145	373.6566	0
41	8	555.5588	377.019	0
41	9	419.2182	49.16876	0
41	10	510.3434	472.5996	0
41	11	269.549	-54.13391	0
41	12	275.3573	38.2085	0
41	13	336.3692	319.9381	0
41	14	405.2323	114.0356	0
41	15	349.4401	49.55371	0
41	16	434.037	256.1637	0
41	17	375.5598	149.7485	0
41	18	355.5583	80.11539	0
41	19	537.1438	434.2076	0
41	20	515.2205	320.6481	0
41	21	543.2018	654.7332	0
41	22	572.0494	584.661	0
41	23	406.826	272.7159	0
42	1	410.8369	364.7937	0
42	2	425.2879	81.34735	0
42	3	383.4495	364.8117	0
42	4	333.6619	267.6359	0
42	5	545.7592	521.7361	0
42	6	508.876	262.1277	0
42	7	484.1266	373.6577	0
42	8	555.547	377.0074	0
42	9	419.1774	49.19583	0
42	10	510.3452	472.5891	0
42	11	269.5542	-54.14093	0
42	12	275.3064	38.20038	0
42	13	336.4449	319.9495	0
42	14	405.2371	114.03	0
42	15	349.431	49.54419	0
42	16	434.0336	256.1561	0
42	17	375.5597	149.7389	0
42	18	355.5172	80.12354	0
42	19	537.1479	434.2029	0
42	20	515.2088	320.6387	0
42	21	543.1613	654.7643	0
42	22	572.0197	584.6906	0
42	23	406.8183	272.7057	0
42	24	319.774	42.78012	0
43	1	410.8229	364.8116	0
43	2	425.2343	81.34564	0
43	3	383.4464	364.8043	0
43	4	333.6975	267.6459	0
43	5	545.8246	521.7676	0
43	6	508.8756	262.1392	0
43	7	484.1409	373.6584	0
43	8	555.5319	376.9939	0
43	9	419.1401	49.2265	0
43	10	510.3452	472.5789	0
43	11	269.5594	-54.14764	0
43	12	275.2538	38.20392	0
43	13	336.5234	319.9645	0
43	14	405.2423	114.0237	0
43	15	349.426	49.53537	0
43	16	434.0386	256.1537	0
43	17	375.5523	149.7302	0
43	18	355.4779	80.13043	0
43	19	537.1521	434.1974	0
43	20	515.196	320.6292	0
43	21	543.1252	654.7971	0
43	22	572.0005	584.7162	0
43	23	406.815	272.6982	0
43	24	319.7259	42.79639	0
43	25	560.5368	404.8661	0
44	1	410.816	364.8226	0
44	2	425.1806	81.35419	0
44	3	383.4525	364.8026	0
44	4	333.7449	267.6556	0
44	5	545.8607	521.791	0
44	6	508.8694	262.1074	0
44	7	484.1528	373.6572	0
44	8	555.5215	376.9821	0
44	9	419.1086	49.25403	0
44	10	510.3402	472.5696	0
44	11	269.5646	-54.15466	0
44	12	275.2021	38.21472	0
44	13	336.6023	319.9847	0
44	14	405.2474	114.0166	0
44	15	349.4269	49.53101	0
44	16	434.0556	256.1565	0
44	17	375.541	149.722	0
44	18	355.4386	80.13803	0
44	19	537.1542	434.1902	0
44	20	515.184	320.6193	0
44	21	543.097	654.8265	0
44	22	571.9892	584.7338	0
44	23	406.8217	272.6967	0
44	24	319.683	42.81436	0
44	25	560.5264	404.8584	0
44	26	449.1952	149.524	0
45	1	410.8152	364.826	0
45	2	425.1295	81.36548	0
45	3	383.4709	364.8058	0
45	4	333.8023	267.6643	0
45	5	545.8639	521.8042	0
45	6	508.855	262.0629	0
45	7	484.1622	373.6534	0
45	8	555.5157	376.9712	0
45	9	419.0877	49.27783	0
45	10	510.3289	472.5613	0
45	11	269.57	-54.16248	0
45	12	275.1523	38.22314	0
45	13	336.6724	320.0106	0
45	14	405.2497	114.0076	0
45	15	349.4393	49.53235	0
45	16	434.0864	256.1651	0
45	17	375.5302	149.7134	0
45	18	355.4005	80.1481	0
45	19	537.1548	434.1816	0
45	20	515.1708	320.6068	0
45	21	543.0789	654.8516	0
45	22	571.9857	584.7416	0
45	23	406.8418	272.7003	0
45	24	319.6425	42.83698	0
45	25	560.5162	404.8503	0
45	26	449.2981	149.5421	0
45	27	476.7856	117.1074	0
46	1	410.8191	364.8254	0
46	2	425.0785	81.37424	0
46	3	383.5031	364.8149	0
46	4	333.8676	267.6714	0
46	5	545.8566	521.7815	0
46	6	508.8288	262.0215	0
46	7	484.1681	373.6459	0
46	8	555.5178	376.9659	0
46	9	419.0746	49.29462	0
46	10	510.3177	472.5526	0
46	11	269.5756	-54.17102	0
46	12	275.1022	38.23273	0
46	13	336.7229	320.0359	0
46	14	405.2511	113.9971	0
46	15	349.4648	49.53906	0
46	16	434.1289	256.1751	0
46	17	375.5202	149.7038	0
46	18	355.3649	80.16037	0
46	19	537.155	434.1732	0
46	20	515.1557	320.5929	0
46	21	543.0688	654.868	0
46	22	571.9884	584.7416	0
46	23	406.8767	272.7104	0
46	24	319.6044	42.86597	0
46	25	560.5069	404.8415	0
46	26	449.404	149.5668	0
46	27	476.7905	117.101	0
47	1	410.8242	364.8242	0
47	2	425.0286	81.38623	0
47	3	383.547	364.8247	0
47	4	333.9415	267.6806	0
47	5	545.8443	521.7394	0
47	6	508.789	261.9842	0
47	7	484.1731	373.6382	0
47	8	555.534	376.9678	0
47	9	419.0701	49.30338	0
47	10	510.3072	472.5432	0
47	11	269.5774	-54.1817	0
47	12	275.0538	38.24557	0
47	13	336.7479	320.053	0
47	14	405.2516	113.9872	0
47	15	349.5034	49.54959	0
47	16	434.1829	256.1844	0
47	17	375.5071	149.6923	0
47	18	355.333	80.17398	0
47	19	537.1542	434.1649	0
47	20	515.1459	320.5812	0
47	21	543.0664	654.874	0
47	22	571.994	584.7397	0
47	23	406.9241	272.7212	0
47	24	319.5706	42.89444	0
47	25	560.4949	404.8307	0
47	26	449.5046	149.5989	0
47	27	476.7951	117.0948	0
47	28	469.8956	640.9535	0
48	1	410.8315	364.8234	0
48	2	424.9793	81.40179	0
48	3	383.6019	364.8336	0
48	4	334.0189	267.6933	0
48	5	545.8212	521.699	0
48	6	508.7398	261.951	0
48	7	484.1777	373.6315	0
48	8	555.5659	376.9763	0
48	9	419.0721	49.30499	0
48	10	510.2941	472.5313	0
48	11	269.5793	-54.19391	0
48	12	275.0091	38.26154	0
48	13	336.7438	320.0632	0
48	14	405.2507	113.978	0
48	15	349.5539	49.55957	0
48	16	434.2423	256.1924	0
48	17	375.4975	149.6822	0
48	18	355.3029	80.1911	0
48	19	537.1468	434.1577	0
48	20	515.1409	320.5719	0
48	21	543.07	654.8733	0
48	22	572.0012	584.7382	0
48	23	406.9835	272.7308	0
48	24	319.5456	42.91995	0
48	25	560.4847	404.8201	0
48	26	449.5882	149.6337	0
48	27	476.8001	117.0891	0
48	28	469.8985	640.949	0
48	29	247.584	38.5379	0
49	1	410.8416	364.8236	0
49	2	424.9361	81.41879	0
49	3	383.6642	364.8407	0
49	4	334.0989	267.7106	0
49	5	545.7854	521.6624	0
49	6	508.6833	261.924	0
49	7	484.1825	373.6252	0
49	8	555.6124	376.9878	0
49	9	419.0779	49.30444	0
49	10	510.282	472.5191	0
49	11	269.5796	-54.2049	0
49	12	274.9686	38.27859	0
49	13	336.7393	320.0336	0
49	14	405.2414	113.9698	0
49	15	349.6121	49.5683	0
49	16	434.3113	256.2007	0
49	17	375.4921	149.6726	0
49	18	355.2746	80.21295	0
49	19	537.1372	434.1506	0
49	20	515.1462	320.5691	0
49	21	543.0758	654.8712	0
49	22	572.0122	584.7373	0
49	23	407.0507	272.7384	0
49	24	319.5292	42.93985	0
49	25	560.4786	404.8105	0
49	26	449.6387	149.6613	0
49	27	476.8054	117.0828	0
49	28	469.914	640.9507	0
49	29	247.5665	38.49606	0
49	30	258.0785	90.27063	0
50	1	410.8542	364.8246	0
50	2	424.895	81.43878	0
50	3	383.7353	364.8488	0
50	4	334.1758	267.7336	0
50	5	545.7413	521.6296	0
50	6	508.6264	261.9073	0
50	7	484.1876	373.619	0
50	8	555.6726	376.9985	0
50	9	419.0849	49.30399	0
50	10	510.2745	472.5082	0
50	11	269.578	-54.2149	0
50	12	274.9303	38.30042	0
50	13	336.7272	319.9974	0
50	14	405.2302	113.9616	0
50	15	349.6784	49.57602	0
50	16	434.3857	256.2122	0
50	17	375.4928	149.6676	0
50	18	355.2497	80.23422	0
50	19	537.1282	434.1431	0
50	20	515.1664	320.5722	0
50	21	543.0837	654.8695	0
50	22	572.0262	584.7385	0
50	23	407.1274	272.7474	0
50	24	319.5211	42.95233	0
50	25	560.4775	404.8044	0
50	26	449.6523	149.6759	0
50	27	476.8109	117.0761	0
50	28	469.9436	640.9586	0
50	29	247.5357	38.45834	0
50	30	258.076	90.26288	0
50	31	584.3	474.5369	0
51	1	410.8664	364.824	0
51	2	424.8564	81.4657	0
51	3	383.8111	364.8603	0
51	4	334.2402	267.7604	0
51	5	545.6901	521.6025	0
51	6	508.5703	261.8919	0
51	7	484.1931	373.612	0
51	8	555.7413	377.0085	0
51	9	419.0955	49.3038	0
51	10	510.2719	472.5007	0
51	11	269.5668	-54.22424	0
51	12	274.8942	38.32831	0
51	13	336.7051	319.9636	0
51	14	405.2196	113.9534	0
51	15	349.7528	49.58676	0
51	16	434.4628	256.2276	0
51	17	375.5052	149.6688	0
51	18	355.2314	80.25323	0
51	19	537.1193	434.1344	0
51	20	515.2031	320.5828	0
51	21	543.0953	654.8689	0
51	22	572.0424	584.7387	0
51	23	407.209	272.7602	0
51	24	319.5207	42.95728	0
51	25	560.4869	404.8042	0
51	26	449.6435	149.663	0
51	27	476.8147	117.0674	0
51	28	469.9858	640.9683	0
51	29	247.494	38.42438	0
51	30	258.0843	90.26144	0
51	31	584.2914	474.4983	0
51	32	195.9796	-62.29993	0
52	1	410.8759	364.8212	0
52	2	424.8215	81.4946	0
52	3	383.8895	364.8757	0
52	4	334.2806	267.7831	0
52	5	545.6386	521.5837	0
52	6	508.5176	261.8874	0
52	7	484.1978	373.6031	0
52	8	555.8201	377.0178	0
52	9	419.1089	49.30508	0
52	10	510.2805	472.4998	0
52	11	269.5542	-54.23346	0
52	12	274.8622	38.35452	0
52	13	336.6728	319.9329	0
52	14	405.2089	113.9431	0
52	15	349.8302	49.60138	0
52	16	434.5397	256.248	0
52	17	375.5313	149.6755	0
52	18	355.2196	80.26797	0
52	19	537.1082	434.1242	0
52	20	515.2539	320.5948	0
52	21	543.1101	654.8702	0
52	22	572.0549	584.7365	0
52	23	407.2933	272.7774	0
52	24	319.5258	42.95776	0
52	25	560.5087	404.8092	0
52	26	449.6332	149.615	0
52	27	476.8156	117.0569	0
52	28	470.0401	640.9771	0
52	29	247.4428	38.39478	0
52	30	258.1071	90.26578	0
52	31	584.2725	474.4608	0
52	32	195.9422	-62.33978	0
52	33	309.6706	-5.652832	0
53	1	410.8825	364.8151	0
53	2	424.793	81.52036	0
53	3	383.9669	364.8965	0
53	4	334.2942	267.7956	0
53	5	545.5851	521.5682	0
53	6	508.4646	261.8952	0
53	7	484.1982	373.5919	0
53	8	555.9067	377.0301	0
53	9	419.1249	49.30551	0
53	10	510.3029	472.5044	0
53	11	269.5425	-54.24268	0
53	12	274.8392	38.37784	0
53	13	336.6331	319.9056	0
53	14	405.1955	113.9315	0
53	15	349.9098	49.621	0
53	16	434.6081	256.2736	0
53	17	375.5708	149.6861	0
53	18	355.214	80.27716	0
53	19	537.1004	434.1153	0
53	20	515.3187	320.6057	0
53	21	543.1259	654.8701	0
53	22	572.0651	584.7313	0
53	23	407.3765	272.8004	0
53	24	319.5325	42.9577	0
53	25	560.5432	404.8184	0
53	26	449.6098	149.5686	0
53	27	476.8168	117.0465	0
53	28	470.1028	640.985	0
53	29	247.3878	38.37271	0
53	30	258.1464	90.27707	0
53	31	584.2416	474.4272	0
53	32	195.8943	-62.37561	0
53	33	309.6285	-5.645935	0
53	34	394.3399	415.2774	0
54	1	410.8875	364.8077	0
54	2	424.7743	81.54221	0
54	3	384.0345	364.923	0
54	4	334.2872	267.7914	0
54	5	545.5356	521.5613	0
54	6	508.4142	261.9083	0
54	7	484.1994	373.5802	0
54	8	555.9962	377.0462	0
54	9	419.1379	49.30371	0
54	10	510.3396	472.5145	0
54	11	269.5299	-54.25452	0
54	12	274.8239	38.39578	0
54	13	336.5882	319.8835	0
54	14	405.1866	113.922	0
54	15	349.984	49.64557	0
54	16	434.6571	256.2978	0
54	17	375.6228	149.6962	0
54	18	355.2138	80.28058	0
54	19	537.0962	434.1071	0
54	20	515.3925	320.6144	0
54	21	543.1381	654.8673	0
54	22	572.0712	584.7222	0
54	23	407.4492	272.8287	0
54	24	319.5415	42.95782	0
54	25	560.5891	404.8274	0
54	26	449.5711	149.5269	0
54	27	476.8169	117.037	0
54	28	470.1745	640.9927	0
54	29	247.3331	38.35938	0
54	30	258.1997	90.2894	0
54	31	584.2023	474.3969	0
54	32	195.8358	-62.40619	0
54	33	309.5875	-5.63623	0
54	34	394.4195	415.2944	0
54	35	643.6407	588.0078	0
55	1	410.8922	364.8013	0
55	2	424.7632	81.55698	0
55	3	384.0811	364.948	0
55	4	334.2812	267.755	0
55	5	545.4858	521.5681	0
55	6	508.3644	261.918	0
55	7	484.199	373.5689	0
55	8	556.0873	377.068	0
55	9	419.1481	49.29807	0
55	10	510.3888	472.5244	0
55	11	269.5154	-54.26727	0
55	12	274.8167	38.40649	0
55	13	336.5434	319.8699	0
55	14	405.1818	113.9136	0
55	15	350.043	49.67059	0
55	16	434.6809	256.3136	0
55	17	375.6829	149.7053	0
55	18	355.2178	80.28082	0
55	19	537.0979	434.103	0
55	20	515.4769	320.624	0
55	21	543.1475	654.8615	0
55	22	572.0768	584.7137	0
55	23	407.4989	272.8548	0
55	24	319.5536	42.95886	0
55	25	560.6438	404.8361	0
55	26	449.5215	149.4896	0
55	27	476.8094	117.0283	0
55	28	470.2523	641.0028	0
55	29	247.2811	38.34787	0
55	30	258.2661	90.30081	0
55	31	584.155	474.3712	0
55	32	195.7762	-62.42706	0
55	33	309.548	-5.623779	0
55	34	394.4953	415.3177	0
55	35	643.6281	587.9941	0
55	36	466.3325	420.1126	0
56	1	410.897	364.7952	0
56	2	424.7599	81.56421	0
56	3	384.1019	364.9632	0
56	4	334.2652	267.7194	0
56	5	545.4382	521.5817	0
56	6	508.3151	261.9302	0
56	7	484.1927	373.5586	0
56	8	556.1716	377.097	0
56	9	419.1545	49.28925	0
56	10	510.4492	472.5336	0
56	11	269.5063	-54.27753	0
56	12	274.8164	38.41006	0
56	13	336.4981	319.8572	0
56	14	405.1846	113.9105	0
56	15	350.077	49.68927	0
56	16	434.6757	256.3235	0
56	17	375.7513	149.7133	0
56	18	355.2227	80.28067	0
56	19	537.1101	434.1044	0
56	20	515.5674	320.6375	0
56	21	543.1536	654.8522	0
56	22	572.0823	584.7063	0
56	23	407.5207	272.8705	0
56	24	319.5683	42.96008	0
56	25	560.7055	404.8436	0
56	26	449.4616	149.4576	0
56	27	476.7979	117.0201	0
56	28	470.3326	641.016	0
56	29	247.2288	38.34857	0
56	30	258.3382	90.30978	0
56	31	584.1064	474.3531	0
56	32	195.716	-62.44202	0
56	33	309.5133	-5.609924	0
56	34	394.5582	415.3454	0
56	35	643.6204	587.9811	0
56	36	466.2989	420.1327	0
57	1	410.9021	364.7899	0
57	2	424.7626	81.565	0
57	3	384.095	364.9702	0
57	4	334.2379	267.6874	0
57	5	545.392	521.5922	0
57	6	508.2662	261.9454	0
57	7	484.1801	373.5492	0
57	8	556.2379	377.128	0
57	9	419.1603	49.28122	0
57	10	510.518	472.5412	0
57	11	269.5019	-54.28564	0
57	12	274.8213	38.40991	0
57	13	336.4545	319.8539	0
57	14	405.2	113.9128	0
57	15	350.0833	49.70004	0
57	16	434.6715	256.292	0
57	17	375.8281	149.7242	0
57	18	355.2296	80.2807	0
57	19	537.1342	434.1108	0
57	20	515.6606	320.6557	0
57	21	543.1592	654.8438	0
57	22	572.0884	584.7001	0
57	23	407.5131	272.8768	0
57	24	319.5826	42.95975	0
57	25	560.7752	404.8526	0
57	26	449.3999	149.4353	0
57	27	476.7867	117.0117	0
57	28	470.4138	641.0345	0
57	29	247.176	38.35797	0
57	30	258.4224	90.32034	0
57	31	584.0571	474.3391	0
57	32	195.6599	-62.45105	0
57	33	309.4804	-5.593079	0
57	34	394.5963	415.3682	0
57	35	643.6206	587.9741	0
57	36	466.2676	420.1583	0
57	37	406.8978	323.7564	0
58	1	410.9075	364.7841	0
58	2	424.768	81.56427	0
58	3	384.0916	364.9338	0
58	4	334.202	267.6585	0
58	5	545.3458	521.6046	0
58	6	508.2223	261.9623	0
58	7	484.1675	373.5392	0
58	8	556.2745	377.1506	0
58	9	419.1657	49.27359	0
58	10	510.5955	472.5503	0
58	11	269.507	-54.28772	0
58	12	274.8272	38.4093	0
58	13	336.4101	319.8605	0
58	14	405.2297	113.9214	0
58	15	350.0764	49.68674	0
58	16	434.6586	256.2565	0
58	17	375.9081	149.7388	0
58	18	355.2386	80.28146	0
58	19	537.169	434.1193	0
58	20	515.754	320.6801	0
58	21	543.1649	654.8364	0
58	22	572.095	584.6939	0
58	23	407.5091	272.8379	0
58	24	319.5937	42.95673	0
58	25	560.848	404.8646	0
58	26	449.3374	149.4191	0
58	27	476.7764	117.002	0
58	28	470.488	641.0613	0
58	29	247.1255	38.36771	0
58	30	258.5126	90.33533	0
58	31	584.0117	474.3307	0
58	32	195.6015	-62.44769	0
58	33	309.4496	-5.570923	0
58	34	394.6071	415.3805	0
58	35	643.6365	587.9753	0
58	36	466.2403	420.1827	0
58	37	406.8624	323.7842	0
58	38	614.1846	441.7314	0
59	1	410.9128	364.777	0
59	2	424.775	81.56384	0
59	3	384.0778	364.8977	0
59	4	334.1581	267.6335	0
59	5	545.3005	521.6191	0
59	6	508.1815	261.9813	0
59	7	484.1561	373.5285	0
59	8	556.2773	377.1635	0
59	9	419.1714	49.26639	0
59	10	510.6769	472.5628	0
59	11	269.5265	-54.28442	0
59	12	274.8357	38.409	0
59	13	336.3676	319.8711	0
59	14	405.2721	113.9325	0
59	15	350.0677	49.65134	0
59	16	434.636	256.2238	0
59	17	375.9903	149.7584	0
59	18	355.2497	80.28235	0
59	19	537.2141	434.1272	0
59	20	515.8378	320.7115	0
59	21	543.1711	654.8304	0
59	22	572.1018	584.687	0
59	23	407.4941	272.7994	0
59	24	319.6014	42.9498	0
59	25	560.923	404.8807	0
59	26	449.2796	149.409	0
59	27	476.7625	116.9905	0
59	28	470.5441	641.0908	0
59	29	247.0751	38.37637	0
59	30	258.6063	90.35541	0
59	31	583.9666	474.3351	0
59	32	195.5436	-62.43665	0
59	33	309.422	-5.547852	0
59	34	394.6003	415.372	0
59	35	643.6696	587.9837	0
59	36	466.221	420.2043	0
59	37	406.8311	323.8112	0
59	38	614.1376	441.7455	0
59	39	329.154	95.34042	0
60	1	410.9146	364.7676	0
60	2	424.7855	81.56384	0
60	3	384.0536	364.865	0
60	4	334.1119	267.6154	0
60	5	545.2591	521.6348	0
60	6	508.143	262.0066	0
60	7	484.1417	373.5154	0
60	8	556.2699	377.1398	0
60	9	419.1775	49.25854	0
60	10	510.7609	472.5797	0
60	11	269.5623	-54.27362	0
60	12	274.8473	38.40991	0
60	13	336.3259	319.8792	0
60	14	405.3269	113.9424	0
60	15	350.0495	49.61719	0
60	16	434.6034	256.1939	0
60	17	376.0674	149.7836	0
60	18	355.2602	80.28204	0
60	19	537.2654	434.1348	0
60	20	515.8986	320.7421	0
60	21	543.178	654.8246	0
60	22	572.1066	584.677	0
60	23	407.4677	272.7645	0
60	24	319.607	42.94153	0
60	25	560.995	404.9026	0
60	26	449.2213	149.4129	0
60	27	476.752	116.9803	0
60	28	470.5735	641.1114	0
60	29	247.0261	38.38843	0
60	30	258.6986	90.38162	0
60	31	583.9231	474.3473	0
60	32	195.488	-62.4281	0
60	33	309.4	-5.527161	0
60	34	394.593	415.3352	0
60	35	643.7184	587.996	0
60	36	466.2085	420.2211	0
60	37	406.8083	323.8353	0
60	38	614.0922	441.7615	0
60	39	329.0999	95.32614	0
60	40	381.1993	-4.715454	0
61	1	410.9164	364.7567	0
61	2	424.7986	81.565	0
61	3	384.0197	364.8354	0
61	4	334.0655	267.6031	0
61	5	545.2213	521.6527	0
61	6	508.1078	262.036	0
61	7	484.1292	373.5023	0
61	8	556.2571	377.0973	0
61	9	419.1839	49.25024	0
61	10	510.8425	472.6031	0
61	11	269.6125	-54.26068	0
61	12	274.8613	38.41068	0
61	13	336.2848	319.8896	0
61	14	405.39	113.9503	0
61	15	350.0201	49.58646	0
61	16	434.5635	256.1674	0
61	17	376.1292	149.8102	0
61	18	355.2684	80.27966	0
61	19	537.3243	434.1417	0
61	20	515.9283	320.7616	0
61	21	543.1849	654.8173	0
61	22	572.1075	584.6643	0
61	23	407.4309	272.7329	0
61	24	319.6122	42.93414	0
61	25	561.0558	404.9287	0
61	26	449.1644	149.4258	0
61	27	476.7456	116.9706	0
61	28	470.5729	641.1221	0
61	29	246.9792	38.4039	0
61	30	258.7776	90.41196	0
61	31	583.8812	474.3575	0
61	32	195.4322	-62.41809	0
61	33	309.3857	-5.510376	0
61	34	394.5762	415.2992	0
61	35	643.7825	588.007	0
61	36	466.203	420.2307	0
61	37	406.7932	323.8544	0
61	38	614.0519	441.7789	0
61	39	329.0478	95.32327	0
61	40	381.1992	-4.725464	0
61	41	455.7246	370.056	0
62	1	410.9166	364.7465	0
62	2	424.8137	81.56516	0
62	3	383.9781	364.8092	0
62	4	334.022	267.5938	0
62	5	545.1858	521.6757	0
62	6	508.0779	262.0629	0
62	7	484.1217	373.4906	0
62	8	556.2333	377.0569	0
62	9	419.189	49.23981	0
62	10	510.9128	472.6326	0
62	11	269.6766	-54.24908	0
62	12	274.8743	38.40979	0
62	13	336.2447	319.9022	0
62	14	405.4622	113.9584	0
62	15	349.9831	49.55878	0
62	16	434.5192	256.1462	0
62	17	376.1652	149.8305	0
62	18	355.2741	80.27441	0
62	19	537.389	434.1508	0
62	20	515.9226	320.7726	0
62	21	543.1887	654.8068	0
62	22	572.1087	584.6516	0
62	23	407.3859	272.7051	0
62	24	319.6173	42.92706	0
62	25	561.0942	404.9503	0
62	26	449.1098	149.4362	0
62	27	476.7452	116.9658	0
62	28	470.5679	641.0942	0
62	29	246.9379	38.42053	0
62	30	258.8307	90.43857	0
62	31	583.839	474.3681	0
62	32	195.3783	-62.40448	0
62	33	309.3777	-5.499146	0
62	34	394.5477	415.267	0
62	35	643.8582	588.0172	0
62	36	466.2028	420.2331	0
62	37	406.7859	323.866	0
62	38	614.0138	441.8005	0
62	39	328.9947	95.3309	0
62	40	381.1915	-4.734558	0
62	41	455.7452	370.0599	0
62	42	490.027	403.7894	0
63	1	410.9148	364.7366	0
63	2	424.8254	81.56305	0
63	3	383.9321	364.7891	0
63	4	333.978	267.5959	0
63	5	545.153	521.7037	0
63	6	508.058	262.0864	0
63	7	484.1201	373.4828	0
63	8	556.1967	377.0203	0
63	9	419.1898	49.22723	0
63	10	510.9588	472.6589	0
63	11	269.7492	-54.24036	0
63	12	274.8843	38.40616	0
63	13	336.2093	319.9159	0
63	14	405.541	113.9703	0
63	15	349.9389	49.53528	0
63	16	434.4745	256.1335	0
63	17	376.1726	149.8421	0
63	18	355.2782	80.26819	0
63	19	537.4559	434.1626	0
63	20	515.9179	320.7329	0
63	21	543.1899	654.7938	0
63	22	572.1086	584.6389	0
63	23	407.3364	272.6838	0
63	24	319.6223	42.9198	0
63	25	561.106	404.963	0
63	26	449.055	149.4475	0
63	27	476.7573	116.967	0
63	28	470.5558	641.0555	0
63	29	246.8985	38.44086	0
63	30	258.8537	90.4552	0
63	31	583.7977	474.3809	0
63	32	195.3286	-62.38696	0
63	33	309.3762	-5.493835	0
63	34	394.511	415.238	0
63	35	643.9444	588.0263	0
63	36	466.2069	420.2323	0
63	37	406.7851	323.8697	0
63	38	613.9783	441.8287	0
63	39	328.9438	95.34232	0
63	40	381.1794	-4.743225	0
63	41	455.78	370.0695	0
63	42	490.0393	403.7891	0
63	43	444.6503	315.0737	0
64	1	410.9045	364.7281	0
64	2	424.8346	81.55707	0
64	3	383.8862	364.7768	0
64	4	333.9344	267.6057	0
64	5	545.125	521.7305	0
64	6	508.0456	262.1034	0
64	7	484.1309	373.4822	0
64	8	556.1515	376.9874	0
64	9	419.1915	49.21429	0
64	10	510.9758	472.6738	0
64	11	269.8328	-54.23071	0
64	12	274.8912	38.3989	0
64	13	336.176	319.9321	0
64	14	405.6224	113.9863	0
64	15	349.8947	49.5192	0
64	16	434.4299	256.1213	0
64	17	376.1653	149.8294	0
64	18	355.2821	80.26273	0
64	19	537.5239	434.1787	0
64	20	515.902	320.6894	0
64	21	543.1908	654.781	0
64	22	572.0992	584.6277	0
64	23	407.2869	272.671	0
64	24	319.6275	42.91147	0
64	25	561.0988	404.9581	0
64	26	449.0015	149.4623	0
64	27	476.7835	116.9739	0
64	28	470.5336	641.0194	0
64	29	246.8613	38.46786	0
64	30	258.8442	90.46378	0
64	31	583.7585	474.3953	0
64	32	195.2838	-62.36835	0
64	33	309.3796	-5.493103	0
64	34	394.4664	415.2133	0
64	35	644.0391	588.0383	0
64	36	466.2119	420.231	0
64	37	406.7893	323.8691	0
64	38	613.9471	441.8573	0
64	39	328.8936	95.3508	0
64	40	381.1678	-4.752258	0
64	41	455.827	370.0796	0
64	42	490.049	403.7866	0
64	43	444.6019	315.0739	0
65	1	410.8929	364.7194	0
65	2	424.8404	81.54855	0
65	3	383.8423	364.7652	0
65	4	333.8926	267.6148	0
65	5	545.106	521.7542	0
65	6	508.0409	262.1123	0
65	7	484.1568	373.4879	0
65	8	556.0991	376.9603	0
65	9	419.1918	49.20251	0
65	10	510.9683	472.6724	0
65	11	269.9233	-54.21606	0
65	12	274.8967	38.39105	0
65	13	336.145	319.9533	0
65	14	405.7049	114.0077	0
65	15	349.8482	49.50714	0
65	16	434.387	256.1187	0
65	17	376.1565	149.7925	0
65	18	355.2858	80.25745	0
65	19	537.5868	434.2005	0
65	20	515.8741	320.6495	0
65	21	543.19	654.7682	0
65	22	572.0848	584.6172	0
65	23	407.2396	272.6589	0
65	24	319.633	42.90222	0
65	25	561.0916	404.9231	0
65	26	448.9512	149.4803	0
65	27	476.8232	116.9851	0
65	28	470.5002	640.9868	0
65	29	246.8279	38.49515	0
65	30	258.8401	90.42188	0
65	31	583.7233	474.4108	0
65	32	195.2412	-62.34442	0
65	33	309.3848	-5.493042	0
65	34	394.4204	415.1957	0
65	35	644.1365	588.0541	0
65	36	466.2194	420.2302	0
65	37	406.7948	323.8679	0
65	38	613.9239	441.883	0
65	39	328.8441	95.36221	0
65	40	381.1573	-4.762329	0
65	41	455.8853	370.0892	0
65	42	490.0558	403.7807	0
65	43	444.5536	315.0838	0
66	1	410.8821	364.7105	0
66	2	424.846	81.54108	0
66	3	383.7993	364.7646	0
66	4	333.8508	267.6235	0
66	5	545.094	521.7719	0
66	6	508.0422	262.1138	0
66	7	484.1985	373.4991	0
66	8	556.0466	376.9419	0
66	9	419.1843	49.19174	0
66	10	510.962	472.6329	0
66	11	270.0173	-54.19611	0
66	12	274.9018	38.38403	0
66	13	336.1165	319.9775	0
66	14	405.7801	114.0342	0
66	15	349.8048	49.50031	0
66	16	434.3438	256.1253	0
66	17	376.1378	149.7567	0
66	18	355.2896	80.25204	0
66	19	537.6359	434.2239	0
66	20	515.8339	320.6135	0
66	21	543.1789	654.7572	0
66	22	572.0708	584.6063	0
66	23	407.1933	272.6585	0
66	24	319.6347	42.89093	0
66	25	561.0751	404.8887	0
66	26	448.9058	149.4995	0
66	27	476.8758	116.9954	0
66	28	470.4589	640.9575	0
66	29	246.8018	38.51935	0
66	30	258.824	90.38037	0
66	31	583.69	474.4303	0
66	32	195.2012	-62.31396	0
66	33	309.3914	-5.492859	0
66	34	394.3738	415.1826	0
66	35	644.2361	588.076	0
66	36	466.2295	420.2306	0
66	37	406.8026	323.8671	0
66	38	613.9092	441.9038	0
66	39	328.7956	95.37714	0
66	40	381.1433	-4.774231	0
66	41	455.9494	370.0974	0
66	42	490.0606	403.7732	0
66	43	444.5077	315.0953	0
67	1	410.8704	364.6992	0
67	2	424.8514	81.53394	0
67	3	383.756	364.7733	0
67	4	333.8102	267.6348	0
67	5	545.0893	521.7819	0
67	6	508.0472	262.1129	0
67	7	484.2542	373.5104	0
67	8	555.9922	376.9267	0
67	9	419.1703	49.18173	0
67	10	510.945	472.594	0
67	11	270.1115	-54.17004	0
67	12	274.907	38.37735	0
67	13	336.0927	319.9998	0
67	14	405.837	114.0602	0
67	15	349.7605	49.5032	0
67	16	434.3027	256.1352	0
67	17	376.1075	149.7244	0
67	18	355.2937	80.24597	0
67	19	537.6628	434.2409	0
67	20	515.7843	320.5816	0
67	21	543.1644	654.7465	0
67	22	572.058	584.5938	0
67	23	407.1469	272.6674	0
67	24	319.636	42.87799	0
67	25	561.048	404.8577	0
67	26	448.8631	149.5239	0
67	27	476.9381	117.0042	0
67	28	470.4112	640.9343	0
67	29	246.7844	38.53912	0
67	30	258.7957	90.34222	0
67	31	583.6591	474.4556	0
67	32	195.1654	-62.28546	0
67	33	309.4007	-5.492371	0
67	34	394.3306	415.1742	0
67	35	644.3297	588.1072	0
67	36	466.2421	420.2314	0
67	37	406.8136	323.8674	0
67	38	613.9017	441.9171	0
67	39	328.7529	95.39365	0
67	40	381.1329	-4.784729	0
67	41	456.0235	370.1065	0
67	42	490.065	403.7667	0
67	43	444.4619	315.1047	0
68	1	410.8568	364.6865	0
68	2	424.8571	81.52713	0
68	3	383.7148	364.7841	0
68	4	333.7716	267.6482	0
68	5	545.0903	521.7839	0
68	6	508.0534	262.1119	0
68	7	484.3213	373.5211	0
68	8	555.9417	376.92	0
68	9	419.1566	49.1716	0
68	10	510.9163	472.5591	0
68	11	270.1953	-54.13989	0
68	12	274.9122	38.37064	0
68	13	336.0769	320.0189	0
68	14	405.8669	114.0779	0
68	15	349.7173	49.51202	0
68	16	434.2621	256.1428	0
68	17	376.0692	149.6953	0
68	18	355.2978	80.23901	0
68	19	537.6646	434.2506	0
68	20	515.7289	320.5564	0
68	21	543.1506	654.7353	0
68	22	572.0405	584.5784	0
68	23	407.1027	272.6783	0
68	24	319.6358	42.86591	0
68	25	561.0132	404.8294	0
68	26	448.8232	149.5553	0
68	27	477.0092	117.0119	0
68	28	470.3634	640.9188	0
68	29	246.7749	38.55179	0
68	30	258.7562	90.30762	0
68	31	583.6319	474.4802	0
68	32	195.1395	-62.25995	0
68	33	309.4118	-5.491211	0
68	34	394.2869	415.1777	0
68	35	644.406	588.1437	0
68	36	466.2535	420.2306	0
68	37	406.8272	323.8684	0
68	38	613.9007	441.9219	0
68	39	328.7125	95.41263	0
68	40	381.1271	-4.794373	0
68	41	456.1022	370.1189	0
68	42	490.0694	403.7605	0
68	43	444.4171	315.117	0
69	1	410.8481	364.6758	0
69	2	424.8632	81.51962	0
69	3	383.6739	364.7925	0
69	4	333.7372	267.6625	0
69	5	545.0954	521.7833	0
69	6	508.0629	262.1114	0
69	7	484.3964	373.5303	0
69	8	555.891	376.9263	0
69	9	419.1441	49.16022	0
69	10	510.878	472.5274	0
69	11	270.2554	-54.11243	0
69	12	274.9177	38.3631	0
69	13	336.0671	320.0325	0
69	14	405.8668	114.0874	0
69	15	349.6756	49.51886	0
69	16	434.2223	256.153	0
69	17	376.0236	149.6706	0
69	18	355.2989	80.23056	0
69	19	537.6592	434.2322	0
69	20	515.6732	320.5413	0
69	21	543.1371	654.722	0
69	22	572.0272	584.5641	0
69	23	407.0587	272.687	0
69	24	319.6338	42.85483	0
69	25	560.9714	404.8052	0
69	26	448.788	149.5854	0
69	27	477.0882	117.023	0
69	28	470.3162	640.9047	0
69	29	246.773	38.55725	0
69	30	258.7079	90.27728	0
69	31	583.6125	474.5021	0
69	32	195.1221	-62.24054	0
69	33	309.4238	-5.491028	0
69	34	394.2439	415.1889	0
69	35	644.4498	588.1716	0
69	36	466.2625	420.2275	0
69	37	406.8402	323.8678	0
69	38	613.9048	441.9218	0
69	39	328.6745	95.43817	0
69	40	381.1276	-4.799316	0
69	41	456.1835	370.1354	0
69	42	490.0742	403.7549	0
69	43	444.3733	315.1318	0
70	1	410.8436	364.6668	0
70	2	424.8694	81.51178	0
70	3	383.6338	364.8035	0
70	4	333.7045	267.6803	0
70	5	545.1014	521.7823	0
70	6	508.0752	262.1124	0
70	7	484.4818	373.5412	0
70	8	555.8426	376.9391	0
70	9	419.1276	49.14636	0
70	10	510.8313	472.5	0
70	11	270.2853	-54.09473	0
70	12	274.9232	38.3544	0
70	13	336.0641	320.0395	0
70	14	405.8615	114.0615	0
70	15	349.6339	49.5271	0
70	16	434.1831	256.1653	0
70	17	375.9778	149.6534	0
70	18	355.3	80.22089	0
70	19	537.6495	434.2004	0
70	20	515.6192	320.5266	0
70	21	543.1195	654.7059	0
70	22	572.0189	584.5503	0
70	23	407.0155	272.6984	0
70	24	319.6219	42.84476	0
70	25	560.9283	404.7874	0
70	26	448.7625	149.6122	0
70	27	477.1701	117.038	0
70	28	470.2718	640.9008	0
70	29	246.7768	38.5575	0
70	30	258.6551	90.25339	0
70	31	583.6	474.5195	0
70	32	195.1139	-62.22876	0
70	33	309.4331	-5.492859	0
70	34	394.2027	415.1985	0
70	35	644.4565	588.1859	0
70	36	466.2686	420.2212	0
70	37	406.8504	323.8647	0
70	38	613.9105	441.921	0
70	39	328.6398	95.46664	0
70	40	381.1407	-4.797791	0
70	41	456.2633	370.1577	0
70	42	490.0793	403.7488	0
70	43	444.3346	315.1475	0
71	1	410.848	364.6638	0
71	2	424.8738	81.50153	0
71	3	383.5945	364.8167	0
71	4	333.6741	267.7037	0
71	5	545.1102	521.7817	0
71	6	508.0902	262.1129	0
71	7	484.5715	373.5559	0
71	8	555.7955	376.9489	0
71	9	419.1139	49.13351	0
71	10	510.7819	472.4798	0
71	11	270.2809	-54.08478	0
71	12	274.9246	38.34366	0
71	13	336.0663	320.0406	0
71	14	405.8499	114.0241	0
71	15	349.5935	49.53802	0
71	16	434.1485	256.1788	0
71	17	375.9295	149.6405	0
71	18	355.2997	80.21191	0
71	19	537.6317	434.1701	0
71	20	515.5677	320.5243	0
71	21	543.1072	654.6915	0
71	22	572.0182	584.5421	0
71	23	406.9733	272.7124	0
71	24	319.6083	42.83447	0
71	25	560.8834	404.7748	0
71	26	448.7459	149.6332	0
71	27	477.2543	117.0583	0
71	28	470.227	640.9092	0
71	29	246.7826	38.55682	0
71	30	258.602	90.23969	0
71	31	583.594	474.5299	0
71	32	195.1137	-62.22455	0
71	33	309.4399	-5.497864	0
71	34	394.1612	415.2082	0
71	35	644.4487	588.1625	0
71	36	466.2733	420.2141	0
71	37	406.8575	323.858	0
71	38	613.9183	441.9203	0
71	39	328.6107	95.49213	0
71	40	381.1682	-4.79071	0
71	41	456.3325	370.1853	0
71	42	490.0844	403.7414	0
71	43	444.2979	315.1664	0
72	1	410.8658	364.6663	0
72	2	424.8747	81.48929	0
72	3	383.5599	364.8305	0
72	4	333.6467	267.727	0
72	5	545.1216	521.7825	0
72	6	508.1025	262.1114	0
72	7	484.6641	373.5756	0
72	8	555.7485	376.9608	0
72	9	419.1057	49.12183	0
72	10	510.7319	472.466	0
72	11	270.2763	-54.11975	0
72	12	274.9265	38.33148	0
72	13	336.0713	320.0402	0
72	14	405.8281	113.9892	0
72	15	349.5563	49.55121	0
72	16	434.116	256.1949	0
72	17	375.8845	149.633	0
72	18	355.2979	80.20364	0
72	19	537.6042	434.1426	0
72	20	515.5162	320.5335	0
72	21	543.0999	654.6779	0
72	22	572.033	584.5427	0
72	23	406.9362	272.7273	0
72	24	319.5956	42.82407	0
72	25	560.8412	404.7658	0
72	26	448.7378	149.6458	0
72	27	477.3336	117.0844	0
72	28	470.1842	640.9229	0
72	29	246.7903	38.55655	0
72	30	258.5497	90.22644	0
72	31	583.5934	474.5328	0
72	32	195.119	-62.22455	0
72	33	309.4443	-5.504578	0
72	34	394.1208	415.2202	0
72	35	644.4355	588.1149	0
72	36	466.2777	420.2079	0
72	37	406.8629	323.8501	0
72	38	613.9293	441.9206	0
72	39	328.5914	95.51401	0
72	40	381.2101	-4.779053	0
72	41	456.379	370.2104	0
72	42	490.0858	403.7317	0
72	43	444.2637	315.1917	0
73	1	410.8985	364.6756	0
73	2	424.8761	81.47717	0
73	3	383.5271	364.8471	0
73	4	333.6261	267.7478	0
73	5	545.1354	521.7835	0
73	6	508.1124	262.1067	0
73	7	484.7534	373.6021	0
73	8	555.7023	376.9752	0
73	9	419.104	49.1152	0
73	10	510.6851	472.455	0
73	11	270.2625	-54.16144	0
73	12	274.9266	38.3205	0
73	13	336.0773	320.0398	0
73	14	405.7948	113.9579	0
73	15	349.5226	49.56589	0
73	16	434.0856	256.216	0
73	17	375.8388	149.6362	0
73	18	355.2887	80.19614	0
73	19	537.5705	434.118	0
73	20	515.4674	320.5465	0
73	21	543.1014	654.6709	0
73	22	572.0651	584.5504	0
73	23	406.9009	272.7451	0
73	24	319.5824	42.81134	0
73	25	560.7996	404.768	0
73	26	448.7371	149.6501	0
73	27	477.3987	117.1118	0
73	28	470.1421	640.933	0
73	29	246.8013	38.55695	0
73	30	258.498	90.22482	0
73	31	583.5972	474.532	0
73	32	195.1258	-62.22491	0
73	33	309.4487	-5.510376	0
73	34	394.0828	415.2339	0
73	35	644.4102	588.0693	0
73	36	466.2824	420.2022	0
73	37	406.868	323.8432	0
73	38	613.943	441.922	0
73	39	328.5794	95.52927	0
73	40	381.2653	-4.767822	0
73	41	456.3983	370.2259	0
73	42	490.0871	403.7206	0
73	43	444.2329	315.2183	0
74	1	410.9442	364.6865	0
74	2	424.8763	81.46613	0
74	3	383.4964	364.8694	0
74	4	333.6125	267.7646	0
74	5	545.1473	521.7827	0
74	6	508.1187	262.0986	0
74	7	484.8292	373.6339	0
74	8	555.6603	376.991	0
74	9	419.1165	49.11594	0
74	10	510.6389	472.457	0
74	11	270.2365	-54.20001	0
74	12	274.9243	38.31046	0
74	13	336.0858	320.0396	0
74	14	405.7534	113.9301	0
74	15	349.4909	49.58463	0
74	16	434.0581	256.2396	0
74	17	375.7941	149.6458	0
74	18	355.2786	80.18842	0
74	19	537.5314	434.0977	0
74	20	515.4188	320.5563	0
74	21	543.1193	654.6724	0
74	22	572.1143	584.5631	0
74	23	406.8678	272.769	0
74	24	319.5671	42.79727	0
74	25	560.759	404.7777	0
74	26	448.7422	149.6498	0
74	27	477.437	117.1328	0
74	28	470.1004	640.9453	0
74	29	246.8147	38.55801	0
74	30	258.4454	90.23279	0
74	31	583.6019	474.5307	0
74	32	195.1353	-62.22504	0
74	33	309.4527	-5.516113	0
74	34	394.0488	415.2486	0
74	35	644.3701	588.0284	0
74	36	466.2875	420.1971	0
74	37	406.8732	323.8367	0
74	38	613.9568	441.9218	0
74	39	328.5755	95.53699	0
74	40	381.3293	-4.758057	0
74	41	456.3902	370.2313	0
74	42	490.0867	403.71	0
74	43	444.2085	315.242	0
75	1	411.0026	364.6962	0
75	2	424.8676	81.45602	0
75	3	383.4686	364.8932	0
75	4	333.6054	267.7752	0
75	5	545.1569	521.7794	0
75	6	508.1242	262.0908	0
75	7	484.8774	373.6609	0
75	8	555.6218	377.0092	0
75	9	419.1459	49.12305	0
75	10	510.5935	472.4683	0
75	11	270.198	-54.2345	0
75	12	274.9126	38.30121	0
75	13	336.0964	320.0407	0
75	14	405.7054	113.9072	0
75	15	349.4612	49.608	0
75	16	434.0353	256.2611	0
75	17	375.7511	149.6536	0
75	18	355.2692	80.18063	0
75	19	537.4922	434.0839	0
75	20	515.371	320.569	0
75	21	543.155	654.6815	0
75	22	572.179	584.5745	0
75	23	406.838	272.7944	0
75	24	319.5577	42.78586	0
75	25	560.7203	404.7868	0
75	26	448.7486	149.6489	0
75	27	477.4454	117.1438	0
75	28	470.0592	640.9591	0
75	29	246.8287	38.55777	0
75	30	258.395	90.24304	0
75	31	583.6088	474.5297	0
75	32	195.1482	-62.224	0
75	33	309.4566	-5.521851	0
75	34	394.0165	415.267	0
75	35	644.3203	587.9919	0
75	36	466.2929	420.1915	0
75	37	406.8787	323.8308	0
75	38	613.9675	441.9193	0
75	39	328.5778	95.53818	0
75	40	381.402	-4.749756	0
75	41	456.3853	370.1935	0
75	42	490.0845	403.6998	0
75	43	444.1927	315.262	0
76	1	411.0691	364.7043	0
76	2	424.8541	81.44641	0
76	3	383.4461	364.9146	0
76	4	333.6043	267.7791	0
76	5	545.1629	521.7725	0
76	6	508.1294	262.0837	0
76	7	484.8938	373.6769	0
76	8	555.5855	377.0324	0
76	9	419.1927	49.13669	0
76	10	510.5503	472.4797	0
76	11	270.1503	-54.26508	0
76	12	274.9	38.29181	0
76	13	336.1086	320.0412	0
76	14	405.6574	113.8933	0
76	15	349.4352	49.63025	0
76	16	434.0204	256.2795	0
76	17	375.7081	149.6625	0
76	18	355.2591	80.17099	0
76	19	537.4517	434.0723	0
76	20	515.3234	320.5844	0
76	21	543.2072	654.6941	0
76	22	572.2562	584.5853	0
76	23	406.814	272.8171	0
76	24	319.5534	42.77655	0
76	25	560.6813	404.7958	0
76	26	448.7578	149.6483	0
76	27	477.4386	117.1298	0
76	28	470.0222	640.9736	0
76	29	246.8395	38.55502	0
76	30	258.3454	90.25137	0
76	31	583.6187	474.5299	0
76	32	195.1637	-62.22314	0
76	33	309.4607	-5.528503	0
76	34	393.9861	415.291	0
76	35	644.2617	587.9616	0
76	36	466.298	420.1844	0
76	37	406.8845	323.8245	0
76	38	613.9755	441.9135	0
76	39	328.5832	95.53748	0
76	40	381.4838	-4.737854	0
76	41	456.3699	370.156	0
76	42	490.0738	403.6908	0
76	43	444.1837	315.2751	0
77	1	411.1454	364.7127	0
77	2	424.8412	81.4368	0
77	3	383.4314	364.9328	0
77	4	333.6079	267.7788	0
77	5	545.1677	521.7648	0
77	6	508.1351	262.0771	0
77	7	484.8846	373.6743	0
77	8	555.5522	377.0607	0
77	9	419.2549	49.14984	0
77	10	510.5067	472.4898	0
77	11	270.0958	-54.29016	0
77	12	274.8884	38.28232	0
77	13	336.1184	320.04	0
77	14	405.6099	113.8807	0
77	15	349.4168	49.64993	0
77	16	434.0115	256.2924	0
77	17	375.6663	149.6741	0
77	18	355.2478	80.1604	0
77	19	537.4139	434.0675	0
77	20	515.2815	320.601	0
77	21	543.2752	654.7054	0
77	22	572.3444	584.5947	0
77	23	406.7984	272.8363	0
77	24	319.5591	42.77356	0
77	25	560.6434	404.8071	0
77	26	448.7704	149.649	0
77	27	477.4294	117.0916	0
77	28	469.9877	640.9902	0
77	29	246.8473	38.54849	0
77	30	258.297	90.26312	0
77	31	583.631	474.5308	0
77	32	195.1779	-62.22406	0
77	33	309.465	-5.535583	0
77	34	393.9593	415.3145	0
77	35	644.2023	587.9409	0
77	36	466.2991	420.175	0
77	37	406.8903	323.8167	0
77	38	613.9805	441.9053	0
77	39	328.5899	95.53699	0
77	40	381.569	-4.721741	0
77	41	456.3438	370.1219	0
77	42	490.0619	403.6817	0
77	43	444.1815	315.2807	0
78	1	411.2276	364.7247	0
78	2	424.8293	81.42551	0
78	3	383.4228	364.9451	0
78	4	333.6128	267.7778	0
78	5	545.1722	521.7582	0
78	6	508.1413	262.0706	0
78	7	484.8769	373.6313	0
78	8	555.5237	377.0874	0
78	9	419.33	49.16119	0
78	10	510.4643	472.5026	0
78	11	270.0416	-54.30383	0
78	12	274.8754	38.2702	0
78	13	336.126	320.0364	0
78	14	405.5651	113.8767	0
78	15	349.4049	49.66486	0
78	16	434.0089	256.2988	0
78	17	375.6277	149.6878	0
78	18	355.2408	80.15179	0
78	19	537.3762	434.0725	0
78	20	515.2419	320.6203	0
78	21	543.3548	654.7159	0
78	22	572.4421	584.6067	0
78	23	406.7893	272.8491	0
78	24	319.58	42.77704	0
78	25	560.6072	404.8199	0
78	26	448.7862	149.6501	0
78	27	477.4101	117.0549	0
78	28	469.9554	641.012	0
78	29	246.8527	38.54034	0
78	30	258.2501	90.2778	0
78	31	583.6426	474.5302	0
78	32	195.1891	-62.22809	0
78	33	309.4674	-5.544373	0
78	34	393.9395	415.3354	0
78	35	644.1424	587.9233	0
78	36	466.3011	420.1645	0
78	37	406.8921	323.8065	0
78	38	613.9854	441.8981	0
78	39	328.6001	95.5368	0
78	40	381.6567	-4.700012	0
78	41	456.308	370.0907	0
78	42	490.0508	403.6721	0
78	43	444.1846	315.2807	0
79	1	411.3127	364.7407	0
79	2	424.8131	81.41211	0
79	3	383.4204	364.9504	0
79	4	333.6195	267.7772	0
79	5	545.1769	521.7521	0
79	6	508.1478	262.0634	0
79	7	484.8577	373.5891	0
79	8	555.5045	377.1108	0
79	9	419.4155	49.17032	0
79	10	510.423	472.5171	0
79	11	269.9886	-54.31744	0
79	12	274.8612	38.25714	0
79	13	336.1308	320.0298	0
79	14	405.5195	113.8825	0
79	15	349.3996	49.6738	0
79	16	434.0111	256.2998	0
79	17	375.5928	149.7031	0
79	18	355.2377	80.14493	0
79	19	537.34	434.0825	0
79	20	515.2048	320.6463	0
79	21	543.4457	654.7255	0
79	22	572.5431	584.6224	0
79	23	406.7868	272.8547	0
79	24	319.6183	42.78806	0
79	25	560.575	404.8339	0
79	26	448.8012	149.6493	0
79	27	477.3784	117.0222	0
79	28	469.9258	641.0377	0
79	29	246.8582	38.53323	0
79	30	258.2091	90.29401	0
79	31	583.6519	474.5274	0
79	32	195.1966	-62.23633	0
79	33	309.4678	-5.554504	0
79	34	393.9266	415.3522	0
79	35	644.0873	587.9155	0
79	36	466.3009	420.1546	0
79	37	406.894	323.7948	0
79	38	613.9902	441.8914	0
79	39	328.6126	95.53799	0
79	40	381.739	-4.672852	0
79	41	456.2646	370.0634	0
79	42	490.0388	403.6605	0
79	43	444.1896	315.2796	0
80	1	411.398	364.7623	0
80	2	424.8011	81.40036	0
80	3	383.4229	364.9505	0
80	4	333.6289	267.7774	0
80	5	545.182	521.7465	0
80	6	508.1531	262.0542	0
80	7	484.8256	373.5508	0
80	8	555.4925	377.1283	0
80	9	419.5116	49.18329	0
80	10	510.3866	472.5324	0
80	11	269.9373	-54.32062	0
80	12	274.8525	38.24658	0
80	13	336.1353	320.0234	0
80	14	405.4757	113.8927	0
80	15	349.4001	49.67685	0
80	16	434.0158	256.2995	0
80	17	375.5599	149.7225	0
80	18	355.2424	80.14285	0
80	19	537.3047	434.09	0
80	20	515.1712	320.675	0
80	21	543.5452	654.738	0
80	22	572.6467	584.6442	0
80	23	406.7896	272.8549	0
80	24	319.6721	42.80151	0
80	25	560.5446	404.8514	0
80	26	448.8129	149.6454	0
80	27	477.3383	116.9927	0
80	28	469.9006	641.0616	0
80	29	246.8634	38.5264	0
80	30	258.1701	90.3136	0
80	31	583.6583	474.5215	0
80	32	195.2027	-62.24487	0
80	33	309.4682	-5.564331	0
80	34	393.9202	415.3624	0
80	35	644.0328	587.9235	0
80	36	466.2981	420.1452	0
80	37	406.8943	323.7838	0
80	38	613.9955	441.8854	0
80	39	328.6274	95.53833	0
80	40	381.8054	-4.645508	0
80	41	456.218	370.0424	0
80	42	490.0252	403.6473	0
80	43	444.1963	315.2788	0
81	1	411.4745	364.7906	0
81	2	424.7939	81.38937	0
81	3	383.4274	364.9494	0
81	4	333.6404	267.7783	0
81	5	545.1876	521.7404	0
81	6	508.154	262.0425	0
81	7	484.7835	373.516	0
81	8	555.4878	377.1381	0
81	9	419.612	49.2012	0
81	10	510.3519	472.5513	0
81	11	269.8848	-54.31415	0
81	12	274.8486	38.23868	0
81	13	336.1392	320.0177	0
81	14	405.4328	113.9001	0
81	15	349.4045	49.67703	0
81	16	434.0217	256.2993	0
81	17	375.5292	149.7469	0
81	18	355.2585	80.14554	0
81	19	537.2697	434.0992	0
81	20	515.1434	320.701	0
81	21	543.6476	654.7543	0
81	22	572.7449	584.6754	0
81	23	406.7944	272.8539	0
81	24	319.7408	42.81403	0
81	25	560.5161	404.874	0
81	26	448.821	149.6375	0
81	27	477.29	116.9678	0
81	28	469.8839	641.0827	0
81	29	246.8685	38.51971	0
81	30	258.1337	90.33936	0
81	31	583.6628	474.5144	0
81	32	195.2083	-62.25269	0
81	33	309.4677	-5.573364	0
81	34	393.9196	415.3654	0
81	35	643.981	587.9399	0
81	36	466.2874	420.1369	0
81	37	406.8923	323.7733	0
81	38	614.0014	441.879	0
81	39	328.6391	95.53644	0
81	40	381.8443	-4.625	0
81	41	456.1704	370.0291	0
81	42	490.0166	403.6362	0
81	43	444.2062	315.2786	0
82	1	411.5303	364.8191	0
82	2	424.7938	81.38391	0
82	3	383.4333	364.9487	0
82	4	333.6519	267.7779	0
82	5	545.1925	521.7323	0
82	6	508.1559	262.0305	0
82	7	484.7328	373.4859	0
82	8	555.4889	377.1404	0
82	9	419.7155	49.22552	0
82	10	510.3194	472.5763	0
82	11	269.8342	-54.30408	0
82	12	274.855	38.23688	0
82	13	336.1431	320.0124	0
82	14	405.3902	113.9097	0
82	15	349.4099	49.677	0
82	16	434.0302	256.2992	0
82	17	375.5022	149.7704	0
82	18	355.2876	80.15399	0
82	19	537.2352	434.11	0
82	20	515.1254	320.7234	0
82	21	543.7522	654.7771	0
82	22	572.8264	584.7131	0
82	23	406.8007	272.8532	0
82	24	319.8162	42.82391	0
82	25	560.4911	404.8967	0
82	26	448.8269	149.6287	0
82	27	477.2411	116.9509	0
82	28	469.8733	641.0981	0
82	29	246.8739	38.51227	0
82	30	258.1007	90.367	0
82	31	583.6672	474.5081	0
82	32	195.2141	-62.26001	0
82	33	309.4595	-5.581482	0
82	34	393.9232	415.3649	0
82	35	643.9304	587.9526	0
82	36	466.2762	420.1284	0
82	37	406.8811	323.7641	0
82	38	614.0073	441.8712	0
82	39	328.6481	95.5311	0
82	40	381.8527	-4.612976	0
82	41	456.1241	370.0172	0
82	42	490.0125	403.627	0
82	43	444.2184	315.2797	0
83	1	411.5581	364.8376	0
83	2	424.8081	81.38547	0
83	3	383.4419	364.9483	0
83	4	333.6609	267.7755	0
83	5	545.1931	521.7217	0
83	6	508.1561	262.019	0
83	7	484.6801	373.4634	0
83	8	555.4941	377.1399	0
83	9	419.8147	49.25665	0
83	10	510.2906	472.6019	0
83	11	269.7845	-54.29663	0
83	12	274.8759	38.24051	0
83	13	336.1472	320.0069	0
83	14	405.3483	113.9222	0
83	15	349.4174	49.67703	0
83	16	434.0406	256.3003	0
83	17	375.4831	149.7911	0
83	18	355.3282	80.16388	0
83	19	537.2038	434.1219	0
83	20	515.1144	320.739	0
83	21	543.8493	654.8102	0
83	22	572.8749	584.7435	0
83	23	406.81	272.853	0
83	24	319.9039	42.83441	0
83	25	560.4728	404.9171	0
83	26	448.8323	149.6207	0
83	27	477.1913	116.9379	0
83	28	469.8694	641.1058	0
83	29	246.8795	38.50415	0
83	30	258.074	90.39182	0
83	31	583.6716	474.5024	0
83	32	195.2196	-62.26782	0
83	33	309.4485	-5.589539	0
83	34	393.9279	415.3636	0
83	35	643.8793	587.9668	0
83	36	466.2658	420.1195	0
83	37	406.8687	323.7548	0
83	38	614.0095	441.861	0
83	39	328.654	95.52289	0
83	40	381.8449	-4.625671	0
83	41	456.0789	370.0168	0
83	42	490.0173	403.6236	0
83	43	444.2319	315.2796	0
84	1	411.5541	364.8478	0
84	2	424.8388	81.39352	0
84	3	383.4526	364.9492	0
84	4	333.6673	267.77	0
84	5	545.1945	521.7103	0
84	6	508.1499	262.0087	0
84	7	484.6252	373.4483	0
84	8	555.5002	377.1393	0
84	9	419.8978	49.29016	0
84	10	510.2685	472.6248	0
84	11	269.7354	-54.28638	0
84	12	274.9133	38.25168	0
84	13	336.1515	320.0008	0
84	14	405.3108	113.9365	0
84	15	349.4273	49.67801	0
84	16	434.0526	256.3008	0
84	17	375.4707	149.807	0
84	18	355.3799	80.17319	0
84	19	537.175	434.1356	0
84	20	515.1108	320.7464	0
84	21	543.9263	654.8487	0
84	22	572.886	584.7593	0
84	23	406.8215	272.854	0
84	24	319.9994	42.8497	0
84	25	560.4611	404.9334	0
84	26	448.8379	149.6133	0
84	27	477.1455	116.9309	0
84	28	469.8706	641.1065	0
84	29	246.8823	38.4938	0
84	30	258.0565	90.41238	0
84	31	583.6766	474.4975	0
84	32	195.2253	-62.27655	0
84	33	309.4382	-5.597717	0
84	34	393.9347	415.3628	0
84	35	643.829	587.9833	0
84	36	466.2538	420.1082	0
84	37	406.8571	323.7452	0
84	38	614.0107	441.8491	0
84	39	328.6595	95.51553	0
84	40	381.8356	-4.66449	0
84	41	456.0339	370.0257	0
84	42	490.0359	403.6264	0
84	43	444.2422	315.2774	0
85	1	411.5497	364.8141	0
85	2	424.8854	81.40668	0
85	3	383.4646	364.9493	0
85	4	333.6718	267.7631	0
85	5	545.1939	521.6993	0
85	6	508.1367	261.9991	0
85	7	484.5733	373.4365	0
85	8	555.5091	377.1389	0
85	9	419.9495	49.31693	0
85	10	510.2542	472.6438	0
85	11	269.6875	-54.27203	0
85	12	274.9649	38.2644	0
85	13	336.155	319.993	0
85	14	405.2759	113.9524	0
85	15	349.4392	49.67886	0
85	16	434.0621	256.2994	0
85	17	375.4651	149.8167	0
85	18	355.4364	80.18054	0
85	19	537.1479	434.153	0
85	20	515.113	320.7471	0
85	21	543.9689	654.8774	0
85	22	572.8776	584.742	0
85	23	406.8344	272.8541	0
85	24	320.0985	42.87021	0
85	25	560.4553	404.9437	0
85	26	448.8438	149.606	0
85	27	477.0993	116.9347	0
85	28	469.875	641.1052	0
85	29	246.8836	38.48175	0
85	30	258.0463	90.4263	0
85	31	583.6822	474.4922	0
85	32	195.2312	-62.28632	0
85	33	309.4284	-5.607239	0
85	34	393.9441	415.363	0
85	35	643.7825	588.0012	0
85	36	466.241	420.0957	0
85	37	406.8444	323.7331	0
85	38	614.0106	441.8375	0
85	39	328.6647	95.50845	0
85	40	381.8159	-4.702026	0
85	41	455.9911	370.0363	0
85	42	490.0697	403.6357	0
85	43	444.2502	315.272	0
86	1	411.5363	364.7744	0
86	2	424.9468	81.41879	0
86	3	383.4739	364.9474	0
86	4	333.676	267.7571	0
86	5	545.1892	521.6888	0
86	6	508.1238	261.9893	0
86	7	484.5219	373.4382	0
86	8	555.5207	377.1398	0
86	9	419.9655	49.33154	0
86	10	510.2466	472.6559	0
86	11	269.6454	-54.2561	0
86	12	275.0302	38.27579	0
86	13	336.1552	319.9833	0
86	14	405.243	113.9736	0
86	15	349.4501	49.67831	0
86	16	434.0696	256.2956	0
86	17	375.4654	149.8198	0
86	18	355.5023	80.18854	0
86	19	537.123	434.1743	0
86	20	515.1181	320.7459	0
86	21	543.9733	654.8922	0
86	22	572.8659	584.6929	0
86	23	406.8443	272.8521	0
86	24	320.1982	42.89709	0
86	25	560.4547	404.9472	0
86	26	448.8501	149.598	0
86	27	477.0545	116.9449	0
86	28	469.8803	641.1036	0
86	29	246.8843	38.47031	0
86	30	258.044	90.43298	0
86	31	583.6876	474.4855	0
86	32	195.2328	-62.29822	0
86	33	309.4158	-5.618103	0
86	34	393.9558	415.3638	0
86	35	643.74	588.0208	0
86	36	466.2329	420.0852	0
86	37	406.8299	323.7195	0
86	38	614.0086	441.8262	0
86	39	328.6701	95.50183	0
86	40	381.7837	-4.735901	0
86	41	455.9486	370.0452	0
86	42	490.1167	403.6465	0
86	43	444.2552	315.2643	0
87	1	411.512	364.7379	0
87	2	425.0195	81.42902	0
87	3	383.481	364.943	0
87	4	333.6801	267.7515	0
87	5	545.1771	521.6797	0
87	6	508.1119	261.9786	0
87	7	484.4713	373.4496	0
87	8	555.5349	377.1407	0
87	9	419.9567	49.32315	0
87	10	510.245	472.6603	0
87	11	269.6055	-54.23779	0
87	12	275.1038	38.28421	0
87	13	336.156	319.9734	0
87	14	405.2126	113.9983	0
87	15	349.4586	49.67538	0
87	16	434.0742	256.2891	0
87	17	375.4699	149.8199	0
87	18	355.5737	80.20001	0
87	19	537.1018	434.1943	0
87	20	515.1245	320.7451	0
87	21	543.9656	654.8639	0
87	22	572.8413	584.6453	0
87	23	406.852	272.847	0
87	24	320.2867	42.92917	0
87	25	560.4582	404.9472	0
87	26	448.8566	149.5887	0
87	27	477.0113	116.9528	0
87	28	469.8885	641.1026	0
87	29	246.884	38.45987	0
87	30	258.0478	90.43399	0
87	31	583.689	474.4764	0
87	32	195.2348	-62.31171	0
87	33	309.4074	-5.627319	0
87	34	393.967	415.3633	0
87	35	643.6998	588.046	0
87	36	466.2292	420.0771	0
87	37	406.8205	323.7081	0
87	38	613.9976	441.8164	0
87	39	328.6756	95.49475	0
87	40	381.7431	-4.766479	0
87	41	455.907	370.0569	0
87	42	490.1767	403.6567	0
87	43	444.26	315.2574	0
88	1	411.4762	364.7049	0
88	2	425.1023	81.43796	0
88	3	383.4856	364.9362	0
88	4	333.6843	267.7463	0
88	5	545.165	521.67	0
88	6	508.0965	261.9653	0
88	7	484.423	373.4609	0
88	8	555.547	377.1398	0
88	9	419.9478	49.27673	0
88	10	510.2482	472.6598	0
88	11	269.568	-54.21307	0
88	12	275.1884	38.29419	0
88	13	336.1559	319.9638	0
88	14	405.1868	114.0208	0
88	15	349.4643	49.66953	0
88	16	434.0785	256.2829	0
88	17	375.4754	149.8197	0
88	18	355.6477	80.21539	0
88	19	537.0875	434.2119	0
88	20	515.1344	320.7445	0
88	21	543.9514	654.814	0
88	22	572.8016	584.6026	0
88	23	406.8568	272.8396	0
88	24	320.3507	42.95877	0
88	25	560.4629	404.9465	0
88	26	448.8584	149.5768	0
88	27	476.9677	116.9619	0
88	28	469.899	641.1033	0
88	29	246.8739	38.45035	0
88	30	258.0539	90.43381	0
88	31	583.6907	474.466	0
88	32	195.2351	-62.32385	0
88	33	309.403	-5.635681	0
88	34	393.9757	415.3607	0
88	35	643.6625	588.0775	0
88	36	466.2352	420.075	0
88	37	406.8158	323.6988	0
88	38	613.9846	441.8065	0
88	39	328.6815	95.48709	0
88	40	381.6944	-4.792419	0
88	41	455.8665	370.0704	0
88	42	490.243	403.6659	0
88	43	444.2647	315.2511	0
89	1	411.432	364.6756	0
89	2	425.1945	81.45096	0
89	3	383.4901	364.9299	0
89	4	333.6888	267.7407	0
89	5	545.1536	521.6597	0
89	6	508.0829	261.9522	0
89	7	484.3748	373.4715	0
89	8	555.5567	377.1364	0
89	9	419.9261	49.23148	0
89	10	510.2529	472.6584	0
89	11	269.5337	-54.18555	0
89	12	275.2795	38.30899	0
89	13	336.1499	319.9552	0
89	14	405.1693	114.0403	0
89	15	349.4687	49.66309	0
89	16	434.0824	256.2773	0
89	17	375.4831	149.8195	0
89	18	355.7219	80.2355	0
89	19	537.0785	434.2251	0
89	20	515.1469	320.7456	0
89	21	543.9244	654.7667	0
89	22	572.7515	584.5642	0
89	23	406.8617	272.8331	0
89	24	320.3827	42.97842	0
89	25	560.4694	404.946	0
89	26	448.8603	149.5633	0
89	27	476.925	116.9739	0
89	28	469.9116	641.1038	0
89	29	246.8611	38.44101	0
89	30	258.0616	90.43393	0
89	31	583.6906	474.4561	0
89	32	195.2327	-62.33478	0
89	33	309.4052	-5.639282	0
89	34	393.9818	415.3551	0
89	35	643.6307	588.1075	0
89	36	466.2543	420.0782	0
89	37	406.8207	323.6956	0
89	38	613.9721	441.7962	0
89	39	328.6859	95.47742	0
89	40	381.6455	-4.810425	0
89	41	455.8309	370.085	0
89	42	490.3199	403.675	0
89	43	444.2696	315.2454	0
90	1	411.382	364.6523	0
90	2	425.2902	81.46875	0
90	3	383.4943	364.9243	0
90	4	333.6935	267.7342	0
90	5	545.1401	521.6469	0
90	6	508.0745	261.9404	0
90	7	484.3278	373.4852	0
90	8	555.5629	377.1292	0
90	9	419.8896	49.19092	0
90	10	510.2595	472.6574	0
90	11	269.5046	-54.16095	0
90	12	275.3739	38.32898	0
90	13	336.1391	319.9472	0
90	14	405.1583	114.0544	0
90	15	349.4727	49.65726	0
90	16	434.0864	256.272	0
90	17	375.4933	149.8205	0
90	18	355.7876	80.25961	0
90	19	537.075	434.2323	0
90	20	515.1615	320.7459	0
90	21	543.8824	654.7239	0
90	22	572.6915	584.5321	0
90	23	406.8663	272.827	0
90	24	320.3783	42.99051	0
90	25	560.4783	404.9464	0
90	26	448.8602	149.5508	0
90	27	476.8855	116.9882	0
90	28	469.922	641.1025	0
90	29	246.849	38.43173	0
90	30	258.0723	90.4343	0
90	31	583.6883	474.4466	0
90	32	195.2199	-62.34497	0
90	33	309.4191	-5.637329	0
90	34	393.9864	415.3483	0
90	35	643.6088	588.134	0
90	36	466.288	420.0877	0
90	37	406.84	323.6985	0
90	38	613.9594	441.7838	0
90	39	328.6867	95.46564	0
90	40	381.5941	-4.823486	0
90	41	455.7972	370.1028	0
90	42	490.4028	403.6873	0
90	43	444.2749	315.2394	0
91	1	411.3319	364.6381	0
91	2	425.3885	81.49261	0
91	3	383.4986	364.9193	0
91	4	333.6954	267.7256	0
91	5	545.127	521.6332	0
91	6	508.072	261.933	0
91	7	484.2827	373.5007	0
91	8	555.5678	377.1216	0
91	9	419.842	49.15451	0
91	10	510.269	472.6572	0
91	11	269.4851	-54.13983	0
91	12	275.4679	38.35501	0
91	13	336.1286	319.9388	0
91	14	405.1541	114.0621	0
91	15	349.4767	49.65167	0
91	16	434.0907	256.2664	0
91	17	375.5056	149.8214	0
91	18	355.8347	80.28174	0
91	19	537.0759	434.2338	0
91	20	515.173	320.744	0
91	21	543.8302	654.6858	0
91	22	572.6304	584.5093	0
91	23	406.8711	272.8215	0
91	24	320.3724	42.95486	0
91	25	560.4894	404.9474	0
91	26	448.8576	149.5392	0
91	27	476.8497	117.0036	0
91	28	469.9303	641.0991	0
91	29	246.8371	38.42026	0
91	30	258.0851	90.43564	0
91	31	583.678	474.4383	0
91	32	195.2061	-62.35529	0
91	33	309.4465	-5.629822	0
91	34	393.9907	415.3423	0
91	35	643.595	588.1544	0
91	36	466.3341	420.098	0
91	37	406.8754	323.7086	0
91	38	613.9441	441.7696	0
91	39	328.6882	95.45377	0
91	40	381.5461	-4.83136	0
91	41	455.7657	370.1263	0
91	42	490.4886	403.7035	0
91	43	444.2804	315.2326	0
92	1	411.2831	364.6243	0
92	2	425.481	81.5231	0
92	3	383.5033	364.9141	0
92	4	333.6965	267.7156	0
92	5	545.1191	521.6215	0
92	6	508.0826	261.9327	0
92	7	484.2427	373.5177	0
92	8	555.5723	377.1148	0
92	9	419.7842	49.12311	0
92	10	510.2811	472.6582	0
92	11	269.4729	-54.12531	0
92	12	275.5504	38.38556	0
92	13	336.1191	319.9296	0
92	14	405.1553	114.0636	0
92	15	349.4808	49.64584	0
92	16	434.0951	256.2602	0
92	17	375.5169	149.8209	0
92	18	355.8575	80.2963	0
92	19	537.0797	434.2334	0
92	20	515.1822	320.739	0
92	21	543.769	654.6547	0
92	22	572.5682	584.4911	0
92	23	406.8763	272.8156	0
92	24	320.3573	42.91052	0
92	25	560.5002	404.9472	0
92	26	448.8445	149.5288	0
92	27	476.8156	117.0234	0
92	28	469.9355	641.0923	0
92	29	246.8221	38.40726	0
92	30	258.0994	90.436	0
92	31	583.6667	474.4299	0
92	32	195.1933	-62.3656	0
92	33	309.4867	-5.618958	0
92	34	393.9951	415.3368	0
92	35	643.5891	588.1658	0
92	36	466.3921	420.1073	0
92	37	406.9247	323.7205	0
92	38	613.9339	441.7574	0
92	39	328.6888	95.44287	0
92	40	381.4973	-4.828735	0
92	41	455.7377	370.1512	0
92	42	490.5746	403.7255	0
92	43	444.2837	315.2234	0
93	1	411.2363	364.6217	0
93	2	425.5561	81.55472	0
93	3	383.5081	364.9083	0
93	4	333.6968	267.7061	0
93	5	545.1162	521.6128	0
93	6	508.109	261.9387	0
93	7	484.205	373.5388	0
93	8	555.5771	377.1085	0
93	9	419.7241	49.10071	0
93	10	510.2935	472.658	0
93	11	269.4689	-54.11755	0
93	12	275.6079	38.41333	0
93	13	336.1067	319.9184	0
93	14	405.1597	114.063	0
93	15	349.4851	49.63919	0
93	16	434.0985	256.2523	0
93	17	375.5258	149.8181	0
93	18	355.8531	80.30536	0
93	19	537.0844	434.2328	0
93	20	515.1878	320.7308	0
93	21	543.7073	654.6333	0
93	22	572.5111	584.4813	0
93	23	406.8816	272.8091	0
93	24	320.3297	42.86896	0
93	25	560.5088	404.9451	0
93	26	448.8302	149.5182	0
93	27	476.7838	117.0486	0
93	28	469.9401	641.0854	0
93	29	246.8121	38.39645	0
93	30	258.1105	90.43402	0
93	31	583.6561	474.4211	0
93	32	195.1791	-62.37891	0
93	33	309.5389	-5.608826	0
93	34	393.9998	415.3319	0
93	35	643.5891	588.1678	0
93	36	466.4579	420.115	0
93	37	406.9877	323.731	0
93	38	613.9283	441.7467	0
93	39	328.6813	95.43289	0
93	40	381.4496	-4.81958	0
93	41	455.7153	370.1737	0
93	42	490.6518	403.7542	0
93	43	444.2845	315.2124	0
94	1	411.189	364.6299	0
94	2	425.6	81.57877	0
94	3	383.5113	364.9004	0
94	4	333.6958	267.6971	0
94	5	545.1248	521.6109	0
94	6	508.1517	261.9509	0
94	7	484.1697	373.5663	0
94	8	555.5824	377.1024	0
94	9	419.6632	49.0856	0
94	10	510.3031	472.6556	0
94	11	269.4711	-54.11603	0
94	12	275.635	38.43063	0
94	13	336.0969	319.9077	0
94	14	405.1652	114.0625	0
94	15	349.4894	49.63159	0
94	16	434.0988	256.2426	0
94	17	375.5317	149.812	0
94	18	355.8489	80.27679	0
94	19	537.091	434.2325	0
94	20	515.1932	320.7233	0
94	21	543.6455	654.6147	0
94	22	572.4542	584.488	0
94	23	406.885	272.8003	0
94	24	320.2891	42.83142	0
94	25	560.5149	404.9402	0
94	26	448.8168	149.5075	0
94	27	476.756	117.0722	0
94	28	469.9444	641.0795	0
94	29	246.8068	38.38678	0
94	30	258.1187	90.42868	0
94	31	583.6445	474.41	0
94	32	195.1636	-62.39301	0
94	33	309.5979	-5.600464	0
94	34	394.0047	415.3267	0
94	35	643.5938	588.1665	0
94	36	466.5331	420.1234	0
94	37	407.0593	323.7397	0
94	38	613.9318	441.742	0
94	39	328.6683	95.42361	0
94	40	381.4038	-4.812256	0
94	41	455.7011	370.1924	0
94	42	490.708	403.7827	0
94	43	444.2852	315.2017	0
95	1	411.1439	364.6422	0
95	2	425.6093	81.59143	0
95	3	383.5119	364.8907	0
95	4	333.6867	267.6891	0
95	5	545.1479	521.6153	0
95	6	508.2089	261.9628	0
95	7	484.1386	373.5943	0
95	8	555.5881	377.0957	0
95	9	419.6066	49.07492	0
95	10	510.3103	472.6503	0
95	11	269.4765	-54.11646	0
95	12	275.6277	38.44064	0
95	13	336.0914	319.8979	0
95	14	405.1734	114.0622	0
95	15	349.4902	49.62238	0
95	16	434.0996	256.2329	0
95	17	375.5363	149.8053	0
95	18	355.8372	80.24353	0
95	19	537.0998	434.2332	0
95	20	515.1983	320.7165	0
95	21	543.5883	654.6075	0
95	22	572.3994	584.5046	0
95	23	406.8858	272.7898	0
95	24	320.2393	42.7981	0
95	25	560.519	404.9337	0
95	26	448.8022	149.4939	0
95	27	476.7363	117.0932	0
95	28	469.949	641.0745	0
95	29	246.8098	38.38306	0
95	30	258.124	90.42075	0
95	31	583.6312	474.3976	0
95	32	195.1543	-62.40424	0
95	33	309.6657	-5.59259	0
95	34	394.0096	415.3203	0
95	35	643.5995	588.1647	0
95	36	466.6132	420.1353	0
95	37	407.1414	323.7488	0
95	38	613.9503	441.7445	0
95	39	328.6558	95.41412	0
95	40	381.358	-4.80365	0
95	41	455.6931	370.205	0
95	42	490.7358	403.8016	0
95	43	444.285	315.1914	0
96	1	411.0993	364.6512	0
96	2	425.6015	81.57468	0
96	3	383.5128	364.8811	0
96	4	333.6759	267.6812	0
96	5	545.1866	521.6257	0
96	6	508.2788	261.9734	0
96	7	484.1151	373.6194	0
96	8	555.5931	377.0872	0
96	9	419.5497	49.07745	0
96	10	510.3151	472.6429	0
96	11	269.4832	-54.11652	0
96	12	275.6241	38.4006	0
96	13	336.0911	319.8918	0
96	14	405.1839	114.0631	0
96	15	349.4914	49.61212	0
96	16	434.0994	256.2236	0
96	17	375.5404	149.7992	0
96	18	355.8161	80.21252	0
96	19	537.1104	434.2338	0
96	20	515.2039	320.7103	0
96	21	543.5308	654.6171	0
96	22	572.3465	584.5179	0
96	23	406.8868	272.7795	0
96	24	320.1827	42.77081	0
96	25	560.5229	404.928	0
96	26	448.7856	149.4788	0
96	27	476.7235	117.1093	0
96	28	469.9539	641.0699	0
96	29	246.8269	38.38559	0
96	30	258.1293	90.41376	0
96	31	583.6225	474.3869	0
96	32	195.1503	-62.41266	0
96	33	309.7411	-5.581177	0
96	34	394.0112	415.3116	0
96	35	643.6085	588.1633	0
96	36	466.6958	420.1512	0
96	37	407.2299	323.7619	0
96	38	613.9852	441.754	0
96	39	328.6443	95.40341	0
96	40	381.3135	-4.791809	0
96	41	455.6914	370.2104	0
96	42	490.7313	403.8131	0
96	43	444.276	315.1823	0
97	1	411.0552	364.6628	0
97	2	425.5909	81.5304	0
97	3	383.5129	364.8719	0
97	4	333.6658	267.6731	0
97	5	545.2387	521.6365	0
97	6	508.3582	261.9821	0
97	7	484.1	373.6398	0
97	8	555.5936	377.0763	0
97	9	419.4938	49.08875	0
97	10	510.3197	472.6364	0
97	11	269.4931	-54.11646	0
97	12	275.6092	38.35861	0
97	13	336.1017	319.892	0
97	14	405.1966	114.0636	0
97	15	349.4911	49.60269	0
97	16	434.0929	256.2153	0
97	17	375.5446	149.7935	0
97	18	355.7853	80.18445	0
97	19	537.1193	434.2331	0
97	20	515.21	320.7039	0
97	21	543.476	654.6348	0
97	22	572.2932	584.5323	0
97	23	406.8868	272.7697	0
97	24	320.1263	42.75497	0
97	25	560.5267	404.9227	0
97	26	448.7749	149.4665	0
97	27	476.7176	117.1188	0
97	28	469.9592	641.0648	0
97	29	246.8602	38.39496	0
97	30	258.1339	90.40701	0
97	31	583.6178	474.3782	0
97	32	195.1574	-62.41437	0
97	33	309.8194	-5.565674	0
97	34	394.0128	415.3016	0
97	35	643.6207	588.1638	0
97	36	466.7777	420.1729	0
97	37	407.3216	323.7794	0
97	38	614.0344	441.7656	0
97	39	328.629	95.39047	0
97	40	381.2722	-4.777527	0
97	41	455.6946	370.2108	0
97	42	490.726	403.7793	0
97	43	444.2638	315.1736	0
98	1	411.0118	364.6768	0
98	2	425.5685	81.48788	0
98	3	383.5055	364.8637	0
98	4	333.6555	267.663	0
98	5	545.303	521.6468	0
98	6	508.4477	261.9933	0
98	7	484.0923	373.6528	0
98	8	555.5952	377.0646	0
98	9	419.4402	49.0986	0
98	10	510.3244	472.6304	0
98	11	269.5055	-54.11536	0
98	12	275.5818	38.3201	0
98	13	336.1252	319.8976	0
98	14	405.2072	114.0623	0
98	15	349.4883	49.59406	0
98	16	434.0822	256.2074	0
98	17	375.5489	149.7877	0
98	18	355.7476	80.15958	0
98	19	537.1266	434.2305	0
98	20	515.2162	320.697	0
98	21	543.4224	654.6482	0
98	22	572.241	584.5491	0
98	23	406.8786	272.7609	0
98	24	320.0692	42.73993	0
98	25	560.5309	404.9178	0
98	26	448.7696	149.4568	0
98	27	476.7173	117.1217	0
98	28	469.9635	641.0577	0
98	29	246.9084	38.40796	0
98	30	258.1384	90.40042	0
98	31	583.6223	474.3752	0
98	32	195.1803	-62.41034	0
98	33	309.8993	-5.545105	0
98	34	394.0129	415.2921	0
98	35	643.636	588.1647	0
98	36	466.8502	420.2012	0
98	37	407.4134	323.8029	0
98	38	614.0978	441.7765	0
98	39	328.617	95.37863	0
98	40	381.235	-4.761475	0
98	41	455.6998	370.2102	0
98	42	490.7118	403.739	0
98	43	444.2523	315.1646	0
99	1	410.9734	364.6919	0
99	2	425.5316	81.44986	0
99	3	383.4947	364.8559	0
99	4	333.6429	267.6516	0
99	5	545.3743	521.6561	0
99	6	508.5413	262.0089	0
99	7	484.0912	373.6577	0
99	8	555.5946	377.0535	0
99	9	419.3864	49.10873	0
99	10	510.3296	472.6253	0
99	11	269.52	-54.11499	0
99	12	275.5424	38.28537	0
99	13	336.1621	319.9073	0
99	14	405.2155	114.0581	0
99	15	349.4782	49.58612	0
99	16	434.0718	256.1992	0
99	17	375.5534	149.7811	0
99	18	355.7053	80.1394	0
99	19	537.1311	434.2252	0
99	20	515.2208	320.6877	0
99	21	543.3687	654.6637	0
99	22	572.192	584.5675	0
99	23	406.867	272.7526	0
99	24	320.0142	42.73547	0
99	25	560.5356	404.9125	0
99	26	448.7756	149.454	0
99	27	476.7213	117.1214	0
99	28	469.9642	641.048	0
99	29	246.9709	38.41956	0
99	30	258.143	90.39307	0
99	31	583.6398	474.3778	0
99	32	195.2216	-62.39777	0
99	33	309.9727	-5.52002	0
99	34	394.0114	415.283	0
99	35	643.6496	588.1637	0
99	36	466.9009	420.2283	0
99	37	407.4955	323.8334	0
99	38	614.1692	441.7867	0
99	39	328.6099	95.36768	0
99	40	381.2	-4.741028	0
99	41	455.7063	370.2098	0
99	42	490.6866	403.7016	0
99	43	444.2412	315.1539	0
100	1	410.9373	364.7093	0
100	2	425.4851	81.4158	0
100	3	383.4845	364.8479	0
100	4	333.6347	267.6419	0
100	5	545.4561	521.666	0
100	6	508.6377	262.0299	0
100	7	484.0955	373.6578	0
100	8	555.5896	377.0431	0
100	9	419.334	49.12244	0
100	10	510.3351	472.6201	0
100	11	269.5316	-54.1167	0
100	12	275.4937	38.25476	0
100	13	336.2109	319.9169	0
100	14	405.2208	114.0512	0
100	15	349.4676	49.57797	0
100	16	434.0623	256.19	0
100	17	375.5579	149.7734	0
100	18	355.6629	80.12766	0
100	19	537.1349	434.2194	0
100	20	515.2216	320.6761	0
100	21	543.3159	654.6813	0
100	22	572.1476	584.5873	0
100	23	406.856	272.744	0
100	24	319.9581	42.74213	0
100	25	560.5402	404.9062	0
100	26	448.7979	149.4577	0
100	27	476.7262	117.1208	0
100	28	469.9657	641.038	0
100	29	247.0427	38.42883	0
100	30	258.148	90.38498	0
100	31	583.6718	474.3868	0
100	32	195.2787	-62.38342	0
100	33	310.0291	-5.495728	0
100	34	394.0018	415.2751	0
100	35	643.6606	588.16	0
100	36	466.9241	420.245	0
100	37	407.5551	323.8636	0
100	38	614.2514	441.7963	0
100	39	328.6092	95.36166	0
100	40	381.1671	-4.715454	0
100	41	455.7156	370.2098	0
100	42	490.6503	403.6675	0
100	43	444.2266	315.1412	0
101	1	410.9033	364.7326	0
101	2	425.4291	81.38696	0
101	3	383.4749	364.8385	0
101	4	333.6305	267.6335	0
101	5	545.5425	521.6792	0
101	6	508.7311	262.058	0
101	7	484.1015	373.6571	0
101	8	555.5773	377.0338	0
101	9	419.2843	49.13971	0
101	10	510.3406	472.6136	0
101	11	269.5405	-54.12225	0
101	12	275.4389	38.23035	0
101	13	336.2684	319.926	0
101	14	405.2256	114.0446	0
101	15	349.4576	49.56958	0
101	16	434.0499	256.1791	0
101	17	375.5588	149.764	0
101	18	355.6203	80.11642	0
101	19	537.1383	434.2144	0
101	20	515.2231	320.6644	0
101	21	543.2675	654.7	0
101	22	572.1058	584.6125	0
101	23	406.8456	272.7339	0
101	24	319.9043	42.7532	0
101	25	560.5417	404.8978	0
101	26	448.8388	149.4697	0
101	27	476.7336	117.1204	0
101	28	469.9658	641.0281	0
101	29	247.125	38.4379	0
101	30	258.1512	90.37503	0
101	31	583.7161	474.397	0
101	32	195.3508	-62.37067	0
101	33	310.0599	-5.478271	0
101	34	393.9911	415.2671	0
101	35	643.6677	588.1522	0
101	36	466.917	420.2536	0
101	37	407.5847	323.8831	0
101	38	614.3405	441.8091	0
101	39	328.6218	95.36252	0
101	40	381.1383	-4.69104	0
101	41	455.727	370.211	0
101	42	490.6058	403.6372	0
101	43	444.2163	315.1301	0
102	1	410.8723	364.7589	0
102	2	425.3723	81.3674	0
102	3	383.462	364.8273	0
102	4	333.6338	267.6304	0
102	5	545.6317	521.6967	0
102	6	508.8109	262.0908	0
102	7	484.1093	373.6566	0
102	8	555.5648	377.024	0
102	9	419.2398	49.15808	0
102	10	510.3432	472.6048	0
102	11	269.5462	-54.13031	0
102	12	275.3845	38.21689	0
102	13	336.3332	319.9337	0
102	14	405.23	114.0385	0
102	15	349.4466	49.55914	0
102	16	434.0402	256.1689	0
102	17	375.5601	149.7534	0
102	18	355.5792	80.11356	0
102	19	537.1419	434.2097	0
102	20	515.2232	320.6533	0
102	21	543.2231	654.7208	0
102	22	572.067	584.645	0
102	23	406.8316	272.722	0
102	24	319.8516	42.76157	0
102	25	560.5427	404.8883	0
102	26	448.8956	149.4837	0
102	27	476.7437	117.1211	0
102	28	469.9605	641.0189	0
102	29	247.2157	38.4516	0
102	30	258.1515	90.36319	0
102	31	583.7725	474.4062	0
102	32	195.432	-62.36145	0
102	33	310.0625	-5.46814	0
102	34	393.9811	415.2588	0
102	35	643.6733	588.1435	0
102	36	466.9134	420.2149	0
102	37	407.5802	323.894	0
102	38	614.4324	441.826	0
102	39	328.6501	95.3696	0
102	40	381.1178	-4.669312	0
102	41	455.7394	370.2112	0
102	42	490.5561	403.613	0
102	43	444.2104	315.1198	0
103	1	410.8463	364.7827	0
103	2	425.3146	81.35251	0
103	3	383.4527	364.8172	0
103	4	333.6491	267.6325	0
103	5	545.7192	521.7209	0
103	6	508.8622	262.1186	0
103	7	484.1202	373.657	0
103	8	555.5532	377.0136	0
103	9	419.1976	49.18118	0
103	10	510.3445	472.5943	0
103	11	269.5518	-54.13739	0
103	12	275.3318	38.20331	0
103	13	336.4067	319.9434	0
103	14	405.2347	114.0328	0
103	15	349.4349	49.5481	0
103	16	434.0347	256.1595	0
103	17	375.5597	149.7436	0
103	18	355.5375	80.11902	0
103	19	537.1458	434.2053	0
103	20	515.2153	320.6433	0
103	21	543.1813	654.7478	0
103	22	572.0331	584.6763	0
103	23	406.8217	272.7115	0
103	24	319.7997	42.77301	0
103	25	560.5425	404.879	0
103	26	448.9678	149.4962	0
103	27	476.7563	117.1218	0
103	28	469.9494	641.0108	0
103	29	247.3099	38.47012	0
103	30	258.1521	90.35159	0
103	31	583.8372	474.4139	0
103	32	195.5256	-62.35016	0
103	33	310.0562	-5.486633	0
103	34	393.9703	415.2483	0
103	35	643.6788	588.1361	0
103	36	466.8987	420.1763	0
103	37	407.5755	323.8572	0
103	38	614.5253	441.8489	0
103	39	328.6943	95.38226	0
103	40	381.1044	-4.652832	0
103	41	455.749	370.2093	0
103	42	490.5059	403.5977	0
103	43	444.2116	315.1147	0
104	1	410.8291	364.8034	0
104	2	425.2613	81.34448	0
104	3	383.4473	364.8076	0
104	4	333.6782	267.6407	0
104	5	545.795	521.7521	0
104	6	508.8801	262.134	0
104	7	484.1337	373.6582	0
104	8	555.5394	377.0007	0
104	9	419.1582	49.21136	0
104	10	510.3451	472.584	0
104	11	269.5568	-54.14435	0
104	12	275.2803	38.20123	0
104	13	336.4838	319.9564	0
104	14	405.2397	114.0268	0
104	15	349.428	49.53909	0
104	16	434.0345	256.154	0
104	17	375.557	149.7344	0
104	18	355.4976	80.12744	0
104	19	537.15	434.2004	0
104	20	515.2023	320.6339	0
104	21	543.1426	654.7809	0
104	22	572.0092	584.7042	0
104	23	406.8159	272.7015	0
104	24	319.7491	42.78802	0
104	25	560.5408	404.8701	0
104	26	449.0503	149.5058	0
104	27	476.7679	117.121	0
104	28	469.9385	641.0022	0
104	29	247.4056	38.49469	0
104	30	258.1519	90.34085	0
104	31	583.9109	474.422	0
104	32	195.6265	-62.33356	0
104	33	310.0464	-5.521973	0
104	34	393.9578	415.2364	0
104	35	643.6848	588.1295	0
104	36	466.873	420.1413	0
104	37	407.561	323.8147	0
104	38	614.6104	441.8795	0
104	39	328.753	95.39413	0
104	40	381.0984	-4.6427	0
104	41	455.7563	370.2049	0
104	42	490.4557	403.5835	0
104	43	444.2262	315.1163	0
105	1	410.8185	364.8181	0
105	2	425.2073	81.34879	0
105	3	383.4479	364.8026	0
105	4	333.7197	267.651	0
105	5	545.8462	521.7806	0
105	6	508.8716	262.1296	0
105	7	484.1473	373.6581	0
105	8	555.5261	376.9873	0
105	9	419.1231	49.24063	0
105	10	510.3441	472.5741	0
105	11	269.562	-54.15106	0
105	12	275.2276	38.20889	0
105	13	336.5634	319.9739	0
105	14	405.2449	114.0204	0
105	15	349.4254	49.53253	0
105	16	434.0455	256.1546	0
105	17	375.5466	149.7263	0
105	18	355.4583	80.13394	0
105	19	537.1537	434.1941	0
105	20	515.1897	320.6244	0
105	21	543.1096	654.8123	0
105	22	571.9938	584.7262	0
105	23	406.8166	272.6965	0
105	24	319.7043	42.80505	0
105	25	560.5317	404.8623	0
105	26	449.1448	149.5166	0
105	27	476.777	117.1177	0
105	28	469.9286	640.9928	0
105	29	247.4926	38.52493	0
105	30	258.1429	90.33105	0
105	31	583.9897	474.4333	0
105	32	195.7313	-62.31079	0
105	33	310.0271	-5.555725	0
105	34	393.9499	415.2263	0
105	35	643.6915	588.1237	0
105	36	466.8369	420.1096	0
105	37	407.5346	323.7756	0
105	38	614.6753	441.9112	0
105	39	328.823	95.40442	0
105	40	381.0986	-4.639038	0
105	41	455.7608	370.1978	0
105	42	490.4077	403.5802	0
105	43	444.2556	315.1241	0
106	1	410.8185	364.8181	0
106	2	425.2073	81.34879	0
106	3	383.4479	364.8026	0
106	4	333.7197	267.651	0
106	5	545.8462	521.7806	0
106	6	508.8716	262.1296	0
106	7	484.1473	373.6581	0
106	8	555.5261	376.9873	0
106	9	419.1231	49.24063	0
106	10	510.3441	472.5741	0
106	11	269.562	-54.15106	0
106	12	275.2276	38.20889	0
106	13	336.5634	319.9739	0
106	14	405.2449	114.0204	0
106	15	349.4254	49.53253	0
106	16	434.0455	256.1546	0
106	17	375.5466	149.7263	0
106	18	355.4583	80.13394	0
106	19	537.1537	434.1941	0
106	20	515.1897	320.6244	0
106	21	543.1096	654.8123	0
106	22	571.9938	584.7262	0
106	23	406.8166	272.6965	0
106	24	319.7043	42.80505	0
106	25	560.5317	404.8623	0
106	26	449.1448	149.5166	0
106	27	476.777	117.1177	0
106	28	469.9286	640.9928	0
106	29	247.4926	38.52493	0
106	30	258.1429	90.33105	0
106	31	583.9897	474.4333	0
106	32	195.7313	-62.31079	0
106	33	310.0271	-5.555725	0
106	34	393.9499	415.2263	0
106	35	643.6915	588.1237	0
106	36	466.8369	420.1096	0
106	37	407.5346	323.7756	0
106	38	614.6753	441.9112	0
106	39	328.823	95.40442	0
106	40	381.0986	-4.639038	0
106	41	455.7608	370.1978	0
106	42	490.4077	403.5802	0
106	43	444.2556	315.1241	0
17	1	410.4561	363.4157	0
18	1	410.4305	363.381	0
18	2	425.841	85.35779	0
19	1	410.3948	363.3493	0
19	2	425.8471	85.35666	0
19	3	384.4325	363.4129	0
20	1	410.3514	363.3215	0
20	2	425.8649	85.35999	0
20	3	384.3993	363.4244	0
20	4	336.1064	266.2274	0
21	1	410.3043	363.2997	0
21	2	425.8957	85.36893	0
21	3	384.3698	363.4371	0
21	4	336.1825	266.2411	0
21	5	544.0598	517.6068	0
22	1	410.2564	363.2863	0
22	2	425.9375	85.37878	0
22	3	384.3419	363.4528	0
22	4	336.2603	266.2597	0
22	5	544.0638	517.6004	0
22	6	507.0457	260.7607	0
23	1	410.2096	363.2738	0
23	2	425.9898	85.38776	0
23	3	384.3157	363.4732	0
23	4	336.3321	266.2839	0
23	5	544.0676	517.5949	0
23	6	507.0282	260.7457	0
23	7	482.8214	372.4027	0
24	1	410.1638	363.2728	0
24	2	426.0471	85.3949	0
24	3	384.2925	363.4938	0
24	4	336.3878	266.3094	0
24	5	544.0714	517.5898	0
24	6	507.0137	260.7316	0
24	7	482.8901	372.4142	0
24	8	554.4796	376.5294	0
25	1	410.1179	363.2814	0
25	2	426.1136	85.40323	0
25	3	384.2751	363.5122	0
25	4	336.4188	266.3284	0
25	5	544.0757	517.5851	0
25	6	507.0048	260.7185	0
25	7	482.961	372.4298	0
25	8	554.4681	376.5204	0
25	9	418.772	52.46762	0
26	1	410.0742	363.2923	0
26	2	426.1847	85.4151	0
26	3	384.2639	363.527	0
26	4	336.4223	266.3392	0
26	5	544.0803	517.58	0
26	6	507.0027	260.7106	0
26	7	483.0285	372.4507	0
26	8	554.4575	376.5108	0
26	9	418.7602	52.45694	0
27	1	410.0309	363.3011	0
27	2	426.2581	85.43106	0
27	3	384.2582	363.5364	0
27	4	336.416	266.3221	0
27	5	544.0845	517.5734	0
27	6	507.0158	260.7109	0
27	7	483.0847	372.4751	0
27	8	554.4448	376.499	0
27	9	418.7454	52.44382	0
27	10	512.0086	474.3013	0
28	1	409.9886	363.3128	0
28	2	426.3307	85.45178	0
28	3	384.2576	363.5398	0
28	4	336.4066	266.2867	0
28	5	544.0851	517.5647	0
28	6	507.0466	260.7183	0
28	7	483.1192	372.4949	0
28	8	554.4325	376.4867	0
28	9	418.7325	52.43124	0
28	10	511.9492	474.2845	0
28	11	270.3997	-55.72113	0
29	1	409.9473	363.3264	0
29	2	426.394	85.47583	0
29	3	384.261	363.5398	0
29	4	336.388	266.2528	0
29	5	544.0865	517.5552	0
29	6	507.0952	260.7319	0
29	7	483.1288	372.5063	0
29	8	554.425	376.4761	0
29	9	418.725	52.42023	0
29	10	511.8942	474.2733	0
29	11	270.4004	-55.73334	0
29	12	274.3386	37.94107	0
30	1	409.9111	363.341	0
30	2	426.4374	85.49692	0
30	3	384.2655	363.5392	0
30	4	336.3584	266.2222	0
30	5	544.086	517.5461	0
30	6	507.1601	260.745	0
30	7	483.1221	372.4999	0
30	8	554.4225	376.4685	0
30	9	418.7234	52.41351	0
30	10	511.8393	474.2775	0
30	11	270.4012	-55.74512	0
30	12	274.44	37.9649	0
30	13	335.9558	320.4056	0
31	1	409.8768	363.3589	0
31	2	426.4566	85.51013	0
31	3	384.2715	363.5389	0
31	4	336.3216	266.1946	0
31	5	544.0825	517.5373	0
31	6	507.2384	260.7566	0
31	7	483.1152	372.4671	0
31	8	554.4306	376.4672	0
31	9	418.7347	52.41357	0
31	10	511.7858	474.2918	0
31	11	270.4014	-55.7558	0
31	12	274.5361	37.99527	0
31	13	335.9468	320.3953	0
31	14	404.4435	114.4965	0
32	1	409.8448	363.3823	0
32	2	426.4493	85.51733	0
32	3	384.2797	363.5392	0
32	4	336.2781	266.1718	0
32	5	544.0726	517.5297	0
32	6	507.3277	260.7662	0
32	7	483.0996	372.435	0
32	8	554.4525	376.4716	0
32	9	418.7616	52.41977	0
32	10	511.7346	474.3045	0
32	11	270.3921	-55.76569	0
32	12	274.6149	38.02747	0
32	13	335.9419	320.3859	0
32	14	404.4733	114.5137	0
32	15	345.8444	45.49283	0
33	1	409.816	363.4075	0
33	2	426.4457	85.4841	0
33	3	384.2897	363.5401	0
33	4	336.2348	266.1561	0
33	5	544.0624	517.5217	0
33	6	507.4276	260.7791	0
33	7	483.0739	372.406	0
33	8	554.489	376.4816	0
33	9	418.805	52.43216	0
33	10	511.6831	474.317	0
33	11	270.3788	-55.77502	0
33	12	274.6625	38.05298	0
33	13	335.944	320.3817	0
33	14	404.4759	114.5227	0
33	15	345.8499	45.48499	0
33	16	433.8173	258.0913	0
34	1	409.7928	363.4305	0
34	2	426.4324	85.45123	0
34	3	384.2997	363.54	0
34	4	336.1895	266.1436	0
34	5	544.0529	517.5131	0
34	6	507.5318	260.7968	0
34	7	483.0412	372.3797	0
34	8	554.538	376.492	0
34	9	418.8629	52.44476	0
34	10	511.6329	474.3324	0
34	11	270.3662	-55.78442	0
34	12	274.6762	38.06677	0
34	13	335.9586	320.3834	0
34	14	404.4706	114.5029	0
34	15	345.8557	45.47763	0
34	16	433.8035	258.0812	0
34	17	375.5358	147.5629	0
35	1	409.7779	363.4497	0
35	2	426.4096	85.42102	0
35	3	384.3074	363.5381	0
35	4	336.1471	266.1375	0
35	5	544.0419	517.5026	0
35	6	507.6391	260.8206	0
35	7	483.0018	372.3572	0
35	8	554.5983	376.5018	0
35	9	418.9326	52.45615	0
35	10	511.585	474.3497	0
35	11	270.3545	-55.79553	0
35	12	274.6677	38.05692	0
35	13	335.9873	320.3912	0
35	14	404.4608	114.4687	0
35	15	345.8617	45.47015	0
35	16	433.7903	258.0706	0
35	17	375.5407	147.5555	0
35	18	353.5231	76.81808	0
36	1	409.7693	363.4628	0
36	2	426.3778	85.39355	0
36	3	384.3129	363.5337	0
36	4	336.1037	266.1418	0
36	5	544.0307	517.4911	0
36	6	507.742	260.8525	0
36	7	482.9616	372.3408	0
36	8	554.6653	376.5103	0
36	9	419.0103	52.46518	0
36	10	511.542	474.3682	0
36	11	270.3389	-55.80847	0
36	12	274.6593	38.01199	0
36	13	336.029	320.4018	0
36	14	404.4417	114.4363	0
36	15	345.868	45.46191	0
36	16	433.778	258.0584	0
36	17	375.5446	147.5465	0
36	18	353.5133	76.83154	0
37	1	409.7673	363.4686	0
37	2	426.3391	85.36948	0
37	3	384.3167	363.5278	0
37	4	336.0614	266.1519	0
37	5	544.024	517.4814	0
37	6	507.829	260.8889	0
37	7	482.9195	372.329	0
37	8	554.7422	376.5198	0
37	9	419.099	52.47717	0
37	10	511.5015	474.3913	0
37	11	270.328	-55.8194	0
37	12	274.6384	37.96841	0
37	13	336.0831	320.4113	0
37	14	404.4118	114.4073	0
37	15	345.8742	45.4523	0
37	16	433.7618	258.0442	0
37	17	375.5449	147.5356	0
37	18	353.5112	76.83734	0
37	19	539.3342	434.6267	0
38	1	409.7704	363.4692	0
38	2	426.297	85.35049	0
38	3	384.3203	363.5226	0
38	4	336.0206	266.1596	0
38	5	544.0212	517.474	0
38	6	507.8831	260.9189	0
38	7	482.8801	372.3211	0
38	8	554.8232	376.5328	0
38	9	419.1924	52.49374	0
38	10	511.4637	474.4215	0
38	11	270.3219	-55.82959	0
38	12	274.6032	37.92935	0
38	13	336.1456	320.4195	0
38	14	404.3745	114.3814	0
38	15	345.8757	45.44046	0
38	16	433.7504	258.0316	0
38	17	375.5458	147.5244	0
38	18	353.5151	76.83759	0
38	19	539.3912	434.6528	0
38	20	515.7211	320.2081	0
39	1	409.7757	363.4686	0
39	2	426.2542	85.33963	0
39	3	384.3237	363.5177	0
39	4	335.9799	266.1689	0
39	5	544.0278	517.4722	0
39	6	507.8997	260.9351	0
39	7	482.8407	372.3235	0
39	8	554.9069	376.5501	0
39	9	419.2888	52.51611	0
39	10	511.4304	474.4516	0
39	11	270.3235	-55.83392	0
39	12	274.5575	37.89432	0
39	13	336.2172	320.4272	0
39	14	404.3306	114.3598	0
39	15	345.8779	45.42703	0
39	16	433.744	258.0198	0
39	17	375.5457	147.514	0
39	18	353.521	76.83685	0
39	19	539.4241	434.6729	0
39	20	515.6774	320.1797	0
39	21	542.1857	648.0886	0
40	1	409.7823	363.4681	0
40	2	426.2123	85.32904	0
40	3	384.3273	363.5132	0
40	4	335.9404	266.1806	0
40	5	544.0464	517.4755	0
40	6	507.8904	260.9256	0
40	7	482.8023	372.3327	0
40	8	554.9888	376.5734	0
40	9	419.3818	52.54474	0
40	10	511.4058	474.4783	0
40	11	270.3389	-55.83173	0
40	12	274.5017	37.86411	0
40	13	336.2959	320.4382	0
40	14	404.2865	114.3462	0
40	15	345.878	45.41483	0
40	16	433.7453	258.0137	0
40	17	375.5388	147.5046	0
40	18	353.5289	76.83649	0
40	19	539.4298	434.6843	0
40	20	515.6282	320.1574	0
40	21	542.1987	648.0897	0
40	22	569.455	583.4253	0
41	1	409.7916	363.4681	0
41	2	426.1715	85.32764	0
41	3	384.3311	363.5084	0
41	4	335.9044	266.1938	0
41	5	544.078	517.4841	0
41	6	507.8805	260.8762	0
41	7	482.7655	372.3409	0
41	8	555.0598	376.6022	0
41	9	419.46	52.57581	0
41	10	511.39	474.4999	0
41	11	270.3705	-55.82318	0
41	12	274.4438	37.84286	0
41	13	336.3774	320.4529	0
41	14	404.2424	114.3346	0
41	15	345.875	45.40375	0
41	16	433.7615	258.0154	0
41	17	375.5267	147.4957	0
41	18	353.5402	76.83673	0
41	19	539.4232	434.6701	0
41	20	515.5787	320.144	0
41	21	542.2111	648.0891	0
41	22	569.4603	583.4171	0
41	23	405.3069	272.3486	0
42	1	409.803	363.4693	0
42	2	426.1306	85.33395	0
42	3	384.335	363.5026	0
42	4	335.8716	266.2087	0
42	5	544.1208	517.4931	0
42	6	507.8574	260.828	0
42	7	482.7286	372.3494	0
42	8	555.1075	376.6277	0
42	9	419.5097	52.60114	0
42	10	511.3819	474.5132	0
42	11	270.4181	-55.80969	0
42	12	274.3856	37.82809	0
42	13	336.4605	320.4727	0
42	14	404.2012	114.3299	0
42	15	345.862	45.39362	0
42	16	433.7945	258.0239	0
42	17	375.515	147.4865	0
42	18	353.5541	76.83789	0
42	19	539.414	434.635	0
42	20	515.531	320.131	0
42	21	542.2209	648.0864	0
42	22	569.4653	583.4094	0
42	23	405.2889	272.3705	0
42	24	321.4367	45.47556	0
43	1	409.8157	363.4695	0
43	2	426.0917	85.34207	0
43	3	384.3363	363.4951	0
43	4	335.8407	266.2278	0
43	5	544.1741	517.5016	0
43	6	507.8188	260.7849	0
43	7	482.6926	372.3599	0
43	8	555.1265	376.6433	0
43	9	419.5267	52.61612	0
43	10	511.3809	474.5173	0
43	11	270.4801	-55.79749	0
43	12	274.3313	37.81824	0
43	13	336.5364	320.499	0
43	14	404.1592	114.3346	0
43	15	345.8481	45.38321	0
43	16	433.8435	258.0366	0
43	17	375.5043	147.4763	0
43	18	353.5688	76.83768	0
43	19	539.3957	434.6011	0
43	20	515.4854	320.1288	0
43	21	542.2278	648.0804	0
43	22	569.47	583.4027	0
43	23	405.2779	272.3861	0
43	24	321.4176	45.49619	0
43	25	562.4741	408.0526	0
44	1	409.8255	363.4678	0
44	2	426.0531	85.34869	0
44	3	384.3372	363.4863	0
44	4	335.8119	266.2513	0
44	5	544.2328	517.5095	0
44	6	507.7687	260.746	0
44	7	482.6587	372.3719	0
44	8	555.1183	376.6465	0
44	9	419.5172	52.61328	0
44	10	511.3854	474.5165	0
44	11	270.5526	-55.78766	0
44	12	274.2755	37.82101	0
44	13	336.5947	320.5268	0
44	14	404.1188	114.3441	0
44	15	345.8352	45.37274	0
44	16	433.9077	258.0487	0
44	17	375.4904	147.4641	0
44	18	353.5802	76.83496	0
44	19	539.3666	434.5705	0
44	20	515.4396	320.1369	0
44	21	542.2326	648.0728	0
44	22	569.4752	583.3969	0
44	23	405.2745	272.3941	0
44	24	321.4052	45.51169	0
44	25	562.5071	408.0616	0
44	26	447.1178	149.882	0
45	1	409.8329	363.4635	0
45	2	426.0154	85.35785	0
45	3	384.3371	363.4779	0
45	4	335.7869	266.2735	0
45	5	544.3005	517.5176	0
45	6	507.7081	260.7127	0
45	7	482.6284	372.3852	0
45	8	555.1124	376.6074	0
45	9	419.5095	52.57007	0
45	10	511.3912	474.5149	0
45	11	270.6355	-55.77863	0
45	12	274.2203	37.83206	0
45	13	336.626	320.5467	0
45	14	404.0794	114.3508	0
45	15	345.8207	45.35928	0
45	16	433.9815	258.0597	0
45	17	375.4794	147.4528	0
45	18	353.5886	76.82822	0
45	19	539.3304	434.5428	0
45	20	515.3964	320.1484	0
45	21	542.2371	648.0661	0
45	22	569.4809	583.3911	0
45	23	405.2769	272.3956	0
45	24	321.3998	45.52087	0
45	25	562.5544	408.0734	0
45	26	447.1049	149.8721	0
45	27	478.5302	117.4753	0
46	1	409.8376	363.4564	0
46	2	425.9785	85.36954	0
46	3	384.3358	363.4698	0
46	4	335.7695	266.2932	0
46	5	544.3724	517.5285	0
46	6	507.6453	260.6889	0
46	7	482.5998	372.4018	0
46	8	555.0955	376.5687	0
46	9	419.4898	52.52774	0
46	10	511.3995	474.5137	0
46	11	270.7277	-55.76508	0
46	12	274.1674	37.84134	0
46	13	336.6279	320.5571	0
46	14	404.0402	114.3595	0
46	15	345.8049	45.34485	0
46	16	434.0658	258.0696	0
46	17	375.4731	147.4424	0
46	18	353.5942	76.81973	0
46	19	539.2877	434.5198	0
46	20	515.3535	320.1571	0
46	21	542.2418	648.0601	0
46	22	569.4866	583.384	0
46	23	405.2824	272.3951	0
46	24	321.4005	45.52386	0
46	25	562.6158	408.084	0
46	26	447.0913	149.8619	0
46	27	478.5111	117.4313	0
47	1	409.8421	363.4498	0
47	2	425.9461	85.38235	0
47	3	384.3278	363.4628	0
47	4	335.7584	266.3079	0
47	5	544.4464	517.5429	0
47	6	507.5814	260.672	0
47	7	482.573	372.4232	0
47	8	555.0674	376.5336	0
47	9	419.4568	52.48929	0
47	10	511.4113	474.5138	0
47	11	270.8234	-55.74646	0
47	12	274.1144	37.8512	0
47	13	336.6223	320.5341	0
47	14	404.0017	114.3706	0
47	15	345.7951	45.33325	0
47	16	434.1596	258.0828	0
47	17	375.4727	147.4364	0
47	18	353.5996	76.81226	0
47	19	539.2448	434.5034	0
47	20	515.3114	320.1683	0
47	21	542.2469	648.0552	0
47	22	569.4901	583.3744	0
47	23	405.2892	272.3948	0
47	24	321.4053	45.52405	0
47	25	562.6871	408.0931	0
47	26	447.0786	149.8516	0
47	27	478.4785	117.3917	0
47	28	469.8893	643.8634	0
48	1	409.8462	363.4439	0
48	2	425.9155	85.39786	0
48	3	384.3184	363.4557	0
48	4	335.7538	266.3164	0
48	5	544.5193	517.5627	0
48	6	507.5223	260.6605	0
48	7	482.5495	372.4443	0
48	8	555.0297	376.5014	0
48	9	419.4135	52.4545	0
48	10	511.426	474.515	0
48	11	270.9216	-55.72156	0
48	12	274.063	37.86453	0
48	13	336.6117	320.496	0
48	14	403.9668	114.3837	0
48	15	345.7907	45.32458	0
48	16	434.257	258.1003	0
48	17	375.4846	147.4369	0
48	18	353.6048	76.80518	0
48	19	539.1998	434.4906	0
48	20	515.2695	320.1819	0
48	21	542.2526	648.0503	0
48	22	569.4906	583.3626	0
48	23	405.299	272.3947	0
48	24	321.4112	45.52399	0
48	25	562.7685	408.1019	0
48	26	447.0642	149.8383	0
48	27	478.4345	117.356	0
48	28	469.8463	643.8773	0
48	29	246.2379	37.9859	0
49	1	409.8504	363.4385	0
49	2	425.8869	85.41821	0
49	3	384.3096	363.4482	0
49	4	335.7547	266.3187	0
49	5	544.5831	517.5885	0
49	6	507.4633	260.6641	0
49	7	482.5323	372.4633	0
49	8	554.9842	376.4735	0
49	9	419.3611	52.42441	0
49	10	511.4404	474.5144	0
49	11	271.0124	-55.69104	0
49	12	274.0149	37.88123	0
49	13	336.591	320.4601	0
49	14	403.9345	114.398	0
49	15	345.7978	45.32272	0
49	16	434.3568	258.124	0
49	17	375.5109	147.4433	0
49	18	353.6102	76.79834	0
49	19	539.1581	434.4838	0
49	20	515.2322	320.1965	0
49	21	542.2581	648.0436	0
49	22	569.491	583.3509	0
49	23	405.3112	272.3959	0
49	24	321.4193	45.52414	0
49	25	562.8571	408.1142	0
49	26	447.0486	149.824	0
49	27	478.3807	117.3247	0
49	28	469.806	643.8923	0
49	29	246.2982	38.01575	0
49	30	258.7084	91.12213	0
50	1	409.8549	363.4327	0
50	2	425.8611	85.44012	0
50	3	384.3006	363.4393	0
50	4	335.7592	266.3185	0
50	5	544.6269	517.6125	0
50	6	507.4058	260.6777	0
50	7	482.5213	372.4783	0
50	8	554.9359	376.4521	0
50	9	419.3065	52.40201	0
50	10	511.4517	474.5113	0
50	11	271.0838	-55.66125	0
50	12	273.9716	37.89914	0
50	13	336.5586	320.4279	0
50	14	403.9044	114.4169	0
50	15	345.8211	45.32687	0
50	16	434.4497	258.1549	0
50	17	375.5521	147.4546	0
50	18	353.6158	76.79068	0
50	19	539.1165	434.4881	0
50	20	515.1971	320.2136	0
50	21	542.2597	648.0342	0
50	22	569.4902	583.3392	0
50	23	405.3253	272.3965	0
50	24	321.4298	45.52518	0
50	25	562.9483	408.1305	0
50	26	447.0389	149.8123	0
50	27	478.3229	117.3012	0
50	28	469.7698	643.9086	0
50	29	246.325	38.03372	0
50	30	258.6577	91.10815	0
50	31	585.061	477.6232	0
51	1	409.8596	363.4262	0
51	2	425.8404	85.45975	0
51	3	384.2899	363.429	0
51	4	335.7646	266.3181	0
51	5	544.6455	517.6276	0
51	6	507.3507	260.6897	0
51	7	482.5161	372.4876	0
51	8	554.886	376.4384	0
51	9	419.25	52.38788	0
51	10	511.4597	474.5044	0
51	11	271.1237	-55.63947	0
51	12	273.9308	37.92169	0
51	13	336.518	320.3991	0
51	14	403.8764	114.4397	0
51	15	345.8625	45.33936	0
51	16	434.5237	258.188	0
51	17	375.6067	147.4657	0
51	18	353.6217	76.78235	0
51	19	539.0762	434.4989	0
51	20	515.1646	320.2365	0
51	21	542.2615	648.0233	0
51	22	569.4804	583.3291	0
51	23	405.3367	272.3951	0
51	24	321.4425	45.52603	0
51	25	563.0408	408.1527	0
51	26	447.0343	149.8035	0
51	27	478.2647	117.287	0
51	28	469.7353	643.9291	0
51	29	246.3155	38.04248	0
51	30	258.6068	91.0946	0
51	31	585.0653	477.6232	0
51	32	199.9352	-55.3551	0
52	1	409.8626	363.4176	0
52	2	425.827	85.47614	0
52	3	384.2831	363.4203	0
52	4	335.7722	266.3179	0
52	5	544.6384	517.6334	0
52	6	507.2951	260.7017	0
52	7	482.5157	372.4907	0
52	8	554.8381	376.4265	0
52	9	419.1963	52.37646	0
52	10	511.4652	474.4957	0
52	11	271.13	-55.62799	0
52	12	273.8924	37.95093	0
52	13	336.4703	320.3754	0
52	14	403.8521	114.4605	0
52	15	345.9196	45.3533	0
52	16	434.5657	258.2128	0
52	17	375.671	147.4758	0
52	18	353.6248	76.77173	0
52	19	539.0374	434.5074	0
52	20	515.1349	320.262	0
52	21	542.2614	648.0127	0
52	22	569.4672	583.3192	0
52	23	405.3456	272.3909	0
52	24	321.4538	45.52533	0
52	25	563.1262	408.1828	0
52	26	447.0413	149.8015	0
52	27	478.2098	117.2744	0
52	28	469.703	643.9555	0
52	29	246.3117	37.99591	0
52	30	258.5572	91.09131	0
52	31	585.0713	477.6222	0
52	32	199.8916	-55.34882	0
52	33	307.1979	-10.88556	0
53	1	409.863	363.4072	0
53	2	425.8193	85.48715	0
53	3	384.2797	363.4129	0
53	4	335.7821	266.3187	0
53	5	544.6338	517.5983	0
53	6	507.2408	260.7172	0
53	7	482.5192	372.4907	0
53	8	554.7915	376.4267	0
53	9	419.1427	52.37729	0
53	10	511.4704	474.4882	0
53	11	271.1229	-55.64783	0
53	12	273.8582	37.97919	0
53	13	336.4227	320.3601	0
53	14	403.8357	114.4789	0
53	15	345.9917	45.36578	0
53	16	434.5722	258.227	0
53	17	375.7434	147.4843	0
53	18	353.6259	76.75922	0
53	19	538.9985	434.5172	0
53	20	515.1105	320.285	0
53	21	542.2592	648.0023	0
53	22	569.4546	583.3088	0
53	23	405.3511	272.3833	0
53	24	321.4626	45.52216	0
53	25	563.1926	408.2148	0
53	26	447.064	149.8055	0
53	27	478.1559	117.275	0
53	28	469.6747	643.9813	0
53	29	246.2943	37.94992	0
53	30	258.5065	91.09799	0
53	31	585.0795	477.6215	0
53	32	199.8488	-55.33978	0
53	33	307.2599	-10.87347	0
53	34	394.4785	414.6486	0
54	1	409.8635	363.397	0
54	2	425.8175	85.49252	0
54	3	384.2831	363.4098	0
54	4	335.7938	266.3195	0
54	5	544.6193	517.5633	0
54	6	507.1892	260.7355	0
54	7	482.5238	372.4901	0
54	8	554.7457	376.4363	0
54	9	419.0898	52.38681	0
54	10	511.4756	474.4812	0
54	11	271.1122	-55.69086	0
54	12	273.8329	38.00421	0
54	13	336.3751	320.3467	0
54	14	403.8249	114.4923	0
54	15	346.0731	45.37503	0
54	16	434.5636	258.2075	0
54	17	375.8255	147.4955	0
54	18	353.6266	76.74728	0
54	19	538.9605	434.5289	0
54	20	515.0947	320.3048	0
54	21	542.2484	647.9935	0
54	22	569.4426	583.2968	0
54	23	405.3562	272.376	0
54	24	321.4686	45.51578	0
54	25	563.2285	408.2374	0
54	26	447.1046	149.8176	0
54	27	478.1025	117.2851	0
54	28	469.6544	644.0044	0
54	29	246.2629	37.90787	0
54	30	258.4577	91.10822	0
54	31	585.0909	477.6217	0
54	32	199.8073	-55.32764	0
54	33	307.3323	-10.86371	0
54	34	394.4856	414.6481	0
54	35	646.6015	591.0781	0
55	1	409.863	363.387	0
55	2	425.8202	85.49335	0
55	3	384.297	363.4117	0
55	4	335.8042	266.3188	0
55	5	544.5953	517.5316	0
55	6	507.1432	260.7551	0
55	7	482.5301	372.4897	0
55	8	554.7022	376.4471	0
55	9	419.0393	52.39615	0
55	10	511.4814	474.4752	0
55	11	271.0895	-55.73206	0
55	12	273.816	38.02393	0
55	13	336.3304	320.3417	0
55	14	403.8206	114.4999	0
55	15	346.1666	45.38614	0
55	16	434.5517	258.162	0
55	17	375.9114	147.5108	0
55	18	353.6261	76.73636	0
55	19	538.9252	434.5419	0
55	20	515.085	320.3186	0
55	21	542.2365	647.9845	0
55	22	569.427	583.2825	0
55	23	405.3607	272.3694	0
55	24	321.4733	45.50912	0
55	25	563.2297	408.2492	0
55	26	447.1601	149.8309	0
55	27	478.0517	117.296	0
55	28	469.6412	644.0228	0
55	29	246.2189	37.87015	0
55	30	258.41	91.11609	0
55	31	585.1052	477.6231	0
55	32	199.7709	-55.31384	0
55	33	307.415	-10.85468	0
55	34	394.4949	414.6487	0
55	35	646.6741	591.0897	0
55	36	467.1009	420.1869	0
56	1	409.8549	363.3782	0
56	2	425.8247	85.49319	0
56	3	384.3228	363.4188	0
56	4	335.8123	266.3159	0
56	5	544.5622	517.5024	0
56	6	507.0993	260.7796	0
56	7	482.5386	372.4901	0
56	8	554.6587	376.4565	0
56	9	418.9888	52.40527	0
56	10	511.4877	474.4688	0
56	11	271.0529	-55.76874	0
56	12	273.8076	38.03601	0
56	13	336.2845	320.348	0
56	14	403.8213	114.5018	0
56	15	346.2668	45.40253	0
56	16	434.5279	258.1182	0
56	17	376.0001	147.5313	0
56	18	353.6156	76.72644	0
56	19	538.8934	434.5565	0
56	20	515.0818	320.3253	0
56	21	542.2253	647.9751	0
56	22	569.416	583.2696	0
56	23	405.3654	272.3632	0
56	24	321.4775	45.50296	0
56	25	563.2233	408.2203	0
56	26	447.2303	149.8427	0
56	27	478.0007	117.3055	0
56	28	469.635	644.0336	0
56	29	246.1645	37.83688	0
56	30	258.3631	91.12686	0
56	31	585.1199	477.6231	0
56	32	199.7365	-55.29755	0
56	33	307.5069	-10.84106	0
56	34	394.5062	414.6496	0
56	35	646.7573	591.0995	0
56	36	467.0938	420.1974	0
