17	1	484.9556	285.3091	0
18	1	484.9297	285.3299	0
18	2	497.1588	66.6748	0
19	1	484.907	285.3503	0
19	2	497.1457	66.65048	0
19	3	463.7057	285.8918	0
20	1	484.8907	285.3684	0
20	2	497.1246	66.6286	0
20	3	463.7392	285.8998	0
20	4	423.387	210.2936	0
21	1	484.8801	285.3826	0
21	2	497.0982	66.6088	0
21	3	463.7823	285.9073	0
21	4	423.3898	210.2934	0
21	5	590.5453	412.2511	0
22	1	484.8752	285.3913	0
22	2	497.0667	66.59213	0
22	3	463.8302	285.9141	0
22	4	423.3937	210.2926	0
22	5	590.5173	412.2759	0
22	6	557.9705	205.0935	0
23	1	484.8752	285.394	0
23	2	497.0352	66.5806	0
23	3	463.8857	285.9207	0
23	4	423.399	210.2921	0
23	5	590.4947	412.2983	0
23	6	557.9565	205.1082	0
23	7	541.2485	294.4501	0
24	1	484.8788	285.3939	0
24	2	497.002	66.57196	0
24	3	463.9464	285.9295	0
24	4	423.4066	210.2923	0
24	5	590.4802	412.3175	0
24	6	557.9476	205.12	0
24	7	541.3224	294.463	0
24	8	443.8376	11.66595	0
25	1	484.8834	285.3934	0
25	2	496.9711	66.56699	0
25	3	464.0093	285.9411	0
25	4	423.4158	210.293	0
25	5	590.4718	412.3305	0
25	6	557.9431	205.1275	0
25	7	541.3978	294.4806	0
25	8	443.9161	11.68408	0
25	9	598.6306	296.0155	0
26	1	484.8896	285.393	0
26	2	496.9398	66.56918	0
26	3	464.073	285.9568	0
26	4	423.4251	210.2927	0
26	5	590.4694	412.3359	0
26	6	557.9425	205.1305	0
26	7	541.4678	294.5043	0
26	8	443.9918	11.70724	0
26	9	598.6071	296.036	0
27	1	484.898	285.3936	0
27	2	496.9095	66.57559	0
27	3	464.1305	285.9774	0
27	4	423.4323	210.2907	0
27	5	590.4717	412.3358	0
27	6	557.945	205.1306	0
27	7	541.5233	294.5303	0
27	8	444.0557	11.73245	0
27	9	598.5884	296.0544	0
27	10	492.6028	41.25616	0
28	1	484.9083	285.3944	0
28	2	496.8802	66.5806	0
28	3	464.1733	285.9985	0
28	4	423.4373	210.2863	0
28	5	590.4759	412.3345	0
28	6	557.9484	205.1303	0
28	7	541.5542	294.5494	0
28	8	444.0965	11.75311	0
28	9	598.5764	296.0699	0
28	10	492.5672	41.23181	0
28	11	563.8978	372.7185	0
29	1	484.9179	285.3941	0
29	2	496.8509	66.58658	0
29	3	464.1956	286.0131	0
29	4	423.441	210.2808	0
29	5	590.4816	412.3334	0
29	6	557.9531	205.1301	0
29	7	541.5578	294.5594	0
29	8	444.1109	11.76471	0
29	9	598.5696	296.0803	0
29	10	492.5263	41.21164	0
29	11	563.8989	372.7089	0
29	12	374.2741	-41.69479	0
30	1	484.9255	285.3919	0
30	2	496.8224	66.59439	0
30	3	464.1947	286.0217	0
30	4	423.4445	210.276	0
30	5	590.4902	412.3329	0
30	6	557.9597	205.1304	0
30	7	541.5522	294.5406	0
30	8	444.104	11.76181	0
30	9	598.5677	296.0847	0
30	10	492.4855	41.19931	0
30	11	563.8986	372.6994	0
30	12	374.2741	-41.70264	0
30	13	378.048	32.2132	0
31	1	484.9306	285.3871	0
31	2	496.796	66.60376	0
31	3	464.1903	286.0012	0
31	4	423.4478	210.2715	0
31	5	590.5011	412.3338	0
31	6	557.9677	205.1311	0
31	7	541.5425	294.5056	0
31	8	444.0984	11.72684	0
31	9	598.5697	296.0847	0
31	10	492.4436	41.18839	0
31	11	563.8933	372.6908	0
31	12	374.2719	-41.70978	0
31	13	378.0121	32.21887	0
31	14	425.1185	250.2648	0
32	1	484.9345	285.3813	0
32	2	496.7722	66.61423	0
32	3	464.1811	285.9717	0
32	4	423.4513	210.2673	0
32	5	590.5134	412.3339	0
32	6	557.9758	205.1311	0
32	7	541.5237	294.4723	0
32	8	444.0828	11.69269	0
32	9	598.5733	296.0837	0
32	10	492.4041	41.1843	0
32	11	563.8829	372.683	0
32	12	374.2631	-41.71628	0
32	13	377.9767	32.22665	0
32	14	425.0844	250.2606	0
32	15	480.0193	86.84491	0
33	1	484.938	285.3762	0
33	2	496.7498	66.62753	0
33	3	464.164	285.9441	0
33	4	423.455	210.2628	0
33	5	590.5228	412.332	0
33	6	557.9821	205.1295	0
33	7	541.4939	294.4424	0
33	8	444.0563	11.66183	0
33	9	598.5781	296.083	0
33	10	492.364	41.18857	0
33	11	563.8725	372.6747	0
33	12	374.2541	-41.72305	0
33	13	377.9422	32.23682	0
33	14	425.0494	250.2649	0
33	15	479.9993	86.80951	0
33	16	434.5876	38.13922	0
34	1	484.9415	285.3713	0
34	2	496.7289	66.6442	0
34	3	464.1383	285.919	0
34	4	423.4588	210.2575	0
34	5	590.5305	412.3277	0
34	6	557.9866	205.126	0
34	7	541.4568	294.4157	0
34	8	444.0212	11.63419	0
34	9	598.5855	296.0827	0
34	10	492.3256	41.19672	0
34	11	563.863	372.6658	0
34	12	374.2458	-41.72995	0
34	13	377.9117	32.24832	0
34	14	425.0156	250.2733	0
34	15	479.9675	86.77789	0
34	16	434.5917	38.13931	0
34	17	502.8213	200.3859	0
35	1	484.9451	285.3668	0
35	2	496.7106	66.66006	0
35	3	464.1068	285.8966	0
35	4	423.4604	210.2506	0
35	5	590.5352	412.3207	0
35	6	557.9897	205.1212	0
35	7	541.413	294.3936	0
35	8	443.9782	11.61017	0
35	9	598.5948	296.0836	0
35	10	492.288	41.20282	0
35	11	563.851	372.6548	0
35	12	374.2361	-41.7388	0
35	13	377.8832	32.26175	0
35	14	424.9828	250.2797	0
35	15	479.9277	86.74963	0
35	16	434.5966	38.13928	0
35	17	502.8456	200.392	0
35	18	455.7968	116.8015	0
36	1	484.9489	285.3619	0
36	2	496.6977	66.67407	0
36	3	464.0706	285.8783	0
36	4	423.4614	210.2426	0
36	5	590.5397	412.3142	0
36	6	557.9926	205.1171	0
36	7	541.369	294.379	0
36	8	443.9328	11.59256	0
36	9	598.605	296.0835	0
36	10	492.2509	41.21088	0
36	11	563.8406	372.6437	0
36	12	374.2261	-41.74783	0
36	13	377.8564	32.27942	0
36	14	424.9502	250.2876	0
36	15	479.8802	86.72586	0
36	16	434.6036	38.13937	0
36	17	502.8828	200.4018	0
36	18	455.8063	116.8015	0
37	1	484.9529	285.3559	0
37	2	496.6894	66.68478	0
37	3	464.0345	285.8665	0
37	4	423.4616	210.2349	0
37	5	590.5441	412.3085	0
37	6	557.9954	205.1131	0
37	7	541.3247	294.3665	0
37	8	443.8871	11.58148	0
37	9	598.6129	296.0819	0
37	10	492.2144	41.2215	0
37	11	563.8344	372.6338	0
37	12	374.2202	-41.75522	0
37	13	377.8319	32.29956	0
37	14	424.9185	250.2972	0
37	15	479.8325	86.71039	0
37	16	434.6125	38.14032	0
37	17	502.9318	200.4113	0
37	18	455.8138	116.8	0
37	19	439.7578	61.04727	0
38	1	484.9537	285.3481	0
38	2	496.6858	66.69119	0
38	3	463.9975	285.856	0
38	4	423.4608	210.2277	0
38	5	590.549	412.3037	0
38	6	557.9984	205.1094	0
38	7	541.2836	294.3613	0
38	8	443.8441	11.57263	0
38	9	598.6192	296.0779	0
38	10	492.1818	41.2337	0
38	11	563.833	372.627	0
38	12	374.2179	-41.76028	0
38	13	377.8112	32.31784	0
38	14	424.89	250.3079	0
38	15	479.7844	86.69781	0
38	16	434.6232	38.14099	0
38	17	502.9888	200.4201	0
38	18	455.8193	116.7961	0
38	19	439.8268	61.06137	0
38	20	585.7772	344.9014	0
39	1	484.9548	285.3394	0
39	2	496.686	66.69324	0
39	3	463.9625	285.8525	0
39	4	423.4535	210.2213	0
39	5	590.5543	412.2988	0
39	6	558.0017	205.1053	0
39	7	541.2422	294.3668	0
39	8	443.801	11.57367	0
39	9	598.6232	296.072	0
39	10	492.1516	41.24768	0
39	11	563.8419	372.6264	0
39	12	374.2234	-41.76089	0
39	13	377.7973	32.33353	0
39	14	424.8636	250.3202	0
39	15	479.7397	86.69196	0
39	16	434.6324	38.14026	0
39	17	503.0537	200.4277	0
39	18	455.8229	116.7907	0
39	19	439.8963	61.08002	0
39	20	585.7725	344.8682	0
39	21	567.1355	251.0379	0
40	1	484.9545	285.331	0
40	2	496.6891	66.69339	0
40	3	463.9268	285.8575	0
40	4	423.4448	210.2149	0
40	5	590.5598	412.2932	0
40	6	558.005	205.1005	0
40	7	541.2023	294.3778	0
40	8	443.7582	11.5816	0
40	9	598.6269	296.0667	0
40	10	492.1233	41.26608	0
40	11	563.8633	372.6311	0
40	12	374.2395	-41.75781	0
40	13	377.7887	32.3446	0
40	14	424.8389	250.3361	0
40	15	479.6942	86.69647	0
40	16	434.6395	38.13733	0
40	17	503.1265	200.4377	0
40	18	455.8264	116.7859	0
40	19	439.9584	61.10242	0
40	20	585.7584	344.8351	0
40	21	567.1156	251.012	0
40	22	587.2182	510.113	0
41	1	484.9525	285.323	0
41	2	496.6929	66.6933	0
41	3	463.8926	285.8663	0
41	4	423.4368	210.2084	0
41	5	590.5632	412.2852	0
41	6	558.0063	205.0944	0
41	7	541.1635	294.386	0
41	8	443.7173	11.58923	0
41	9	598.6307	296.0619	0
41	10	492.0972	41.28751	0
41	11	563.8978	372.6402	0
41	12	374.2676	-41.74918	0
41	13	377.786	32.35056	0
41	14	424.816	250.3552	0
41	15	479.6502	86.7066	0
41	16	434.6442	38.13187	0
41	17	503.2023	200.451	0
41	18	455.8296	116.7813	0
41	19	440.0037	61.12338	0
41	20	585.735	344.8051	0
41	21	567.088	250.9884	0
41	22	587.2166	510.1046	0
41	23	609.0316	457.1577	0
42	1	484.944	285.316	0
42	2	496.6981	66.69327	0
42	3	463.8593	285.873	0
42	4	423.4284	210.2003	0
42	5	590.5641	412.2753	0
42	6	558.007	205.0873	0
42	7	541.1245	294.3958	0
42	8	443.6764	11.59641	0
42	9	598.6348	296.0576	0
42	10	492.0751	41.30716	0
42	11	563.9438	372.6493	0
42	12	374.3059	-41.73996	0
42	13	377.7878	32.35193	0
42	14	424.7963	250.373	0
42	15	479.6075	86.71411	0
42	16	434.6481	38.12637	0
42	17	503.2802	200.469	0
42	18	455.833	116.7771	0
42	19	440.0266	61.13742	0
42	20	585.7032	344.7776	0
42	21	567.0543	250.9678	0
42	22	587.2084	510.0974	0
42	23	609.0257	457.1389	0
42	24	481.3697	212.4272	0
43	1	484.9346	285.3088	0
43	2	496.7051	66.694	0
43	3	463.8262	285.8814	0
43	4	423.4183	210.1911	0
43	5	590.5651	412.2655	0
43	6	558.007	205.0806	0
43	7	541.0864	294.4076	0
43	8	443.6366	11.60641	0
43	9	598.6394	296.0532	0
43	10	492.0603	41.32419	0
43	11	563.9991	372.6581	0
43	12	374.3537	-41.73178	0
43	13	377.7921	32.3519	0
43	14	424.7829	250.3886	0
43	15	479.5648	86.72321	0
43	16	434.6516	38.12125	0
43	17	503.3537	200.4927	0
43	18	455.8365	116.7725	0
43	19	440.0239	61.14597	0
43	20	585.665	344.7537	0
43	21	567.0174	250.9519	0
43	22	587.1989	510.09	0
43	23	609.0156	457.1046	0
43	24	481.3458	212.4446	0
43	25	413.1047	35.26996	0
44	1	484.9259	285.3013	0
44	2	496.7136	66.69455	0
44	3	463.7939	285.8915	0
44	4	423.4117	210.1833	0
44	5	590.5649	412.2558	0
44	6	558.0059	205.0741	0
44	7	541.0515	294.4207	0
44	8	443.5985	11.61926	0
44	9	598.6439	296.0482	0
44	10	492.0511	41.33649	0
44	11	564.0612	372.6658	0
44	12	374.4075	-41.72577	0
44	13	377.7973	32.35199	0
44	14	424.7744	250.4002	0
44	15	479.5232	86.73514	0
44	16	434.6551	38.11633	0
44	17	503.4135	200.5186	0
44	18	455.8403	116.7675	0
44	19	440.0196	61.12155	0
44	20	585.624	344.7353	0
44	21	566.9803	250.9422	0
44	22	587.19	510.0823	0
44	23	608.9968	457.0719	0
44	24	481.3243	212.4632	0
44	25	413.0757	35.28687	0
44	26	603.8932	322.0034	0
45	1	484.9164	285.292	0
45	2	496.7213	66.69415	0
45	3	463.765	285.9025	0
45	4	423.4083	210.1766	0
45	5	590.5572	412.2473	0
45	6	557.9995	205.0684	0
45	7	541.0195	294.4353	0
45	8	443.5646	11.63297	0
45	9	598.6467	296.0412	0
45	10	492.0478	41.34332	0
45	11	564.1317	372.6746	0
45	12	374.4693	-41.71814	0
45	13	377.8047	32.35214	0
45	14	424.7712	250.4065	0
45	15	479.4849	86.74921	0
45	16	434.6587	38.11105	0
45	17	503.4489	200.5389	0
45	18	455.8427	116.761	0
45	19	440.0091	61.09048	0
45	20	585.5819	344.7235	0
45	21	566.9449	250.9331	0
45	22	587.1807	510.0729	0
45	23	608.9677	457.0421	0
45	24	481.3072	212.48	0
45	25	413.0485	35.30811	0
45	26	603.9626	322.0117	0
45	27	513.9528	119.4272	0
46	1	484.906	285.2817	0
46	2	496.7273	66.69214	0
46	3	463.7381	285.9154	0
46	4	423.411	210.1741	0
46	5	590.5461	412.2392	0
46	6	557.9919	205.0627	0
46	7	540.9893	294.4542	0
46	8	443.5325	11.64999	0
46	9	598.6475	296.0328	0
46	10	492.0492	41.34506	0
46	11	564.2056	372.6863	0
46	12	374.5353	-41.70691	0
46	13	377.8136	32.35312	0
46	14	424.7723	250.408	0
46	15	479.4499	86.7645	0
46	16	434.6625	38.10519	0
46	17	503.4568	200.5505	0
46	18	455.8432	116.7532	0
46	19	439.9899	61.06131	0
46	20	585.5414	344.7131	0
46	21	566.9107	250.9329	0
46	22	587.1697	510.0621	0
46	23	608.9318	457.0154	0
46	24	481.2961	212.494	0
46	25	413.0246	35.32788	0
46	26	604.0366	322.023	0
46	27	514.0225	119.4471	0
47	1	484.8996	285.2731	0
47	2	496.7314	66.68796	0
47	3	463.713	285.9321	0
47	4	423.4233	210.1758	0
47	5	590.5355	412.2309	0
47	6	557.9846	205.0568	0
47	7	540.9612	294.4774	0
47	8	443.5025	11.67245	0
47	9	598.6483	296.0246	0
47	10	492.0535	41.34506	0
47	11	564.2819	372.7021	0
47	12	374.6037	-41.69153	0
47	13	377.8241	32.35361	0
47	14	424.776	250.4077	0
47	15	479.4171	86.78452	0
47	16	434.666	38.09833	0
47	17	503.4497	200.5398	0
47	18	455.8438	116.7456	0
47	19	439.9615	61.03491	0
47	20	585.5019	344.7131	0
47	21	566.8768	250.9397	0
47	22	587.1625	510.0527	0
47	23	608.8903	456.9934	0
47	24	481.2898	212.5034	0
47	25	413.0076	35.3454	0
47	26	604.113	322.0381	0
47	27	514.0829	119.4703	0
47	28	536.0275	92.77667	0
48	1	484.8967	285.2661	0
48	2	496.7345	66.68341	0
48	3	463.6898	285.9517	0
48	4	423.4468	210.1824	0
48	5	590.5255	412.2211	0
48	6	557.9774	205.0497	0
48	7	540.9371	294.4991	0
48	8	443.4756	11.6947	0
48	9	598.6481	296.0166	0
48	10	492.0587	41.34509	0
48	11	564.3555	372.7238	0
48	12	374.6712	-41.67203	0
48	13	377.8326	32.35266	0
48	14	424.7805	250.4073	0
48	15	479.3866	86.80917	0
48	16	434.6664	38.09	0
48	17	503.4414	200.5043	0
48	18	455.8438	116.7385	0
48	19	439.9267	61.01144	0
48	20	585.463	344.7213	0
48	21	566.8445	250.948	0
48	22	587.1588	510.0444	0
48	23	608.8486	456.9781	0
48	24	481.2884	212.5077	0
48	25	412.9964	35.3587	0
48	26	604.1888	322.0583	0
48	27	514.1241	119.4909	0
48	28	536.0759	92.79828	0
48	29	530.9178	503.312	0
49	1	484.9012	285.2638	0
49	2	496.7373	66.67926	0
49	3	463.6702	285.9699	0
49	4	423.4801	210.1906	0
49	5	590.512	412.2093	0
49	6	557.9684	205.0416	0
49	7	540.9205	294.5183	0
49	8	443.455	11.71445	0
49	9	598.6413	296.0096	0
49	10	492.0661	41.34525	0
49	11	564.418	372.7505	0
49	12	374.7295	-41.65012	0
49	13	377.839	32.34924	0
49	14	424.7869	250.4072	0
49	15	479.36	86.83194	0
49	16	434.6674	38.08105	0
49	17	503.4238	200.4697	0
49	18	455.8377	116.7321	0
49	19	439.8871	60.99228	0
49	20	585.426	344.7309	0
49	21	566.8123	250.9547	0
49	22	587.1619	510.0407	0
49	23	608.8054	456.9654	0
49	24	481.2908	212.5081	0
49	25	412.9914	35.36655	0
49	26	604.256	322.0844	0
49	27	514.1419	119.5037	0
49	28	536.102	92.81348	0
49	29	530.9379	503.3167	0
49	30	356.0418	30.43448	0
50	1	484.9165	285.2663	0
50	2	496.7402	66.67529	0
50	3	463.657	285.9858	0
50	4	423.5228	210.1981	0
50	5	590.502	412.1985	0
50	6	557.9626	205.0348	0
50	7	540.9098	294.5327	0
50	8	443.4416	11.73035	0
50	9	598.632	296.0029	0
50	10	492.0754	41.34622	0
50	11	564.4579	372.7734	0
50	12	374.7688	-41.63123	0
50	13	377.8431	32.34363	0
50	14	424.7949	250.4079	0
50	15	479.3416	86.85208	0
50	16	434.6672	38.07285	0
50	17	503.395	200.4386	0
50	18	455.8291	116.726	0
50	19	439.8476	60.98093	0
50	20	585.3892	344.739	0
50	21	566.7808	250.9633	0
50	22	587.1758	510.0425	0
50	23	608.7651	456.9599	0
50	24	481.2946	212.5078	0
50	25	412.9914	35.36899	0
50	26	604.3034	322.1091	0
50	27	514.1349	119.5093	0
50	28	536.1027	92.82236	0
50	29	530.9683	503.3242	0
50	30	356.037	30.42618	0
50	31	364.2271	70.34943	0
51	1	484.9439	285.2738	0
51	2	496.7432	66.67117	0
51	3	463.6488	285.9973	0
51	4	423.5718	210.2042	0
51	5	590.496	412.1881	0
51	6	557.9596	205.0289	0
51	7	540.9054	294.5407	0
51	8	443.4344	11.74039	0
51	9	598.623	295.996	0
51	10	492.0865	41.3468	0
51	11	564.4716	372.787	0
51	12	374.7862	-41.6199	0
51	13	377.8471	32.33844	0
51	14	424.8045	250.4084	0
51	15	479.3296	86.86716	0
51	16	434.6637	38.06531	0
51	17	503.3587	200.4104	0
51	18	455.821	116.7198	0
51	19	439.8076	60.97031	0
51	20	585.3532	344.7496	0
51	21	566.7496	250.9738	0
51	22	587.2017	510.0493	0
51	23	608.7251	456.9656	0
51	24	481.2996	212.5076	0
51	25	412.9951	35.36874	0
51	26	604.3251	322.1248	0
51	27	514.131	119.4771	0
51	28	536.0975	92.80292	0
51	29	531.0084	503.3312	0
51	30	356.0369	30.42145	0
51	31	364.2191	70.35291	0
51	32	618.6617	371.6608	0
52	1	484.9816	285.2824	0
52	2	496.7464	66.66656	0
52	3	463.646	286.0035	0
52	4	423.628	210.2104	0
52	5	590.496	412.1825	0
52	6	557.9618	205.0265	0
52	7	540.9058	294.5424	0
52	8	443.4331	11.74457	0
52	9	598.6146	295.9878	0
52	10	492.0958	41.34592	0
52	11	564.4641	372.7847	0
52	12	374.7799	-41.61487	0
52	13	377.8504	32.33353	0
52	14	424.8126	250.4078	0
52	15	479.3244	86.87579	0
52	16	434.6544	38.05841	0
52	17	503.3152	200.3866	0
52	18	455.8134	116.7124	0
52	19	439.7692	60.96707	0
52	20	585.3179	344.7615	0
52	21	566.7221	250.9848	0
52	22	587.2382	510.0574	0
52	23	608.6867	456.9769	0
52	24	481.3066	212.5077	0
52	25	412.9995	35.36832	0
52	26	604.3179	322.1347	0
52	27	514.1178	119.4453	0
52	28	536.0876	92.77176	0
52	29	531.0553	503.3385	0
52	30	356.0467	30.42203	0
52	31	364.2149	70.3183	0
52	32	618.6684	371.6606	0
52	33	314.4162	-49.16235	0
53	1	485.0295	285.2905	0
53	2	496.7495	66.66119	0
53	3	463.6473	286.0046	0
53	4	423.6891	210.2193	0
53	5	590.5082	412.1833	0
53	6	557.9727	205.028	0
53	7	540.9096	294.5416	0
53	8	443.4365	11.74475	0
53	9	598.6032	295.978	0
53	10	492.103	41.34259	0
53	11	564.4575	372.7489	0
53	12	374.7772	-41.64526	0
53	13	377.8537	32.32874	0
53	14	424.8189	250.4052	0
53	15	479.3249	86.87814	0
53	16	434.6451	38.05121	0
53	17	503.2714	200.3696	0
53	18	455.8031	116.7038	0
53	19	439.7302	60.9718	0
53	20	585.2869	344.7744	0
53	21	566.696	250.9981	0
53	22	587.2851	510.065	0
53	23	608.6494	456.9857	0
53	24	481.3151	212.5086	0
53	25	413.006	35.3681	0
53	26	604.314	322.0988	0
53	27	514.0955	119.4161	0
53	28	536.0695	92.74225	0
53	29	531.1085	503.3449	0
53	30	356.0682	30.42725	0
53	31	364.2009	70.28424	0
53	32	618.6768	371.6613	0
53	33	314.4579	-49.15125	0
53	34	402.3607	-6.923157	0
54	1	485.082	285.2976	0
54	2	496.75	66.65469	0
54	3	463.6512	286.0043	0
54	4	423.7525	210.2312	0
54	5	590.5341	412.1898	0
54	6	557.9932	205.0337	0
54	7	540.9142	294.5406	0
54	8	443.4412	11.74423	0
54	9	598.5949	295.9693	0
54	10	492.1076	41.33673	0
54	11	564.4414	372.7137	0
54	12	374.7656	-41.6752	0
54	13	377.8571	32.32346	0
54	14	424.823	250.4003	0
54	15	479.3293	86.87775	0
54	16	434.6365	38.04364	0
54	17	503.2253	200.357	0
54	18	455.7959	116.6963	0
54	19	439.6927	60.9798	0
54	20	585.2576	344.7902	0
54	21	566.6718	251.0159	0
54	22	587.3374	510.0727	0
54	23	608.6122	456.9961	0
54	24	481.3245	212.5088	0
54	25	413.0148	35.36884	0
54	26	604.2999	322.063	0
54	27	514.0645	119.3896	0
54	28	536.0417	92.71561	0
54	29	531.1681	503.3525	0
54	30	356.1021	30.43674	0
54	31	364.1767	70.25305	0
54	32	618.6857	371.6612	0
54	33	314.5116	-49.1412	0
54	34	402.3516	-6.929962	0
54	35	470.8014	326.0186	0
55	1	485.1431	285.3049	0
55	2	496.751	66.64746	0
55	3	463.6558	286.0039	0
55	4	423.8165	210.2472	0
55	5	590.5728	412.1997	0
55	6	558.0222	205.0408	0
55	7	540.9213	294.5399	0
55	8	443.4477	11.74402	0
55	9	598.5899	295.9612	0
55	10	492.1115	41.33118	0
55	11	564.4148	372.6818	0
55	12	374.7449	-41.70251	0
55	13	377.8607	32.31766	0
55	14	424.8265	250.3952	0
55	15	479.3346	86.87714	0
55	16	434.6263	38.0343	0
55	17	503.1824	200.3494	0
55	18	455.7917	116.6893	0
55	19	439.6561	60.98575	0
55	20	585.2302	344.8109	0
55	21	566.6499	251.0348	0
55	22	587.3978	510.0797	0
55	23	608.5756	457.008	0
55	24	481.3318	212.5074	0
55	25	413.0256	35.36935	0
55	26	604.2758	322.0302	0
55	27	514.027	119.3664	0
55	28	536.0077	92.69177	0
55	29	531.2301	503.3622	0
55	30	356.1471	30.44608	0
55	31	364.1435	70.22482	0
55	32	618.6926	371.6596	0
55	33	314.5726	-49.13361	0
55	34	402.3433	-6.937805	0
55	35	470.8036	326.0184	0
55	36	667.7206	462.5692	0
56	1	485.2088	285.3149	0
56	2	496.7506	66.64069	0
56	3	463.6624	286.0037	0
56	4	423.8742	210.2678	0
56	5	590.6235	412.2086	0
56	6	558.0595	205.0475	0
56	7	540.9307	294.5405	0
56	8	443.4568	11.74445	0
56	9	598.5903	295.957	0
56	10	492.1151	41.32593	0
56	11	564.3799	372.6527	0
56	12	374.7159	-41.72699	0
56	13	377.8636	32.3107	0
56	14	424.8296	250.3907	0
56	15	479.3423	86.8768	0
56	16	434.6167	38.0249	0
56	17	503.139	200.3524	0
56	18	455.7924	116.686	0
56	19	439.62	60.99393	0
56	20	585.2058	344.8329	0
56	21	566.6324	251.0518	0
56	22	587.4633	510.0887	0
56	23	608.5422	457.0207	0
56	24	481.3373	212.504	0
56	25	413.0352	35.36862	0
56	26	604.2422	322.0002	0
56	27	513.9865	119.3482	0
56	28	535.9683	92.67203	0
56	29	531.2939	503.3755	0
56	30	356.1999	30.45447	0
56	31	364.1032	70.20013	0
56	32	618.6979	371.6559	0
56	33	314.6429	-49.12564	0
56	34	402.3321	-6.947052	0
56	35	470.8071	326.0175	0
56	36	667.713	462.559	0
57	1	485.277	285.3281	0
57	2	496.7487	66.63455	0
57	3	463.6707	286.0045	0
57	4	423.9171	210.2887	0
57	5	590.6835	412.2169	0
57	6	558.1013	205.0533	0
57	7	540.9422	294.5411	0
57	8	443.468	11.74533	0
57	9	598.601	295.9581	0
57	10	492.1188	41.32083	0
57	11	564.338	372.6277	0
57	12	374.68	-41.7485	0
57	13	377.8638	32.30234	0
57	14	424.8328	250.3864	0
57	15	479.3526	86.87759	0
57	16	434.6111	38.01703	0
57	17	503.0968	200.3622	0
57	18	455.8023	116.6872	0
57	19	439.5847	61.00436	0
57	20	585.1866	344.8527	0
57	21	566.6212	251.0661	0
57	22	587.5309	510.1003	0
57	23	608.5117	457.0354	0
57	24	481.3408	212.4987	0
57	25	413.0428	35.36569	0
57	26	604.2015	321.9737	0
57	27	513.9451	119.3375	0
57	28	535.9289	92.65955	0
57	29	531.3541	503.3943	0
57	30	356.2592	30.46133	0
57	31	364.0598	70.18115	0
57	32	618.7014	371.6507	0
57	33	314.7199	-49.11353	0
57	34	402.3236	-6.955322	0
57	35	470.8118	326.0169	0
57	36	667.7094	462.5513	0
57	37	527.4769	330.5643	0
58	1	485.345	285.3458	0
58	2	496.7414	66.62894	0
58	3	463.6806	286.005	0
58	4	423.9392	210.3028	0
58	5	590.7519	412.2242	0
58	6	558.1495	205.0591	0
58	7	540.9522	294.5402	0
58	8	443.4795	11.74496	0
58	9	598.6232	295.9639	0
58	10	492.1226	41.31534	0
58	11	564.2944	372.6089	0
58	12	374.6404	-41.76541	0
58	13	377.8646	32.29376	0
58	14	424.836	250.3822	0
58	15	479.3651	86.8782	0
58	16	434.6096	38.01178	0
58	17	503.0562	200.3702	0
58	18	455.8227	116.6926	0
58	19	439.5533	61.01627	0
58	20	585.1746	344.8693	0
58	21	566.6147	251.0757	0
58	22	587.5989	510.1165	0
58	23	608.4829	457.054	0
58	24	481.3442	212.4939	0
58	25	413.048	35.36008	0
58	26	604.157	321.953	0
58	27	513.9048	119.3274	0
58	28	535.8883	92.64877	0
58	29	531.4032	503.4174	0
58	30	356.327	30.4707	0
58	31	364.0158	70.16986	0
58	32	618.7047	371.646	0
58	33	314.7999	-49.09702	0
58	34	402.3187	-6.963104	0
58	35	470.8186	326.0167	0
58	36	667.7156	462.5494	0
58	37	527.5071	330.5833	0
58	38	482.264	254.0552	0
59	1	485.4052	285.3686	0
59	2	496.7338	66.62317	0
59	3	463.6887	286.0042	0
59	4	423.9382	210.3104	0
59	5	590.8275	412.2338	0
59	6	558.2021	205.0669	0
59	7	540.9601	294.5371	0
59	8	443.4883	11.74255	0
59	9	598.6559	295.9725	0
59	10	492.1267	41.3092	0
59	11	564.249	372.596	0
59	12	374.6011	-41.7746	0
59	13	377.8645	32.28583	0
59	14	424.8394	250.3775	0
59	15	479.3763	86.87726	0
59	16	434.6166	38.01132	0
59	17	503.0155	200.3791	0
59	18	455.8532	116.7009	0
59	19	439.524	61.03015	0
59	20	585.1679	344.8803	0
59	21	566.6129	251.0799	0
59	22	587.6608	510.1392	0
59	23	608.4565	457.0769	0
59	24	481.3473	212.4895	0
59	25	413.0522	35.35419	0
59	26	604.1117	321.9401	0
59	27	513.8655	119.3264	0
59	28	535.8502	92.64441	0
59	29	531.4323	503.4362	0
59	30	356.3981	30.48361	0
59	31	363.9729	70.15952	0
59	32	618.708	371.6418	0
59	33	314.8809	-49.07544	0
59	34	402.3186	-6.966919	0
59	35	470.827	326.0174	0
59	36	667.7343	462.5528	0
59	37	527.5108	330.594	0
59	38	482.2407	254.0306	0
59	39	640.9733	346.7729	0
60	1	485.4479	285.3905	0
60	2	496.7268	66.61716	0
60	3	463.6951	286.0015	0
60	4	423.9345	210.2889	0
60	5	590.9055	412.2465	0
60	6	558.2564	205.0774	0
60	7	540.9653	294.5311	0
60	8	443.4948	11.73697	0
60	9	598.699	295.9802	0
60	10	492.1303	41.30197	0
60	11	564.2061	372.5861	0
60	12	374.5633	-41.78366	0
60	13	377.8596	32.27866	0
60	14	424.8425	250.3716	0
60	15	479.3849	86.87369	0
60	16	434.6347	38.01511	0
60	17	502.976	200.3905	0
60	18	455.893	116.7084	0
60	19	439.4966	61.0484	0
60	20	585.1665	344.8849	0
60	21	566.6148	251.08	0
60	22	587.7071	510.1635	0
60	23	608.434	457.0987	0
60	24	481.3505	212.4854	0
60	25	413.056	35.34885	0
60	26	604.0673	321.928	0
60	27	513.8263	119.333	0
60	28	535.8119	92.64856	0
60	29	531.4387	503.4467	0
60	30	356.4716	30.50089	0
60	31	363.9301	70.159	0
60	32	618.7117	371.6382	0
60	33	314.9534	-49.04977	0
60	34	402.3282	-6.966003	0
60	35	470.8359	326.0173	0
60	36	667.7663	462.5616	0
60	37	527.5047	330.5776	0
60	38	482.2116	254.0084	0
60	39	640.939	346.7517	0
60	40	421.6696	75.91373	0
61	1	485.4684	285.4049	0
61	2	496.7188	66.60971	0
61	3	463.6992	285.9963	0
61	4	423.9255	210.2596	0
61	5	590.9855	412.264	0
61	6	558.3113	205.0914	0
61	7	540.9696	294.5248	0
61	8	443.4992	11.73035	0
61	9	598.7497	295.9871	0
61	10	492.1306	41.29318	0
61	11	564.1637	372.5878	0
61	12	374.526	-41.78442	0
61	13	377.8504	32.27191	0
61	14	424.8428	250.3641	0
61	15	479.3907	86.8671	0
61	16	434.6649	38.02386	0
61	17	502.9391	200.4036	0
61	18	455.9398	116.7148	0
61	19	439.4714	61.06918	0
61	20	585.1693	344.8851	0
61	21	566.6183	251.0792	0
61	22	587.7309	510.1804	0
61	23	608.4188	457.118	0
61	24	481.3539	212.4809	0
61	25	413.0601	35.34381	0
61	26	604.0246	321.9265	0
61	27	513.7891	119.3411	0
61	28	535.7751	92.6568	0
61	29	531.433	503.4377	0
61	30	356.5415	30.52289	0
61	31	363.8868	70.16608	0
61	32	618.7159	371.6344	0
61	33	315.0067	-49.02591	0
61	34	402.3493	-6.96051	0
61	35	470.8429	326.0157	0
61	36	667.8096	462.5707	0
61	37	527.4954	330.5436	0
61	38	482.1771	253.9898	0
61	39	640.9016	346.7356	0
61	40	421.6736	75.90781	0
61	41	460.1841	-4.102356	0
62	1	485.4635	285.4138	0
62	2	496.7105	66.60178	0
62	3	463.7027	285.9911	0
62	4	423.9083	210.2324	0
62	5	591.0606	412.2886	0
62	6	558.3613	205.1092	0
62	7	540.9738	294.5192	0
62	8	443.5034	11.72452	0
62	9	598.8076	295.9933	0
62	10	492.1316	41.284	0
62	11	564.1222	372.5977	0
62	12	374.488	-41.77887	0
62	13	377.8415	32.26489	0
62	14	424.8437	250.3562	0
62	15	479.3952	86.86038	0
62	16	434.7056	38.03299	0
62	17	502.906	200.4182	0
62	18	455.9932	116.7206	0
62	19	439.4502	61.08813	0
62	20	585.1736	344.8844	0
62	21	566.6229	251.0786	0
62	22	587.7289	510.1902	0
62	23	608.4092	457.1324	0
62	24	481.3574	212.4758	0
62	25	413.0641	35.33862	0
62	26	603.9822	321.9344	0
62	27	513.752	119.3478	0
62	28	535.7393	92.6629	0
62	29	531.426	503.4075	0
62	30	356.5982	30.54617	0
62	31	363.8455	70.17429	0
62	32	618.7199	371.63	0
62	33	315.0342	-49.00995	0
62	34	402.382	-6.951111	0
62	35	470.8481	326.0121	0
62	36	667.8637	462.579	0
62	37	527.4774	330.5109	0
62	38	482.1426	253.9768	0
62	39	640.8638	346.7255	0
62	40	421.6773	75.90259	0
62	41	460.1812	-4.131744	0
62	42	518.8761	291.1168	0
63	1	485.46	285.3851	0
63	2	496.7054	66.5954	0
63	3	463.7059	285.9865	0
63	4	423.8825	210.2079	0
63	5	591.1219	412.3174	0
63	6	558.399	205.127	0
63	7	540.9781	294.5141	0
63	8	443.5074	11.71887	0
63	9	598.8712	296.0019	0
63	10	492.1313	41.27548	0
63	11	564.0825	372.6077	0
63	12	374.4517	-41.77191	0
63	13	377.8333	32.25726	0
63	14	424.8435	250.3487	0
63	15	479.3994	86.85428	0
63	16	434.7554	38.04138	0
63	17	502.8748	200.4366	0
63	18	456.0524	116.7289	0
63	19	439.4362	61.1044	0
63	20	585.1793	344.884	0
63	21	566.6298	251.0784	0
63	22	587.7243	510.1655	0
63	23	608.4055	457.1405	0
63	24	481.3595	212.4693	0
63	25	413.0685	35.33298	0
63	26	603.9423	321.9451	0
63	27	513.7159	119.357	0
63	28	535.7037	92.6709	0
63	29	531.4114	503.3781	0
63	30	356.6324	30.56448	0
63	31	363.8045	70.18137	0
63	32	618.7219	371.6238	0
63	33	315.0332	-49.00131	0
63	34	402.4252	-6.942261	0
63	35	470.8515	326.0068	0
63	36	667.9254	462.586	0
63	37	527.4488	330.4813	0
63	38	482.1063	253.9667	0
63	39	640.828	346.7161	0
63	40	421.6808	75.89764	0
63	41	460.1699	-4.162384	0
63	42	518.9306	291.1252	0
63	43	545.5767	316.7459	0
64	1	485.4485	285.3535	0
64	2	496.7033	66.59061	0
64	3	463.7091	285.9821	0
64	4	423.8505	210.1861	0
64	5	591.1572	412.3397	0
64	6	558.4187	205.1393	0
64	7	540.9827	294.5093	0
64	8	443.5117	11.71329	0
64	9	598.9368	296.0133	0
64	10	492.1267	41.26785	0
64	11	564.0428	372.6169	0
64	12	374.4157	-41.76639	0
64	13	377.8229	32.24808	0
64	14	424.8401	250.3418	0
64	15	479.4037	86.84848	0
64	16	434.8102	38.04797	0
64	17	502.8456	200.46	0
64	18	456.1136	116.7402	0
64	19	439.4275	61.11594	0
64	20	585.1874	344.884	0
64	21	566.6384	251.0792	0
64	22	587.7134	510.1327	0
64	23	608.4063	457.142	0
64	24	481.3598	212.4615	0
64	25	413.0727	35.32623	0
64	26	603.9024	321.9535	0
64	27	513.6805	119.3684	0
64	28	535.6687	92.68115	0
64	29	531.3877	503.3514	0
64	30	356.6421	30.57523	0
64	31	363.7646	70.19113	0
64	32	618.7229	371.6163	0
64	33	315.0287	-49.02658	0
64	34	402.4765	-6.934814	0
64	35	470.8549	326.0021	0
64	36	667.9953	462.5938	0
64	37	527.4135	330.4547	0
64	38	482.0725	253.9613	0
64	39	640.7936	346.716	0
64	40	421.6843	75.8927	0
64	41	460.1495	-4.190552	0
64	42	518.9925	291.1326	0
64	43	545.5823	316.7451	0
64	44	509.6556	249.2194	0
65	1	485.4284	285.3243	0
65	2	496.7076	66.58954	0
65	3	463.7125	285.9778	0
65	4	423.8134	210.1684	0
65	5	591.1636	412.3512	0
65	6	558.418	205.1465	0
65	7	540.9877	294.5041	0
65	8	443.5162	11.70706	0
65	9	599.004	296.0288	0
65	10	492.1169	41.26068	0
65	11	564.0042	372.6286	0
65	12	374.3805	-41.75845	0
65	13	377.8145	32.2395	0
65	14	424.8317	250.3355	0
65	15	479.4083	86.84265	0
65	16	434.8735	38.05624	0
65	17	502.8201	200.4827	0
65	18	456.1764	116.7554	0
65	19	439.4247	61.12213	0
65	20	585.1974	344.885	0
65	21	566.6479	251.0792	0
65	22	587.6939	510.1021	0
65	23	608.4104	457.1415	0
65	24	481.3602	212.4539	0
65	25	413.0736	35.31808	0
65	26	603.8635	321.9645	0
65	27	513.6494	119.3808	0
65	28	535.6371	92.6929	0
65	29	531.3578	503.3273	0
65	30	356.6351	30.56949	0
65	31	363.7263	70.20343	0
65	32	618.7234	371.6091	0
65	33	315.018	-49.06207	0
65	34	402.5349	-6.928528	0
65	35	470.8581	325.9979	0
65	36	668.0688	462.6045	0
65	37	527.3719	330.4326	0
65	38	482.0383	253.9646	0
65	39	640.7596	346.7234	0
65	40	421.688	75.88718	0
65	41	460.1203	-4.21582	0
65	42	519.0621	291.1418	0
65	43	545.5907	316.7448	0
65	44	509.6551	249.21	0
66	1	485.3996	285.2977	0
66	2	496.7208	66.59198	0
66	3	463.7161	285.9731	0
66	4	423.7764	210.1575	0
66	5	591.1573	412.3347	0
66	6	558.4141	205.1285	0
66	7	540.9922	294.4974	0
66	8	443.5208	11.70023	0
66	9	599.0669	296.0499	0
66	10	492.1072	41.2532	0
66	11	563.967	372.6415	0
66	12	374.3462	-41.74768	0
66	13	377.8099	32.23181	0
66	14	424.8234	250.3289	0
66	15	479.4131	86.83627	0
66	16	434.9408	38.06781	0
66	17	502.8018	200.5029	0
66	18	456.2347	116.7749	0
66	19	439.4265	61.1235	0
66	20	585.2081	344.8851	0
66	21	566.6553	251.0776	0
66	22	587.6654	510.0742	0
66	23	608.4152	457.1406	0
66	24	481.3599	212.4466	0
66	25	413.0753	35.30884	0
66	26	603.8249	321.9773	0
66	27	513.6201	119.396	0
66	28	535.6081	92.70633	0
66	29	531.3221	503.3069	0
66	30	356.6289	30.53693	0
66	31	363.6928	70.21695	0
66	32	618.7228	371.602	0
66	33	314.9974	-49.09537	0
66	34	402.6006	-6.919403	0
66	35	470.8616	325.9942	0
66	36	668.1445	462.6187	0
66	37	527.3304	330.4172	0
66	38	482.0049	253.9728	0
66	39	640.7276	346.7325	0
66	40	421.6918	75.88095	0
66	41	460.0843	-4.238098	0
66	42	519.1346	291.1541	0
66	43	545.6011	316.7458	0
66	44	509.6474	249.2017	0
67	1	485.3644	285.274	0
67	2	496.7438	66.59863	0
67	3	463.7191	285.967	0
67	4	423.74	210.1474	0
67	5	591.1476	412.2969	0
67	6	558.4056	205.1032	0
67	7	540.993	294.4886	0
67	8	443.5229	11.69162	0
67	9	599.1177	296.0732	0
67	10	492.0984	41.24521	0
67	11	563.9341	372.6557	0
67	12	374.3163	-41.73602	0
67	13	377.8097	32.22739	0
67	14	424.8158	250.3219	0
67	15	479.4178	86.82858	0
67	16	435.0104	38.08347	0
67	17	502.79	200.5185	0
67	18	456.2811	116.7953	0
67	19	439.4307	61.12347	0
67	20	585.2166	344.8835	0
67	21	566.6611	251.074	0
67	22	587.6304	510.0493	0
67	23	608.4222	457.14	0
67	24	481.3537	212.4401	0
67	25	413.0753	35.30051	0
67	26	603.7909	321.991	0
67	27	513.5925	119.4159	0
67	28	535.5807	92.72382	0
67	29	531.2861	503.292	0
67	30	356.614	30.50525	0
67	31	363.6609	70.23343	0
67	32	618.7164	371.5958	0
67	33	314.9657	-49.125	0
67	34	402.6689	-6.906708	0
67	35	470.8652	325.9903	0
67	36	668.2191	462.6387	0
67	37	527.287	330.4048	0
67	38	481.9729	253.9792	0
67	39	640.6955	346.7396	0
67	40	421.6937	75.87332	0
67	41	460.044	-4.255981	0
67	42	519.2092	291.1706	0
67	43	545.6125	316.7457	0
67	44	509.6366	249.1936	0
68	1	485.3253	285.2552	0
68	2	496.7752	66.60611	0
68	3	463.7194	285.9593	0
68	4	423.7052	210.1446	0
68	5	591.1282	412.2607	0
68	6	558.3904	205.0795	0
68	7	540.9947	294.4791	0
68	8	443.524	11.68167	0
68	9	599.1467	296.0907	0
68	10	492.0874	41.23547	0
68	11	563.9029	372.6733	0
68	12	374.2877	-41.72205	0
68	13	377.8186	32.22784	0
68	14	424.8065	250.3132	0
68	15	479.4186	86.81906	0
68	16	435.0783	38.10355	0
68	17	502.7847	200.528	0
68	18	456.3073	116.8103	0
68	19	439.4359	61.12347	0
68	20	585.223	344.8796	0
68	21	566.6647	251.0685	0
68	22	587.591	510.0294	0
68	23	608.4314	457.1407	0
68	24	481.3452	212.4338	0
68	25	413.0731	35.29291	0
68	26	603.7589	322.0076	0
68	27	513.5679	119.437	0
68	28	535.5556	92.7446	0
68	29	531.2482	503.2806	0
68	30	356.5887	30.47656	0
68	31	363.631	70.25504	0
68	32	618.7081	371.5898	0
68	33	314.9262	-49.1514	0
68	34	402.7393	-6.889618	0
68	35	470.8689	325.9858	0
68	36	668.2854	462.6657	0
68	37	527.2465	330.3989	0
68	38	481.9408	253.9868	0
68	39	640.6642	346.7488	0
68	40	421.6942	75.86438	0
68	41	460.0037	-4.265625	0
68	42	519.28	291.1929	0
68	43	545.6214	316.7439	0
68	44	509.6262	249.1853	0
17	1	484.9791	286.7772	0
18	1	485.0065	286.794	0
18	2	495.7826	66.29608	0
19	1	485.0111	286.8035	0
19	2	495.789	66.29587	0
19	3	463.0604	286.2754	0
20	1	485.0056	286.7916	0
20	2	495.8056	66.2995	0
20	3	463.0347	286.2495	0
20	4	421.9268	210.9254	0
21	1	484.9981	286.7619	0
21	2	495.8332	66.30771	0
21	3	463.0026	286.2263	0
21	4	421.8912	210.9427	0
21	5	590.4036	411.0838	0
22	1	484.983	286.7332	0
22	2	495.8703	66.31595	0
22	3	462.9646	286.2071	0
22	4	421.8576	210.966	0
22	5	590.4077	411.0781	0
22	6	560.0749	204.9157	0
23	1	484.9586	286.7073	0
23	2	495.9159	66.32324	0
23	3	462.9265	286.1944	0
23	4	421.8272	210.9915	0
23	5	590.4119	411.0728	0
23	6	560.0776	204.9126	0
23	7	541.1302	292.3124	0
24	1	484.9282	286.684	0
24	2	495.9676	66.32886	0
24	3	462.8883	286.1836	0
24	4	421.802	211.0145	0
24	5	590.4164	411.0684	0
24	6	560.0925	204.9146	0
24	7	541.1205	292.3253	0
24	8	445.196	14.66641	0
25	1	484.892	286.6644	0
25	2	496.0262	66.3363	0
25	3	462.8527	286.1792	0
25	4	421.7853	211.0342	0
25	5	590.4214	411.0638	0
25	6	560.121	204.9227	0
25	7	541.1157	292.3331	0
25	8	445.199	14.66226	0
25	9	597.3124	296.1633	0
26	1	484.8558	286.6505	0
26	2	496.088	66.34695	0
26	3	462.8163	286.184	0
26	4	421.7751	211.0478	0
26	5	590.4264	411.058	0
26	6	560.1616	204.933	0
26	7	541.1151	292.3355	0
26	8	445.202	14.65787	0
26	9	597.3047	296.1568	0
27	1	484.8177	286.6399	0
27	2	496.1518	66.3613	0
27	3	462.781	286.1935	0
27	4	421.772	211.0543	0
27	5	590.4282	411.0499	0
27	6	560.2139	204.9422	0
27	7	541.1179	292.3351	0
27	8	445.2053	14.65286	0
27	9	597.2961	296.1502	0
27	10	491.7398	39.98746	0
28	1	484.7824	286.6341	0
28	2	496.2138	66.37985	0
28	3	462.7468	286.2006	0
28	4	421.7744	211.0549	0
28	5	590.4296	411.0405	0
28	6	560.2742	204.9497	0
28	7	541.1214	292.3342	0
28	8	445.2085	14.64719	0
28	9	597.2878	296.1433	0
28	10	491.7225	40.00641	0
28	11	562.417	368.2288	0
29	1	484.7464	286.6375	0
29	2	496.267	66.40079	0
29	3	462.7125	286.209	0
29	4	421.7792	211.0539	0
29	5	590.4298	411.0314	0
29	6	560.3432	204.9573	0
29	7	541.1265	292.3336	0
29	8	445.2092	14.64032	0
29	9	597.2792	296.1349	0
29	10	491.7114	40.02069	0
29	11	562.4202	368.2252	0
29	12	376.2017	-37.79297	0
30	1	484.7115	286.6463	0
30	2	496.3018	66.41852	0
30	3	462.679	286.2193	0
30	4	421.7853	211.0533	0
30	5	590.4284	411.0226	0
30	6	560.418	204.9683	0
30	7	541.1337	292.3337	0
30	8	445.2101	14.63263	0
30	9	597.2691	296.1254	0
30	10	491.7066	40.02917	0
30	11	562.4235	368.221	0
30	12	376.1685	-37.80151	0
30	13	380.4771	33.1489	0
31	1	484.6779	286.6533	0
31	2	496.3151	66.42856	0
31	3	462.6486	286.2308	0
31	4	421.7944	211.0529	0
31	5	590.4195	411.015	0
31	6	560.4952	204.983	0
31	7	541.1428	292.3344	0
31	8	445.2098	14.62555	0
31	9	597.2626	296.1174	0
31	10	491.7072	40.03198	0
31	11	562.4257	368.2155	0
31	12	376.1373	-37.80566	0
31	13	380.5296	33.15506	0
31	14	425.1636	250.9146	0
32	1	484.6442	286.6613	0
32	2	496.3093	66.42816	0
32	3	462.6207	286.2434	0
32	4	421.8057	211.0539	0
32	5	590.4092	411.0073	0
32	6	560.5732	205.0027	0
32	7	541.1514	292.334	0
32	8	445.208	14.61911	0
32	9	597.2593	296.1107	0
32	10	491.7115	40.03217	0
32	11	562.4259	368.2087	0
32	12	376.1051	-37.80316	0
32	13	380.5876	33.16394	0
32	14	425.1326	250.922	0
32	15	480.0688	91.68503	0
33	1	484.6114	286.6711	0
33	2	496.305	66.39932	0
33	3	462.5943	286.2599	0
33	4	421.8187	211.0541	0
33	5	590.3995	410.9993	0
33	6	560.6446	205.0282	0
33	7	541.1581	292.332	0
33	8	445.2005	14.61319	0
33	9	597.2625	296.1082	0
33	10	491.7166	40.03214	0
33	11	562.4263	368.202	0
33	12	376.0737	-37.79715	0
33	13	380.6479	33.17593	0
33	14	425.1019	250.9281	0
33	15	480.0562	91.69864	0
33	16	434.2689	38.47165	0
34	1	484.5813	286.6821	0
34	2	496.2927	66.371	0
34	3	462.5697	286.2801	0
34	4	421.8289	211.0524	0
34	5	590.3893	410.9894	0
34	6	560.6988	205.0539	0
34	7	541.1629	292.3276	0
34	8	445.1926	14.60712	0
34	9	597.2757	296.1101	0
34	10	491.7239	40.0322	0
34	11	562.426	368.1952	0
34	12	376.0434	-37.79279	0
34	13	380.7092	33.1918	0
34	14	425.072	250.9362	0
34	15	480.0481	91.70908	0
34	16	434.2772	38.47205	0
34	17	501.8124	201.5838	0
35	1	484.554	286.6945	0
35	2	496.2714	66.34549	0
35	3	462.5485	286.2989	0
35	4	421.8368	211.0477	0
35	5	590.377	410.978	0
35	6	560.7273	205.0714	0
35	7	541.1664	292.3224	0
35	8	445.1851	14.60095	0
35	9	597.2999	296.1168	0
35	10	491.7335	40.0332	0
35	11	562.4208	368.1893	0
35	12	376.0132	-37.78693	0
35	13	380.7647	33.21118	0
35	14	425.043	250.9456	0
35	15	480.0445	91.71533	0
35	16	434.2874	38.47278	0
35	17	501.8109	201.588	0
35	18	457.1653	115.5803	0
36	1	484.5283	286.7102	0
36	2	496.2428	66.32251	0
36	3	462.5338	286.3156	0
36	4	421.8418	211.0404	0
36	5	590.3688	410.9681	0
36	6	560.7266	205.0807	0
36	7	541.1697	292.3177	0
36	8	445.1769	14.59317	0
36	9	597.3336	296.1247	0
36	10	491.7451	40.03397	0
36	11	562.4132	368.1837	0
36	12	375.9839	-37.77905	0
36	13	380.8063	33.22983	0
36	14	425.0175	250.9559	0
36	15	480.0447	91.71741	0
36	16	434.2977	38.47247	0
36	17	501.8137	201.588	0
36	18	457.1333	115.5919	0
37	1	484.5042	286.7299	0
37	2	496.2079	66.30249	0
37	3	462.5243	286.3281	0
37	4	421.8467	211.0338	0
37	5	590.3643	410.9596	0
37	6	560.7217	205.0545	0
37	7	541.1732	292.3135	0
37	8	445.1681	14.58493	0
37	9	597.3769	296.1321	0
37	10	491.7554	40.03339	0
37	11	562.4059	368.1777	0
37	12	375.9574	-37.76953	0
37	13	380.8282	33.24283	0
37	14	424.9934	250.9684	0
37	15	480.0477	91.7175	0
37	16	434.3057	38.47025	0
37	17	501.818	201.5872	0
37	18	457.1042	115.6048	0
37	19	438.9123	62.32523	0
38	1	484.4833	286.7488	0
38	2	496.1707	66.28754	0
38	3	462.5203	286.335	0
38	4	421.8513	211.0276	0
38	5	590.3672	410.9561	0
38	6	560.71	205.0184	0
38	7	541.1769	292.3096	0
38	8	445.1628	14.57825	0
38	9	597.4249	296.1388	0
38	10	491.7636	40.03049	0
38	11	562.3991	368.171	0
38	12	375.9332	-37.75882	0
38	13	380.8285	33.25046	0
38	14	424.9709	250.9849	0
38	15	480.0513	91.71738	0
38	16	434.3115	38.46518	0
38	17	501.8238	201.5866	0
38	18	457.0768	115.6214	0
38	19	438.9008	62.31512	0
38	20	584.5381	341.5552	0
39	1	484.4687	286.7656	0
39	2	496.1331	66.27844	0
39	3	462.5208	286.3364	0
39	4	421.856	211.0221	0
39	5	590.382	410.958	0
39	6	560.6885	204.9849	0
39	7	541.1809	292.3055	0
39	8	445.1606	14.57321	0
39	9	597.4807	296.1454	0
39	10	491.769	40.02475	0
39	11	562.3901	368.163	0
39	12	375.9103	-37.74503	0
39	13	380.8241	33.23355	0
39	14	424.9505	251.0025	0
39	15	480.0564	91.71738	0
39	16	434.3155	38.45911	0
39	17	501.8321	201.5866	0
39	18	457.0513	115.6419	0
39	19	438.8929	62.30655	0
39	20	584.5469	341.5558	0
39	21	567.4734	251.6568	0
40	1	484.4593	286.7784	0
40	2	496.0978	66.27066	0
40	3	462.5243	286.3357	0
40	4	421.8609	211.0162	0
40	5	590.4099	410.9657	0
40	6	560.6563	204.9546	0
40	7	541.1848	292.3005	0
40	8	445.1649	14.57208	0
40	9	597.5406	296.1543	0
40	10	491.7732	40.01859	0
40	11	562.3835	368.1556	0
40	12	375.889	-37.72815	0
40	13	380.8161	33.20642	0
40	14	424.9342	251.0185	0
40	15	480.063	91.71793	0
40	16	434.3195	38.45377	0
40	17	501.8425	201.5875	0
40	18	457.0291	115.6613	0
40	19	438.8888	62.29871	0
40	20	584.5659	341.5605	0
40	21	567.4496	251.6314	0
40	22	587.1882	508.5895	0
41	1	484.4552	286.786	0
41	2	496.0628	66.27127	0
41	3	462.5284	286.3349	0
41	4	421.8661	211.0099	0
41	5	590.4492	410.9749	0
41	6	560.6162	204.9277	0
41	7	541.1861	292.2938	0
41	8	445.1784	14.57449	0
41	9	597.6027	296.1661	0
41	10	491.7771	40.01297	0
41	11	562.3798	368.1486	0
41	12	375.8705	-37.71255	0
41	13	380.8007	33.18063	0
41	14	424.9236	251.0318	0
41	15	480.0712	91.71851	0
41	16	434.3234	38.4487	0
41	17	501.8535	201.5873	0
41	18	457.0136	115.6786	0
41	19	438.8907	62.2952	0
41	20	584.5945	341.5681	0
41	21	567.4196	251.6085	0
41	22	587.1826	508.5866	0
41	23	610.8029	458.7332	0
42	1	484.4556	286.7881	0
42	2	496.0281	66.2778	0
42	3	462.5347	286.3343	0
42	4	421.8698	211.0014	0
42	5	590.4996	410.9832	0
42	6	560.5703	204.9059	0
42	7	541.1874	292.2861	0
42	8	445.2023	14.58151	0
42	9	597.665	296.182	0
42	10	491.7809	40.00754	0
42	11	562.3801	368.1446	0
42	12	375.8576	-37.69885	0
42	13	380.7769	33.15741	0
42	14	424.9176	251.0408	0
42	15	480.0786	91.7182	0
42	16	434.3274	38.4437	0
42	17	501.862	201.5853	0
42	18	457.0036	115.6916	0
42	19	438.9033	62.29688	0
42	20	584.6323	341.575	0
42	21	567.3832	251.5891	0
42	22	587.1771	508.5558	0
42	23	610.807	458.7319	0
42	24	481.1041	213.4938	0
43	1	484.4592	286.7879	0
43	2	495.9949	66.28458	0
43	3	462.543	286.3348	0
43	4	421.8705	210.991	0
43	5	590.5576	410.9904	0
43	6	560.5242	204.8925	0
43	7	541.1875	292.2787	0
43	8	445.2351	14.58945	0
43	9	597.7213	296.2028	0
43	10	491.785	40.00186	0
43	11	562.3885	368.1451	0
43	12	375.8493	-37.68872	0
43	13	380.7474	33.13666	0
43	14	424.9163	251.0448	0
43	15	480.0845	91.71628	0
43	16	434.3317	38.43811	0
43	17	501.8683	201.5806	0
43	18	456.9994	115.6992	0
43	19	438.9281	62.30368	0
43	20	584.6771	341.5811	0
43	21	567.3459	251.5756	0
43	22	587.1636	508.5253	0
43	23	610.8122	458.7307	0
43	24	481.1074	213.4934	0
43	25	411.4771	33.32178	0
44	1	484.4636	286.7874	0
44	2	495.9617	66.29068	0
44	3	462.553	286.3353	0
44	4	421.8717	210.9805	0
44	5	590.624	410.9975	0
44	6	560.4788	204.88	0
44	7	541.1862	292.2718	0
44	8	445.2766	14.59686	0
44	9	597.7631	296.2234	0
44	10	491.7893	39.99542	0
44	11	562.4061	368.1495	0
44	12	375.846	-37.68286	0
44	13	380.7131	33.11945	0
44	14	424.9186	251.0452	0
44	15	480.0884	91.71231	0
44	16	434.336	38.43192	0
44	17	501.8725	201.5742	0
44	18	457	115.7015	0
44	19	438.9647	62.31326	0
44	20	584.7281	341.5866	0
44	21	567.3082	251.5652	0
44	22	587.1408	508.498	0
44	23	610.8202	458.7299	0
44	24	481.1115	213.4926	0
44	25	411.472	33.31302	0
44	26	602.686	320.0979	0
45	1	484.4697	286.787	0
45	2	495.9293	66.29892	0
45	3	462.5616	286.3345	0
45	4	421.8722	210.9707	0
45	5	590.6956	411.0073	0
45	6	560.4359	204.8764	0
45	7	541.1787	292.2657	0
45	8	445.3219	14.60254	0
45	9	597.7842	296.2373	0
45	10	491.7935	39.98804	0
45	11	562.4327	368.1562	0
45	12	375.8467	-37.68094	0
45	13	380.6791	33.10861	0
45	14	424.9223	251.0448	0
45	15	480.0914	91.70789	0
45	16	434.3378	38.4241	0
45	17	501.8764	201.5686	0
45	18	457.0039	115.7015	0
45	19	439.0121	62.3223	0
45	20	584.7847	341.594	0
45	21	567.2734	251.5592	0
45	22	587.1109	508.4733	0
45	23	610.8303	458.7309	0
45	24	481.1174	213.4921	0
45	25	411.4734	33.30917	0
45	26	602.649	320.1076	0
45	27	512.416	119.4186	0
46	1	484.4778	286.7877	0
46	2	495.8979	66.30945	0
46	3	462.5685	286.3318	0
46	4	421.865	210.9618	0
46	5	590.7694	411.0203	0
46	6	560.3929	204.8828	0
46	7	541.1705	292.2595	0
46	8	445.3748	14.60907	0
46	9	597.7816	296.2456	0
46	10	491.7942	39.97913	0
46	11	562.4675	368.1625	0
46	12	375.8501	-37.68076	0
46	13	380.6439	33.09933	0
46	14	424.9271	251.0445	0
46	15	480.0941	91.70392	0
46	16	434.339	38.41504	0
46	17	501.8801	201.5634	0
46	18	457.0087	115.7014	0
46	19	439.0658	62.33005	0
46	20	584.8432	341.6037	0
46	21	567.2385	251.5623	0
46	22	587.0746	508.4521	0
46	23	610.8422	458.731	0
46	24	481.1256	213.4924	0
46	25	411.4868	33.31097	0
46	26	602.6125	320.1193	0
46	27	512.4067	119.4117	0
47	1	484.4778	286.7877	0
47	2	495.8979	66.30945	0
47	3	462.5685	286.3318	0
47	4	421.865	210.9618	0
47	5	590.7694	411.0203	0
47	6	560.3929	204.8828	0
47	7	541.1705	292.2595	0
47	8	445.3748	14.60907	0
47	9	597.7816	296.2456	0
47	10	491.7942	39.97913	0
47	11	562.4675	368.1625	0
47	12	375.8501	-37.68076	0
47	13	380.6439	33.09933	0
47	14	424.9271	251.0445	0
47	15	480.0941	91.70392	0
47	16	434.339	38.41504	0
47	17	501.8801	201.5634	0
47	18	457.0087	115.7014	0
47	19	439.0658	62.33005	0
47	20	584.8432	341.6037	0
47	21	567.2385	251.5623	0
47	22	587.0746	508.4521	0
47	23	610.8422	458.731	0
47	24	481.1256	213.4924	0
47	25	411.4868	33.31097	0
47	26	602.6125	320.1193	0
47	27	512.4067	119.4117	0
47	28	536.2918	92.88779	0
17	1	483.8933	286.6101	0
18	1	483.9668	286.619	0
18	2	496.2647	67.61621	0
19	1	484.0439	286.6313	0
19	2	496.268	67.61124	0
19	3	462.3513	287.2877	0
20	1	484.1235	286.6479	0
20	2	496.2712	67.60684	0
20	3	462.3349	287.2554	0
20	4	422.413	208.7555	0
21	1	484.2004	286.6704	0
21	2	496.2742	67.60266	0
21	3	462.3083	287.2263	0
21	4	422.4029	208.7462	0
21	5	590.0248	405.4001	0
22	1	484.2657	286.6978	0
22	2	496.2772	67.59851	0
22	3	462.2747	287.1999	0
22	4	422.3898	208.7346	0
22	5	589.9949	405.4017	0
22	6	559.0276	204.0373	0
23	1	484.3075	286.7215	0
23	2	496.2804	67.59396	0
23	3	462.2346	287.1777	0
23	4	422.3789	208.7235	0
23	5	589.9655	405.4091	0
23	6	558.993	204.0345	0
23	7	542.264	293.2928	0
24	1	484.3223	286.7347	0
24	2	496.2837	67.5889	0
24	3	462.1942	287.1618	0
24	4	422.3725	208.7134	0
24	5	589.9376	405.4162	0
24	6	558.9584	204.0395	0
24	7	542.2238	293.2729	0
24	8	443.445	12.15701	0
25	1	484.3152	286.732	0
25	2	496.2859	67.58264	0
25	3	462.1517	287.1498	0
25	4	422.3713	208.7072	0
25	5	589.9095	405.423	0
25	6	558.9254	204.0476	0
25	7	542.1833	293.2604	0
25	8	443.4361	12.16901	0
25	9	598.389	296.1853	0
26	1	484.3093	286.6952	0
26	2	496.2862	67.57526	0
26	3	462.1121	287.1427	0
26	4	422.3814	208.7072	0
26	5	589.8822	405.4315	0
26	6	558.8929	204.0537	0
26	7	542.1425	293.2489	0
26	8	443.4336	12.17532	0
26	9	598.399	296.1863	0
27	1	484.2934	286.6591	0
27	2	496.2866	67.56802	0
27	3	462.0719	287.1461	0
27	4	422.405	208.7127	0
27	5	589.8561	405.4407	0
27	6	558.861	204.0618	0
27	7	542.1038	293.2457	0
27	8	443.436	12.17654	0
27	9	598.4103	296.1867	0
27	10	492.3687	42.84528	0
28	1	484.2663	286.6266	0
28	2	496.2863	67.56128	0
28	3	462.0325	287.1558	0
28	4	422.4427	208.7232	0
28	5	589.8328	405.4509	0
28	6	558.8293	204.0716	0
28	7	542.0648	293.2517	0
28	8	443.4408	12.17654	0
28	9	598.4191	296.1852	0
28	10	492.3459	42.86441	0
28	11	562.1769	371.8071	0
29	1	484.2303	286.5973	0
29	2	496.2806	67.55521	0
29	3	461.9948	287.1637	0
29	4	422.493	208.7334	0
29	5	589.8107	405.4635	0
29	6	558.8011	204.0824	0
29	7	542.0277	293.2614	0
29	8	443.4468	12.17676	0
29	9	598.426	296.1816	0
29	10	492.3296	42.88147	0
29	11	562.1849	371.8047	0
29	12	373.8399	-42.08884	0
30	1	484.1864	286.5719	0
30	2	496.2725	67.54935	0
30	3	461.9569	287.1725	0
30	4	422.5535	208.7424	0
30	5	589.7902	405.4799	0
30	6	558.7749	204.0952	0
30	7	541.9912	293.2688	0
30	8	443.4553	12.17703	0
30	9	598.4302	296.1754	0
30	10	492.3188	42.89459	0
30	11	562.1902	371.7995	0
30	12	373.8641	-42.07465	0
30	13	378.8261	30.90945	0
31	1	484.1401	286.5533	0
31	2	496.2648	67.5433	0
31	3	461.9202	287.1834	0
31	4	422.6223	208.7499	0
31	5	589.7722	405.4966	0
31	6	558.7504	204.1119	0
31	7	541.9553	293.2783	0
31	8	443.4657	12.17819	0
31	9	598.4341	296.1696	0
31	10	492.3138	42.90247	0
31	11	562.1942	371.7932	0
31	12	373.862	-42.06686	0
31	13	378.8172	30.90292	0
31	14	424.292	250.3348	0
32	1	484.1401	286.5533	0
32	2	496.2648	67.5433	0
32	3	461.9202	287.1834	0
32	4	422.6223	208.7499	0
32	5	589.7722	405.4966	0
32	6	558.7504	204.1119	0
32	7	541.9553	293.2783	0
32	8	443.4657	12.17819	0
32	9	598.4341	296.1696	0
32	10	492.3138	42.90247	0
32	11	562.1942	371.7932	0
32	12	373.862	-42.06686	0
32	13	378.8172	30.90292	0
32	14	424.292	250.3348	0
32	15	479.2225	90.47952	0
17	1	484.8147	284.5418	0
18	1	484.8055	284.5331	0
18	2	496.5859	64.79565	0
19	1	484.7955	284.5235	0
19	2	496.6635	64.81497	0
19	3	461.4091	288.3805	0
20	1	484.7892	284.5154	0
20	2	496.7357	64.83923	0
20	3	461.4133	288.3756	0
20	4	423.0197	209.5958	0
21	1	484.7863	284.5091	0
21	2	496.7929	64.86383	0
21	3	461.4178	288.3704	0
21	4	423.0209	209.5968	0
21	5	591.2317	411.4271	0
22	1	484.7906	284.5072	0
22	2	496.8253	64.8819	0
22	3	461.4224	288.3644	0
22	4	423.0245	209.5961	0
22	5	591.1871	411.4147	0
22	6	559.2849	204.0907	0
23	1	484.805	284.5095	0
23	2	496.83	64.89233	0
23	3	461.4248	288.3563	0
23	4	423.0289	209.5956	0
23	5	591.1445	411.403	0
23	6	559.2775	204.0842	0
23	7	540.8666	293.5934	0
24	1	484.8309	284.5169	0
24	2	496.8234	64.87677	0
24	3	461.4257	288.3466	0
24	4	423.0354	209.5952	0
24	5	591.1034	411.4025	0
24	6	559.2687	204.076	0
24	7	540.8678	293.5888	0
24	8	443.8232	10.70099	0
25	1	484.8665	284.5251	0
25	2	496.814	64.84192	0
25	3	461.4261	288.3372	0
25	4	423.0436	209.5958	0
25	5	591.0627	411.4114	0
25	6	559.26	204.0674	0
25	7	540.8803	293.5901	0
25	8	443.7768	10.6904	0
25	9	597.1549	295.5078	0
26	1	484.9115	284.5324	0
26	2	496.7953	64.8085	0
26	3	461.4255	288.3282	0
26	4	423.0533	209.5961	0
26	5	591.0242	411.4228	0
26	6	559.2548	204.0603	0
26	7	540.9052	293.5966	0
26	8	443.7306	10.69058	0
26	9	597.1493	295.5171	0
27	1	484.9627	284.5384	0
27	2	496.7657	64.77838	0
27	3	461.4172	288.3203	0
27	4	423.0615	209.5951	0
27	5	590.9857	411.4316	0
27	6	559.2527	204.0551	0
27	7	540.9419	293.6058	0
27	8	443.6845	10.69846	0
27	9	597.1482	295.5209	0
27	10	491.6971	40.94632	0
28	1	485.0213	284.545	0
28	2	496.7286	64.75128	0
28	3	461.4065	288.3125	0
28	4	423.0677	209.592	0
28	5	590.9482	411.4428	0
28	6	559.2581	204.0541	0
28	7	540.9898	293.6145	0
28	8	443.6404	10.70712	0
28	9	597.1508	295.5211	0
28	10	491.6611	40.9595	0
28	11	562.583	372.2258	0
29	1	485.084	284.5543	0
29	2	496.6849	64.72852	0
29	3	461.3965	288.3046	0
29	4	423.0717	209.5867	0
29	5	590.9107	411.4556	0
29	6	559.2729	204.0569	0
29	7	541.0447	293.6226	0
29	8	443.5964	10.71457	0
29	9	597.1546	295.5206	0
29	10	491.6282	40.97443	0
29	11	562.5936	372.2253	0
29	12	371.7892	-45.45374	0
30	1	485.084	284.5543	0
30	2	496.6849	64.72852	0
30	3	461.3965	288.3046	0
30	4	423.0717	209.5867	0
30	5	590.9107	411.4556	0
30	6	559.2729	204.0569	0
30	7	541.0447	293.6226	0
30	8	443.5964	10.71457	0
30	9	597.1546	295.5206	0
30	10	491.6282	40.97443	0
30	11	562.5936	372.2253	0
30	12	371.7892	-45.45374	0
30	13	376.0284	30.22546	0
