64	1	458.5735	144.6336	0
64	2	804.8827	144.3663	0
64	3	456.4384	142.1872	0
64	4	554.4872	130.4932	0
64	5	176.1937	196.1471	0
64	6	620.2352	169.1248	0
64	7	447.1359	173.9826	0
64	8	823.8172	135.0995	0
64	9	435.0663	188.8777	0
64	10	833.4371	152.3977	0
64	11	287.2289	173.7027	0
64	12	824.8566	128.4153	0
64	13	746.9979	127.2488	0
64	14	501.0406	139.2054	0
64	15	751.091	138.1688	0
64	16	785.556	125.7725	0
64	17	593.9493	149.0823	0
64	18	695.0939	137.1657	0
64	19	757.253	130.0716	0
64	20	333.0395	187.8502	0
64	21	529.5333	185.6466	0
64	22	-51.36462	184.451	0
64	23	27.55194	199.0201	0
64	24	566.9607	148.9586	0
64	25	765.4498	135.8988	0
64	26	379.9255	185.0945	0
64	27	736.7048	155.7122	0
64	28	803.7058	170.7707	0
64	29	62.42548	171.9704	0
64	30	733.3509	119.1021	0
64	31	693.2945	124.7469	0
64	32	226.3119	191.2737	0
64	33	786.1117	119.8881	0
64	34	809.551	132.645	0
64	35	397.6161	148.0435	0
64	36	-150.5761	262.5395	0
64	37	381.5298	164.2195	0
64	38	503.6599	145.2791	0
64	39	279.6497	237.028	0
64	40	725.5148	126.5035	0
64	41	861.0647	145.6007	0
64	42	452.0172	152.7013	0
64	43	402.2764	176.808	0
64	44	521.7916	157.2488	0
65	1	458.5865	144.6341	0
65	2	804.8959	144.3674	0
65	3	456.4263	142.1765	0
65	4	554.4757	130.4916	0
65	5	176.1761	196.1451	0
65	6	620.2218	169.1261	0
65	7	447.1211	174.0059	0
65	8	823.8275	135.1001	0
65	9	435.0431	188.906	0
65	10	833.4414	152.3994	0
65	11	287.2563	173.699	0
65	12	824.8555	128.4124	0
65	13	747.0066	127.2494	0
65	14	501.0247	139.1987	0
65	15	751.098	138.1713	0
65	16	785.5565	125.771	0
65	17	593.9449	149.0796	0
65	18	695.1273	137.1802	0
65	19	757.2103	130.0614	0
65	20	333.1105	187.8495	0
65	21	529.5471	185.6464	0
65	22	-51.31444	184.4461	0
65	23	27.55593	199.0201	0
65	24	566.9684	148.9584	0
65	25	765.4482	135.8994	0
65	26	379.8877	185.1207	0
65	27	736.7118	155.7148	0
65	28	803.7328	170.7838	0
65	29	62.43855	171.9604	0
65	30	733.3574	119.1044	0
65	31	693.2916	124.7473	0
65	32	226.2039	191.3242	0
65	33	786.0815	119.8846	0
65	34	809.5912	132.657	0
65	35	397.5996	148.0551	0
65	36	-150.3717	262.4905	0
65	37	381.5266	164.2049	0
65	38	503.67	145.279	0
65	39	279.673	237.0258	0
65	40	725.4648	126.4978	0
65	41	861.074	145.6012	0
65	42	452.0184	152.704	0
65	43	402.3115	176.7953	0
65	44	521.7934	157.2513	0
66	1	458.5984	144.6341	0
66	2	804.9087	144.3683	0
66	3	456.4113	142.1669	0
66	4	554.473	130.4923	0
66	5	176.2259	196.1438	0
66	6	620.2314	169.1234	0
66	7	447.1016	174.0312	0
66	8	823.838	135.0998	0
66	9	435.021	188.9362	0
66	10	833.4467	152.4014	0
66	11	287.2812	173.6972	0
66	12	824.8459	128.4081	0
66	13	747.0109	127.249	0
66	14	501.008	139.1933	0
66	15	751.1055	138.174	0
66	16	785.5574	125.7697	0
66	17	593.9948	149.0802	0
66	18	695.1586	137.1965	0
66	19	757.1649	130.0515	0
66	20	333.1844	187.8449	0
66	21	529.5617	185.6464	0
66	22	-51.26894	184.4432	0
66	23	27.56179	199.0208	0
66	24	566.977	148.9577	0
66	25	765.4387	135.8975	0
66	26	379.8475	185.1534	0
66	27	736.7209	155.7195	0
66	28	803.7706	170.7995	0
66	29	62.44421	171.9511	0
66	30	733.3661	119.1081	0
66	31	693.282	124.746	0
66	32	226.08	191.381	0
66	33	786.0494	119.8813	0
66	34	809.6282	132.6698	0
66	35	397.5801	148.0699	0
66	36	-150.1734	262.4416	0
66	37	381.5195	164.1907	0
66	38	503.6822	145.2789	0
66	39	279.6994	237.0178	0
66	40	725.4165	126.4919	0
66	41	861.0764	145.6003	0
66	42	452.0193	152.7072	0
66	43	402.3353	176.7842	0
66	44	521.7953	157.2542	0
67	1	458.6089	144.632	0
67	2	804.9215	144.368	0
67	3	456.3942	142.1591	0
67	4	554.4747	130.4937	0
67	5	176.3021	196.141	0
67	6	620.2902	169.1228	0
67	7	447.0754	174.0573	0
67	8	823.8495	135.0989	0
67	9	435.0005	188.9706	0
67	10	833.4539	152.4037	0
67	11	287.3021	173.6972	0
67	12	824.83	128.4046	0
67	13	747.012	127.2479	0
67	14	500.9893	139.1879	0
67	15	751.1152	138.1764	0
67	16	785.5608	125.7686	0
67	17	594.0397	149.0788	0
67	18	695.1857	137.2141	0
67	19	757.1169	130.0432	0
67	20	333.2564	187.8347	0
67	21	529.5753	185.6469	0
67	22	-51.23401	184.4427	0
67	23	27.57642	199.0211	0
67	24	566.9867	148.9576	0
67	25	765.4692	135.8982	0
67	26	379.8082	185.1863	0
67	27	736.733	155.7277	0
67	28	803.8157	170.815	0
67	29	62.44144	171.9419	0
67	30	733.3794	119.1137	0
67	31	693.3073	124.7464	0
67	32	225.9425	191.4421	0
67	33	786.0142	119.8779	0
67	34	809.657	132.6805	0
67	35	397.5562	148.0865	0
67	36	-150.0115	262.3925	0
67	37	381.5094	164.1784	0
67	38	503.6957	145.2787	0
67	39	279.7268	237.0099	0
67	40	725.3755	126.4868	0
67	41	861.075	145.5987	0
67	42	452.0181	152.7105	0
67	43	402.3579	176.7722	0
67	44	521.7961	157.2568	0
68	1	458.6198	144.6299	0
68	2	804.9355	144.3672	0
68	3	456.3752	142.1519	0
68	4	554.4769	130.4955	0
68	5	176.3835	196.1333	0
68	6	620.3414	169.1191	0
68	7	447.0417	174.079	0
68	8	823.8622	135.0987	0
68	9	434.9742	189.0116	0
68	10	833.462	152.4062	0
68	11	287.3132	173.6996	0
68	12	824.8096	128.4006	0
68	13	747.0134	127.2469	0
68	14	500.9659	139.1829	0
68	15	751.1258	138.1785	0
68	16	785.5635	125.7675	0
68	17	594.0754	149.0742	0
68	18	695.2041	137.2299	0
68	19	757.0703	130.0366	0
68	20	333.3262	187.8205	0
68	21	529.5865	185.6458	0
68	22	-51.21701	184.445	0
68	23	27.59804	199.0208	0
68	24	566.9978	148.9575	0
68	25	765.4933	135.8979	0
68	26	379.7659	185.2261	0
68	27	736.752	155.7395	0
68	28	803.8677	170.8345	0
68	29	62.43621	171.9331	0
68	30	733.4005	119.1207	0
68	31	693.3351	124.7466	0
68	32	225.7902	191.503	0
68	33	785.9808	119.8743	0
68	34	809.6751	132.6859	0
68	35	397.527	148.1044	0
68	36	-149.8815	262.3375	0
68	37	381.4967	164.1682	0
68	38	503.7082	145.2789	0
68	39	279.7546	237.0031	0
68	40	725.3443	126.4827	0
68	41	861.0743	145.5973	0
68	42	452.0174	152.7137	0
68	43	402.3676	176.7589	0
68	44	521.7985	157.2598	0
69	1	458.6312	144.6284	0
69	2	804.9507	144.367	0
69	3	456.3514	142.1452	0
69	4	554.4793	130.4975	0
69	5	176.4694	196.1208	0
69	6	620.3795	169.111	0
69	7	447.0066	174.0919	0
69	8	823.874	135.0986	0
69	9	434.9405	189.0559	0
69	10	833.4726	152.4086	0
69	11	287.3065	173.7051	0
69	12	824.7862	128.3962	0
69	13	747.0163	127.2462	0
69	14	500.94	139.1778	0
69	15	751.1379	138.1796	0
69	16	785.5676	125.7675	0
69	17	594.1031	149.0677	0
69	18	695.2114	137.2391	0
69	19	757.023	130.03	0
69	20	333.3921	187.8022	0
69	21	529.5955	185.6423	0
69	22	-51.23599	184.4514	0
69	23	27.61988	199.0209	0
69	24	567.0103	148.9573	0
69	25	765.5084	135.8957	0
69	26	379.7144	185.272	0
69	27	736.7812	155.7543	0
69	28	803.9194	170.8564	0
69	29	62.42672	171.9266	0
69	30	733.4269	119.127	0
69	31	693.356	124.7452	0
69	32	225.6304	191.551	0
69	33	785.9533	119.8714	0
69	34	809.6813	132.6875	0
69	35	397.4916	148.1207	0
69	36	-149.7725	262.2821	0
69	37	381.4798	164.1581	0
69	38	503.7197	145.2791	0
69	39	279.7888	236.9949	0
69	40	725.325	126.4801	0
69	41	861.0756	145.596	0
69	42	452.0193	152.7166	0
69	43	402.3643	176.7431	0
69	44	521.8028	157.262	0
70	1	458.6458	144.6266	0
70	2	804.9653	144.367	0
70	3	456.3214	142.1383	0
70	4	554.481	130.4995	0
70	5	176.5568	196.1045	0
70	6	620.4068	169.0997	0
70	7	446.9809	174.0975	0
70	8	823.8873	135.0983	0
70	9	434.8965	189.1022	0
70	10	833.4833	152.4107	0
70	11	287.2828	173.715	0
70	12	824.7537	128.3898	0
70	13	747.0192	127.2454	0
70	14	500.9165	139.1731	0
70	15	751.1519	138.1805	0
70	16	785.5745	125.7685	0
70	17	594.122	149.059	0
70	18	695.2097	137.2424	0
70	19	756.9711	130.0239	0
70	20	333.4464	187.7825	0
70	21	529.605	185.6389	0
70	22	-51.29309	184.4635	0
70	23	27.64329	199.0217	0
70	24	567.0218	148.9575	0
70	25	765.5151	135.8925	0
70	26	379.6532	185.3216	0
70	27	736.8175	155.7686	0
70	28	803.9683	170.8801	0
70	29	62.41739	171.9219	0
70	30	733.4592	119.1348	0
70	31	693.3688	124.7429	0
70	32	225.4937	191.5788	0
70	33	785.9329	119.8689	0
70	34	809.6771	132.6871	0
70	35	397.4532	148.1309	0
70	36	-149.6574	262.2292	0
70	37	381.4552	164.1486	0
70	38	503.7288	145.2772	0
70	39	279.8235	236.9884	0
70	40	725.3179	126.4801	0
70	41	861.0758	145.5946	0
70	42	452.0253	152.7178	0
70	43	402.3558	176.7267	0
70	44	521.8106	157.2627	0
71	1	458.6611	144.6255	0
71	2	804.9816	144.3669	0
71	3	456.2923	142.1316	0
71	4	554.4832	130.5012	0
71	5	176.6411	196.0841	0
71	6	620.4225	169.0849	0
71	7	446.9663	174.0966	0
71	8	823.8984	135.0985	0
71	9	434.8407	189.1428	0
71	10	833.4951	152.4117	0
71	11	287.2439	173.7309	0
71	12	824.7174	128.3825	0
71	13	747.0227	127.2453	0
71	14	500.8968	139.1694	0
71	15	751.1652	138.1818	0
71	16	785.5807	125.7705	0
71	17	594.131	149.0493	0
71	18	695.202	137.2426	0
71	19	756.9172	130.0175	0
71	20	333.4897	187.7643	0
71	21	529.6155	185.6361	0
71	22	-51.3875	184.483	0
71	23	27.67831	199.0169	0
71	24	567.0321	148.9579	0
71	25	765.514	135.8882	0
71	26	379.5796	185.3716	0
71	27	736.8612	155.7862	0
71	28	804.0098	170.9029	0
71	29	62.41024	171.9199	0
71	30	733.4923	119.1446	0
71	31	693.3749	124.7396	0
71	32	225.4139	191.5904	0
71	33	785.9209	119.8675	0
71	34	809.6841	132.6863	0
71	35	397.4221	148.1353	0
71	36	-149.5494	262.1772	0
71	37	381.4267	164.1394	0
71	38	503.7382	145.2751	0
71	39	279.8509	236.9859	0
71	40	725.3198	126.4814	0
71	41	861.0776	145.5943	0
71	42	452.0357	152.719	0
71	43	402.3504	176.7114	0
71	44	521.8206	157.2639	0
72	1	458.6742	144.6258	0
72	2	804.9955	144.3671	0
72	3	456.2664	142.1263	0
72	4	554.4869	130.5027	0
72	5	176.7107	196.0654	0
72	6	620.4247	169.0696	0
72	7	446.9916	174.0954	0
72	8	823.907	135.0989	0
72	9	434.7813	189.1687	0
72	10	833.5075	152.4125	0
72	11	287.1985	173.7516	0
72	12	824.6838	128.3756	0
72	13	747.0278	127.2458	0
72	14	500.883	139.1669	0
72	15	751.1773	138.1825	0
72	16	785.5895	125.7734	0
72	17	594.129	149.0406	0
72	18	695.2009	137.2407	0
72	19	756.8693	130.0116	0
72	20	333.5262	187.746	0
72	21	529.6285	185.6327	0
72	22	-51.50584	184.5087	0
72	23	27.71765	199.0107	0
72	24	567.0391	148.9561	0
72	25	765.5057	135.883	0
72	26	379.4951	185.4117	0
72	27	736.9054	155.8069	0
72	28	804.0378	170.9192	0
72	29	62.40667	171.9207	0
72	30	733.5232	119.1556	0
72	31	693.3737	124.7349	0
72	32	225.3916	191.5853	0
72	33	785.9171	119.8678	0
72	34	809.7123	132.6866	0
72	35	397.4048	148.1359	0
72	36	-149.4492	262.1288	0
72	37	381.4002	164.1311	0
72	38	503.748	145.2737	0
72	39	279.8682	236.9874	0
72	40	725.3239	126.4831	0
72	41	861.0824	145.5948	0
72	42	452.0461	152.7208	0
72	43	402.3417	176.6965	0
72	44	521.8295	157.2654	0
73	1	458.6835	144.6273	0
73	2	805.0068	144.3677	0
73	3	456.2463	142.1223	0
73	4	554.4929	130.5035	0
73	5	176.7777	196.0466	0
73	6	620.418	169.0553	0
73	7	447.0399	174.0942	0
73	8	823.9078	135.0975	0
73	9	434.7366	189.1808	0
73	10	833.5191	152.4138	0
73	11	287.149	173.7741	0
73	12	824.649	128.369	0
73	13	747.0322	127.2473	0
73	14	500.8761	139.1662	0
73	15	751.1891	138.1831	0
73	16	785.6036	125.7782	0
73	17	594.1253	149.0312	0
73	18	695.2421	137.2413	0
73	19	756.8319	130.0068	0
73	20	333.5414	187.7242	0
73	21	529.6416	185.6306	0
73	22	-51.64327	184.5379	0
73	23	27.7566	199.0054	0
73	24	567.0459	148.9541	0
73	25	765.4893	135.8786	0
73	26	379.4168	185.435	0
73	27	736.9464	155.8295	0
73	28	804.0507	170.9275	0
73	29	62.40268	171.9228	0
73	30	733.5497	119.167	0
73	31	693.364	124.7313	0
73	32	225.4813	191.5847	0
73	33	785.919	119.8686	0
73	34	809.7327	132.6857	0
73	35	397.4069	148.1339	0
73	36	-149.3656	262.0872	0
73	37	381.3766	164.1248	0
73	38	503.7604	145.2719	0
73	39	279.8647	236.9955	0
73	40	725.3287	126.485	0
73	41	861.0876	145.5964	0
73	42	452.0554	152.7217	0
73	43	402.33	176.6833	0
73	44	521.838	157.2662	0
74	1	458.6852	144.6302	0
74	2	805.0084	144.3658	0
74	3	456.2342	142.1202	0
74	4	554.5017	130.504	0
74	5	176.8262	196.0269	0
74	6	620.4061	169.0409	0
74	7	447.0862	174.0903	0
74	8	823.9078	135.0959	0
74	9	434.7119	189.1813	0
74	10	833.5298	152.4146	0
74	11	287.0974	173.7988	0
74	12	824.6124	128.3633	0
74	13	747.0372	127.2492	0
74	14	500.8751	139.1671	0
74	15	751.2011	138.1826	0
74	16	785.6238	125.7858	0
74	17	594.1063	149.019	0
74	18	695.2762	137.2404	0
74	19	756.8063	130.0035	0
74	20	333.5415	187.6999	0
74	21	529.6538	185.6301	0
74	22	-51.79423	184.5703	0
74	23	27.79841	199.0001	0
74	24	567.0531	148.9526	0
74	25	765.473	135.8737	0
74	26	379.3661	185.4448	0
74	27	736.9811	155.8524	0
74	28	804.051	170.9303	0
74	29	62.39817	171.9252	0
74	30	733.5671	119.1755	0
74	31	693.3545	124.7274	0
74	32	225.5983	191.5798	0
74	33	785.9221	119.8696	0
74	34	809.7415	132.6832	0
74	35	397.4496	148.1343	0
74	36	-149.2964	262.0478	0
74	37	381.36	164.1208	0
74	38	503.7739	145.2707	0
74	39	279.8395	237.0124	0
74	40	725.3348	126.4871	0
74	41	861.0967	145.5992	0
74	42	452.064	152.7224	0
74	43	402.3161	176.6723	0
74	44	521.8457	157.2663	0
75	1	458.6806	144.6351	0
75	2	805.0087	144.3635	0
75	3	456.2302	142.1208	0
75	4	554.5107	130.5051	0
75	5	176.8562	196.0034	0
75	6	620.3752	169.0226	0
75	7	447.1281	174.0832	0
75	8	823.9084	135.0948	0
75	9	434.7407	189.178	0
75	10	833.5403	152.4151	0
75	11	287.0374	173.8289	0
75	12	824.5766	128.3588	0
75	13	747.0449	127.2523	0
75	14	500.8758	139.1684	0
75	15	751.2141	138.1817	0
75	16	785.6562	125.7955	0
75	17	594.0759	149.0048	0
75	18	695.2993	137.2372	0
75	19	756.7941	130.0025	0
75	20	333.5415	187.6762	0
75	21	529.6625	185.6317	0
75	22	-51.96621	184.609	0
75	23	27.84919	198.9942	0
75	24	567.0625	148.951	0
75	25	765.4476	135.8672	0
75	26	379.3421	185.441	0
75	27	737.0032	155.8701	0
75	28	804.0356	170.9271	0
75	29	62.39112	171.9282	0
75	30	733.5745	119.1787	0
75	31	693.3372	124.7224	0
75	32	225.7198	191.5671	0
75	33	785.926	119.8708	0
75	34	809.7418	132.6796	0
75	35	397.4927	148.1331	0
75	36	-149.2499	262.0111	0
75	37	381.3514	164.1199	0
75	38	503.7855	145.2708	0
75	39	279.7914	237.041	0
75	40	725.3414	126.4888	0
75	41	861.1118	145.6039	0
75	42	452.0725	152.7219	0
75	43	402.2985	176.6616	0
75	44	521.8541	157.2657	0
76	1	458.668	144.6436	0
76	2	805.0096	144.3618	0
76	3	456.2303	142.1224	0
76	4	554.5187	130.5056	0
76	5	176.8759	195.9792	0
76	6	620.3324	169.0021	0
76	7	447.1658	174.0739	0
76	8	823.911	135.0934	0
76	9	434.8175	189.1759	0
76	10	833.5512	152.4147	0
76	11	286.9694	173.8619	0
76	12	824.5414	128.3545	0
76	13	747.0557	127.2576	0
76	14	500.8767	139.17	0
76	15	751.2287	138.1815	0
76	16	785.6992	125.8057	0
76	17	594.0454	148.9905	0
76	18	695.3132	137.2325	0
76	19	756.7935	130.0036	0
76	20	333.5428	187.6534	0
76	21	529.6651	185.636	0
76	22	-52.15183	184.6512	0
76	23	27.88863	198.9917	0
76	24	567.0729	148.9496	0
76	25	765.4147	135.8591	0
76	26	379.4068	185.4398	0
76	27	737.0121	155.8793	0
76	28	804.0757	170.9276	0
76	29	62.38026	171.9314	0
76	30	733.5741	119.1792	0
76	31	693.3111	124.7155	0
76	32	225.8452	191.5476	0
76	33	785.9307	119.8721	0
76	34	809.7328	132.6746	0
76	35	397.5333	148.1295	0
76	36	-149.2231	261.9761	0
76	37	381.3497	164.1214	0
76	38	503.7948	145.2722	0
76	39	279.7334	237.0793	0
76	40	725.3499	126.4906	0
76	41	861.134	145.6114	0
76	42	452.0818	152.7214	0
76	43	402.2739	176.6516	0
76	44	521.8633	157.2657	0
77	1	458.6552	144.6551	0
77	2	805.013	144.36	0
77	3	456.2309	142.1243	0
77	4	554.5264	130.506	0
77	5	176.9001	195.9562	0
77	6	620.2932	168.9825	0
77	7	447.1972	174.0619	0
77	8	823.9133	135.0926	0
77	9	434.8925	189.1692	0
77	10	833.563	152.4143	0
77	11	286.892	173.8969	0
77	12	824.5038	128.3505	0
77	13	747.0736	127.2642	0
77	14	500.8775	139.1718	0
77	15	751.2426	138.1814	0
77	16	785.7516	125.817	0
77	17	594.0163	148.9772	0
77	18	695.3176	137.226	0
77	19	756.7974	130.0052	0
77	20	333.539	187.6319	0
77	21	529.6633	185.6441	0
77	22	-52.35214	184.6958	0
77	23	27.91856	198.9919	0
77	24	567.0821	148.9496	0
77	25	765.3818	135.8508	0
77	26	379.4969	185.4364	0
77	27	737.0112	155.8828	0
77	28	804.1063	170.9258	0
77	29	62.36711	171.9346	0
77	30	733.5643	119.178	0
77	31	693.2825	124.7078	0
77	32	225.9706	191.5225	0
77	33	785.9363	119.8731	0
77	34	809.7164	132.6698	0
77	35	397.5716	148.1244	0
77	36	-149.2056	261.9449	0
77	37	381.3493	164.1237	0
77	38	503.7983	145.2748	0
77	39	279.6687	237.1247	0
77	40	725.3589	126.4919	0
77	41	861.1671	145.6209	0
77	42	452.0938	152.7214	0
77	43	402.2451	176.6418	0
77	44	521.8748	157.2657	0
