1157	1	510.5331	31.43759	0
1157	5	-1093.613	-1697.579	0
1157	9	-842.4703	-986.6702	0
1157	10	487.1207	-869.2737	0
1157	13	544.9647	-25.59543	0
1157	16	293.1508	-12.71701	0
1157	17	2850.605	-2113.805	0
1157	18	532.1024	-7.073944	0
1157	19	1529.99	-892.6454	0
1157	22	-843.9724	-1278.637	0
1157	24	92.29835	39.82158	0
1157	25	551.6241	-16.21289	0
1157	26	8103.842	-6839.837	0
1157	27	-688.8665	-935.8135	0
1157	32	-441.8322	314.6858	0
1157	33	-5081.811	5336.37	0
1157	36	531.0811	-23.30331	0
1157	38	875.6573	235.9677	0
1157	39	828.2795	203.2322	0
1157	41	-1871.236	2072.162	0
1157	42	311.5036	-1.473541	0
1157	43	551.54	-7.912537	0
1157	44	436.6912	31.12283	0
1157	47	593.4681	-857.0076	0
1157	48	-1154.886	-1270.233	0
1157	49	325.4896	9.404419	0
1157	50	-3612.866	3338.749	0
1157	52	535.5769	-16.0878	0
1157	54	1862.443	-1095.402	0
1157	56	514.3441	-21.11749	0
1157	57	-617.9976	1004.88	0
1157	58	-492.7616	370.7302	0
1157	59	276.8636	-21.04398	0
1157	61	427.5874	68.56528	0
1157	63	788.069	206.0192	0
1157	64	843.9268	200.3568	0
1157	65	554.4348	-948.0227	0
1157	66	768.0856	282.1364	0
1157	67	-1425.949	1836.276	0
1157	68	316.0167	24.34662	0
1157	71	-363.1046	-780.9224	0
1157	72	689.1097	156.5766	0
1157	73	865.774	264.6007	0
1157	74	268.3007	-14.16702	0
1157	77	500.3772	-17.64682	0
1157	78	-497.3163	947.17	0
1157	79	-436.1063	425.6531	0
1157	80	1320.647	1423.121	0
1157	81	432.726	102.8383	0
1157	82	-2145.744	-2331.712	0
1157	83	60.96717	-10.98526	0
1157	84	-343.7669	-708.1722	0
1157	85	606.6043	131.4713	0
1157	86	329.6772	35.54965	0
1157	88	-246.7357	613.9463	0
1157	89	854.6447	300.4419	0
1157	92	-990.3973	1057.129	0
1157	95	963.2231	3255.31	0
1157	96	712.6268	183.4753	0
1157	97	243.3519	-2.295044	0
1157	99	-0.937685	43.091	0
1157	100	-152.8255	629.5492	0
1157	101	478.3875	-4.605377	0
1157	103	144.643	127.0229	0
1157	104	650.03	162.1222	0
1157	105	728.0732	333.4846	0
1157	106	672.4877	-1360.035	0
1157	107	259.9758	4.012329	0
1157	108	19.08633	308.2573	0
1157	110	603.2924	152.3652	0
1157	112	386.4457	96.51038	0
1157	113	265.1513	15.49472	0
1157	114	-415.9831	558.9825	0
1157	115	-138.1865	1879.45	0
1157	117	152.92	334.7315	0
1157	118	665.9202	228.6012	0
1157	119	-370.8031	626.6224	0
1157	120	565.9291	131.1024	0
1157	121	704.8104	515.5787	0
1157	122	35.00801	39.13239	0
1157	123	2082.564	-1722.739	0
1157	124	109.5898	464.8656	0
1157	125	-816.7245	2212.82	0
1157	126	482.8821	100.3494	0
1157	127	420.3926	88.01257	0
1157	128	717.1323	208.357	0
1157	129	809.5981	423.7867	0
1157	130	243.7325	39.41112	0
1157	131	139.9786	-3.324005	0
1157	132	534.5076	102.7168	0
1157	133	61.93025	397.7436	0
1157	135	220.4176	265.7486	0
1157	136	-303.5736	-1097.118	0
1157	137	267.3078	554.4065	0
1157	138	363.4705	115.4994	0
1157	139	6139.242	-6103.941	0
1157	140	-6231.485	26246.2	0
1157	142	108.316	278.2844	0
1157	143	443.0512	103.9799	0
1157	144	423.2487	102.0766	0
1157	145	-912.8504	803.0134	0
1157	146	172.9172	225.6276	0
1157	147	418.1118	2.910248	0
1157	148	-982.1171	1586.156	0
1157	149	669.4444	626.9094	0
1157	150	530.7144	119.6789	0
1157	151	-2399.589	3842.421	0
1157	152	-609.4345	549.3498	0
1157	153	517.7541	116.5551	0
1157	154	188.4256	92.36072	0
1157	156	-81.08022	282.4847	0
1157	157	-1166.959	-4883.788	0
1157	158	251.3553	207.1948	0
1157	159	313.7903	161.363	0
1157	161	416.2055	67.62482	0
1157	162	214.9103	251.2281	0
1157	163	216.5378	92.73878	0
1157	164	260.5302	252.8869	0
1157	165	401.7748	-1033.925	0
1157	166	453.7318	507.3334	0
1157	167	521.1749	222.824	0
1157	168	319.4405	128.9069	0
1157	169	-410.3278	501.7636	0
1157	170	242.9355	114.5687	0
1157	171	-299.8805	665.5699	0
1157	172	-1781.028	6089.962	0
1157	173	563.1799	901.4726	0
1157	174	-281.2419	-1657.626	0
1157	175	401.3192	-822.729	0
1157	176	310.0254	233.6561	0
1157	177	179.92	434.3841	0
1157	178	261.8187	-24.92108	0
1157	179	37.20805	572.549	0
1157	180	-356.1709	1247.822	0
1157	181	91325.68	-156518.7	0
1157	182	387.7762	79.91591	0
1157	183	988.6345	424.526	0
1157	184	88.19677	120.9557	0
1157	185	248.61	-18.01331	0
1157	186	319.8021	182.5241	0
1157	187	-244.0999	440.2626	0
1157	188	-195.028	161.2116	0
1157	189	250.8117	79.09064	0
1157	190	331.1153	-7.046814	0
1157	191	507.3717	231.0824	0
1157	192	298.4326	45.32034	0
1157	193	107.055	85.84828	0
1157	194	62.61419	257.4823	0
1157	195	-489.2715	627.519	0
1157	196	380.6082	126.1021	0
1157	197	-30.52196	145.5293	0
1157	198	-282.5912	2196.175	0
1157	199	200.4099	437.199	0
1157	200	275.2987	37.94917	0
1157	201	571.1702	293.2057	0
1157	202	105.1397	284.3775	0
1157	203	317.6772	66.44009	0
1157	204	185.8275	-1789.843	0
1157	205	226.1459	-0.6975708	0
1157	206	-491.3625	288.1488	0
1157	207	391.7281	87.03548	0
1157	208	200.4657	299.7632	0
1157	209	562.4338	692.7285	0
1157	210	-1.349269	367.4313	0
1157	211	-941.5275	3911.648	0
1157	212	359.9735	102.3345	0
1157	213	150.3905	254.2387	0
1157	214	129.602	1347.431	0
1157	215	357.0187	74.83423	0
1157	216	-52.03888	110.2926	0
1157	217	606.2665	1095.838	0
1157	218	66.05908	304.0992	0
1157	219	223.5574	181.7778	0
1157	220	176.911	11.23465	0
1157	221	933.6742	562.0907	0
1157	222	372.5384	65.03546	0
1157	223	532.4097	80.37747	0
1157	224	-109.1389	233.6321	0
1157	225	267.948	210.1911	0
1157	226	636.1921	276.58	0
1157	227	213.702	200.7946	0
1157	228	-64.80205	633.6995	0
1157	229	488.315	147.0311	0
1157	230	189.6904	1.288727	0
1157	231	62.91525	127.6257	0
1157	232	298.9695	30.50049	0
1157	233	155.6958	343.1357	0
1157	234	1599.32	7572.998	0
1157	235	-120.236	428.6152	0
1157	236	342.5047	5.745026	0
1157	237	252.2108	65.64394	0
1157	238	362.6422	33.36227	0
1157	239	500.6136	56.85312	0
1157	240	-81.82232	-1382.822	0
1157	241	-1784.635	3647.695	0
1157	242	-87.64428	133.1778	0
1157	243	463.6501	52.50108	0
1157	244	575.1916	770.6504	0
1157	245	383.7716	14.4631	0
1157	246	-242.2311	734.0825	0
1157	247	368.0637	21.73749	0
1157	248	-489.1403	840.4348	0
1157	249	-740.7921	-4901.469	0
1157	250	230.8372	31.138	0
1157	251	332.513	49.95592	0
1157	252	2312.822	-2704.758	0
1157	253	-3366.596	9133.966	0
1157	254	52.459	450.5388	0
1157	255	258.2278	165.1509	0
1157	256	410.6137	75.64584	0
1157	257	-1319.896	-3801.724	0
1157	258	-54.76074	150.9041	0
1157	259	-1894.42	2505.341	0
1157	260	417.2178	638.0101	0
1157	261	220.0912	64.22762	0
1157	262	57.65051	40.3251	0
1157	263	723.4926	2260.415	0
1157	264	443.8841	34.41898	0
1157	265	433.415	73.40047	0
1157	266	-409.1786	382.383	0
1157	267	-1581.937	-2815.886	0
1157	268	-26.62028	101.3841	0
1157	269	109.246	33.66806	0
1157	270	75.27923	1259.787	0
1157	271	-858.1414	799.0397	0
1157	272	453.9626	63.31067	0
1157	273	401.6081	96.77182	0
1157	274	447.8194	61.7357	0
1157	275	-539.91	-2630.816	0
1157	276	195.102	41.95917	0
1157	277	-535.6094	852.871	0
1157	278	-524.2631	671.3705	0
1157	279	149.7913	26.39215	0
1157	280	1644.438	-2435.485	0
1157	281	462.1792	67.78615	0
1157	282	2002.445	1323.411	0
1157	283	-1395.378	1363.795	0
1157	284	-397.255	-2696.651	0
1157	285	470.7047	45.21779	0
1157	286	205.2084	28.0452	0
1157	287	111.12	25.83051	0
1157	288	-973.6088	-2475.224	0
1157	289	-1192.419	971.3237	0
1157	290	-258.6194	545.6865	0
1157	291	493.7629	20.68021	0
1157	292	455.6099	205.767	0
1157	293	183.2632	780.2554	0
1157	294	6.436432	69.83022	0
1157	295	-6903.252	-6490.953	0
1157	296	-832.2493	650.2844	0
1157	297	310.3723	22.10706	0
1157	298	-8320.455	8193.503	0
1157	299	497.0406	8.651733	0
1157	300	120.153	20.7959	0
1157	301	1207.542	1010.728	0
1157	302	-4444.858	12831.91	0
1157	303	-1341.987	-1657.949	0
1157	304	-151.8249	304.4803	0
1157	305	455.5138	22.26273	0
1157	306	-4151.804	3909.072	0
1157	307	333.1966	31.08966	0
1157	308	497.4742	189.2189	0
1157	309	171.0031	10.33948	0
1157	310	-672.7352	4858.161	0
1157	311	-2314.002	1756.075	0
1157	312	-450.6668	-1138.672	0
1157	313	56.28593	58.38838	0
1157	314	482.1806	31.98892	0
1157	315	379.8334	-1.076477	0
1157	316	139.4469	8.396179	0
1157	317	12808.08	-16448.54	0
1157	318	613.6855	252.1159	0
1157	319	-9083.105	6485.409	0
1157	320	-40.8035	223.1977	0
1157	321	499.752	-4.26239	0
1157	322	-7832.48	-6454.436	0
1157	323	231.9311	11.85406	0
1157	324	51.36112	18.56427	0
1157	325	1419.606	-1669.946	0
1157	326	547.6675	96.92783	0
1157	327	1588.276	-1212.677	0
1157	328	-2074.14	-2134.68	0
1157	329	-81.15006	99.63995	0
1157	330	178.7903	-3.990387	0
1157	331	577.0099	24.50632	0
1157	332	-2335.592	-2097.317	0
1157	333	765.5161	-1454.978	0
1157	334	713.1877	228.7865	0
1157	335	18.04013	13.32214	0
1157	336	-124.227	161.3316	0
1157	337	313.2313	-8.896179	0
1157	338	12908.48	-8566.651	0
1157	339	104.8791	9.678711	0
1157	340	534.7455	5.060608	0
1157	341	-532.6014	-927.6488	0
1157	342	906.9915	325.6115	0
1157	343	238.4764	-1370.07	0
1157	344	6568.367	-4711.738	0
1157	345	285.6977	17.72711	0
1157	346	-422.1518	377.1342	0
1157	347	503.5927	-22.76379	0
1157	348	-320.7697	-670.5363	0
1157	349	106.6216	-11.64331	0
1157	350	220.546	-1.896973	0
1157	351	-227.1864	220.1378	0
1157	352	660.9911	217.5404	0
1157	353	279.5609	-1809.963	0
1157	354	1753.718	-1183.197	0
1157	355	516.4892	-12.66339	0
1157	356	286.7936	9.194275	0
1157	357	-855.3575	-973.5313	0
1157	358	-229.6641	164.9526	0
1157	359	62.94572	-12.80743	0
1157	360	523.9842	-5.751617	0
1157	361	1181.553	-1992.139	0
1157	362	788.8929	309.143	0
1157	363	2286.258	-1448.15	0
1157	364	267.205	-4.805511	0
1157	365	-437.8503	-702.4279	0
1157	366	88.30249	-12.0849	0
1157	367	478.2342	-24.04373	0
1157	368	-278.3568	203.3122	0
1157	369	829.6017	211.9661	0
1157	370	866.3753	-1131.991	0
1157	371	1314.349	-816.4313	0
1157	372	-561.8724	-727.1649	0
1157	373	539.3351	-19.0412	0
1157	374	28.01242	-7.548889	0
1157	375	284.5067	-25.18613	0
1157	376	811.9202	272.9052	0
1157	377	-413.4474	241.2681	0
1157	378	1463.841	-882.2144	0
1157	379	-346.0302	-622.9996	0
1157	380	645.3088	-722.7878	0
1157	381	862.1925	211.8872	0
1157	382	1737.455	-970.5039	0
1157	383	79.32583	-24.69778	0
1157	384	264.0186	-12.65869	0
1157	385	539.2441	-15.67572	0
1157	386	-467.6609	241.8635	0
1157	387	553.8539	-649.8308	0
1157	388	-637.97	-802.408	0
1157	389	73.00037	-16.7475	0
1157	390	580.5328	-15.27606	0
1157	391	283.3175	-14.1868	0
1157	392	746.9318	189.504	0
1157	393	2058.021	-1194.456	0
1157	394	-454.4546	219.4991	0
1157	395	439.7187	-648.5012	0
1157	396	526.6272	-24.42953	0
1157	397	843.5407	229.1303	0
1157	398	42.8665	-21.86331	0
1157	399	-353.9554	-567.3223	0
1158	1	510.7616	31.16196	0
1158	5	-1084.402	-1683.344	0
1158	9	-835.9772	-981.5298	0
1158	10	487.0978	-865.1484	0
1158	16	292.9767	-12.91431	0
1158	17	2825.11	-2090.503	0
1158	18	532.2936	-7.25116	0
1158	19	1529.247	-890.7231	0
1158	22	-837.7952	-1270.279	0
1158	24	91.97066	39.60619	0
1158	25	551.6343	-16.39099	0
1158	26	7785.448	-6552.479	0
1158	27	-684.3087	-931.3755	0
1158	32	-441.9177	313.6317	0
1158	33	-5284.465	5530.022	0
1158	36	531.2705	-23.43307	0
1158	38	876.5579	235.6706	0
1158	39	829.2618	203.105	0
1158	41	-1904.703	2099.885	0
1158	42	311.204	-1.690887	0
1158	43	551.4825	-8.119781	0
1158	44	436.9722	30.8573	0
1158	47	591.011	-853.0287	0
1158	48	-1142.65	-1260.001	0
1158	49	325.1241	9.15036	0
1158	50	-3662.262	3372.147	0
1158	52	535.3998	-16.23895	0
1158	54	1851.586	-1088.932	0
1158	56	514.7993	-21.14709	0
1158	57	-629.8965	1017.589	0
1158	58	-492.7502	369.5541	0
1158	59	276.9083	-21.26599	0
1158	61	427.6277	68.04204	0
1158	63	789.551	206.2494	0
1158	64	845.1209	200.6287	0
1158	65	553.3301	-943.2351	0
1158	66	767.916	280.9575	0
1158	67	-1449.211	1856.801	0
1158	68	315.8013	24.02209	0
1158	71	-363.1568	-779.3079	0
1158	72	690.6056	156.9389	0
1158	73	865.9644	263.6369	0
1158	74	268.6447	-14.39352	0
1158	77	500.6994	-17.73907	0
1158	78	-505.9935	956.6424	0
1158	79	-435.8676	424.2442	0
1158	80	1335.604	1441.064	0
1158	81	433.4491	102.5317	0
1158	82	-2109.176	-2296.94	0
1158	83	60.611	-11.04898	0
1158	84	-344.4874	-707.3365	0
1158	85	607.9709	131.8035	0
1158	86	329.3863	35.22626	0
1158	88	-249.3805	616.3694	0
1158	89	855.0948	299.6244	0
1158	92	-983.4861	1047.693	0
1158	95	976.7559	3347.41	0
1158	96	714.1945	183.7977	0
1158	97	243.7538	-2.548035	0
1158	99	-0.6441216	42.7016	0
1158	100	-156.8047	632.8149	0
1158	101	478.7407	-4.745819	0
1158	103	144.2513	126.4307	0
1158	104	651.6025	162.5393	0
1158	105	729.1665	332.6761	0
1158	106	668.5115	-1347.81	0
1158	107	260.1569	3.739166	0
1158	108	16.57987	309.8304	0
1158	110	604.7231	152.8065	0
1158	112	386.913	96.14157	0
1158	113	265.1707	15.19449	0
1158	114	-414.2497	555.6268	0
1158	115	-147.8178	1914.072	0
1158	117	150.9071	335.4532	0
1158	118	667.1954	228.7003	0
1158	119	-371.4717	623.7605	0
1158	120	567.2991	131.4648	0
1158	121	705.918	513.5373	0
1158	122	35.06815	38.78104	0
1158	123	2075.387	-1712.2	0
1158	124	107.0365	467.3188	0
1158	125	-841.1029	2266.818	0
1158	126	483.9152	100.6219	0
1158	127	420.0407	87.39703	0
1158	128	718.2509	208.1365	0
1158	129	810.092	422.1558	0
1158	130	243.9114	39.03101	0
1158	131	139.4882	-3.413391	0
1158	132	535.5735	103.0391	0
1158	133	59.42891	399.5237	0
1158	135	219.9014	264.6556	0
1158	136	-304.181	-1093.693	0
1158	137	269.1212	557.5951	0
1158	138	364.0319	115.0329	0
1158	139	5964.388	-5908.701	0
1158	140	-8779.898	36537.37	0
1158	142	107.925	278.0634	0
1158	143	442.6697	103.4883	0
1158	144	424.0081	102.4136	0
1158	145	-920.1992	806.8115	0
1158	146	171.4222	226.6204	0
1158	147	418.6085	2.786072	0
1158	148	-975.0056	1569.753	0
1158	149	670.7786	624.0498	0
1158	150	530.8158	119.1147	0
1158	151	-2465.814	3920.341	0
1158	152	-616.6423	554.1616	0
1158	153	518.74	116.8605	0
1158	154	187.3324	92.59325	0
1158	156	-82.56563	282.375	0
1158	157	-1164.846	-4825.814	0
1158	158	250.5723	206.1915	0
1158	159	314.5554	160.5506	0
1158	161	416.8343	67.74567	0
1158	162	213.4261	252.1237	0
1158	163	216.9057	92.14995	0
1158	164	259.9236	251.9265	0
1158	165	403.2827	-1028.793	0
1158	166	455.6677	505.3846	0
1158	167	522.7565	222.7297	0
1158	168	318.657	129.4905	0
1158	169	-415.0869	504.7362	0
1158	170	243.1089	113.8289	0
1158	171	-304.8057	672.5809	0
1158	172	-1792.876	6073.135	0
1158	173	564.6557	896.6683	0
1158	174	-282.4495	-1647.752	0
1158	175	402.8664	-820.4951	0
1158	176	309.0995	234.7334	0
1158	177	181.7641	432.3069	0
1158	178	262.2931	-25.0408	0
1158	179	35.25527	578.2612	0
1158	180	-355.9479	1238.106	0
1158	181	50613.35	-86110.96	0
1158	182	388.5143	80.04131	0
1158	183	987.2886	422.1098	0
1158	184	89.3242	120.3389	0
1158	185	249.007	-18.17105	0
1158	186	319.0185	183.3984	0
1158	187	-245.9312	443.2227	0
1158	188	-196.8215	161.8317	0
1158	189	251.0007	78.56688	0
1158	190	330.7242	-7.224701	0
1158	191	506.2525	230.0757	0
1158	192	299.1654	45.12605	0
1158	193	107.8722	85.29637	0
1158	194	61.15025	257.0138	0
1158	195	-494.3148	633.0468	0
1158	196	380.1132	126.8115	0
1158	197	-29.97153	144.7126	0
1158	198	-284.5521	2172.53	0
1158	199	200.3028	440.3288	0
1158	200	276.003	37.76366	0
1158	201	569.5682	291.4479	0
1158	202	105.788	284.9077	0
1158	203	318.4647	66.66608	0
1158	204	190.0933	-1773.93	0
1158	205	226.5446	-0.7999878	0
1158	206	-490.3051	286.9029	0
1158	207	391.145	87.35025	0
1158	208	199.5164	302.0542	0
1158	209	558.9372	686.6395	0
1158	210	0.888921	365.9317	0
1158	211	-918.1047	3869.155	0
1158	212	359.1428	102.7504	0
1158	213	151.4117	252.5926	0
1158	214	124.7338	1357.44	0
1158	215	357.769	75.07944	0
1158	216	-53.52828	110.8213	0
1158	217	601.7006	1088.286	0
1158	218	67.82071	303.0869	0
1158	219	222.1832	181.7691	0
1158	220	177.5734	11.03958	0
1158	221	933.2892	559.2032	0
1158	222	372.0498	65.34398	0
1158	223	533.3763	80.7205	0
1158	224	-110.1092	235.0029	0
1158	225	266.744	210.1529	0
1158	226	634.3693	275.1011	0
1158	227	213.9339	199.5441	0
1158	228	-60.85904	629.7819	0
1158	229	488.312	147.8802	0
1158	230	190.3523	1.072815	0
1158	231	61.63431	128.2626	0
1158	232	299.5198	30.72208	0
1158	233	156.4959	341.5691	0
1158	234	1551.516	7437.622	0
1158	235	-116.7123	426.006	0
1158	236	342.1367	5.50705	0
1158	237	253.0557	65.32948	0
1158	238	362.0036	33.55542	0
1158	239	501.5305	57.24141	0
1158	240	-79.66906	-1388.466	0
1158	241	-1740.574	3590.91	0
1158	242	-88.24463	133.9673	0
1158	243	464.4221	52.7623	0
1158	244	574.9871	763.2853	0
1158	245	383.2762	14.22366	0
1158	246	-242.0571	738.9961	0
1158	247	367.4402	21.8927	0
1158	248	-482.0234	835.3018	0
1158	249	-743.6631	-4998.703	0
1158	250	231.4411	31.29791	0
1158	251	331.7872	49.79453	0
1158	252	2270.111	-2656.931	0
1158	253	-3208.596	8773.086	0
1158	254	53.79523	447.1707	0
1158	255	258.0403	166.0736	0
1158	256	409.9976	76.03168	0
1158	257	-1334.673	-3860.489	0
1158	258	-55.47082	151.7736	0
1158	259	-1856.819	2468.67	0
1158	260	415.0456	641.6512	0
1158	261	220.9044	63.97675	0
1158	262	56.86312	40.66234	0
1158	263	716.3796	2204.938	0
1158	264	443.6404	34.71603	0
1158	265	433.2011	73.41498	0
1158	266	-404.9901	379.9567	0
1158	267	-1609.854	-2863.625	0
1158	268	-26.84088	101.9148	0
1158	269	110.0955	33.35205	0
1158	270	78.54664	1240.237	0
1158	271	-849.4609	793.9492	0
1158	272	453.3653	63.21577	0
1158	273	402.1896	97.47107	0
1158	274	446.9131	61.84804	0
1158	275	-540.8472	-2654.048	0
1158	276	195.7126	42.14301	0
1158	277	-537.3752	855.8728	0
1158	278	-521.4565	667.7687	0
1158	279	149.0785	26.66913	0
1158	280	1652.473	-2460.994	0
1158	281	461.6754	67.53984	0
1158	282	1980.321	1306.06	0
1158	283	-1412.832	1382.166	0
1158	284	-411.1957	-2727.608	0
1158	285	470.3776	45.48099	0
1158	286	205.761	28.18069	0
1158	287	110.3906	26.13687	0
1158	288	-976.8844	-2494.268	0
1158	289	-1178.389	961.6351	0
1158	290	-258.1382	547.4957	0
1158	291	493.4709	20.90192	0
1158	292	454.0239	205.7326	0
1158	293	184.2826	771.5203	0
1158	294	6.102675	70.32693	0
1158	295	-7323.315	-6867.53	0
1158	296	-823.4606	644.8456	0
1158	297	310.6379	22.34058	0
1158	298	-8879.495	8759.65	0
1158	299	496.7971	8.863129	0
1158	300	120.6963	20.87497	0
1158	301	1211.371	1019.794	0
1158	302	-4102.609	11905.28	0
1158	303	-1358.591	-1674.883	0
1158	304	-150.0267	304.3452	0
1158	305	455.1891	22.49878	0
1158	306	-4074.972	3847.451	0
1158	307	333.675	31.3934	0
1158	308	496.1974	189.1304	0
1158	309	171.3528	10.46841	0
1158	310	-629.2281	4662.232	0
1158	311	-2270.404	1726.067	0
1158	312	-450.783	-1142.61	0
1158	313	57.24819	58.01791	0
1158	314	481.8498	32.26297	0
1158	315	380.3011	-0.8715515	0
1158	316	139.9085	8.529266	0
1158	317	14966.29	-19233.19	0
1158	318	611.9607	251.9267	0
1158	319	-8563.302	6123.775	0
1158	320	-39.25401	223.1532	0
1158	321	499.5424	-4.075287	0
1158	322	-8248.348	-6783.458	0
1158	323	231.5144	12.14734	0
1158	324	51.52288	18.79825	0
1158	325	1433.71	-1684.152	0
1158	326	546.6652	96.68517	0
1158	327	1590.554	-1217.257	0
1158	328	-2110.357	-2166.392	0
1158	329	-79.77348	99.14896	0
1158	330	178.2555	-3.794464	0
1158	331	577.0439	24.80615	0
1158	332	-2374.915	-2128.101	0
1158	333	771.171	-1469.675	0
1158	334	712.1913	229.0934	0
1158	335	17.85207	13.60629	0
1158	336	-122.5943	160.9035	0
1158	337	313.4979	-8.692657	0
1158	338	13554.98	-9011.778	0
1158	339	105.3399	9.801788	0
1158	340	534.5502	5.277802	0
1158	341	-535.5323	-931.8247	0
1158	342	907.2875	327.0235	0
1158	343	235.7767	-1379.747	0
1158	344	6808.487	-4890.651	0
1158	345	286.0215	18.03128	0
1158	346	-423.8014	379.0058	0
1158	347	503.1201	-22.75067	0
1158	348	-320.4752	-671.4771	0
1158	349	107.0392	-11.53281	0
1158	350	220.1029	-1.776733	0
1158	351	-225.7504	220.1309	0
1158	352	658.9888	216.5806	0
1158	353	275.7263	-1828.406	0
1158	354	1764.447	-1191.688	0
1158	355	516.4894	-12.46008	0
1158	356	286.7328	9.457306	0
1158	357	-861.6265	-978.4651	0
1158	358	-227.8836	164.4614	0
1158	359	63.03606	-12.6637	0
1158	360	523.8773	-5.529083	0
1158	361	1197.331	-2019.756	0
1158	362	789.2573	310.8121	0
1158	363	2306.11	-1462.158	0
1158	364	266.7447	-4.607269	0
1158	365	-437.8207	-703.6323	0
1158	366	88.67851	-11.98218	0
1158	367	477.8626	-23.9469	0
1158	368	-276.0475	202.381	0
1158	369	827.4985	211.2522	0
1158	370	872.0959	-1139.75	0
1158	371	1316.204	-818.8049	0
1158	372	-563.3893	-728.941	0
1158	373	539.217	-18.91455	0
1158	374	27.85108	-7.323212	0
1158	375	284.8788	-25.06335	0
1158	376	811.8552	273.8856	0
1158	377	-411.662	241.1426	0
1158	378	1463.971	-883.8145	0
1158	379	-347.7127	-624.6062	0
1158	380	647.8899	-725.0688	0
1158	381	864.0452	213.2546	0
1158	382	1742.639	-974.4075	0
1158	383	79.64557	-24.60886	0
1158	384	264.1577	-12.4935	0
1158	385	539.2637	-15.48022	0
1158	386	-467.8518	242.6909	0
1158	387	554.6915	-651.7967	0
1158	388	-638.5294	-804.1576	0
1158	389	72.97875	-16.58698	0
1158	390	580.3702	-15.12808	0
1158	391	283.0846	-13.99847	0
1158	392	746.4175	189.9642	0
1158	393	2068.977	-1201.505	0
1158	394	-454.4417	220.0239	0
1158	395	440.7418	-650.1526	0
1158	396	526.2957	-24.41428	0
1158	397	843.8154	229.9731	0
1158	398	43.03116	-21.81641	0
1158	399	-353.9337	-567.4926	0
