17	1	355.4697	309.7453	0
18	1	355.4697	309.7453	0
18	2	367.8506	84.5365	0
19	1	355.4697	309.7453	0
19	2	367.8506	84.5365	0
19	3	333.8638	309.2765	0
20	1	355.4697	309.7453	0
20	2	367.8506	84.5365	0
20	3	333.8638	309.2765	0
20	4	294.6534	232.4579	0
21	1	355.4697	309.7453	0
21	2	367.8506	84.5365	0
21	3	333.8638	309.2765	0
21	4	294.6534	232.4579	0
21	5	462.422	433.3744	0
22	1	355.4697	309.7453	0
22	2	367.8506	84.5365	0
22	3	333.8638	309.2765	0
22	4	294.6534	232.4579	0
22	5	462.422	433.3744	0
22	6	431.8	227.4649	0
23	1	355.4697	309.7453	0
23	2	367.8506	84.5365	0
23	3	333.8638	309.2765	0
23	4	294.6534	232.4579	0
23	5	462.422	433.3744	0
23	6	431.8	227.4649	0
23	7	413.65	316.5788	0
24	1	355.4697	309.7453	0
24	2	367.8506	84.5365	0
24	3	333.8638	309.2765	0
24	4	294.6534	232.4579	0
24	5	462.422	433.3744	0
24	6	431.8	227.4649	0
24	7	413.65	316.5788	0
24	8	470.4682	319.0683	0
25	1	355.4697	309.7453	0
25	2	367.8506	84.5365	0
25	3	333.8638	309.2765	0
25	4	294.6534	232.4579	0
25	5	462.422	433.3744	0
25	6	431.8	227.4649	0
25	7	413.65	316.5788	0
25	8	470.4682	319.0683	0
25	9	363.6002	60.56357	0
26	1	355.4697	309.7453	0
26	2	367.8506	84.5365	0
26	3	333.8638	309.2765	0
26	4	294.6534	232.4579	0
26	5	462.422	433.3744	0
26	6	431.8	227.4649	0
26	7	413.65	316.5788	0
26	8	470.4682	319.0683	0
26	9	363.6002	60.56357	0
27	1	355.4697	309.7453	0
27	2	367.8506	84.5365	0
27	3	333.8638	309.2765	0
27	4	294.6534	232.4579	0
27	5	462.422	433.3744	0
27	6	431.8	227.4649	0
27	7	413.65	316.5788	0
27	8	470.4682	319.0683	0
27	9	363.6002	60.56357	0
27	10	434.8014	395.0891	0
28	1	355.4697	309.7453	0
28	2	367.8506	84.5365	0
28	3	333.8638	309.2765	0
28	4	294.6534	232.4579	0
28	5	462.422	433.3744	0
28	6	431.8	227.4649	0
28	7	413.65	316.5788	0
28	8	470.4682	319.0683	0
28	9	363.6002	60.56357	0
28	10	434.8014	395.0891	0
28	11	244.0444	-22.50562	0
29	1	355.4697	309.7453	0
29	2	367.8506	84.5365	0
29	3	333.8638	309.2765	0
29	4	294.6534	232.4579	0
29	5	462.422	433.3744	0
29	6	431.8	227.4649	0
29	7	413.65	316.5788	0
29	8	470.4682	319.0683	0
29	9	363.6002	60.56357	0
29	10	434.8014	395.0891	0
29	11	244.0444	-22.50562	0
29	12	247.1019	50.67172	0
30	1	355.4697	309.7453	0
30	2	367.8506	84.5365	0
30	3	333.8638	309.2765	0
30	4	294.6534	232.4579	0
30	5	462.422	433.3744	0
30	6	431.8	227.4649	0
30	7	413.65	316.5788	0
30	8	470.4682	319.0683	0
30	9	363.6002	60.56357	0
30	10	434.8014	395.0891	0
30	11	244.0444	-22.50562	0
30	12	247.1019	50.67172	0
30	13	293.917	273.0684	0
31	1	355.4697	309.7453	0
31	2	367.8506	84.5365	0
31	3	333.8638	309.2765	0
31	4	294.6534	232.4579	0
31	5	462.422	433.3744	0
31	6	431.8	227.4649	0
31	7	413.65	316.5788	0
31	8	470.4682	319.0683	0
31	9	363.6002	60.56357	0
31	10	434.8014	395.0891	0
31	11	244.0444	-22.50562	0
31	12	247.1019	50.67172	0
31	13	293.917	273.0684	0
31	14	349.8878	108.6092	0
32	1	355.4697	309.7453	0
32	2	367.8506	84.5365	0
32	3	333.8638	309.2765	0
32	4	294.6534	232.4579	0
32	5	462.422	433.3744	0
32	6	431.8	227.4649	0
32	7	413.65	316.5788	0
32	8	470.4682	319.0683	0
32	9	363.6002	60.56357	0
32	10	434.8014	395.0891	0
32	11	244.0444	-22.50562	0
32	12	247.1019	50.67172	0
32	13	293.917	273.0684	0
32	14	349.8878	108.6092	0
32	15	305.7034	56.89645	0
33	1	355.4697	309.7453	0
33	2	367.8506	84.5365	0
33	3	333.8638	309.2765	0
33	4	294.6534	232.4579	0
33	5	462.422	433.3744	0
33	6	431.8	227.4649	0
33	7	413.65	316.5788	0
33	8	470.4682	319.0683	0
33	9	363.6002	60.56357	0
33	10	434.8014	395.0891	0
33	11	244.0444	-22.50562	0
33	12	247.1019	50.67172	0
33	13	293.917	273.0684	0
33	14	349.8878	108.6092	0
33	15	305.7034	56.89645	0
33	16	375.0677	222.5709	0
34	1	355.4697	309.7453	0
34	2	367.8506	84.5365	0
34	3	333.8638	309.2765	0
34	4	294.6534	232.4579	0
34	5	462.422	433.3744	0
34	6	431.8	227.4649	0
34	7	413.65	316.5788	0
34	8	470.4682	319.0683	0
34	9	363.6002	60.56357	0
34	10	434.8014	395.0891	0
34	11	244.0444	-22.50562	0
34	12	247.1019	50.67172	0
34	13	293.917	273.0684	0
34	14	349.8878	108.6092	0
34	15	305.7034	56.89645	0
34	16	375.0677	222.5709	0
34	17	328.2979	136.5889	0
35	1	355.4697	309.7453	0
35	2	367.8506	84.5365	0
35	3	333.8638	309.2765	0
35	4	294.6534	232.4579	0
35	5	462.422	433.3744	0
35	6	431.8	227.4649	0
35	7	413.65	316.5788	0
35	8	470.4682	319.0683	0
35	9	363.6002	60.56357	0
35	10	434.8014	395.0891	0
35	11	244.0444	-22.50562	0
35	12	247.1019	50.67172	0
35	13	293.917	273.0684	0
35	14	349.8878	108.6092	0
35	15	305.7034	56.89645	0
35	16	375.0677	222.5709	0
35	17	328.2979	136.5889	0
35	18	310.1838	81.74216	0
36	1	355.4697	309.7453	0
36	2	367.8506	84.5365	0
36	3	333.8638	309.2765	0
36	4	294.6534	232.4579	0
36	5	462.422	433.3744	0
36	6	431.8	227.4649	0
36	7	413.65	316.5788	0
36	8	470.4682	319.0683	0
36	9	363.6002	60.56357	0
36	10	434.8014	395.0891	0
36	11	244.0444	-22.50562	0
36	12	247.1019	50.67172	0
36	13	293.917	273.0684	0
36	14	349.8878	108.6092	0
36	15	305.7034	56.89645	0
36	16	375.0677	222.5709	0
36	17	328.2979	136.5889	0
36	18	310.1838	81.74216	0
37	1	355.4697	309.7453	0
37	2	367.8506	84.5365	0
37	3	333.8638	309.2765	0
37	4	294.6534	232.4579	0
37	5	462.422	433.3744	0
37	6	431.8	227.4649	0
37	7	413.65	316.5788	0
37	8	470.4682	319.0683	0
37	9	363.6002	60.56357	0
37	10	434.8014	395.0891	0
37	11	244.0444	-22.50562	0
37	12	247.1019	50.67172	0
37	13	293.917	273.0684	0
37	14	349.8878	108.6092	0
37	15	305.7034	56.89645	0
37	16	375.0677	222.5709	0
37	17	328.2979	136.5889	0
37	18	310.1838	81.74216	0
37	19	459.038	367.7214	0
38	1	355.4697	309.7453	0
38	2	367.8506	84.5365	0
38	3	333.8638	309.2765	0
38	4	294.6534	232.4579	0
38	5	462.422	433.3744	0
38	6	431.8	227.4649	0
38	7	413.65	316.5788	0
38	8	470.4682	319.0683	0
38	9	363.6002	60.56357	0
38	10	434.8014	395.0891	0
38	11	244.0444	-22.50562	0
38	12	247.1019	50.67172	0
38	13	293.917	273.0684	0
38	14	349.8878	108.6092	0
38	15	305.7034	56.89645	0
38	16	375.0677	222.5709	0
38	17	328.2979	136.5889	0
38	18	310.1838	81.74216	0
38	19	459.038	367.7214	0
38	20	438.7596	272.4622	0
17	1	424.9748	356.4748	0
18	1	424.9748	356.4748	0
18	2	438.6897	99.08878	0
19	1	424.9748	356.4748	0
19	2	438.6897	99.08878	0
19	3	399.7809	357.4569	0
20	1	424.9748	356.4748	0
20	2	438.6897	99.08878	0
20	3	399.7809	357.4569	0
20	4	354.035	266.1732	0
21	1	424.9748	356.4748	0
21	2	438.6897	99.08878	0
21	3	399.7809	357.4569	0
21	4	354.035	266.1732	0
21	5	549.0328	500.1629	0
22	1	424.9748	356.4748	0
22	2	438.6897	99.08878	0
22	3	399.7809	357.4569	0
22	4	354.035	266.1732	0
22	5	549.0328	500.1629	0
22	6	513.1729	260.7829	0
23	1	424.9748	356.4748	0
23	2	438.6897	99.08878	0
23	3	399.7809	357.4569	0
23	4	354.035	266.1732	0
23	5	549.0328	500.1629	0
23	6	513.1729	260.7829	0
23	7	491.596	364.5597	0
24	1	424.9748	356.4748	0
24	2	438.6897	99.08878	0
24	3	399.7809	357.4569	0
24	4	354.035	266.1732	0
24	5	549.0328	500.1629	0
24	6	513.1729	260.7829	0
24	7	491.596	364.5597	0
24	8	559.1076	367.174	0
25	1	424.9748	356.4748	0
25	2	438.6897	99.08878	0
25	3	399.7809	357.4569	0
25	4	354.035	266.1732	0
25	5	549.0328	500.1629	0
25	6	513.1729	260.7829	0
25	7	491.596	364.5597	0
25	8	559.1076	367.174	0
25	9	434.7753	69.47595	0
26	1	424.9748	356.4748	0
26	2	438.6897	99.08878	0
26	3	399.7809	357.4569	0
26	4	354.035	266.1732	0
26	5	549.0328	500.1629	0
26	6	513.1729	260.7829	0
26	7	491.596	364.5597	0
26	8	559.1076	367.174	0
26	9	434.7753	69.47595	0
27	1	424.9748	356.4748	0
27	2	438.6897	99.08878	0
27	3	399.7809	357.4569	0
27	4	354.035	266.1732	0
27	5	549.0328	500.1629	0
27	6	513.1729	260.7829	0
27	7	491.596	364.5597	0
27	8	559.1076	367.174	0
27	9	434.7753	69.47595	0
27	10	517.821	453.8141	0
28	1	424.9748	356.4748	0
28	2	438.6897	99.08878	0
28	3	399.7809	357.4569	0
28	4	354.035	266.1732	0
28	5	549.0328	500.1629	0
28	6	513.1729	260.7829	0
28	7	491.596	364.5597	0
28	8	559.1076	367.174	0
28	9	434.7753	69.47595	0
28	10	517.821	453.8141	0
28	11	297.1805	-27.77313	0
29	1	424.9748	356.4748	0
29	2	438.6897	99.08878	0
29	3	399.7809	357.4569	0
29	4	354.035	266.1732	0
29	5	549.0328	500.1629	0
29	6	513.1729	260.7829	0
29	7	491.596	364.5597	0
29	8	559.1076	367.174	0
29	9	434.7753	69.47595	0
29	10	517.821	453.8141	0
29	11	297.1805	-27.77313	0
29	12	301.4468	59.43811	0
30	1	424.9748	356.4748	0
30	2	438.6897	99.08878	0
30	3	399.7809	357.4569	0
30	4	354.035	266.1732	0
30	5	549.0328	500.1629	0
30	6	513.1729	260.7829	0
30	7	491.596	364.5597	0
30	8	559.1076	367.174	0
30	9	434.7753	69.47595	0
30	10	517.821	453.8141	0
30	11	297.1805	-27.77313	0
30	12	301.4468	59.43811	0
30	13	356.6411	315.4072	0
31	1	424.9748	356.4748	0
31	2	438.6897	99.08878	0
31	3	399.7809	357.4569	0
31	4	354.035	266.1732	0
31	5	549.0328	500.1629	0
31	6	513.1729	260.7829	0
31	7	491.596	364.5597	0
31	8	559.1076	367.174	0
31	9	434.7753	69.47595	0
31	10	517.821	453.8141	0
31	11	297.1805	-27.77313	0
31	12	301.4468	59.43811	0
31	13	356.6411	315.4072	0
31	14	419.6246	125.9553	0
32	1	424.9748	356.4748	0
32	2	438.6897	99.08878	0
32	3	399.7809	357.4569	0
32	4	354.035	266.1732	0
32	5	549.0328	500.1629	0
32	6	513.1729	260.7829	0
32	7	491.596	364.5597	0
32	8	559.1076	367.174	0
32	9	434.7753	69.47595	0
32	10	517.821	453.8141	0
32	11	297.1805	-27.77313	0
32	12	301.4468	59.43811	0
32	13	356.6411	315.4072	0
32	14	419.6246	125.9553	0
32	15	366.8273	66.51505	0
33	1	424.9748	356.4748	0
33	2	438.6897	99.08878	0
33	3	399.7809	357.4569	0
33	4	354.035	266.1732	0
33	5	549.0328	500.1629	0
33	6	513.1729	260.7829	0
33	7	491.596	364.5597	0
33	8	559.1076	367.174	0
33	9	434.7753	69.47595	0
33	10	517.821	453.8141	0
33	11	297.1805	-27.77313	0
33	12	301.4468	59.43811	0
33	13	356.6411	315.4072	0
33	14	419.6246	125.9553	0
33	15	366.8273	66.51505	0
33	16	447.1132	255.832	0
34	1	424.9748	356.4748	0
34	2	438.6897	99.08878	0
34	3	399.7809	357.4569	0
34	4	354.035	266.1732	0
34	5	549.0328	500.1629	0
34	6	513.1729	260.7829	0
34	7	491.596	364.5597	0
34	8	559.1076	367.174	0
34	9	434.7753	69.47595	0
34	10	517.821	453.8141	0
34	11	297.1805	-27.77313	0
34	12	301.4468	59.43811	0
34	13	356.6411	315.4072	0
34	14	419.6246	125.9553	0
34	15	366.8273	66.51505	0
34	16	447.1132	255.832	0
34	17	393.2568	158.3249	0
35	1	424.9748	356.4748	0
35	2	438.6897	99.08878	0
35	3	399.7809	357.4569	0
35	4	354.035	266.1732	0
35	5	549.0328	500.1629	0
35	6	513.1729	260.7829	0
35	7	491.596	364.5597	0
35	8	559.1076	367.174	0
35	9	434.7753	69.47595	0
35	10	517.821	453.8141	0
35	11	297.1805	-27.77313	0
35	12	301.4468	59.43811	0
35	13	356.6411	315.4072	0
35	14	419.6246	125.9553	0
35	15	366.8273	66.51505	0
35	16	447.1132	255.832	0
35	17	393.2568	158.3249	0
35	18	374.2381	93.88028	0
36	1	424.9748	356.4748	0
36	2	438.6897	99.08878	0
36	3	399.7809	357.4569	0
36	4	354.035	266.1732	0
36	5	549.0328	500.1629	0
36	6	513.1729	260.7829	0
36	7	491.596	364.5597	0
36	8	559.1076	367.174	0
36	9	434.7753	69.47595	0
36	10	517.821	453.8141	0
36	11	297.1805	-27.77313	0
36	12	301.4468	59.43811	0
36	13	356.6411	315.4072	0
36	14	419.6246	125.9553	0
36	15	366.8273	66.51505	0
36	16	447.1132	255.832	0
36	17	393.2568	158.3249	0
36	18	374.2381	93.88028	0
37	1	424.9748	356.4748	0
37	2	438.6897	99.08878	0
37	3	399.7809	357.4569	0
37	4	354.035	266.1732	0
37	5	549.0328	500.1629	0
37	6	513.1729	260.7829	0
37	7	491.596	364.5597	0
37	8	559.1076	367.174	0
37	9	434.7753	69.47595	0
37	10	517.821	453.8141	0
37	11	297.1805	-27.77313	0
37	12	301.4468	59.43811	0
37	13	356.6411	315.4072	0
37	14	419.6246	125.9553	0
37	15	366.8273	66.51505	0
37	16	447.1132	255.832	0
37	17	393.2568	158.3249	0
37	18	374.2381	93.88028	0
37	19	544.0195	422.636	0
38	1	424.9748	356.4748	0
38	2	438.6897	99.08878	0
38	3	399.7809	357.4569	0
38	4	354.035	266.1732	0
38	5	549.0328	500.1629	0
38	6	513.1729	260.7829	0
38	7	491.596	364.5597	0
38	8	559.1076	367.174	0
38	9	434.7753	69.47595	0
38	10	517.821	453.8141	0
38	11	297.1805	-27.77313	0
38	12	301.4468	59.43811	0
38	13	356.6411	315.4072	0
38	14	419.6246	125.9553	0
38	15	366.8273	66.51505	0
38	16	447.1132	255.832	0
38	17	393.2568	158.3249	0
38	18	374.2381	93.88028	0
38	19	544.0195	422.636	0
38	20	521.9089	315.7747	0
39	1	424.9748	356.4748	0
39	2	438.6897	99.08878	0
39	3	399.7809	357.4569	0
39	4	354.035	266.1732	0
39	5	549.0328	500.1629	0
39	6	513.1729	260.7829	0
39	7	491.596	364.5597	0
39	8	559.1076	367.174	0
39	9	434.7753	69.47595	0
39	10	517.821	453.8141	0
39	11	297.1805	-27.77313	0
39	12	301.4468	59.43811	0
39	13	356.6411	315.4072	0
39	14	419.6246	125.9553	0
39	15	366.8273	66.51505	0
39	16	447.1132	255.832	0
39	17	393.2568	158.3249	0
39	18	374.2381	93.88028	0
39	19	544.0195	422.636	0
39	20	521.9089	315.7747	0
39	21	545.838	617.7817	0
40	1	424.9748	356.4748	0
40	2	438.6897	99.08878	0
40	3	399.7809	357.4569	0
40	4	354.035	266.1732	0
40	5	549.0328	500.1629	0
40	6	513.1729	260.7829	0
40	7	491.596	364.5597	0
40	8	559.1076	367.174	0
40	9	434.7753	69.47595	0
40	10	517.821	453.8141	0
40	11	297.1805	-27.77313	0
40	12	301.4468	59.43811	0
40	13	356.6411	315.4072	0
40	14	419.6246	125.9553	0
40	15	366.8273	66.51505	0
40	16	447.1132	255.832	0
40	17	393.2568	158.3249	0
40	18	374.2381	93.88028	0
40	19	544.0195	422.636	0
40	20	521.9089	315.7747	0
40	21	545.838	617.7817	0
40	22	571.4919	553.888	0
41	1	424.9748	356.4748	0
41	2	438.6897	99.08878	0
41	3	399.7809	357.4569	0
41	4	354.035	266.1732	0
41	5	549.0328	500.1629	0
41	6	513.1729	260.7829	0
41	7	491.596	364.5597	0
41	8	559.1076	367.174	0
41	9	434.7753	69.47595	0
41	10	517.821	453.8141	0
41	11	297.1805	-27.77313	0
41	12	301.4468	59.43811	0
41	13	356.6411	315.4072	0
41	14	419.6246	125.9553	0
41	15	366.8273	66.51505	0
41	16	447.1132	255.832	0
41	17	393.2568	158.3249	0
41	18	374.2381	93.88028	0
41	19	544.0195	422.636	0
41	20	521.9089	315.7747	0
41	21	545.838	617.7817	0
41	22	571.4919	553.888	0
41	23	421.3416	271.842	0
42	1	424.9748	356.4748	0
42	2	438.6897	99.08878	0
42	3	399.7809	357.4569	0
42	4	354.035	266.1732	0
42	5	549.0328	500.1629	0
42	6	513.1729	260.7829	0
42	7	491.596	364.5597	0
42	8	559.1076	367.174	0
42	9	434.7753	69.47595	0
42	10	517.821	453.8141	0
42	11	297.1805	-27.77313	0
42	12	301.4468	59.43811	0
42	13	356.6411	315.4072	0
42	14	419.6246	125.9553	0
42	15	366.8273	66.51505	0
42	16	447.1132	255.832	0
42	17	393.2568	158.3249	0
42	18	374.2381	93.88028	0
42	19	544.0195	422.636	0
42	20	521.9089	315.7747	0
42	21	545.838	617.7817	0
42	22	571.4919	553.888	0
42	23	421.3416	271.842	0
42	24	342.4592	63.79495	0
43	1	424.9748	356.4748	0
43	2	438.6897	99.08878	0
43	3	399.7809	357.4569	0
43	4	354.035	266.1732	0
43	5	549.0328	500.1629	0
43	6	513.1729	260.7829	0
43	7	491.596	364.5597	0
43	8	559.1076	367.174	0
43	9	434.7753	69.47595	0
43	10	517.821	453.8141	0
43	11	297.1805	-27.77313	0
43	12	301.4468	59.43811	0
43	13	356.6411	315.4072	0
43	14	419.6246	125.9553	0
43	15	366.8273	66.51505	0
43	16	447.1132	255.832	0
43	17	393.2568	158.3249	0
43	18	374.2381	93.88028	0
43	19	544.0195	422.636	0
43	20	521.9089	315.7747	0
43	21	545.838	617.7817	0
43	22	571.4919	553.888	0
43	23	421.3416	271.842	0
43	24	342.4592	63.79495	0
43	25	564.1727	395.4053	0
44	1	424.9748	356.4748	0
44	2	438.6897	99.08878	0
44	3	399.7809	357.4569	0
44	4	354.035	266.1732	0
44	5	549.0328	500.1629	0
44	6	513.1729	260.7829	0
44	7	491.596	364.5597	0
44	8	559.1076	367.174	0
44	9	434.7753	69.47595	0
44	10	517.821	453.8141	0
44	11	297.1805	-27.77313	0
44	12	301.4468	59.43811	0
44	13	356.6411	315.4072	0
44	14	419.6246	125.9553	0
44	15	366.8273	66.51505	0
44	16	447.1132	255.832	0
44	17	393.2568	158.3249	0
44	18	374.2381	93.88028	0
44	19	544.0195	422.636	0
44	20	521.9089	315.7747	0
44	21	545.838	617.7817	0
44	22	571.4919	553.888	0
44	23	421.3416	271.842	0
44	24	342.4592	63.79495	0
44	25	564.1727	395.4053	0
44	26	460.6795	160.3485	0
45	1	424.9748	356.4748	0
45	2	438.6897	99.08878	0
45	3	399.7809	357.4569	0
45	4	354.035	266.1732	0
45	5	549.0328	500.1629	0
45	6	513.1729	260.7829	0
45	7	491.596	364.5597	0
45	8	559.1076	367.174	0
45	9	434.7753	69.47595	0
45	10	517.821	453.8141	0
45	11	297.1805	-27.77313	0
45	12	301.4468	59.43811	0
45	13	356.6411	315.4072	0
45	14	419.6246	125.9553	0
45	15	366.8273	66.51505	0
45	16	447.1132	255.832	0
45	17	393.2568	158.3249	0
45	18	374.2381	93.88028	0
45	19	544.0195	422.636	0
45	20	521.9089	315.7747	0
45	21	545.838	617.7817	0
45	22	571.4919	553.888	0
45	23	421.3416	271.842	0
45	24	342.4592	63.79495	0
45	25	564.1727	395.4053	0
45	26	460.6795	160.3485	0
45	27	485.004	128.8871	0
46	1	424.9748	356.4748	0
46	2	438.6897	99.08878	0
46	3	399.7809	357.4569	0
46	4	354.035	266.1732	0
46	5	549.0328	500.1629	0
46	6	513.1729	260.7829	0
46	7	491.596	364.5597	0
46	8	559.1076	367.174	0
46	9	434.7753	69.47595	0
46	10	517.821	453.8141	0
46	11	297.1805	-27.77313	0
46	12	301.4468	59.43811	0
46	13	356.6411	315.4072	0
46	14	419.6246	125.9553	0
46	15	366.8273	66.51505	0
46	16	447.1132	255.832	0
46	17	393.2568	158.3249	0
46	18	374.2381	93.88028	0
46	19	544.0195	422.636	0
46	20	521.9089	315.7747	0
46	21	545.838	617.7817	0
46	22	571.4919	553.888	0
46	23	421.3416	271.842	0
46	24	342.4592	63.79495	0
46	25	564.1727	395.4053	0
46	26	460.6795	160.3485	0
46	27	485.004	128.8871	0
47	1	424.9748	356.4748	0
47	2	438.6897	99.08878	0
47	3	399.7809	357.4569	0
47	4	354.035	266.1732	0
47	5	549.0328	500.1629	0
47	6	513.1729	260.7829	0
47	7	491.596	364.5597	0
47	8	559.1076	367.174	0
47	9	434.7753	69.47595	0
47	10	517.821	453.8141	0
47	11	297.1805	-27.77313	0
47	12	301.4468	59.43811	0
47	13	356.6411	315.4072	0
47	14	419.6246	125.9553	0
47	15	366.8273	66.51505	0
47	16	447.1132	255.832	0
47	17	393.2568	158.3249	0
47	18	374.2381	93.88028	0
47	19	544.0195	422.636	0
47	20	521.9089	315.7747	0
47	21	545.838	617.7817	0
47	22	571.4919	553.888	0
47	23	421.3416	271.842	0
47	24	342.4592	63.79495	0
47	25	564.1727	395.4053	0
47	26	460.6795	160.3485	0
47	27	485.004	128.8871	0
47	28	481.163	613.3746	0
48	1	424.9748	356.4748	0
48	2	438.6897	99.08878	0
48	3	399.7809	357.4569	0
48	4	354.035	266.1732	0
48	5	549.0328	500.1629	0
48	6	513.1729	260.7829	0
48	7	491.596	364.5597	0
48	8	559.1076	367.174	0
48	9	434.7753	69.47595	0
48	10	517.821	453.8141	0
48	11	297.1805	-27.77313	0
48	12	301.4468	59.43811	0
48	13	356.6411	315.4072	0
48	14	419.6246	125.9553	0
48	15	366.8273	66.51505	0
48	16	447.1132	255.832	0
48	17	393.2568	158.3249	0
48	18	374.2381	93.88028	0
48	19	544.0195	422.636	0
48	20	521.9089	315.7747	0
48	21	545.838	617.7817	0
48	22	571.4919	553.888	0
48	23	421.3416	271.842	0
48	24	342.4592	63.79495	0
48	25	564.1727	395.4053	0
48	26	460.6795	160.3485	0
48	27	485.004	128.8871	0
48	28	481.163	613.3746	0
48	29	276.5432	60.24371	0
49	1	424.9748	356.4748	0
49	2	438.6897	99.08878	0
49	3	399.7809	357.4569	0
49	4	354.035	266.1732	0
49	5	549.0328	500.1629	0
49	6	513.1729	260.7829	0
49	7	491.596	364.5597	0
49	8	559.1076	367.174	0
49	9	434.7753	69.47595	0
49	10	517.821	453.8141	0
49	11	297.1805	-27.77313	0
49	12	301.4468	59.43811	0
49	13	356.6411	315.4072	0
49	14	419.6246	125.9553	0
49	15	366.8273	66.51505	0
49	16	447.1132	255.832	0
49	17	393.2568	158.3249	0
49	18	374.2381	93.88028	0
49	19	544.0195	422.636	0
49	20	521.9089	315.7747	0
49	21	545.838	617.7817	0
49	22	571.4919	553.888	0
49	23	421.3416	271.842	0
49	24	342.4592	63.79495	0
49	25	564.1727	395.4053	0
49	26	460.6795	160.3485	0
49	27	485.004	128.8871	0
49	28	481.163	613.3746	0
49	29	276.5432	60.24371	0
49	30	285.4251	105.6234	0
50	1	424.9748	356.4748	0
50	2	438.6897	99.08878	0
50	3	399.7809	357.4569	0
50	4	354.035	266.1732	0
50	5	549.0328	500.1629	0
50	6	513.1729	260.7829	0
50	7	491.596	364.5597	0
50	8	559.1076	367.174	0
50	9	434.7753	69.47595	0
50	10	517.821	453.8141	0
50	11	297.1805	-27.77313	0
50	12	301.4468	59.43811	0
50	13	356.6411	315.4072	0
50	14	419.6246	125.9553	0
50	15	366.8273	66.51505	0
50	16	447.1132	255.832	0
50	17	393.2568	158.3249	0
50	18	374.2381	93.88028	0
50	19	544.0195	422.636	0
50	20	521.9089	315.7747	0
50	21	545.838	617.7817	0
50	22	571.4919	553.888	0
50	23	421.3416	271.842	0
50	24	342.4592	63.79495	0
50	25	564.1727	395.4053	0
50	26	460.6795	160.3485	0
50	27	485.004	128.8871	0
50	28	481.163	613.3746	0
50	29	276.5432	60.24371	0
50	30	285.4251	105.6234	0
50	31	584.4538	459.6607	0
51	1	424.9748	356.4748	0
51	2	438.6897	99.08878	0
51	3	399.7809	357.4569	0
51	4	354.035	266.1732	0
51	5	549.0328	500.1629	0
51	6	513.1729	260.7829	0
51	7	491.596	364.5597	0
51	8	559.1076	367.174	0
51	9	434.7753	69.47595	0
51	10	517.821	453.8141	0
51	11	297.1805	-27.77313	0
51	12	301.4468	59.43811	0
51	13	356.6411	315.4072	0
51	14	419.6246	125.9553	0
51	15	366.8273	66.51505	0
51	16	447.1132	255.832	0
51	17	393.2568	158.3249	0
51	18	374.2381	93.88028	0
51	19	544.0195	422.636	0
51	20	521.9089	315.7747	0
51	21	545.838	617.7817	0
51	22	571.4919	553.888	0
51	23	421.3416	271.842	0
51	24	342.4592	63.79495	0
51	25	564.1727	395.4053	0
51	26	460.6795	160.3485	0
51	27	485.004	128.8871	0
51	28	481.163	613.3746	0
51	29	276.5432	60.24371	0
51	30	285.4251	105.6234	0
51	31	584.4538	459.6607	0
51	32	231.5035	-31.50256	0
52	1	424.9748	356.4748	0
52	2	438.6897	99.08878	0
52	3	399.7809	357.4569	0
52	4	354.035	266.1732	0
52	5	549.0328	500.1629	0
52	6	513.1729	260.7829	0
52	7	491.596	364.5597	0
52	8	559.1076	367.174	0
52	9	434.7753	69.47595	0
52	10	517.821	453.8141	0
52	11	297.1805	-27.77313	0
52	12	301.4468	59.43811	0
52	13	356.6411	315.4072	0
52	14	419.6246	125.9553	0
52	15	366.8273	66.51505	0
52	16	447.1132	255.832	0
52	17	393.2568	158.3249	0
52	18	374.2381	93.88028	0
52	19	544.0195	422.636	0
52	20	521.9089	315.7747	0
52	21	545.838	617.7817	0
52	22	571.4919	553.888	0
52	23	421.3416	271.842	0
52	24	342.4592	63.79495	0
52	25	564.1727	395.4053	0
52	26	460.6795	160.3485	0
52	27	485.004	128.8871	0
52	28	481.163	613.3746	0
52	29	276.5432	60.24371	0
52	30	285.4251	105.6234	0
52	31	584.4538	459.6607	0
52	32	231.5035	-31.50256	0
52	33	331.0115	14.20523	0
53	1	424.9748	356.4748	0
53	2	438.6897	99.08878	0
53	3	399.7809	357.4569	0
53	4	354.035	266.1732	0
53	5	549.0328	500.1629	0
53	6	513.1729	260.7829	0
53	7	491.596	364.5597	0
53	8	559.1076	367.174	0
53	9	434.7753	69.47595	0
53	10	517.821	453.8141	0
53	11	297.1805	-27.77313	0
53	12	301.4468	59.43811	0
53	13	356.6411	315.4072	0
53	14	419.6246	125.9553	0
53	15	366.8273	66.51505	0
53	16	447.1132	255.832	0
53	17	393.2568	158.3249	0
53	18	374.2381	93.88028	0
53	19	544.0195	422.636	0
53	20	521.9089	315.7747	0
53	21	545.838	617.7817	0
53	22	571.4919	553.888	0
53	23	421.3416	271.842	0
53	24	342.4592	63.79495	0
53	25	564.1727	395.4053	0
53	26	460.6795	160.3485	0
53	27	485.004	128.8871	0
53	28	481.163	613.3746	0
53	29	276.5432	60.24371	0
53	30	285.4251	105.6234	0
53	31	584.4538	459.6607	0
53	32	231.5035	-31.50256	0
53	33	331.0115	14.20523	0
53	34	410.8741	404.201	0
54	1	424.9748	356.4748	0
54	2	438.6897	99.08878	0
54	3	399.7809	357.4569	0
54	4	354.035	266.1732	0
54	5	549.0328	500.1629	0
54	6	513.1729	260.7829	0
54	7	491.596	364.5597	0
54	8	559.1076	367.174	0
54	9	434.7753	69.47595	0
54	10	517.821	453.8141	0
54	11	297.1805	-27.77313	0
54	12	301.4468	59.43811	0
54	13	356.6411	315.4072	0
54	14	419.6246	125.9553	0
54	15	366.8273	66.51505	0
54	16	447.1132	255.832	0
54	17	393.2568	158.3249	0
54	18	374.2381	93.88028	0
54	19	544.0195	422.636	0
54	20	521.9089	315.7747	0
54	21	545.838	617.7817	0
54	22	571.4919	553.888	0
54	23	421.3416	271.842	0
54	24	342.4592	63.79495	0
54	25	564.1727	395.4053	0
54	26	460.6795	160.3485	0
54	27	485.004	128.8871	0
54	28	481.163	613.3746	0
54	29	276.5432	60.24371	0
54	30	285.4251	105.6234	0
54	31	584.4538	459.6607	0
54	32	231.5035	-31.50256	0
54	33	331.0115	14.20523	0
54	34	410.8741	404.201	0
54	35	637.0234	559.4634	0
55	1	424.9748	356.4748	0
55	2	438.6897	99.08878	0
55	3	399.7809	357.4569	0
55	4	354.035	266.1732	0
55	5	549.0328	500.1629	0
55	6	513.1729	260.7829	0
55	7	491.596	364.5597	0
55	8	559.1076	367.174	0
55	9	434.7753	69.47595	0
55	10	517.821	453.8141	0
55	11	297.1805	-27.77313	0
55	12	301.4468	59.43811	0
55	13	356.6411	315.4072	0
55	14	419.6246	125.9553	0
55	15	366.8273	66.51505	0
55	16	447.1132	255.832	0
55	17	393.2568	158.3249	0
55	18	374.2381	93.88028	0
55	19	544.0195	422.636	0
55	20	521.9089	315.7747	0
55	21	545.838	617.7817	0
55	22	571.4919	553.888	0
55	23	421.3416	271.842	0
55	24	342.4592	63.79495	0
55	25	564.1727	395.4053	0
55	26	460.6795	160.3485	0
55	27	485.004	128.8871	0
55	28	481.163	613.3746	0
55	29	276.5432	60.24371	0
55	30	285.4251	105.6234	0
55	31	584.4538	459.6607	0
55	32	231.5035	-31.50256	0
55	33	331.0115	14.20523	0
55	34	410.8741	404.201	0
55	35	637.0234	559.4634	0
55	36	476.3076	406.4785	0
56	1	424.9748	356.4748	0
56	2	438.6897	99.08878	0
56	3	399.7809	357.4569	0
56	4	354.035	266.1732	0
56	5	549.0328	500.1629	0
56	6	513.1729	260.7829	0
56	7	491.596	364.5597	0
56	8	559.1076	367.174	0
56	9	434.7753	69.47595	0
56	10	517.821	453.8141	0
56	11	297.1805	-27.77313	0
56	12	301.4468	59.43811	0
56	13	356.6411	315.4072	0
56	14	419.6246	125.9553	0
56	15	366.8273	66.51505	0
56	16	447.1132	255.832	0
56	17	393.2568	158.3249	0
56	18	374.2381	93.88028	0
56	19	544.0195	422.636	0
56	20	521.9089	315.7747	0
56	21	545.838	617.7817	0
56	22	571.4919	553.888	0
56	23	421.3416	271.842	0
56	24	342.4592	63.79495	0
56	25	564.1727	395.4053	0
56	26	460.6795	160.3485	0
56	27	485.004	128.8871	0
56	28	481.163	613.3746	0
56	29	276.5432	60.24371	0
56	30	285.4251	105.6234	0
56	31	584.4538	459.6607	0
56	32	231.5035	-31.50256	0
56	33	331.0115	14.20523	0
56	34	410.8741	404.201	0
56	35	637.0234	559.4634	0
56	36	476.3076	406.4785	0
57	1	424.9748	356.4748	0
57	2	438.6897	99.08878	0
57	3	399.7809	357.4569	0
57	4	354.035	266.1732	0
57	5	549.0328	500.1629	0
57	6	513.1729	260.7829	0
57	7	491.596	364.5597	0
57	8	559.1076	367.174	0
57	9	434.7753	69.47595	0
57	10	517.821	453.8141	0
57	11	297.1805	-27.77313	0
57	12	301.4468	59.43811	0
57	13	356.6411	315.4072	0
57	14	419.6246	125.9553	0
57	15	366.8273	66.51505	0
57	16	447.1132	255.832	0
57	17	393.2568	158.3249	0
57	18	374.2381	93.88028	0
57	19	544.0195	422.636	0
57	20	521.9089	315.7747	0
57	21	545.838	617.7817	0
57	22	571.4919	553.888	0
57	23	421.3416	271.842	0
57	24	342.4592	63.79495	0
57	25	564.1727	395.4053	0
57	26	460.6795	160.3485	0
57	27	485.004	128.8871	0
57	28	481.163	613.3746	0
57	29	276.5432	60.24371	0
57	30	285.4251	105.6234	0
57	31	584.4538	459.6607	0
57	32	231.5035	-31.50256	0
57	33	331.0115	14.20523	0
57	34	410.8741	404.201	0
57	35	637.0234	559.4634	0
57	36	476.3076	406.4785	0
57	37	422.2505	318.7579	0
58	1	424.9748	356.4748	0
58	2	438.6897	99.08878	0
58	3	399.7809	357.4569	0
58	4	354.035	266.1732	0
58	5	549.0328	500.1629	0
58	6	513.1729	260.7829	0
58	7	491.596	364.5597	0
58	8	559.1076	367.174	0
58	9	434.7753	69.47595	0
58	10	517.821	453.8141	0
58	11	297.1805	-27.77313	0
58	12	301.4468	59.43811	0
58	13	356.6411	315.4072	0
58	14	419.6246	125.9553	0
58	15	366.8273	66.51505	0
58	16	447.1132	255.832	0
58	17	393.2568	158.3249	0
58	18	374.2381	93.88028	0
58	19	544.0195	422.636	0
58	20	521.9089	315.7747	0
58	21	545.838	617.7817	0
58	22	571.4919	553.888	0
58	23	421.3416	271.842	0
58	24	342.4592	63.79495	0
58	25	564.1727	395.4053	0
58	26	460.6795	160.3485	0
58	27	485.004	128.8871	0
58	28	481.163	613.3746	0
58	29	276.5432	60.24371	0
58	30	285.4251	105.6234	0
58	31	584.4538	459.6607	0
58	32	231.5035	-31.50256	0
58	33	331.0115	14.20523	0
58	34	410.8741	404.201	0
58	35	637.0234	559.4634	0
58	36	476.3076	406.4785	0
58	37	422.2505	318.7579	0
58	38	609.4047	427.7271	0
59	1	424.9748	356.4748	0
59	2	438.6897	99.08878	0
59	3	399.7809	357.4569	0
59	4	354.035	266.1732	0
59	5	549.0328	500.1629	0
59	6	513.1729	260.7829	0
59	7	491.596	364.5597	0
59	8	559.1076	367.174	0
59	9	434.7753	69.47595	0
59	10	517.821	453.8141	0
59	11	297.1805	-27.77313	0
59	12	301.4468	59.43811	0
59	13	356.6411	315.4072	0
59	14	419.6246	125.9553	0
59	15	366.8273	66.51505	0
59	16	447.1132	255.832	0
59	17	393.2568	158.3249	0
59	18	374.2381	93.88028	0
59	19	544.0195	422.636	0
59	20	521.9089	315.7747	0
59	21	545.838	617.7817	0
59	22	571.4919	553.888	0
59	23	421.3416	271.842	0
59	24	342.4592	63.79495	0
59	25	564.1727	395.4053	0
59	26	460.6795	160.3485	0
59	27	485.004	128.8871	0
59	28	481.163	613.3746	0
59	29	276.5432	60.24371	0
59	30	285.4251	105.6234	0
59	31	584.4538	459.6607	0
59	32	231.5035	-31.50256	0
59	33	331.0115	14.20523	0
59	34	410.8741	404.201	0
59	35	637.0234	559.4634	0
59	36	476.3076	406.4785	0
59	37	422.2505	318.7579	0
59	38	609.4047	427.7271	0
59	39	350.9078	110.0642	0
60	1	424.9748	356.4748	0
60	2	438.6897	99.08878	0
60	3	399.7809	357.4569	0
60	4	354.035	266.1732	0
60	5	549.0328	500.1629	0
60	6	513.1729	260.7829	0
60	7	491.596	364.5597	0
60	8	559.1076	367.174	0
60	9	434.7753	69.47595	0
60	10	517.821	453.8141	0
60	11	297.1805	-27.77313	0
60	12	301.4468	59.43811	0
60	13	356.6411	315.4072	0
60	14	419.6246	125.9553	0
60	15	366.8273	66.51505	0
60	16	447.1132	255.832	0
60	17	393.2568	158.3249	0
60	18	374.2381	93.88028	0
60	19	544.0195	422.636	0
60	20	521.9089	315.7747	0
60	21	545.838	617.7817	0
60	22	571.4919	553.888	0
60	23	421.3416	271.842	0
60	24	342.4592	63.79495	0
60	25	564.1727	395.4053	0
60	26	460.6795	160.3485	0
60	27	485.004	128.8871	0
60	28	481.163	613.3746	0
60	29	276.5432	60.24371	0
60	30	285.4251	105.6234	0
60	31	584.4538	459.6607	0
60	32	231.5035	-31.50256	0
60	33	331.0115	14.20523	0
60	34	410.8741	404.201	0
60	35	637.0234	559.4634	0
60	36	476.3076	406.4785	0
60	37	422.2505	318.7579	0
60	38	609.4047	427.7271	0
60	39	350.9078	110.0642	0
60	40	396.6777	16.46747	0
61	1	424.9748	356.4748	0
61	2	438.6897	99.08878	0
61	3	399.7809	357.4569	0
61	4	354.035	266.1732	0
61	5	549.0328	500.1629	0
61	6	513.1729	260.7829	0
61	7	491.596	364.5597	0
61	8	559.1076	367.174	0
61	9	434.7753	69.47595	0
61	10	517.821	453.8141	0
61	11	297.1805	-27.77313	0
61	12	301.4468	59.43811	0
61	13	356.6411	315.4072	0
61	14	419.6246	125.9553	0
61	15	366.8273	66.51505	0
61	16	447.1132	255.832	0
61	17	393.2568	158.3249	0
61	18	374.2381	93.88028	0
61	19	544.0195	422.636	0
61	20	521.9089	315.7747	0
61	21	545.838	617.7817	0
61	22	571.4919	553.888	0
61	23	421.3416	271.842	0
61	24	342.4592	63.79495	0
61	25	564.1727	395.4053	0
61	26	460.6795	160.3485	0
61	27	485.004	128.8871	0
61	28	481.163	613.3746	0
61	29	276.5432	60.24371	0
61	30	285.4251	105.6234	0
61	31	584.4538	459.6607	0
61	32	231.5035	-31.50256	0
61	33	331.0115	14.20523	0
61	34	410.8741	404.201	0
61	35	637.0234	559.4634	0
61	36	476.3076	406.4785	0
61	37	422.2505	318.7579	0
61	38	609.4047	427.7271	0
61	39	350.9078	110.0642	0
61	40	396.6777	16.46747	0
61	41	466.6933	360.4136	0
62	1	424.9748	356.4748	0
62	2	438.6897	99.08878	0
62	3	399.7809	357.4569	0
62	4	354.035	266.1732	0
62	5	549.0328	500.1629	0
62	6	513.1729	260.7829	0
62	7	491.596	364.5597	0
62	8	559.1076	367.174	0
62	9	434.7753	69.47595	0
62	10	517.821	453.8141	0
62	11	297.1805	-27.77313	0
62	12	301.4468	59.43811	0
62	13	356.6411	315.4072	0
62	14	419.6246	125.9553	0
62	15	366.8273	66.51505	0
62	16	447.1132	255.832	0
62	17	393.2568	158.3249	0
62	18	374.2381	93.88028	0
62	19	544.0195	422.636	0
62	20	521.9089	315.7747	0
62	21	545.838	617.7817	0
62	22	571.4919	553.888	0
62	23	421.3416	271.842	0
62	24	342.4592	63.79495	0
62	25	564.1727	395.4053	0
62	26	460.6795	160.3485	0
62	27	485.004	128.8871	0
62	28	481.163	613.3746	0
62	29	276.5432	60.24371	0
62	30	285.4251	105.6234	0
62	31	584.4538	459.6607	0
62	32	231.5035	-31.50256	0
62	33	331.0115	14.20523	0
62	34	410.8741	404.201	0
62	35	637.0234	559.4634	0
62	36	476.3076	406.4785	0
62	37	422.2505	318.7579	0
62	38	609.4047	427.7271	0
62	39	350.9078	110.0642	0
62	40	396.6777	16.46747	0
62	41	466.6933	360.4136	0
62	42	498.0665	391.0383	0
63	1	424.9748	356.4748	0
63	2	438.6897	99.08878	0
63	3	399.7809	357.4569	0
63	4	354.035	266.1732	0
63	5	549.0328	500.1629	0
63	6	513.1729	260.7829	0
63	7	491.596	364.5597	0
63	8	559.1076	367.174	0
63	9	434.7753	69.47595	0
63	10	517.821	453.8141	0
63	11	297.1805	-27.77313	0
63	12	301.4468	59.43811	0
63	13	356.6411	315.4072	0
63	14	419.6246	125.9553	0
63	15	366.8273	66.51505	0
63	16	447.1132	255.832	0
63	17	393.2568	158.3249	0
63	18	374.2381	93.88028	0
63	19	544.0195	422.636	0
63	20	521.9089	315.7747	0
63	21	545.838	617.7817	0
63	22	571.4919	553.888	0
63	23	421.3416	271.842	0
63	24	342.4592	63.79495	0
63	25	564.1727	395.4053	0
63	26	460.6795	160.3485	0
63	27	485.004	128.8871	0
63	28	481.163	613.3746	0
63	29	276.5432	60.24371	0
63	30	285.4251	105.6234	0
63	31	584.4538	459.6607	0
63	32	231.5035	-31.50256	0
63	33	331.0115	14.20523	0
63	34	410.8741	404.201	0
63	35	637.0234	559.4634	0
63	36	476.3076	406.4785	0
63	37	422.2505	318.7579	0
63	38	609.4047	427.7271	0
63	39	350.9078	110.0642	0
63	40	396.6777	16.46747	0
63	41	466.6933	360.4136	0
63	42	498.0665	391.0383	0
63	43	454.7999	311.4035	0
64	1	424.9748	356.4748	0
64	2	438.6897	99.08878	0
64	3	399.7809	357.4569	0
64	4	354.035	266.1732	0
64	5	549.0328	500.1629	0
64	6	513.1729	260.7829	0
64	7	491.596	364.5597	0
64	8	559.1076	367.174	0
64	9	434.7753	69.47595	0
64	10	517.821	453.8141	0
64	11	297.1805	-27.77313	0
64	12	301.4468	59.43811	0
64	13	356.6411	315.4072	0
64	14	419.6246	125.9553	0
64	15	366.8273	66.51505	0
64	16	447.1132	255.832	0
64	17	393.2568	158.3249	0
64	18	374.2381	93.88028	0
64	19	544.0195	422.636	0
64	20	521.9089	315.7747	0
64	21	545.838	617.7817	0
64	22	571.4919	553.888	0
64	23	421.3416	271.842	0
64	24	342.4592	63.79495	0
64	25	564.1727	395.4053	0
64	26	460.6795	160.3485	0
64	27	485.004	128.8871	0
64	28	481.163	613.3746	0
64	29	276.5432	60.24371	0
64	30	285.4251	105.6234	0
64	31	584.4538	459.6607	0
64	32	231.5035	-31.50256	0
64	33	331.0115	14.20523	0
64	34	410.8741	404.201	0
64	35	637.0234	559.4634	0
64	36	476.3076	406.4785	0
64	37	422.2505	318.7579	0
64	38	609.4047	427.7271	0
64	39	350.9078	110.0642	0
64	40	396.6777	16.46747	0
64	41	466.6933	360.4136	0
64	42	498.0665	391.0383	0
64	43	454.7999	311.4035	0
65	1	424.9748	356.4748	0
65	2	438.6897	99.08878	0
65	3	399.7809	357.4569	0
65	4	354.035	266.1732	0
65	5	549.0328	500.1629	0
65	6	513.1729	260.7829	0
65	7	491.596	364.5597	0
65	8	559.1076	367.174	0
65	9	434.7753	69.47595	0
65	10	517.821	453.8141	0
65	11	297.1805	-27.77313	0
65	12	301.4468	59.43811	0
65	13	356.6411	315.4072	0
65	14	419.6246	125.9553	0
65	15	366.8273	66.51505	0
65	16	447.1132	255.832	0
65	17	393.2568	158.3249	0
65	18	374.2381	93.88028	0
65	19	544.0195	422.636	0
65	20	521.9089	315.7747	0
65	21	545.838	617.7817	0
65	22	571.4919	553.888	0
65	23	421.3416	271.842	0
65	24	342.4592	63.79495	0
65	25	564.1727	395.4053	0
65	26	460.6795	160.3485	0
65	27	485.004	128.8871	0
65	28	481.163	613.3746	0
65	29	276.5432	60.24371	0
65	30	285.4251	105.6234	0
65	31	584.4538	459.6607	0
65	32	231.5035	-31.50256	0
65	33	331.0115	14.20523	0
65	34	410.8741	404.201	0
65	35	637.0234	559.4634	0
65	36	476.3076	406.4785	0
65	37	422.2505	318.7579	0
65	38	609.4047	427.7271	0
65	39	350.9078	110.0642	0
65	40	396.6777	16.46747	0
65	41	466.6933	360.4136	0
65	42	498.0665	391.0383	0
65	43	454.7999	311.4035	0
66	1	424.9748	356.4748	0
66	2	438.6897	99.08878	0
66	3	399.7809	357.4569	0
66	4	354.035	266.1732	0
66	5	549.0328	500.1629	0
66	6	513.1729	260.7829	0
66	7	491.596	364.5597	0
66	8	559.1076	367.174	0
66	9	434.7753	69.47595	0
66	10	517.821	453.8141	0
66	11	297.1805	-27.77313	0
66	12	301.4468	59.43811	0
66	13	356.6411	315.4072	0
66	14	419.6246	125.9553	0
66	15	366.8273	66.51505	0
66	16	447.1132	255.832	0
66	17	393.2568	158.3249	0
66	18	374.2381	93.88028	0
66	19	544.0195	422.636	0
66	20	521.9089	315.7747	0
66	21	545.838	617.7817	0
66	22	571.4919	553.888	0
66	23	421.3416	271.842	0
66	24	342.4592	63.79495	0
66	25	564.1727	395.4053	0
66	26	460.6795	160.3485	0
66	27	485.004	128.8871	0
66	28	481.163	613.3746	0
66	29	276.5432	60.24371	0
66	30	285.4251	105.6234	0
66	31	584.4538	459.6607	0
66	32	231.5035	-31.50256	0
66	33	331.0115	14.20523	0
66	34	410.8741	404.201	0
66	35	637.0234	559.4634	0
66	36	476.3076	406.4785	0
66	37	422.2505	318.7579	0
66	38	609.4047	427.7271	0
66	39	350.9078	110.0642	0
66	40	396.6777	16.46747	0
66	41	466.6933	360.4136	0
66	42	498.0665	391.0383	0
66	43	454.7999	311.4035	0
67	1	424.9748	356.4748	0
67	2	438.6897	99.08878	0
67	3	399.7809	357.4569	0
67	4	354.035	266.1732	0
67	5	549.0328	500.1629	0
67	6	513.1729	260.7829	0
67	7	491.596	364.5597	0
67	8	559.1076	367.174	0
67	9	434.7753	69.47595	0
67	10	517.821	453.8141	0
67	11	297.1805	-27.77313	0
67	12	301.4468	59.43811	0
67	13	356.6411	315.4072	0
67	14	419.6246	125.9553	0
67	15	366.8273	66.51505	0
67	16	447.1132	255.832	0
67	17	393.2568	158.3249	0
67	18	374.2381	93.88028	0
67	19	544.0195	422.636	0
67	20	521.9089	315.7747	0
67	21	545.838	617.7817	0
67	22	571.4919	553.888	0
67	23	421.3416	271.842	0
67	24	342.4592	63.79495	0
67	25	564.1727	395.4053	0
67	26	460.6795	160.3485	0
67	27	485.004	128.8871	0
67	28	481.163	613.3746	0
67	29	276.5432	60.24371	0
67	30	285.4251	105.6234	0
67	31	584.4538	459.6607	0
67	32	231.5035	-31.50256	0
67	33	331.0115	14.20523	0
67	34	410.8741	404.201	0
67	35	637.0234	559.4634	0
67	36	476.3076	406.4785	0
67	37	422.2505	318.7579	0
67	38	609.4047	427.7271	0
67	39	350.9078	110.0642	0
67	40	396.6777	16.46747	0
67	41	466.6933	360.4136	0
67	42	498.0665	391.0383	0
67	43	454.7999	311.4035	0
68	1	424.9748	356.4748	0
68	2	438.6897	99.08878	0
68	3	399.7809	357.4569	0
68	4	354.035	266.1732	0
68	5	549.0328	500.1629	0
68	6	513.1729	260.7829	0
68	7	491.596	364.5597	0
68	8	559.1076	367.174	0
68	9	434.7753	69.47595	0
68	10	517.821	453.8141	0
68	11	297.1805	-27.77313	0
68	12	301.4468	59.43811	0
68	13	356.6411	315.4072	0
68	14	419.6246	125.9553	0
68	15	366.8273	66.51505	0
68	16	447.1132	255.832	0
68	17	393.2568	158.3249	0
68	18	374.2381	93.88028	0
68	19	544.0195	422.636	0
68	20	521.9089	315.7747	0
68	21	545.838	617.7817	0
68	22	571.4919	553.888	0
68	23	421.3416	271.842	0
68	24	342.4592	63.79495	0
68	25	564.1727	395.4053	0
68	26	460.6795	160.3485	0
68	27	485.004	128.8871	0
68	28	481.163	613.3746	0
68	29	276.5432	60.24371	0
68	30	285.4251	105.6234	0
68	31	584.4538	459.6607	0
68	32	231.5035	-31.50256	0
68	33	331.0115	14.20523	0
68	34	410.8741	404.201	0
68	35	637.0234	559.4634	0
68	36	476.3076	406.4785	0
68	37	422.2505	318.7579	0
68	38	609.4047	427.7271	0
68	39	350.9078	110.0642	0
68	40	396.6777	16.46747	0
68	41	466.6933	360.4136	0
68	42	498.0665	391.0383	0
68	43	454.7999	311.4035	0
69	1	424.9748	356.4748	0
69	2	438.6897	99.08878	0
69	3	399.7809	357.4569	0
69	4	354.035	266.1732	0
69	5	549.0328	500.1629	0
69	6	513.1729	260.7829	0
69	7	491.596	364.5597	0
69	8	559.1076	367.174	0
69	9	434.7753	69.47595	0
69	10	517.821	453.8141	0
69	11	297.1805	-27.77313	0
69	12	301.4468	59.43811	0
69	13	356.6411	315.4072	0
69	14	419.6246	125.9553	0
69	15	366.8273	66.51505	0
69	16	447.1132	255.832	0
69	17	393.2568	158.3249	0
69	18	374.2381	93.88028	0
69	19	544.0195	422.636	0
69	20	521.9089	315.7747	0
69	21	545.838	617.7817	0
69	22	571.4919	553.888	0
69	23	421.3416	271.842	0
69	24	342.4592	63.79495	0
69	25	564.1727	395.4053	0
69	26	460.6795	160.3485	0
69	27	485.004	128.8871	0
69	28	481.163	613.3746	0
69	29	276.5432	60.24371	0
69	30	285.4251	105.6234	0
69	31	584.4538	459.6607	0
69	32	231.5035	-31.50256	0
69	33	331.0115	14.20523	0
69	34	410.8741	404.201	0
69	35	637.0234	559.4634	0
69	36	476.3076	406.4785	0
69	37	422.2505	318.7579	0
69	38	609.4047	427.7271	0
69	39	350.9078	110.0642	0
69	40	396.6777	16.46747	0
69	41	466.6933	360.4136	0
69	42	498.0665	391.0383	0
69	43	454.7999	311.4035	0
70	1	424.9748	356.4748	0
70	2	438.6897	99.08878	0
70	3	399.7809	357.4569	0
70	4	354.035	266.1732	0
70	5	549.0328	500.1629	0
70	6	513.1729	260.7829	0
70	7	491.596	364.5597	0
70	8	559.1076	367.174	0
70	9	434.7753	69.47595	0
70	10	517.821	453.8141	0
70	11	297.1805	-27.77313	0
70	12	301.4468	59.43811	0
70	13	356.6411	315.4072	0
70	14	419.6246	125.9553	0
70	15	366.8273	66.51505	0
70	16	447.1132	255.832	0
70	17	393.2568	158.3249	0
70	18	374.2381	93.88028	0
70	19	544.0195	422.636	0
70	20	521.9089	315.7747	0
70	21	545.838	617.7817	0
70	22	571.4919	553.888	0
70	23	421.3416	271.842	0
70	24	342.4592	63.79495	0
70	25	564.1727	395.4053	0
70	26	460.6795	160.3485	0
70	27	485.004	128.8871	0
70	28	481.163	613.3746	0
70	29	276.5432	60.24371	0
70	30	285.4251	105.6234	0
70	31	584.4538	459.6607	0
70	32	231.5035	-31.50256	0
70	33	331.0115	14.20523	0
70	34	410.8741	404.201	0
70	35	637.0234	559.4634	0
70	36	476.3076	406.4785	0
70	37	422.2505	318.7579	0
70	38	609.4047	427.7271	0
70	39	350.9078	110.0642	0
70	40	396.6777	16.46747	0
70	41	466.6933	360.4136	0
70	42	498.0665	391.0383	0
70	43	454.7999	311.4035	0
71	1	424.9748	356.4748	0
71	2	438.6897	99.08878	0
71	3	399.7809	357.4569	0
71	4	354.035	266.1732	0
71	5	549.0328	500.1629	0
71	6	513.1729	260.7829	0
71	7	491.596	364.5597	0
71	8	559.1076	367.174	0
71	9	434.7753	69.47595	0
71	10	517.821	453.8141	0
71	11	297.1805	-27.77313	0
71	12	301.4468	59.43811	0
71	13	356.6411	315.4072	0
71	14	419.6246	125.9553	0
71	15	366.8273	66.51505	0
71	16	447.1132	255.832	0
71	17	393.2568	158.3249	0
71	18	374.2381	93.88028	0
71	19	544.0195	422.636	0
71	20	521.9089	315.7747	0
71	21	545.838	617.7817	0
71	22	571.4919	553.888	0
71	23	421.3416	271.842	0
71	24	342.4592	63.79495	0
71	25	564.1727	395.4053	0
71	26	460.6795	160.3485	0
71	27	485.004	128.8871	0
71	28	481.163	613.3746	0
71	29	276.5432	60.24371	0
71	30	285.4251	105.6234	0
71	31	584.4538	459.6607	0
71	32	231.5035	-31.50256	0
71	33	331.0115	14.20523	0
71	34	410.8741	404.201	0
71	35	637.0234	559.4634	0
71	36	476.3076	406.4785	0
71	37	422.2505	318.7579	0
71	38	609.4047	427.7271	0
71	39	350.9078	110.0642	0
71	40	396.6777	16.46747	0
71	41	466.6933	360.4136	0
71	42	498.0665	391.0383	0
71	43	454.7999	311.4035	0
72	1	424.9748	356.4748	0
72	2	438.6897	99.08878	0
72	3	399.7809	357.4569	0
72	4	354.035	266.1732	0
72	5	549.0328	500.1629	0
72	6	513.1729	260.7829	0
72	7	491.596	364.5597	0
72	8	559.1076	367.174	0
72	9	434.7753	69.47595	0
72	10	517.821	453.8141	0
72	11	297.1805	-27.77313	0
72	12	301.4468	59.43811	0
72	13	356.6411	315.4072	0
72	14	419.6246	125.9553	0
72	15	366.8273	66.51505	0
72	16	447.1132	255.832	0
72	17	393.2568	158.3249	0
72	18	374.2381	93.88028	0
72	19	544.0195	422.636	0
72	20	521.9089	315.7747	0
72	21	545.838	617.7817	0
72	22	571.4919	553.888	0
72	23	421.3416	271.842	0
72	24	342.4592	63.79495	0
72	25	564.1727	395.4053	0
72	26	460.6795	160.3485	0
72	27	485.004	128.8871	0
72	28	481.163	613.3746	0
72	29	276.5432	60.24371	0
72	30	285.4251	105.6234	0
72	31	584.4538	459.6607	0
72	32	231.5035	-31.50256	0
72	33	331.0115	14.20523	0
72	34	410.8741	404.201	0
72	35	637.0234	559.4634	0
72	36	476.3076	406.4785	0
72	37	422.2505	318.7579	0
72	38	609.4047	427.7271	0
72	39	350.9078	110.0642	0
72	40	396.6777	16.46747	0
72	41	466.6933	360.4136	0
72	42	498.0665	391.0383	0
72	43	454.7999	311.4035	0
73	1	424.9748	356.4748	0
73	2	438.6897	99.08878	0
73	3	399.7809	357.4569	0
73	4	354.035	266.1732	0
73	5	549.0328	500.1629	0
73	6	513.1729	260.7829	0
73	7	491.596	364.5597	0
73	8	559.1076	367.174	0
73	9	434.7753	69.47595	0
73	10	517.821	453.8141	0
73	11	297.1805	-27.77313	0
73	12	301.4468	59.43811	0
73	13	356.6411	315.4072	0
73	14	419.6246	125.9553	0
73	15	366.8273	66.51505	0
73	16	447.1132	255.832	0
73	17	393.2568	158.3249	0
73	18	374.2381	93.88028	0
73	19	544.0195	422.636	0
73	20	521.9089	315.7747	0
73	21	545.838	617.7817	0
73	22	571.4919	553.888	0
73	23	421.3416	271.842	0
73	24	342.4592	63.79495	0
73	25	564.1727	395.4053	0
73	26	460.6795	160.3485	0
73	27	485.004	128.8871	0
73	28	481.163	613.3746	0
73	29	276.5432	60.24371	0
73	30	285.4251	105.6234	0
73	31	584.4538	459.6607	0
73	32	231.5035	-31.50256	0
73	33	331.0115	14.20523	0
73	34	410.8741	404.201	0
73	35	637.0234	559.4634	0
73	36	476.3076	406.4785	0
73	37	422.2505	318.7579	0
73	38	609.4047	427.7271	0
73	39	350.9078	110.0642	0
73	40	396.6777	16.46747	0
73	41	466.6933	360.4136	0
73	42	498.0665	391.0383	0
73	43	454.7999	311.4035	0
