63	1	435.7085	143.0248	0
63	2	774.0164	146.6964	0
63	3	434.986	130.152	0
63	4	532.1329	125.0291	0
63	5	164.1276	189.1266	0
63	6	594.5745	154.7456	0
63	7	425.5388	163.9816	0
63	8	416.9744	189.7881	0
63	9	799.1979	147.615	0
63	10	273.2611	175.6471	0
63	11	792.1559	127.4332	0
63	12	717.7672	118.3892	0
63	13	479.6411	131.0635	0
63	14	720.5486	147.2521	0
63	15	751.1066	133.2209	0
63	16	568.8651	148.7204	0
63	17	665.5765	143.2387	0
63	18	726.5706	123.5643	0
63	19	312.0341	170.2156	0
63	20	508.0096	162.4555	0
63	21	-56.7106	191.3643	0
63	22	21.51775	190.5068	0
63	23	542.6417	139.5554	0
63	24	738.3215	124.2183	0
63	25	362.4617	181.2894	0
63	26	707.4539	149.6173	0
63	27	772.9282	162.7373	0
63	28	51.97314	164.0682	0
63	29	702.5101	114.6771	0
63	30	663.1829	124.98	0
63	31	216.7166	210.3814	0
63	32	755.9748	110.4404	0
63	33	776.8132	131.6497	0
63	34	377.5509	144.1049	0
63	35	-153.9102	248.2339	0
63	36	361.7106	144.8897	0
63	37	481.4311	146.2932	0
63	38	264.6913	206.5409	0
63	39	695.8981	123.0347	0
63	40	830.1066	134.6128	0
63	41	431.2128	143.0205	0
63	42	381.0032	162.6291	0
63	43	500.2197	139.7431	0
64	1	435.7219	143.0231	0
64	2	774.0674	146.7115	0
64	3	434.9767	130.1658	0
64	4	532.1318	125.0335	0
64	5	164.1165	189.1228	0
64	6	594.5757	154.7744	0
64	7	425.5243	163.9784	0
64	8	416.9854	189.7903	0
64	9	799.1537	147.6038	0
64	10	273.3032	175.6331	0
64	11	792.1239	127.4288	0
64	12	717.7328	118.3818	0
64	13	479.6402	131.073	0
64	14	720.5468	147.2529	0
64	15	751.0675	133.2115	0
64	16	568.8383	148.7081	0
64	17	665.5813	143.2374	0
64	18	726.5977	123.5625	0
64	19	312.0314	170.2176	0
64	20	507.9777	162.4743	0
64	21	-56.70892	191.3643	0
64	22	21.52356	190.5095	0
64	23	542.6506	139.556	0
64	24	738.3278	124.2202	0
64	25	362.4543	181.2621	0
64	26	707.4216	149.6058	0
64	27	772.9807	162.7617	0
64	28	52.01462	164.0544	0
64	29	702.5209	114.677	0
64	30	663.1594	124.977	0
64	31	216.7025	210.3624	0
64	32	755.9359	110.437	0
64	33	776.8336	131.6573	0
64	34	377.534	144.1157	0
64	35	-153.9061	248.2403	0
64	36	361.713	144.8919	0
64	37	481.4416	146.2933	0
64	38	264.7223	206.5365	0
64	39	695.9019	123.0364	0
64	40	830.1029	134.6134	0
64	41	431.2276	143.0185	0
64	42	380.9786	162.6225	0
64	43	500.2343	139.741	0
65	1	435.7365	143.0219	0
65	2	774.1198	146.7292	0
65	3	434.963	130.1825	0
65	4	532.1293	125.0405	0
65	5	164.1123	189.1237	0
65	6	594.5641	154.7907	0
65	7	425.5193	163.9787	0
65	8	416.9847	189.7965	0
65	9	799.1081	147.593	0
65	10	273.3342	175.619	0
65	11	792.0934	127.4249	0
65	12	717.6965	118.3752	0
65	13	479.6376	131.0851	0
65	14	720.5497	147.2544	0
65	15	751.032	133.2028	0
65	16	568.8088	148.6971	0
65	17	665.5865	143.2366	0
65	18	726.611	123.5591	0
65	19	312.031	170.221	0
65	20	507.9496	162.4825	0
65	21	-56.70619	191.3647	0
65	22	21.5301	190.5131	0
65	23	542.6589	139.5561	0
65	24	738.3353	124.2218	0
65	25	362.441	181.2368	0
65	26	707.3775	149.592	0
65	27	773.027	162.786	0
65	28	52.04443	164.0389	0
65	29	702.5304	114.6775	0
65	30	663.1421	124.9746	0
65	31	216.6795	210.3441	0
65	32	755.8949	110.4333	0
65	33	776.8437	131.6604	0
65	34	377.5177	144.1274	0
65	35	-153.9636	248.2585	0
65	36	361.7214	144.8929	0
65	37	481.4512	146.2936	0
65	38	264.7563	206.5275	0
65	39	695.9068	123.0384	0
65	40	830.1068	134.6149	0
65	41	431.2461	143.0161	0
65	42	380.9626	162.6186	0
65	43	500.2502	139.7396	0
66	1	435.7486	143.022	0
66	2	774.1697	146.7487	0
66	3	434.9442	130.2009	0
66	4	532.1304	125.0495	0
66	5	164.1098	189.1264	0
66	6	594.5486	154.7974	0
66	7	425.5197	163.9806	0
66	8	416.9737	189.8083	0
66	9	799.0605	147.5832	0
66	10	273.3484	175.6013	0
66	11	792.0615	127.4212	0
66	12	717.6589	118.37	0
66	13	479.6317	131.0984	0
66	14	720.5535	147.2562	0
66	15	750.9946	133.1944	0
66	16	568.7775	148.688	0
66	17	665.592	143.2368	0
66	18	726.6138	123.5542	0
66	19	312.03	170.2252	0
66	20	507.9313	162.4826	0
66	21	-56.69788	191.3651	0
66	22	21.53573	190.5152	0
66	23	542.6676	139.5555	0
66	24	738.344	124.2232	0
66	25	362.4224	181.2151	0
66	26	707.3321	149.5778	0
66	27	773.0598	162.8045	0
66	28	52.07373	164.0239	0
66	29	702.5361	114.6773	0
66	30	663.1321	124.9734	0
66	31	216.6561	210.3276	0
66	32	755.8585	110.4296	0
66	33	776.8454	131.6613	0
66	34	377.498	144.1421	0
66	35	-154.0869	248.2921	0
66	36	361.7324	144.8946	0
66	37	481.4588	146.2918	0
66	38	264.7906	206.5192	0
66	39	695.9123	123.0404	0
66	40	830.1121	134.6168	0
66	41	431.2641	143.0151	0
66	42	380.956	162.6186	0
66	43	500.2638	139.7398	0
67	1	435.7581	143.0232	0
67	2	774.2143	146.7684	0
67	3	434.9185	130.2199	0
67	4	532.1345	125.0584	0
67	5	164.1072	189.1299	0
67	6	594.5323	154.7965	0
67	7	425.521	163.9831	0
67	8	416.9539	189.8275	0
67	9	799.0126	147.5752	0
67	10	273.3522	175.5824	0
67	11	792.0267	127.4174	0
67	12	717.6229	118.3654	0
67	13	479.621	131.1128	0
67	14	720.5584	147.2583	0
67	15	750.9551	133.187	0
67	16	568.7463	148.6796	0
67	17	665.5972	143.2378	0
67	18	726.6048	123.5473	0
67	19	312.0268	170.2303	0
67	20	507.9561	162.4803	0
67	21	-56.68148	191.3648	0
67	22	21.54004	190.5166	0
67	23	542.6771	139.5551	0
67	24	738.3535	124.224	0
67	25	362.4005	181.1956	0
67	26	707.2894	149.5645	0
67	27	773.0766	162.8145	0
67	28	52.10375	164.0095	0
67	29	702.538	114.6763	0
67	30	663.1292	124.9737	0
67	31	216.6317	210.3158	0
67	32	755.8298	110.4266	0
67	33	776.834	131.6596	0
67	34	377.4741	144.1584	0
67	35	-154.2606	248.3409	0
67	36	361.742	144.896	0
67	37	481.4664	146.2899	0
67	38	264.8269	206.5117	0
67	39	695.919	123.0421	0
67	40	830.1194	134.6189	0
67	41	431.2804	143.0155	0
67	42	380.9557	162.6205	0
67	43	500.2747	139.7415	0
68	1	435.7609	143.0258	0
68	2	774.2462	146.7834	0
68	3	434.8842	130.2347	0
68	4	532.1422	125.0683	0
68	5	164.1019	189.1342	0
68	6	594.5621	154.7949	0
68	7	425.5218	163.9861	0
68	8	416.9338	189.8525	0
68	9	798.9668	147.5679	0
68	10	273.3591	175.5643	0
68	11	791.9937	127.4137	0
68	12	717.5842	118.361	0
68	13	479.6039	131.1249	0
68	14	720.5637	147.2605	0
68	15	750.9163	133.1812	0
68	16	568.7106	148.6718	0
68	17	665.6015	143.2398	0
68	18	726.5842	123.5417	0
68	19	312.0197	170.2355	0
68	20	508.023	162.4792	0
68	21	-56.66571	191.3649	0
68	22	21.54393	190.5166	0
68	23	542.6885	139.5551	0
68	24	738.3643	124.2245	0
68	25	362.37	181.1773	0
68	26	707.2438	149.5518	0
68	27	773.0804	162.8183	0
68	28	52.12946	163.9961	0
68	29	702.5402	114.6755	0
68	30	663.1307	124.9746	0
68	31	216.6126	210.3078	0
68	32	755.8098	110.4242	0
68	33	776.8583	131.6602	0
68	34	377.4449	144.1758	0
68	35	-154.4751	248.403	0
68	36	361.7509	144.8971	0
68	37	481.4745	146.2885	0
68	38	264.8726	206.5024	0
68	39	695.9269	123.0436	0
68	40	830.1279	134.6212	0
68	41	431.2906	143.0176	0
68	42	380.9565	162.623	0
68	43	500.2789	139.7447	0
69	1	435.7573	143.0301	0
69	2	774.2635	146.791	0
69	3	434.848	130.2416	0
69	4	532.1489	125.081	0
69	5	164.0921	189.1394	0
69	6	594.6263	154.7939	0
69	7	425.5213	163.9896	0
69	8	416.9144	189.8804	0
69	9	798.918	147.561	0
69	10	273.3643	175.5468	0
69	11	791.9666	127.4105	0
69	12	717.5412	118.3565	0
69	13	479.5828	131.1312	0
69	14	720.5706	147.2626	0
69	15	750.8781	133.1756	0
69	16	568.669	148.6639	0
69	17	665.607	143.2433	0
69	18	726.5627	123.5359	0
69	19	312.0126	170.2412	0
69	20	508.0843	162.4747	0
69	21	-56.64857	191.3657	0
69	22	21.54876	190.5169	0
69	23	542.7014	139.5549	0
69	24	738.3749	124.2254	0
69	25	362.3264	181.1592	0
69	26	707.1955	149.5409	0
69	27	773.066	162.816	0
69	28	52.15062	163.9848	0
69	29	702.5437	114.6748	0
69	30	663.133	124.9757	0
69	31	216.6009	210.3053	0
69	32	755.7997	110.4234	0
69	33	776.8795	131.66	0
69	34	377.4096	144.191	0
69	35	-154.7115	248.4687	0
69	36	361.7589	144.8968	0
69	37	481.4849	146.2869	0
69	38	264.9144	206.4966	0
69	39	695.9358	123.0446	0
69	40	830.1386	134.6231	0
69	41	431.291	143.0217	0
69	42	380.9566	162.6262	0
69	43	500.278	139.7502	0
70	1	435.7464	143.0378	0
70	2	774.2676	146.7938	0
70	3	434.8215	130.2437	0
70	4	532.1521	125.0952	0
70	5	164.0795	189.1445	0
70	6	594.6809	154.7895	0
70	7	425.52	163.9929	0
70	8	416.8972	189.9107	0
70	9	798.8651	147.554	0
70	10	273.3657	175.5307	0
70	11	791.9467	127.4081	0
70	12	717.5009	118.3518	0
70	13	479.565	131.1333	0
70	14	720.5779	147.2645	0
70	15	750.8363	133.1703	0
70	16	568.6304	148.6561	0
70	17	665.6135	143.2493	0
70	18	726.5322	123.5288	0
70	19	312.0105	170.2458	0
70	20	508.1349	162.4655	0
70	21	-56.62165	191.3628	0
70	22	21.55936	190.5175	0
70	23	542.7145	139.555	0
70	24	738.3846	124.2259	0
70	25	362.2831	181.1418	0
70	26	707.1492	149.5319	0
70	27	773.1006	162.816	0
70	28	52.16626	163.9747	0
70	29	702.5477	114.6742	0
70	30	663.1358	124.977	0
70	31	216.5967	210.3073	0
70	32	755.7986	110.4241	0
70	33	776.8925	131.6584	0
70	34	377.3726	144.1999	0
70	35	-154.9785	248.5461	0
70	36	361.7675	144.8959	0
70	37	481.4963	146.2856	0
70	38	264.9499	206.4947	0
70	39	695.9465	123.0451	0
70	40	830.15	134.625	0
70	41	431.2828	143.0285	0
70	42	380.9551	162.6299	0
70	43	500.2704	139.7598	0
71	1	435.7342	143.0483	0
71	2	774.2541	146.792	0
71	3	434.8074	130.2424	0
71	4	532.1503	125.1104	0
71	5	164.0704	189.1492	0
71	6	594.7207	154.7808	0
71	7	425.5204	163.9961	0
71	8	416.8759	189.9475	0
71	9	798.8171	147.5471	0
71	10	273.3629	175.5172	0
71	11	791.9351	127.4066	0
71	12	717.4673	118.348	0
71	13	479.5535	131.1328	0
71	14	720.5865	147.2655	0
71	15	750.7918	133.165	0
71	16	568.5978	148.6502	0
71	17	665.6248	143.2574	0
71	18	726.4885	123.5187	0
71	19	312.0149	170.248	0
71	20	508.1767	162.453	0
71	21	-56.58921	191.3582	0
71	22	21.58091	190.5172	0
71	23	542.7265	139.5558	0
71	24	738.394	124.2264	0
71	25	362.2431	181.1285	0
71	26	707.1007	149.523	0
71	27	773.1356	162.8146	0
71	28	52.17533	163.9651	0
71	29	702.5523	114.6742	0
71	30	663.1389	124.9784	0
71	31	216.5936	210.3112	0
71	32	755.8018	110.4251	0
71	33	776.8973	131.6557	0
71	34	377.3443	144.2035	0
71	35	-155.2768	248.6343	0
71	36	361.778	144.8958	0
71	37	481.506	146.2856	0
71	38	264.9686	206.498	0
71	39	695.9573	123.0462	0
71	40	830.1617	134.6261	0
71	41	431.2661	143.0399	0
71	42	380.952	162.6333	0
71	43	500.2642	139.7729	0
72	1	435.723	143.0611	0
72	2	774.2808	146.7919	0
72	3	434.8361	130.242	0
72	4	532.1405	125.1232	0
72	5	164.0674	189.1523	0
72	6	594.7488	154.769	0
72	7	425.524	163.9984	0
72	8	416.8483	189.9875	0
72	9	798.7782	147.5419	0
72	10	273.3567	175.5046	0
72	11	791.9315	127.4069	0
72	12	717.4424	118.3448	0
72	13	479.5639	131.1318	0
72	14	720.5962	147.2663	0
72	15	750.7523	133.1597	0
72	16	568.5733	148.6456	0
72	17	665.6418	143.2668	0
72	18	726.4407	123.5075	0
72	19	312.0267	170.2501	0
72	20	508.2078	162.4366	0
72	21	-56.55673	191.3541	0
72	22	21.60155	190.5173	0
72	23	542.7354	139.5548	0
72	24	738.4034	124.2259	0
72	25	362.2103	181.1184	0
72	26	707.0468	149.5144	0
72	27	773.1575	162.8101	0
72	28	52.17457	163.9557	0
72	29	702.5583	114.675	0
72	30	663.1427	124.9795	0
72	31	216.5898	210.3159	0
72	32	755.8056	110.4264	0
72	33	776.8945	131.652	0
72	34	377.3294	144.2036	0
72	35	-155.5947	248.728	0
72	36	361.7931	144.8958	0
72	37	481.5139	146.2867	0
72	38	264.9584	206.5089	0
72	39	695.967	123.0469	0
72	40	830.1742	134.6268	0
72	41	431.2499	143.0549	0
72	42	380.9505	162.637	0
72	43	500.2624	139.7886	0
73	1	435.7139	143.073	0
73	2	774.3139	146.7913	0
73	3	434.8872	130.242	0
73	4	532.1245	125.1295	0
73	5	164.0723	189.1544	0
73	6	594.7633	154.7534	0
73	7	425.5319	163.9996	0
73	8	416.8122	190.0298	0
73	9	798.7501	147.5378	0
73	10	273.3434	175.4929	0
73	11	791.9334	127.4077	0
73	12	717.4279	118.3431	0
73	13	479.601	131.1321	0
73	14	720.6056	147.2675	0
73	15	750.7208	133.1556	0
73	16	568.5594	148.6434	0
73	17	665.6631	143.2759	0
73	18	726.3972	123.4974	0
73	19	312.038	170.253	0
73	20	508.2243	162.4207	0
73	21	-56.52377	191.3503	0
73	22	21.62402	190.5182	0
73	23	542.7422	139.5528	0
73	24	738.4136	124.2251	0
73	25	362.1898	181.1131	0
73	26	706.9929	149.5061	0
73	27	773.1652	162.8029	0
73	28	52.17049	163.9465	0
73	29	702.5635	114.6764	0
73	30	663.1473	124.9806	0
73	31	216.5833	210.3218	0
73	32	755.8108	110.4277	0
73	33	776.8848	131.6473	0
73	34	377.339	144.2021	0
73	35	-155.932	248.8235	0
73	36	361.8107	144.8957	0
73	37	481.5166	146.2889	0
73	38	264.9196	206.5302	0
73	39	695.9764	123.0474	0
73	40	830.1863	134.628	0
73	41	431.2355	143.0716	0
73	42	380.9525	162.6397	0
73	43	500.2657	139.8046	0
74	1	435.7041	143.0884	0
74	2	774.3359	146.7883	0
74	3	434.9355	130.24	0
74	4	532.1091	125.1314	0
74	5	164.0798	189.1569	0
74	6	594.7623	154.7388	0
74	7	425.5415	164.0011	0
74	8	416.7657	190.0685	0
74	9	798.7349	147.5358	0
74	10	273.3213	175.4814	0
74	11	791.9364	127.4088	0
74	12	717.4235	118.3434	0
74	13	479.6361	131.1311	0
74	14	720.6141	147.2682	0
74	15	750.6985	133.1526	0
74	16	568.5557	148.644	0
74	17	665.6878	143.2877	0
74	18	726.3512	123.4875	0
74	19	312.0482	170.2546	0
74	20	508.2339	162.4052	0
74	21	-56.48234	191.3458	0
74	22	21.65504	190.5154	0
74	23	542.7493	139.5511	0
74	24	738.425	124.2248	0
74	25	362.1826	181.1136	0
74	26	706.9462	149.4987	0
74	27	773.1613	162.7935	0
74	28	52.16269	163.9392	0
74	29	702.569	114.6783	0
74	30	663.1526	124.9813	0
74	31	216.5727	210.3282	0
74	32	755.8163	110.429	0
74	33	776.8677	131.6436	0
74	34	377.3803	144.2022	0
74	35	-156.2658	248.9056	0
74	36	361.8275	144.8959	0
74	37	481.5155	146.2928	0
74	38	264.854	206.5643	0
74	39	695.9859	123.0469	0
74	40	830.1971	134.6288	0
74	41	431.2239	143.0897	0
74	42	380.9594	162.6408	0
74	43	500.2693	139.8244	0
75	1	435.6902	143.1062	0
75	2	774.3444	146.7832	0
75	3	434.9786	130.236	0
75	4	532.0971	125.1308	0
75	5	164.0861	189.1586	0
75	6	594.7554	154.7244	0
75	7	425.55	164.0024	0
75	8	416.714	190.095	0
75	9	798.7313	147.5363	0
75	10	273.2994	175.4702	0
75	11	791.9404	127.41	0
75	12	717.4258	118.3445	0
75	13	479.6662	131.1284	0
75	14	720.6224	147.2687	0
75	15	750.6874	133.1514	0
75	16	568.5577	148.6457	0
75	17	665.7112	143.3011	0
75	18	726.3021	123.4792	0
75	19	312.0571	170.2556	0
75	20	508.2332	162.3894	0
75	21	-56.44833	191.3436	0
75	22	21.69391	190.5094	0
75	23	542.7581	139.5496	0
75	24	738.4359	124.2248	0
75	25	362.1823	181.1169	0
75	26	706.9104	149.4931	0
75	27	773.1457	162.7816	0
75	28	52.15314	163.9337	0
75	29	702.5768	114.6812	0
75	30	663.1594	124.9816	0
75	31	216.5612	210.3352	0
75	32	755.8236	110.43	0
75	33	776.8503	131.6392	0
75	34	377.4218	144.2007	0
75	35	-156.5445	248.9602	0
75	36	361.8439	144.8966	0
75	37	481.509	146.2998	0
75	38	264.778	206.6092	0
75	39	695.9965	123.046	0
75	40	830.2076	134.6294	0
75	41	431.2088	143.1121	0
75	42	380.9694	162.6424	0
75	43	500.268	139.8471	0
76	1	435.6713	143.1257	0
76	2	774.3425	146.7765	0
76	3	435.0168	130.2303	0
76	4	532.108	125.1298	0
76	5	164.0915	189.1603	0
76	6	594.7379	154.7094	0
76	7	425.5579	164.0034	0
76	8	416.6722	190.1084	0
76	9	798.7349	147.5378	0
76	10	273.2776	175.462	0
76	11	791.9454	127.4114	0
76	12	717.4294	118.3459	0
76	13	479.6924	131.1245	0
76	14	720.631	147.2684	0
76	15	750.6859	133.1521	0
76	16	568.5605	148.6478	0
76	17	665.7318	143.3157	0
76	18	726.2542	123.4727	0
76	19	312.066	170.2554	0
76	20	508.2117	162.3691	0
76	21	-56.42215	191.3433	0
76	22	21.73318	190.5038	0
76	23	542.7684	139.5479	0
76	24	738.4484	124.2246	0
76	25	362.1831	181.121	0
76	26	706.8871	149.4895	0
76	27	773.1184	162.7712	0
76	28	52.14573	163.9307	0
76	29	702.5874	114.6861	0
76	30	663.1662	124.9823	0
76	31	216.5548	210.3412	0
76	32	755.8312	110.4309	0
76	33	776.8263	131.6338	0
76	34	377.4607	144.197	0
76	35	-156.7085	248.9865	0
76	36	361.8604	144.8941	0
76	37	481.5027	146.3094	0
76	38	264.695	206.6605	0
76	39	696.0082	123.0457	0
76	40	830.2184	134.629	0
76	41	431.1876	143.1369	0
76	42	380.9781	162.6441	0
76	43	500.2606	139.8719	0
77	1	435.6457	143.1447	0
77	2	774.3297	146.7677	0
77	3	435.0483	130.2223	0
77	4	532.1494	125.1302	0
77	5	164.0958	189.1607	0
77	6	594.6996	154.6898	0
77	7	425.5652	164.0034	0
77	8	416.6484	190.1111	0
77	9	798.7397	147.5397	0
77	10	273.2597	175.4558	0
77	11	791.9512	127.4126	0
77	12	717.4339	118.3474	0
77	13	479.7131	131.119	0
77	14	720.6406	147.2679	0
77	15	750.6891	133.1534	0
77	16	568.5637	148.6503	0
77	17	665.7469	143.3296	0
77	18	726.2062	123.4663	0
77	19	312.0757	170.2554	0
77	20	508.1784	162.347	0
77	21	-56.41305	191.3458	0
77	22	21.77246	190.4989	0
77	23	542.7784	139.5474	0
77	24	738.4589	124.2248	0
77	25	362.1825	181.1262	0
77	26	706.8774	149.489	0
77	27	773.0917	162.7607	0
77	28	52.14213	163.931	0
77	29	702.6049	114.6924	0
77	30	663.1724	124.9828	0
77	31	216.5546	210.3447	0
77	32	755.84	110.4311	0
77	33	776.7949	131.6268	0
77	34	377.4973	144.1918	0
77	35	-156.744	248.9839	0
77	36	361.8772	144.8911	0
77	37	481.499	146.3209	0
77	38	264.608	206.718	0
77	39	696.0198	123.0455	0
77	40	830.2306	134.6282	0
77	41	431.1588	143.1636	0
77	42	380.9861	162.6451	0
77	43	500.2444	139.8957	0
78	1	435.6135	143.158	0
78	2	774.3063	146.7603	0
78	3	435.0685	130.2153	0
78	4	532.187	125.1294	0
78	5	164.1004	189.1607	0
78	6	594.6512	154.6684	0
78	7	425.5731	164.0029	0
78	8	416.6588	190.1071	0
78	9	798.7462	147.5419	0
78	10	273.2486	175.4529	0
78	11	791.958	127.4137	0
78	12	717.4393	118.3492	0
78	13	479.7264	131.1139	0
78	14	720.6511	147.2679	0
78	15	750.6932	133.155	0
78	16	568.5666	148.6531	0
78	17	665.7535	143.3388	0
78	18	726.1533	123.4603	0
78	19	312.09	170.2558	0
78	20	508.1502	162.3259	0
78	21	-56.43487	191.3524	0
78	22	21.82179	190.4929	0
78	23	542.7889	139.5479	0
78	24	738.4671	124.2253	0
78	25	362.1789	181.1324	0
78	26	706.8784	149.4905	0
78	27	773.0549	162.7488	0
78	28	52.13919	163.9327	0
78	29	702.6288	114.699	0
78	30	663.1784	124.9832	0
78	31	216.5629	210.3474	0
78	32	755.8494	110.4314	0
78	33	776.7623	131.6194	0
78	34	377.53	144.1849	0
78	35	-156.6532	248.9785	0
78	36	361.8942	144.8889	0
78	37	481.4984	146.3328	0
78	38	264.5062	206.7858	0
78	39	696.0328	123.0453	0
78	40	830.2437	134.628	0
78	41	431.1202	143.1876	0
78	42	380.9934	162.6452	0
78	43	500.2178	139.912	0
79	1	435.5832	143.1642	0
79	2	774.2807	146.752	0
79	3	435.0856	130.2083	0
79	4	532.2176	125.1266	0
79	5	164.1076	189.1615	0
79	6	594.6086	154.6482	0
79	7	425.5824	164.0031	0
79	8	416.7256	190.1058	0
79	9	798.7538	147.5443	0
79	10	273.2451	175.4537	0
79	11	791.9648	127.4145	0
79	12	717.4456	118.3504	0
79	13	479.7347	131.1086	0
79	14	720.6611	147.2678	0
79	15	750.6987	133.1568	0
79	16	568.57	148.6556	0
79	17	665.7531	143.343	0
79	18	726.098	123.4542	0
79	19	312.1102	170.2557	0
79	20	508.1197	162.3054	0
79	21	-56.48838	191.3644	0
79	22	21.86582	190.4894	0
79	23	542.7955	139.5498	0
79	24	738.4688	124.2241	0
79	25	362.1735	181.1384	0
79	26	706.8826	149.4926	0
79	27	773.006	162.7342	0
79	28	52.13609	163.935	0
79	29	702.6584	114.7056	0
79	30	663.1844	124.9829	0
79	31	216.5717	210.3507	0
79	32	755.8583	110.4321	0
79	33	776.7318	131.6126	0
79	34	377.5552	144.178	0
79	35	-156.5014	248.9695	0
79	36	361.9151	144.8865	0
79	37	481.4979	146.3474	0
79	38	264.3911	206.8589	0
79	39	696.0441	123.0454	0
79	40	830.2553	134.6279	0
79	41	431.075	143.2022	0
79	42	381.0012	162.6448	0
79	43	500.1891	139.9191	0
80	1	435.5635	143.1661	0
80	2	774.2471	146.7427	0
80	3	435.0921	130.2005	0
80	4	532.2426	125.1227	0
80	5	164.1222	189.1617	0
80	6	594.5632	154.6286	0
80	7	425.5947	164.0032	0
80	8	416.7914	190.1004	0
80	9	798.7633	147.5465	0
80	10	273.244	175.456	0
80	11	791.9726	127.4148	0
80	12	717.4532	118.3517	0
80	13	479.7382	131.1029	0
80	14	720.6725	147.2677	0
80	15	750.7047	133.1587	0
80	16	568.575	148.658	0
80	17	665.7487	143.344	0
80	18	726.049	123.4481	0
80	19	312.1306	170.2559	0
80	20	508.0849	162.2868	0
80	21	-56.56955	191.3831	0
80	22	21.89991	190.4887	0
80	23	542.7979	139.553	0
80	24	738.47	124.2227	0
80	25	362.1711	181.1443	0
80	26	706.8875	149.4952	0
80	27	772.9548	162.7191	0
80	28	52.13043	163.9378	0
80	29	702.6911	114.7145	0
80	30	663.1911	124.9823	0
80	31	216.5796	210.3529	0
80	32	755.8665	110.4324	0
80	33	776.6995	131.606	0
80	34	377.575	144.1711	0
80	35	-156.3216	248.9493	0
80	36	361.9389	144.8844	0
80	37	481.4939	146.364	0
80	38	264.2599	206.9358	0
80	39	696.0533	123.0459	0
80	40	830.2686	134.6277	0
80	41	431.0368	143.2082	0
80	42	381.0102	162.6449	0
80	43	500.1697	139.9212	0
81	1	435.5508	143.1633	0
81	2	774.2017	146.7308	0
81	3	435.0838	130.1893	0
81	4	532.2604	125.1171	0
81	5	164.138	189.1619	0
81	6	594.5134	154.611	0
81	7	425.6089	164.0031	0
81	8	416.8517	190.0894	0
81	9	798.7736	147.5486	0
81	10	273.2433	175.4588	0
81	11	791.9802	127.4154	0
81	12	717.4614	118.3525	0
81	13	479.7301	131.0948	0
81	14	720.682	147.268	0
81	15	750.7124	133.1604	0
81	16	568.582	148.6594	0
81	17	665.7394	143.342	0
81	18	726.0103	123.4434	0
81	19	312.1505	170.257	0
81	20	508.0471	162.2714	0
81	21	-56.67007	191.4071	0
81	22	21.91587	190.4915	0
81	23	542.7975	139.5585	0
81	24	738.4716	124.2219	0
81	25	362.1742	181.1485	0
81	26	706.8943	149.4981	0
81	27	772.9071	162.705	0
81	28	52.12071	163.9411	0
81	29	702.7223	114.7247	0
81	30	663.1985	124.982	0
81	31	216.5865	210.3545	0
81	32	755.8745	110.4324	0
81	33	776.6655	131.6006	0
81	34	377.5897	144.1639	0
81	35	-156.1127	248.9171	0
81	36	361.9582	144.8842	0
81	37	481.4856	146.3821	0
81	38	264.1141	207.0062	0
81	39	696.0563	123.0446	0
81	40	830.2794	134.6279	0
81	41	431.0155	143.2091	0
81	42	381.0228	162.645	0
81	43	500.154	139.9177	0
82	1	435.5945	143.1641	0
82	2	774.153	146.7181	0
82	3	435.0679	130.1768	0
82	4	532.2697	125.112	0
82	5	164.1546	189.1622	0
82	6	594.462	154.5966	0
82	7	425.6224	164.0033	0
82	8	416.9068	190.0743	0
82	9	798.7846	147.5499	0
82	10	273.2409	175.4623	0
82	11	791.987	127.416	0
82	12	717.4712	118.3527	0
82	13	479.7151	131.0855	0
82	14	720.6884	147.2678	0
82	15	750.7206	133.1618	0
82	16	568.5919	148.6603	0
82	17	665.7711	143.3426	0
82	18	725.9837	123.4398	0
82	19	312.1716	170.255	0
82	20	508.0084	162.2571	0
82	21	-56.78357	191.4329	0
82	22	21.89687	190.4991	0
82	23	542.7953	139.5674	0
82	24	738.4751	124.2209	0
82	25	362.1849	181.1508	0
82	26	706.9012	149.5008	0
82	27	772.8569	162.6912	0
82	28	52.10743	163.9442	0
82	29	702.7503	114.736	0
82	30	663.2061	124.982	0
82	31	216.5933	210.3549	0
82	32	755.8828	110.4318	0
82	33	776.6334	131.5961	0
82	34	377.5921	144.1542	0
82	35	-155.8878	248.8764	0
82	36	361.9738	144.8856	0
82	37	481.4714	146.3997	0
82	38	263.9693	207.0555	0
82	39	696.059	123.0432	0
82	40	830.2872	134.6282	0
82	41	431.0222	143.2065	0
82	42	381.038	162.6449	0
82	43	500.2129	139.9189	0
83	1	435.6403	143.1634	0
83	2	774.1078	146.7064	0
83	3	435.056	130.1653	0
83	4	532.2729	125.1066	0
83	5	164.1725	189.1621	0
83	6	594.4106	154.583	0
83	7	425.6351	164.0037	0
83	8	416.9546	190.0553	0
83	9	798.7966	147.5506	0
83	10	273.2355	175.4664	0
83	11	791.9936	127.4164	0
83	12	717.4811	118.3534	0
83	13	479.7021	131.0767	0
83	14	720.69	147.2661	0
83	15	750.7299	133.1625	0
83	16	568.6021	148.6617	0
83	17	665.7977	143.3419	0
83	18	725.9708	123.4387	0
83	19	312.1939	170.2503	0
83	20	507.9623	162.2437	0
83	21	-56.90911	191.4622	0
83	22	21.84109	190.5137	0
83	23	542.7978	139.5788	0
83	24	738.4786	124.2202	0
83	25	362.1986	181.1537	0
83	26	706.9103	149.5039	0
83	27	772.8037	162.6791	0
83	28	52.09621	163.9472	0
83	29	702.7711	114.7459	0
83	30	663.2145	124.9818	0
83	31	216.6011	210.3556	0
83	32	755.8918	110.4311	0
83	33	776.6002	131.5916	0
83	34	377.5863	144.1432	0
83	35	-155.657	248.8274	0
83	36	361.9782	144.8889	0
83	37	481.4503	146.4121	0
83	38	263.863	207.0811	0
83	39	696.0624	123.0423	0
83	40	830.2867	134.6266	0
83	41	431.084	143.2068	0
83	42	381.0527	162.6451	0
83	43	500.2689	139.9181	0
84	1	435.6823	143.16	0
84	2	774.0603	146.6949	0
84	3	435.0417	130.1541	0
84	4	532.2711	125.1007	0
84	5	164.1958	189.1577	0
84	6	594.3516	154.5704	0
84	7	425.6464	164.0012	0
84	8	416.9903	190.0358	0
84	9	798.808	147.5518	0
84	10	273.2287	175.4703	0
84	11	792.0002	127.4162	0
84	12	717.4899	118.354	0
84	13	479.688	131.0682	0
84	14	720.6918	147.2644	0
84	15	750.7402	133.1631	0
84	16	568.6113	148.6625	0
84	17	665.8167	143.3392	0
84	18	725.9698	123.4397	0
84	19	312.2165	170.246	0
84	20	507.9071	162.2304	0
84	21	-57.05127	191.497	0
84	22	21.75059	190.5372	0
84	23	542.8046	139.5911	0
84	24	738.4831	124.2206	0
84	25	362.2106	181.156	0
84	26	706.9199	149.5063	0
84	27	772.7529	162.6692	0
84	28	52.09035	163.9493	0
84	29	702.782	114.7509	0
84	30	663.222	124.982	0
84	31	216.6126	210.3565	0
84	32	755.9017	110.4308	0
84	33	776.5641	131.5874	0
84	34	377.5817	144.1327	0
84	35	-155.4498	248.7811	0
84	36	361.9702	144.8945	0
84	37	481.4283	146.418	0
84	38	263.815	207.0868	0
84	39	696.0675	123.0412	0
84	40	830.2857	134.6249	0
84	41	431.1445	143.205	0
84	42	381.0668	162.6458	0
84	43	500.3171	139.9136	0
85	1	435.7203	143.1548	0
85	2	774.0103	146.685	0
85	3	435.024	130.1444	0
85	4	532.2562	125.0921	0
85	5	164.2199	189.1532	0
85	6	594.2852	154.5577	0
85	7	425.6577	163.9981	0
85	8	417.0157	190.0163	0
85	9	798.8184	147.5526	0
85	10	273.2246	175.4739	0
85	11	792.0076	127.4156	0
85	12	717.4985	118.3544	0
85	13	479.6715	131.0605	0
85	14	720.6946	147.263	0
85	15	750.7499	133.1641	0
85	16	568.6199	148.6633	0
85	17	665.8284	143.3352	0
85	18	725.9742	123.4414	0
85	19	312.2406	170.2422	0
85	20	507.8557	162.2175	0
85	21	-57.20388	191.5345	0
85	22	21.63803	190.568	0
85	23	542.8156	139.6048	0
85	24	738.4882	124.2218	0
85	25	362.2217	181.1581	0
85	26	706.9316	149.5071	0
85	27	772.7015	162.6594	0
85	28	52.09122	163.9504	0
85	29	702.7839	114.752	0
85	30	663.2282	124.9822	0
85	31	216.6309	210.3562	0
85	32	755.9111	110.4307	0
85	33	776.528	131.5832	0
85	34	377.5765	144.1226	0
85	35	-155.2444	248.7322	0
85	36	361.9478	144.9047	0
85	37	481.4137	146.4199	0
85	38	263.8438	207.0803	0
85	39	696.0731	123.0406	0
85	40	830.2856	134.6237	0
85	41	431.1987	143.1995	0
85	42	381.0805	162.6434	0
85	43	500.3577	139.907	0
86	1	435.7537	143.1479	0
86	2	773.9622	146.6769	0
86	3	435.004	130.1368	0
86	4	532.2335	125.0821	0
86	5	164.244	189.1495	0
86	6	594.2245	154.5454	0
86	7	425.6693	163.9958	0
86	8	417.0344	189.9967	0
86	9	798.8286	147.5533	0
86	10	273.225	175.4762	0
86	11	792.0156	127.4154	0
86	12	717.507	118.3539	0
86	13	479.6534	131.0545	0
86	14	720.6983	147.2614	0
86	15	750.7587	133.1646	0
86	16	568.6285	148.663	0
86	17	665.8334	143.3298	0
86	18	725.9792	123.4434	0
86	19	312.2708	170.2376	0
86	20	507.8115	162.2077	0
86	21	-57.36795	191.5738	0
86	22	21.50939	190.6022	0
86	23	542.8255	139.6217	0
86	24	738.4937	124.2238	0
86	25	362.2318	181.1586	0
86	26	706.9443	149.5083	0
86	27	772.645	162.6502	0
86	28	52.09581	163.9519	0
86	29	702.779	114.7516	0
86	30	663.2308	124.9814	0
86	31	216.6493	210.3564	0
86	32	755.9214	110.4306	0
86	33	776.4966	131.5793	0
86	34	377.5685	144.1133	0
86	35	-155.0743	248.6836	0
86	36	361.9192	144.9191	0
86	37	481.403	146.4175	0
86	38	263.9598	207.0772	0
86	39	696.0792	123.0411	0
86	40	830.2869	134.6223	0
86	41	431.2474	143.1916	0
86	42	381.0944	162.6402	0
86	43	500.3906	139.8981	0
87	1	435.78	143.1393	0
87	2	773.9135	146.669	0
87	3	434.9821	130.1294	0
87	4	532.2133	125.0725	0
87	5	164.2734	189.1452	0
87	6	594.1741	154.5362	0
87	7	425.6838	163.9932	0
87	8	417.0329	189.9734	0
87	9	798.8391	147.5531	0
87	10	273.2314	175.4778	0
87	11	792.0233	127.4153	0
87	12	717.5164	118.3531	0
87	13	479.6341	131.0489	0
87	14	720.7026	147.2605	0
87	15	750.7675	133.1649	0
87	16	568.6378	148.6624	0
87	17	665.8315	143.3235	0
87	18	725.9861	123.4456	0
87	19	312.299	170.2351	0
87	20	507.7781	162.2004	0
87	21	-57.53487	191.6083	0
87	22	21.36973	190.6394	0
87	23	542.8317	139.6404	0
87	24	738.5026	124.2267	0
87	25	362.2426	181.1584	0
87	26	706.9559	149.51	0
87	27	772.5876	162.6413	0
87	28	52.09947	163.9532	0
87	29	702.7769	114.7503	0
87	30	663.2332	124.9804	0
87	31	216.668	210.357	0
87	32	755.9301	110.431	0
87	33	776.4727	131.5762	0
87	34	377.5583	144.1057	0
87	35	-154.9367	248.6289	0
87	36	361.8896	144.9367	0
87	37	481.4419	146.4182	0
87	38	264.083	207.0662	0
87	39	696.0859	123.0424	0
87	40	830.2883	134.6215	0
87	41	431.2894	143.1809	0
87	42	381.1084	162.6376	0
87	43	500.413	139.8868	0
88	1	435.78	143.1393	0
88	2	773.9135	146.669	0
88	3	434.9821	130.1294	0
88	4	532.2133	125.0725	0
88	5	164.2734	189.1452	0
88	6	594.1741	154.5362	0
88	7	425.6838	163.9932	0
88	8	417.0329	189.9734	0
88	9	798.8391	147.5531	0
88	10	273.2314	175.4778	0
88	11	792.0233	127.4153	0
88	12	717.5164	118.3531	0
88	13	479.6341	131.0489	0
88	14	720.7026	147.2605	0
88	15	750.7675	133.1649	0
88	16	568.6378	148.6624	0
88	17	665.8315	143.3235	0
88	18	725.9861	123.4456	0
88	19	312.299	170.2351	0
88	20	507.7781	162.2004	0
88	21	-57.53487	191.6083	0
88	22	21.36973	190.6394	0
88	23	542.8317	139.6404	0
88	24	738.5026	124.2267	0
88	25	362.2426	181.1584	0
88	26	706.9559	149.51	0
88	27	772.5876	162.6413	0
88	28	52.09947	163.9532	0
88	29	702.7769	114.7503	0
88	30	663.2332	124.9804	0
88	31	216.668	210.357	0
88	32	755.9301	110.431	0
88	33	776.4727	131.5762	0
88	34	377.5583	144.1057	0
88	35	-154.9367	248.6289	0
88	36	361.8896	144.9367	0
88	37	481.4419	146.4182	0
88	38	264.083	207.0662	0
88	39	696.0859	123.0424	0
88	40	830.2883	134.6215	0
88	41	431.2894	143.1809	0
88	42	381.1084	162.6376	0
88	43	500.413	139.8868	0
