64	1	495.6761	111.9454	0
64	2	758.3699	119.5037	0
64	3	494.0136	110.2971	0
64	4	568.1774	103.6898	0
64	5	278.7186	134.537	0
64	6	617.6413	138.1837	0
64	7	485.123	120.7298	0
64	8	774.2261	99.82541	0
64	9	479.8586	146.5682	0
64	10	783.2261	110.5096	0
64	11	363.3776	127.3408	0
64	12	775.2323	95.3613	0
64	13	714.197	96.07043	0
64	14	528.669	104.6245	0
64	15	721.0845	103.5265	0
64	16	742.1844	102.3204	0
64	17	601.3101	110.3144	0
64	18	674.7084	108.8935	0
64	19	722.271	102.9716	0
64	20	397.7284	138.2133	0
64	21	550.8609	136.5656	0
64	22	103.4119	142.8629	0
64	23	169.8907	148.7349	0
64	24	579.2828	114.2388	0
64	25	731.0005	98.64536	0
64	26	433.6559	141.2882	0
64	27	707.1447	115.7034	0
64	28	760.3995	121.8921	0
64	29	190.8661	126.5755	0
64	30	705.1343	92.20367	0
64	31	675.613	91.5274	0
64	32	323.1116	164.695	0
64	33	746.5341	86.21524	0
64	34	763.1151	97.9664	0
64	35	448.3454	113.5182	0
64	36	20.70991	186.437	0
64	37	436.3955	118.8028	0
64	38	531.3543	114.7101	0
64	39	360.1901	176.2032	0
64	40	697.6192	100.6243	0
64	41	804.6422	106.0862	0
64	42	489.6798	115.8979	0
64	43	452.9407	122.3959	0
64	44	542.9068	111.6464	0
65	1	495.7097	111.9428	0
65	2	758.3749	119.5055	0
65	3	494.0186	110.2968	0
65	4	568.187	103.685	0
65	5	278.6933	134.5369	0
65	6	617.6301	138.1821	0
65	7	485.1307	120.7294	0
65	8	774.2356	99.82474	0
65	9	479.8265	146.6033	0
65	10	783.2255	110.5079	0
65	11	363.3802	127.3258	0
65	12	775.2027	95.35617	0
65	13	714.2001	96.0704	0
65	14	528.6744	104.6234	0
65	15	721.0941	103.526	0
65	16	742.2185	102.3298	0
65	17	601.2734	110.3076	0
65	18	674.725	108.906	0
65	19	722.263	102.971	0
65	20	397.7225	138.2172	0
65	21	550.8633	136.5691	0
65	22	103.4999	142.8566	0
65	23	169.8846	148.7381	0
65	24	579.2917	114.2388	0
65	25	731.0087	98.64529	0
65	26	433.6471	141.267	0
65	27	707.1065	115.6962	0
65	28	760.3529	121.8835	0
65	29	190.9323	126.5686	0
65	30	705.1357	92.20288	0
65	31	675.587	91.52328	0
65	32	323.126	164.6953	0
65	33	746.5551	86.21561	0
65	34	763.1481	97.9733	0
65	35	448.3499	113.5187	0
65	36	20.42786	186.5148	0
65	37	436.4328	118.7937	0
65	38	531.3464	114.7018	0
65	39	360.201	176.1727	0
65	40	697.6264	100.6237	0
65	41	804.6429	106.0828	0
65	42	489.6677	115.915	0
65	43	452.9398	122.399	0
65	44	542.9184	111.647	0
66	1	495.74	111.9387	0
66	2	758.3834	119.5088	0
66	3	494.0242	110.2964	0
66	4	568.1899	103.6811	0
66	5	278.7285	134.5349	0
66	6	617.6552	138.1815	0
66	7	485.1404	120.7295	0
66	8	774.2459	99.82443	0
66	9	479.7853	146.6334	0
66	10	783.2254	110.5064	0
66	11	363.3793	127.3131	0
66	12	775.1714	95.35205	0
66	13	714.2043	96.07083	0
66	14	528.68	104.6224	0
66	15	721.1044	103.5253	0
66	16	742.252	102.3405	0
66	17	601.2423	110.3025	0
66	18	674.7348	108.9163	0
66	19	722.2628	102.9717	0
66	20	397.7179	138.2215	0
66	21	550.8676	136.5717	0
66	22	103.5995	142.8465	0
66	23	169.8776	148.742	0
66	24	579.2999	114.2393	0
66	25	731.0182	98.6452	0
66	26	433.6343	141.2484	0
66	27	707.0662	115.689	0
66	28	760.3065	121.8752	0
66	29	190.9996	126.5596	0
66	30	705.1594	92.20334	0
66	31	675.562	91.51984	0
66	32	323.1406	164.6959	0
66	33	746.5693	86.21509	0
66	34	763.1833	97.98193	0
66	35	448.3539	113.5187	0
66	36	20.12667	186.5972	0
66	37	436.4608	118.7855	0
66	38	531.333	114.6927	0
66	39	360.207	176.1427	0
66	40	697.6344	100.6234	0
66	41	804.6346	106.0783	0
66	42	489.6514	115.9338	0
66	43	452.9371	122.4018	0
66	44	542.9274	111.6457	0
67	1	495.7666	111.9334	0
67	2	758.3951	119.5146	0
67	3	494.0311	110.2963	0
67	4	568.1922	103.677	0
67	5	278.8035	134.5334	0
67	6	617.6888	138.1802	0
67	7	485.1529	120.7294	0
67	8	774.256	99.82434	0
67	9	479.742	146.6523	0
67	10	783.2266	110.5052	0
67	11	363.3742	127.3019	0
67	12	775.1422	95.34872	0
67	13	714.208	96.07193	0
67	14	528.686	104.6217	0
67	15	721.1162	103.5251	0
67	16	742.283	102.3522	0
67	17	601.2192	110.2985	0
67	18	674.7376	108.9216	0
67	19	722.2655	102.9729	0
67	20	397.7173	138.2248	0
67	21	550.8749	136.5728	0
67	22	103.705	142.8336	0
67	23	169.8667	148.7467	0
67	24	579.3057	114.2383	0
67	25	731.0261	98.64545	0
67	26	433.6183	141.2327	0
67	27	707.0212	115.6821	0
67	28	760.2563	121.8674	0
67	29	191.0593	126.551	0
67	30	705.1783	92.20319	0
67	31	675.5351	91.51639	0
67	32	323.1589	164.6922	0
67	33	746.5753	86.2139	0
67	34	763.2173	97.99152	0
67	35	448.3582	113.5182	0
67	36	19.81401	186.6766	0
67	37	436.485	118.7766	0
67	38	531.3218	114.6841	0
67	39	360.2169	176.114	0
67	40	697.6427	100.6233	0
67	41	804.6176	106.0723	0
67	42	489.6292	115.9538	0
67	43	452.9356	122.4049	0
67	44	542.9355	111.6437	0
68	1	495.7877	111.9265	0
68	2	758.4131	119.5224	0
68	3	494.0397	110.2962	0
68	4	568.1879	103.6722	0
68	5	278.8852	134.5283	0
68	6	617.7167	138.1762	0
68	7	485.1664	120.7295	0
68	8	774.2668	99.82419	0
68	9	479.7101	146.661	0
68	10	783.228	110.5037	0
68	11	363.363	127.2912	0
68	12	775.1119	95.34534	0
68	13	714.2123	96.07346	0
68	14	528.6936	104.6208	0
68	15	721.1274	103.525	0
68	16	742.3085	102.363	0
68	17	601.2057	110.2965	0
68	18	674.7354	108.9234	0
68	19	722.2687	102.9743	0
68	20	397.7217	138.2263	0
68	21	550.8845	136.5741	0
68	22	103.8103	142.8177	0
68	23	169.8502	148.752	0
68	24	579.3106	114.2368	0
68	25	731.0319	98.64569	0
68	26	433.5965	141.2174	0
68	27	706.9768	115.6754	0
68	28	760.2037	121.8597	0
68	29	191.116	126.542	0
68	30	705.1899	92.20193	0
68	31	675.5048	91.51297	0
68	32	323.1785	164.6874	0
68	33	746.5748	86.21201	0
68	34	763.2488	98.0018	0
68	35	448.3631	113.5182	0
68	36	19.51644	186.7382	0
68	37	436.5005	118.7673	0
68	38	531.3092	114.6757	0
68	39	360.2215	176.0862	0
68	40	697.6515	100.6232	0
68	41	804.5923	106.0676	0
68	42	489.6	115.9713	0
68	43	452.9371	122.4073	0
68	44	542.944	111.6421	0
