17	1	243.6776	366.5026	0
18	1	243.6776	366.5026	0
18	2	255.5589	101.1779	0
19	1	243.6776	366.5026	0
19	2	255.5589	101.1779	0
19	3	217.4155	366.3174	0
20	1	243.6776	366.5026	0
20	2	255.5589	101.1779	0
20	3	217.4155	366.3174	0
20	4	169.1134	273.7416	0
21	1	243.6776	366.5026	0
21	2	255.5589	101.1779	0
21	3	217.4155	366.3174	0
21	4	169.1134	273.7416	0
21	5	369.7621	514.2941	0
22	1	243.6776	366.5026	0
22	2	255.5589	101.1779	0
22	3	217.4155	366.3174	0
22	4	169.1134	273.7416	0
22	5	369.7621	514.2941	0
22	6	331.7148	269.3021	0
23	1	243.6776	366.5026	0
23	2	255.5589	101.1779	0
23	3	217.4155	366.3174	0
23	4	169.1134	273.7416	0
23	5	369.7621	514.2941	0
23	6	331.7148	269.3021	0
23	7	309.9468	374.0555	0
24	1	243.6776	366.5026	0
24	2	255.5589	101.1779	0
24	3	217.4155	366.3174	0
24	4	169.1134	273.7416	0
24	5	369.7621	514.2941	0
24	6	331.7148	269.3021	0
24	7	309.9468	374.0555	0
24	8	379.5519	378.7314	0
25	1	243.6776	366.5026	0
25	2	255.5589	101.1779	0
25	3	217.4155	366.3174	0
25	4	169.1134	273.7416	0
25	5	369.7621	514.2941	0
25	6	331.7148	269.3021	0
25	7	309.9468	374.0555	0
25	8	379.5519	378.7314	0
25	9	252.1166	71.59518	0
26	1	243.6776	366.5026	0
26	2	255.5589	101.1779	0
26	3	217.4155	366.3174	0
26	4	169.1134	273.7416	0
26	5	369.7621	514.2941	0
26	6	331.7148	269.3021	0
26	7	309.9468	374.0555	0
26	8	379.5519	378.7314	0
26	9	252.1166	71.59518	0
27	1	243.6776	366.5026	0
27	2	255.5589	101.1779	0
27	3	217.4155	366.3174	0
27	4	169.1134	273.7416	0
27	5	369.7621	514.2941	0
27	6	331.7148	269.3021	0
27	7	309.9468	374.0555	0
27	8	379.5519	378.7314	0
27	9	252.1166	71.59518	0
27	10	338.2852	467.0645	0
28	1	243.6776	366.5026	0
28	2	255.5589	101.1779	0
28	3	217.4155	366.3174	0
28	4	169.1134	273.7416	0
28	5	369.7621	514.2941	0
28	6	331.7148	269.3021	0
28	7	309.9468	374.0555	0
28	8	379.5519	378.7314	0
28	9	252.1166	71.59518	0
28	10	338.2852	467.0645	0
28	11	111.6526	-28.4342	0
29	1	243.6776	366.5026	0
29	2	255.5589	101.1779	0
29	3	217.4155	366.3174	0
29	4	169.1134	273.7416	0
29	5	369.7621	514.2941	0
29	6	331.7148	269.3021	0
29	7	309.9468	374.0555	0
29	8	379.5519	378.7314	0
29	9	252.1166	71.59518	0
29	10	338.2852	467.0645	0
29	11	111.6526	-28.4342	0
29	12	114.8354	59.70148	0
30	1	243.6776	366.5026	0
30	2	255.5589	101.1779	0
30	3	217.4155	366.3174	0
30	4	169.1134	273.7416	0
30	5	369.7621	514.2941	0
30	6	331.7148	269.3021	0
30	7	309.9468	374.0555	0
30	8	379.5519	378.7314	0
30	9	252.1166	71.59518	0
30	10	338.2852	467.0645	0
30	11	111.6526	-28.4342	0
30	12	114.8354	59.70148	0
30	13	171.3116	323.9086	0
31	1	243.6776	366.5026	0
31	2	255.5589	101.1779	0
31	3	217.4155	366.3174	0
31	4	169.1134	273.7416	0
31	5	369.7621	514.2941	0
31	6	331.7148	269.3021	0
31	7	309.9468	374.0555	0
31	8	379.5519	378.7314	0
31	9	252.1166	71.59518	0
31	10	338.2852	467.0645	0
31	11	111.6526	-28.4342	0
31	12	114.8354	59.70148	0
31	13	171.3116	323.9086	0
31	14	235.5669	128.7898	0
32	1	243.6776	366.5026	0
32	2	255.5589	101.1779	0
32	3	217.4155	366.3174	0
32	4	169.1134	273.7416	0
32	5	369.7621	514.2941	0
32	6	331.7148	269.3021	0
32	7	309.9468	374.0555	0
32	8	379.5519	378.7314	0
32	9	252.1166	71.59518	0
32	10	338.2852	467.0645	0
32	11	111.6526	-28.4342	0
32	12	114.8354	59.70148	0
32	13	171.3116	323.9086	0
32	14	235.5669	128.7898	0
32	15	182.5948	67.73511	0
33	1	243.6776	366.5026	0
33	2	255.5589	101.1779	0
33	3	217.4155	366.3174	0
33	4	169.1134	273.7416	0
33	5	369.7621	514.2941	0
33	6	331.7148	269.3021	0
33	7	309.9468	374.0555	0
33	8	379.5519	378.7314	0
33	9	252.1166	71.59518	0
33	10	338.2852	467.0645	0
33	11	111.6526	-28.4342	0
33	12	114.8354	59.70148	0
33	13	171.3116	323.9086	0
33	14	235.5669	128.7898	0
33	15	182.5948	67.73511	0
33	16	266.1397	264.3333	0
34	1	243.6776	366.5026	0
34	2	255.5589	101.1779	0
34	3	217.4155	366.3174	0
34	4	169.1134	273.7416	0
34	5	369.7621	514.2941	0
34	6	331.7148	269.3021	0
34	7	309.9468	374.0555	0
34	8	379.5519	378.7314	0
34	9	252.1166	71.59518	0
34	10	338.2852	467.0645	0
34	11	111.6526	-28.4342	0
34	12	114.8354	59.70148	0
34	13	171.3116	323.9086	0
34	14	235.5669	128.7898	0
34	15	182.5948	67.73511	0
34	16	266.1397	264.3333	0
34	17	209.9904	160.7869	0
35	1	243.6776	366.5026	0
35	2	255.5589	101.1779	0
35	3	217.4155	366.3174	0
35	4	169.1134	273.7416	0
35	5	369.7621	514.2941	0
35	6	331.7148	269.3021	0
35	7	309.9468	374.0555	0
35	8	379.5519	378.7314	0
35	9	252.1166	71.59518	0
35	10	338.2852	467.0645	0
35	11	111.6526	-28.4342	0
35	12	114.8354	59.70148	0
35	13	171.3116	323.9086	0
35	14	235.5669	128.7898	0
35	15	182.5948	67.73511	0
35	16	266.1397	264.3333	0
35	17	209.9904	160.7869	0
35	18	188.277	95.4502	0
36	1	243.6776	366.5026	0
36	2	255.5589	101.1779	0
36	3	217.4155	366.3174	0
36	4	169.1134	273.7416	0
36	5	369.7621	514.2941	0
36	6	331.7148	269.3021	0
36	7	309.9468	374.0555	0
36	8	379.5519	378.7314	0
36	9	252.1166	71.59518	0
36	10	338.2852	467.0645	0
36	11	111.6526	-28.4342	0
36	12	114.8354	59.70148	0
36	13	171.3116	323.9086	0
36	14	235.5669	128.7898	0
36	15	182.5948	67.73511	0
36	16	266.1397	264.3333	0
36	17	209.9904	160.7869	0
36	18	188.277	95.4502	0
37	1	243.6776	366.5026	0
37	2	255.5589	101.1779	0
37	3	217.4155	366.3174	0
37	4	169.1134	273.7416	0
37	5	369.7621	514.2941	0
37	6	331.7148	269.3021	0
37	7	309.9468	374.0555	0
37	8	379.5519	378.7314	0
37	9	252.1166	71.59518	0
37	10	338.2852	467.0645	0
37	11	111.6526	-28.4342	0
37	12	114.8354	59.70148	0
37	13	171.3116	323.9086	0
37	14	235.5669	128.7898	0
37	15	182.5948	67.73511	0
37	16	266.1397	264.3333	0
37	17	209.9904	160.7869	0
37	18	188.277	95.4502	0
37	19	363.5159	434.7049	0
38	1	243.6776	366.5026	0
38	2	255.5589	101.1779	0
38	3	217.4155	366.3174	0
38	4	169.1134	273.7416	0
38	5	369.7621	514.2941	0
38	6	331.7148	269.3021	0
38	7	309.9468	374.0555	0
38	8	379.5519	378.7314	0
38	9	252.1166	71.59518	0
38	10	338.2852	467.0645	0
38	11	111.6526	-28.4342	0
38	12	114.8354	59.70148	0
38	13	171.3116	323.9086	0
38	14	235.5669	128.7898	0
38	15	182.5948	67.73511	0
38	16	266.1397	264.3333	0
38	17	209.9904	160.7869	0
38	18	188.277	95.4502	0
38	19	363.5159	434.7049	0
38	20	340.392	322.9196	0
39	1	243.6776	366.5026	0
39	2	255.5589	101.1779	0
39	3	217.4155	366.3174	0
39	4	169.1134	273.7416	0
39	5	369.7621	514.2941	0
39	6	331.7148	269.3021	0
39	7	309.9468	374.0555	0
39	8	379.5519	378.7314	0
39	9	252.1166	71.59518	0
39	10	338.2852	467.0645	0
39	11	111.6526	-28.4342	0
39	12	114.8354	59.70148	0
39	13	171.3116	323.9086	0
39	14	235.5669	128.7898	0
39	15	182.5948	67.73511	0
39	16	266.1397	264.3333	0
39	17	209.9904	160.7869	0
39	18	188.277	95.4502	0
39	19	363.5159	434.7049	0
39	20	340.392	322.9196	0
39	21	366.3376	633.2151	0
40	1	243.6776	366.5026	0
40	2	255.5589	101.1779	0
40	3	217.4155	366.3174	0
40	4	169.1134	273.7416	0
40	5	369.7621	514.2941	0
40	6	331.7148	269.3021	0
40	7	309.9468	374.0555	0
40	8	379.5519	378.7314	0
40	9	252.1166	71.59518	0
40	10	338.2852	467.0645	0
40	11	111.6526	-28.4342	0
40	12	114.8354	59.70148	0
40	13	171.3116	323.9086	0
40	14	235.5669	128.7898	0
40	15	182.5948	67.73511	0
40	16	266.1397	264.3333	0
40	17	209.9904	160.7869	0
40	18	188.277	95.4502	0
40	19	363.5159	434.7049	0
40	20	340.392	322.9196	0
40	21	366.3376	633.2151	0
40	22	391.1688	569.5633	0
41	1	243.6776	366.5026	0
41	2	255.5589	101.1779	0
41	3	217.4155	366.3174	0
41	4	169.1134	273.7416	0
41	5	369.7621	514.2941	0
41	6	331.7148	269.3021	0
41	7	309.9468	374.0555	0
41	8	379.5519	378.7314	0
41	9	252.1166	71.59518	0
41	10	338.2852	467.0645	0
41	11	111.6526	-28.4342	0
41	12	114.8354	59.70148	0
41	13	171.3116	323.9086	0
41	14	235.5669	128.7898	0
41	15	182.5948	67.73511	0
41	16	266.1397	264.3333	0
41	17	209.9904	160.7869	0
41	18	188.277	95.4502	0
41	19	363.5159	434.7049	0
41	20	340.392	322.9196	0
41	21	366.3376	633.2151	0
41	22	391.1688	569.5633	0
41	23	238.1599	278.8231	0
42	1	243.6776	366.5026	0
42	2	255.5589	101.1779	0
42	3	217.4155	366.3174	0
42	4	169.1134	273.7416	0
42	5	369.7621	514.2941	0
42	6	331.7148	269.3021	0
42	7	309.9468	374.0555	0
42	8	379.5519	378.7314	0
42	9	252.1166	71.59518	0
42	10	338.2852	467.0645	0
42	11	111.6526	-28.4342	0
42	12	114.8354	59.70148	0
42	13	171.3116	323.9086	0
42	14	235.5669	128.7898	0
42	15	182.5948	67.73511	0
42	16	266.1397	264.3333	0
42	17	209.9904	160.7869	0
42	18	188.277	95.4502	0
42	19	363.5159	434.7049	0
42	20	340.392	322.9196	0
42	21	366.3376	633.2151	0
42	22	391.1688	569.5633	0
42	23	238.1599	278.8231	0
42	24	156.3588	65.06915	0
43	1	243.6776	366.5026	0
43	2	255.5589	101.1779	0
43	3	217.4155	366.3174	0
43	4	169.1134	273.7416	0
43	5	369.7621	514.2941	0
43	6	331.7148	269.3021	0
43	7	309.9468	374.0555	0
43	8	379.5519	378.7314	0
43	9	252.1166	71.59518	0
43	10	338.2852	467.0645	0
43	11	111.6526	-28.4342	0
43	12	114.8354	59.70148	0
43	13	171.3116	323.9086	0
43	14	235.5669	128.7898	0
43	15	182.5948	67.73511	0
43	16	266.1397	264.3333	0
43	17	209.9904	160.7869	0
43	18	188.277	95.4502	0
43	19	363.5159	434.7049	0
43	20	340.392	322.9196	0
43	21	366.3376	633.2151	0
43	22	391.1688	569.5633	0
43	23	238.1599	278.8231	0
43	24	156.3588	65.06915	0
43	25	385.4791	405.8868	0
44	1	243.6776	366.5026	0
44	2	255.5589	101.1779	0
44	3	217.4155	366.3174	0
44	4	169.1134	273.7416	0
44	5	369.7621	514.2941	0
44	6	331.7148	269.3021	0
44	7	309.9468	374.0555	0
44	8	379.5519	378.7314	0
44	9	252.1166	71.59518	0
44	10	338.2852	467.0645	0
44	11	111.6526	-28.4342	0
44	12	114.8354	59.70148	0
44	13	171.3116	323.9086	0
44	14	235.5669	128.7898	0
44	15	182.5948	67.73511	0
44	16	266.1397	264.3333	0
44	17	209.9904	160.7869	0
44	18	188.277	95.4502	0
44	19	363.5159	434.7049	0
44	20	340.392	322.9196	0
44	21	366.3376	633.2151	0
44	22	391.1688	569.5633	0
44	23	238.1599	278.8231	0
44	24	156.3588	65.06915	0
44	25	385.4791	405.8868	0
44	26	278.5617	166.3251	0
45	1	243.6776	366.5026	0
45	2	255.5589	101.1779	0
45	3	217.4155	366.3174	0
45	4	169.1134	273.7416	0
45	5	369.7621	514.2941	0
45	6	331.7148	269.3021	0
45	7	309.9468	374.0555	0
45	8	379.5519	378.7314	0
45	9	252.1166	71.59518	0
45	10	338.2852	467.0645	0
45	11	111.6526	-28.4342	0
45	12	114.8354	59.70148	0
45	13	171.3116	323.9086	0
45	14	235.5669	128.7898	0
45	15	182.5948	67.73511	0
45	16	266.1397	264.3333	0
45	17	209.9904	160.7869	0
45	18	188.277	95.4502	0
45	19	363.5159	434.7049	0
45	20	340.392	322.9196	0
45	21	366.3376	633.2151	0
45	22	391.1688	569.5633	0
45	23	238.1599	278.8231	0
45	24	156.3588	65.06915	0
45	25	385.4791	405.8868	0
45	26	278.5617	166.3251	0
45	27	305.6699	134.247	0
46	1	243.6776	366.5026	0
46	2	255.5589	101.1779	0
46	3	217.4155	366.3174	0
46	4	169.1134	273.7416	0
46	5	369.7621	514.2941	0
46	6	331.7148	269.3021	0
46	7	309.9468	374.0555	0
46	8	379.5519	378.7314	0
46	9	252.1166	71.59518	0
46	10	338.2852	467.0645	0
46	11	111.6526	-28.4342	0
46	12	114.8354	59.70148	0
46	13	171.3116	323.9086	0
46	14	235.5669	128.7898	0
46	15	182.5948	67.73511	0
46	16	266.1397	264.3333	0
46	17	209.9904	160.7869	0
46	18	188.277	95.4502	0
46	19	363.5159	434.7049	0
46	20	340.392	322.9196	0
46	21	366.3376	633.2151	0
46	22	391.1688	569.5633	0
46	23	238.1599	278.8231	0
46	24	156.3588	65.06915	0
46	25	385.4791	405.8868	0
46	26	278.5617	166.3251	0
46	27	305.6699	134.247	0
47	1	243.6776	366.5026	0
47	2	255.5589	101.1779	0
47	3	217.4155	366.3174	0
47	4	169.1134	273.7416	0
47	5	369.7621	514.2941	0
47	6	331.7148	269.3021	0
47	7	309.9468	374.0555	0
47	8	379.5519	378.7314	0
47	9	252.1166	71.59518	0
47	10	338.2852	467.0645	0
47	11	111.6526	-28.4342	0
47	12	114.8354	59.70148	0
47	13	171.3116	323.9086	0
47	14	235.5669	128.7898	0
47	15	182.5948	67.73511	0
47	16	266.1397	264.3333	0
47	17	209.9904	160.7869	0
47	18	188.277	95.4502	0
47	19	363.5159	434.7049	0
47	20	340.392	322.9196	0
47	21	366.3376	633.2151	0
47	22	391.1688	569.5633	0
47	23	238.1599	278.8231	0
47	24	156.3588	65.06915	0
47	25	385.4791	405.8868	0
47	26	278.5617	166.3251	0
47	27	305.6699	134.247	0
47	28	298.2644	629.8799	0
48	1	243.6776	366.5026	0
48	2	255.5589	101.1779	0
48	3	217.4155	366.3174	0
48	4	169.1134	273.7416	0
48	5	369.7621	514.2941	0
48	6	331.7148	269.3021	0
48	7	309.9468	374.0555	0
48	8	379.5519	378.7314	0
48	9	252.1166	71.59518	0
48	10	338.2852	467.0645	0
48	11	111.6526	-28.4342	0
48	12	114.8354	59.70148	0
48	13	171.3116	323.9086	0
48	14	235.5669	128.7898	0
48	15	182.5948	67.73511	0
48	16	266.1397	264.3333	0
48	17	209.9904	160.7869	0
48	18	188.277	95.4502	0
48	19	363.5159	434.7049	0
48	20	340.392	322.9196	0
48	21	366.3376	633.2151	0
48	22	391.1688	569.5633	0
48	23	238.1599	278.8231	0
48	24	156.3588	65.06915	0
48	25	385.4791	405.8868	0
48	26	278.5617	166.3251	0
48	27	305.6699	134.247	0
48	28	298.2644	629.8799	0
48	29	88.34653	60.54639	0
49	1	243.6776	366.5026	0
49	2	255.5589	101.1779	0
49	3	217.4155	366.3174	0
49	4	169.1134	273.7416	0
49	5	369.7621	514.2941	0
49	6	331.7148	269.3021	0
49	7	309.9468	374.0555	0
49	8	379.5519	378.7314	0
49	9	252.1166	71.59518	0
49	10	338.2852	467.0645	0
49	11	111.6526	-28.4342	0
49	12	114.8354	59.70148	0
49	13	171.3116	323.9086	0
49	14	235.5669	128.7898	0
49	15	182.5948	67.73511	0
49	16	266.1397	264.3333	0
49	17	209.9904	160.7869	0
49	18	188.277	95.4502	0
49	19	363.5159	434.7049	0
49	20	340.392	322.9196	0
49	21	366.3376	633.2151	0
49	22	391.1688	569.5633	0
49	23	238.1599	278.8231	0
49	24	156.3588	65.06915	0
49	25	385.4791	405.8868	0
49	26	278.5617	166.3251	0
49	27	305.6699	134.247	0
49	28	298.2644	629.8799	0
49	29	88.34653	60.54639	0
49	30	99.1808	107.5634	0
50	1	243.6776	366.5026	0
50	2	255.5589	101.1779	0
50	3	217.4155	366.3174	0
50	4	169.1134	273.7416	0
50	5	369.7621	514.2941	0
50	6	331.7148	269.3021	0
50	7	309.9468	374.0555	0
50	8	379.5519	378.7314	0
50	9	252.1166	71.59518	0
50	10	338.2852	467.0645	0
50	11	111.6526	-28.4342	0
50	12	114.8354	59.70148	0
50	13	171.3116	323.9086	0
50	14	235.5669	128.7898	0
50	15	182.5948	67.73511	0
50	16	266.1397	264.3333	0
50	17	209.9904	160.7869	0
50	18	188.277	95.4502	0
50	19	363.5159	434.7049	0
50	20	340.392	322.9196	0
50	21	366.3376	633.2151	0
50	22	391.1688	569.5633	0
50	23	238.1599	278.8231	0
50	24	156.3588	65.06915	0
50	25	385.4791	405.8868	0
50	26	278.5617	166.3251	0
50	27	305.6699	134.247	0
50	28	298.2644	629.8799	0
50	29	88.34653	60.54639	0
50	30	99.1808	107.5634	0
50	31	405.9471	472.6483	0
51	1	243.6776	366.5026	0
51	2	255.5589	101.1779	0
51	3	217.4155	366.3174	0
51	4	169.1134	273.7416	0
51	5	369.7621	514.2941	0
51	6	331.7148	269.3021	0
51	7	309.9468	374.0555	0
51	8	379.5519	378.7314	0
51	9	252.1166	71.59518	0
51	10	338.2852	467.0645	0
51	11	111.6526	-28.4342	0
51	12	114.8354	59.70148	0
51	13	171.3116	323.9086	0
51	14	235.5669	128.7898	0
51	15	182.5948	67.73511	0
51	16	266.1397	264.3333	0
51	17	209.9904	160.7869	0
51	18	188.277	95.4502	0
51	19	363.5159	434.7049	0
51	20	340.392	322.9196	0
51	21	366.3376	633.2151	0
51	22	391.1688	569.5633	0
51	23	238.1599	278.8231	0
51	24	156.3588	65.06915	0
51	25	385.4791	405.8868	0
51	26	278.5617	166.3251	0
51	27	305.6699	134.247	0
51	28	298.2644	629.8799	0
51	29	88.34653	60.54639	0
51	30	99.1808	107.5634	0
51	31	405.9471	472.6483	0
51	32	42.15385	-31.01404	0
52	1	243.6776	366.5026	0
52	2	255.5589	101.1779	0
52	3	217.4155	366.3174	0
52	4	169.1134	273.7416	0
52	5	369.7621	514.2941	0
52	6	331.7148	269.3021	0
52	7	309.9468	374.0555	0
52	8	379.5519	378.7314	0
52	9	252.1166	71.59518	0
52	10	338.2852	467.0645	0
52	11	111.6526	-28.4342	0
52	12	114.8354	59.70148	0
52	13	171.3116	323.9086	0
52	14	235.5669	128.7898	0
52	15	182.5948	67.73511	0
52	16	266.1397	264.3333	0
52	17	209.9904	160.7869	0
52	18	188.277	95.4502	0
52	19	363.5159	434.7049	0
52	20	340.392	322.9196	0
52	21	366.3376	633.2151	0
52	22	391.1688	569.5633	0
52	23	238.1599	278.8231	0
52	24	156.3588	65.06915	0
52	25	385.4791	405.8868	0
52	26	278.5617	166.3251	0
52	27	305.6699	134.247	0
52	28	298.2644	629.8799	0
52	29	88.34653	60.54639	0
52	30	99.1808	107.5634	0
52	31	405.9471	472.6483	0
52	32	42.15385	-31.01404	0
52	33	146.0619	12.58911	0
53	1	243.6776	366.5026	0
53	2	255.5589	101.1779	0
53	3	217.4155	366.3174	0
53	4	169.1134	273.7416	0
53	5	369.7621	514.2941	0
53	6	331.7148	269.3021	0
53	7	309.9468	374.0555	0
53	8	379.5519	378.7314	0
53	9	252.1166	71.59518	0
53	10	338.2852	467.0645	0
53	11	111.6526	-28.4342	0
53	12	114.8354	59.70148	0
53	13	171.3116	323.9086	0
53	14	235.5669	128.7898	0
53	15	182.5948	67.73511	0
53	16	266.1397	264.3333	0
53	17	209.9904	160.7869	0
53	18	188.277	95.4502	0
53	19	363.5159	434.7049	0
53	20	340.392	322.9196	0
53	21	366.3376	633.2151	0
53	22	391.1688	569.5633	0
53	23	238.1599	278.8231	0
53	24	156.3588	65.06915	0
53	25	385.4791	405.8868	0
53	26	278.5617	166.3251	0
53	27	305.6699	134.247	0
53	28	298.2644	629.8799	0
53	29	88.34653	60.54639	0
53	30	99.1808	107.5634	0
53	31	405.9471	472.6483	0
53	32	42.15385	-31.01404	0
53	33	146.0619	12.58911	0
53	34	225.9805	414.1681	0
54	1	243.6776	366.5026	0
54	2	255.5589	101.1779	0
54	3	217.4155	366.3174	0
54	4	169.1134	273.7416	0
54	5	369.7621	514.2941	0
54	6	331.7148	269.3021	0
54	7	309.9468	374.0555	0
54	8	379.5519	378.7314	0
54	9	252.1166	71.59518	0
54	10	338.2852	467.0645	0
54	11	111.6526	-28.4342	0
54	12	114.8354	59.70148	0
54	13	171.3116	323.9086	0
54	14	235.5669	128.7898	0
54	15	182.5948	67.73511	0
54	16	266.1397	264.3333	0
54	17	209.9904	160.7869	0
54	18	188.277	95.4502	0
54	19	363.5159	434.7049	0
54	20	340.392	322.9196	0
54	21	366.3376	633.2151	0
54	22	391.1688	569.5633	0
54	23	238.1599	278.8231	0
54	24	156.3588	65.06915	0
54	25	385.4791	405.8868	0
54	26	278.5617	166.3251	0
54	27	305.6699	134.247	0
54	28	298.2644	629.8799	0
54	29	88.34653	60.54639	0
54	30	99.1808	107.5634	0
54	31	405.9471	472.6483	0
54	32	42.15385	-31.01404	0
54	33	146.0619	12.58911	0
54	34	225.9805	414.1681	0
54	35	459.737	574.1995	0
55	1	243.6776	366.5026	0
55	2	255.5589	101.1779	0
55	3	217.4155	366.3174	0
55	4	169.1134	273.7416	0
55	5	369.7621	514.2941	0
55	6	331.7148	269.3021	0
55	7	309.9468	374.0555	0
55	8	379.5519	378.7314	0
55	9	252.1166	71.59518	0
55	10	338.2852	467.0645	0
55	11	111.6526	-28.4342	0
55	12	114.8354	59.70148	0
55	13	171.3116	323.9086	0
55	14	235.5669	128.7898	0
55	15	182.5948	67.73511	0
55	16	266.1397	264.3333	0
55	17	209.9904	160.7869	0
55	18	188.277	95.4502	0
55	19	363.5159	434.7049	0
55	20	340.392	322.9196	0
55	21	366.3376	633.2151	0
55	22	391.1688	569.5633	0
55	23	238.1599	278.8231	0
55	24	156.3588	65.06915	0
55	25	385.4791	405.8868	0
55	26	278.5617	166.3251	0
55	27	305.6699	134.247	0
55	28	298.2644	629.8799	0
55	29	88.34653	60.54639	0
55	30	99.1808	107.5634	0
55	31	405.9471	472.6483	0
55	32	42.15385	-31.01404	0
55	33	146.0619	12.58911	0
55	34	225.9805	414.1681	0
55	35	459.737	574.1995	0
55	36	295.9933	419.4269	0
56	1	243.6776	366.5026	0
56	2	255.5589	101.1779	0
56	3	217.4155	366.3174	0
56	4	169.1134	273.7416	0
56	5	369.7621	514.2941	0
56	6	331.7148	269.3021	0
56	7	309.9468	374.0555	0
56	8	379.5519	378.7314	0
56	9	252.1166	71.59518	0
56	10	338.2852	467.0645	0
56	11	111.6526	-28.4342	0
56	12	114.8354	59.70148	0
56	13	171.3116	323.9086	0
56	14	235.5669	128.7898	0
56	15	182.5948	67.73511	0
56	16	266.1397	264.3333	0
56	17	209.9904	160.7869	0
56	18	188.277	95.4502	0
56	19	363.5159	434.7049	0
56	20	340.392	322.9196	0
56	21	366.3376	633.2151	0
56	22	391.1688	569.5633	0
56	23	238.1599	278.8231	0
56	24	156.3588	65.06915	0
56	25	385.4791	405.8868	0
56	26	278.5617	166.3251	0
56	27	305.6699	134.247	0
56	28	298.2644	629.8799	0
56	29	88.34653	60.54639	0
56	30	99.1808	107.5634	0
56	31	405.9471	472.6483	0
56	32	42.15385	-31.01404	0
56	33	146.0619	12.58911	0
56	34	225.9805	414.1681	0
56	35	459.737	574.1995	0
56	36	295.9933	419.4269	0
57	1	243.6776	366.5026	0
57	2	255.5589	101.1779	0
57	3	217.4155	366.3174	0
57	4	169.1134	273.7416	0
57	5	369.7621	514.2941	0
57	6	331.7148	269.3021	0
57	7	309.9468	374.0555	0
57	8	379.5519	378.7314	0
57	9	252.1166	71.59518	0
57	10	338.2852	467.0645	0
57	11	111.6526	-28.4342	0
57	12	114.8354	59.70148	0
57	13	171.3116	323.9086	0
57	14	235.5669	128.7898	0
57	15	182.5948	67.73511	0
57	16	266.1397	264.3333	0
57	17	209.9904	160.7869	0
57	18	188.277	95.4502	0
57	19	363.5159	434.7049	0
57	20	340.392	322.9196	0
57	21	366.3376	633.2151	0
57	22	391.1688	569.5633	0
57	23	238.1599	278.8231	0
57	24	156.3588	65.06915	0
57	25	385.4791	405.8868	0
57	26	278.5617	166.3251	0
57	27	305.6699	134.247	0
57	28	298.2644	629.8799	0
57	29	88.34653	60.54639	0
57	30	99.1808	107.5634	0
57	31	405.9471	472.6483	0
57	32	42.15385	-31.01404	0
57	33	146.0619	12.58911	0
57	34	225.9805	414.1681	0
57	35	459.737	574.1995	0
57	36	295.9933	419.4269	0
57	37	239.6914	327.8544	0
58	1	243.6776	366.5026	0
58	2	255.5589	101.1779	0
58	3	217.4155	366.3174	0
58	4	169.1134	273.7416	0
58	5	369.7621	514.2941	0
58	6	331.7148	269.3021	0
58	7	309.9468	374.0555	0
58	8	379.5519	378.7314	0
58	9	252.1166	71.59518	0
58	10	338.2852	467.0645	0
58	11	111.6526	-28.4342	0
58	12	114.8354	59.70148	0
58	13	171.3116	323.9086	0
58	14	235.5669	128.7898	0
58	15	182.5948	67.73511	0
58	16	266.1397	264.3333	0
58	17	209.9904	160.7869	0
58	18	188.277	95.4502	0
58	19	363.5159	434.7049	0
58	20	340.392	322.9196	0
58	21	366.3376	633.2151	0
58	22	391.1688	569.5633	0
58	23	238.1599	278.8231	0
58	24	156.3588	65.06915	0
58	25	385.4791	405.8868	0
58	26	278.5617	166.3251	0
58	27	305.6699	134.247	0
58	28	298.2644	629.8799	0
58	29	88.34653	60.54639	0
58	30	99.1808	107.5634	0
58	31	405.9471	472.6483	0
58	32	42.15385	-31.01404	0
58	33	146.0619	12.58911	0
58	34	225.9805	414.1681	0
58	35	459.737	574.1995	0
58	36	295.9933	419.4269	0
58	37	239.6914	327.8544	0
58	38	432.0718	439.1229	0
