63	1	311.9067	145.0451	0
63	2	561.1596	146.7047	0
63	3	311.187	139.1391	0
63	4	383.3633	129.9956	0
63	5	112.2047	190.5984	0
63	6	428.1146	170.997	0
63	7	303.8849	164.9208	0
63	8	299.1754	193.3195	0
63	9	584.1776	145.442	0
63	10	191.3688	175.0755	0
63	11	580.5681	119.9221	0
63	12	523.1592	120.9212	0
63	13	344.7019	130.0005	0
63	14	524.7123	142.1273	0
63	15	547.8478	131.4272	0
63	16	410.9215	149.6072	0
63	17	484.114	136.5716	0
63	18	528.4946	132.3856	0
63	19	224.0766	187.2225	0
63	20	364.7255	175.2239	0
63	21	-49.6501	190.678	0
63	22	9.663483	204.1898	0
63	23	390.8973	143.4615	0
63	24	538.1368	127.0868	0
63	25	258.9185	196.7076	0
63	26	512.6863	152.5258	0
63	27	562.3331	160.3093	0
63	28	26.8621	162.2769	0
63	29	512.4279	117.6488	0
63	30	484.1666	118.7938	0
63	31	153.405	210.9305	0
63	32	552.1955	112.0674	0
63	33	570.105	125.0253	0
63	34	267.9538	141.5034	0
63	35	-109.3713	262.9732	0
63	36	256.2535	159.2126	0
63	37	347.3539	143.955	0
63	38	190.9865	231.3097	0
63	39	505.2047	128.6246	0
63	40	606.2791	136.7825	0
63	41	308.2353	156.335	0
63	42	272.733	166.0064	0
63	43	358.2065	152.202	0
63	1	313.4688	144.8958	0
63	2	562.6184	146.9391	0
63	3	309.8207	139.0592	0
63	4	382.6291	129.9327	0
63	5	112.1248	190.2958	0
63	6	428.4802	171.0541	0
63	7	304.0244	164.6651	0
63	8	299.2284	193.9581	0
63	9	583.7125	145.4323	0
63	10	189.2874	175.0808	0
63	11	579.6973	119.9754	0
63	12	522.528	120.7797	0
63	13	344.3056	130.2332	0
63	14	523.4161	142.0818	0
63	15	546.5573	131.0507	0
63	16	410.8915	149.7265	0
63	17	484.8376	136.5306	0
63	18	527.562	132.5009	0
63	19	223.7723	186.6361	0
63	20	363.9241	175.3944	0
63	21	-49.08038	190.2911	0
63	22	12.88823	203.7619	0
63	23	392.097	143.4662	0
63	24	537.4323	126.9151	0
63	25	256.1705	197.1243	0
63	26	512.0724	152.5886	0
63	27	562.4171	160.3965	0
63	28	24.40028	162.394	0
63	29	513.1878	117.536	0
63	30	484.9148	118.9008	0
63	31	153.2117	210.9105	0
63	32	551.7545	111.9723	0
63	33	568.8641	125.0255	0
63	34	268.8271	141.5721	0
63	35	-110.7694	262.8284	0
63	36	255.9885	159.4247	0
63	37	347.4148	143.5386	0
63	38	188.9666	230.5549	0
63	39	505.5228	128.8487	0
63	40	604.8322	136.6263	0
63	41	308.5063	155.8907	0
63	42	271.75	166.8581	0
63	43	358.1459	152.2926	0
64	1	313.4688	144.8958	0
64	2	562.6184	146.9391	0
64	3	309.8207	139.0592	0
64	4	382.6291	129.9327	0
64	5	112.1248	190.2958	0
64	6	428.4802	171.0541	0
64	7	304.0244	164.6651	0
64	8	299.2284	193.9581	0
64	9	583.7125	145.4323	0
64	10	189.2874	175.0808	0
64	11	579.6973	119.9754	0
64	12	522.528	120.7797	0
64	13	344.3056	130.2332	0
64	14	523.4161	142.0818	0
64	15	546.5573	131.0507	0
64	16	410.8915	149.7265	0
64	17	484.8376	136.5306	0
64	18	527.562	132.5009	0
64	19	223.7723	186.6361	0
64	20	363.9241	175.3944	0
64	21	-49.08038	190.2911	0
64	22	12.88823	203.7619	0
64	23	392.097	143.4662	0
64	24	537.4323	126.9151	0
64	25	256.1705	197.1243	0
64	26	512.0724	152.5886	0
64	27	562.4171	160.3965	0
64	28	24.40028	162.394	0
64	29	513.1878	117.536	0
64	30	484.9148	118.9008	0
64	31	153.2117	210.9105	0
64	32	551.7545	111.9723	0
64	33	568.8641	125.0255	0
64	34	268.8271	141.5721	0
64	35	-110.7694	262.8284	0
64	36	255.9885	159.4247	0
64	37	347.4148	143.5386	0
64	38	188.9666	230.5549	0
64	39	505.5228	128.8487	0
64	40	604.8322	136.6263	0
64	41	308.5063	155.8907	0
64	42	271.75	166.8581	0
64	43	358.1459	152.2926	0
63	1	312.3853	144.9931	0
63	2	562.3797	146.7799	0
63	3	310.2422	139.0706	0
63	4	382.6141	129.6931	0
63	5	112.0366	191.1401	0
63	6	427.748	171.4967	0
63	7	303.1967	164.267	0
63	8	296.2692	193.6577	0
63	9	584.3519	145.4522	0
63	10	190.4167	175.2465	0
63	11	579.8552	119.8261	0
63	12	523.0131	120.9335	0
63	13	344.3892	130.4121	0
63	14	524.6708	142.1675	0
63	15	547.2156	131.3872	0
63	16	411.0454	149.7304	0
63	17	484.811	136.4904	0
63	18	527.8132	132.4181	0
63	19	222.612	186.629	0
63	20	366.3495	175.4794	0
63	21	-48.39542	189.9093	0
63	22	11.33138	204.5887	0
63	23	390.9182	143.4394	0
63	24	536.597	127.0646	0
63	25	255.6153	197.0474	0
63	26	512.6766	152.7806	0
63	27	560.9821	160.1546	0
63	28	26.67778	162.3202	0
63	29	511.9109	117.4284	0
63	30	484.6975	118.8781	0
63	31	150.0503	210.8966	0
63	32	551.7221	111.8781	0
63	33	567.6705	124.875	0
63	34	267.9774	141.3416	0
63	35	-103.7185	261.0851	0
63	36	256.9165	159.7351	0
63	37	346.9428	143.9443	0
63	38	189.9023	231.4398	0
63	39	505.7479	128.6679	0
63	40	605.2676	136.9048	0
63	41	306.644	156.0444	0
63	42	272.7472	166.039	0
63	43	357.9896	152.4463	0
