17	1	402.1462	365.1342	0
18	1	402.1462	365.1342	0
18	2	416.072	100.9992	0
19	1	402.1462	365.1342	0
19	2	416.072	100.9992	0
19	3	375.1446	366.9803	0
20	1	402.1462	365.1342	0
20	2	416.072	100.9992	0
20	3	375.1446	366.9803	0
20	4	328.6366	274.2633	0
21	1	402.1462	365.1342	0
21	2	416.072	100.9992	0
21	3	375.1446	366.9803	0
21	4	328.6366	274.2633	0
21	5	530.0017	513.7358	0
22	1	402.1462	365.1342	0
22	2	416.072	100.9992	0
22	3	375.1446	366.9803	0
22	4	328.6366	274.2633	0
22	5	530.0017	513.7358	0
22	6	492.8982	268.1474	0
23	1	402.1462	365.1342	0
23	2	416.072	100.9992	0
23	3	375.1446	366.9803	0
23	4	328.6366	274.2633	0
23	5	530.0017	513.7358	0
23	6	492.8982	268.1474	0
23	7	470.2628	373.799	0
24	1	402.1462	365.1342	0
24	2	416.072	100.9992	0
24	3	375.1446	366.9803	0
24	4	328.6366	274.2633	0
24	5	530.0017	513.7358	0
24	6	492.8982	268.1474	0
24	7	470.2628	373.799	0
24	8	538.9698	379.2798	0
25	1	402.1462	365.1342	0
25	2	416.072	100.9992	0
25	3	375.1446	366.9803	0
25	4	328.6366	274.2633	0
25	5	530.0017	513.7358	0
25	6	492.8982	268.1474	0
25	7	470.2628	373.799	0
25	8	538.9698	379.2798	0
25	9	409.4775	73.36588	0
26	1	402.1462	365.1342	0
26	2	416.072	100.9992	0
26	3	375.1446	366.9803	0
26	4	328.6366	274.2633	0
26	5	530.0017	513.7358	0
26	6	492.8982	268.1474	0
26	7	470.2628	373.799	0
26	8	538.9698	379.2798	0
26	9	409.4775	73.36588	0
27	1	402.1462	365.1342	0
27	2	416.072	100.9992	0
27	3	375.1446	366.9803	0
27	4	328.6366	274.2633	0
27	5	530.0017	513.7358	0
27	6	492.8982	268.1474	0
27	7	470.2628	373.799	0
27	8	538.9698	379.2798	0
27	9	409.4775	73.36588	0
27	10	495.9327	467.4941	0
28	1	402.1462	365.1342	0
28	2	416.072	100.9992	0
28	3	375.1446	366.9803	0
28	4	328.6366	274.2633	0
28	5	530.0017	513.7358	0
28	6	492.8982	268.1474	0
28	7	470.2628	373.799	0
28	8	538.9698	379.2798	0
28	9	409.4775	73.36588	0
28	10	495.9327	467.4941	0
28	11	269.6953	-28.67334	0
29	1	402.1462	365.1342	0
29	2	416.072	100.9992	0
29	3	375.1446	366.9803	0
29	4	328.6366	274.2633	0
29	5	530.0017	513.7358	0
29	6	492.8982	268.1474	0
29	7	470.2628	373.799	0
29	8	538.9698	379.2798	0
29	9	409.4775	73.36588	0
29	10	495.9327	467.4941	0
29	11	269.6953	-28.67334	0
29	12	275.0204	60.16138	0
30	1	402.1462	365.1342	0
30	2	416.072	100.9992	0
30	3	375.1446	366.9803	0
30	4	328.6366	274.2633	0
30	5	530.0017	513.7358	0
30	6	492.8982	268.1474	0
30	7	470.2628	373.799	0
30	8	538.9698	379.2798	0
30	9	409.4775	73.36588	0
30	10	495.9327	467.4941	0
30	11	269.6953	-28.67334	0
30	12	275.0204	60.16138	0
30	13	330.777	323.8197	0
31	1	402.1462	365.1342	0
31	2	416.072	100.9992	0
31	3	375.1446	366.9803	0
31	4	328.6366	274.2633	0
31	5	530.0017	513.7358	0
31	6	492.8982	268.1474	0
31	7	470.2628	373.799	0
31	8	538.9698	379.2798	0
31	9	409.4775	73.36588	0
31	10	495.9327	467.4941	0
31	11	269.6953	-28.67334	0
31	12	275.0204	60.16138	0
31	13	330.777	323.8197	0
31	14	395.9202	128.165	0
32	1	402.1462	365.1342	0
32	2	416.072	100.9992	0
32	3	375.1446	366.9803	0
32	4	328.6366	274.2633	0
32	5	530.0017	513.7358	0
32	6	492.8982	268.1474	0
32	7	470.2628	373.799	0
32	8	538.9698	379.2798	0
32	9	409.4775	73.36588	0
32	10	495.9327	467.4941	0
32	11	269.6953	-28.67334	0
32	12	275.0204	60.16138	0
32	13	330.777	323.8197	0
32	14	395.9202	128.165	0
32	15	341.5156	67.92688	0
33	1	402.1462	365.1342	0
33	2	416.072	100.9992	0
33	3	375.1446	366.9803	0
33	4	328.6366	274.2633	0
33	5	530.0017	513.7358	0
33	6	492.8982	268.1474	0
33	7	470.2628	373.799	0
33	8	538.9698	379.2798	0
33	9	409.4775	73.36588	0
33	10	495.9327	467.4941	0
33	11	269.6953	-28.67334	0
33	12	275.0204	60.16138	0
33	13	330.777	323.8197	0
33	14	395.9202	128.165	0
33	15	341.5156	67.92688	0
33	16	424.7706	264.827	0
34	1	402.1462	365.1342	0
34	2	416.072	100.9992	0
34	3	375.1446	366.9803	0
34	4	328.6366	274.2633	0
34	5	530.0017	513.7358	0
34	6	492.8982	268.1474	0
34	7	470.2628	373.799	0
34	8	538.9698	379.2798	0
34	9	409.4775	73.36588	0
34	10	495.9327	467.4941	0
34	11	269.6953	-28.67334	0
34	12	275.0204	60.16138	0
34	13	330.777	323.8197	0
34	14	395.9202	128.165	0
34	15	341.5156	67.92688	0
34	16	424.7706	264.827	0
34	17	368.6997	161.6522	0
35	1	402.1462	365.1342	0
35	2	416.072	100.9992	0
35	3	375.1446	366.9803	0
35	4	328.6366	274.2633	0
35	5	530.0017	513.7358	0
35	6	492.8982	268.1474	0
35	7	470.2628	373.799	0
35	8	538.9698	379.2798	0
35	9	409.4775	73.36588	0
35	10	495.9327	467.4941	0
35	11	269.6953	-28.67334	0
35	12	275.0204	60.16138	0
35	13	330.777	323.8197	0
35	14	395.9202	128.165	0
35	15	341.5156	67.92688	0
35	16	424.7706	264.827	0
35	17	368.6997	161.6522	0
35	18	347.8693	96.57623	0
36	1	402.1462	365.1342	0
36	2	416.072	100.9992	0
36	3	375.1446	366.9803	0
36	4	328.6366	274.2633	0
36	5	530.0017	513.7358	0
36	6	492.8982	268.1474	0
36	7	470.2628	373.799	0
36	8	538.9698	379.2798	0
36	9	409.4775	73.36588	0
36	10	495.9327	467.4941	0
36	11	269.6953	-28.67334	0
36	12	275.0204	60.16138	0
36	13	330.777	323.8197	0
36	14	395.9202	128.165	0
36	15	341.5156	67.92688	0
36	16	424.7706	264.827	0
36	17	368.6997	161.6522	0
36	18	347.8693	96.57623	0
37	1	402.1462	365.1342	0
37	2	416.072	100.9992	0
37	3	375.1446	366.9803	0
37	4	328.6366	274.2633	0
37	5	530.0017	513.7358	0
37	6	492.8982	268.1474	0
37	7	470.2628	373.799	0
37	8	538.9698	379.2798	0
37	9	409.4775	73.36588	0
37	10	495.9327	467.4941	0
37	11	269.6953	-28.67334	0
37	12	275.0204	60.16138	0
37	13	330.777	323.8197	0
37	14	395.9202	128.165	0
37	15	341.5156	67.92688	0
37	16	424.7706	264.827	0
37	17	368.6997	161.6522	0
37	18	347.8693	96.57623	0
37	19	524.2068	435.479	0
38	1	402.1462	365.1342	0
38	2	416.072	100.9992	0
38	3	375.1446	366.9803	0
38	4	328.6366	274.2633	0
38	5	530.0017	513.7358	0
38	6	492.8982	268.1474	0
38	7	470.2628	373.799	0
38	8	538.9698	379.2798	0
38	9	409.4775	73.36588	0
38	10	495.9327	467.4941	0
38	11	269.6953	-28.67334	0
38	12	275.0204	60.16138	0
38	13	330.777	323.8197	0
38	14	395.9202	128.165	0
38	15	341.5156	67.92688	0
38	16	424.7706	264.827	0
38	17	368.6997	161.6522	0
38	18	347.8693	96.57623	0
38	19	524.2068	435.479	0
38	20	499.8365	323.4451	0
39	1	402.1462	365.1342	0
39	2	416.072	100.9992	0
39	3	375.1446	366.9803	0
39	4	328.6366	274.2633	0
39	5	530.0017	513.7358	0
39	6	492.8982	268.1474	0
39	7	470.2628	373.799	0
39	8	538.9698	379.2798	0
39	9	409.4775	73.36588	0
39	10	495.9327	467.4941	0
39	11	269.6953	-28.67334	0
39	12	275.0204	60.16138	0
39	13	330.777	323.8197	0
39	14	395.9202	128.165	0
39	15	341.5156	67.92688	0
39	16	424.7706	264.827	0
39	17	368.6997	161.6522	0
39	18	347.8693	96.57623	0
39	19	524.2068	435.479	0
39	20	499.8365	323.4451	0
39	21	525.7291	633.0535	0
