17	1	424.2957	364.1416	0
18	1	424.2918	364.0964	0
18	2	437.3697	85.46817	0
19	1	424.275	364.0505	0
19	2	437.4146	85.47681	0
19	3	396.9618	365.6893	0
20	1	424.2451	364.0087	0
20	2	437.4659	85.48425	0
20	3	396.9527	365.6804	0
20	4	343.642	266.8162	0
21	1	424.2027	363.9709	0
21	2	437.5247	85.49115	0
21	3	396.9407	365.6717	0
21	4	343.6575	266.8167	0
21	5	559.673	525.7195	0
22	1	424.1504	363.9374	0
22	2	437.5898	85.50076	0
22	3	396.9294	365.6628	0
22	4	343.67	266.815	0
22	5	559.6614	525.7371	0
22	6	518.3608	259.8148	0
23	1	424.0922	363.9114	0
23	2	437.6574	85.51379	0
23	3	396.9185	365.6521	0
23	4	343.6797	266.81	0
23	5	559.6577	525.745	0
23	6	518.3579	259.8048	0
23	7	494.831	374.1966	0
24	1	424.034	363.8957	0
24	2	437.7265	85.53116	0
24	3	396.9044	365.6395	0
24	4	343.686	266.8016	0
24	5	559.6603	525.7452	0
24	6	518.3465	259.7959	0
24	7	494.7975	374.2259	0
24	8	567.1614	378.0368	0
25	1	423.9779	363.8804	0
25	2	437.7905	85.55295	0
25	3	396.8946	365.6285	0
25	4	343.6918	266.7935	0
25	5	559.6659	525.7435	0
25	6	518.3344	259.7867	0
25	7	494.7719	374.2521	0
25	8	567.1713	378.0376	0
25	9	431.9543	52.91626	0
26	1	423.9236	363.8789	0
26	2	437.8407	85.57465	0
26	3	396.8891	365.6183	0
26	4	343.6971	266.7862	0
26	5	559.673	525.742	0
26	6	518.3229	259.7774	0
26	7	494.7553	374.2737	0
26	8	567.1836	378.0385	0
26	9	431.9462	52.90707	0
27	1	423.8688	363.8893	0
27	2	437.8687	85.59048	0
27	3	396.891	365.6134	0
27	4	343.7028	266.7795	0
27	5	559.684	525.7411	0
27	6	518.31	259.7654	0
27	7	494.7464	374.2875	0
27	8	567.1945	378.0378	0
27	9	431.934	52.89841	0
27	10	524.3269	470.7747	0
28	1	423.8167	363.9032	0
28	2	437.872	85.59967	0
28	3	396.9059	365.6151	0
28	4	343.7085	266.7726	0
28	5	559.698	525.7424	0
28	6	518.2958	259.7522	0
28	7	494.7445	374.2927	0
28	8	567.2032	378.035	0
28	9	431.9223	52.88962	0
28	10	524.4045	470.8001	0
28	11	282.5721	-50.76788	0
29	1	423.7649	363.9138	0
29	2	437.8663	85.58435	0
29	3	396.9355	365.623	0
29	4	343.7146	266.7653	0
29	5	559.7141	525.7426	0
29	6	518.2868	259.7414	0
29	7	494.7484	374.2923	0
29	8	567.2089	378.029	0
29	9	431.9114	52.87936	0
29	10	524.4677	470.8294	0
29	11	282.5773	-50.77502	0
29	12	288.4767	41.14966	0
30	1	423.7141	363.9276	0
30	2	437.8577	85.55338	0
30	3	396.979	365.634	0
30	4	343.7196	266.7556	0
30	5	559.7266	525.7404	0
30	6	518.2824	259.7331	0
30	7	494.754	374.291	0
30	8	567.2132	378.0222	0
30	9	431.8967	52.86728	0
30	10	524.504	470.852	0
30	11	282.5822	-50.78137	0
30	12	288.5651	41.16937	0
30	13	345.9417	319.7076	0
31	1	423.7141	363.9276	0
31	2	437.8577	85.55338	0
31	3	396.979	365.634	0
31	4	343.7196	266.7556	0
31	5	559.7266	525.7404	0
31	6	518.2824	259.7331	0
31	7	494.754	374.291	0
31	8	567.2132	378.0222	0
31	9	431.8967	52.86728	0
31	10	524.504	470.852	0
31	11	282.5822	-50.78137	0
31	12	288.5651	41.16937	0
31	13	345.9417	319.7076	0
31	14	418.9545	116.1763	0
17	1	422.8322	364.6175	0
18	1	422.9052	364.6262	0
18	2	437.8621	84.69736	0
19	1	422.9867	364.6372	0
19	2	437.9192	84.72125	0
19	3	394.3817	365.838	0
20	1	423.0716	364.6519	0
20	2	437.9531	84.73953	0
20	3	394.3924	365.8356	0
20	4	345.6304	266.5339	0
21	1	423.1588	364.6716	0
21	2	437.9609	84.75009	0
21	3	394.4004	365.83	0
21	4	345.6436	266.5342	0
21	5	559.8047	521.9141	0
22	1	423.2404	364.6981	0
22	2	437.9542	84.73996	0
22	3	394.4057	365.8219	0
22	4	345.6537	266.5323	0
22	5	559.8917	521.9264	0
22	6	518.9185	260.4354	0
23	1	423.3059	364.7278	0
23	2	437.9463	84.70645	0
23	3	394.4109	365.8148	0
23	4	345.6614	266.5276	0
23	5	559.9814	521.9427	0
23	6	518.9041	260.425	0
23	7	495.61	371.5008	0
24	1	423.3439	364.7507	0
24	2	437.9294	84.67404	0
24	3	394.416	365.8082	0
24	4	345.6663	266.5202	0
24	5	560.0712	521.9651	0
24	6	518.8899	260.4144	0
24	7	495.6145	371.4937	0
24	8	568.6125	377.444	0
25	1	423.3512	364.7638	0
25	2	437.9019	84.64481	0
25	3	394.4214	365.8024	0
25	4	345.6711	266.5135	0
25	5	560.1521	521.9958	0
25	6	518.8771	260.4028	0
25	7	495.6189	371.4873	0
25	8	568.5639	377.4592	0
25	9	433.1148	54.62936	0
26	1	423.3435	364.7493	0
26	2	437.8672	84.61835	0
26	3	394.427	365.7962	0
26	4	345.6754	266.5073	0
26	5	560.2111	522.027	0
26	6	518.8603	260.3882	0
26	7	495.623	371.4814	0
26	8	568.5202	377.476	0
26	9	433.1042	54.62192	0
27	1	423.3338	364.7092	0
27	2	437.8257	84.59589	0
27	3	394.4328	365.7892	0
27	4	345.6797	266.5015	0
27	5	560.24	522.047	0
27	6	518.8458	260.3741	0
27	7	495.6275	371.476	0
27	8	568.4798	377.4955	0
27	9	433.094	54.61435	0
27	10	524.5494	473.466	0
28	1	423.3137	364.6704	0
28	2	437.7838	84.58017	0
28	3	394.436	365.7795	0
28	4	345.6841	266.4952	0
28	5	560.2349	522.0582	0
28	6	518.8369	260.3614	0
28	7	495.6324	371.4701	0
28	8	568.442	377.5209	0
28	9	433.0847	54.60577	0
28	10	524.5596	473.4654	0
28	11	284.8638	-46.07715	0
29	1	423.2811	364.6353	0
29	2	437.7397	84.56873	0
29	3	394.4371	365.768	0
29	4	345.6889	266.4882	0
29	5	560.2302	522.0195	0
29	6	518.8345	260.3535	0
29	7	495.6373	371.4632	0
29	8	568.4075	377.5507	0
29	9	433.0722	54.5954	0
29	10	524.5724	473.4665	0
29	11	284.8474	-46.06012	0
29	12	287.2293	38.52945	0
30	1	423.2402	364.6036	0
30	2	437.6986	84.56165	0
30	3	394.438	365.7568	0
30	4	345.6919	266.4791	0
30	5	560.2148	521.9767	0
30	6	518.8465	260.3534	0
30	7	495.6393	371.4541	0
30	8	568.3784	377.5784	0
30	9	433.0622	54.58594	0
30	10	524.5869	473.4666	0
30	11	284.8366	-46.04724	0
30	12	287.237	38.52963	0
30	13	347.6067	320.889	0
31	1	423.1915	364.577	0
31	2	437.6572	84.56406	0
31	3	394.4377	365.746	0
31	4	345.6922	266.4682	0
31	5	560.1877	521.9377	0
31	6	518.8757	260.36	0
31	7	495.6402	371.4435	0
31	8	568.3593	377.6026	0
31	9	433.0561	54.57715	0
31	10	524.5981	473.4644	0
31	11	284.8317	-46.03937	0
31	12	287.2478	38.52997	0
31	13	347.5612	320.8973	0
31	14	416.3861	113.0024	0
32	1	423.1427	364.558	0
32	2	437.6167	84.57245	0
32	3	394.4281	365.7365	0
32	4	345.6927	266.4576	0
32	5	560.1487	521.9022	0
32	6	518.9227	260.3734	0
32	7	495.6402	371.4333	0
32	8	568.3474	377.6201	0
32	9	433.0552	54.57236	0
32	10	524.607	473.4594	0
32	11	284.8319	-46.03638	0
32	12	287.2609	38.53134	0
32	13	347.5179	320.9077	0
32	14	416.3912	112.9949	0
32	15	362.1049	52.40775	0
33	1	423.0913	364.5436	0
33	2	437.5779	84.57919	0
33	3	394.4155	365.7273	0
33	4	345.6924	266.4473	0
33	5	560.1008	521.8707	0
33	6	518.9854	260.3862	0
33	7	495.6387	371.4235	0
33	8	568.3433	377.6295	0
33	9	433.065	54.57306	0
33	10	524.6125	473.4511	0
33	11	284.8358	-46.03613	0
33	12	287.2759	38.53195	0
33	13	347.4749	320.9163	0
33	14	416.3961	112.9881	0
33	15	362.0977	52.3732	0
33	16	447.1087	256.3217	0
34	1	423.0435	364.5355	0
34	2	437.5389	84.58691	0
34	3	394.4036	365.7178	0
34	4	345.6839	266.4382	0
34	5	560.0474	521.8461	0
34	6	519.0615	260.3977	0
34	7	495.6292	371.4149	0
34	8	568.345	377.6313	0
34	9	433.0874	54.57861	0
34	10	524.6178	473.4435	0
34	11	284.8406	-46.03613	0
34	12	287.2878	38.5303	0
34	13	347.4331	320.9276	0
34	14	416.4005	112.9817	0
34	15	362.0813	52.33966	0
34	16	447.1039	256.3131	0
34	17	388.7523	147.7067	0
35	1	422.995	364.5398	0
35	2	437.5011	84.59723	0
35	3	394.392	365.7065	0
35	4	345.672	266.4294	0
35	5	559.9933	521.8306	0
35	6	519.1485	260.4071	0
35	7	495.6177	371.4062	0
35	8	568.3506	377.6307	0
35	9	433.1228	54.5889	0
35	10	524.6229	473.4368	0
35	11	284.8472	-46.03589	0
35	12	287.2967	38.52502	0
35	13	347.3924	320.9408	0
35	14	416.4051	112.9754	0
35	15	362.054	52.30923	0
35	16	447.1068	256.3097	0
35	17	388.8276	147.7157	0
35	18	366.8349	76.67029	0
36	1	422.9478	364.5516	0
36	2	437.4658	84.60956	0
36	3	394.3769	365.6931	0
36	4	345.6607	266.4203	0
36	5	559.9412	521.8157	0
36	6	519.2461	260.4194	0
36	7	495.6069	371.3972	0
36	8	568.3573	377.6301	0
36	9	433.1698	54.59863	0
36	10	524.6286	473.431	0
36	11	284.8558	-46.03497	0
36	12	287.3025	38.51688	0
36	13	347.3568	320.9552	0
36	14	416.4099	112.9686	0
36	15	362.0189	52.2818	0
36	16	447.1221	256.3118	0
36	17	388.9138	147.727	0
36	18	366.7814	76.6387	0
37	1	422.9023	364.561	0
37	2	437.4341	84.62332	0
37	3	394.3665	365.6813	0
37	4	345.6501	266.4097	0
37	5	559.8915	521.8137	0
37	6	519.348	260.4363	0
37	7	495.5959	371.3864	0
37	8	568.3671	377.6297	0
37	9	433.2262	54.60699	0
37	10	524.6347	473.4251	0
37	11	284.8662	-46.03424	0
37	12	287.308	38.50958	0
37	13	347.3229	320.9728	0
37	14	416.4149	112.961	0
37	15	361.9765	52.2583	0
37	16	447.1515	256.32	0
37	17	389.0047	147.7427	0
37	18	366.7249	76.61493	0
37	19	553.1648	439.5413	0
38	1	422.8568	364.5718	0
38	2	437.4041	84.64072	0
38	3	394.3606	365.6705	0
38	4	345.6364	266.3974	0
38	5	559.842	521.8237	0
38	6	519.453	260.4594	0
38	7	495.5826	371.374	0
38	8	568.3796	377.6309	0
38	9	433.2905	54.61389	0
38	10	524.6409	473.4184	0
38	11	284.8757	-46.03479	0
38	12	287.3128	38.50253	0
38	13	347.2913	320.9958	0
38	14	416.4185	112.9516	0
38	15	361.9333	52.24142	0
38	16	447.1934	256.3306	0
38	17	389.0987	147.7638	0
38	18	366.6669	76.60025	0
38	19	553.1747	439.5404	0
38	20	528.1217	318.993	0
39	1	422.8126	364.585	0
39	2	437.3761	84.66278	0
39	3	394.3625	365.6653	0
39	4	345.6268	266.3865	0
39	5	559.7952	521.8377	0
39	6	519.5541	260.49	0
39	7	495.5739	371.3634	0
39	8	568.3945	377.6317	0
39	9	433.3626	54.62372	0
39	10	524.645	473.409	0
39	11	284.8831	-46.03723	0
39	12	287.3176	38.49564	0
39	13	347.2628	321.0206	0
39	14	416.4188	112.9404	0
39	15	361.8882	52.22986	0
39	16	447.2475	256.3401	0
39	17	389.1894	147.7912	0
39	18	366.6112	76.58771	0
39	19	553.1875	439.5414	0
39	20	528.1804	319.0198	0
39	21	555.8563	653.0735	0
40	1	422.7717	364.5998	0
40	2	437.3516	84.68393	0
40	3	394.3782	365.6671	0
40	4	345.6217	266.3763	0
40	5	559.7486	521.8483	0
40	6	519.6404	260.5256	0
40	7	495.5693	371.3541	0
40	8	568.4069	377.6305	0
40	9	433.4378	54.63721	0
40	10	524.6459	473.3973	0
40	11	284.8881	-46.04236	0
40	12	287.3224	38.48788	0
40	13	347.2399	321.0428	0
40	14	416.4195	112.9293	0
40	15	361.8457	52.22183	0
40	16	447.3099	256.3479	0
40	17	389.2653	147.822	0
40	18	366.5556	76.58795	0
40	19	553.203	439.5419	0
40	20	528.2131	319.0396	0
40	21	555.8512	653.062	0
40	22	580.7768	576.5616	0
41	1	422.7348	364.6165	0
41	2	437.334	84.70273	0
41	3	394.4097	365.6755	0
41	4	345.6234	266.3712	0
41	5	559.7028	521.8616	0
41	6	519.6953	260.5554	0
41	7	495.5726	371.3501	0
41	8	568.4168	377.6264	0
41	9	433.5153	54.65558	0
41	10	524.6471	473.3858	0
41	11	284.892	-46.04791	0
41	12	287.3275	38.47955	0
41	13	347.2251	321.0616	0
41	14	416.4193	112.9189	0
41	15	361.8026	52.22351	0
41	16	447.3813	256.3558	0
41	17	389.3137	147.8475	0
41	18	366.5002	76.59763	0
41	19	553.2157	439.5403	0
41	20	528.2166	319.0509	0
41	21	555.8562	653.0571	0
41	22	580.7846	576.5586	0
41	23	419.68	271.597	0
42	1	422.7	364.6375	0
42	2	437.3227	84.71722	0
42	3	394.4558	365.6873	0
42	4	345.6378	266.3726	0
42	5	559.6572	521.877	0
42	6	519.7136	260.5718	0
42	7	495.5888	371.3523	0
42	8	568.4229	377.6187	0
42	9	433.5892	54.67905	0
42	10	524.6471	473.3745	0
42	11	284.8955	-46.05298	0
42	12	287.3314	38.46927	0
42	13	347.2166	321.0742	0
42	14	416.4112	112.9094	0
42	15	361.7602	52.23169	0
42	16	447.459	256.3671	0
42	17	389.3304	147.8627	0
42	18	366.4473	76.60779	0
42	19	553.226	439.5357	0
42	20	528.21	319.032	0
42	21	555.8767	653.0598	0
42	22	580.7894	576.5522	0
42	23	419.6904	271.5979	0
42	24	334.0206	50.21704	0
43	1	422.6675	364.6639	0
43	2	437.3175	84.72601	0
43	3	394.5158	365.6978	0
43	4	345.6666	266.3802	0
43	5	559.6167	521.8931	0
43	6	519.7046	260.5656	0
43	7	495.6194	371.3606	0
43	8	568.4281	377.6107	0
43	9	433.6508	54.70404	0
43	10	524.6381	473.3645	0
43	11	284.899	-46.05786	0
43	12	287.3316	38.45709	0
43	13	347.2147	321.0798	0
43	14	416.3988	112.9005	0
43	15	361.7196	52.23874	0
43	16	447.5392	256.3821	0
43	17	389.3212	147.8606	0
43	18	366.3947	76.61719	0
43	19	553.2324	439.5274	0
43	20	528.1994	318.9951	0
43	21	555.9142	653.0696	0
43	22	580.7935	576.5457	0
43	23	419.7029	271.5983	0
43	24	334.0247	50.21097	0
43	25	573.3323	408.0171	0
44	1	422.6675	364.6639	0
44	2	437.3175	84.72601	0
44	3	394.5158	365.6978	0
44	4	345.6666	266.3802	0
44	5	559.6167	521.8931	0
44	6	519.7046	260.5656	0
44	7	495.6194	371.3606	0
44	8	568.4281	377.6107	0
44	9	433.6508	54.70404	0
44	10	524.6381	473.3645	0
44	11	284.899	-46.05786	0
44	12	287.3316	38.45709	0
44	13	347.2147	321.0798	0
44	14	416.3988	112.9005	0
44	15	361.7196	52.23874	0
44	16	447.5392	256.3821	0
44	17	389.3212	147.8606	0
44	18	366.3947	76.61719	0
44	19	553.2324	439.5274	0
44	20	528.1994	318.9951	0
44	21	555.9142	653.0696	0
44	22	580.7935	576.5457	0
44	23	419.7029	271.5983	0
44	24	334.0247	50.21097	0
44	25	573.3323	408.0171	0
44	26	460.3428	153.5828	0
17	1	425.2094	365.9149	0
18	1	425.3108	365.9418	0
18	2	437.2432	81.1972	0
19	1	425.4001	365.9764	0
19	2	437.2289	81.18378	0
19	3	396.9751	364.9776	0
20	1	425.4624	366.0093	0
20	2	437.2204	81.17166	0
20	3	396.9993	364.9837	0
20	4	348.31	266.6547	0
21	1	425.4909	366.0296	0
21	2	437.2186	81.16464	0
21	3	397.0356	364.9929	0
21	4	348.2735	266.6299	0
21	5	559.5042	521.2021	0
22	1	425.4821	366.0406	0
22	2	437.2312	81.16516	0
22	3	397.0832	365.0017	0
22	4	348.2324	266.61	0
22	5	559.5092	521.2006	0
22	6	517.7378	260.1777	0
23	1	425.478	365.9932	0
23	2	437.261	81.1723	0
23	3	397.1378	365.01	0
23	4	348.1912	266.5977	0
23	5	559.5165	521.1995	0
23	6	517.7324	260.1693	0
23	7	497.6149	373.7968	0
24	1	425.4601	365.9459	0
24	2	437.3087	81.18619	0
24	3	397.2003	365.0174	0
24	4	348.1498	266.5863	0
24	5	559.5269	521.1995	0
24	6	517.7316	260.1641	0
24	7	497.7048	373.8067	0
24	8	566.9965	377.7292	0
25	1	425.4287	365.903	0
25	2	437.3723	81.19962	0
25	3	397.2701	365.0269	0
25	4	348.1099	266.5834	0
25	5	559.5401	521.2005	0
25	6	517.7407	260.1643	0
25	7	497.802	373.8207	0
25	8	567.0098	377.7289	0
25	9	431.5193	51.39505	0
26	1	425.3844	365.864	0
26	2	437.4492	81.21121	0
26	3	397.3427	365.0395	0
26	4	348.0693	266.5894	0
26	5	559.5527	521.2	0
26	6	517.7611	260.1692	0
26	7	497.9023	373.8393	0
26	8	567.0201	377.7265	0
26	9	431.5011	51.41614	0
27	1	425.3844	365.864	0
27	2	437.4492	81.21121	0
27	3	397.3427	365.0395	0
27	4	348.0693	266.5894	0
27	5	559.5527	521.2	0
27	6	517.7611	260.1692	0
27	7	497.9023	373.8393	0
27	8	567.0201	377.7265	0
27	9	431.5011	51.41614	0
27	10	525.5751	475.0266	0
17	1	422.7628	362.4237	0
18	1	422.7972	362.4323	0
18	2	437.7139	82.89578	0
19	1	422.8421	362.4405	0
19	2	437.7188	82.88846	0
19	3	396.3024	365.1712	0
20	1	422.8932	362.4481	0
20	2	437.7233	82.88196	0
20	3	396.2827	365.1373	0
20	4	346.7643	268.4229	0
21	1	422.9518	362.455	0
21	2	437.7277	82.8757	0
21	3	396.252	365.1069	0
21	4	346.8496	268.4425	0
21	5	559.5167	523.9465	0
22	1	423.0169	362.4641	0
22	2	437.7323	82.86932	0
22	3	396.2137	365.0797	0
22	4	346.9298	268.4682	0
22	5	559.5167	523.9352	0
22	6	519.723	260.4984	0
23	1	423.0845	362.476	0
23	2	437.7372	82.86224	0
23	3	396.1688	365.0574	0
23	4	346.9941	268.4966	0
23	5	559.5111	523.9247	0
23	6	519.7108	260.4882	0
23	7	496.0353	370.5339	0
24	1	423.1535	362.4921	0
24	2	437.7423	82.85419	0
24	3	396.1238	365.043	0
24	4	347.0318	268.5187	0
24	5	559.4984	523.9153	0
24	6	519.6974	260.4754	0
24	7	495.993	370.5332	0
24	8	570.1604	379.0074	0
25	1	423.2175	362.5136	0
25	2	437.744	82.8443	0
25	3	396.079	365.0303	0
25	4	347.04	268.5313	0
25	5	559.4858	523.9056	0
25	6	519.6827	260.4614	0
25	7	495.9508	370.5416	0
25	8	570.2509	379.0239	0
25	9	432.8192	49.30627	0
26	1	423.2678	362.537	0
26	2	437.745	82.83292	0
26	3	396.0369	365.0256	0
26	4	347.0324	268.5194	0
26	5	559.4741	523.8951	0
26	6	519.6736	260.4498	0
26	7	495.9108	370.5524	0
26	8	570.3427	379.0461	0
26	9	432.7648	49.32007	0
27	1	423.2959	362.5544	0
27	2	437.7448	82.82224	0
27	3	395.994	365.0317	0
27	4	347.0237	268.4807	0
27	5	559.4594	523.8817	0
27	6	519.6693	260.4406	0
27	7	495.8708	370.5607	0
27	8	570.4274	379.0756	0
27	9	432.7124	49.33771	0
27	10	524.9495	473.6064	0
28	1	423.2993	362.5643	0
28	2	437.743	82.81238	0
28	3	395.9525	365.043	0
28	4	347.0048	268.4431	0
28	5	559.4457	523.868	0
28	6	519.6755	260.4379	0
28	7	495.8316	370.5716	0
28	8	570.4934	379.1068	0
28	9	432.666	49.3566	0
28	10	525.0229	473.617	0
28	11	284.9215	-47.38446	0
29	1	423.2993	362.5643	0
29	2	437.743	82.81238	0
29	3	395.9525	365.043	0
29	4	347.0048	268.4431	0
29	5	559.4457	523.868	0
29	6	519.6755	260.4379	0
29	7	495.8316	370.5716	0
29	8	570.4934	379.1068	0
29	9	432.666	49.3566	0
29	10	525.0229	473.617	0
29	11	284.9215	-47.38446	0
29	12	290.1141	42.06198	0
17	1	423.7564	364.9581	0
18	1	423.7466	364.9485	0
18	2	436.7747	83.04739	0
19	1	423.7337	364.9369	0
19	2	436.7878	83.04672	0
19	3	394.9114	366.024	0
20	1	423.7238	364.9261	0
20	2	436.7982	83.04352	0
20	3	394.8937	366.0459	0
20	4	349.6931	267.2026	0
21	1	423.7182	364.916	0
21	2	436.8055	83.03665	0
21	3	394.8834	366.0605	0
21	4	349.7093	267.2054	0
21	5	559.5953	523.9296	0
22	1	423.7182	364.91	0
22	2	436.8107	83.02881	0
22	3	394.8806	366.067	0
22	4	349.7379	267.2134	0
22	5	559.5439	523.9435	0
22	6	519.4073	260.4278	0
23	1	423.7297	364.9105	0
23	2	436.8157	83.02185	0
23	3	394.8836	366.0671	0
23	4	349.7771	267.2224	0
23	5	559.4933	523.9598	0
23	6	519.3456	260.412	0
23	7	497.4792	373.962	0
24	1	423.7546	364.9165	0
24	2	436.8208	83.01526	0
24	3	394.8889	366.0658	0
24	4	349.8264	267.2307	0
24	5	559.4473	523.9773	0
24	6	519.2875	260.3984	0
24	7	497.4713	373.9468	0
24	8	569.511	378.9612	0
25	1	423.7929	364.9265	0
25	2	436.8262	83.00873	0
25	3	394.8959	366.0648	0
25	4	349.8802	267.2378	0
25	5	559.4052	523.9975	0
25	6	519.2305	260.3995	0
25	7	497.4609	373.9018	0
25	8	569.4614	378.973	0
25	9	432.2048	53.04047	0
26	1	423.8434	364.9361	0
26	2	436.832	83.00159	0
26	3	394.9063	366.0645	0
26	4	349.9429	267.2454	0
26	5	559.3655	524.0233	0
26	6	519.1743	260.4114	0
26	7	497.4385	373.8583	0
26	8	569.4115	378.9841	0
26	9	432.1521	53.0173	0
27	1	423.9024	364.9453	0
27	2	436.8377	82.99332	0
27	3	394.9191	366.0656	0
27	4	350.0103	267.256	0
27	5	559.329	524.0547	0
27	6	519.1207	260.4241	0
27	7	497.4021	373.8192	0
27	8	569.363	378.9984	0
27	9	432.0993	53.00452	0
27	10	524.1863	471.9834	0
28	1	423.9693	364.9532	0
28	2	436.8397	82.983	0
28	3	394.9335	366.0656	0
28	4	350.0803	267.2701	0
28	5	559.2979	524.0845	0
28	6	519.0669	260.4351	0
28	7	497.3558	373.7842	0
28	8	569.3162	379.0146	0
28	9	432.0485	52.99167	0
28	10	524.1358	471.9735	0
28	11	282.8821	-51.59143	0
29	1	424.0447	364.9632	0
29	2	436.8415	82.9711	0
29	3	394.9446	366.0634	0
29	4	350.1497	267.2888	0
29	5	559.277	524.1107	0
29	6	519.0143	260.4495	0
29	7	497.3002	373.7546	0
29	8	569.2748	379.0324	0
29	9	431.9993	52.98999	0
29	10	524.0854	471.9778	0
29	11	282.8869	-51.59814	0
29	12	289.344	40.58636	0
30	1	424.1233	364.9766	0
30	2	436.8417	82.96008	0
30	3	394.9532	366.058	0
30	4	350.2103	267.3119	0
30	5	559.2638	524.1303	0
30	6	518.9631	260.467	0
30	7	497.2433	373.7341	0
30	8	569.2356	379.0544	0
30	9	431.9498	52.99762	0
30	10	524.0364	471.9911	0
30	11	282.8918	-51.60541	0
30	12	289.3442	40.57596	0
30	13	348.0123	320.1598	0
31	1	424.2042	364.9945	0
31	2	436.8399	82.94995	0
31	3	394.9587	366.0498	0
31	4	350.2524	267.3335	0
31	5	559.2587	524.1412	0
31	6	518.918	260.4855	0
31	7	497.1858	373.718	0
31	8	569.199	379.083	0
31	9	431.9027	53.00781	0
31	10	523.9894	472.0027	0
31	11	282.8951	-51.61438	0
31	12	289.345	40.56558	0
31	13	348.0177	320.1535	0
31	14	418.1308	114.874	0
32	1	424.2807	365.0187	0
32	2	436.8288	82.94086	0
32	3	394.9641	366.0424	0
32	4	350.2716	267.3473	0
32	5	559.2599	524.1433	0
32	6	518.8749	260.5082	0
32	7	497.1327	373.709	0
32	8	569.1668	379.1122	0
32	9	431.8558	53.01569	0
32	10	523.9418	472.0143	0
32	11	282.8958	-51.62506	0
32	12	289.345	40.55591	0
32	13	348.0223	320.147	0
32	14	418.0885	114.8759	0
32	15	359.8222	48.42056	0
33	1	424.3431	365.0463	0
33	2	436.8162	82.93164	0
33	3	394.9693	366.0356	0
33	4	350.2652	267.3561	0
33	5	559.2656	524.1426	0
33	6	518.8347	260.5384	0
33	7	497.0792	373.7142	0
33	8	569.1426	379.1384	0
33	9	431.8098	53.02652	0
33	10	523.8954	472.0285	0
33	11	282.8969	-51.63538	0
33	12	289.3381	40.54718	0
33	13	348.0266	320.1411	0
33	14	418.0471	114.8843	0
33	15	359.9166	48.44632	0
33	16	446.7301	256.2756	0
34	1	424.3802	365.0683	0
34	2	436.8045	82.92233	0
34	3	394.9747	366.0296	0
34	4	350.2622	267.325	0
34	5	559.2724	524.1416	0
34	6	518.7988	260.5693	0
34	7	497.0273	373.728	0
34	8	569.1273	379.1595	0
34	9	431.7644	53.04077	0
34	10	523.8514	472.0445	0
34	11	282.8971	-51.64459	0
34	12	289.3267	40.53891	0
34	13	348.0311	320.1358	0
34	14	418.0074	114.8916	0
34	15	360.0003	48.47675	0
34	16	446.6776	256.2588	0
34	17	387.0646	147.0818	0
35	1	424.3892	365.0809	0
35	2	436.7919	82.91061	0
35	3	394.9804	366.0234	0
35	4	350.2504	267.2931	0
35	5	559.2822	524.1409	0
35	6	518.7708	260.5969	0
35	7	496.9773	373.739	0
35	8	569.1196	379.1731	0
35	9	431.7246	53.0564	0
35	10	523.8121	472.0616	0
35	11	282.8893	-51.6532	0
35	12	289.3158	40.5303	0
35	13	348.0356	320.1307	0
35	14	417.9676	114.8994	0
35	15	360.0603	48.50476	0
35	16	446.625	256.2444	0
35	17	387.0561	147.0707	0
35	18	367.1853	80.75757	0
36	1	424.3818	365.071	0
36	2	436.7772	82.89761	0
36	3	394.9863	366.0164	0
36	4	350.2296	267.2637	0
36	5	559.295	524.1418	0
36	6	518.7529	260.6198	0
36	7	496.9271	373.751	0
36	8	569.1185	379.1781	0
36	9	431.6868	53.07465	0
36	10	523.7747	472.0831	0
36	11	282.8778	-51.66125	0
36	12	289.3059	40.52075	0
36	13	348.0405	320.1252	0
36	14	417.929	114.9098	0
36	15	360.0898	48.52313	0
36	16	446.576	256.2387	0
36	17	387.0526	147.0623	0
36	18	367.2407	80.76721	0
37	1	424.3735	365.0338	0
37	2	436.7676	82.88702	0
37	3	394.9901	366.0068	0
37	4	350.2002	267.237	0
37	5	559.3104	524.1429	0
37	6	518.743	260.6346	0
37	7	496.8781	373.7658	0
37	8	569.1228	379.1782	0
37	9	431.6512	53.09937	0
37	10	523.7397	472.1111	0
37	11	282.8669	-51.66949	0
37	12	289.2928	40.5094	0
37	13	348.045	320.1181	0
37	14	417.8927	114.9223	0
37	15	360.0846	48.53452	0
37	16	446.5263	256.2449	0
37	17	387.0593	147.06	0
37	18	367.301	80.77475	0
37	19	554.14	438.1663	0
38	1	424.3556	364.9974	0
38	2	436.7627	82.87848	0
38	3	394.9911	365.9951	0
38	4	350.1641	267.2134	0
38	5	559.3237	524.1418	0
38	6	518.7407	260.6406	0
38	7	496.8321	373.7827	0
38	8	569.1288	379.1774	0
38	9	431.6191	53.12585	0
38	10	523.7089	472.1386	0
38	11	282.8567	-51.67926	0
38	12	289.2831	40.49924	0
38	13	348.0458	320.109	0
38	14	417.8602	114.9362	0
38	15	360.0793	48.4989	0
38	16	446.4784	256.2572	0
38	17	387.0807	147.0637	0
38	18	367.3714	80.78351	0
38	19	554.0911	438.1565	0
38	20	529.8059	320.0273	0
39	1	424.3261	364.9647	0
39	2	436.7673	82.87592	0
39	3	394.9922	365.9836	0
39	4	350.1243	267.1946	0
39	5	559.3342	524.1382	0
39	6	518.7444	260.6405	0
39	7	496.7906	373.8008	0
39	8	569.1368	379.1769	0
39	9	431.5928	53.14957	0
39	10	523.6863	472.1631	0
39	11	282.8431	-51.69037	0
39	12	289.2777	40.48981	0
39	13	348.0476	320.0991	0
39	14	417.8295	114.9536	0
39	15	360.0645	48.45663	0
39	16	446.4317	256.2663	0
39	17	387.1187	147.0746	0
39	18	367.4467	80.79602	0
39	19	554.0425	438.1602	0
39	20	529.7712	319.9872	0
39	21	552.7372	643.0393	0
40	1	424.2887	364.935	0
40	2	436.7862	82.879	0
40	3	394.9923	365.9725	0
40	4	350.0843	267.1834	0
40	5	559.3411	524.1304	0
40	6	518.7502	260.6393	0
40	7	496.7514	373.824	0
40	8	569.1481	379.1773	0
40	9	431.5755	53.16953	0
40	10	523.6718	472.1828	0
40	11	282.8336	-51.70001	0
40	12	289.2781	40.4848	0
40	13	348.0477	320.0898	0
40	14	417.8008	114.9759	0
40	15	360.0377	48.41733	0
40	16	446.385	256.2773	0
40	17	387.1707	147.0869	0
40	18	367.5249	80.81281	0
40	19	553.9953	438.1727	0
40	20	529.7262	319.9508	0
40	21	552.8037	643.0627	0
40	22	581.1711	577.386	0
41	1	424.2439	364.9099	0
41	2	436.8213	82.88937	0
41	3	394.9833	365.9626	0
41	4	350.0446	267.1727	0
41	5	559.3464	524.1219	0
41	6	518.7582	260.6385	0
41	7	496.715	373.8536	0
41	8	569.1622	379.1786	0
41	9	431.5653	53.18314	0
41	10	523.6646	472.1948	0
41	11	282.8282	-51.7088	0
41	12	289.2902	40.48581	0
41	13	348.0445	320.0811	0
41	14	417.7754	114.9977	0
41	15	359.9987	48.38174	0
41	16	446.3392	256.2911	0
41	17	387.2366	147.0984	0
41	18	367.6022	80.83459	0
41	19	553.9501	438.1837	0
41	20	529.6722	319.9196	0
41	21	552.8549	643.0888	0
41	22	581.1708	577.3763	0
41	23	420.1094	271.0593	0
42	1	424.1985	364.8917	0
42	2	436.8704	82.90182	0
42	3	394.9704	365.9532	0
42	4	350.0058	267.171	0
42	5	559.3514	524.1146	0
42	6	518.7699	260.6385	0
42	7	496.683	373.882	0
42	8	569.1763	379.1785	0
42	9	431.5622	53.18976	0
42	10	523.6636	472.1983	0
42	11	282.8291	-51.71277	0
42	12	289.3158	40.49228	0
42	13	348.0342	320.0734	0
42	14	417.7569	115.0172	0
42	15	359.9508	48.35016	0
42	16	446.2976	256.3068	0
42	17	387.3086	147.1077	0
42	18	367.6694	80.86005	0
42	19	553.9043	438.1947	0
42	20	529.6165	319.8965	0
42	21	552.8823	643.1077	0
42	22	581.1688	577.3669	0
42	23	420.1912	271.0794	0
42	24	332.8056	45.25024	0
43	1	424.1509	364.8782	0
43	2	436.9332	82.91296	0
43	3	394.9581	365.9435	0
43	4	349.9666	267.1774	0
43	5	559.3566	524.1077	0
43	6	518.7845	260.6398	0
43	7	496.6602	373.9073	0
43	8	569.1873	379.1759	0
43	9	431.5647	53.19055	0
43	10	523.6676	472.1976	0
43	11	282.8423	-51.711	0
43	12	289.3553	40.5032	0
43	13	348.0238	320.0654	0
43	14	417.7449	115.0324	0
43	15	359.897	48.32455	0
43	16	446.2594	256.3241	0
43	17	387.3924	147.1179	0
43	18	367.7157	80.88257	0
43	19	553.8596	438.2082	0
43	20	529.5582	319.8807	0
43	21	552.8828	643.1184	0
43	22	581.1592	577.3589	0
43	23	420.2659	271.1054	0
43	24	332.8123	45.25031	0
43	25	575.8469	408.2765	0
44	1	424.1064	364.8698	0
44	2	437.0049	82.92154	0
44	3	394.9465	365.9323	0
44	4	349.929	267.1862	0
44	5	559.3624	524.1015	0
44	6	518.8001	260.6395	0
44	7	496.6454	373.9271	0
44	8	569.1954	379.1699	0
44	9	431.5696	53.18994	0
44	10	523.6729	472.1961	0
44	11	282.8696	-51.70349	0
44	12	289.4075	40.51382	0
44	13	348.0142	320.057	0
44	14	417.7392	115.0418	0
44	15	359.8431	48.30972	0
44	16	446.2232	256.3467	0
44	17	387.4826	147.1324	0
44	18	367.7365	80.89679	0
44	19	553.8171	438.2236	0
44	20	529.5035	319.869	0
44	21	552.8772	643.0964	0
44	22	581.1485	577.3506	0
44	23	420.3231	271.1321	0
44	24	332.8218	45.25049	0
44	25	575.7924	408.2451	0
44	26	460.6757	154.0433	0
45	1	424.0614	364.8731	0
45	2	437.0872	82.93094	0
45	3	394.931	365.9187	0
45	4	349.8921	267.1932	0
45	5	559.3686	524.0945	0
45	6	518.812	260.6367	0
45	7	496.6385	373.9388	0
45	8	569.2007	379.1615	0
45	9	431.576	53.18964	0
45	10	523.6805	472.1949	0
45	11	282.9106	-51.69189	0
45	12	289.4681	40.52319	0
45	13	348.0027	320.0463	0
45	14	417.7389	115.0454	0
45	15	359.7889	48.2955	0
45	16	446.1896	256.3742	0
45	17	387.576	147.1518	0
45	18	367.7288	80.90567	0
45	19	553.7791	438.2401	0
45	20	529.4492	319.8713	0
45	21	552.8666	643.0618	0
45	22	581.1384	577.3418	0
45	23	420.3538	271.1512	0
45	24	332.8336	45.25177	0
45	25	575.7349	408.2222	0
45	26	460.6792	154.0438	0
45	27	488.8293	117.6081	0
46	1	424.0174	364.8838	0
46	2	437.1759	82.94489	0
46	3	394.9199	365.9066	0
46	4	349.8559	267.2026	0
46	5	559.374	524.0855	0
46	6	518.8212	260.6299	0
46	7	496.6381	373.942	0
46	8	569.2056	379.1542	0
46	9	431.5858	53.18958	0
46	10	523.6913	472.1951	0
46	11	282.9642	-51.68134	0
46	12	289.5368	40.53116	0
46	13	347.9912	320.0349	0
46	14	417.7428	115.0456	0
46	15	359.7366	48.29172	0
46	16	446.1607	256.3996	0
46	17	387.669	147.1773	0
46	18	367.7256	80.87051	0
46	19	553.7428	438.2606	0
46	20	529.3962	319.8833	0
46	21	552.8471	643.0291	0
46	22	581.1276	577.3313	0
46	23	420.3549	271.1622	0
46	24	332.8474	45.2525	0
46	25	575.6766	408.2064	0
46	26	460.6844	154.0435	0
46	27	488.8183	117.6002	0
47	1	423.9751	364.8928	0
47	2	437.2676	82.96368	0
47	3	394.9135	365.8951	0
47	4	349.8206	267.2138	0
47	5	559.3746	524.0736	0
47	6	518.8271	260.6209	0
47	7	496.6429	373.9412	0
47	8	569.2106	379.1473	0
47	9	431.5978	53.19073	0
47	10	523.7048	472.1961	0
47	11	283.027	-51.67261	0
47	12	289.6145	40.54211	0
47	13	347.9843	320.0253	0
47	14	417.7477	115.0454	0
47	15	359.6835	48.29834	0
47	16	446.1409	256.4219	0
47	17	387.7507	147.208	0
47	18	367.712	80.83566	0
47	19	553.709	438.2874	0
47	20	529.3455	319.8945	0
47	21	552.8175	642.9993	0
47	22	581.1152	577.3191	0
47	23	420.3488	271.1397	0
47	24	332.8589	45.25128	0
47	25	575.6224	408.1942	0
47	26	460.6912	154.0435	0
47	27	488.8076	117.5921	0
47	28	483.1388	644.786	0
48	1	423.9328	364.9026	0
48	2	437.3598	82.98849	0
48	3	394.9142	365.8891	0
48	4	349.7896	267.226	0
48	5	559.3763	524.061	0
48	6	518.8329	260.6129	0
48	7	496.6487	373.9399	0
48	8	569.2159	379.141	0
48	9	431.6117	53.19086	0
48	10	523.7179	472.1956	0
48	11	283.0987	-51.66479	0
48	12	289.6958	40.55716	0
48	13	347.9818	320.0183	0
48	14	417.7545	115.0453	0
48	15	359.6327	48.30887	0
48	16	446.1282	256.4386	0
48	17	387.808	147.236	0
48	18	367.6883	80.80356	0
48	19	553.6792	438.314	0
48	20	529.2947	319.9056	0
48	21	552.7813	642.9725	0
48	22	581.1072	577.3087	0
48	23	420.3376	271.1023	0
48	24	332.8677	45.24695	0
48	25	575.569	408.1967	0
48	26	460.7007	154.0439	0
48	27	488.7976	117.5833	0
48	28	483.0899	644.8004	0
48	29	261.6516	40.98587	0
49	1	423.8918	364.9147	0
49	2	437.4427	83.01852	0
49	3	394.9289	365.8904	0
49	4	349.7603	267.2407	0
49	5	559.3756	524.0485	0
49	6	518.8386	260.6054	0
49	7	496.6572	373.939	0
49	8	569.2217	379.1342	0
49	9	431.6224	53.18887	0
49	10	523.7281	472.1926	0
49	11	283.1786	-51.65302	0
49	12	289.7797	40.5773	0
49	13	347.9886	320.0171	0
49	14	417.7637	115.0461	0
49	15	359.5828	48.31686	0
49	16	446.123	256.4478	0
49	17	387.8347	147.2539	0
49	18	367.6551	80.77438	0
49	19	553.6573	438.3376	0
49	20	529.2452	319.9199	0
49	21	552.7396	642.9509	0
49	22	581.1031	577.2998	0
49	23	420.3166	271.0668	0
49	24	332.8733	45.23962	0
49	25	575.5168	408.2095	0
49	26	460.7123	154.045	0
49	27	488.7849	117.5724	0
49	28	483.0428	644.812	0
49	29	261.7237	41.01398	0
49	30	269.8429	90.28775	0
50	1	423.8534	364.9284	0
50	2	437.5034	83.04688	0
50	3	394.9595	365.8982	0
50	4	349.7329	267.2601	0
50	5	559.3701	524.037	0
50	6	518.845	260.5986	0
50	7	496.6689	373.9394	0
50	8	569.2276	379.1262	0
50	9	431.6309	53.18338	0
50	10	523.7354	472.1862	0
50	11	283.2616	-51.6369	0
50	12	289.8586	40.60281	0
50	13	348.0079	320.0207	0
50	14	417.7749	115.047	0
50	15	359.5337	48.32794	0
50	16	446.1237	256.4497	0
50	17	387.8269	147.2654	0
50	18	367.6145	80.74875	0
50	19	553.6431	438.3567	0
50	20	529.198	319.9363	0
50	21	552.6978	642.9358	0
50	22	581.1073	577.2963	0
50	23	420.2842	271.0347	0
50	24	332.8784	45.2327	0
50	25	575.4671	408.222	0
50	26	460.7245	154.045	0
50	27	488.7734	117.5617	0
50	28	482.9955	644.825	0
50	29	261.7709	41.03775	0
50	30	269.8443	90.27728	0
50	31	595.1942	474.9464	0
51	1	423.819	364.9436	0
51	2	437.5341	83.06519	0
51	3	395.0052	365.9102	0
51	4	349.7081	267.2813	0
51	5	559.3566	524.0268	0
51	6	518.8518	260.5912	0
51	7	496.6836	373.9404	0
51	8	569.2299	379.1156	0
51	9	431.6362	53.17557	0
51	10	523.7407	472.1782	0
51	11	283.3468	-51.61536	0
51	12	289.922	40.62918	0
51	13	348.0409	320.0301	0
51	14	417.7857	115.0468	0
51	15	359.4857	48.34229	0
51	16	446.1283	256.4489	0
51	17	387.8225	147.2254	0
51	18	367.57	80.72842	0
51	19	553.6361	438.3683	0
51	20	529.156	319.9544	0
51	21	552.6548	642.923	0
51	22	581.1237	577.2986	0
51	23	420.2443	271.006	0
51	24	332.8829	45.22617	0
51	25	575.4171	408.2335	0
51	26	460.7339	154.043	0
51	27	488.7664	117.5523	0
51	28	482.9495	644.8399	0
51	29	261.7897	41.05231	0
51	30	269.8461	90.26541	0
51	31	595.167	474.9714	0
51	32	208.8786	-59.19489	0
52	1	423.7865	364.9626	0
52	2	437.5305	83.07538	0
52	3	395.0652	365.9211	0
52	4	349.6877	267.3006	0
52	5	559.343	524.0159	0
52	6	518.8586	260.5829	0
52	7	496.6972	373.9396	0
52	8	569.2311	379.1033	0
52	9	431.6415	53.1687	0
52	10	523.7457	472.1713	0
52	11	283.4258	-51.58875	0
52	12	289.9594	40.64948	0
52	13	348.0857	320.0399	0
52	14	417.7942	115.0443	0
52	15	359.4433	48.35843	0
52	16	446.1339	256.448	0
52	17	387.8068	147.1831	0
52	18	367.5251	80.71689	0
52	19	553.635	438.3719	0
52	20	529.1163	319.9769	0
52	21	552.6146	642.9183	0
52	22	581.1537	577.3066	0
52	23	420.1979	270.9822	0
52	24	332.8874	45.21979	0
52	25	575.3683	408.248	0
52	26	460.7409	154.0379	0
52	27	488.7642	117.5464	0
52	28	482.907	644.8558	0
52	29	261.7807	41.05627	0
52	30	269.8462	90.25455	0
52	31	595.1469	474.9938	0
52	32	208.8836	-59.20184	0
52	33	319.7401	-10.30585	0
53	1	423.7561	364.9871	0
53	2	437.5255	83.04065	0
53	3	395.1357	365.9307	0
53	4	349.6745	267.317	0
53	5	559.3303	524.0043	0
53	6	518.8621	260.5719	0
53	7	496.7078	373.9361	0
53	8	569.231	379.0914	0
53	9	431.6464	53.16211	0
53	10	523.7509	472.1648	0
53	11	283.4882	-51.56268	0
53	12	289.9684	40.66129	0
53	13	348.1413	320.0488	0
53	14	417.8	115.039	0
53	15	359.4035	48.37747	0
53	16	446.1426	256.4474	0
53	17	387.779	147.1442	0
53	18	367.4808	80.70554	0
53	19	553.6388	438.3713	0
53	20	529.0793	320.006	0
53	21	552.5744	642.9247	0
53	22	581.1955	577.3159	0
53	23	420.1516	270.9666	0
53	24	332.8919	45.21286	0
53	25	575.321	408.2647	0
53	26	460.7454	154.0309	0
53	27	488.7728	117.5464	0
53	28	482.8686	644.8738	0
53	29	261.776	41.0174	0
53	30	269.8441	90.24451	0
53	31	595.134	475.012	0
53	32	208.8881	-59.20929	0
53	33	319.745	-10.31256	0
53	34	406.1399	415.9363	0
54	1	423.7294	365.011	0
54	2	437.5111	82.99905	0
54	3	395.2162	365.9394	0
54	4	349.6666	267.3282	0
54	5	559.3151	523.99	0
54	6	518.8636	260.5587	0
54	7	496.7151	373.9288	0
54	8	569.2291	379.08	0
54	9	431.6516	53.15585	0
54	10	523.7566	472.1593	0
54	11	283.5232	-51.54352	0
54	12	289.9607	40.65131	0
54	13	348.204	320.0559	0
54	14	417.8043	115.0327	0
54	15	359.3662	48.40259	0
54	16	446.1538	256.4482	0
54	17	387.7395	147.1087	0
54	18	367.4374	80.70377	0
54	19	553.6437	438.3699	0
54	20	529.0466	320.0352	0
54	21	552.536	642.9365	0
54	22	581.249	577.3247	0
54	23	420.1038	270.9534	0
54	24	332.8968	45.20517	0
54	25	575.2788	408.2824	0
54	26	460.7498	154.0248	0
54	27	488.7946	117.5513	0
54	28	482.8323	644.8966	0
54	29	261.7603	40.9791	0
54	30	269.8326	90.23541	0
54	31	595.1277	475.0234	0
54	32	208.8929	-59.21771	0
54	33	319.7502	-10.32013	0
54	34	406.1054	415.9582	0
54	35	655.6191	586.3137	0
55	1	423.7102	365.0324	0
55	2	437.4849	82.96051	0
55	3	395.3055	365.9512	0
55	4	349.6645	267.3336	0
55	5	559.3005	523.9749	0
55	6	518.8643	260.5461	0
55	7	496.7205	373.9206	0
55	8	569.2178	379.0699	0
55	9	431.6572	53.14886	0
55	10	523.7628	472.1535	0
55	11	283.5291	-51.53357	0
55	12	289.9527	40.61414	0
55	13	348.2758	320.0643	0
55	14	417.8082	115.0271	0
55	15	359.3322	48.43073	0
55	16	446.1677	256.4489	0
55	17	387.6913	147.0775	0
55	18	367.3937	80.71017	0
55	19	553.6509	438.3689	0
55	20	529.0225	320.0614	0
55	21	552.4985	642.9456	0
55	22	581.3085	577.3332	0
55	23	420.0589	270.9481	0
55	24	332.9009	45.19601	0
55	25	575.2389	408.3043	0
55	26	460.7539	154.019	0
55	27	488.8301	117.5618	0
55	28	482.7986	644.9252	0
55	29	261.7329	40.944	0
55	30	269.8203	90.22623	0
55	31	595.1268	475.0274	0
55	32	208.898	-59.22705	0
55	33	319.7555	-10.32819	0
55	34	406.0735	415.9849	0
55	35	655.6204	586.3019	0
55	36	480.6703	422.1073	0
56	1	423.6977	365.0491	0
56	2	437.4464	82.92593	0
56	3	395.398	365.967	0
56	4	349.6669	267.3343	0
56	5	559.2918	523.9617	0
56	6	518.8636	260.5341	0
56	7	496.7256	373.9133	0
56	8	569.2044	379.0598	0
56	9	431.6629	53.14148	0
56	10	523.7687	472.1461	0
56	11	283.5226	-51.55011	0
56	12	289.9348	40.57816	0
56	13	348.352	320.0762	0
56	14	417.812	115.0217	0
56	15	359.3038	48.45627	0
56	16	446.1795	256.4477	0
56	17	387.6378	147.0525	0
56	18	367.352	80.71887	0
56	19	553.6613	438.369	0
56	20	529.007	320.0824	0
56	21	552.4612	642.9564	0
56	22	581.3772	577.3412	0
56	23	420.0133	270.9534	0
56	24	332.9013	45.185	0
56	25	575.2018	408.3333	0
56	26	460.7582	154.0132	0
56	27	488.8778	117.5721	0
56	28	482.7694	644.9529	0
56	29	261.6955	40.91226	0
56	30	269.8089	90.21689	0
56	31	595.1306	475.0273	0
56	32	208.8997	-59.23828	0
56	33	319.7587	-10.33826	0
56	34	406.0459	416.0097	0
56	35	655.6207	586.2905	0
56	36	480.662	422.0893	0
57	1	423.692	365.0593	0
57	2	437.3988	82.89523	0
57	3	395.4929	365.9886	0
57	4	349.6714	267.3339	0
57	5	559.2889	523.9521	0
57	6	518.8524	260.5235	0
57	7	496.7308	373.9066	0
57	8	569.1918	379.0493	0
57	9	431.6669	53.13208	0
57	10	523.7706	472.1361	0
57	11	283.5135	-51.58771	0
57	12	289.9051	40.54565	0
57	13	348.4308	320.0921	0
57	14	417.816	115.0163	0
57	15	359.2851	48.47806	0
57	16	446.1888	256.4437	0
57	17	387.584	147.0379	0
57	18	367.3108	80.7258	0
57	19	553.6743	438.37	0
57	20	528.9993	320.0956	0
57	21	552.4245	642.9685	0
57	22	581.4513	577.3517	0
57	23	419.9693	270.9642	0
57	24	332.9024	45.17355	0
57	25	575.169	408.3626	0
57	26	460.7628	154.0069	0
57	27	488.9362	117.5813	0
57	28	482.7491	644.9775	0
57	29	261.65	40.88452	0
57	30	269.7961	90.20493	0
57	31	595.1356	475.0265	0
57	32	208.9008	-59.25104	0
57	33	319.7595	-10.35022	0
57	34	406.027	416.0316	0
57	35	655.6193	586.2792	0
57	36	480.6506	422.0416	0
57	37	418.9131	323.9039	0
58	1	423.6919	365.0625	0
58	2	437.3447	82.87036	0
58	3	395.5813	366.0178	0
58	4	349.6769	267.3337	0
58	5	559.2988	523.9503	0
58	6	518.8381	260.5131	0
58	7	496.7365	373.9004	0
58	8	569.1788	379.0367	0
58	9	431.6678	53.12082	0
58	10	523.7726	472.1245	0
58	11	283.4943	-51.62347	0
58	12	289.8672	40.51624	0
58	13	348.5083	320.1136	0
58	14	417.8203	115.0102	0
58	15	359.2736	48.49335	0
58	16	446.195	256.4364	0
58	17	387.5306	147.0238	0
58	18	367.2705	80.73544	0
58	19	553.687	438.3695	0
58	20	528.9985	320.1004	0
58	21	552.3913	642.9813	0
58	22	581.5278	577.3654	0
58	23	419.9266	270.9723	0
58	24	332.9023	45.16306	0
58	25	575.1441	408.3888	0
58	26	460.7675	153.9998	0
58	27	489.0025	117.5885	0
58	28	482.7361	644.9966	0
58	29	261.601	40.86307	0
58	30	269.7822	90.19196	0
58	31	595.1425	475.0258	0
58	32	208.9007	-59.26288	0
58	33	319.7602	-10.36151	0
58	34	406.0148	416.048	0
58	35	655.6085	586.2694	0
58	36	480.6269	421.9954	0
58	37	418.9669	323.9163	0
58	38	629.2732	445.3833	0
59	1	423.6962	365.0624	0
59	2	437.2905	82.85614	0
59	3	395.6519	366.0503	0
59	4	349.6848	267.3337	0
59	5	559.3251	523.9554	0
59	6	518.8245	260.5025	0
59	7	496.7426	373.8939	0
59	8	569.1633	379.0223	0
59	9	431.669	53.10968	0
59	10	523.7728	472.1134	0
59	11	283.4627	-51.65546	0
59	12	289.8214	40.49121	0
59	13	348.575	320.1402	0
59	14	417.8246	115.0032	0
59	15	359.2701	48.50134	0
59	16	446.2002	256.429	0
59	17	387.4787	147.0212	0
59	18	367.2312	80.74768	0
59	19	553.697	438.3667	0
59	20	529.0031	320.1005	0
59	21	552.3607	642.9963	0
59	22	581.6046	577.3843	0
59	23	419.8841	270.9824	0
59	24	332.8963	45.1535	0
59	25	575.1282	408.4103	0
59	26	460.7698	153.9908	0
59	27	489.0773	117.5981	0
59	28	482.7306	645.0077	0
59	29	261.5513	40.85062	0
59	30	269.7737	90.18143	0
59	31	595.1522	475.0261	0
59	32	208.8991	-59.27362	0
59	33	319.76	-10.37183	0
59	34	406.0099	416.0569	0
59	35	655.5954	586.2598	0
59	36	480.5881	421.9541	0
59	37	419.0349	323.9274	0
59	38	629.378	445.4026	0
59	39	342.6381	93.95306	0
60	1	423.7015	365.0618	0
60	2	437.2377	82.84232	0
60	3	395.692	366.0751	0
60	4	349.6943	267.3347	0
60	5	559.3686	523.9671	0
60	6	518.811	260.4897	0
60	7	496.7485	373.8856	0
60	8	569.1529	379.0099	0
60	9	431.6693	53.09955	0
60	10	523.7707	472.1027	0
60	11	283.4228	-51.68414	0
60	12	289.7752	40.47357	0
60	13	348.6197	320.1645	0
60	14	417.8258	114.9946	0
60	15	359.2728	48.50305	0
60	16	446.2051	256.4223	0
60	17	387.4263	147.0289	0
60	18	367.1967	80.76126	0
60	19	553.7041	438.3605	0
60	20	529.0092	320.0999	0
60	21	552.3322	643.0155	0
60	22	581.6739	577.4103	0
60	23	419.8426	270.9949	0
60	24	332.8841	45.14459	0
60	25	575.1198	408.424	0
60	26	460.7705	153.9803	0
60	27	489.1558	117.6116	0
60	28	482.7311	645.0101	0
60	29	261.5028	40.83902	0
60	30	269.7699	90.17334	0
60	31	595.1641	475.0272	0
60	32	208.8875	-59.28351	0
60	33	319.7503	-10.38135	0
60	34	406.0107	416.0585	0
60	35	655.5829	586.2498	0
60	36	480.539	421.917	0
60	37	419.1117	323.9362	0
60	38	629.4834	445.429	0
60	39	342.5924	93.97021	0
60	40	392.4859	-2.873535	0
61	1	423.7089	365.0613	0
61	2	437.1871	82.83911	0
61	3	395.6988	366.088	0
61	4	349.7051	267.335	0
61	5	559.4271	523.979	0
61	6	518.7938	260.4748	0
61	7	496.75	373.8748	0
61	8	569.1474	378.9992	0
61	9	431.6613	53.09027	0
61	10	523.7596	472.0935	0
61	11	283.3748	-51.70831	0
61	12	289.7268	40.46103	0
61	13	348.6386	320.1789	0
61	14	417.8269	114.9848	0
61	15	359.2787	48.50305	0
61	16	446.2103	256.4162	0
61	17	387.3763	147.0399	0
61	18	367.164	80.77753	0
61	19	553.7091	438.3528	0
61	20	529.0176	320.0995	0
61	21	552.3058	643.0386	0
61	22	581.7252	577.4371	0
61	23	419.8051	271.009	0
61	24	332.8721	45.13519	0
61	25	575.1181	408.4288	0
61	26	460.7707	153.9703	0
61	27	489.2368	117.6299	0
61	28	482.7361	645.0095	0
61	29	261.4545	40.83835	0
61	30	269.776	90.17126	0
61	31	595.176	475.0271	0
61	32	208.8741	-59.29364	0
61	33	319.7375	-10.39038	0
61	34	406.0154	416.0575	0
61	35	655.5704	586.2377	0
61	36	480.4802	421.8859	0
61	37	419.1997	323.9463	0
61	38	629.5798	445.4645	0
61	39	342.55	93.98932	0
61	40	392.5153	-2.865234	0
61	41	468.27	370.0274	0
62	1	423.7188	365.062	0
62	2	437.1361	82.84631	0
62	3	395.6915	366.0686	0
62	4	349.7136	267.3337	0
62	5	559.4991	523.9905	0
62	6	518.7817	260.462	0
62	7	496.752	373.8624	0
62	8	569.1512	378.9946	0
62	9	431.6489	53.08151	0
62	10	523.7471	472.0841	0
62	11	283.3265	-51.72412	0
62	12	289.6812	40.45294	0
62	13	348.6314	320.183	0
62	14	417.8267	114.9756	0
62	15	359.2859	48.50317	0
62	16	446.2158	256.4101	0
62	17	387.3269	147.0485	0
62	18	367.1335	80.79904	0
62	19	553.714	438.3461	0
62	20	529.0293	320.1	0
62	21	552.2836	643.0605	0
62	22	581.7508	577.4551	0
62	23	419.7706	271.0251	0
62	24	332.8612	45.12518	0
62	25	575.1221	408.4283	0
62	26	460.7697	153.9609	0
62	27	489.3153	117.6538	0
62	28	482.7422	645.0082	0
62	29	261.4055	40.84598	0
62	30	269.7962	90.17471	0
62	31	595.1854	475.0249	0
62	32	208.8619	-59.30365	0
62	33	319.7254	-10.39954	0
62	34	406.0211	416.0563	0
62	35	655.5545	586.2232	0
62	36	480.4205	421.8643	0
62	37	419.2936	323.9606	0
62	38	629.6519	445.5009	0
62	39	342.5101	94.01462	0
62	40	392.5575	-2.854187	0
62	41	468.2751	370.027	0
62	42	502.7167	404.7219	0
63	1	423.7309	365.0629	0
63	2	437.0874	82.8573	0
63	3	395.6807	366.0249	0
63	4	349.72	267.3301	0
63	5	559.579	524.0009	0
63	6	518.7748	260.4503	0
63	7	496.7519	373.8508	0
63	8	569.1701	378.9971	0
63	9	431.6371	53.07263	0
63	10	523.7354	472.0744	0
63	11	283.2777	-51.73639	0
63	12	289.6346	40.45523	0
63	13	348.6274	320.1467	0
63	14	417.8248	114.9671	0
63	15	359.2962	48.50342	0
63	16	446.2216	256.4035	0
63	17	387.2787	147.0603	0
63	18	367.106	80.82224	0
63	19	553.7191	438.3399	0
63	20	529.0437	320.1013	0
63	21	552.2687	643.0797	0
63	22	581.7473	577.4659	0
63	23	419.7383	271.0458	0
63	24	332.8475	45.11304	0
63	25	575.1276	408.4269	0
63	26	460.7607	153.9524	0
63	27	489.3826	117.6805	0
63	28	482.7509	645.0073	0
63	29	261.3586	40.85492	0
63	30	269.8327	90.18552	0
63	31	595.1921	475.0197	0
63	32	208.849	-59.31604	0
63	33	319.7138	-10.41064	0
63	34	406.0294	416.0555	0
63	35	655.5435	586.2105	0
63	36	480.3599	421.847	0
63	37	419.3907	323.9798	0
63	38	629.6887	445.5249	0
63	39	342.4731	94.04456	0
63	40	392.612	-2.843933	0
63	41	468.2811	370.0264	0
63	42	502.6888	404.6801	0
63	43	455.0541	315.5988	0
64	1	423.7422	365.0626	0
64	2	437.0394	82.86545	0
64	3	395.6586	365.983	0
64	4	349.724	267.3241	0
64	5	559.6705	524.012	0
64	6	518.7768	260.4452	0
64	7	496.7489	373.8398	0
64	8	569.2057	379.0069	0
64	9	431.6261	53.06229	0
64	10	523.7227	472.0622	0
64	11	283.2323	-51.74268	0
64	12	289.5885	40.46414	0
64	13	348.6133	320.1107	0
64	14	417.8156	114.9595	0
64	15	359.3088	48.50479	0
64	16	446.2268	256.3952	0
64	17	387.2313	147.075	0
64	18	367.0835	80.84314	0
64	19	553.7246	438.3345	0
64	20	529.0579	320.1011	0
64	21	552.2594	643.0939	0
64	22	581.7423	577.4355	0
64	23	419.7083	271.0707	0
64	24	332.836	45.10144	0
64	25	575.1352	408.4259	0
64	26	460.7494	153.9441	0
64	27	489.4259	117.7029	0
64	28	482.7622	645.0078	0
64	29	261.3123	40.86267	0
64	30	269.8833	90.19785	0
64	31	595.1966	475.0126	0
64	32	208.8343	-59.32965	0
64	33	319.6987	-10.42328	0
64	34	406.0404	416.0562	0
64	35	655.537	586.1991	0
64	36	480.3039	421.8379	0
64	37	419.4871	324.0056	0
64	38	629.6849	445.538	0
64	39	342.4413	94.07175	0
64	40	392.6729	-2.83551	0
64	41	468.2897	370.026	0
64	42	502.6476	404.6422	0
64	43	455.0575	315.5886	0
65	1	423.751	365.0601	0
65	2	436.992	82.8764	0
65	3	395.6227	365.9455	0
65	4	349.728	267.3187	0
65	5	559.767	524.0269	0
65	6	518.7949	260.4475	0
65	7	496.7366	373.8302	0
65	8	569.2562	379.019	0
65	9	431.6113	53.05014	0
65	10	523.7078	472.0482	0
65	11	283.1853	-51.73901	0
65	12	289.5443	40.47147	0
65	13	348.5885	320.0782	0
65	14	417.8053	114.9516	0
65	15	359.3235	48.50543	0
65	16	446.2278	256.3846	0
65	17	387.1898	147.0912	0
65	18	367.0689	80.86057	0
65	19	553.7307	438.3288	0
65	20	529.0689	320.0984	0
65	21	552.256	643.1016	0
65	22	581.7293	577.3988	0
65	23	419.6826	271.0941	0
65	24	332.8294	45.09119	0
65	25	575.1464	408.4258	0
65	26	460.7387	153.9355	0
65	27	489.4416	117.7155	0
65	28	482.776	645.0089	0
65	29	261.2672	40.8735	0
65	30	269.9471	90.20889	0
65	31	595.2008	475.0063	0
65	32	208.8254	-59.34039	0
65	33	319.6884	-10.4339	0
65	34	406.0536	416.0568	0
65	35	655.5395	586.1938	0
65	36	480.2475	421.8441	0
65	37	419.572	324.0383	0
65	38	629.6785	445.4966	0
65	39	342.4196	94.09549	0
65	40	392.7432	-2.827148	0
65	41	468.3008	370.0269	0
65	42	502.597	404.6085	0
65	43	455.058	315.5764	0
66	1	423.7571	365.0544	0
66	2	436.9451	82.89072	0
66	3	395.5775	365.9119	0
66	4	349.7314	267.3136	0
66	5	559.8665	524.0464	0
66	6	518.8309	260.4574	0
66	7	496.7235	373.8203	0
66	8	569.3214	379.0303	0
66	9	431.6002	53.03937	0
66	10	523.6982	472.0364	0
66	11	283.1392	-51.72974	0
66	12	289.5001	40.47983	0
66	13	348.5543	320.0489	0
66	14	417.7956	114.9437	0
66	15	359.3352	48.50397	0
66	16	446.2298	256.3732	0
66	17	387.1505	147.1107	0
66	18	367.0603	80.87244	0
66	19	553.7366	438.3216	0
66	20	529.0769	320.092	0
66	21	552.2572	643.1027	0
66	22	581.7067	577.3647	0
66	23	419.6653	271.1144	0
66	24	332.8286	45.08508	0
66	25	575.1605	408.427	0
66	26	460.7282	153.9253	0
66	27	489.4344	117.7129	0
66	28	482.7884	645.0083	0
66	29	261.2239	40.88727	0
66	30	270.0193	90.21725	0
66	31	595.205	475.0005	0
66	32	208.8216	-59.34918	0
66	33	319.6827	-10.44354	0
66	34	406.065	416.0557	0
66	35	655.5567	586.1958	0
66	36	480.1927	421.8592	0
66	37	419.6312	324.0693	0
66	38	629.6609	445.4465	0
66	39	342.4057	94.11279	0
66	40	392.8205	-2.815186	0
66	41	468.3143	370.0278	0
66	42	502.5397	404.5818	0
66	43	455.0585	315.5644	0
67	1	423.7616	365.0476	0
67	2	436.9036	82.90668	0
67	3	395.5233	365.8838	0
67	4	349.735	267.3089	0
67	5	559.9639	524.0737	0
67	6	518.8831	260.471	0
67	7	496.7112	373.8101	0
67	8	569.3945	379.0406	0
67	9	431.5936	53.02927	0
67	10	523.693	472.0264	0
67	11	283.0948	-51.72302	0
67	12	289.4574	40.49103	0
67	13	348.5122	320.0231	0
67	14	417.7853	114.9337	0
67	15	359.3443	48.49905	0
67	16	446.2299	256.3625	0
67	17	387.1138	147.1362	0
67	18	367.0582	80.8783	0
67	19	553.7385	438.312	0
67	20	529.0822	320.0836	0
67	21	552.2614	643.102	0
67	22	581.6738	577.3335	0
67	23	419.6544	271.1295	0
67	24	332.8395	45.08533	0
67	25	575.175	408.4266	0
67	26	460.7151	153.9136	0
67	27	489.4282	117.6761	0
67	28	482.7981	645.0055	0
67	29	261.1859	40.9025	0
67	30	270.1024	90.22696	0
67	31	595.2096	474.9953	0
67	32	208.8274	-59.35205	0
67	33	319.6849	-10.44745	0
67	34	406.0739	416.0521	0
67	35	655.5903	586.2047	0
67	36	480.1399	421.871	0
67	37	419.6585	324.0884	0
67	38	629.6299	445.4005	0
67	39	342.4003	94.12219	0
67	40	392.9007	-2.798767	0
67	41	468.3259	370.0269	0
67	42	502.4821	404.5653	0
67	43	455.0578	315.5528	0
68	1	423.7657	365.0416	0
68	2	436.8645	82.9249	0
68	3	395.4688	365.8646	0
68	4	349.7386	267.3038	0
68	5	560.0481	524.1086	0
68	6	518.9511	260.4832	0
68	7	496.6974	373.7971	0
68	8	569.4788	379.0506	0
68	9	431.5934	53.02432	0
68	10	523.6974	472.0228	0
68	11	283.0501	-51.7146	0
68	12	289.4178	40.50467	0
68	13	348.4664	320.0035	0
68	14	417.7736	114.9229	0
68	15	359.35	48.49112	0
68	16	446.2255	256.3528	0
68	17	387.0806	147.1643	0
68	18	367.061	80.87918	0
68	19	553.7404	438.3008	0
68	20	529.0873	320.0762	0
68	21	552.2664	643.1011	0
68	22	581.6339	577.3058	0
68	23	419.6502	271.1378	0
68	24	332.8651	45.09131	0
68	25	575.1862	408.4238	0
68	26	460.7063	153.9038	0
68	27	489.4119	117.64	0
68	28	482.8047	644.9988	0
68	29	261.1499	40.92108	0
68	30	270.1919	90.24109	0
68	31	595.2147	474.9898	0
68	32	208.8479	-59.34845	0
68	33	319.7008	-10.44519	0
68	34	406.0797	416.0452	0
68	35	655.6384	586.2162	0
68	36	480.0866	421.8842	0
68	37	419.65	324.0991	0
68	38	629.5845	445.3588	0
68	39	342.4017	94.12433	0
68	40	392.982	-2.777283	0
68	41	468.335	370.0236	0
68	42	502.426	404.5495	0
68	43	455.0479	315.5426	0
69	1	423.7698	365.0359	0
69	2	436.8279	82.94952	0
69	3	395.4135	365.8491	0
69	4	349.7424	267.2982	0
69	5	560.1044	524.1403	0
69	6	519.0302	260.4935	0
69	7	496.6822	373.7826	0
69	8	569.5704	379.0639	0
69	9	431.6065	53.02579	0
69	10	523.7164	472.0254	0
69	11	283.0069	-51.70313	0
69	12	289.3822	40.51987	0
69	13	348.4206	319.9914	0
69	14	417.7663	114.9141	0
69	15	359.3553	48.48392	0
69	16	446.2135	256.3439	0
69	17	387.0533	147.1898	0
69	18	367.0659	80.87909	0
69	19	553.7407	438.2901	0
69	20	529.0922	320.0693	0
69	21	552.2737	643.1003	0
69	22	581.5891	577.2836	0
69	23	419.6515	271.1398	0
69	24	332.906	45.10287	0
69	25	575.1945	408.4174	0
69	26	460.7016	153.8951	0
69	27	489.384	117.6075	0
69	28	482.8096	644.9909	0
69	29	261.1161	40.94534	0
69	30	270.2847	90.26035	0
69	31	595.2197	474.9831	0
69	32	208.8856	-59.33765	0
69	33	319.7326	-10.4361	0
69	34	406.0847	416.0379	0
69	35	655.7006	586.2265	0
69	36	480.0346	421.9001	0
69	37	419.6462	324.0541	0
69	38	629.5286	445.3217	0
69	39	342.4072	94.12372	0
69	40	393.056	-2.751465	0
69	41	468.3409	370.0168	0
69	42	502.3727	404.5464	0
69	43	455.0344	315.5326	0
70	1	423.774	365.0306	0
70	2	436.7944	82.97705	0
70	3	395.3624	365.8416	0
70	4	349.7452	267.291	0
70	5	560.1266	524.1595	0
70	6	519.1205	260.5034	0
70	7	496.6725	373.7705	0
70	8	569.665	379.0815	0
70	9	431.6346	53.0332	0
70	10	523.7513	472.0352	0
70	11	282.9674	-51.6889	0
70	12	289.3486	40.53903	0
70	13	348.377	319.9803	0
70	14	417.7629	114.907	0
70	15	359.3601	48.47705	0
70	16	446.2015	256.3348	0
70	17	387.0355	147.2113	0
70	18	367.0722	80.87915	0
70	19	553.7388	438.2798	0
70	20	529.0975	320.0627	0
70	21	552.283	643.1011	0
70	22	581.5438	577.2691	0
70	23	419.6563	271.1395	0
70	24	332.9605	45.11456	0
70	25	575.1999	408.4089	0
70	26	460.7042	153.8913	0
70	27	489.3471	117.5784	0
70	28	482.8141	644.9842	0
70	29	261.0857	40.97076	0
70	30	270.3772	90.28543	0
70	31	595.2215	474.9742	0
70	32	208.9386	-59.32416	0
70	33	319.7795	-10.42334	0
70	34	406.0891	416.0316	0
70	35	655.773	586.2357	0
70	36	479.9863	421.918	0
70	37	419.6295	324.0093	0
70	38	629.4656	445.2923	0
70	39	342.4139	94.12311	0
70	40	393.1119	-2.726868	0
70	41	468.3457	370.0095	0
70	42	502.3192	404.5559	0
70	43	455.0217	315.5222	0
71	1	423.7786	365.0248	0
71	2	436.7664	83.00186	0
71	3	395.3101	365.8476	0
71	4	349.7454	267.2822	0
71	5	560.1168	524.1629	0
71	6	519.2194	260.5175	0
71	7	496.6678	373.7609	0
71	8	569.7607	379.1053	0
71	9	431.6774	53.04535	0
71	10	523.8001	472.0465	0
71	11	282.9314	-51.67358	0
71	12	289.317	40.56342	0
71	13	348.3338	319.9805	0
71	14	417.7674	114.9048	0
71	15	359.3648	48.47031	0
71	16	446.1904	256.3251	0
71	17	387.0249	147.2261	0
71	18	367.081	80.87943	0
71	19	553.7282	438.2708	0
71	20	529.1034	320.0556	0
71	21	552.2943	643.1017	0
71	22	581.4985	577.2559	0
71	23	419.6621	271.1391	0
71	24	333.0255	45.12506	0
71	25	575.205	408.4014	0
71	26	460.7193	153.8934	0
71	27	489.3022	117.553	0
71	28	482.8188	644.9779	0
71	29	261.0615	40.99347	0
71	30	270.4585	90.31561	0
71	31	595.2227	474.9638	0
71	32	209.0064	-59.31158	0
71	33	319.8404	-10.41168	0
71	34	406.0938	416.0258	0
71	35	655.8557	586.2445	0
71	36	479.9426	421.9374	0
71	37	419.5999	323.9686	0
71	38	629.402	445.274	0
71	39	342.4239	94.1228	0
71	40	393.1414	-2.710022	0
71	41	468.3501	370.0031	0
71	42	502.2682	404.5702	0
71	43	455.0096	315.5103	0
72	1	423.7786	365.0248	0
72	2	436.7664	83.00186	0
72	3	395.3101	365.8476	0
72	4	349.7454	267.2822	0
72	5	560.1168	524.1629	0
72	6	519.2194	260.5175	0
72	7	496.6678	373.7609	0
72	8	569.7607	379.1053	0
72	9	431.6774	53.04535	0
72	10	523.8001	472.0465	0
72	11	282.9314	-51.67358	0
72	12	289.317	40.56342	0
72	13	348.3338	319.9805	0
72	14	417.7674	114.9048	0
72	15	359.3648	48.47031	0
72	16	446.1904	256.3251	0
72	17	387.0249	147.2261	0
72	18	367.081	80.87943	0
72	19	553.7282	438.2708	0
72	20	529.1034	320.0556	0
72	21	552.2943	643.1017	0
72	22	581.4985	577.2559	0
72	23	419.6621	271.1391	0
72	24	333.0255	45.12506	0
72	25	575.205	408.4014	0
72	26	460.7193	153.8934	0
72	27	489.3022	117.553	0
72	28	482.8188	644.9779	0
72	29	261.0615	40.99347	0
72	30	270.4585	90.31561	0
72	31	595.2227	474.9638	0
72	32	209.0064	-59.31158	0
72	33	319.8404	-10.41168	0
72	34	406.0938	416.0258	0
72	35	655.8557	586.2445	0
72	36	479.9426	421.9374	0
72	37	419.5999	323.9686	0
72	38	629.402	445.274	0
72	39	342.4239	94.1228	0
72	40	393.1414	-2.710022	0
72	41	468.3501	370.0031	0
72	42	502.2682	404.5702	0
72	43	455.0096	315.5103	0
17	1	423.6402	364.2471	0
18	1	423.6497	364.2444	0
18	2	439.0633	84.43741	0
19	1	423.6564	364.2386	0
19	2	439.0618	84.44244	0
19	3	397.2814	364.1005	0
20	1	423.6613	364.2313	0
20	2	439.0649	84.44302	0
20	3	397.2788	364.0936	0
20	4	344.2576	267.9923	0
21	1	423.6659	364.2249	0
21	2	439.0697	84.44287	0
21	3	397.2843	364.0917	0
21	4	344.2118	268.0109	0
21	5	560.7052	523.0685	0
22	1	423.6706	364.2189	0
22	2	439.076	84.44296	0
22	3	397.3008	364.0945	0
22	4	344.168	268.0334	0
22	5	560.7073	523.0814	0
22	6	520.5212	262.2343	0
17	1	424.0386	364.2048	0
18	1	424.0507	364.2051	0
18	2	439.6245	83.9039	0
19	1	424.0772	364.2115	0
19	2	439.5738	83.89017	0
19	3	395.4105	368.296	0
20	1	424.1184	364.2223	0
20	2	439.5233	83.87689	0
20	3	395.4227	368.3116	0
20	4	345.4897	267.8618	0
21	1	424.1728	364.2327	0
21	2	439.4746	83.8736	0
21	3	395.4139	368.2969	0
21	4	345.4536	267.8831	0
21	5	557.6833	520.0328	0
22	1	424.2368	364.2427	0
22	2	439.4256	83.88016	0
22	3	395.4034	368.248	0
22	4	345.4197	267.9102	0
22	5	557.688	520.0277	0
22	6	518.5564	259.8248	0
23	1	424.3091	364.2513	0
23	2	439.3788	83.89017	0
23	3	395.3803	368.2005	0
23	4	345.3899	267.9358	0
23	5	557.6931	520.0223	0
23	6	518.5558	259.8133	0
23	7	496.2862	371.8666	0
24	1	424.3907	364.2621	0
24	2	439.3328	83.89783	0
24	3	395.3416	368.1579	0
24	4	345.3688	267.9585	0
24	5	557.698	520.0154	0
24	6	518.5525	259.8026	0
24	7	496.3363	371.8776	0
24	8	569.3807	378.3706	0
25	1	424.4759	364.2765	0
25	2	439.2876	83.90842	0
25	3	395.2922	368.1198	0
25	4	345.3549	267.976	0
25	5	557.6993	520.0062	0
25	6	518.5404	259.793	0
25	7	496.3988	371.8879	0
25	8	569.3856	378.3617	0
25	9	432.6244	56.10675	0
26	1	424.5638	364.2958	0
26	2	439.2431	83.92191	0
26	3	395.2323	368.0873	0
26	4	345.3486	267.9861	0
26	5	557.7007	519.9958	0
26	6	518.5275	259.7831	0
26	7	496.4677	371.8968	0
26	8	569.386	378.3504	0
26	9	432.6982	56.12479	0
27	1	424.6472	364.3218	0
27	2	439.2039	83.93701	0
27	3	395.1711	368.0647	0
27	4	345.3486	267.989	0
27	5	557.7003	519.9856	0
27	6	518.5154	259.7728	0
27	7	496.5472	371.9065	0
27	8	569.3874	378.3386	0
27	9	432.7676	56.14764	0
27	10	524.9846	473.5299	0
28	1	424.7156	364.3518	0
28	2	439.167	83.9549	0
28	3	395.1091	368.0473	0
28	4	345.3532	267.9883	0
28	5	557.6981	519.9757	0
28	6	518.502	259.76	0
28	7	496.6318	371.9198	0
28	8	569.3869	378.3271	0
28	9	432.8237	56.17105	0
28	10	524.9897	473.5239	0
28	11	281.8434	-53.10291	0
29	1	424.7569	364.376	0
29	2	439.1326	83.97845	0
29	3	395.0516	368.0371	0
29	4	345.3589	267.9873	0
29	5	557.6879	519.9672	0
29	6	518.4876	259.7462	0
29	7	496.7193	371.9373	0
29	8	569.3809	378.3167	0
29	9	432.8566	56.18881	0
29	10	524.9952	473.5177	0
29	11	281.8443	-53.11414	0
29	12	290.4872	41.06015	0
30	1	424.7677	364.3899	0
30	2	439.1013	84.0047	0
30	3	394.9932	368.0423	0
30	4	345.3671	267.9866	0
30	5	557.6766	519.9584	0
30	6	518.4787	259.7347	0
30	7	496.8057	371.961	0
30	8	569.368	378.3071	0
30	9	432.8634	56.19904	0
30	10	525.0008	473.5104	0
30	11	281.8443	-53.12445	0
30	12	290.4763	41.04968	0
30	13	347.086	319.3079	0
31	1	424.7596	364.3808	0
31	2	439.0754	84.02853	0
31	3	394.9359	368.0571	0
31	4	345.3781	267.9873	0
31	5	557.6658	519.9492	0
31	6	518.4747	259.7258	0
31	7	496.881	371.9908	0
31	8	569.3553	378.2971	0
31	9	432.8568	56.18802	0
31	10	525.0042	473.5007	0
31	11	281.8373	-53.13373	0
31	12	290.4641	41.03824	0
31	13	347.055	319.3311	0
31	14	417.9682	113.1758	0
32	1	424.7509	364.3403	0
32	2	439.0584	84.0488	0
32	3	394.8809	368.0692	0
32	4	345.3915	267.9881	0
32	5	557.6544	519.938	0
32	6	518.4814	259.7233	0
32	7	496.9328	372.0182	0
32	8	569.3436	378.2863	0
32	9	432.8488	56.155	0
32	10	525.0047	473.4889	0
32	11	281.8251	-53.14252	0
32	12	290.4568	41.02911	0
32	13	347.0271	319.355	0
32	14	417.9994	113.1943	0
32	15	361.2381	47.61884	0
33	1	424.7318	364.3009	0
33	2	439.0482	84.06299	0
33	3	394.8255	368.0821	0
33	4	345.4037	267.9872	0
33	5	557.6414	519.9252	0
33	6	518.5032	259.7271	0
33	7	496.9554	372.0353	0
33	8	569.329	378.273	0
33	9	432.832	56.12308	0
33	10	525.0052	473.4772	0
33	11	281.8134	-53.15173	0
33	12	290.4538	41.02185	0
33	13	347.0051	319.3763	0
33	14	417.999	113.2042	0
33	15	361.1914	47.61148	0
33	16	447.1051	255.0842	0
34	1	424.7318	364.3009	0
34	2	439.0482	84.06299	0
34	3	394.8255	368.0821	0
34	4	345.4037	267.9872	0
34	5	557.6414	519.9252	0
34	6	518.5032	259.7271	0
34	7	496.9554	372.0353	0
34	8	569.329	378.273	0
34	9	432.832	56.12308	0
34	10	525.0052	473.4772	0
34	11	281.8134	-53.15173	0
34	12	290.4538	41.02185	0
34	13	347.0051	319.3763	0
34	14	417.999	113.2042	0
34	15	361.1914	47.61148	0
34	16	447.1051	255.0842	0
34	17	389.8691	148.6818	0
17	1	424.4594	363.2804	0
18	1	424.4704	363.2791	0
18	2	437.6625	81.86575	0
19	1	424.479	363.2752	0
19	2	437.6686	81.86499	0
19	3	396.4877	366.0233	0
20	1	424.4846	363.2681	0
20	2	437.6775	81.86459	0
20	3	396.584	366.0392	0
20	4	346.1228	266.405	0
21	1	424.4894	363.2611	0
21	2	437.6898	81.86545	0
21	3	396.683	366.061	0
21	4	346.0804	266.4154	0
21	5	556.3428	516.425	0
22	1	424.4938	363.2548	0
22	2	437.7051	81.86633	0
22	3	396.7764	366.0907	0
22	4	346.0383	266.4236	0
22	5	556.3061	516.4346	0
22	6	518.3796	262.1161	0
23	1	424.4986	363.2491	0
23	2	437.7193	81.86551	0
23	3	396.8525	366.1247	0
23	4	345.997	266.4344	0
23	5	556.2692	516.4433	0
23	6	518.3703	262.1089	0
23	7	495.0756	371.9549	0
24	1	424.5035	363.2436	0
24	2	437.7306	81.86166	0
24	3	396.8974	366.1516	0
24	4	345.9567	266.4476	0
24	5	556.2333	516.4543	0
24	6	518.3615	262.1014	0
24	7	495.0426	371.9698	0
24	8	569.2673	377.465	0
25	1	424.5088	363.2376	0
25	2	437.7383	81.85388	0
25	3	396.9079	366.1659	0
25	4	345.9214	266.4617	0
25	5	556.1987	516.4665	0
25	6	518.3517	262.0922	0
25	7	495.0113	371.9889	0
25	8	569.2324	377.4948	0
25	9	431.7212	54.97177	0
26	1	424.5134	363.2297	0
26	2	437.7441	81.84534	0
26	3	396.9	366.1511	0
26	4	345.8878	266.4786	0
26	5	556.168	516.4797	0
26	6	518.3412	262.082	0
26	7	494.9821	372.0128	0
26	8	569.2032	377.5219	0
26	9	431.679	54.98181	0
27	1	424.514	363.2195	0
27	2	437.7497	81.83762	0
27	3	396.89	366.1056	0
27	4	345.8562	266.5012	0
27	5	556.139	516.496	0
27	6	518.3347	262.0737	0
27	7	494.9569	372.0352	0
27	8	569.184	377.5457	0
27	9	431.6377	54.99466	0
27	10	525.2748	473.3949	0
28	1	424.5156	363.2089	0
28	2	437.7555	81.83041	0
28	3	396.8679	366.0616	0
28	4	345.8277	266.5253	0
28	5	556.1119	516.5173	0
28	6	518.3318	262.0672	0
28	7	494.9394	372.0551	0
28	8	569.1721	377.5626	0
28	9	431.6013	55.00897	0
28	10	525.2628	473.413	0
28	11	284.0672	-51.72339	0
29	1	424.5157	363.1987	0
29	2	437.7616	81.82312	0
29	3	396.8315	366.0221	0
29	4	345.8045	266.5468	0
29	5	556.088	516.5393	0
29	6	518.3368	262.0654	0
29	7	494.9281	372.0703	0
29	8	569.1678	377.5712	0
29	9	431.567	55.02606	0
29	10	525.2588	473.4224	0
29	11	284.057	-51.73273	0
29	12	289.7897	41.71637	0
30	1	424.5105	363.1895	0
30	2	437.7681	81.81509	0
30	3	396.7852	365.9866	0
30	4	345.7893	266.5651	0
30	5	556.07	516.559	0
30	6	518.3525	262.0682	0
30	7	494.9231	372.0789	0
30	8	569.1693	377.5722	0
30	9	431.535	55.04861	0
30	10	525.261	473.4238	0
30	11	284.0441	-51.74414	0
30	12	289.8518	41.7247	0
30	13	345.8714	322.0475	0
31	1	424.499	363.181	0
31	2	437.7745	81.80582	0
31	3	396.7292	365.9566	0
31	4	345.7803	266.5773	0
31	5	556.0585	516.5752	0
31	6	518.3804	262.076	0
31	7	494.9233	372.0809	0
31	8	569.1743	377.571	0
31	9	431.5061	55.07306	0
31	10	525.2669	473.423	0
31	11	284.0335	-51.75464	0
31	12	289.9227	41.73242	0
31	13	345.8764	322.0378	0
31	14	417.539	114.2915	0
32	1	424.4875	363.1724	0
32	2	437.7762	81.79422	0
32	3	396.672	365.9357	0
32	4	345.778	266.5827	0
32	5	556.0526	516.5855	0
32	6	518.4186	262.0849	0
32	7	494.9271	372.0802	0
32	8	569.1805	377.5699	0
32	9	431.4826	55.09494	0
32	10	525.274	473.4222	0
32	11	284.0276	-51.76398	0
32	12	290.0015	41.74396	0
32	13	345.8772	322.0258	0
32	14	417.5439	114.2854	0
32	15	361.2779	49.29459	0
33	1	424.4771	363.1628	0
33	2	437.7785	81.78101	0
33	3	396.6143	365.9195	0
33	4	345.7805	266.5829	0
33	5	556.0517	516.5893	0
33	6	518.4669	262.0931	0
33	7	494.9319	372.0791	0
33	8	569.1902	377.5692	0
33	9	431.4674	55.11331	0
33	10	525.2844	473.4217	0
33	11	284.0273	-51.76929	0
33	12	290.0832	41.75955	0
33	13	345.8789	322.0133	0
33	14	417.5488	114.2786	0
33	15	361.2829	49.28784	0
33	16	448.1236	255.7307	0
34	1	424.4639	363.1509	0
34	2	437.7786	81.76895	0
34	3	396.5607	365.9103	0
34	4	345.7852	266.582	0
34	5	556.0549	516.5892	0
34	6	518.52	262.1001	0
34	7	494.9389	372.0784	0
34	8	569.2026	377.5702	0
34	9	431.4586	55.12576	0
34	10	525.2974	473.4229	0
34	11	284.0382	-51.76862	0
34	12	290.1669	41.78049	0
34	13	345.8794	322.0015	0
34	14	417.5513	114.2698	0
34	15	361.2874	49.28156	0
34	16	448.0901	255.691	0
34	17	389.7901	148.13	0
35	1	424.4521	363.139	0
35	2	437.776	81.75784	0
35	3	396.5061	365.9154	0
35	4	345.7912	266.5814	0
35	5	556.0593	516.5884	0
35	6	518.5815	262.1075	0
35	7	494.9485	372.0789	0
35	8	569.2176	377.5706	0
35	9	431.4563	55.13202	0
35	10	525.3129	473.4237	0
35	11	284.0628	-51.76263	0
35	12	290.244	41.80661	0
35	13	345.8724	321.9907	0
35	14	417.5524	114.2595	0
35	15	361.2923	49.27554	0
35	16	448.0456	255.6553	0
35	17	389.7594	148.0995	0
35	18	365.8297	77.91464	0
36	1	424.4449	363.1283	0
36	2	437.7632	81.7478	0
36	3	396.4528	365.9292	0
36	4	345.8001	266.5811	0
36	5	556.0652	516.5878	0
36	6	518.6473	262.118	0
36	7	494.9602	372.0795	0
36	8	569.2297	377.569	0
36	9	431.4592	55.133	0
36	10	525.3254	473.4222	0
36	11	284.1019	-51.75153	0
36	12	290.304	41.8327	0
36	13	345.859	321.9808	0
36	14	417.553	114.2498	0
36	15	361.2973	49.26923	0
36	16	447.9914	255.6244	0
36	17	389.7213	148.0721	0
36	18	365.9221	77.9335	0
37	1	424.4429	363.1213	0
37	2	437.7495	81.73752	0
37	3	396.4015	365.9404	0
37	4	345.811	266.5821	0
37	5	556.0735	516.5879	0
37	6	518.7153	262.1318	0
37	7	494.9707	372.0787	0
37	8	569.2396	377.5643	0
37	9	431.4643	55.13293	0
37	10	525.3355	473.4181	0
37	11	284.1538	-51.74036	0
37	12	290.3372	41.85165	0
37	13	345.8458	321.9707	0
37	14	417.5523	114.2408	0
37	15	361.3026	49.26242	0
37	16	447.9341	255.6017	0
37	17	389.6768	148.0493	0
37	18	366.0153	77.95831	0
37	19	553.2562	437.3376	0
38	1	424.4523	363.1207	0
38	2	437.7366	81.72717	0
38	3	396.3501	365.9525	0
38	4	345.8233	266.5822	0
38	5	556.0839	516.5889	0
38	6	518.7831	262.1502	0
38	7	494.9791	372.0757	0
38	8	569.2457	377.5562	0
38	9	431.4707	55.13303	0
38	10	525.3417	473.4099	0
38	11	284.2153	-51.73047	0
38	12	290.3416	41.8616	0
38	13	345.8337	321.9594	0
38	14	417.5435	114.2327	0
38	15	361.3072	49.25403	0
38	16	447.8763	255.5867	0
38	17	389.6326	148.0344	0
38	18	366.0985	77.98828	0
38	19	553.2137	437.3511	0
38	20	529.5003	321.3779	0
39	1	424.4754	363.1257	0
39	2	437.7223	81.71393	0
39	3	396.3	365.9673	0
39	4	345.8327	266.5802	0
39	5	556.0944	516.5889	0
39	6	518.8431	262.173	0
39	7	494.9846	372.0696	0
39	8	569.2512	377.5483	0
39	9	431.48	55.13336	0
39	10	525.347	473.4017	0
39	11	284.284	-51.72253	0
39	12	290.3355	41.84286	0
39	13	345.8179	321.9454	0
39	14	417.5325	114.2247	0
39	15	361.3079	49.24387	0
39	16	447.8221	255.5749	0
39	17	389.5865	148.0221	0
39	18	366.1595	78.01645	0
39	19	553.1754	437.3658	0
39	20	529.4577	321.3984	0
39	21	555.653	653.0077	0
40	1	424.5131	363.1362	0
40	2	437.7062	81.69955	0
40	3	396.2534	365.9844	0
40	4	345.8399	266.5755	0
40	5	556.1025	516.587	0
40	6	518.8854	262.1942	0
40	7	494.989	372.063	0
40	8	569.2564	377.5412	0
40	9	431.4912	55.13455	0
40	10	525.352	473.3944	0
40	11	284.3626	-51.71167	0
40	12	290.326	41.80566	0
40	13	345.8048	321.9319	0
40	14	417.522	114.2167	0
40	15	361.3097	49.23306	0
40	16	447.7682	255.5769	0
40	17	389.5433	148.0165	0
40	18	366.1902	78.03537	0
40	19	553.14	437.3831	0
40	20	529.4177	321.4258	0
40	21	555.636	653.0317	0
40	22	580.8207	579.2762	0
41	1	424.5131	363.1362	0
41	2	437.7062	81.69955	0
41	3	396.2534	365.9844	0
41	4	345.8399	266.5755	0
41	5	556.1025	516.587	0
41	6	518.8854	262.1942	0
41	7	494.989	372.063	0
41	8	569.2564	377.5412	0
41	9	431.4912	55.13455	0
41	10	525.352	473.3944	0
41	11	284.3626	-51.71167	0
41	12	290.326	41.80566	0
41	13	345.8048	321.9319	0
41	14	417.522	114.2167	0
41	15	361.3097	49.23306	0
41	16	447.7682	255.5769	0
41	17	389.5433	148.0165	0
41	18	366.1902	78.03537	0
41	19	553.14	437.3831	0
41	20	529.4177	321.4258	0
41	21	555.636	653.0317	0
41	22	580.8207	579.2762	0
41	23	418.6769	272.2963	0
17	1	423.1665	365.5255	0
18	1	423.2098	365.5367	0
18	2	439.1465	84.9501	0
19	1	423.2668	365.5477	0
19	2	439.1519	84.94873	0
19	3	397.7375	365.0771	0
20	1	423.3339	365.5581	0
20	2	439.1684	84.95172	0
20	3	397.8208	365.0919	0
20	4	344.4629	267.6667	0
21	1	423.4097	365.5672	0
21	2	439.1973	84.96017	0
21	3	397.9055	365.112	0
21	4	344.4498	267.6533	0
21	5	559.7085	521.6906	0
22	1	423.4952	365.5785	0
22	2	439.2367	84.96948	0
22	3	397.9832	365.139	0
22	4	344.4421	267.6409	0
22	5	559.6664	521.707	0
22	6	518.4477	260.3003	0
23	1	423.5845	365.5936	0
23	2	439.2864	84.97821	0
23	3	398.0428	365.1678	0
23	4	344.4409	267.6335	0
23	5	559.6271	521.7261	0
23	6	518.4485	260.2914	0
23	7	495.6262	373.2383	0
24	1	423.6765	365.6138	0
24	2	439.3409	84.98505	0
24	3	398.075	365.1883	0
24	4	344.454	267.6339	0
24	5	559.5905	521.7513	0
24	6	518.4484	260.2828	0
24	7	495.6309	373.2316	0
24	8	569.5125	377.4487	0
25	1	423.7637	365.6411	0
25	2	439.4041	84.99292	0
25	3	398.0767	365.199	0
25	4	344.4836	267.6408	0
25	5	559.5571	521.7805	0
25	6	518.4469	260.2748	0
25	7	495.6326	373.2227	0
25	8	569.5409	377.4556	0
25	9	433.7293	52.86774	0
26	1	423.8351	365.6725	0
26	2	439.4718	85.00415	0
26	3	398.071	365.1748	0
26	4	344.5304	267.6539	0
26	5	559.5291	521.8073	0
26	6	518.4386	260.2677	0
26	7	495.6336	373.2125	0
26	8	569.5845	377.4675	0
26	9	433.7701	52.87939	0
27	1	423.878	365.6978	0
27	2	439.5419	85.0192	0
27	3	398.0598	365.1357	0
27	4	344.5926	267.6662	0
27	5	559.5109	521.8307	0
27	6	518.429	260.2604	0
27	7	495.6335	373.2026	0
27	8	569.6425	377.4784	0
27	9	433.8238	52.89014	0
27	10	523.6307	471.5649	0
28	1	423.8889	365.7123	0
28	2	439.6114	85.03876	0
28	3	398.0383	365.0988	0
28	4	344.6672	267.6772	0
28	5	559.4995	521.8476	0
28	6	518.4199	260.2529	0
28	7	495.6319	373.1931	0
28	8	569.7118	377.4883	0
28	9	433.8878	52.89932	0
28	10	523.6018	471.5897	0
28	11	284.9238	-48.409	0
29	1	423.8803	365.7022	0
29	2	439.6725	85.06171	0
29	3	398.0047	365.0657	0
29	4	344.752	267.6863	0
29	5	559.4954	521.8558	0
29	6	518.4105	260.2438	0
29	7	495.6224	373.1848	0
29	8	569.7908	377.4968	0
29	9	433.9608	52.9072	0
29	10	523.5773	471.6131	0
29	11	284.8843	-48.40314	0
29	12	289.8087	40.52597	0
30	1	423.8712	365.6599	0
30	2	439.7149	85.08212	0
30	3	397.963	365.0361	0
30	4	344.8475	267.6986	0
30	5	559.4972	521.8566	0
30	6	518.3995	260.2336	0
30	7	495.6113	373.1763	0
30	8	569.8787	377.5081	0
30	9	434.0422	52.91858	0
30	10	523.5609	471.6336	0
30	11	284.8465	-48.39642	0
30	12	289.8181	40.52625	0
30	13	346.6617	319.0345	0
31	1	423.8511	365.6186	0
31	2	439.7343	85.09506	0
31	3	397.914	365.0118	0
31	4	344.9474	267.7153	0
31	5	559.5022	521.8552	0
31	6	518.3923	260.225	0
31	7	495.6009	373.1676	0
31	8	569.9698	377.5233	0
31	9	434.1267	52.93411	0
31	10	523.5506	471.6487	0
31	11	284.8091	-48.39056	0
31	12	289.8296	40.5275	0
31	13	346.6347	319.0576	0
31	14	417.1433	116.0185	0
32	1	423.8179	365.5812	0
32	2	439.7276	85.10345	0
32	3	397.8651	364.9961	0
32	4	345.0504	267.738	0
32	5	559.5084	521.8538	0
32	6	518.3886	260.2178	0
32	7	495.5901	373.157	0
32	8	570.0634	377.544	0
32	9	434.2137	52.95514	0
32	10	523.5468	471.6569	0
32	11	284.7728	-48.38202	0
32	12	289.8429	40.52805	0
32	13	346.6149	319.0782	0
32	14	417.2027	116.0254	0
32	15	359.4879	48.48752	0
33	1	423.7756	365.5474	0
33	2	439.7245	85.07193	0
33	3	397.8162	364.9823	0
33	4	345.1486	267.7684	0
33	5	559.5178	521.8528	0
33	6	518.3919	260.215	0
33	7	495.5773	373.145	0
33	8	570.1525	377.5723	0
33	9	434.2958	52.98187	0
33	10	523.5482	471.6585	0
33	11	284.7378	-48.37103	0
33	12	289.8536	40.5267	0
33	13	346.6018	319.0946	0
33	14	417.2689	116.035	0
33	15	359.4388	48.49823	0
33	16	447.0273	256.3656	0
34	1	423.7247	365.5186	0
34	2	439.7121	85.04047	0
34	3	397.7703	364.9773	0
34	4	345.2296	267.803	0
34	5	559.5301	521.8538	0
34	6	518.4061	260.2172	0
34	7	495.569	373.1348	0
34	8	570.2269	377.605	0
34	9	434.3633	53.0097	0
34	10	523.5527	471.6579	0
34	11	284.7071	-48.35883	0
34	12	289.8618	40.52222	0
34	13	346.5954	319.1046	0
34	14	417.3377	116.0479	0
34	15	359.3903	48.50616	0
34	16	447.0102	256.3864	0
34	17	388.0644	146.8078	0
35	1	423.6732	365.4978	0
35	2	439.6908	85.01147	0
35	3	397.7236	364.9839	0
35	4	345.279	267.8314	0
35	5	559.5446	521.8542	0
35	6	518.4325	260.2245	0
35	7	495.5648	373.1259	0
35	8	570.2718	377.6311	0
35	9	434.4033	53.0311	0
35	10	523.5583	471.6572	0
35	11	284.678	-48.34387	0
35	12	289.867	40.51501	0
35	13	346.5948	319.1076	0
35	14	417.4082	116.0652	0
35	15	359.3425	48.51694	0
35	16	446.9998	256.4008	0
35	17	388.1246	146.8202	0
35	18	366.8034	82.3132	0
36	1	423.619	365.4825	0
36	2	439.6606	84.98511	0
36	3	397.6785	364.9962	0
36	4	345.2935	267.8467	0
36	5	559.5564	521.8526	0
36	6	518.4695	260.2335	0
36	7	495.5685	373.1223	0
36	8	570.2832	377.645	0
36	9	434.4129	53.04245	0
36	10	523.5663	471.6567	0
36	11	284.6507	-48.32428	0
36	12	289.8719	40.50848	0
36	13	346.5984	319.1071	0
36	14	417.4739	116.0871	0
36	15	359.2955	48.53137	0
36	16	446.9965	256.4077	0
36	17	388.1969	146.8311	0
36	18	366.8292	82.3287	0
37	1	423.5683	365.4727	0
37	2	439.624	84.96198	0
37	3	397.6345	365.0053	0
37	4	345.2846	267.837	0
37	5	559.5659	521.8484	0
37	6	518.5171	260.2419	0
37	7	495.5847	373.1246	0
37	8	570.2753	377.6317	0
37	9	434.4059	53.02982	0
37	10	523.5765	471.6576	0
37	11	284.6262	-48.30402	0
37	12	289.8762	40.50223	0
37	13	346.6032	319.1061	0
37	14	417.5261	116.1096	0
37	15	359.2542	48.54727	0
37	16	446.999	256.4083	0
37	17	388.2793	146.8399	0
37	18	366.8282	82.33786	0
37	19	551.3078	436.9638	0
38	1	423.5172	365.4762	0
38	2	439.5837	84.94354	0
38	3	397.5906	365.0163	0
38	4	345.2758	267.7901	0
38	5	559.5717	521.8405	0
38	6	518.57	260.2492	0
38	7	495.615	373.1329	0
38	8	570.2653	377.5881	0
38	9	434.397	52.99084	0
38	10	523.5889	471.6584	0
38	11	284.6068	-48.28589	0
38	12	289.8804	40.49619	0
38	13	346.6101	319.1054	0
38	14	417.5557	116.1264	0
38	15	359.2151	48.56561	0
38	16	447.004	256.4073	0
38	17	388.3721	146.8521	0
38	18	366.8232	82.31537	0
38	19	551.3053	436.9701	0
38	20	526.5051	319.2892	0
39	1	423.4671	365.4882	0
39	2	439.543	84.93298	0
39	3	397.5476	365.0296	0
39	4	345.2546	267.7444	0
39	5	559.5768	521.8327	0
39	6	518.6312	260.2565	0
39	7	495.6577	373.143	0
39	8	570.244	377.5458	0
39	9	434.3775	52.95322	0
39	10	523.5993	471.6574	0
39	11	284.5941	-48.27118	0
39	12	289.8847	40.48932	0
39	13	346.6196	319.1057	0
39	14	417.5604	116.136	0
39	15	359.1783	48.59039	0
39	16	447.0104	256.4066	0
39	17	388.4691	146.869	0
39	18	366.8128	82.28247	0
39	19	551.3076	436.9708	0
39	20	526.5544	319.2976	0
39	21	555.4158	648.6183	0
40	1	423.4191	365.4985	0
40	2	439.5028	84.9227	0
40	3	397.5089	365.0444	0
40	4	345.2185	267.7034	0
40	5	559.5815	521.8259	0
40	6	518.6976	260.2665	0
40	7	495.7124	373.1525	0
40	8	570.2087	377.5079	0
40	9	434.3455	52.91962	0
40	10	523.6075	471.6543	0
40	11	284.587	-48.26154	0
40	12	289.8893	40.48199	0
40	13	346.6312	319.1065	0
40	14	417.5544	116.1226	0
40	15	359.1447	48.61777	0
40	16	447.02	256.4063	0
40	17	388.5692	146.8918	0
40	18	366.7934	82.25137	0
40	19	551.3123	436.9702	0
40	20	526.6088	319.305	0
40	21	555.3795	648.6384	0
40	22	581.827	579.2535	0
41	1	423.3709	365.5096	0
41	2	439.4638	84.92102	0
41	3	397.4731	365.0609	0
41	4	345.1716	267.6666	0
41	5	559.5867	521.8201	0
41	6	518.7663	260.2799	0
41	7	495.7733	373.1611	0
41	8	570.1639	377.4738	0
41	9	434.3046	52.88947	0
41	10	523.6127	471.648	0
41	11	284.5858	-48.2569	0
41	12	289.8929	40.47296	0
41	13	346.6424	319.106	0
41	14	417.5461	116.0909	0
41	15	359.1167	48.64227	0
41	16	447.032	256.4073	0
41	17	388.6649	146.9214	0
41	18	366.764	82.2233	0
41	19	551.3181	436.9696	0
41	20	526.6719	319.3126	0
41	21	555.3456	648.6647	0
41	22	581.9038	579.2627	0
41	23	419.9244	272.1143	0
42	1	423.3242	365.5233	0
42	2	439.4247	84.92679	0
42	3	397.4391	365.0825	0
42	4	345.1145	267.635	0
42	5	559.5924	521.8145	0
42	6	518.8355	260.2978	0
42	7	495.8439	373.1694	0
42	8	570.1102	377.4449	0
42	9	434.2553	52.8638	0
42	10	523.617	471.6413	0
42	11	284.5889	-48.25616	0
42	12	289.8931	40.46225	0
42	13	346.651	319.1033	0
42	14	417.5295	116.0605	0
42	15	359.098	48.66327	0
42	16	447.0459	256.4075	0
42	17	388.7448	146.9544	0
42	18	366.7278	82.19824	0
42	19	551.3265	436.9694	0
42	20	526.7398	319.3229	0
42	21	555.3156	648.6927	0
42	22	581.9848	579.275	0
42	23	420.0043	272.1237	0
42	24	333.167	46.08435	0
43	1	423.2805	365.5388	0
43	2	439.3875	84.93466	0
43	3	397.4078	365.1084	0
43	4	345.0554	267.6125	0
43	5	559.5984	521.8083	0
43	6	518.8981	260.3205	0
43	7	495.9205	373.1806	0
43	8	570.0552	377.4247	0
43	9	434.2049	52.84619	0
43	10	523.621	471.6354	0
43	11	284.5936	-48.2561	0
43	12	289.894	40.45135	0
43	13	346.6571	319.0976	0
43	14	417.5027	116.033	0
43	15	359.0865	48.67786	0
43	16	447.0567	256.4057	0
43	17	388.7942	146.9811	0
43	18	366.6862	82.17764	0
43	19	551.337	436.9705	0
43	20	526.81	319.3367	0
43	21	555.2921	648.7179	0
43	22	582.0683	579.2911	0
43	23	420.0915	272.1367	0
43	24	333.1729	46.0838	0
43	25	574.4883	409.6498	0
44	1	423.2413	365.556	0
44	2	439.3506	84.94092	0
44	3	397.3808	365.1324	0
44	4	344.9956	267.5964	0
44	5	559.6032	521.7996	0
44	6	518.9447	260.3427	0
44	7	495.9998	373.1955	0
44	8	569.9991	377.4092	0
44	9	434.1538	52.83316	0
44	10	523.6251	471.6301	0
44	11	284.5995	-48.25592	0
44	12	289.8941	40.44135	0
44	13	346.6617	319.0909	0
44	14	417.4694	116.0082	0
44	15	359.0828	48.68527	0
44	16	447.0652	256.4008	0
44	17	388.8096	146.9958	0
44	18	366.6447	82.16489	0
44	19	551.3491	436.9709	0
44	20	526.8802	319.3552	0
44	21	555.2772	648.7391	0
44	22	582.1501	579.3137	0
44	23	420.1818	272.154	0
44	24	333.1818	46.08362	0
44	25	574.4949	409.6487	0
44	26	460.9617	151.6265	0
45	1	423.2043	365.5776	0
45	2	439.3146	84.94958	0
45	3	397.3624	365.1536	0
45	4	344.94	267.5856	0
45	5	559.6039	521.7885	0
45	6	518.9684	260.3578	0
45	7	496.0798	373.2155	0
45	8	569.9475	377.4001	0
45	9	434.1066	52.82556	0
45	10	523.6296	471.625	0
45	11	284.6078	-48.25543	0
45	12	289.8874	40.43228	0
45	13	346.666	319.0849	0
45	14	417.4299	115.9874	0
45	15	359.085	48.68646	0
45	16	447.0706	256.393	0
45	17	388.801	146.9877	0
45	18	366.6021	82.15363	0
45	19	551.3586	436.9694	0
45	20	526.9431	319.3786	0
45	21	555.2691	648.7532	0
45	22	582.2213	579.3433	0
45	23	420.2729	272.1772	0
45	24	333.1933	46.08466	0
45	25	574.5051	409.648	0
45	26	460.9155	151.593	0
45	27	489.9702	117.2963	0
46	1	423.1698	365.6053	0
46	2	439.2792	84.96057	0
46	3	397.3506	365.1693	0
46	4	344.8833	267.5893	0
46	5	559.6053	521.7769	0
46	6	518.9662	260.3668	0
46	7	496.1521	373.2418	0
46	8	569.8961	377.4049	0
46	9	434.0587	52.8288	0
46	10	523.6345	471.6193	0
46	11	284.6177	-48.25446	0
46	12	289.8756	40.42361	0
46	13	346.6705	319.0793	0
46	14	417.3904	115.9732	0
46	15	359.0901	48.68585	0
46	16	447.0755	256.386	0
46	17	388.7925	146.9424	0
46	18	366.5618	82.14948	0
46	19	551.3663	436.9657	0
46	20	526.9888	319.4013	0
46	21	555.2675	648.7585	0
46	22	582.2691	579.3704	0
46	23	420.3552	272.2068	0
46	24	333.2071	46.08521	0
46	25	574.5181	409.6491	0
46	26	460.8602	151.5647	0
46	27	489.9266	117.3058	0
47	1	423.1393	365.6326	0
47	2	439.2481	84.97281	0
47	3	397.3459	365.1777	0
47	4	344.8274	267.6023	0
47	5	559.6053	521.7656	0
47	6	518.9615	260.3424	0
47	7	496.2061	373.2682	0
47	8	569.8464	377.4182	0
47	9	434.0121	52.8389	0
47	10	523.6386	471.6119	0
47	11	284.6283	-48.25433	0
47	12	289.8643	40.41479	0
47	13	346.675	319.0743	0
47	14	417.3488	115.9622	0
47	15	359.0967	48.68555	0
47	16	447.0801	256.3794	0
47	17	388.7719	146.8984	0
47	18	366.5206	82.15405	0
47	19	551.3708	436.9591	0
47	20	527.011	319.4162	0
47	21	555.2711	648.7585	0
47	22	582.2883	579.387	0
47	23	420.4162	272.2361	0
47	24	333.2189	46.08398	0
47	25	574.5333	409.6494	0
47	26	460.8041	151.5457	0
47	27	489.8835	117.3133	0
47	28	482.246	648.7046	0
48	1	423.1172	365.6569	0
48	2	439.2188	84.9874	0
48	3	397.3467	365.1792	0
48	4	344.7738	267.6136	0
48	5	559.5984	521.7554	0
48	6	518.9506	260.3105	0
48	7	496.2339	373.2865	0
48	8	569.7986	377.429	0
48	9	433.9672	52.84674	0
48	10	523.639	471.6024	0
48	11	284.6364	-48.25592	0
48	12	289.8539	40.40494	0
48	13	346.6798	319.0688	0
48	14	417.3102	115.9564	0
48	15	359.1065	48.68542	0
48	16	447.0849	256.3735	0
48	17	388.7368	146.8589	0
48	18	366.4809	82.16254	0
48	19	551.375	436.9528	0
48	20	527.0067	319.4254	0
48	21	555.2765	648.7573	0
48	22	582.2802	579.3907	0
48	23	420.4477	272.2563	0
48	24	333.2281	46.07956	0
48	25	574.5455	409.6476	0
48	26	460.7475	151.5308	0
48	27	489.8412	117.3236	0
48	28	482.2467	648.693	0
48	29	261.2957	43.79636	0
49	1	423.1029	365.6761	0
49	2	439.1914	85.00677	0
49	3	397.3512	365.1783	0
49	4	344.7198	267.6252	0
49	5	559.5856	521.746	0
49	6	518.9311	260.2807	0
49	7	496.2318	373.2972	0
49	8	569.7502	377.4405	0
49	9	433.9221	52.85559	0
49	10	523.6402	471.5923	0
49	11	284.6424	-48.26056	0
49	12	289.8405	40.39319	0
49	13	346.6846	319.0622	0
49	14	417.2709	115.9595	0
49	15	359.1187	48.68652	0
49	16	447.0902	256.3673	0
49	17	388.6913	146.8234	0
49	18	366.4422	82.16888	0
49	19	551.379	436.9471	0
49	20	527.0025	319.3968	0
49	21	555.2836	648.7563	0
49	22	582.2742	579.3509	0
49	23	420.4456	272.2682	0
49	24	333.2341	46.07211	0
49	25	574.5552	409.6426	0
49	26	460.6951	151.5231	0
49	27	489.7996	117.3366	0
49	28	482.2484	648.681	0
49	29	261.2974	43.79761	0
49	30	273.3557	93.12433	0
50	1	423.0963	365.6879	0
50	2	439.1667	85.02768	0
50	3	397.3567	365.1772	0
50	4	344.6674	267.6398	0
50	5	559.573	521.7365	0
50	6	518.9022	260.2536	0
50	7	496.2264	373.2694	0
50	8	569.7029	377.4548	0
50	9	433.8782	52.86752	0
50	10	523.6398	471.5825	0
50	11	284.6463	-48.26648	0
50	12	289.8301	40.38242	0
50	13	346.6862	319.0534	0
50	14	417.2328	115.9677	0
50	15	359.1329	48.68683	0
50	16	447.0956	256.3606	0
50	17	388.6357	146.7928	0
50	18	366.4039	82.17728	0
50	19	551.3831	436.942	0
50	20	526.9905	319.3641	0
50	21	555.2937	648.756	0
50	22	582.2573	579.3113	0
50	23	420.4395	272.2378	0
50	24	333.2394	46.06488	0
50	25	574.5612	409.6342	0
50	26	460.642	151.528	0
50	27	489.7629	117.3509	0
50	28	482.2485	648.6689	0
50	29	261.3019	43.79712	0
50	30	273.3594	93.1192	0
50	31	596.9611	477.5823	0
51	1	423.0961	365.6917	0
51	2	439.1466	85.04657	0
51	3	397.3649	365.1765	0
51	4	344.6183	267.6573	0
51	5	559.5615	521.7257	0
51	6	518.8669	260.2295	0
51	7	496.214	373.2322	0
51	8	569.6584	377.4711	0
51	9	433.8371	52.88214	0
51	10	523.6349	471.5735	0
51	11	284.6502	-48.27148	0
51	12	289.8243	40.37268	0
51	13	346.6878	319.0434	0
51	14	417.196	115.9741	0
51	15	359.1443	48.68506	0
51	16	447.0996	256.3516	0
51	17	388.5778	146.771	0
51	18	366.3665	82.18817	0
51	19	551.3878	436.9368	0
51	20	526.9697	319.3338	0
51	21	555.3062	648.7574	0
51	22	582.2292	579.2755	0
51	23	420.4259	272.196	0
51	24	333.2442	46.05814	0
51	25	574.5665	409.6263	0
51	26	460.5905	151.5402	0
51	27	489.7284	117.3681	0
51	28	482.242	648.658	0
51	29	261.3074	43.79681	0
51	30	273.363	93.11389	0
51	31	596.9626	477.5704	0
51	32	210.7668	-59.23505	0
52	1	423.101	365.6916	0
52	2	439.1336	85.06235	0
52	3	397.3756	365.1772	0
52	4	344.5743	267.6759	0
52	5	559.5464	521.7122	0
52	6	518.827	260.2099	0
52	7	496.1916	373.1974	0
52	8	569.6185	377.4886	0
52	9	433.8	52.89789	0
52	10	523.624	471.5653	0
52	11	284.6537	-48.27661	0
52	12	289.8243	40.36716	0
52	13	346.688	319.034	0
52	14	417.1592	115.9818	0
52	15	359.1531	48.67972	0
52	16	447.1002	256.3406	0
52	17	388.5194	146.7559	0
52	18	366.3331	82.20065	0
52	19	551.3925	436.9309	0
52	20	526.9396	319.3062	0
52	21	555.3196	648.7575	0
52	22	582.1915	579.2426	0
52	23	420.401	272.1567	0
52	24	333.2494	46.05182	0
52	25	574.5715	409.6191	0
52	26	460.5409	151.5493	0
52	27	489.696	117.3907	0
52	28	482.2287	648.6481	0
52	29	261.3156	43.79669	0
52	30	273.3668	93.10788	0
52	31	596.962	477.5587	0
52	32	210.7548	-59.24634	0
52	33	319.4408	-10.38879	0
53	1	423.107	365.6909	0
53	2	439.1259	85.07312	0
53	3	397.3885	365.1778	0
53	4	344.5325	267.6993	0
53	5	559.5336	521.699	0
53	6	518.7868	260.1978	0
53	7	496.1584	373.1656	0
53	8	569.5804	377.5108	0
53	9	433.765	52.918	0
53	10	523.6133	471.5567	0
53	11	284.6571	-48.28174	0
53	12	289.8362	40.36798	0
53	13	346.6865	319.025	0
53	14	417.1234	115.9919	0
53	15	359.1587	48.67178	0
53	16	447.1013	256.3296	0
53	17	388.465	146.7453	0
53	18	366.3021	82.21509	0
53	19	551.3959	436.9231	0
53	20	526.903	319.2818	0
53	21	555.3298	648.7554	0
53	22	582.1459	579.2139	0
53	23	420.3639	272.1212	0
53	24	333.2546	46.04507	0
53	25	574.5771	409.6129	0
53	26	460.491	151.56	0
53	27	489.6669	117.4155	0
53	28	482.2156	648.638	0
53	29	261.3257	43.79761	0
53	30	273.3705	93.10086	0
53	31	596.9563	477.5479	0
53	32	210.7407	-59.25885	0
53	33	319.4379	-10.38141	0
53	34	407.5522	415.3843	0
54	1	423.1154	365.6904	0
54	2	439.124	85.07846	0
54	3	397.3995	365.1766	0
54	4	344.4932	267.7298	0
54	5	559.5257	521.6868	0
54	6	518.7462	260.1866	0
54	7	496.1179	373.1374	0
54	8	569.545	377.5394	0
54	9	433.7323	52.94366	0
54	10	523.6033	471.5475	0
54	11	284.6607	-48.28766	0
54	12	289.862	40.37442	0
54	13	346.6769	319.0172	0
54	14	417.0905	116.0037	0
54	15	359.1641	48.66464	0
54	16	447.1015	256.3192	0
54	17	388.41	146.7482	0
54	18	366.2731	82.23386	0
54	19	551.3962	436.9134	0
54	20	526.8622	319.2622	0
54	21	555.3378	648.7507	0
54	22	582.0974	579.192	0
54	23	420.3183	272.0894	0
54	24	333.2601	46.03787	0
54	25	574.5832	409.6066	0
54	26	460.4424	151.5739	0
54	27	489.6432	117.4379	0
54	28	482.2036	648.6268	0
54	29	261.3376	43.79791	0
54	30	273.3711	93.09229	0
54	31	596.9434	477.5382	0
54	32	210.7319	-59.26874	0
54	33	319.4413	-10.38	0
54	34	407.5635	415.3835	0
54	35	653.5845	584.4753	0
55	1	423.1265	365.691	0
55	2	439.1264	85.07928	0
55	3	397.4081	365.173	0
55	4	344.4582	267.7595	0
55	5	559.5237	521.6788	0
55	6	518.7078	260.1833	0
55	7	496.0718	373.1145	0
55	8	569.514	377.567	0
55	9	433.7035	52.96786	0
55	10	523.5911	471.5361	0
55	11	284.6644	-48.29407	0
55	12	289.9026	40.38568	0
55	13	346.6663	319.0092	0
55	14	417.0607	116.0169	0
55	15	359.1692	48.65784	0
55	16	447.0938	256.3098	0
55	17	388.3557	146.7598	0
55	18	366.2463	82.2558	0
55	19	551.3969	436.9037	0
55	20	526.821	319.2502	0
55	21	555.3427	648.743	0
55	22	582.0475	579.1774	0
55	23	420.2662	272.0635	0
55	24	333.265	46.02905	0
55	25	574.5895	409.5997	0
55	26	460.3972	151.5905	0
55	27	489.6278	117.4568	0
55	28	482.1882	648.6125	0
55	29	261.3472	43.79657	0
55	30	273.3722	93.08282	0
55	31	596.9305	477.528	0
55	32	210.7277	-59.27692	0
55	33	319.4474	-10.38	0
55	34	407.5724	415.3804	0
55	35	653.5359	584.4741	0
55	36	477.2294	420.7971	0
56	1	423.1402	365.6922	0
56	2	439.1308	85.07916	0
56	3	397.4137	365.1661	0
56	4	344.4323	267.786	0
56	5	559.5348	521.6784	0
56	6	518.6691	260.1887	0
56	7	496.0256	373.0999	0
56	8	569.4917	377.5916	0
56	9	433.6829	52.98938	0
56	10	523.58	471.5244	0
56	11	284.6665	-48.30194	0
56	12	289.9561	40.39667	0
56	13	346.6564	319.001	0
56	14	417.0327	116.0338	0
56	15	359.1743	48.65137	0
56	16	447.0815	256.301	0
56	17	388.3037	146.7701	0
56	18	366.2235	82.276	0
56	19	551.3966	436.8941	0
56	20	526.7799	319.2389	0
56	21	555.3472	648.7358	0
56	22	581.9996	579.1649	0
56	23	420.2142	272.0472	0
56	24	333.2659	46.01834	0
56	25	574.5944	409.5902	0
56	26	460.3562	151.6083	0
56	27	489.6187	117.4698	0
56	28	482.1747	648.5981	0
56	29	261.3546	43.79236	0
56	30	273.3719	93.07413	0
56	31	596.9185	477.5171	0
56	32	210.7324	-59.27924	0
56	33	319.455	-10.37976	0
56	34	407.5783	415.3741	0
56	35	653.4883	584.4843	0
56	36	477.2293	420.7906	0
57	1	423.1531	365.6918	0
57	2	439.1362	85.07928	0
57	3	397.4187	365.1591	0
57	4	344.4151	267.8072	0
57	5	559.5613	521.6843	0
57	6	518.6324	260.1978	0
57	7	495.9788	373.0866	0
57	8	569.4774	377.611	0
57	9	433.6693	53.00592	0
57	10	523.5732	471.5141	0
57	11	284.6669	-48.31085	0
57	12	290.0188	40.40659	0
57	13	346.6456	318.9906	0
57	14	417.0065	116.0548	0
57	15	359.1798	48.64426	0
57	16	447.0696	256.2921	0
57	17	388.2516	146.7804	0
57	18	366.2082	82.29352	0
57	19	551.3896	436.8856	0
57	20	526.7407	319.2364	0
57	21	555.3517	648.7295	0
57	22	581.9531	579.1655	0
57	23	420.1612	272.0325	0
57	24	333.2677	46.00681	0
57	25	574.5952	409.5784	0
57	26	460.3175	151.6312	0
57	27	489.6161	117.4764	0
57	28	482.1665	648.5847	0
57	29	261.3594	43.7858	0
57	30	273.3692	93.06613	0
57	31	596.904	477.5035	0
57	32	210.7508	-59.27618	0
57	33	319.4657	-10.37921	0
57	34	407.583	415.3671	0
57	35	653.4434	584.4976	0
57	36	477.2415	420.7911	0
57	37	419.1862	323.9819	0
58	1	423.1632	365.6891	0
58	2	439.1441	85.07947	0
58	3	397.4232	365.1529	0
58	4	344.4066	267.8202	0
58	5	559.6034	521.6956	0
58	6	518.5963	260.2046	0
58	7	495.9343	373.0826	0
58	8	569.4706	377.6225	0
58	9	433.6629	53.01584	0
58	10	523.5714	471.5068	0
58	11	284.6671	-48.31964	0
58	12	290.0895	40.41476	0
58	13	346.6333	318.9789	0
58	14	416.9836	116.0747	0
58	15	359.1855	48.63684	0
58	16	447.0588	256.2817	0
58	17	388.2008	146.7941	0
58	18	366.1986	82.30612	0
58	19	551.3787	436.8775	0
58	20	526.7015	319.2427	0
58	21	555.3566	648.7242	0
58	22	581.9073	579.1763	0
58	23	420.1108	272.0278	0
58	24	333.2679	45.9964	0
58	25	574.5965	409.5663	0
58	26	460.2816	151.6602	0
58	27	489.6188	117.4774	0
58	28	482.1643	648.5756	0
58	29	261.3639	43.77979	0
58	30	273.3598	93.05884	0
58	31	596.8903	477.4895	0
58	32	210.7851	-59.26593	0
58	33	319.4787	-10.37787	0
58	34	407.5872	415.361	0
58	35	653.3984	584.5081	0
58	36	477.2677	420.7975	0
58	37	419.1758	323.9743	0
58	38	624.6049	441.9467	0
59	1	423.1702	365.6828	0
59	2	439.1537	85.08054	0
59	3	397.428	365.1472	0
59	4	344.4056	267.8245	0
59	5	559.6595	521.7063	0
59	6	518.5607	260.2135	0
59	7	495.8897	373.0893	0
59	8	569.47	377.6258	0
59	9	433.6626	53.01917	0
59	10	523.58	471.5058	0
59	11	284.6667	-48.32745	0
59	12	290.1698	40.42596	0
59	13	346.6255	318.9692	0
59	14	416.9677	116.0923	0
59	15	359.1898	48.62732	0
59	16	447.0441	256.2693	0
59	17	388.1527	146.8109	0
59	18	366.1952	82.31311	0
59	19	551.3682	436.8691	0
59	20	526.6642	319.2521	0
59	21	555.3618	648.7189	0
59	22	581.8639	579.1884	0
59	23	420.0598	272.0347	0
59	24	333.2635	45.98679	0
59	25	574.5966	409.5545	0
59	26	460.2501	151.6872	0
59	27	489.6238	117.4773	0
59	28	482.1753	648.5745	0
59	29	261.3679	43.77408	0
59	30	273.35	93.05124	0
59	31	596.8821	477.4772	0
59	32	210.8336	-59.25317	0
59	33	319.4934	-10.37732	0
59	34	407.5916	415.3553	0
59	35	653.3546	584.5216	0
59	36	477.308	420.8079	0
59	37	419.1655	323.9664	0
59	38	624.5826	441.9707	0
59	39	341.3217	92.80002	0
60	1	423.1752	365.6749	0
60	2	439.1646	85.08078	0
60	3	397.4331	365.1418	0
60	4	344.4104	267.824	0
60	5	559.7275	521.7162	0
60	6	518.5255	260.2244	0
60	7	495.8472	373.1005	0
60	8	569.4742	377.6251	0
60	9	433.6669	53.01901	0
60	10	523.6015	471.5103	0
60	11	284.6594	-48.33472	0
60	12	290.2541	40.44131	0
60	13	346.6217	318.9612	0
60	14	416.9575	116.1056	0
60	15	359.1906	48.61591	0
60	16	447.0329	256.2579	0
60	17	388.1098	146.8288	0
60	18	366.1967	82.31482	0
60	19	551.3586	436.8596	0
60	20	526.6274	319.2594	0
60	21	555.3672	648.7123	0
60	22	581.8205	579.1989	0
60	23	420.0109	272.0467	0
60	24	333.2515	45.97806	0
60	25	574.5885	409.544	0
60	26	460.2281	151.7112	0
60	27	489.6301	117.4773	0
60	28	482.2022	648.5801	0
60	29	261.372	43.76868	0
60	30	273.341	93.04343	0
60	31	596.8795	477.4685	0
60	32	210.8956	-59.24194	0
60	33	319.5049	-10.37897	0
60	34	407.5961	415.3501	0
60	35	653.3109	584.5365	0
60	36	477.3613	420.8178	0
60	37	419.1559	323.958	0
60	38	624.5686	441.9905	0
60	39	341.3358	92.80099	0
60	40	393.7658	-3.791687	0
61	1	423.1799	365.6681	0
61	2	439.173	85.07947	0
61	3	397.4384	365.136	0
61	4	344.4166	267.8229	0
61	5	559.8052	521.7247	0
61	6	518.4941	260.2365	0
61	7	495.8055	373.1089	0
61	8	569.4795	377.6238	0
61	9	433.6721	53.0184	0
61	10	523.6368	471.5197	0
61	11	284.6497	-48.34167	0
61	12	290.3412	40.46201	0
61	13	346.6262	318.9586	0
61	14	416.9532	116.1134	0
61	15	359.1921	48.6044	0
61	16	447.0262	256.2471	0
61	17	388.0691	146.8512	0
61	18	366.2012	82.31476	0
61	19	551.3458	436.8483	0
61	20	526.5912	319.269	0
61	21	555.37	648.7032	0
61	22	581.7781	579.212	0
61	23	419.9631	272.0557	0
61	24	333.2395	45.96906	0
61	25	574.575	409.5343	0
61	26	460.2137	151.7294	0
61	27	489.6392	117.4775	0
61	28	482.2457	648.5916	0
61	29	261.3761	43.76285	0
61	30	273.3307	93.03366	0
61	31	596.8892	477.4671	0
61	32	210.9658	-59.23346	0
61	33	319.5137	-10.38452	0
61	34	407.601	415.3446	0
61	35	653.2724	584.5523	0
61	36	477.4234	420.8275	0
61	37	419.1443	323.9473	0
61	38	624.5613	442.0033	0
61	39	341.3674	92.80884	0
61	40	393.7212	-3.782654	0
61	41	469.2041	370.4232	0
62	1	423.1845	365.6616	0
62	2	439.1796	85.0755	0
62	3	397.4431	365.1283	0
62	4	344.4254	267.8221	0
62	5	559.892	521.735	0
62	6	518.465	260.2506	0
62	7	495.7643	373.1198	0
62	8	569.4875	377.6228	0
62	9	433.6798	53.01816	0
62	10	523.684	471.5292	0
62	11	284.6406	-48.34888	0
62	12	290.4236	40.48822	0
62	13	346.6428	318.9611	0
62	14	416.9536	116.1159	0
62	15	359.1926	48.59384	0
62	16	447.0258	256.2412	0
62	17	388.0308	146.8805	0
62	18	366.2066	82.31473	0
62	19	551.336	436.8376	0
62	20	526.5555	319.2803	0
62	21	555.3707	648.6921	0
62	22	581.7366	579.2263	0
62	23	419.9159	272.0674	0
62	24	333.2285	45.95953	0
62	25	574.5618	409.5243	0
62	26	460.2073	151.7401	0
62	27	489.6504	117.4786	0
62	28	482.3039	648.6024	0
62	29	261.3804	43.75668	0
62	30	273.3203	93.02338	0
62	31	596.9146	477.4723	0
62	32	211.0467	-59.22406	0
62	33	319.5192	-10.39258	0
62	34	407.6058	415.3376	0
62	35	653.2361	584.5715	0
62	36	477.4941	420.8359	0
62	37	419.1331	323.9363	0
62	38	624.5599	442.0082	0
62	39	341.4171	92.82303	0
62	40	393.6777	-3.770508	0
62	41	469.3028	370.4484	0
62	42	503.6554	404.5063	0
63	1	423.1893	365.6556	0
63	2	439.1836	85.06952	0
63	3	397.4439	365.1183	0
63	4	344.4376	267.8224	0
63	5	559.9825	521.749	0
63	6	518.4376	260.269	0
63	7	495.7236	373.1326	0
63	8	569.4985	377.6232	0
63	9	433.6903	53.01886	0
63	10	523.7415	471.5384	0
63	11	284.6319	-48.3573	0
63	12	290.4904	40.51575	0
63	13	346.6732	318.9698	0
63	14	416.9576	116.1159	0
63	15	359.1853	48.58426	0
63	16	447.0383	256.2421	0
63	17	387.9968	146.9091	0
63	18	366.2143	82.31482	0
63	19	551.3302	436.8276	0
63	20	526.5239	319.2927	0
63	21	555.3709	648.6812	0
63	22	581.7	579.2418	0
63	23	419.8695	272.0816	0
63	24	333.215	45.94754	0
63	25	574.5498	409.5129	0
63	26	460.2073	151.7432	0
63	27	489.6632	117.4791	0
63	28	482.3745	648.6128	0
63	29	261.3841	43.74887	0
63	30	273.3143	93.01501	0
63	31	596.9561	477.4835	0
63	32	211.1348	-59.21002	0
63	33	319.5246	-10.3996	0
63	34	407.6068	415.3282	0
63	35	653.2023	584.5969	0
63	36	477.5734	420.8464	0
63	37	419.1264	323.9268	0
63	38	624.5636	442.0083	0
63	39	341.4828	92.8364	0
63	40	393.6381	-3.756042	0
63	41	469.3912	370.4815	0
63	42	503.5977	404.4777	0
63	43	454.8453	314.883	0
64	1	423.1945	365.649	0
64	2	439.1875	85.06418	0
64	3	397.4458	365.1077	0
64	4	344.4525	267.8235	0
64	5	560.0756	521.7679	0
64	6	518.4128	260.2903	0
64	7	495.6873	373.1466	0
64	8	569.5128	377.6242	0
64	9	433.7032	53.01959	0
64	10	523.8055	471.5465	0
64	11	284.6209	-48.367	0
64	12	290.5306	40.53726	0
64	13	346.7156	318.9799	0
64	14	416.9624	116.1158	0
64	15	359.1728	48.57529	0
64	16	447.0655	256.2489	0
64	17	387.9715	146.9345	0
64	18	366.2239	82.31586	0
64	19	551.33	436.8217	0
64	20	526.4942	319.3075	0
64	21	555.3699	648.67	0
64	22	581.6655	579.2607	0
64	23	419.8282	272.0974	0
64	24	333.2022	45.93549	0
64	25	574.5336	409.499	0
64	26	460.2122	151.7427	0
64	27	489.6732	117.4776	0
64	28	482.4551	648.6217	0
64	29	261.3846	43.73956	0
64	30	273.3123	93.00891	0
64	31	597.0118	477.4948	0
64	32	211.2265	-59.19073	0
64	33	319.5293	-10.40649	0
64	34	407.6084	415.3178	0
64	35	653.1721	584.6245	0
64	36	477.656	420.8602	0
64	37	419.1241	323.9202	0
64	38	624.5689	442.0075	0
64	39	341.5614	92.84796	0
64	40	393.6018	-3.740173	0
64	41	469.4553	370.5143	0
64	42	503.5396	404.4589	0
64	43	454.8539	314.8837	0
65	1	423.1997	365.6411	0
65	2	439.191	85.05908	0
65	3	397.446	365.0977	0
65	4	344.467	267.8229	0
65	5	560.1651	521.7946	0
65	6	518.392	260.3099	0
65	7	495.6535	373.163	0
65	8	569.5258	377.6235	0
65	9	433.7154	53.01883	0
65	10	523.8787	471.5556	0
65	11	284.6136	-48.37494	0
65	12	290.5414	40.54974	0
65	13	346.7697	318.989	0
65	14	416.9691	116.1158	0
65	15	359.1606	48.56616	0
65	16	447.1076	256.2604	0
65	17	387.9548	146.9548	0
65	18	366.2352	82.31647	0
65	19	551.3413	436.8222	0
65	20	526.4666	319.3269	0
65	21	555.3604	648.6606	0
65	22	581.6332	579.2856	0
65	23	419.7897	272.1158	0
65	24	333.1947	45.92529	0
65	25	574.5204	409.4858	0
65	26	460.2182	151.7419	0
65	27	489.6812	117.4731	0
65	28	482.5458	648.632	0
65	29	261.3859	43.72989	0
65	30	273.3187	93.00772	0
65	31	597.08	477.5058	0
65	32	211.3187	-59.16583	0
65	33	319.534	-10.41351	0
65	34	407.6082	415.3079	0
65	35	653.148	584.6497	0
65	36	477.741	420.8789	0
65	37	419.1317	323.9194	0
65	38	624.576	442.0069	0
65	39	341.651	92.85751	0
65	40	393.5675	-3.719421	0
65	41	469.4868	370.5354	0
65	42	503.4816	404.4425	0
65	43	454.8643	314.8844	0
66	1	423.201	365.6307	0
66	2	439.1946	85.05411	0
66	3	397.4415	365.0884	0
66	4	344.4783	267.8195	0
66	5	560.2414	521.8279	0
66	6	518.3782	260.3268	0
66	7	495.6219	373.1844	0
66	8	569.5362	377.6202	0
66	9	433.7249	53.01547	0
66	10	523.9557	471.5677	0
66	11	284.6099	-48.38214	0
66	12	290.5332	40.54175	0
66	13	346.831	318.9963	0
66	14	416.9779	116.1166	0
66	15	359.1495	48.55585	0
66	16	447.163	256.2711	0
66	17	387.9464	146.9674	0
66	18	366.2446	82.31552	0
66	19	551.3657	436.8282	0
66	20	526.4415	319.3486	0
66	21	555.348	648.6512	0
66	22	581.6046	579.312	0
66	23	419.7537	272.1398	0
66	24	333.1923	45.91873	0
66	25	574.5125	409.4733	0
66	26	460.2269	151.7414	0
66	27	489.686	117.4661	0
66	28	482.6407	648.6458	0
66	29	261.3863	43.7211	0
66	30	273.3364	93.01102	0
66	31	597.1561	477.5154	0
66	32	211.4006	-59.13641	0
66	33	319.5388	-10.4212	0
66	34	407.6054	415.2986	0
66	35	653.1328	584.6713	0
66	36	477.8214	420.9043	0
66	37	419.1516	323.9233	0
66	38	624.586	442.007	0
66	39	341.7516	92.87115	0
66	40	393.5355	-3.69397	0
66	41	469.4814	370.5471	0
66	42	503.4276	404.4365	0
66	43	454.8736	314.8839	0
67	1	423.2023	365.619	0
67	2	439.1985	85.04852	0
67	3	397.4302	365.0801	0
67	4	344.4861	267.8123	0
67	5	560.2894	521.8563	0
67	6	518.3699	260.3389	0
67	7	495.593	373.2093	0
67	8	569.5434	377.6133	0
67	9	433.7313	53.00882	0
67	10	524.0351	471.5839	0
67	11	284.612	-48.38507	0
67	12	290.5255	40.50314	0
67	13	346.9015	319.0042	0
67	14	416.9886	116.1173	0
67	15	359.1346	48.54337	0
67	16	447.229	256.2805	0
67	17	387.9452	146.972	0
67	18	366.252	82.31216	0
67	19	551.403	436.8377	0
67	20	526.4208	319.3686	0
67	21	555.3362	648.6413	0
67	22	581.5823	579.3358	0
67	23	419.7206	272.1677	0
67	24	333.2012	45.91837	0
67	25	574.5109	409.4658	0
67	26	460.2387	151.7422	0
67	27	489.6905	117.4597	0
67	28	482.7385	648.6646	0
67	29	261.381	43.71307	0
67	30	273.367	93.01984	0
67	31	597.2427	477.5261	0
67	32	211.4597	-59.1095	0
67	33	319.5439	-10.42957	0
67	34	407.5947	415.2904	0
67	35	653.124	584.686	0
67	36	477.8872	420.9337	0
67	37	419.1849	323.9329	0
67	38	624.5985	442.0082	0
67	39	341.8566	92.8898	0
67	40	393.5077	-3.670837	0
67	41	469.4764	370.5062	0
67	42	503.373	404.4444	0
67	43	454.8809	314.8815	0
68	1	423.2023	365.619	0
68	2	439.1985	85.04852	0
68	3	397.4302	365.0801	0
68	4	344.4861	267.8123	0
68	5	560.2894	521.8563	0
68	6	518.3699	260.3389	0
68	7	495.593	373.2093	0
68	8	569.5434	377.6133	0
68	9	433.7313	53.00882	0
68	10	524.0351	471.5839	0
68	11	284.612	-48.38507	0
68	12	290.5255	40.50314	0
68	13	346.9015	319.0042	0
68	14	416.9886	116.1173	0
68	15	359.1346	48.54337	0
68	16	447.229	256.2805	0
68	17	387.9452	146.972	0
68	18	366.252	82.31216	0
68	19	551.403	436.8377	0
68	20	526.4208	319.3686	0
68	21	555.3362	648.6413	0
68	22	581.5823	579.3358	0
68	23	419.7206	272.1677	0
68	24	333.2012	45.91837	0
68	25	574.5109	409.4658	0
68	26	460.2387	151.7422	0
68	27	489.6905	117.4597	0
68	28	482.7385	648.6646	0
68	29	261.381	43.71307	0
68	30	273.367	93.01984	0
68	31	597.2427	477.5261	0
68	32	211.4597	-59.1095	0
68	33	319.5439	-10.42957	0
68	34	407.5947	415.2904	0
68	35	653.124	584.686	0
68	36	477.8872	420.9337	0
68	37	419.1849	323.9329	0
68	38	624.5985	442.0082	0
68	39	341.8566	92.8898	0
68	40	393.5077	-3.670837	0
68	41	469.4764	370.5062	0
68	42	503.373	404.4444	0
68	43	454.8809	314.8815	0
