17	1	399.4416	369.4109	0
18	1	399.4511	369.4072	0
18	2	414.8033	83.88721	0
19	1	399.4572	369.3999	0
19	2	414.7504	83.86145	0
19	3	371.6995	371.2163	0
20	1	399.4624	369.3922	0
20	2	414.6974	83.84604	0
20	3	371.6705	371.2415	0
20	4	322.1983	270.1199	0
21	1	399.467	369.3854	0
21	2	414.6436	83.83182	0
21	3	371.6467	371.2644	0
21	4	322.15	270.0901	0
21	5	537.2765	527.8809	0
22	1	399.4718	369.379	0
22	2	414.5925	83.82721	0
22	3	371.6312	371.284	0
22	4	322.097	270.0673	0
22	5	537.2337	527.8942	0
22	6	498.0926	266.0121	0
23	1	399.4768	369.3728	0
23	2	414.5409	83.83337	0
23	3	371.622	371.2975	0
23	4	322.0441	270.0536	0
23	5	537.1931	527.9087	0
23	6	498.0856	266.0207	0
23	7	471.7184	377.4203	0
24	1	399.4821	369.3658	0
24	2	414.4914	83.84406	0
24	3	371.6195	371.304	0
24	4	321.9935	270.0406	0
24	5	537.1567	527.9247	0
24	6	498.0819	265.9822	0
24	7	471.7231	377.4146	0
24	8	545.7839	382.101	0
25	1	399.4868	369.3571	0
25	2	414.4429	83.85205	0
25	3	371.6223	371.3047	0
25	4	321.9436	270.0403	0
25	5	537.1226	527.9446	0
25	6	498.0669	265.9441	0
25	7	471.7261	377.4067	0
25	8	545.8475	382.1282	0
25	9	409.3798	55.67224	0
26	1	399.4872	369.346	0
26	2	414.395	83.86288	0
26	3	371.6273	371.3041	0
26	4	321.8932	270.0498	0
26	5	537.0906	527.9704	0
26	6	498.041	265.9094	0
26	7	471.7268	377.3972	0
26	8	545.8873	382.1507	0
26	9	409.3842	55.67169	0
27	1	399.4886	369.3342	0
27	2	414.348	83.87683	0
27	3	371.6337	371.3037	0
27	4	321.8452	270.0615	0
27	5	537.0627	527.9963	0
27	6	498.0047	265.878	0
27	7	471.7275	377.3879	0
27	8	545.899	382.1637	0
27	9	409.39	55.67142	0
27	10	502.5847	481.6581	0
28	1	399.4883	369.3229	0
28	2	414.3062	83.89261	0
28	3	371.6428	371.3036	0
28	4	321.7975	270.0707	0
28	5	537.0421	528.0196	0
28	6	497.96	265.8503	0
28	7	471.7272	377.3789	0
28	8	545.8915	382.1574	0
28	9	409.3986	55.6716	0
28	10	502.5771	481.6326	0
28	11	255.1804	-60.37982	0
29	1	399.4829	369.3125	0
29	2	414.2672	83.91104	0
29	3	371.6539	371.3047	0
29	4	321.7509	270.083	0
29	5	537.029	528.0383	0
29	6	497.9108	265.8287	0
29	7	471.7195	377.371	0
29	8	545.8837	382.1207	0
29	9	409.4092	55.67245	0
29	10	502.5639	481.585	0
29	11	255.117	-60.3952	0
29	12	264.2222	41.12131	0
30	1	399.4704	369.3031	0
30	2	414.2308	83.93515	0
30	3	371.6666	371.3051	0
30	4	321.7054	270.0981	0
30	5	537.0226	528.0499	0
30	6	497.8613	265.816	0
30	7	471.7089	377.3633	0
30	8	545.8661	382.0847	0
30	9	409.4208	55.67239	0
30	10	502.5385	481.5399	0
30	11	255.0577	-60.40588	0
30	12	264.2616	41.14288	0
30	13	321.0447	327.0798	0
31	1	399.4579	369.2932	0
31	2	414.1975	83.96289	0
31	3	371.6765	371.3036	0
31	4	321.6655	270.1141	0
31	5	537.0221	528.0536	0
31	6	497.8139	265.8036	0
31	7	471.6988	377.3555	0
31	8	545.8373	382.0521	0
31	9	409.4296	55.67035	0
31	10	502.4983	481.4993	0
31	11	254.9969	-60.4035	0
31	12	264.2707	41.15433	0
31	13	321.0086	327.0363	0
31	14	391.3261	113.1958	0
32	1	399.4542	369.2901	0
32	2	414.1883	83.97089	0
32	3	371.6791	371.3027	0
32	4	321.6538	270.1194	0
32	5	537.0229	528.0538	0
32	6	497.8002	265.8018	0
32	7	471.6961	377.353	0
32	8	545.827	382.0428	0
32	9	409.432	55.6691	0
32	10	502.4843	481.488	0
32	11	254.9786	-60.40082	0
32	12	264.2675	41.15695	0
32	13	320.9953	327.024	0
32	14	391.3278	113.1932	0
32	15	334.2059	48.01276	0
33	1	399.4508	369.2871	0
33	2	414.1795	83.97842	0
33	3	371.6815	371.3015	0
33	4	321.6423	270.125	0
33	5	537.0242	528.0536	0
33	6	497.7865	265.8012	0
33	7	471.6933	377.3503	0
33	8	545.816	382.034	0
33	9	409.4341	55.6676	0
33	10	502.4695	481.477	0
33	11	254.9604	-60.39746	0
33	12	264.2634	41.15704	0
33	13	320.981	327.0122	0
33	14	391.3297	113.1908	0
33	15	334.2078	48.0127	0
33	16	423.8172	261.1546	0
34	1	399.4475	369.2838	0
34	2	414.1718	83.9859	0
34	3	371.6835	371.3001	0
34	4	321.6311	270.1311	0
34	5	537.0257	528.0535	0
34	6	497.7727	265.8022	0
34	7	471.6903	377.3473	0
34	8	545.8045	382.0253	0
34	9	409.4359	55.66589	0
34	10	502.4537	481.4664	0
34	11	254.9425	-60.39362	0
34	12	264.2638	41.1452	0
34	13	320.9659	327.0007	0
34	14	391.3314	113.1885	0
34	15	334.2097	48.01257	0
34	16	423.8175	261.1581	0
34	17	363.7375	148.9837	0
35	1	399.4441	369.2801	0
35	2	414.1649	83.99304	0
35	3	371.6853	371.2983	0
35	4	321.6202	270.1378	0
35	5	537.0272	528.0533	0
35	6	497.7589	265.8036	0
35	7	471.6867	377.3441	0
35	8	545.7922	382.017	0
35	9	409.4373	55.66397	0
35	10	502.4368	481.4563	0
35	11	254.925	-60.38995	0
35	12	264.2629	41.13333	0
35	13	320.9499	326.9897	0
35	14	391.3331	113.1862	0
35	15	334.2118	48.0126	0
35	16	423.8153	261.1613	0
35	17	363.7215	148.9785	0
35	18	342.8693	80.00995	0
36	1	399.44	369.2762	0
36	2	414.1591	83.99988	0
36	3	371.6867	371.2961	0
36	4	321.6095	270.1453	0
36	5	537.0287	528.053	0
36	6	497.7452	265.8058	0
36	7	471.6829	377.3407	0
36	8	545.7791	382.0092	0
36	9	409.4387	55.66187	0
36	10	502.4193	481.447	0
36	11	254.9076	-60.3869	0
36	12	264.2608	41.1214	0
36	13	320.9326	326.9791	0
36	14	391.3347	113.184	0
36	15	334.2141	48.0127	0
36	16	423.811	261.1642	0
36	17	363.7048	148.9742	0
36	18	342.8543	80.00665	0
37	1	399.4355	369.2722	0
37	2	414.1539	84.00626	0
37	3	371.6881	371.294	0
37	4	321.5988	270.1535	0
37	5	537.0304	528.0527	0
37	6	497.7316	265.8088	0
37	7	471.6788	377.3375	0
37	8	545.7656	382.0018	0
37	9	409.4399	55.65985	0
37	10	502.4012	481.4384	0
37	11	254.8904	-60.38434	0
37	12	264.2577	41.10953	0
37	13	320.9144	326.9692	0
37	14	391.3363	113.1816	0
37	15	334.2166	48.01276	0
37	16	423.8093	261.1576	0
37	17	363.6874	148.9706	0
37	18	342.8391	80.00348	0
37	19	533.1016	446.7975	0
38	1	399.4308	369.2682	0
38	2	414.1492	84.01199	0
38	3	371.6894	371.2919	0
38	4	321.5884	270.1618	0
38	5	537.0321	528.0524	0
38	6	497.7182	265.8123	0
38	7	471.6753	377.3339	0
38	8	545.7517	381.9951	0
38	9	409.4413	55.65799	0
38	10	502.3834	481.4305	0
38	11	254.873	-60.3822	0
38	12	264.2536	41.09775	0
38	13	320.8956	326.96	0
38	14	391.338	113.1794	0
38	15	334.2195	48.01276	0
38	16	423.8088	261.1459	0
38	17	363.6703	148.9655	0
38	18	342.824	79.99869	0
38	19	533.1023	446.7935	0
38	20	506.1007	324.3292	0
39	1	399.4265	369.264	0
39	2	414.1452	84.01721	0
39	3	371.6908	371.2899	0
39	4	321.5785	270.1702	0
39	5	537.0341	528.0522	0
39	6	497.7051	265.816	0
39	7	471.6723	377.3305	0
39	8	545.738	381.9888	0
39	9	409.4426	55.65625	0
39	10	502.3656	481.4236	0
39	11	254.8558	-60.37946	0
39	12	264.2486	41.086	0
39	13	320.8768	326.9517	0
39	14	391.3397	113.1773	0
39	15	334.2227	48.01276	0
39	16	423.807	261.1342	0
39	17	363.6534	148.9603	0
39	18	342.8095	79.9946	0
39	19	533.1033	446.7895	0
39	20	506.1033	324.3282	0
39	21	532.2435	654.7277	0
40	1	399.4227	369.2596	0
40	2	414.1418	84.02185	0
40	3	371.6922	371.2879	0
40	4	321.5689	270.1783	0
40	5	537.0363	528.0521	0
40	6	497.6922	265.8192	0
40	7	471.6696	377.328	0
40	8	545.7245	381.9833	0
40	9	409.4439	55.65457	0
40	10	502.3479	481.4178	0
40	11	254.8385	-60.37628	0
40	12	264.2427	41.07452	0
40	13	320.8582	326.9442	0
40	14	391.3414	113.1752	0
40	15	334.2262	48.01294	0
40	16	423.8043	261.1226	0
40	17	363.6375	148.9568	0
40	18	342.7956	79.99194	0
40	19	533.104	446.7856	0
40	20	506.1057	324.327	0
40	21	532.2291	654.7211	0
40	22	561.4067	591.4344	0
