63	1	355.0419	182.208	0
63	2	611.9084	194.6924	0
63	3	357.4114	168.0612	0
63	4	444.2533	138.0102	0
63	5	167.1241	284.4689	0
63	6	450.231	250.1928	0
63	7	337.6693	234.4633	0
63	8	322.9371	297.6509	0
63	9	639.1122	196.2179	0
63	10	232.4974	255.1278	0
63	11	690.7684	112.5807	0
63	12	617.0032	118.3846	0
63	13	399.5497	137.375	0
63	14	579.6208	187.2102	0
63	15	626.9447	148.7316	0
63	16	454.5327	199.5537	0
63	17	545.6547	166.4167	0
63	18	601.9692	156.5585	0
63	19	258.8818	277.48	0
63	20	387.6528	259.4775	0
63	21	32.75649	282.4815	0
63	22	84.92157	301.8513	0
63	23	438.7184	179.7224	0
63	24	623.9805	133.9366	0
63	25	285.8636	297.4644	0
63	26	553.6852	210.8186	0
63	27	592.7259	226.5726	0
63	28	74.07475	223.1005	0
63	29	611.0508	107.6606	0
63	30	576.2126	109.8591	0
63	31	199.8297	320.3655	0
63	32	676.5558	81.89032	0
63	33	665.4113	127.946	0
63	34	310.571	173.3083	0
63	35	36.87261	383.9655	0
63	36	294.8014	218.9791	0
63	37	392.5673	181.4922	0
63	38	229.5841	347.7513	0
63	39	582.6321	144.3398	0
63	40	680.6693	168.4009	0
63	41	345.422	213.2358	0
63	42	305.8142	233.3259	0
63	43	397.3128	201.9877	0
64	1	355.0263	182.2357	0
64	2	611.9103	194.6964	0
64	3	357.4292	168.033	0
64	4	444.2906	138.0027	0
64	5	167.129	284.4727	0
64	6	450.2463	250.1491	0
64	7	337.6689	234.4685	0
64	8	322.9421	297.6561	0
64	9	639.1119	196.1906	0
64	10	232.4789	255.1016	0
64	11	690.7617	112.5791	0
64	12	617.0089	118.386	0
64	13	399.5209	137.4297	0
64	14	579.6075	187.1869	0
64	15	626.9544	148.7044	0
64	16	454.5325	199.5627	0
64	17	545.6389	166.4516	0
64	18	601.9583	156.5814	0
64	19	258.8816	277.4353	0
64	20	387.6424	259.4399	0
64	21	32.76007	282.4515	0
64	22	84.93497	301.7964	0
64	23	438.7087	179.6897	0
64	24	623.9706	133.933	0
64	25	285.8556	297.4832	0
64	26	553.6874	210.8645	0
64	27	592.7276	226.6204	0
64	28	74.05051	223.1238	0
64	29	611.0553	107.6622	0
64	30	576.2018	109.8823	0
64	31	199.825	320.3783	0
64	32	676.5621	81.89157	0
64	33	665.4154	127.9214	0
64	34	310.5759	173.3109	0
64	35	36.79268	384.0713	0
64	36	294.8003	218.9862	0
64	37	392.5565	181.4648	0
64	38	229.6061	347.7367	0
64	39	582.617	144.3202	0
64	40	680.6756	168.3941	0
64	41	345.3833	213.2946	0
64	42	305.8329	233.315	0
64	43	397.3192	201.9912	0
65	1	355.0093	182.2722	0
65	2	611.9124	194.7021	0
65	3	357.4449	168.0054	0
65	4	444.3245	137.9881	0
65	5	167.1332	284.4764	0
65	6	450.2548	250.1082	0
65	7	337.6677	234.4756	0
65	8	322.9485	297.6604	0
65	9	639.1072	196.1648	0
65	10	232.4611	255.0793	0
65	11	690.7612	112.5806	0
65	12	617.0156	118.3869	0
65	13	399.4869	137.4753	0
65	14	579.5923	187.1646	0
65	15	626.9557	148.6778	0
65	16	454.5342	199.57	0
65	17	545.6249	166.4714	0
65	18	601.9504	156.5911	0
65	19	258.8784	277.3921	0
65	20	387.6298	259.406	0
65	21	32.75762	282.4233	0
65	22	84.95206	301.7422	0
65	23	438.6998	179.6572	0
65	24	623.9679	133.9336	0
65	25	285.8355	297.5177	0
65	26	553.6901	210.9176	0
65	27	592.7335	226.6746	0
65	28	74.01639	223.1577	0
65	29	611.0596	107.6638	0
65	30	576.1923	109.8946	0
65	31	199.8242	320.3882	0
65	32	676.5691	81.89316	0
65	33	665.413	127.8961	0
65	34	310.5805	173.313	0
65	35	36.70467	384.1802	0
65	36	294.7971	218.9949	0
65	37	392.5439	181.4402	0
65	38	229.6238	347.7282	0
65	39	582.6016	144.3031	0
65	40	680.6815	168.3902	0
65	41	345.3451	213.3382	0
65	42	305.848	233.3089	0
65	43	397.3249	201.9944	0
66	1	354.9917	182.3144	0
66	2	611.9139	194.7093	0
66	3	357.4496	167.9766	0
66	4	444.3551	137.9675	0
66	5	167.1372	284.4798	0
66	6	450.2497	250.0648	0
66	7	337.6649	234.484	0
66	8	322.954	297.6642	0
66	9	639.0938	196.1371	0
66	10	232.4441	255.0642	0
66	11	690.7626	112.5834	0
66	12	617.0228	118.387	0
66	13	399.4561	137.5049	0
66	14	579.5765	187.145	0
66	15	626.9562	148.6515	0
66	16	454.5385	199.5752	0
66	17	545.6162	166.476	0
66	18	601.9439	156.5868	0
66	19	258.8724	277.3542	0
66	20	387.6153	259.3747	0
66	21	32.74895	282.397	0
66	22	84.96468	301.6891	0
66	23	438.6881	179.6259	0
66	24	623.9688	133.9366	0
66	25	285.8094	297.5662	0
66	26	553.6898	210.9753	0
66	27	592.7415	226.737	0
66	28	73.97607	223.2015	0
66	29	611.064	107.6648	0
66	30	576.1849	109.896	0
66	31	199.8284	320.3951	0
66	32	676.5768	81.89377	0
66	33	665.4088	127.8716	0
66	34	310.5858	173.3153	0
66	35	36.61107	384.2814	0
66	36	294.7934	219.0052	0
66	37	392.5275	181.417	0
66	38	229.6356	347.7256	0
66	39	582.5845	144.287	0
66	40	680.6868	168.3888	0
66	41	345.3183	213.3615	0
66	42	305.8585	233.3073	0
66	43	397.3309	201.9976	0
67	1	354.9745	182.3617	0
67	2	611.9161	194.7177	0
67	3	357.4461	167.9468	0
67	4	444.382	137.9417	0
67	5	167.1418	284.4835	0
67	6	450.2363	250.0214	0
67	7	337.6624	234.4937	0
67	8	322.9591	297.6682	0
67	9	639.0757	196.1095	0
67	10	232.4314	255.0548	0
67	11	690.7643	112.5869	0
67	12	617.03	118.3872	0
67	13	399.4376	137.5178	0
67	14	579.5594	187.1267	0
67	15	626.9493	148.6256	0
67	16	454.5456	199.5788	0
67	17	545.6248	166.4721	0
67	18	601.9731	156.5858	0
67	19	258.8629	277.3184	0
67	20	387.5953	259.3453	0
67	21	32.73906	282.374	0
67	22	84.9743	301.6382	0
67	23	438.6738	179.5967	0
67	24	623.9702	133.9402	0
67	25	285.7806	297.6282	0
67	26	553.6855	211.0354	0
67	27	592.7465	226.8058	0
67	28	73.93209	223.2498	0
67	29	611.0689	107.6658	0
67	30	576.1949	109.8933	0
67	31	199.8352	320.4003	0
67	32	676.5856	81.89426	0
67	33	665.395	127.8455	0
67	34	310.5927	173.3176	0
67	35	36.52299	384.3609	0
67	36	294.7921	219.014	0
67	37	392.5053	181.395	0
67	38	229.6347	347.7354	0
67	39	582.564	144.2718	0
67	40	680.6899	168.3922	0
67	41	345.3053	213.3632	0
67	42	305.8589	233.3146	0
67	43	397.3376	202.001	0
68	1	354.954	182.4163	0
68	2	611.9196	194.7253	0
68	3	357.4417	167.9182	0
68	4	444.4028	137.9126	0
68	5	167.1488	284.4868	0
68	6	450.2256	249.9799	0
68	7	337.6622	234.5016	0
68	8	322.9635	297.6719	0
68	9	639.0601	196.0831	0
68	10	232.4245	255.052	0
68	11	690.7665	112.5915	0
68	12	617.0364	118.3875	0
68	13	399.4289	137.5121	0
68	14	579.5391	187.1095	0
68	15	626.9334	148.5977	0
68	16	454.5523	199.5825	0
68	17	545.6564	166.4685	0
68	18	602.0001	156.5796	0
68	19	258.846	277.2845	0
68	20	387.5699	259.3176	0
68	21	32.72718	282.3581	0
68	22	84.97924	301.5938	0
68	23	438.6586	179.5709	0
68	24	623.972	133.9451	0
68	25	285.7514	297.6956	0
68	26	553.676	211.0953	0
68	27	592.7474	226.8776	0
68	28	73.88364	223.3057	0
68	29	611.0743	107.6671	0
68	30	576.2199	109.8905	0
68	31	199.8411	320.4054	0
68	32	676.5932	81.8945	0
68	33	665.3745	127.8186	0
68	34	310.6023	173.3178	0
68	35	36.46356	384.4062	0
68	36	294.794	219.0205	0
68	37	392.4829	181.375	0
68	38	229.6208	347.7616	0
68	39	582.5419	144.2577	0
68	40	680.6924	168.4026	0
68	41	345.3261	213.3585	0
68	42	305.8494	233.3342	0
68	43	397.347	202.0033	0
69	1	354.9295	182.4741	0
69	2	611.9249	194.731	0
69	3	357.4383	167.89	0
69	4	444.4151	137.8846	0
69	5	167.1599	284.4871	0
69	6	450.2139	249.9382	0
69	7	337.6648	234.5072	0
69	8	322.9684	297.6757	0
69	9	639.0428	196.0567	0
69	10	232.4226	255.0543	0
69	11	690.7687	112.5967	0
69	12	617.041	118.3842	0
69	13	399.4693	137.5114	0
69	14	579.5162	187.0934	0
69	15	626.914	148.5702	0
69	16	454.5584	199.5856	0
69	17	545.6857	166.4594	0
69	18	602.0225	156.5674	0
69	19	258.8241	277.2532	0
69	20	387.5462	259.2932	0
69	21	32.71712	282.3478	0
69	22	84.97869	301.5511	0
69	23	438.6397	179.5463	0
69	24	623.9734	133.9512	0
69	25	285.7194	297.7744	0
69	26	553.6601	211.1467	0
69	27	592.7424	226.9502	0
69	28	73.82887	223.3681	0
69	29	611.0804	107.6675	0
69	30	576.2427	109.8836	0
69	31	199.8463	320.4103	0
69	32	676.6	81.89447	0
69	33	665.355	127.7927	0
69	34	310.6125	173.3185	0
69	35	36.44053	384.4141	0
69	36	294.8002	219.0248	0
69	37	392.4625	181.36	0
69	38	229.5926	347.8062	0
69	39	582.5221	144.2457	0
69	40	680.6932	168.4214	0
69	41	345.3679	213.3519	0
69	42	305.8282	233.3679	0
69	43	397.3585	202.0038	0
70	1	354.8997	182.5339	0
70	2	611.9326	194.735	0
70	3	357.4322	167.8627	0
70	4	444.4269	137.8573	0
70	5	167.1709	284.488	0
70	6	450.1991	249.8982	0
70	7	337.671	234.511	0
70	8	322.9745	297.6797	0
70	9	639.0237	196.0316	0
70	10	232.4216	255.059	0
70	11	690.7717	112.6028	0
70	12	617.0449	118.3798	0
70	13	399.5102	137.5038	0
70	14	579.4954	187.0792	0
70	15	626.8973	148.5437	0
70	16	454.564	199.5886	0
70	17	545.7102	166.4434	0
70	18	602.0405	156.5502	0
70	19	258.8034	277.2265	0
70	20	387.5248	259.2762	0
70	21	32.71049	282.3438	0
70	22	84.96783	301.511	0
70	23	438.6146	179.5229	0
70	24	623.9755	133.958	0
70	25	285.6818	297.8608	0
70	26	553.6426	211.1816	0
70	27	592.7295	227.0145	0
70	28	73.7691	223.4334	0
70	29	611.0874	107.6678	0
70	30	576.2615	109.872	0
70	31	199.8504	320.415	0
70	32	676.6039	81.89053	0
70	33	665.3356	127.7672	0
70	34	310.6225	173.3186	0
70	35	36.46495	384.4049	0
70	36	294.8067	219.0289	0
70	37	392.4461	181.3498	0
70	38	229.5588	347.8664	0
70	39	582.5059	144.2374	0
70	40	680.6962	168.4478	0
70	41	345.4095	213.3377	0
70	42	305.8033	233.4136	0
70	43	397.3698	202.0046	0
71	1	354.8642	182.5901	0
71	2	611.9403	194.7383	0
71	3	357.4242	167.8372	0
71	4	444.4274	137.8291	0
71	5	167.1824	284.4881	0
71	6	450.1818	249.8617	0
71	7	337.6769	234.5149	0
71	8	322.9836	297.6808	0
71	9	639.0036	196.009	0
71	10	232.4202	255.0648	0
71	11	690.7756	112.6077	0
71	12	617.049	118.3756	0
71	13	399.5482	137.4886	0
71	14	579.4779	187.0695	0
71	15	626.8787	148.5175	0
71	16	454.5699	199.5913	0
71	17	545.7308	166.4225	0
71	18	602.0541	156.5286	0
71	19	258.7837	277.2082	0
71	20	387.5087	259.2649	0
71	21	32.70807	282.3452	0
71	22	84.95225	301.4746	0
71	23	438.5894	179.5015	0
71	24	623.9786	133.9643	0
71	25	285.6385	297.9509	0
71	26	553.6304	211.1979	0
71	27	592.7127	227.0605	0
71	28	73.70306	223.5	0
71	29	611.0937	107.6678	0
71	30	576.2771	109.8571	0
71	31	199.8548	320.4199	0
71	32	676.6075	81.88599	0
71	33	665.3137	127.7426	0
71	34	310.6325	173.316	0
71	35	36.52459	384.3938	0
71	36	294.8125	219.0323	0
71	37	392.4356	181.3446	0
71	38	229.5215	347.9409	0
71	39	582.4948	144.2322	0
71	40	680.7037	168.4811	0
71	41	345.449	213.3146	0
71	42	305.7768	233.4703	0
71	43	397.3806	202.0052	0
72	1	354.8267	182.6339	0
72	2	611.9473	194.7412	0
72	3	357.4144	167.8149	0
72	4	444.4189	137.7993	0
72	5	167.1952	284.4833	0
72	6	450.1633	249.8285	0
72	7	337.6824	234.518	0
72	8	322.994	297.6823	0
72	9	638.9828	195.9883	0
72	10	232.4176	255.0728	0
72	11	690.7814	112.611	0
72	12	617.0542	118.3717	0
72	13	399.5834	137.4669	0
72	14	579.4655	187.0631	0
72	15	626.8575	148.4925	0
72	16	454.5761	199.5943	0
72	17	545.7466	166.3966	0
72	18	602.0622	156.5043	0
72	19	258.7692	277.1967	0
72	20	387.4996	259.2602	0
72	21	32.70586	282.3496	0
72	22	84.93619	301.4449	0
72	23	438.5668	179.485	0
72	24	623.9833	133.969	0
72	25	285.5882	298.0415	0
72	26	553.6207	211.1935	0
72	27	592.6992	227.084	0
72	28	73.63309	223.5594	0
72	29	611.0992	107.6676	0
72	30	576.2883	109.8389	0
72	31	199.8606	320.4249	0
72	32	676.6113	81.88196	0
72	33	665.2903	127.7202	0
72	34	310.6429	173.3088	0
72	35	36.59036	384.3701	0
72	36	294.8176	219.0357	0
72	37	392.4317	181.3445	0
72	38	229.4833	348.0248	0
72	39	582.4893	144.2308	0
72	40	680.7156	168.5182	0
72	41	345.4863	213.2854	0
72	42	305.7506	233.5338	0
72	43	397.3909	201.9991	0
73	1	354.8267	182.6339	0
73	2	611.9473	194.7412	0
73	3	357.4144	167.8149	0
73	4	444.4189	137.7993	0
73	5	167.1952	284.4833	0
73	6	450.1633	249.8285	0
73	7	337.6824	234.518	0
73	8	322.994	297.6823	0
73	9	638.9828	195.9883	0
73	10	232.4176	255.0728	0
73	11	690.7814	112.611	0
73	12	617.0542	118.3717	0
73	13	399.5834	137.4669	0
73	14	579.4655	187.0631	0
73	15	626.8575	148.4925	0
73	16	454.5761	199.5943	0
73	17	545.7466	166.3966	0
73	18	602.0622	156.5043	0
73	19	258.7692	277.1967	0
73	20	387.4996	259.2602	0
73	21	32.70586	282.3496	0
73	22	84.93619	301.4449	0
73	23	438.5668	179.485	0
73	24	623.9833	133.969	0
73	25	285.5882	298.0415	0
73	26	553.6207	211.1935	0
73	27	592.6992	227.084	0
73	28	73.63309	223.5594	0
73	29	611.0992	107.6676	0
73	30	576.2883	109.8389	0
73	31	199.8606	320.4249	0
73	32	676.6113	81.88196	0
73	33	665.2903	127.7202	0
73	34	310.6429	173.3088	0
73	35	36.59036	384.3701	0
73	36	294.8176	219.0357	0
73	37	392.4317	181.3445	0
73	38	229.4833	348.0248	0
73	39	582.4893	144.2308	0
73	40	680.7156	168.5182	0
73	41	345.4863	213.2854	0
73	42	305.7506	233.5338	0
73	43	397.3909	201.9991	0
