17	1	363.3501	354.7562	0
18	1	363.3501	354.7562	0
18	2	377.4841	98.34219	0
19	1	363.3501	354.7562	0
19	2	377.4841	98.34219	0
19	3	338.6017	356.7286	0
20	1	363.3501	354.7562	0
20	2	377.4841	98.34219	0
20	3	338.6017	356.7286	0
20	4	292.5037	267.4285	0
21	1	363.3501	354.7562	0
21	2	377.4841	98.34219	0
21	3	338.6017	356.7286	0
21	4	292.5037	267.4285	0
21	5	487.9708	500.5641	0
22	1	363.3501	354.7562	0
22	2	377.4841	98.34219	0
22	3	338.6017	356.7286	0
22	4	292.5037	267.4285	0
22	5	487.9708	500.5641	0
22	6	450.2384	262.0446	0
23	1	363.3501	354.7562	0
23	2	377.4841	98.34219	0
23	3	338.6017	356.7286	0
23	4	292.5037	267.4285	0
23	5	487.9708	500.5641	0
23	6	450.2384	262.0446	0
23	7	430.4683	363.4043	0
24	1	363.3501	354.7562	0
24	2	377.4841	98.34219	0
24	3	338.6017	356.7286	0
24	4	292.5037	267.4285	0
24	5	487.9708	500.5641	0
24	6	450.2384	262.0446	0
24	7	430.4683	363.4043	0
24	8	496.9112	367.6185	0
25	1	363.3501	354.7562	0
25	2	377.4841	98.34219	0
25	3	338.6017	356.7286	0
25	4	292.5037	267.4285	0
25	5	487.9708	500.5641	0
25	6	450.2384	262.0446	0
25	7	430.4683	363.4043	0
25	8	496.9112	367.6185	0
25	9	370.9348	70.62253	0
26	1	363.3501	354.7562	0
26	2	377.4841	98.34219	0
26	3	338.6017	356.7286	0
26	4	292.5037	267.4285	0
26	5	487.9708	500.5641	0
26	6	450.2384	262.0446	0
26	7	430.4683	363.4043	0
26	8	496.9112	367.6185	0
26	9	370.9348	70.62253	0
27	1	363.3501	354.7562	0
27	2	377.4841	98.34219	0
27	3	338.6017	356.7286	0
27	4	292.5037	267.4285	0
27	5	487.9708	500.5641	0
27	6	450.2384	262.0446	0
27	7	430.4683	363.4043	0
27	8	496.9112	367.6185	0
27	9	370.9348	70.62253	0
27	10	454.224	455.1891	0
28	1	363.3501	354.7562	0
28	2	377.4841	98.34219	0
28	3	338.6017	356.7286	0
28	4	292.5037	267.4285	0
28	5	487.9708	500.5641	0
28	6	450.2384	262.0446	0
28	7	430.4683	363.4043	0
28	8	496.9112	367.6185	0
28	9	370.9348	70.62253	0
28	10	454.224	455.1891	0
28	11	233.9108	-26.88794	0
29	1	363.3501	354.7562	0
29	2	377.4841	98.34219	0
29	3	338.6017	356.7286	0
29	4	292.5037	267.4285	0
29	5	487.9708	500.5641	0
29	6	450.2384	262.0446	0
29	7	430.4683	363.4043	0
29	8	496.9112	367.6185	0
29	9	370.9348	70.62253	0
29	10	454.224	455.1891	0
29	11	233.9108	-26.88794	0
29	12	239.5376	58.43332	0
30	1	363.3501	354.7562	0
30	2	377.4841	98.34219	0
30	3	338.6017	356.7286	0
30	4	292.5037	267.4285	0
30	5	487.9708	500.5641	0
30	6	450.2384	262.0446	0
30	7	430.4683	363.4043	0
30	8	496.9112	367.6185	0
30	9	370.9348	70.62253	0
30	10	454.224	455.1891	0
30	11	233.9108	-26.88794	0
30	12	239.5376	58.43332	0
30	13	292.519	314.8781	0
31	1	363.3501	354.7562	0
31	2	377.4841	98.34219	0
31	3	338.6017	356.7286	0
31	4	292.5037	267.4285	0
31	5	487.9708	500.5641	0
31	6	450.2384	262.0446	0
31	7	430.4683	363.4043	0
31	8	496.9112	367.6185	0
31	9	370.9348	70.62253	0
31	10	454.224	455.1891	0
31	11	233.9108	-26.88794	0
31	12	239.5376	58.43332	0
31	13	292.519	314.8781	0
31	14	357.0251	126.5806	0
32	1	363.3501	354.7562	0
32	2	377.4841	98.34219	0
32	3	338.6017	356.7286	0
32	4	292.5037	267.4285	0
32	5	487.9708	500.5641	0
32	6	450.2384	262.0446	0
32	7	430.4683	363.4043	0
32	8	496.9112	367.6185	0
32	9	370.9348	70.62253	0
32	10	454.224	455.1891	0
32	11	233.9108	-26.88794	0
32	12	239.5376	58.43332	0
32	13	292.519	314.8781	0
32	14	357.0251	126.5806	0
32	15	305.8096	65.19962	0
33	1	363.3501	354.7562	0
33	2	377.4841	98.34219	0
33	3	338.6017	356.7286	0
33	4	292.5037	267.4285	0
33	5	487.9708	500.5641	0
33	6	450.2384	262.0446	0
33	7	430.4683	363.4043	0
33	8	496.9112	367.6185	0
33	9	370.9348	70.62253	0
33	10	454.224	455.1891	0
33	11	233.9108	-26.88794	0
33	12	239.5376	58.43332	0
33	13	292.519	314.8781	0
33	14	357.0251	126.5806	0
33	15	305.8096	65.19962	0
33	16	385.0662	256.7473	0
34	1	363.3501	354.7562	0
34	2	377.4841	98.34219	0
34	3	338.6017	356.7286	0
34	4	292.5037	267.4285	0
34	5	487.9708	500.5641	0
34	6	450.2384	262.0446	0
34	7	430.4683	363.4043	0
34	8	496.9112	367.6185	0
34	9	370.9348	70.62253	0
34	10	454.224	455.1891	0
34	11	233.9108	-26.88794	0
34	12	239.5376	58.43332	0
34	13	292.519	314.8781	0
34	14	357.0251	126.5806	0
34	15	305.8096	65.19962	0
34	16	385.0662	256.7473	0
34	17	330.5529	156.3985	0
35	1	363.3501	354.7562	0
35	2	377.4841	98.34219	0
35	3	338.6017	356.7286	0
35	4	292.5037	267.4285	0
35	5	487.9708	500.5641	0
35	6	450.2384	262.0446	0
35	7	430.4683	363.4043	0
35	8	496.9112	367.6185	0
35	9	370.9348	70.62253	0
35	10	454.224	455.1891	0
35	11	233.9108	-26.88794	0
35	12	239.5376	58.43332	0
35	13	292.519	314.8781	0
35	14	357.0251	126.5806	0
35	15	305.8096	65.19962	0
35	16	385.0662	256.7473	0
35	17	330.5529	156.3985	0
35	18	310.3255	93.30627	0
17	1	363.1629	355.8776	0
18	1	363.1629	355.8776	0
18	2	375.9135	96.96814	0
19	1	363.1629	355.8776	0
19	2	375.9135	96.96814	0
19	3	337.8291	356.1518	0
20	1	363.1629	355.8776	0
20	2	375.9135	96.96814	0
20	3	337.8291	356.1518	0
20	4	293.3663	266.4519	0
17	1	364.7572	355.9927	0
18	1	364.7572	355.9927	0
18	2	375.6399	98.3287	0
19	1	364.7572	355.9927	0
19	2	375.6399	98.3287	0
19	3	337.2799	357.2249	0
20	1	364.7572	355.9927	0
20	2	375.6399	98.3287	0
20	3	337.2799	357.2249	0
20	4	291.4987	266.8711	0
21	1	364.7572	355.9927	0
21	2	375.6399	98.3287	0
21	3	337.2799	357.2249	0
21	4	291.4987	266.8711	0
21	5	486.6695	500.9355	0
22	1	364.7572	355.9927	0
22	2	375.6399	98.3287	0
22	3	337.2799	357.2249	0
22	4	291.4987	266.8711	0
22	5	486.6695	500.9355	0
22	6	450.4057	261.6594	0
23	1	364.7572	355.9927	0
23	2	375.6399	98.3287	0
23	3	337.2799	357.2249	0
23	4	291.4987	266.8711	0
23	5	486.6695	500.9355	0
23	6	450.4057	261.6594	0
23	7	429.8942	365.0344	0
24	1	364.7572	355.9927	0
24	2	375.6399	98.3287	0
24	3	337.2799	357.2249	0
24	4	291.4987	266.8711	0
24	5	486.6695	500.9355	0
24	6	450.4057	261.6594	0
24	7	429.8942	365.0344	0
24	8	495.1954	367.6923	0
25	1	364.7572	355.9927	0
25	2	375.6399	98.3287	0
25	3	337.2799	357.2249	0
25	4	291.4987	266.8711	0
25	5	486.6695	500.9355	0
25	6	450.4057	261.6594	0
25	7	429.8942	365.0344	0
25	8	495.1954	367.6923	0
25	9	371.4619	70.53131	0
26	1	364.7572	355.9927	0
26	2	375.6399	98.3287	0
26	3	337.2799	357.2249	0
26	4	291.4987	266.8711	0
26	5	486.6695	500.9355	0
26	6	450.4057	261.6594	0
26	7	429.8942	365.0344	0
26	8	495.1954	367.6923	0
26	9	371.4619	70.53131	0
27	1	364.7572	355.9927	0
27	2	375.6399	98.3287	0
27	3	337.2799	357.2249	0
27	4	291.4987	266.8711	0
27	5	486.6695	500.9355	0
27	6	450.4057	261.6594	0
27	7	429.8942	365.0344	0
27	8	495.1954	367.6923	0
27	9	371.4619	70.53131	0
27	10	454.6996	454.9676	0
28	1	364.7572	355.9927	0
28	2	375.6399	98.3287	0
28	3	337.2799	357.2249	0
28	4	291.4987	266.8711	0
28	5	486.6695	500.9355	0
28	6	450.4057	261.6594	0
28	7	429.8942	365.0344	0
28	8	495.1954	367.6923	0
28	9	371.4619	70.53131	0
28	10	454.6996	454.9676	0
28	11	233.542	-27.63098	0
29	1	364.7572	355.9927	0
29	2	375.6399	98.3287	0
29	3	337.2799	357.2249	0
29	4	291.4987	266.8711	0
29	5	486.6695	500.9355	0
29	6	450.4057	261.6594	0
29	7	429.8942	365.0344	0
29	8	495.1954	367.6923	0
29	9	371.4619	70.53131	0
29	10	454.6996	454.9676	0
29	11	233.542	-27.63098	0
29	12	239.3125	57.98065	0
30	1	364.7572	355.9927	0
30	2	375.6399	98.3287	0
30	3	337.2799	357.2249	0
30	4	291.4987	266.8711	0
30	5	486.6695	500.9355	0
30	6	450.4057	261.6594	0
30	7	429.8942	365.0344	0
30	8	495.1954	367.6923	0
30	9	371.4619	70.53131	0
30	10	454.6996	454.9676	0
30	11	233.542	-27.63098	0
30	12	239.3125	57.98065	0
30	13	294.2063	314.7875	0
31	1	364.7572	355.9927	0
31	2	375.6399	98.3287	0
31	3	337.2799	357.2249	0
31	4	291.4987	266.8711	0
31	5	486.6695	500.9355	0
31	6	450.4057	261.6594	0
31	7	429.8942	365.0344	0
31	8	495.1954	367.6923	0
31	9	371.4619	70.53131	0
31	10	454.6996	454.9676	0
31	11	233.542	-27.63098	0
31	12	239.3125	57.98065	0
31	13	294.2063	314.7875	0
31	14	357.9321	125.5894	0
32	1	364.7572	355.9927	0
32	2	375.6399	98.3287	0
32	3	337.2799	357.2249	0
32	4	291.4987	266.8711	0
32	5	486.6695	500.9355	0
32	6	450.4057	261.6594	0
32	7	429.8942	365.0344	0
32	8	495.1954	367.6923	0
32	9	371.4619	70.53131	0
32	10	454.6996	454.9676	0
32	11	233.542	-27.63098	0
32	12	239.3125	57.98065	0
32	13	294.2063	314.7875	0
32	14	357.9321	125.5894	0
32	15	306.1648	65.67902	0
33	1	364.7572	355.9927	0
33	2	375.6399	98.3287	0
33	3	337.2799	357.2249	0
33	4	291.4987	266.8711	0
33	5	486.6695	500.9355	0
33	6	450.4057	261.6594	0
33	7	429.8942	365.0344	0
33	8	495.1954	367.6923	0
33	9	371.4619	70.53131	0
33	10	454.6996	454.9676	0
33	11	233.542	-27.63098	0
33	12	239.3125	57.98065	0
33	13	294.2063	314.7875	0
33	14	357.9321	125.5894	0
33	15	306.1648	65.67902	0
33	16	383.8363	257.238	0
34	1	364.7572	355.9927	0
34	2	375.6399	98.3287	0
34	3	337.2799	357.2249	0
34	4	291.4987	266.8711	0
34	5	486.6695	500.9355	0
34	6	450.4057	261.6594	0
34	7	429.8942	365.0344	0
34	8	495.1954	367.6923	0
34	9	371.4619	70.53131	0
34	10	454.6996	454.9676	0
34	11	233.542	-27.63098	0
34	12	239.3125	57.98065	0
34	13	294.2063	314.7875	0
34	14	357.9321	125.5894	0
34	15	306.1648	65.67902	0
34	16	383.8363	257.238	0
34	17	330.3509	158.3268	0
35	1	364.7572	355.9927	0
35	2	375.6399	98.3287	0
35	3	337.2799	357.2249	0
35	4	291.4987	266.8711	0
35	5	486.6695	500.9355	0
35	6	450.4057	261.6594	0
35	7	429.8942	365.0344	0
35	8	495.1954	367.6923	0
35	9	371.4619	70.53131	0
35	10	454.6996	454.9676	0
35	11	233.542	-27.63098	0
35	12	239.3125	57.98065	0
35	13	294.2063	314.7875	0
35	14	357.9321	125.5894	0
35	15	306.1648	65.67902	0
35	16	383.8363	257.238	0
35	17	330.3509	158.3268	0
35	18	309.5626	94.69498	0
36	1	364.7572	355.9927	0
36	2	375.6399	98.3287	0
36	3	337.2799	357.2249	0
36	4	291.4987	266.8711	0
36	5	486.6695	500.9355	0
36	6	450.4057	261.6594	0
36	7	429.8942	365.0344	0
36	8	495.1954	367.6923	0
36	9	371.4619	70.53131	0
36	10	454.6996	454.9676	0
36	11	233.542	-27.63098	0
36	12	239.3125	57.98065	0
36	13	294.2063	314.7875	0
36	14	357.9321	125.5894	0
36	15	306.1648	65.67902	0
36	16	383.8363	257.238	0
36	17	330.3509	158.3268	0
36	18	309.5626	94.69498	0
37	1	364.7572	355.9927	0
37	2	375.6399	98.3287	0
37	3	337.2799	357.2249	0
37	4	291.4987	266.8711	0
37	5	486.6695	500.9355	0
37	6	450.4057	261.6594	0
37	7	429.8942	365.0344	0
37	8	495.1954	367.6923	0
37	9	371.4619	70.53131	0
37	10	454.6996	454.9676	0
37	11	233.542	-27.63098	0
37	12	239.3125	57.98065	0
37	13	294.2063	314.7875	0
37	14	357.9321	125.5894	0
37	15	306.1648	65.67902	0
37	16	383.8363	257.238	0
37	17	330.3509	158.3268	0
37	18	309.5626	94.69498	0
37	19	483.1914	423.6889	0
38	1	364.7572	355.9927	0
38	2	375.6399	98.3287	0
38	3	337.2799	357.2249	0
38	4	291.4987	266.8711	0
38	5	486.6695	500.9355	0
38	6	450.4057	261.6594	0
38	7	429.8942	365.0344	0
38	8	495.1954	367.6923	0
38	9	371.4619	70.53131	0
38	10	454.6996	454.9676	0
38	11	233.542	-27.63098	0
38	12	239.3125	57.98065	0
38	13	294.2063	314.7875	0
38	14	357.9321	125.5894	0
38	15	306.1648	65.67902	0
38	16	383.8363	257.238	0
38	17	330.3509	158.3268	0
38	18	309.5626	94.69498	0
38	19	483.1914	423.6889	0
38	20	458.8041	315.9234	0
39	1	364.7572	355.9927	0
39	2	375.6399	98.3287	0
39	3	337.2799	357.2249	0
39	4	291.4987	266.8711	0
39	5	486.6695	500.9355	0
39	6	450.4057	261.6594	0
39	7	429.8942	365.0344	0
39	8	495.1954	367.6923	0
39	9	371.4619	70.53131	0
39	10	454.6996	454.9676	0
39	11	233.542	-27.63098	0
39	12	239.3125	57.98065	0
39	13	294.2063	314.7875	0
39	14	357.9321	125.5894	0
39	15	306.1648	65.67902	0
39	16	383.8363	257.238	0
39	17	330.3509	158.3268	0
39	18	309.5626	94.69498	0
39	19	483.1914	423.6889	0
39	20	458.8041	315.9234	0
39	21	482.756	616.4728	0
40	1	364.7572	355.9927	0
40	2	375.6399	98.3287	0
40	3	337.2799	357.2249	0
40	4	291.4987	266.8711	0
40	5	486.6695	500.9355	0
40	6	450.4057	261.6594	0
40	7	429.8942	365.0344	0
40	8	495.1954	367.6923	0
40	9	371.4619	70.53131	0
40	10	454.6996	454.9676	0
40	11	233.542	-27.63098	0
40	12	239.3125	57.98065	0
40	13	294.2063	314.7875	0
40	14	357.9321	125.5894	0
40	15	306.1648	65.67902	0
40	16	383.8363	257.238	0
40	17	330.3509	158.3268	0
40	18	309.5626	94.69498	0
40	19	483.1914	423.6889	0
40	20	458.8041	315.9234	0
40	21	482.756	616.4728	0
40	22	507.4967	554.6263	0
41	1	364.7572	355.9927	0
41	2	375.6399	98.3287	0
41	3	337.2799	357.2249	0
41	4	291.4987	266.8711	0
41	5	486.6695	500.9355	0
41	6	450.4057	261.6594	0
41	7	429.8942	365.0344	0
41	8	495.1954	367.6923	0
41	9	371.4619	70.53131	0
41	10	454.6996	454.9676	0
41	11	233.542	-27.63098	0
41	12	239.3125	57.98065	0
41	13	294.2063	314.7875	0
41	14	357.9321	125.5894	0
41	15	306.1648	65.67902	0
41	16	383.8363	257.238	0
41	17	330.3509	158.3268	0
41	18	309.5626	94.69498	0
41	19	483.1914	423.6889	0
41	20	458.8041	315.9234	0
41	21	482.756	616.4728	0
41	22	507.4967	554.6263	0
41	23	358.7166	271.2913	0
