17	1	303.9659	275.7216	0
18	1	303.9659	275.7216	0
18	2	315.2087	75.60547	0
19	1	303.9659	275.7216	0
19	2	315.2087	75.60547	0
19	3	285.1441	274.4714	0
20	1	303.9659	275.7216	0
20	2	315.2087	75.60547	0
20	3	285.1441	274.4714	0
20	4	249.1591	205.5091	0
21	1	303.9659	275.7216	0
21	2	315.2087	75.60547	0
21	3	285.1441	274.4714	0
21	4	249.1591	205.5091	0
21	5	400.7249	386.1935	0
22	1	303.9659	275.7216	0
22	2	315.2087	75.60547	0
22	3	285.1441	274.4714	0
22	4	249.1591	205.5091	0
22	5	400.7249	386.1935	0
22	6	372.2764	202.4846	0
23	1	303.9659	275.7216	0
23	2	315.2087	75.60547	0
23	3	285.1441	274.4714	0
23	4	249.1591	205.5091	0
23	5	400.7249	386.1935	0
23	6	372.2764	202.4846	0
23	7	354.6655	281.1181	0
24	1	303.9659	275.7216	0
24	2	315.2087	75.60547	0
24	3	285.1441	274.4714	0
24	4	249.1591	205.5091	0
24	5	400.7249	386.1935	0
24	6	372.2764	202.4846	0
24	7	354.6655	281.1181	0
24	8	407.437	284.8654	0
25	1	303.9659	275.7216	0
25	2	315.2087	75.60547	0
25	3	285.1441	274.4714	0
25	4	249.1591	205.5091	0
25	5	400.7249	386.1935	0
25	6	372.2764	202.4846	0
25	7	354.6655	281.1181	0
25	8	407.437	284.8654	0
25	9	311.4927	55.11194	0
26	1	303.9659	275.7216	0
26	2	315.2087	75.60547	0
26	3	285.1441	274.4714	0
26	4	249.1591	205.5091	0
26	5	400.7249	386.1935	0
26	6	372.2764	202.4846	0
26	7	354.6655	281.1181	0
26	8	407.437	284.8654	0
26	9	311.4927	55.11194	0
27	1	303.9659	275.7216	0
27	2	315.2087	75.60547	0
27	3	285.1441	274.4714	0
27	4	249.1591	205.5091	0
27	5	400.7249	386.1935	0
27	6	372.2764	202.4846	0
27	7	354.6655	281.1181	0
27	8	407.437	284.8654	0
27	9	311.4927	55.11194	0
27	10	374.9871	351.1108	0
28	1	303.9659	275.7216	0
28	2	315.2087	75.60547	0
28	3	285.1441	274.4714	0
28	4	249.1591	205.5091	0
28	5	400.7249	386.1935	0
28	6	372.2764	202.4846	0
28	7	354.6655	281.1181	0
28	8	407.437	284.8654	0
28	9	311.4927	55.11194	0
28	10	374.9871	351.1108	0
28	11	204.2386	-20.96445	0
29	1	303.9659	275.7216	0
29	2	315.2087	75.60547	0
29	3	285.1441	274.4714	0
29	4	249.1591	205.5091	0
29	5	400.7249	386.1935	0
29	6	372.2764	202.4846	0
29	7	354.6655	281.1181	0
29	8	407.437	284.8654	0
29	9	311.4927	55.11194	0
29	10	374.9871	351.1108	0
29	11	204.2386	-20.96445	0
29	12	208.0855	44.44287	0
30	1	303.9659	275.7216	0
30	2	315.2087	75.60547	0
30	3	285.1441	274.4714	0
30	4	249.1591	205.5091	0
30	5	400.7249	386.1935	0
30	6	372.2764	202.4846	0
30	7	354.6655	281.1181	0
30	8	407.437	284.8654	0
30	9	311.4927	55.11194	0
30	10	374.9871	351.1108	0
30	11	204.2386	-20.96445	0
30	12	208.0855	44.44287	0
30	13	250.8078	242.9781	0
31	1	303.9659	275.7216	0
31	2	315.2087	75.60547	0
31	3	285.1441	274.4714	0
31	4	249.1591	205.5091	0
31	5	400.7249	386.1935	0
31	6	372.2764	202.4846	0
31	7	354.6655	281.1181	0
31	8	407.437	284.8654	0
31	9	311.4927	55.11194	0
31	10	374.9871	351.1108	0
31	11	204.2386	-20.96445	0
31	12	208.0855	44.44287	0
31	13	250.8078	242.9781	0
31	14	299.6761	97.06116	0
32	1	303.9659	275.7216	0
32	2	315.2087	75.60547	0
32	3	285.1441	274.4714	0
32	4	249.1591	205.5091	0
32	5	400.7249	386.1935	0
32	6	372.2764	202.4846	0
32	7	354.6655	281.1181	0
32	8	407.437	284.8654	0
32	9	311.4927	55.11194	0
32	10	374.9871	351.1108	0
32	11	204.2386	-20.96445	0
32	12	208.0855	44.44287	0
32	13	250.8078	242.9781	0
32	14	299.6761	97.06116	0
32	15	259.91	51.2258	0
33	1	303.9659	275.7216	0
33	2	315.2087	75.60547	0
33	3	285.1441	274.4714	0
33	4	249.1591	205.5091	0
33	5	400.7249	386.1935	0
33	6	372.2764	202.4846	0
33	7	354.6655	281.1181	0
33	8	407.437	284.8654	0
33	9	311.4927	55.11194	0
33	10	374.9871	351.1108	0
33	11	204.2386	-20.96445	0
33	12	208.0855	44.44287	0
33	13	250.8078	242.9781	0
33	14	299.6761	97.06116	0
33	15	259.91	51.2258	0
33	16	320.8257	198.195	0
34	1	303.9659	275.7216	0
34	2	315.2087	75.60547	0
34	3	285.1441	274.4714	0
34	4	249.1591	205.5091	0
34	5	400.7249	386.1935	0
34	6	372.2764	202.4846	0
34	7	354.6655	281.1181	0
34	8	407.437	284.8654	0
34	9	311.4927	55.11194	0
34	10	374.9871	351.1108	0
34	11	204.2386	-20.96445	0
34	12	208.0855	44.44287	0
34	13	250.8078	242.9781	0
34	14	299.6761	97.06116	0
34	15	259.91	51.2258	0
34	16	320.8257	198.195	0
34	17	278.3421	121.5615	0
35	1	303.9659	275.7216	0
35	2	315.2087	75.60547	0
35	3	285.1441	274.4714	0
35	4	249.1591	205.5091	0
35	5	400.7249	386.1935	0
35	6	372.2764	202.4846	0
35	7	354.6655	281.1181	0
35	8	407.437	284.8654	0
35	9	311.4927	55.11194	0
35	10	374.9871	351.1108	0
35	11	204.2386	-20.96445	0
35	12	208.0855	44.44287	0
35	13	250.8078	242.9781	0
35	14	299.6761	97.06116	0
35	15	259.91	51.2258	0
35	16	320.8257	198.195	0
35	17	278.3421	121.5615	0
35	18	263.7764	72.59982	0
36	1	303.9659	275.7216	0
36	2	315.2087	75.60547	0
36	3	285.1441	274.4714	0
36	4	249.1591	205.5091	0
36	5	400.7249	386.1935	0
36	6	372.2764	202.4846	0
36	7	354.6655	281.1181	0
36	8	407.437	284.8654	0
36	9	311.4927	55.11194	0
36	10	374.9871	351.1108	0
36	11	204.2386	-20.96445	0
36	12	208.0855	44.44287	0
36	13	250.8078	242.9781	0
36	14	299.6761	97.06116	0
36	15	259.91	51.2258	0
36	16	320.8257	198.195	0
36	17	278.3421	121.5615	0
36	18	263.7764	72.59982	0
37	1	303.9659	275.7216	0
37	2	315.2087	75.60547	0
37	3	285.1441	274.4714	0
37	4	249.1591	205.5091	0
37	5	400.7249	386.1935	0
37	6	372.2764	202.4846	0
37	7	354.6655	281.1181	0
37	8	407.437	284.8654	0
37	9	311.4927	55.11194	0
37	10	374.9871	351.1108	0
37	11	204.2386	-20.96445	0
37	12	208.0855	44.44287	0
37	13	250.8078	242.9781	0
37	14	299.6761	97.06116	0
37	15	259.91	51.2258	0
37	16	320.8257	198.195	0
37	17	278.3421	121.5615	0
37	18	263.7764	72.59982	0
37	19	396.0652	326.4252	0
38	1	303.9659	275.7216	0
38	2	315.2087	75.60547	0
38	3	285.1441	274.4714	0
38	4	249.1591	205.5091	0
38	5	400.7249	386.1935	0
38	6	372.2764	202.4846	0
38	7	354.6655	281.1181	0
38	8	407.437	284.8654	0
38	9	311.4927	55.11194	0
38	10	374.9871	351.1108	0
38	11	204.2386	-20.96445	0
38	12	208.0855	44.44287	0
38	13	250.8078	242.9781	0
38	14	299.6761	97.06116	0
38	15	259.91	51.2258	0
38	16	320.8257	198.195	0
38	17	278.3421	121.5615	0
38	18	263.7764	72.59982	0
38	19	396.0652	326.4252	0
38	20	377.6525	242.7071	0
39	1	303.9659	275.7216	0
39	2	315.2087	75.60547	0
39	3	285.1441	274.4714	0
39	4	249.1591	205.5091	0
39	5	400.7249	386.1935	0
39	6	372.2764	202.4846	0
39	7	354.6655	281.1181	0
39	8	407.437	284.8654	0
39	9	311.4927	55.11194	0
39	10	374.9871	351.1108	0
39	11	204.2386	-20.96445	0
39	12	208.0855	44.44287	0
39	13	250.8078	242.9781	0
39	14	299.6761	97.06116	0
39	15	259.91	51.2258	0
39	16	320.8257	198.195	0
39	17	278.3421	121.5615	0
39	18	263.7764	72.59982	0
39	19	396.0652	326.4252	0
39	20	377.6525	242.7071	0
39	21	397.3383	475.5776	0
40	1	303.9659	275.7216	0
40	2	315.2087	75.60547	0
40	3	285.1441	274.4714	0
40	4	249.1591	205.5091	0
40	5	400.7249	386.1935	0
40	6	372.2764	202.4846	0
40	7	354.6655	281.1181	0
40	8	407.437	284.8654	0
40	9	311.4927	55.11194	0
40	10	374.9871	351.1108	0
40	11	204.2386	-20.96445	0
40	12	208.0855	44.44287	0
40	13	250.8078	242.9781	0
40	14	299.6761	97.06116	0
40	15	259.91	51.2258	0
40	16	320.8257	198.195	0
40	17	278.3421	121.5615	0
40	18	263.7764	72.59982	0
40	19	396.0652	326.4252	0
40	20	377.6525	242.7071	0
40	21	397.3383	475.5776	0
40	22	417.046	428.3924	0
41	1	303.9659	275.7216	0
41	2	315.2087	75.60547	0
41	3	285.1441	274.4714	0
41	4	249.1591	205.5091	0
41	5	400.7249	386.1935	0
41	6	372.2764	202.4846	0
41	7	354.6655	281.1181	0
41	8	407.437	284.8654	0
41	9	311.4927	55.11194	0
41	10	374.9871	351.1108	0
41	11	204.2386	-20.96445	0
41	12	208.0855	44.44287	0
41	13	250.8078	242.9781	0
41	14	299.6761	97.06116	0
41	15	259.91	51.2258	0
41	16	320.8257	198.195	0
41	17	278.3421	121.5615	0
41	18	263.7764	72.59982	0
41	19	396.0652	326.4252	0
41	20	377.6525	242.7071	0
41	21	397.3383	475.5776	0
41	22	417.046	428.3924	0
41	23	300.708	208.4742	0
42	1	303.9659	275.7216	0
42	2	315.2087	75.60547	0
42	3	285.1441	274.4714	0
42	4	249.1591	205.5091	0
42	5	400.7249	386.1935	0
42	6	372.2764	202.4846	0
42	7	354.6655	281.1181	0
42	8	407.437	284.8654	0
42	9	311.4927	55.11194	0
42	10	374.9871	351.1108	0
42	11	204.2386	-20.96445	0
42	12	208.0855	44.44287	0
42	13	250.8078	242.9781	0
42	14	299.6761	97.06116	0
42	15	259.91	51.2258	0
42	16	320.8257	198.195	0
42	17	278.3421	121.5615	0
42	18	263.7764	72.59982	0
42	19	396.0652	326.4252	0
42	20	377.6525	242.7071	0
42	21	397.3383	475.5776	0
42	22	417.046	428.3924	0
42	23	300.708	208.4742	0
42	24	239.7537	49.45917	0
43	1	303.9659	275.7216	0
43	2	315.2087	75.60547	0
43	3	285.1441	274.4714	0
43	4	249.1591	205.5091	0
43	5	400.7249	386.1935	0
43	6	372.2764	202.4846	0
43	7	354.6655	281.1181	0
43	8	407.437	284.8654	0
43	9	311.4927	55.11194	0
43	10	374.9871	351.1108	0
43	11	204.2386	-20.96445	0
43	12	208.0855	44.44287	0
43	13	250.8078	242.9781	0
43	14	299.6761	97.06116	0
43	15	259.91	51.2258	0
43	16	320.8257	198.195	0
43	17	278.3421	121.5615	0
43	18	263.7764	72.59982	0
43	19	396.0652	326.4252	0
43	20	377.6525	242.7071	0
43	21	397.3383	475.5776	0
43	22	417.046	428.3924	0
43	23	300.708	208.4742	0
43	24	239.7537	49.45917	0
43	25	409.9472	306.3587	0
44	1	303.9659	275.7216	0
44	2	315.2087	75.60547	0
44	3	285.1441	274.4714	0
44	4	249.1591	205.5091	0
44	5	400.7249	386.1935	0
44	6	372.2764	202.4846	0
44	7	354.6655	281.1181	0
44	8	407.437	284.8654	0
44	9	311.4927	55.11194	0
44	10	374.9871	351.1108	0
44	11	204.2386	-20.96445	0
44	12	208.0855	44.44287	0
44	13	250.8078	242.9781	0
44	14	299.6761	97.06116	0
44	15	259.91	51.2258	0
44	16	320.8257	198.195	0
44	17	278.3421	121.5615	0
44	18	263.7764	72.59982	0
44	19	396.0652	326.4252	0
44	20	377.6525	242.7071	0
44	21	397.3383	475.5776	0
44	22	417.046	428.3924	0
44	23	300.708	208.4742	0
44	24	239.7537	49.45917	0
44	25	409.9472	306.3587	0
44	26	331.0201	124.6628	0
45	1	303.9659	275.7216	0
45	2	315.2087	75.60547	0
45	3	285.1441	274.4714	0
45	4	249.1591	205.5091	0
45	5	400.7249	386.1935	0
45	6	372.2764	202.4846	0
45	7	354.6655	281.1181	0
45	8	407.437	284.8654	0
45	9	311.4927	55.11194	0
45	10	374.9871	351.1108	0
45	11	204.2386	-20.96445	0
45	12	208.0855	44.44287	0
45	13	250.8078	242.9781	0
45	14	299.6761	97.06116	0
45	15	259.91	51.2258	0
45	16	320.8257	198.195	0
45	17	278.3421	121.5615	0
45	18	263.7764	72.59982	0
45	19	396.0652	326.4252	0
45	20	377.6525	242.7071	0
45	21	397.3383	475.5776	0
45	22	417.046	428.3924	0
45	23	300.708	208.4742	0
45	24	239.7537	49.45917	0
45	25	409.9472	306.3587	0
45	26	331.0201	124.6628	0
45	27	350.3934	100.8947	0
46	1	303.9659	275.7216	0
46	2	315.2087	75.60547	0
46	3	285.1441	274.4714	0
46	4	249.1591	205.5091	0
46	5	400.7249	386.1935	0
46	6	372.2764	202.4846	0
46	7	354.6655	281.1181	0
46	8	407.437	284.8654	0
46	9	311.4927	55.11194	0
46	10	374.9871	351.1108	0
46	11	204.2386	-20.96445	0
46	12	208.0855	44.44287	0
46	13	250.8078	242.9781	0
46	14	299.6761	97.06116	0
46	15	259.91	51.2258	0
46	16	320.8257	198.195	0
46	17	278.3421	121.5615	0
46	18	263.7764	72.59982	0
46	19	396.0652	326.4252	0
46	20	377.6525	242.7071	0
46	21	397.3383	475.5776	0
46	22	417.046	428.3924	0
46	23	300.708	208.4742	0
46	24	239.7537	49.45917	0
46	25	409.9472	306.3587	0
46	26	331.0201	124.6628	0
46	27	350.3934	100.8947	0
47	1	303.9659	275.7216	0
47	2	315.2087	75.60547	0
47	3	285.1441	274.4714	0
47	4	249.1591	205.5091	0
47	5	400.7249	386.1935	0
47	6	372.2764	202.4846	0
47	7	354.6655	281.1181	0
47	8	407.437	284.8654	0
47	9	311.4927	55.11194	0
47	10	374.9871	351.1108	0
47	11	204.2386	-20.96445	0
47	12	208.0855	44.44287	0
47	13	250.8078	242.9781	0
47	14	299.6761	97.06116	0
47	15	259.91	51.2258	0
47	16	320.8257	198.195	0
47	17	278.3421	121.5615	0
47	18	263.7764	72.59982	0
47	19	396.0652	326.4252	0
47	20	377.6525	242.7071	0
47	21	397.3383	475.5776	0
47	22	417.046	428.3924	0
47	23	300.708	208.4742	0
47	24	239.7537	49.45917	0
47	25	409.9472	306.3587	0
47	26	331.0201	124.6628	0
47	27	350.3934	100.8947	0
47	28	345.9468	473.9195	0
48	1	303.9659	275.7216	0
48	2	315.2087	75.60547	0
48	3	285.1441	274.4714	0
48	4	249.1591	205.5091	0
48	5	400.7249	386.1935	0
48	6	372.2764	202.4846	0
48	7	354.6655	281.1181	0
48	8	407.437	284.8654	0
48	9	311.4927	55.11194	0
48	10	374.9871	351.1108	0
48	11	204.2386	-20.96445	0
48	12	208.0855	44.44287	0
48	13	250.8078	242.9781	0
48	14	299.6761	97.06116	0
48	15	259.91	51.2258	0
48	16	320.8257	198.195	0
48	17	278.3421	121.5615	0
48	18	263.7764	72.59982	0
48	19	396.0652	326.4252	0
48	20	377.6525	242.7071	0
48	21	397.3383	475.5776	0
48	22	417.046	428.3924	0
48	23	300.708	208.4742	0
48	24	239.7537	49.45917	0
48	25	409.9472	306.3587	0
48	26	331.0201	124.6628	0
48	27	350.3934	100.8947	0
48	28	345.9468	473.9195	0
48	29	189.1138	45.16226	0
49	1	303.9659	275.7216	0
49	2	315.2087	75.60547	0
49	3	285.1441	274.4714	0
49	4	249.1591	205.5091	0
49	5	400.7249	386.1935	0
49	6	372.2764	202.4846	0
49	7	354.6655	281.1181	0
49	8	407.437	284.8654	0
49	9	311.4927	55.11194	0
49	10	374.9871	351.1108	0
49	11	204.2386	-20.96445	0
49	12	208.0855	44.44287	0
49	13	250.8078	242.9781	0
49	14	299.6761	97.06116	0
49	15	259.91	51.2258	0
49	16	320.8257	198.195	0
49	17	278.3421	121.5615	0
49	18	263.7764	72.59982	0
49	19	396.0652	326.4252	0
49	20	377.6525	242.7071	0
49	21	397.3383	475.5776	0
49	22	417.046	428.3924	0
49	23	300.708	208.4742	0
49	24	239.7537	49.45917	0
49	25	409.9472	306.3587	0
49	26	331.0201	124.6628	0
49	27	350.3934	100.8947	0
49	28	345.9468	473.9195	0
49	29	189.1138	45.16226	0
49	30	195.5745	81.87317	0
50	1	303.9659	275.7216	0
50	2	315.2087	75.60547	0
50	3	285.1441	274.4714	0
50	4	249.1591	205.5091	0
50	5	400.7249	386.1935	0
50	6	372.2764	202.4846	0
50	7	354.6655	281.1181	0
50	8	407.437	284.8654	0
50	9	311.4927	55.11194	0
50	10	374.9871	351.1108	0
50	11	204.2386	-20.96445	0
50	12	208.0855	44.44287	0
50	13	250.8078	242.9781	0
50	14	299.6761	97.06116	0
50	15	259.91	51.2258	0
50	16	320.8257	198.195	0
50	17	278.3421	121.5615	0
50	18	263.7764	72.59982	0
50	19	396.0652	326.4252	0
50	20	377.6525	242.7071	0
50	21	397.3383	475.5776	0
50	22	417.046	428.3924	0
50	23	300.708	208.4742	0
50	24	239.7537	49.45917	0
50	25	409.9472	306.3587	0
50	26	331.0201	124.6628	0
50	27	350.3934	100.8947	0
50	28	345.9468	473.9195	0
50	29	189.1138	45.16226	0
50	30	195.5745	81.87317	0
50	31	427.088	354.1867	0
51	1	303.9659	275.7216	0
51	2	315.2087	75.60547	0
51	3	285.1441	274.4714	0
51	4	249.1591	205.5091	0
51	5	400.7249	386.1935	0
51	6	372.2764	202.4846	0
51	7	354.6655	281.1181	0
51	8	407.437	284.8654	0
51	9	311.4927	55.11194	0
51	10	374.9871	351.1108	0
51	11	204.2386	-20.96445	0
51	12	208.0855	44.44287	0
51	13	250.8078	242.9781	0
51	14	299.6761	97.06116	0
51	15	259.91	51.2258	0
51	16	320.8257	198.195	0
51	17	278.3421	121.5615	0
51	18	263.7764	72.59982	0
51	19	396.0652	326.4252	0
51	20	377.6525	242.7071	0
51	21	397.3383	475.5776	0
51	22	417.046	428.3924	0
51	23	300.708	208.4742	0
51	24	239.7537	49.45917	0
51	25	409.9472	306.3587	0
51	26	331.0201	124.6628	0
51	27	350.3934	100.8947	0
51	28	345.9468	473.9195	0
51	29	189.1138	45.16226	0
51	30	195.5745	81.87317	0
51	31	427.088	354.1867	0
51	32	152.4564	-24.04675	0
52	1	303.9659	275.7216	0
52	2	315.2087	75.60547	0
52	3	285.1441	274.4714	0
52	4	249.1591	205.5091	0
52	5	400.7249	386.1935	0
52	6	372.2764	202.4846	0
52	7	354.6655	281.1181	0
52	8	407.437	284.8654	0
52	9	311.4927	55.11194	0
52	10	374.9871	351.1108	0
52	11	204.2386	-20.96445	0
52	12	208.0855	44.44287	0
52	13	250.8078	242.9781	0
52	14	299.6761	97.06116	0
52	15	259.91	51.2258	0
52	16	320.8257	198.195	0
52	17	278.3421	121.5615	0
52	18	263.7764	72.59982	0
52	19	396.0652	326.4252	0
52	20	377.6525	242.7071	0
52	21	397.3383	475.5776	0
52	22	417.046	428.3924	0
52	23	300.708	208.4742	0
52	24	239.7537	49.45917	0
52	25	409.9472	306.3587	0
52	26	331.0201	124.6628	0
52	27	350.3934	100.8947	0
52	28	345.9468	473.9195	0
52	29	189.1138	45.16226	0
52	30	195.5745	81.87317	0
52	31	427.088	354.1867	0
52	32	152.4564	-24.04675	0
52	33	230.975	11.11176	0
53	1	303.9659	275.7216	0
53	2	315.2087	75.60547	0
53	3	285.1441	274.4714	0
53	4	249.1591	205.5091	0
53	5	400.7249	386.1935	0
53	6	372.2764	202.4846	0
53	7	354.6655	281.1181	0
53	8	407.437	284.8654	0
53	9	311.4927	55.11194	0
53	10	374.9871	351.1108	0
53	11	204.2386	-20.96445	0
53	12	208.0855	44.44287	0
53	13	250.8078	242.9781	0
53	14	299.6761	97.06116	0
53	15	259.91	51.2258	0
53	16	320.8257	198.195	0
53	17	278.3421	121.5615	0
53	18	263.7764	72.59982	0
53	19	396.0652	326.4252	0
53	20	377.6525	242.7071	0
53	21	397.3383	475.5776	0
53	22	417.046	428.3924	0
53	23	300.708	208.4742	0
53	24	239.7537	49.45917	0
53	25	409.9472	306.3587	0
53	26	331.0201	124.6628	0
53	27	350.3934	100.8947	0
53	28	345.9468	473.9195	0
53	29	189.1138	45.16226	0
53	30	195.5745	81.87317	0
53	31	427.088	354.1867	0
53	32	152.4564	-24.04675	0
53	33	230.975	11.11176	0
53	34	291.7565	312.4795	0
54	1	303.9659	275.7216	0
54	2	315.2087	75.60547	0
54	3	285.1441	274.4714	0
54	4	249.1591	205.5091	0
54	5	400.7249	386.1935	0
54	6	372.2764	202.4846	0
54	7	354.6655	281.1181	0
54	8	407.437	284.8654	0
54	9	311.4927	55.11194	0
54	10	374.9871	351.1108	0
54	11	204.2386	-20.96445	0
54	12	208.0855	44.44287	0
54	13	250.8078	242.9781	0
54	14	299.6761	97.06116	0
54	15	259.91	51.2258	0
54	16	320.8257	198.195	0
54	17	278.3421	121.5615	0
54	18	263.7764	72.59982	0
54	19	396.0652	326.4252	0
54	20	377.6525	242.7071	0
54	21	397.3383	475.5776	0
54	22	417.046	428.3924	0
54	23	300.708	208.4742	0
54	24	239.7537	49.45917	0
54	25	409.9472	306.3587	0
54	26	331.0201	124.6628	0
54	27	350.3934	100.8947	0
54	28	345.9468	473.9195	0
54	29	189.1138	45.16226	0
54	30	195.5745	81.87317	0
54	31	427.088	354.1867	0
54	32	152.4564	-24.04675	0
54	33	230.975	11.11176	0
54	34	291.7565	312.4795	0
54	35	467.4964	431.4596	0
55	1	303.9659	275.7216	0
55	2	315.2087	75.60547	0
55	3	285.1441	274.4714	0
55	4	249.1591	205.5091	0
55	5	400.7249	386.1935	0
55	6	372.2764	202.4846	0
55	7	354.6655	281.1181	0
55	8	407.437	284.8654	0
55	9	311.4927	55.11194	0
55	10	374.9871	351.1108	0
55	11	204.2386	-20.96445	0
55	12	208.0855	44.44287	0
55	13	250.8078	242.9781	0
55	14	299.6761	97.06116	0
55	15	259.91	51.2258	0
55	16	320.8257	198.195	0
55	17	278.3421	121.5615	0
55	18	263.7764	72.59982	0
55	19	396.0652	326.4252	0
55	20	377.6525	242.7071	0
55	21	397.3383	475.5776	0
55	22	417.046	428.3924	0
55	23	300.708	208.4742	0
55	24	239.7537	49.45917	0
55	25	409.9472	306.3587	0
55	26	331.0201	124.6628	0
55	27	350.3934	100.8947	0
55	28	345.9468	473.9195	0
55	29	189.1138	45.16226	0
55	30	195.5745	81.87317	0
55	31	427.088	354.1867	0
55	32	152.4564	-24.04675	0
55	33	230.975	11.11176	0
55	34	291.7565	312.4795	0
55	35	467.4964	431.4596	0
55	36	344.0428	314.2499	0
56	1	303.9659	275.7216	0
56	2	315.2087	75.60547	0
56	3	285.1441	274.4714	0
56	4	249.1591	205.5091	0
56	5	400.7249	386.1935	0
56	6	372.2764	202.4846	0
56	7	354.6655	281.1181	0
56	8	407.437	284.8654	0
56	9	311.4927	55.11194	0
56	10	374.9871	351.1108	0
56	11	204.2386	-20.96445	0
56	12	208.0855	44.44287	0
56	13	250.8078	242.9781	0
56	14	299.6761	97.06116	0
56	15	259.91	51.2258	0
56	16	320.8257	198.195	0
56	17	278.3421	121.5615	0
56	18	263.7764	72.59982	0
56	19	396.0652	326.4252	0
56	20	377.6525	242.7071	0
56	21	397.3383	475.5776	0
56	22	417.046	428.3924	0
56	23	300.708	208.4742	0
56	24	239.7537	49.45917	0
56	25	409.9472	306.3587	0
56	26	331.0201	124.6628	0
56	27	350.3934	100.8947	0
56	28	345.9468	473.9195	0
56	29	189.1138	45.16226	0
56	30	195.5745	81.87317	0
56	31	427.088	354.1867	0
56	32	152.4564	-24.04675	0
56	33	230.975	11.11176	0
56	34	291.7565	312.4795	0
56	35	467.4964	431.4596	0
56	36	344.0428	314.2499	0
57	1	303.9659	275.7216	0
57	2	315.2087	75.60547	0
57	3	285.1441	274.4714	0
57	4	249.1591	205.5091	0
57	5	400.7249	386.1935	0
57	6	372.2764	202.4846	0
57	7	354.6655	281.1181	0
57	8	407.437	284.8654	0
57	9	311.4927	55.11194	0
57	10	374.9871	351.1108	0
57	11	204.2386	-20.96445	0
57	12	208.0855	44.44287	0
57	13	250.8078	242.9781	0
57	14	299.6761	97.06116	0
57	15	259.91	51.2258	0
57	16	320.8257	198.195	0
57	17	278.3421	121.5615	0
57	18	263.7764	72.59982	0
57	19	396.0652	326.4252	0
57	20	377.6525	242.7071	0
57	21	397.3383	475.5776	0
57	22	417.046	428.3924	0
57	23	300.708	208.4742	0
57	24	239.7537	49.45917	0
57	25	409.9472	306.3587	0
57	26	331.0201	124.6628	0
57	27	350.3934	100.8947	0
57	28	345.9468	473.9195	0
57	29	189.1138	45.16226	0
57	30	195.5745	81.87317	0
57	31	427.088	354.1867	0
57	32	152.4564	-24.04675	0
57	33	230.975	11.11176	0
57	34	291.7565	312.4795	0
57	35	467.4964	431.4596	0
57	36	344.0428	314.2499	0
57	37	301.9843	247.0467	0
58	1	303.9659	275.7216	0
58	2	315.2087	75.60547	0
58	3	285.1441	274.4714	0
58	4	249.1591	205.5091	0
58	5	400.7249	386.1935	0
58	6	372.2764	202.4846	0
58	7	354.6655	281.1181	0
58	8	407.437	284.8654	0
58	9	311.4927	55.11194	0
58	10	374.9871	351.1108	0
58	11	204.2386	-20.96445	0
58	12	208.0855	44.44287	0
58	13	250.8078	242.9781	0
58	14	299.6761	97.06116	0
58	15	259.91	51.2258	0
58	16	320.8257	198.195	0
58	17	278.3421	121.5615	0
58	18	263.7764	72.59982	0
58	19	396.0652	326.4252	0
58	20	377.6525	242.7071	0
58	21	397.3383	475.5776	0
58	22	417.046	428.3924	0
58	23	300.708	208.4742	0
58	24	239.7537	49.45917	0
58	25	409.9472	306.3587	0
58	26	331.0201	124.6628	0
58	27	350.3934	100.8947	0
58	28	345.9468	473.9195	0
58	29	189.1138	45.16226	0
58	30	195.5745	81.87317	0
58	31	427.088	354.1867	0
58	32	152.4564	-24.04675	0
58	33	230.975	11.11176	0
58	34	291.7565	312.4795	0
58	35	467.4964	431.4596	0
58	36	344.0428	314.2499	0
58	37	301.9843	247.0467	0
58	38	447.2664	329.3072	0
59	1	303.9659	275.7216	0
59	2	315.2087	75.60547	0
59	3	285.1441	274.4714	0
59	4	249.1591	205.5091	0
59	5	400.7249	386.1935	0
59	6	372.2764	202.4846	0
59	7	354.6655	281.1181	0
59	8	407.437	284.8654	0
59	9	311.4927	55.11194	0
59	10	374.9871	351.1108	0
59	11	204.2386	-20.96445	0
59	12	208.0855	44.44287	0
59	13	250.8078	242.9781	0
59	14	299.6761	97.06116	0
59	15	259.91	51.2258	0
59	16	320.8257	198.195	0
59	17	278.3421	121.5615	0
59	18	263.7764	72.59982	0
59	19	396.0652	326.4252	0
59	20	377.6525	242.7071	0
59	21	397.3383	475.5776	0
59	22	417.046	428.3924	0
59	23	300.708	208.4742	0
59	24	239.7537	49.45917	0
59	25	409.9472	306.3587	0
59	26	331.0201	124.6628	0
59	27	350.3934	100.8947	0
59	28	345.9468	473.9195	0
59	29	189.1138	45.16226	0
59	30	195.5745	81.87317	0
59	31	427.088	354.1867	0
59	32	152.4564	-24.04675	0
59	33	230.975	11.11176	0
59	34	291.7565	312.4795	0
59	35	467.4964	431.4596	0
59	36	344.0428	314.2499	0
59	37	301.9843	247.0467	0
59	38	447.2664	329.3072	0
59	39	246.6951	85.26483	0
