634	1	348.0761	210.4454	0
634	2	589.0952	220.9187	0
634	3	348.1276	194.0218	0
634	4	430.6462	167.9057	0
634	5	171.8288	308.7036	0
634	6	436.0081	276.7867	0
634	7	331.326	259.4361	0
634	8	315.824	318.0612	0
634	9	615.3597	217.6924	0
634	10	232.2872	279.9799	0
634	11	663.6567	137.5015	0
634	12	597.6374	139.6076	0
634	13	389.5129	167.7108	0
634	14	560.1163	208.0106	0
634	15	603.8072	176.037	0
634	16	440.5933	225.8963	0
634	17	527.491	190.3568	0
634	18	580.6607	177.7485	0
634	19	258.2709	302.9858	0
634	20	377.5738	283.3993	0
634	21	44.80583	305.0963	0
634	22	100.3283	328.3102	0
634	23	426.7775	207.3152	0
634	24	600.5676	161.1556	0
634	25	283.228	321.7768	0
634	26	532.2773	234.5863	0
634	27	568.4852	255.9568	0
634	28	85.73187	248.6411	0
634	29	591.8799	127.9873	0
634	30	557.3384	131.6469	0
634	31	205.328	342.2631	0
634	32	651.9204	108.0828	0
634	33	641.3494	155.6553	0
634	34	306.0522	199.4233	0
634	35	56.66668	405.2557	0
634	36	289.7368	246.4667	0
634	37	381.093	207.6544	0
634	38	234.5478	372.1121	0
634	39	564.3007	166.1883	0
634	40	653.4958	193.7959	0
634	41	337.8643	239.4043	0
634	42	302.7987	262.7073	0
634	43	387.0372	230.8361	0
635	1	348.0761	210.4454	0
635	2	589.0952	220.9187	0
635	3	348.1276	194.0218	0
635	4	430.6462	167.9057	0
635	5	171.8288	308.7036	0
635	6	436.0081	276.7867	0
635	7	331.326	259.4361	0
635	8	315.824	318.0612	0
635	9	615.3597	217.6924	0
635	10	232.2872	279.9799	0
635	11	663.6567	137.5015	0
635	12	597.6374	139.6076	0
635	13	389.5129	167.7108	0
635	14	560.1163	208.0106	0
635	15	603.8072	176.037	0
635	16	440.5933	225.8963	0
635	17	527.491	190.3568	0
635	18	580.6607	177.7485	0
635	19	258.2709	302.9858	0
635	20	377.5738	283.3993	0
635	21	44.80583	305.0963	0
635	22	100.3283	328.3102	0
635	23	426.7775	207.3152	0
635	24	600.5676	161.1556	0
635	25	283.228	321.7768	0
635	26	532.2773	234.5863	0
635	27	568.4852	255.9568	0
635	28	85.73187	248.6411	0
635	29	591.8799	127.9873	0
635	30	557.3384	131.6469	0
635	31	205.328	342.2631	0
635	32	651.9204	108.0828	0
635	33	641.3494	155.6553	0
635	34	306.0522	199.4233	0
635	35	56.66668	405.2557	0
635	36	289.7368	246.4667	0
635	37	381.093	207.6544	0
635	38	234.5478	372.1121	0
635	39	564.3007	166.1883	0
635	40	653.4958	193.7959	0
635	41	337.8643	239.4043	0
635	42	302.7987	262.7073	0
635	43	387.0372	230.8361	0
636	1	348.0761	210.4454	0
636	2	589.0952	220.9187	0
636	3	348.1276	194.0218	0
636	4	430.6462	167.9057	0
636	5	171.8288	308.7036	0
636	6	436.0081	276.7867	0
636	7	331.326	259.4361	0
636	8	315.824	318.0612	0
636	9	615.3597	217.6924	0
636	10	232.2872	279.9799	0
636	11	663.6567	137.5015	0
636	12	597.6374	139.6076	0
636	13	389.5129	167.7108	0
636	14	560.1163	208.0106	0
636	15	603.8072	176.037	0
636	16	440.5933	225.8963	0
636	17	527.491	190.3568	0
636	18	580.6607	177.7485	0
636	19	258.2709	302.9858	0
636	20	377.5738	283.3993	0
636	21	44.80583	305.0963	0
636	22	100.3283	328.3102	0
636	23	426.7775	207.3152	0
636	24	600.5676	161.1556	0
636	25	283.228	321.7768	0
636	26	532.2773	234.5863	0
636	27	568.4852	255.9568	0
636	28	85.73187	248.6411	0
636	29	591.8799	127.9873	0
636	30	557.3384	131.6469	0
636	31	205.328	342.2631	0
636	32	651.9204	108.0828	0
636	33	641.3494	155.6553	0
636	34	306.0522	199.4233	0
636	35	56.66668	405.2557	0
636	36	289.7368	246.4667	0
636	37	381.093	207.6544	0
636	38	234.5478	372.1121	0
636	39	564.3007	166.1883	0
636	40	653.4958	193.7959	0
636	41	337.8643	239.4043	0
636	42	302.7987	262.7073	0
636	43	387.0372	230.8361	0
637	1	348.0761	210.4454	0
637	2	589.0952	220.9187	0
637	3	348.1276	194.0218	0
637	4	430.6462	167.9057	0
637	5	171.8288	308.7036	0
637	6	436.0081	276.7867	0
637	7	331.326	259.4361	0
637	8	315.824	318.0612	0
637	9	615.3597	217.6924	0
637	10	232.2872	279.9799	0
637	11	663.6567	137.5015	0
637	12	597.6374	139.6076	0
637	13	389.5129	167.7108	0
637	14	560.1163	208.0106	0
637	15	603.8072	176.037	0
637	16	440.5933	225.8963	0
637	17	527.491	190.3568	0
637	18	580.6607	177.7485	0
637	19	258.2709	302.9858	0
637	20	377.5738	283.3993	0
637	21	44.80583	305.0963	0
637	22	100.3283	328.3102	0
637	23	426.7775	207.3152	0
637	24	600.5676	161.1556	0
637	25	283.228	321.7768	0
637	26	532.2773	234.5863	0
637	27	568.4852	255.9568	0
637	28	85.73187	248.6411	0
637	29	591.8799	127.9873	0
637	30	557.3384	131.6469	0
637	31	205.328	342.2631	0
637	32	651.9204	108.0828	0
637	33	641.3494	155.6553	0
637	34	306.0522	199.4233	0
637	35	56.66668	405.2557	0
637	36	289.7368	246.4667	0
637	37	381.093	207.6544	0
637	38	234.5478	372.1121	0
637	39	564.3007	166.1883	0
637	40	653.4958	193.7959	0
637	41	337.8643	239.4043	0
637	42	302.7987	262.7073	0
637	43	387.0372	230.8361	0
638	1	348.0761	210.4454	0
638	2	589.0952	220.9187	0
638	3	348.1276	194.0218	0
638	4	430.6462	167.9057	0
638	5	171.8288	308.7036	0
638	6	436.0081	276.7867	0
638	7	331.326	259.4361	0
638	8	315.824	318.0612	0
638	9	615.3597	217.6924	0
638	10	232.2872	279.9799	0
638	11	663.6567	137.5015	0
638	12	597.6374	139.6076	0
638	13	389.5129	167.7108	0
638	14	560.1163	208.0106	0
638	15	603.8072	176.037	0
638	16	440.5933	225.8963	0
638	17	527.491	190.3568	0
638	18	580.6607	177.7485	0
638	19	258.2709	302.9858	0
638	20	377.5738	283.3993	0
638	21	44.80583	305.0963	0
638	22	100.3283	328.3102	0
638	23	426.7775	207.3152	0
638	24	600.5676	161.1556	0
638	25	283.228	321.7768	0
638	26	532.2773	234.5863	0
638	27	568.4852	255.9568	0
638	28	85.73187	248.6411	0
638	29	591.8799	127.9873	0
638	30	557.3384	131.6469	0
638	31	205.328	342.2631	0
638	32	651.9204	108.0828	0
638	33	641.3494	155.6553	0
638	34	306.0522	199.4233	0
638	35	56.66668	405.2557	0
638	36	289.7368	246.4667	0
638	37	381.093	207.6544	0
638	38	234.5478	372.1121	0
638	39	564.3007	166.1883	0
638	40	653.4958	193.7959	0
638	41	337.8643	239.4043	0
638	42	302.7987	262.7073	0
638	43	387.0372	230.8361	0
639	1	348.0761	210.4454	0
639	2	589.0952	220.9187	0
639	3	348.1276	194.0218	0
639	4	430.6462	167.9057	0
639	5	171.8288	308.7036	0
639	6	436.0081	276.7867	0
639	7	331.326	259.4361	0
639	8	315.824	318.0612	0
639	9	615.3597	217.6924	0
639	10	232.2872	279.9799	0
639	11	663.6567	137.5015	0
639	12	597.6374	139.6076	0
639	13	389.5129	167.7108	0
639	14	560.1163	208.0106	0
639	15	603.8072	176.037	0
639	16	440.5933	225.8963	0
639	17	527.491	190.3568	0
639	18	580.6607	177.7485	0
639	19	258.2709	302.9858	0
639	20	377.5738	283.3993	0
639	21	44.80583	305.0963	0
639	22	100.3283	328.3102	0
639	23	426.7775	207.3152	0
639	24	600.5676	161.1556	0
639	25	283.228	321.7768	0
639	26	532.2773	234.5863	0
639	27	568.4852	255.9568	0
639	28	85.73187	248.6411	0
639	29	591.8799	127.9873	0
639	30	557.3384	131.6469	0
639	31	205.328	342.2631	0
639	32	651.9204	108.0828	0
639	33	641.3494	155.6553	0
639	34	306.0522	199.4233	0
639	35	56.66668	405.2557	0
639	36	289.7368	246.4667	0
639	37	381.093	207.6544	0
639	38	234.5478	372.1121	0
639	39	564.3007	166.1883	0
639	40	653.4958	193.7959	0
639	41	337.8643	239.4043	0
639	42	302.7987	262.7073	0
639	43	387.0372	230.8361	0
640	1	348.0761	210.4454	0
640	2	589.0952	220.9187	0
640	3	348.1276	194.0218	0
640	4	430.6462	167.9057	0
640	5	171.8288	308.7036	0
640	6	436.0081	276.7867	0
640	7	331.326	259.4361	0
640	8	315.824	318.0612	0
640	9	615.3597	217.6924	0
640	10	232.2872	279.9799	0
640	11	663.6567	137.5015	0
640	12	597.6374	139.6076	0
640	13	389.5129	167.7108	0
640	14	560.1163	208.0106	0
640	15	603.8072	176.037	0
640	16	440.5933	225.8963	0
640	17	527.491	190.3568	0
640	18	580.6607	177.7485	0
640	19	258.2709	302.9858	0
640	20	377.5738	283.3993	0
640	21	44.80583	305.0963	0
640	22	100.3283	328.3102	0
640	23	426.7775	207.3152	0
640	24	600.5676	161.1556	0
640	25	283.228	321.7768	0
640	26	532.2773	234.5863	0
640	27	568.4852	255.9568	0
640	28	85.73187	248.6411	0
640	29	591.8799	127.9873	0
640	30	557.3384	131.6469	0
640	31	205.328	342.2631	0
640	32	651.9204	108.0828	0
640	33	641.3494	155.6553	0
640	34	306.0522	199.4233	0
640	35	56.66668	405.2557	0
640	36	289.7368	246.4667	0
640	37	381.093	207.6544	0
640	38	234.5478	372.1121	0
640	39	564.3007	166.1883	0
640	40	653.4958	193.7959	0
640	41	337.8643	239.4043	0
640	42	302.7987	262.7073	0
640	43	387.0372	230.8361	0
641	1	348.0761	210.4454	0
641	2	589.0952	220.9187	0
641	3	348.1276	194.0218	0
641	4	430.6462	167.9057	0
641	5	171.8288	308.7036	0
641	6	436.0081	276.7867	0
641	7	331.326	259.4361	0
641	8	315.824	318.0612	0
641	9	615.3597	217.6924	0
641	10	232.2872	279.9799	0
641	11	663.6567	137.5015	0
641	12	597.6374	139.6076	0
641	13	389.5129	167.7108	0
641	14	560.1163	208.0106	0
641	15	603.8072	176.037	0
641	16	440.5933	225.8963	0
641	17	527.491	190.3568	0
641	18	580.6607	177.7485	0
641	19	258.2709	302.9858	0
641	20	377.5738	283.3993	0
641	21	44.80583	305.0963	0
641	22	100.3283	328.3102	0
641	23	426.7775	207.3152	0
641	24	600.5676	161.1556	0
641	25	283.228	321.7768	0
641	26	532.2773	234.5863	0
641	27	568.4852	255.9568	0
641	28	85.73187	248.6411	0
641	29	591.8799	127.9873	0
641	30	557.3384	131.6469	0
641	31	205.328	342.2631	0
641	32	651.9204	108.0828	0
641	33	641.3494	155.6553	0
641	34	306.0522	199.4233	0
641	35	56.66668	405.2557	0
641	36	289.7368	246.4667	0
641	37	381.093	207.6544	0
641	38	234.5478	372.1121	0
641	39	564.3007	166.1883	0
641	40	653.4958	193.7959	0
641	41	337.8643	239.4043	0
641	42	302.7987	262.7073	0
641	43	387.0372	230.8361	0
642	1	348.0761	210.4454	0
642	2	589.0952	220.9187	0
642	3	348.1276	194.0218	0
642	4	430.6462	167.9057	0
642	5	171.8288	308.7036	0
642	6	436.0081	276.7867	0
642	7	331.326	259.4361	0
642	8	315.824	318.0612	0
642	9	615.3597	217.6924	0
642	10	232.2872	279.9799	0
642	11	663.6567	137.5015	0
642	12	597.6374	139.6076	0
642	13	389.5129	167.7108	0
642	14	560.1163	208.0106	0
642	15	603.8072	176.037	0
642	16	440.5933	225.8963	0
642	17	527.491	190.3568	0
642	18	580.6607	177.7485	0
642	19	258.2709	302.9858	0
642	20	377.5738	283.3993	0
642	21	44.80583	305.0963	0
642	22	100.3283	328.3102	0
642	23	426.7775	207.3152	0
642	24	600.5676	161.1556	0
642	25	283.228	321.7768	0
642	26	532.2773	234.5863	0
642	27	568.4852	255.9568	0
642	28	85.73187	248.6411	0
642	29	591.8799	127.9873	0
642	30	557.3384	131.6469	0
642	31	205.328	342.2631	0
642	32	651.9204	108.0828	0
642	33	641.3494	155.6553	0
642	34	306.0522	199.4233	0
642	35	56.66668	405.2557	0
642	36	289.7368	246.4667	0
642	37	381.093	207.6544	0
642	38	234.5478	372.1121	0
642	39	564.3007	166.1883	0
642	40	653.4958	193.7959	0
642	41	337.8643	239.4043	0
642	42	302.7987	262.7073	0
642	43	387.0372	230.8361	0
643	1	348.0761	210.4454	0
643	2	589.0952	220.9187	0
643	3	348.1276	194.0218	0
643	4	430.6462	167.9057	0
643	5	171.8288	308.7036	0
643	6	436.0081	276.7867	0
643	7	331.326	259.4361	0
643	8	315.824	318.0612	0
643	9	615.3597	217.6924	0
643	10	232.2872	279.9799	0
643	11	663.6567	137.5015	0
643	12	597.6374	139.6076	0
643	13	389.5129	167.7108	0
643	14	560.1163	208.0106	0
643	15	603.8072	176.037	0
643	16	440.5933	225.8963	0
643	17	527.491	190.3568	0
643	18	580.6607	177.7485	0
643	19	258.2709	302.9858	0
643	20	377.5738	283.3993	0
643	21	44.80583	305.0963	0
643	22	100.3283	328.3102	0
643	23	426.7775	207.3152	0
643	24	600.5676	161.1556	0
643	25	283.228	321.7768	0
643	26	532.2773	234.5863	0
643	27	568.4852	255.9568	0
643	28	85.73187	248.6411	0
643	29	591.8799	127.9873	0
643	30	557.3384	131.6469	0
643	31	205.328	342.2631	0
643	32	651.9204	108.0828	0
643	33	641.3494	155.6553	0
643	34	306.0522	199.4233	0
643	35	56.66668	405.2557	0
643	36	289.7368	246.4667	0
643	37	381.093	207.6544	0
643	38	234.5478	372.1121	0
643	39	564.3007	166.1883	0
643	40	653.4958	193.7959	0
643	41	337.8643	239.4043	0
643	42	302.7987	262.7073	0
643	43	387.0372	230.8361	0
644	1	348.0761	210.4454	0
644	2	589.0952	220.9187	0
644	3	348.1276	194.0218	0
644	4	430.6462	167.9057	0
644	5	171.8288	308.7036	0
644	6	436.0081	276.7867	0
644	7	331.326	259.4361	0
644	8	315.824	318.0612	0
644	9	615.3597	217.6924	0
644	10	232.2872	279.9799	0
644	11	663.6567	137.5015	0
644	12	597.6374	139.6076	0
644	13	389.5129	167.7108	0
644	14	560.1163	208.0106	0
644	15	603.8072	176.037	0
644	16	440.5933	225.8963	0
644	17	527.491	190.3568	0
644	18	580.6607	177.7485	0
644	19	258.2709	302.9858	0
644	20	377.5738	283.3993	0
644	21	44.80583	305.0963	0
644	22	100.3283	328.3102	0
644	23	426.7775	207.3152	0
644	24	600.5676	161.1556	0
644	25	283.228	321.7768	0
644	26	532.2773	234.5863	0
644	27	568.4852	255.9568	0
644	28	85.73187	248.6411	0
644	29	591.8799	127.9873	0
644	30	557.3384	131.6469	0
644	31	205.328	342.2631	0
644	32	651.9204	108.0828	0
644	33	641.3494	155.6553	0
644	34	306.0522	199.4233	0
644	35	56.66668	405.2557	0
644	36	289.7368	246.4667	0
644	37	381.093	207.6544	0
644	38	234.5478	372.1121	0
644	39	564.3007	166.1883	0
644	40	653.4958	193.7959	0
644	41	337.8643	239.4043	0
644	42	302.7987	262.7073	0
644	43	387.0372	230.8361	0
645	1	348.0761	210.4454	0
645	2	589.0952	220.9187	0
645	3	348.1276	194.0218	0
645	4	430.6462	167.9057	0
645	5	171.8288	308.7036	0
645	6	436.0081	276.7867	0
645	7	331.326	259.4361	0
645	8	315.824	318.0612	0
645	9	615.3597	217.6924	0
645	10	232.2872	279.9799	0
645	11	663.6567	137.5015	0
645	12	597.6374	139.6076	0
645	13	389.5129	167.7108	0
645	14	560.1163	208.0106	0
645	15	603.8072	176.037	0
645	16	440.5933	225.8963	0
645	17	527.491	190.3568	0
645	18	580.6607	177.7485	0
645	19	258.2709	302.9858	0
645	20	377.5738	283.3993	0
645	21	44.80583	305.0963	0
645	22	100.3283	328.3102	0
645	23	426.7775	207.3152	0
645	24	600.5676	161.1556	0
645	25	283.228	321.7768	0
645	26	532.2773	234.5863	0
645	27	568.4852	255.9568	0
645	28	85.73187	248.6411	0
645	29	591.8799	127.9873	0
645	30	557.3384	131.6469	0
645	31	205.328	342.2631	0
645	32	651.9204	108.0828	0
645	33	641.3494	155.6553	0
645	34	306.0522	199.4233	0
645	35	56.66668	405.2557	0
645	36	289.7368	246.4667	0
645	37	381.093	207.6544	0
645	38	234.5478	372.1121	0
645	39	564.3007	166.1883	0
645	40	653.4958	193.7959	0
645	41	337.8643	239.4043	0
645	42	302.7987	262.7073	0
645	43	387.0372	230.8361	0
646	1	348.0761	210.4454	0
646	2	589.0952	220.9187	0
646	3	348.1276	194.0218	0
646	4	430.6462	167.9057	0
646	5	171.8288	308.7036	0
646	6	436.0081	276.7867	0
646	7	331.326	259.4361	0
646	8	315.824	318.0612	0
646	9	615.3597	217.6924	0
646	10	232.2872	279.9799	0
646	11	663.6567	137.5015	0
646	12	597.6374	139.6076	0
646	13	389.5129	167.7108	0
646	14	560.1163	208.0106	0
646	15	603.8072	176.037	0
646	16	440.5933	225.8963	0
646	17	527.491	190.3568	0
646	18	580.6607	177.7485	0
646	19	258.2709	302.9858	0
646	20	377.5738	283.3993	0
646	21	44.80583	305.0963	0
646	22	100.3283	328.3102	0
646	23	426.7775	207.3152	0
646	24	600.5676	161.1556	0
646	25	283.228	321.7768	0
646	26	532.2773	234.5863	0
646	27	568.4852	255.9568	0
646	28	85.73187	248.6411	0
646	29	591.8799	127.9873	0
646	30	557.3384	131.6469	0
646	31	205.328	342.2631	0
646	32	651.9204	108.0828	0
646	33	641.3494	155.6553	0
646	34	306.0522	199.4233	0
646	35	56.66668	405.2557	0
646	36	289.7368	246.4667	0
646	37	381.093	207.6544	0
646	38	234.5478	372.1121	0
646	39	564.3007	166.1883	0
646	40	653.4958	193.7959	0
646	41	337.8643	239.4043	0
646	42	302.7987	262.7073	0
646	43	387.0372	230.8361	0
647	1	348.0761	210.4454	0
647	2	589.0952	220.9187	0
647	3	348.1276	194.0218	0
647	4	430.6462	167.9057	0
647	5	171.8288	308.7036	0
647	6	436.0081	276.7867	0
647	7	331.326	259.4361	0
647	8	315.824	318.0612	0
647	9	615.3597	217.6924	0
647	10	232.2872	279.9799	0
647	11	663.6567	137.5015	0
647	12	597.6374	139.6076	0
647	13	389.5129	167.7108	0
647	14	560.1163	208.0106	0
647	15	603.8072	176.037	0
647	16	440.5933	225.8963	0
647	17	527.491	190.3568	0
647	18	580.6607	177.7485	0
647	19	258.2709	302.9858	0
647	20	377.5738	283.3993	0
647	21	44.80583	305.0963	0
647	22	100.3283	328.3102	0
647	23	426.7775	207.3152	0
647	24	600.5676	161.1556	0
647	25	283.228	321.7768	0
647	26	532.2773	234.5863	0
647	27	568.4852	255.9568	0
647	28	85.73187	248.6411	0
647	29	591.8799	127.9873	0
647	30	557.3384	131.6469	0
647	31	205.328	342.2631	0
647	32	651.9204	108.0828	0
647	33	641.3494	155.6553	0
647	34	306.0522	199.4233	0
647	35	56.66668	405.2557	0
647	36	289.7368	246.4667	0
647	37	381.093	207.6544	0
647	38	234.5478	372.1121	0
647	39	564.3007	166.1883	0
647	40	653.4958	193.7959	0
647	41	337.8643	239.4043	0
647	42	302.7987	262.7073	0
647	43	387.0372	230.8361	0
648	1	348.0761	210.4454	0
648	2	589.0952	220.9187	0
648	3	348.1276	194.0218	0
648	4	430.6462	167.9057	0
648	5	171.8288	308.7036	0
648	6	436.0081	276.7867	0
648	7	331.326	259.4361	0
648	8	315.824	318.0612	0
648	9	615.3597	217.6924	0
648	10	232.2872	279.9799	0
648	11	663.6567	137.5015	0
648	12	597.6374	139.6076	0
648	13	389.5129	167.7108	0
648	14	560.1163	208.0106	0
648	15	603.8072	176.037	0
648	16	440.5933	225.8963	0
648	17	527.491	190.3568	0
648	18	580.6607	177.7485	0
648	19	258.2709	302.9858	0
648	20	377.5738	283.3993	0
648	21	44.80583	305.0963	0
648	22	100.3283	328.3102	0
648	23	426.7775	207.3152	0
648	24	600.5676	161.1556	0
648	25	283.228	321.7768	0
648	26	532.2773	234.5863	0
648	27	568.4852	255.9568	0
648	28	85.73187	248.6411	0
648	29	591.8799	127.9873	0
648	30	557.3384	131.6469	0
648	31	205.328	342.2631	0
648	32	651.9204	108.0828	0
648	33	641.3494	155.6553	0
648	34	306.0522	199.4233	0
648	35	56.66668	405.2557	0
648	36	289.7368	246.4667	0
648	37	381.093	207.6544	0
648	38	234.5478	372.1121	0
648	39	564.3007	166.1883	0
648	40	653.4958	193.7959	0
648	41	337.8643	239.4043	0
648	42	302.7987	262.7073	0
648	43	387.0372	230.8361	0
649	1	348.0761	210.4454	0
649	2	589.0952	220.9187	0
649	3	348.1276	194.0218	0
649	4	430.6462	167.9057	0
649	5	171.8288	308.7036	0
649	6	436.0081	276.7867	0
649	7	331.326	259.4361	0
649	8	315.824	318.0612	0
649	9	615.3597	217.6924	0
649	10	232.2872	279.9799	0
649	11	663.6567	137.5015	0
649	12	597.6374	139.6076	0
649	13	389.5129	167.7108	0
649	14	560.1163	208.0106	0
649	15	603.8072	176.037	0
649	16	440.5933	225.8963	0
649	17	527.491	190.3568	0
649	18	580.6607	177.7485	0
649	19	258.2709	302.9858	0
649	20	377.5738	283.3993	0
649	21	44.80583	305.0963	0
649	22	100.3283	328.3102	0
649	23	426.7775	207.3152	0
649	24	600.5676	161.1556	0
649	25	283.228	321.7768	0
649	26	532.2773	234.5863	0
649	27	568.4852	255.9568	0
649	28	85.73187	248.6411	0
649	29	591.8799	127.9873	0
649	30	557.3384	131.6469	0
649	31	205.328	342.2631	0
649	32	651.9204	108.0828	0
649	33	641.3494	155.6553	0
649	34	306.0522	199.4233	0
649	35	56.66668	405.2557	0
649	36	289.7368	246.4667	0
649	37	381.093	207.6544	0
649	38	234.5478	372.1121	0
649	39	564.3007	166.1883	0
649	40	653.4958	193.7959	0
649	41	337.8643	239.4043	0
649	42	302.7987	262.7073	0
649	43	387.0372	230.8361	0
650	1	348.0761	210.4454	0
650	2	589.0952	220.9187	0
650	3	348.1276	194.0218	0
650	4	430.6462	167.9057	0
650	5	171.8288	308.7036	0
650	6	436.0081	276.7867	0
650	7	331.326	259.4361	0
650	8	315.824	318.0612	0
650	9	615.3597	217.6924	0
650	10	232.2872	279.9799	0
650	11	663.6567	137.5015	0
650	12	597.6374	139.6076	0
650	13	389.5129	167.7108	0
650	14	560.1163	208.0106	0
650	15	603.8072	176.037	0
650	16	440.5933	225.8963	0
650	17	527.491	190.3568	0
650	18	580.6607	177.7485	0
650	19	258.2709	302.9858	0
650	20	377.5738	283.3993	0
650	21	44.80583	305.0963	0
650	22	100.3283	328.3102	0
650	23	426.7775	207.3152	0
650	24	600.5676	161.1556	0
650	25	283.228	321.7768	0
650	26	532.2773	234.5863	0
650	27	568.4852	255.9568	0
650	28	85.73187	248.6411	0
650	29	591.8799	127.9873	0
650	30	557.3384	131.6469	0
650	31	205.328	342.2631	0
650	32	651.9204	108.0828	0
650	33	641.3494	155.6553	0
650	34	306.0522	199.4233	0
650	35	56.66668	405.2557	0
650	36	289.7368	246.4667	0
650	37	381.093	207.6544	0
650	38	234.5478	372.1121	0
650	39	564.3007	166.1883	0
650	40	653.4958	193.7959	0
650	41	337.8643	239.4043	0
650	42	302.7987	262.7073	0
650	43	387.0372	230.8361	0
651	1	348.0761	210.4454	0
651	2	589.0952	220.9187	0
651	3	348.1276	194.0218	0
651	4	430.6462	167.9057	0
651	5	171.8288	308.7036	0
651	6	436.0081	276.7867	0
651	7	331.326	259.4361	0
651	8	315.824	318.0612	0
651	9	615.3597	217.6924	0
651	10	232.2872	279.9799	0
651	11	663.6567	137.5015	0
651	12	597.6374	139.6076	0
651	13	389.5129	167.7108	0
651	14	560.1163	208.0106	0
651	15	603.8072	176.037	0
651	16	440.5933	225.8963	0
651	17	527.491	190.3568	0
651	18	580.6607	177.7485	0
651	19	258.2709	302.9858	0
651	20	377.5738	283.3993	0
651	21	44.80583	305.0963	0
651	22	100.3283	328.3102	0
651	23	426.7775	207.3152	0
651	24	600.5676	161.1556	0
651	25	283.228	321.7768	0
651	26	532.2773	234.5863	0
651	27	568.4852	255.9568	0
651	28	85.73187	248.6411	0
651	29	591.8799	127.9873	0
651	30	557.3384	131.6469	0
651	31	205.328	342.2631	0
651	32	651.9204	108.0828	0
651	33	641.3494	155.6553	0
651	34	306.0522	199.4233	0
651	35	56.66668	405.2557	0
651	36	289.7368	246.4667	0
651	37	381.093	207.6544	0
651	38	234.5478	372.1121	0
651	39	564.3007	166.1883	0
651	40	653.4958	193.7959	0
651	41	337.8643	239.4043	0
651	42	302.7987	262.7073	0
651	43	387.0372	230.8361	0
652	1	348.0761	210.4454	0
652	2	589.0952	220.9187	0
652	3	348.1276	194.0218	0
652	4	430.6462	167.9057	0
652	5	171.8288	308.7036	0
652	6	436.0081	276.7867	0
652	7	331.326	259.4361	0
652	8	315.824	318.0612	0
652	9	615.3597	217.6924	0
652	10	232.2872	279.9799	0
652	11	663.6567	137.5015	0
652	12	597.6374	139.6076	0
652	13	389.5129	167.7108	0
652	14	560.1163	208.0106	0
652	15	603.8072	176.037	0
652	16	440.5933	225.8963	0
652	17	527.491	190.3568	0
652	18	580.6607	177.7485	0
652	19	258.2709	302.9858	0
652	20	377.5738	283.3993	0
652	21	44.80583	305.0963	0
652	22	100.3283	328.3102	0
652	23	426.7775	207.3152	0
652	24	600.5676	161.1556	0
652	25	283.228	321.7768	0
652	26	532.2773	234.5863	0
652	27	568.4852	255.9568	0
652	28	85.73187	248.6411	0
652	29	591.8799	127.9873	0
652	30	557.3384	131.6469	0
652	31	205.328	342.2631	0
652	32	651.9204	108.0828	0
652	33	641.3494	155.6553	0
652	34	306.0522	199.4233	0
652	35	56.66668	405.2557	0
652	36	289.7368	246.4667	0
652	37	381.093	207.6544	0
652	38	234.5478	372.1121	0
652	39	564.3007	166.1883	0
652	40	653.4958	193.7959	0
652	41	337.8643	239.4043	0
652	42	302.7987	262.7073	0
652	43	387.0372	230.8361	0
63	1	347.9599	210.5766	0
63	2	589.119	220.8644	0
63	3	349.7312	193.44	0
63	4	430.3032	168.4318	0
63	5	172.9561	307.9589	0
63	6	435.6002	276.442	0
63	7	329.996	259.2055	0
63	8	315.4878	317.2562	0
63	9	615.8762	217.4064	0
63	10	231.7117	279.8658	0
63	11	664.4109	138.0075	0
63	12	598.6487	140.3507	0
63	13	388.6173	168.0489	0
63	14	560.8583	208.1532	0
63	15	603.1693	175.1006	0
63	16	439.2672	226.0175	0
63	17	527.6942	191.1815	0
63	18	581.3146	178.2351	0
63	19	257.4597	303.8015	0
63	20	377.6306	284.4017	0
63	21	46.34925	303.4861	0
63	22	101.4178	328.3278	0
63	23	426.0081	207.5228	0
63	24	600.745	160.9031	0
63	25	282.7065	322.9938	0
63	26	533.2431	234.3631	0
63	27	567.4268	254.8586	0
63	28	84.90395	248.0734	0
63	29	592.1743	128.1552	0
63	30	556.2979	132.0656	0
63	31	207.0099	342.1938	0
63	32	652.4588	108.044	0
63	33	640.0797	155.1865	0
63	34	305.2383	200.2485	0
63	35	57.26803	404.2308	0
63	36	290.1982	246.0665	0
63	37	380.7382	208.475	0
63	38	233.9572	371.3767	0
63	39	563.781	166.6322	0
63	40	654.2617	194.2149	0
63	41	338.4123	239.1227	0
63	42	301.9788	264.0493	0
63	43	386.9816	232.1013	0
64	1	347.9599	210.5766	0
64	2	589.119	220.8644	0
64	3	349.7312	193.44	0
64	4	430.3032	168.4318	0
64	5	172.9561	307.9589	0
64	6	435.6002	276.442	0
64	7	329.996	259.2055	0
64	8	315.4878	317.2562	0
64	9	615.8762	217.4064	0
64	10	231.7117	279.8658	0
64	11	664.4109	138.0075	0
64	12	598.6487	140.3507	0
64	13	388.6173	168.0489	0
64	14	560.8583	208.1532	0
64	15	603.1693	175.1006	0
64	16	439.2672	226.0175	0
64	17	527.6942	191.1815	0
64	18	581.3146	178.2351	0
64	19	257.4597	303.8015	0
64	20	377.6306	284.4017	0
64	21	46.34925	303.4861	0
64	22	101.4178	328.3278	0
64	23	426.0081	207.5228	0
64	24	600.745	160.9031	0
64	25	282.7065	322.9938	0
64	26	533.2431	234.3631	0
64	27	567.4268	254.8586	0
64	28	84.90395	248.0734	0
64	29	592.1743	128.1552	0
64	30	556.2979	132.0656	0
64	31	207.0099	342.1938	0
64	32	652.4588	108.044	0
64	33	640.0797	155.1865	0
64	34	305.2383	200.2485	0
64	35	57.26803	404.2308	0
64	36	290.1982	246.0665	0
64	37	380.7382	208.475	0
64	38	233.9572	371.3767	0
64	39	563.781	166.6322	0
64	40	654.2617	194.2149	0
64	41	338.4123	239.1227	0
64	42	301.9788	264.0493	0
64	43	386.9816	232.1013	0
65	1	347.9599	210.5766	0
65	2	589.119	220.8644	0
65	3	349.7312	193.44	0
65	4	430.3032	168.4318	0
65	5	172.9561	307.9589	0
65	6	435.6002	276.442	0
65	7	329.996	259.2055	0
65	8	315.4878	317.2562	0
65	9	615.8762	217.4064	0
65	10	231.7117	279.8658	0
65	11	664.4109	138.0075	0
65	12	598.6487	140.3507	0
65	13	388.6173	168.0489	0
65	14	560.8583	208.1532	0
65	15	603.1693	175.1006	0
65	16	439.2672	226.0175	0
65	17	527.6942	191.1815	0
65	18	581.3146	178.2351	0
65	19	257.4597	303.8015	0
65	20	377.6306	284.4017	0
65	21	46.34925	303.4861	0
65	22	101.4178	328.3278	0
65	23	426.0081	207.5228	0
65	24	600.745	160.9031	0
65	25	282.7065	322.9938	0
65	26	533.2431	234.3631	0
65	27	567.4268	254.8586	0
65	28	84.90395	248.0734	0
65	29	592.1743	128.1552	0
65	30	556.2979	132.0656	0
65	31	207.0099	342.1938	0
65	32	652.4588	108.044	0
65	33	640.0797	155.1865	0
65	34	305.2383	200.2485	0
65	35	57.26803	404.2308	0
65	36	290.1982	246.0665	0
65	37	380.7382	208.475	0
65	38	233.9572	371.3767	0
65	39	563.781	166.6322	0
65	40	654.2617	194.2149	0
65	41	338.4123	239.1227	0
65	42	301.9788	264.0493	0
65	43	386.9816	232.1013	0
66	1	347.9599	210.5766	0
66	2	589.119	220.8644	0
66	3	349.7312	193.44	0
66	4	430.3032	168.4318	0
66	5	172.9561	307.9589	0
66	6	435.6002	276.442	0
66	7	329.996	259.2055	0
66	8	315.4878	317.2562	0
66	9	615.8762	217.4064	0
66	10	231.7117	279.8658	0
66	11	664.4109	138.0075	0
66	12	598.6487	140.3507	0
66	13	388.6173	168.0489	0
66	14	560.8583	208.1532	0
66	15	603.1693	175.1006	0
66	16	439.2672	226.0175	0
66	17	527.6942	191.1815	0
66	18	581.3146	178.2351	0
66	19	257.4597	303.8015	0
66	20	377.6306	284.4017	0
66	21	46.34925	303.4861	0
66	22	101.4178	328.3278	0
66	23	426.0081	207.5228	0
66	24	600.745	160.9031	0
66	25	282.7065	322.9938	0
66	26	533.2431	234.3631	0
66	27	567.4268	254.8586	0
66	28	84.90395	248.0734	0
66	29	592.1743	128.1552	0
66	30	556.2979	132.0656	0
66	31	207.0099	342.1938	0
66	32	652.4588	108.044	0
66	33	640.0797	155.1865	0
66	34	305.2383	200.2485	0
66	35	57.26803	404.2308	0
66	36	290.1982	246.0665	0
66	37	380.7382	208.475	0
66	38	233.9572	371.3767	0
66	39	563.781	166.6322	0
66	40	654.2617	194.2149	0
66	41	338.4123	239.1227	0
66	42	301.9788	264.0493	0
66	43	386.9816	232.1013	0
67	1	347.9599	210.5766	0
67	2	589.119	220.8644	0
67	3	349.7312	193.44	0
67	4	430.3032	168.4318	0
67	5	172.9561	307.9589	0
67	6	435.6002	276.442	0
67	7	329.996	259.2055	0
67	8	315.4878	317.2562	0
67	9	615.8762	217.4064	0
67	10	231.7117	279.8658	0
67	11	664.4109	138.0075	0
67	12	598.6487	140.3507	0
67	13	388.6173	168.0489	0
67	14	560.8583	208.1532	0
67	15	603.1693	175.1006	0
67	16	439.2672	226.0175	0
67	17	527.6942	191.1815	0
67	18	581.3146	178.2351	0
67	19	257.4597	303.8015	0
67	20	377.6306	284.4017	0
67	21	46.34925	303.4861	0
67	22	101.4178	328.3278	0
67	23	426.0081	207.5228	0
67	24	600.745	160.9031	0
67	25	282.7065	322.9938	0
67	26	533.2431	234.3631	0
67	27	567.4268	254.8586	0
67	28	84.90395	248.0734	0
67	29	592.1743	128.1552	0
67	30	556.2979	132.0656	0
67	31	207.0099	342.1938	0
67	32	652.4588	108.044	0
67	33	640.0797	155.1865	0
67	34	305.2383	200.2485	0
67	35	57.26803	404.2308	0
67	36	290.1982	246.0665	0
67	37	380.7382	208.475	0
67	38	233.9572	371.3767	0
67	39	563.781	166.6322	0
67	40	654.2617	194.2149	0
67	41	338.4123	239.1227	0
67	42	301.9788	264.0493	0
67	43	386.9816	232.1013	0
68	1	347.9599	210.5766	0
68	2	589.119	220.8644	0
68	3	349.7312	193.44	0
68	4	430.3032	168.4318	0
68	5	172.9561	307.9589	0
68	6	435.6002	276.442	0
68	7	329.996	259.2055	0
68	8	315.4878	317.2562	0
68	9	615.8762	217.4064	0
68	10	231.7117	279.8658	0
68	11	664.4109	138.0075	0
68	12	598.6487	140.3507	0
68	13	388.6173	168.0489	0
68	14	560.8583	208.1532	0
68	15	603.1693	175.1006	0
68	16	439.2672	226.0175	0
68	17	527.6942	191.1815	0
68	18	581.3146	178.2351	0
68	19	257.4597	303.8015	0
68	20	377.6306	284.4017	0
68	21	46.34925	303.4861	0
68	22	101.4178	328.3278	0
68	23	426.0081	207.5228	0
68	24	600.745	160.9031	0
68	25	282.7065	322.9938	0
68	26	533.2431	234.3631	0
68	27	567.4268	254.8586	0
68	28	84.90395	248.0734	0
68	29	592.1743	128.1552	0
68	30	556.2979	132.0656	0
68	31	207.0099	342.1938	0
68	32	652.4588	108.044	0
68	33	640.0797	155.1865	0
68	34	305.2383	200.2485	0
68	35	57.26803	404.2308	0
68	36	290.1982	246.0665	0
68	37	380.7382	208.475	0
68	38	233.9572	371.3767	0
68	39	563.781	166.6322	0
68	40	654.2617	194.2149	0
68	41	338.4123	239.1227	0
68	42	301.9788	264.0493	0
68	43	386.9816	232.1013	0
69	1	347.9599	210.5766	0
69	2	589.119	220.8644	0
69	3	349.7312	193.44	0
69	4	430.3032	168.4318	0
69	5	172.9561	307.9589	0
69	6	435.6002	276.442	0
69	7	329.996	259.2055	0
69	8	315.4878	317.2562	0
69	9	615.8762	217.4064	0
69	10	231.7117	279.8658	0
69	11	664.4109	138.0075	0
69	12	598.6487	140.3507	0
69	13	388.6173	168.0489	0
69	14	560.8583	208.1532	0
69	15	603.1693	175.1006	0
69	16	439.2672	226.0175	0
69	17	527.6942	191.1815	0
69	18	581.3146	178.2351	0
69	19	257.4597	303.8015	0
69	20	377.6306	284.4017	0
69	21	46.34925	303.4861	0
69	22	101.4178	328.3278	0
69	23	426.0081	207.5228	0
69	24	600.745	160.9031	0
69	25	282.7065	322.9938	0
69	26	533.2431	234.3631	0
69	27	567.4268	254.8586	0
69	28	84.90395	248.0734	0
69	29	592.1743	128.1552	0
69	30	556.2979	132.0656	0
69	31	207.0099	342.1938	0
69	32	652.4588	108.044	0
69	33	640.0797	155.1865	0
69	34	305.2383	200.2485	0
69	35	57.26803	404.2308	0
69	36	290.1982	246.0665	0
69	37	380.7382	208.475	0
69	38	233.9572	371.3767	0
69	39	563.781	166.6322	0
69	40	654.2617	194.2149	0
69	41	338.4123	239.1227	0
69	42	301.9788	264.0493	0
69	43	386.9816	232.1013	0
70	1	347.9599	210.5766	0
70	2	589.119	220.8644	0
70	3	349.7312	193.44	0
70	4	430.3032	168.4318	0
70	5	172.9561	307.9589	0
70	6	435.6002	276.442	0
70	7	329.996	259.2055	0
70	8	315.4878	317.2562	0
70	9	615.8762	217.4064	0
70	10	231.7117	279.8658	0
70	11	664.4109	138.0075	0
70	12	598.6487	140.3507	0
70	13	388.6173	168.0489	0
70	14	560.8583	208.1532	0
70	15	603.1693	175.1006	0
70	16	439.2672	226.0175	0
70	17	527.6942	191.1815	0
70	18	581.3146	178.2351	0
70	19	257.4597	303.8015	0
70	20	377.6306	284.4017	0
70	21	46.34925	303.4861	0
70	22	101.4178	328.3278	0
70	23	426.0081	207.5228	0
70	24	600.745	160.9031	0
70	25	282.7065	322.9938	0
70	26	533.2431	234.3631	0
70	27	567.4268	254.8586	0
70	28	84.90395	248.0734	0
70	29	592.1743	128.1552	0
70	30	556.2979	132.0656	0
70	31	207.0099	342.1938	0
70	32	652.4588	108.044	0
70	33	640.0797	155.1865	0
70	34	305.2383	200.2485	0
70	35	57.26803	404.2308	0
70	36	290.1982	246.0665	0
70	37	380.7382	208.475	0
70	38	233.9572	371.3767	0
70	39	563.781	166.6322	0
70	40	654.2617	194.2149	0
70	41	338.4123	239.1227	0
70	42	301.9788	264.0493	0
70	43	386.9816	232.1013	0
71	1	347.9599	210.5766	0
71	2	589.119	220.8644	0
71	3	349.7312	193.44	0
71	4	430.3032	168.4318	0
71	5	172.9561	307.9589	0
71	6	435.6002	276.442	0
71	7	329.996	259.2055	0
71	8	315.4878	317.2562	0
71	9	615.8762	217.4064	0
71	10	231.7117	279.8658	0
71	11	664.4109	138.0075	0
71	12	598.6487	140.3507	0
71	13	388.6173	168.0489	0
71	14	560.8583	208.1532	0
71	15	603.1693	175.1006	0
71	16	439.2672	226.0175	0
71	17	527.6942	191.1815	0
71	18	581.3146	178.2351	0
71	19	257.4597	303.8015	0
71	20	377.6306	284.4017	0
71	21	46.34925	303.4861	0
71	22	101.4178	328.3278	0
71	23	426.0081	207.5228	0
71	24	600.745	160.9031	0
71	25	282.7065	322.9938	0
71	26	533.2431	234.3631	0
71	27	567.4268	254.8586	0
71	28	84.90395	248.0734	0
71	29	592.1743	128.1552	0
71	30	556.2979	132.0656	0
71	31	207.0099	342.1938	0
71	32	652.4588	108.044	0
71	33	640.0797	155.1865	0
71	34	305.2383	200.2485	0
71	35	57.26803	404.2308	0
71	36	290.1982	246.0665	0
71	37	380.7382	208.475	0
71	38	233.9572	371.3767	0
71	39	563.781	166.6322	0
71	40	654.2617	194.2149	0
71	41	338.4123	239.1227	0
71	42	301.9788	264.0493	0
71	43	386.9816	232.1013	0
72	1	347.9599	210.5766	0
72	2	589.119	220.8644	0
72	3	349.7312	193.44	0
72	4	430.3032	168.4318	0
72	5	172.9561	307.9589	0
72	6	435.6002	276.442	0
72	7	329.996	259.2055	0
72	8	315.4878	317.2562	0
72	9	615.8762	217.4064	0
72	10	231.7117	279.8658	0
72	11	664.4109	138.0075	0
72	12	598.6487	140.3507	0
72	13	388.6173	168.0489	0
72	14	560.8583	208.1532	0
72	15	603.1693	175.1006	0
72	16	439.2672	226.0175	0
72	17	527.6942	191.1815	0
72	18	581.3146	178.2351	0
72	19	257.4597	303.8015	0
72	20	377.6306	284.4017	0
72	21	46.34925	303.4861	0
72	22	101.4178	328.3278	0
72	23	426.0081	207.5228	0
72	24	600.745	160.9031	0
72	25	282.7065	322.9938	0
72	26	533.2431	234.3631	0
72	27	567.4268	254.8586	0
72	28	84.90395	248.0734	0
72	29	592.1743	128.1552	0
72	30	556.2979	132.0656	0
72	31	207.0099	342.1938	0
72	32	652.4588	108.044	0
72	33	640.0797	155.1865	0
72	34	305.2383	200.2485	0
72	35	57.26803	404.2308	0
72	36	290.1982	246.0665	0
72	37	380.7382	208.475	0
72	38	233.9572	371.3767	0
72	39	563.781	166.6322	0
72	40	654.2617	194.2149	0
72	41	338.4123	239.1227	0
72	42	301.9788	264.0493	0
72	43	386.9816	232.1013	0
73	1	347.9599	210.5766	0
73	2	589.119	220.8644	0
73	3	349.7312	193.44	0
73	4	430.3032	168.4318	0
73	5	172.9561	307.9589	0
73	6	435.6002	276.442	0
73	7	329.996	259.2055	0
73	8	315.4878	317.2562	0
73	9	615.8762	217.4064	0
73	10	231.7117	279.8658	0
73	11	664.4109	138.0075	0
73	12	598.6487	140.3507	0
73	13	388.6173	168.0489	0
73	14	560.8583	208.1532	0
73	15	603.1693	175.1006	0
73	16	439.2672	226.0175	0
73	17	527.6942	191.1815	0
73	18	581.3146	178.2351	0
73	19	257.4597	303.8015	0
73	20	377.6306	284.4017	0
73	21	46.34925	303.4861	0
73	22	101.4178	328.3278	0
73	23	426.0081	207.5228	0
73	24	600.745	160.9031	0
73	25	282.7065	322.9938	0
73	26	533.2431	234.3631	0
73	27	567.4268	254.8586	0
73	28	84.90395	248.0734	0
73	29	592.1743	128.1552	0
73	30	556.2979	132.0656	0
73	31	207.0099	342.1938	0
73	32	652.4588	108.044	0
73	33	640.0797	155.1865	0
73	34	305.2383	200.2485	0
73	35	57.26803	404.2308	0
73	36	290.1982	246.0665	0
73	37	380.7382	208.475	0
73	38	233.9572	371.3767	0
73	39	563.781	166.6322	0
73	40	654.2617	194.2149	0
73	41	338.4123	239.1227	0
73	42	301.9788	264.0493	0
73	43	386.9816	232.1013	0
74	1	347.9599	210.5766	0
74	2	589.119	220.8644	0
74	3	349.7312	193.44	0
74	4	430.3032	168.4318	0
74	5	172.9561	307.9589	0
74	6	435.6002	276.442	0
74	7	329.996	259.2055	0
74	8	315.4878	317.2562	0
74	9	615.8762	217.4064	0
74	10	231.7117	279.8658	0
74	11	664.4109	138.0075	0
74	12	598.6487	140.3507	0
74	13	388.6173	168.0489	0
74	14	560.8583	208.1532	0
74	15	603.1693	175.1006	0
74	16	439.2672	226.0175	0
74	17	527.6942	191.1815	0
74	18	581.3146	178.2351	0
74	19	257.4597	303.8015	0
74	20	377.6306	284.4017	0
74	21	46.34925	303.4861	0
74	22	101.4178	328.3278	0
74	23	426.0081	207.5228	0
74	24	600.745	160.9031	0
74	25	282.7065	322.9938	0
74	26	533.2431	234.3631	0
74	27	567.4268	254.8586	0
74	28	84.90395	248.0734	0
74	29	592.1743	128.1552	0
74	30	556.2979	132.0656	0
74	31	207.0099	342.1938	0
74	32	652.4588	108.044	0
74	33	640.0797	155.1865	0
74	34	305.2383	200.2485	0
74	35	57.26803	404.2308	0
74	36	290.1982	246.0665	0
74	37	380.7382	208.475	0
74	38	233.9572	371.3767	0
74	39	563.781	166.6322	0
74	40	654.2617	194.2149	0
74	41	338.4123	239.1227	0
74	42	301.9788	264.0493	0
74	43	386.9816	232.1013	0
75	1	347.9599	210.5766	0
75	2	589.119	220.8644	0
75	3	349.7312	193.44	0
75	4	430.3032	168.4318	0
75	5	172.9561	307.9589	0
75	6	435.6002	276.442	0
75	7	329.996	259.2055	0
75	8	315.4878	317.2562	0
75	9	615.8762	217.4064	0
75	10	231.7117	279.8658	0
75	11	664.4109	138.0075	0
75	12	598.6487	140.3507	0
75	13	388.6173	168.0489	0
75	14	560.8583	208.1532	0
75	15	603.1693	175.1006	0
75	16	439.2672	226.0175	0
75	17	527.6942	191.1815	0
75	18	581.3146	178.2351	0
75	19	257.4597	303.8015	0
75	20	377.6306	284.4017	0
75	21	46.34925	303.4861	0
75	22	101.4178	328.3278	0
75	23	426.0081	207.5228	0
75	24	600.745	160.9031	0
75	25	282.7065	322.9938	0
75	26	533.2431	234.3631	0
75	27	567.4268	254.8586	0
75	28	84.90395	248.0734	0
75	29	592.1743	128.1552	0
75	30	556.2979	132.0656	0
75	31	207.0099	342.1938	0
75	32	652.4588	108.044	0
75	33	640.0797	155.1865	0
75	34	305.2383	200.2485	0
75	35	57.26803	404.2308	0
75	36	290.1982	246.0665	0
75	37	380.7382	208.475	0
75	38	233.9572	371.3767	0
75	39	563.781	166.6322	0
75	40	654.2617	194.2149	0
75	41	338.4123	239.1227	0
75	42	301.9788	264.0493	0
75	43	386.9816	232.1013	0
76	1	347.9599	210.5766	0
76	2	589.119	220.8644	0
76	3	349.7312	193.44	0
76	4	430.3032	168.4318	0
76	5	172.9561	307.9589	0
76	6	435.6002	276.442	0
76	7	329.996	259.2055	0
76	8	315.4878	317.2562	0
76	9	615.8762	217.4064	0
76	10	231.7117	279.8658	0
76	11	664.4109	138.0075	0
76	12	598.6487	140.3507	0
76	13	388.6173	168.0489	0
76	14	560.8583	208.1532	0
76	15	603.1693	175.1006	0
76	16	439.2672	226.0175	0
76	17	527.6942	191.1815	0
76	18	581.3146	178.2351	0
76	19	257.4597	303.8015	0
76	20	377.6306	284.4017	0
76	21	46.34925	303.4861	0
76	22	101.4178	328.3278	0
76	23	426.0081	207.5228	0
76	24	600.745	160.9031	0
76	25	282.7065	322.9938	0
76	26	533.2431	234.3631	0
76	27	567.4268	254.8586	0
76	28	84.90395	248.0734	0
76	29	592.1743	128.1552	0
76	30	556.2979	132.0656	0
76	31	207.0099	342.1938	0
76	32	652.4588	108.044	0
76	33	640.0797	155.1865	0
76	34	305.2383	200.2485	0
76	35	57.26803	404.2308	0
76	36	290.1982	246.0665	0
76	37	380.7382	208.475	0
76	38	233.9572	371.3767	0
76	39	563.781	166.6322	0
76	40	654.2617	194.2149	0
76	41	338.4123	239.1227	0
76	42	301.9788	264.0493	0
76	43	386.9816	232.1013	0
77	1	347.9599	210.5766	0
77	2	589.119	220.8644	0
77	3	349.7312	193.44	0
77	4	430.3032	168.4318	0
77	5	172.9561	307.9589	0
77	6	435.6002	276.442	0
77	7	329.996	259.2055	0
77	8	315.4878	317.2562	0
77	9	615.8762	217.4064	0
77	10	231.7117	279.8658	0
77	11	664.4109	138.0075	0
77	12	598.6487	140.3507	0
77	13	388.6173	168.0489	0
77	14	560.8583	208.1532	0
77	15	603.1693	175.1006	0
77	16	439.2672	226.0175	0
77	17	527.6942	191.1815	0
77	18	581.3146	178.2351	0
77	19	257.4597	303.8015	0
77	20	377.6306	284.4017	0
77	21	46.34925	303.4861	0
77	22	101.4178	328.3278	0
77	23	426.0081	207.5228	0
77	24	600.745	160.9031	0
77	25	282.7065	322.9938	0
77	26	533.2431	234.3631	0
77	27	567.4268	254.8586	0
77	28	84.90395	248.0734	0
77	29	592.1743	128.1552	0
77	30	556.2979	132.0656	0
77	31	207.0099	342.1938	0
77	32	652.4588	108.044	0
77	33	640.0797	155.1865	0
77	34	305.2383	200.2485	0
77	35	57.26803	404.2308	0
77	36	290.1982	246.0665	0
77	37	380.7382	208.475	0
77	38	233.9572	371.3767	0
77	39	563.781	166.6322	0
77	40	654.2617	194.2149	0
77	41	338.4123	239.1227	0
77	42	301.9788	264.0493	0
77	43	386.9816	232.1013	0
78	1	347.9599	210.5766	0
78	2	589.119	220.8644	0
78	3	349.7312	193.44	0
78	4	430.3032	168.4318	0
78	5	172.9561	307.9589	0
78	6	435.6002	276.442	0
78	7	329.996	259.2055	0
78	8	315.4878	317.2562	0
78	9	615.8762	217.4064	0
78	10	231.7117	279.8658	0
78	11	664.4109	138.0075	0
78	12	598.6487	140.3507	0
78	13	388.6173	168.0489	0
78	14	560.8583	208.1532	0
78	15	603.1693	175.1006	0
78	16	439.2672	226.0175	0
78	17	527.6942	191.1815	0
78	18	581.3146	178.2351	0
78	19	257.4597	303.8015	0
78	20	377.6306	284.4017	0
78	21	46.34925	303.4861	0
78	22	101.4178	328.3278	0
78	23	426.0081	207.5228	0
78	24	600.745	160.9031	0
78	25	282.7065	322.9938	0
78	26	533.2431	234.3631	0
78	27	567.4268	254.8586	0
78	28	84.90395	248.0734	0
78	29	592.1743	128.1552	0
78	30	556.2979	132.0656	0
78	31	207.0099	342.1938	0
78	32	652.4588	108.044	0
78	33	640.0797	155.1865	0
78	34	305.2383	200.2485	0
78	35	57.26803	404.2308	0
78	36	290.1982	246.0665	0
78	37	380.7382	208.475	0
78	38	233.9572	371.3767	0
78	39	563.781	166.6322	0
78	40	654.2617	194.2149	0
78	41	338.4123	239.1227	0
78	42	301.9788	264.0493	0
78	43	386.9816	232.1013	0
79	1	347.9599	210.5766	0
79	2	589.119	220.8644	0
79	3	349.7312	193.44	0
79	4	430.3032	168.4318	0
79	5	172.9561	307.9589	0
79	6	435.6002	276.442	0
79	7	329.996	259.2055	0
79	8	315.4878	317.2562	0
79	9	615.8762	217.4064	0
79	10	231.7117	279.8658	0
79	11	664.4109	138.0075	0
79	12	598.6487	140.3507	0
79	13	388.6173	168.0489	0
79	14	560.8583	208.1532	0
79	15	603.1693	175.1006	0
79	16	439.2672	226.0175	0
79	17	527.6942	191.1815	0
79	18	581.3146	178.2351	0
79	19	257.4597	303.8015	0
79	20	377.6306	284.4017	0
79	21	46.34925	303.4861	0
79	22	101.4178	328.3278	0
79	23	426.0081	207.5228	0
79	24	600.745	160.9031	0
79	25	282.7065	322.9938	0
79	26	533.2431	234.3631	0
79	27	567.4268	254.8586	0
79	28	84.90395	248.0734	0
79	29	592.1743	128.1552	0
79	30	556.2979	132.0656	0
79	31	207.0099	342.1938	0
79	32	652.4588	108.044	0
79	33	640.0797	155.1865	0
79	34	305.2383	200.2485	0
79	35	57.26803	404.2308	0
79	36	290.1982	246.0665	0
79	37	380.7382	208.475	0
79	38	233.9572	371.3767	0
79	39	563.781	166.6322	0
79	40	654.2617	194.2149	0
79	41	338.4123	239.1227	0
79	42	301.9788	264.0493	0
79	43	386.9816	232.1013	0
80	1	347.9599	210.5766	0
80	2	589.119	220.8644	0
80	3	349.7312	193.44	0
80	4	430.3032	168.4318	0
80	5	172.9561	307.9589	0
80	6	435.6002	276.442	0
80	7	329.996	259.2055	0
80	8	315.4878	317.2562	0
80	9	615.8762	217.4064	0
80	10	231.7117	279.8658	0
80	11	664.4109	138.0075	0
80	12	598.6487	140.3507	0
80	13	388.6173	168.0489	0
80	14	560.8583	208.1532	0
80	15	603.1693	175.1006	0
80	16	439.2672	226.0175	0
80	17	527.6942	191.1815	0
80	18	581.3146	178.2351	0
80	19	257.4597	303.8015	0
80	20	377.6306	284.4017	0
80	21	46.34925	303.4861	0
80	22	101.4178	328.3278	0
80	23	426.0081	207.5228	0
80	24	600.745	160.9031	0
80	25	282.7065	322.9938	0
80	26	533.2431	234.3631	0
80	27	567.4268	254.8586	0
80	28	84.90395	248.0734	0
80	29	592.1743	128.1552	0
80	30	556.2979	132.0656	0
80	31	207.0099	342.1938	0
80	32	652.4588	108.044	0
80	33	640.0797	155.1865	0
80	34	305.2383	200.2485	0
80	35	57.26803	404.2308	0
80	36	290.1982	246.0665	0
80	37	380.7382	208.475	0
80	38	233.9572	371.3767	0
80	39	563.781	166.6322	0
80	40	654.2617	194.2149	0
80	41	338.4123	239.1227	0
80	42	301.9788	264.0493	0
80	43	386.9816	232.1013	0
81	1	347.9599	210.5766	0
81	2	589.119	220.8644	0
81	3	349.7312	193.44	0
81	4	430.3032	168.4318	0
81	5	172.9561	307.9589	0
81	6	435.6002	276.442	0
81	7	329.996	259.2055	0
81	8	315.4878	317.2562	0
81	9	615.8762	217.4064	0
81	10	231.7117	279.8658	0
81	11	664.4109	138.0075	0
81	12	598.6487	140.3507	0
81	13	388.6173	168.0489	0
81	14	560.8583	208.1532	0
81	15	603.1693	175.1006	0
81	16	439.2672	226.0175	0
81	17	527.6942	191.1815	0
81	18	581.3146	178.2351	0
81	19	257.4597	303.8015	0
81	20	377.6306	284.4017	0
81	21	46.34925	303.4861	0
81	22	101.4178	328.3278	0
81	23	426.0081	207.5228	0
81	24	600.745	160.9031	0
81	25	282.7065	322.9938	0
81	26	533.2431	234.3631	0
81	27	567.4268	254.8586	0
81	28	84.90395	248.0734	0
81	29	592.1743	128.1552	0
81	30	556.2979	132.0656	0
81	31	207.0099	342.1938	0
81	32	652.4588	108.044	0
81	33	640.0797	155.1865	0
81	34	305.2383	200.2485	0
81	35	57.26803	404.2308	0
81	36	290.1982	246.0665	0
81	37	380.7382	208.475	0
81	38	233.9572	371.3767	0
81	39	563.781	166.6322	0
81	40	654.2617	194.2149	0
81	41	338.4123	239.1227	0
81	42	301.9788	264.0493	0
81	43	386.9816	232.1013	0
82	1	347.9599	210.5766	0
82	2	589.119	220.8644	0
82	3	349.7312	193.44	0
82	4	430.3032	168.4318	0
82	5	172.9561	307.9589	0
82	6	435.6002	276.442	0
82	7	329.996	259.2055	0
82	8	315.4878	317.2562	0
82	9	615.8762	217.4064	0
82	10	231.7117	279.8658	0
82	11	664.4109	138.0075	0
82	12	598.6487	140.3507	0
82	13	388.6173	168.0489	0
82	14	560.8583	208.1532	0
82	15	603.1693	175.1006	0
82	16	439.2672	226.0175	0
82	17	527.6942	191.1815	0
82	18	581.3146	178.2351	0
82	19	257.4597	303.8015	0
82	20	377.6306	284.4017	0
82	21	46.34925	303.4861	0
82	22	101.4178	328.3278	0
82	23	426.0081	207.5228	0
82	24	600.745	160.9031	0
82	25	282.7065	322.9938	0
82	26	533.2431	234.3631	0
82	27	567.4268	254.8586	0
82	28	84.90395	248.0734	0
82	29	592.1743	128.1552	0
82	30	556.2979	132.0656	0
82	31	207.0099	342.1938	0
82	32	652.4588	108.044	0
82	33	640.0797	155.1865	0
82	34	305.2383	200.2485	0
82	35	57.26803	404.2308	0
82	36	290.1982	246.0665	0
82	37	380.7382	208.475	0
82	38	233.9572	371.3767	0
82	39	563.781	166.6322	0
82	40	654.2617	194.2149	0
82	41	338.4123	239.1227	0
82	42	301.9788	264.0493	0
82	43	386.9816	232.1013	0
83	1	347.9599	210.5766	0
83	2	589.119	220.8644	0
83	3	349.7312	193.44	0
83	4	430.3032	168.4318	0
83	5	172.9561	307.9589	0
83	6	435.6002	276.442	0
83	7	329.996	259.2055	0
83	8	315.4878	317.2562	0
83	9	615.8762	217.4064	0
83	10	231.7117	279.8658	0
83	11	664.4109	138.0075	0
83	12	598.6487	140.3507	0
83	13	388.6173	168.0489	0
83	14	560.8583	208.1532	0
83	15	603.1693	175.1006	0
83	16	439.2672	226.0175	0
83	17	527.6942	191.1815	0
83	18	581.3146	178.2351	0
83	19	257.4597	303.8015	0
83	20	377.6306	284.4017	0
83	21	46.34925	303.4861	0
83	22	101.4178	328.3278	0
83	23	426.0081	207.5228	0
83	24	600.745	160.9031	0
83	25	282.7065	322.9938	0
83	26	533.2431	234.3631	0
83	27	567.4268	254.8586	0
83	28	84.90395	248.0734	0
83	29	592.1743	128.1552	0
83	30	556.2979	132.0656	0
83	31	207.0099	342.1938	0
83	32	652.4588	108.044	0
83	33	640.0797	155.1865	0
83	34	305.2383	200.2485	0
83	35	57.26803	404.2308	0
83	36	290.1982	246.0665	0
83	37	380.7382	208.475	0
83	38	233.9572	371.3767	0
83	39	563.781	166.6322	0
83	40	654.2617	194.2149	0
83	41	338.4123	239.1227	0
83	42	301.9788	264.0493	0
83	43	386.9816	232.1013	0
84	1	347.9599	210.5766	0
84	2	589.119	220.8644	0
84	3	349.7312	193.44	0
84	4	430.3032	168.4318	0
84	5	172.9561	307.9589	0
84	6	435.6002	276.442	0
84	7	329.996	259.2055	0
84	8	315.4878	317.2562	0
84	9	615.8762	217.4064	0
84	10	231.7117	279.8658	0
84	11	664.4109	138.0075	0
84	12	598.6487	140.3507	0
84	13	388.6173	168.0489	0
84	14	560.8583	208.1532	0
84	15	603.1693	175.1006	0
84	16	439.2672	226.0175	0
84	17	527.6942	191.1815	0
84	18	581.3146	178.2351	0
84	19	257.4597	303.8015	0
84	20	377.6306	284.4017	0
84	21	46.34925	303.4861	0
84	22	101.4178	328.3278	0
84	23	426.0081	207.5228	0
84	24	600.745	160.9031	0
84	25	282.7065	322.9938	0
84	26	533.2431	234.3631	0
84	27	567.4268	254.8586	0
84	28	84.90395	248.0734	0
84	29	592.1743	128.1552	0
84	30	556.2979	132.0656	0
84	31	207.0099	342.1938	0
84	32	652.4588	108.044	0
84	33	640.0797	155.1865	0
84	34	305.2383	200.2485	0
84	35	57.26803	404.2308	0
84	36	290.1982	246.0665	0
84	37	380.7382	208.475	0
84	38	233.9572	371.3767	0
84	39	563.781	166.6322	0
84	40	654.2617	194.2149	0
84	41	338.4123	239.1227	0
84	42	301.9788	264.0493	0
84	43	386.9816	232.1013	0
85	1	347.9599	210.5766	0
85	2	589.119	220.8644	0
85	3	349.7312	193.44	0
85	4	430.3032	168.4318	0
85	5	172.9561	307.9589	0
85	6	435.6002	276.442	0
85	7	329.996	259.2055	0
85	8	315.4878	317.2562	0
85	9	615.8762	217.4064	0
85	10	231.7117	279.8658	0
85	11	664.4109	138.0075	0
85	12	598.6487	140.3507	0
85	13	388.6173	168.0489	0
85	14	560.8583	208.1532	0
85	15	603.1693	175.1006	0
85	16	439.2672	226.0175	0
85	17	527.6942	191.1815	0
85	18	581.3146	178.2351	0
85	19	257.4597	303.8015	0
85	20	377.6306	284.4017	0
85	21	46.34925	303.4861	0
85	22	101.4178	328.3278	0
85	23	426.0081	207.5228	0
85	24	600.745	160.9031	0
85	25	282.7065	322.9938	0
85	26	533.2431	234.3631	0
85	27	567.4268	254.8586	0
85	28	84.90395	248.0734	0
85	29	592.1743	128.1552	0
85	30	556.2979	132.0656	0
85	31	207.0099	342.1938	0
85	32	652.4588	108.044	0
85	33	640.0797	155.1865	0
85	34	305.2383	200.2485	0
85	35	57.26803	404.2308	0
85	36	290.1982	246.0665	0
85	37	380.7382	208.475	0
85	38	233.9572	371.3767	0
85	39	563.781	166.6322	0
85	40	654.2617	194.2149	0
85	41	338.4123	239.1227	0
85	42	301.9788	264.0493	0
85	43	386.9816	232.1013	0
86	1	347.9599	210.5766	0
86	2	589.119	220.8644	0
86	3	349.7312	193.44	0
86	4	430.3032	168.4318	0
86	5	172.9561	307.9589	0
86	6	435.6002	276.442	0
86	7	329.996	259.2055	0
86	8	315.4878	317.2562	0
86	9	615.8762	217.4064	0
86	10	231.7117	279.8658	0
86	11	664.4109	138.0075	0
86	12	598.6487	140.3507	0
86	13	388.6173	168.0489	0
86	14	560.8583	208.1532	0
86	15	603.1693	175.1006	0
86	16	439.2672	226.0175	0
86	17	527.6942	191.1815	0
86	18	581.3146	178.2351	0
86	19	257.4597	303.8015	0
86	20	377.6306	284.4017	0
86	21	46.34925	303.4861	0
86	22	101.4178	328.3278	0
86	23	426.0081	207.5228	0
86	24	600.745	160.9031	0
86	25	282.7065	322.9938	0
86	26	533.2431	234.3631	0
86	27	567.4268	254.8586	0
86	28	84.90395	248.0734	0
86	29	592.1743	128.1552	0
86	30	556.2979	132.0656	0
86	31	207.0099	342.1938	0
86	32	652.4588	108.044	0
86	33	640.0797	155.1865	0
86	34	305.2383	200.2485	0
86	35	57.26803	404.2308	0
86	36	290.1982	246.0665	0
86	37	380.7382	208.475	0
86	38	233.9572	371.3767	0
86	39	563.781	166.6322	0
86	40	654.2617	194.2149	0
86	41	338.4123	239.1227	0
86	42	301.9788	264.0493	0
86	43	386.9816	232.1013	0
87	1	347.9599	210.5766	0
87	2	589.119	220.8644	0
87	3	349.7312	193.44	0
87	4	430.3032	168.4318	0
87	5	172.9561	307.9589	0
87	6	435.6002	276.442	0
87	7	329.996	259.2055	0
87	8	315.4878	317.2562	0
87	9	615.8762	217.4064	0
87	10	231.7117	279.8658	0
87	11	664.4109	138.0075	0
87	12	598.6487	140.3507	0
87	13	388.6173	168.0489	0
87	14	560.8583	208.1532	0
87	15	603.1693	175.1006	0
87	16	439.2672	226.0175	0
87	17	527.6942	191.1815	0
87	18	581.3146	178.2351	0
87	19	257.4597	303.8015	0
87	20	377.6306	284.4017	0
87	21	46.34925	303.4861	0
87	22	101.4178	328.3278	0
87	23	426.0081	207.5228	0
87	24	600.745	160.9031	0
87	25	282.7065	322.9938	0
87	26	533.2431	234.3631	0
87	27	567.4268	254.8586	0
87	28	84.90395	248.0734	0
87	29	592.1743	128.1552	0
87	30	556.2979	132.0656	0
87	31	207.0099	342.1938	0
87	32	652.4588	108.044	0
87	33	640.0797	155.1865	0
87	34	305.2383	200.2485	0
87	35	57.26803	404.2308	0
87	36	290.1982	246.0665	0
87	37	380.7382	208.475	0
87	38	233.9572	371.3767	0
87	39	563.781	166.6322	0
87	40	654.2617	194.2149	0
87	41	338.4123	239.1227	0
87	42	301.9788	264.0493	0
87	43	386.9816	232.1013	0
88	1	347.9599	210.5766	0
88	2	589.119	220.8644	0
88	3	349.7312	193.44	0
88	4	430.3032	168.4318	0
88	5	172.9561	307.9589	0
88	6	435.6002	276.442	0
88	7	329.996	259.2055	0
88	8	315.4878	317.2562	0
88	9	615.8762	217.4064	0
88	10	231.7117	279.8658	0
88	11	664.4109	138.0075	0
88	12	598.6487	140.3507	0
88	13	388.6173	168.0489	0
88	14	560.8583	208.1532	0
88	15	603.1693	175.1006	0
88	16	439.2672	226.0175	0
88	17	527.6942	191.1815	0
88	18	581.3146	178.2351	0
88	19	257.4597	303.8015	0
88	20	377.6306	284.4017	0
88	21	46.34925	303.4861	0
88	22	101.4178	328.3278	0
88	23	426.0081	207.5228	0
88	24	600.745	160.9031	0
88	25	282.7065	322.9938	0
88	26	533.2431	234.3631	0
88	27	567.4268	254.8586	0
88	28	84.90395	248.0734	0
88	29	592.1743	128.1552	0
88	30	556.2979	132.0656	0
88	31	207.0099	342.1938	0
88	32	652.4588	108.044	0
88	33	640.0797	155.1865	0
88	34	305.2383	200.2485	0
88	35	57.26803	404.2308	0
88	36	290.1982	246.0665	0
88	37	380.7382	208.475	0
88	38	233.9572	371.3767	0
88	39	563.781	166.6322	0
88	40	654.2617	194.2149	0
88	41	338.4123	239.1227	0
88	42	301.9788	264.0493	0
88	43	386.9816	232.1013	0
89	1	347.9599	210.5766	0
89	2	589.119	220.8644	0
89	3	349.7312	193.44	0
89	4	430.3032	168.4318	0
89	5	172.9561	307.9589	0
89	6	435.6002	276.442	0
89	7	329.996	259.2055	0
89	8	315.4878	317.2562	0
89	9	615.8762	217.4064	0
89	10	231.7117	279.8658	0
89	11	664.4109	138.0075	0
89	12	598.6487	140.3507	0
89	13	388.6173	168.0489	0
89	14	560.8583	208.1532	0
89	15	603.1693	175.1006	0
89	16	439.2672	226.0175	0
89	17	527.6942	191.1815	0
89	18	581.3146	178.2351	0
89	19	257.4597	303.8015	0
89	20	377.6306	284.4017	0
89	21	46.34925	303.4861	0
89	22	101.4178	328.3278	0
89	23	426.0081	207.5228	0
89	24	600.745	160.9031	0
89	25	282.7065	322.9938	0
89	26	533.2431	234.3631	0
89	27	567.4268	254.8586	0
89	28	84.90395	248.0734	0
89	29	592.1743	128.1552	0
89	30	556.2979	132.0656	0
89	31	207.0099	342.1938	0
89	32	652.4588	108.044	0
89	33	640.0797	155.1865	0
89	34	305.2383	200.2485	0
89	35	57.26803	404.2308	0
89	36	290.1982	246.0665	0
89	37	380.7382	208.475	0
89	38	233.9572	371.3767	0
89	39	563.781	166.6322	0
89	40	654.2617	194.2149	0
89	41	338.4123	239.1227	0
89	42	301.9788	264.0493	0
89	43	386.9816	232.1013	0
90	1	347.9599	210.5766	0
90	2	589.119	220.8644	0
90	3	349.7312	193.44	0
90	4	430.3032	168.4318	0
90	5	172.9561	307.9589	0
90	6	435.6002	276.442	0
90	7	329.996	259.2055	0
90	8	315.4878	317.2562	0
90	9	615.8762	217.4064	0
90	10	231.7117	279.8658	0
90	11	664.4109	138.0075	0
90	12	598.6487	140.3507	0
90	13	388.6173	168.0489	0
90	14	560.8583	208.1532	0
90	15	603.1693	175.1006	0
90	16	439.2672	226.0175	0
90	17	527.6942	191.1815	0
90	18	581.3146	178.2351	0
90	19	257.4597	303.8015	0
90	20	377.6306	284.4017	0
90	21	46.34925	303.4861	0
90	22	101.4178	328.3278	0
90	23	426.0081	207.5228	0
90	24	600.745	160.9031	0
90	25	282.7065	322.9938	0
90	26	533.2431	234.3631	0
90	27	567.4268	254.8586	0
90	28	84.90395	248.0734	0
90	29	592.1743	128.1552	0
90	30	556.2979	132.0656	0
90	31	207.0099	342.1938	0
90	32	652.4588	108.044	0
90	33	640.0797	155.1865	0
90	34	305.2383	200.2485	0
90	35	57.26803	404.2308	0
90	36	290.1982	246.0665	0
90	37	380.7382	208.475	0
90	38	233.9572	371.3767	0
90	39	563.781	166.6322	0
90	40	654.2617	194.2149	0
90	41	338.4123	239.1227	0
90	42	301.9788	264.0493	0
90	43	386.9816	232.1013	0
91	1	347.9599	210.5766	0
91	2	589.119	220.8644	0
91	3	349.7312	193.44	0
91	4	430.3032	168.4318	0
91	5	172.9561	307.9589	0
91	6	435.6002	276.442	0
91	7	329.996	259.2055	0
91	8	315.4878	317.2562	0
91	9	615.8762	217.4064	0
91	10	231.7117	279.8658	0
91	11	664.4109	138.0075	0
91	12	598.6487	140.3507	0
91	13	388.6173	168.0489	0
91	14	560.8583	208.1532	0
91	15	603.1693	175.1006	0
91	16	439.2672	226.0175	0
91	17	527.6942	191.1815	0
91	18	581.3146	178.2351	0
91	19	257.4597	303.8015	0
91	20	377.6306	284.4017	0
91	21	46.34925	303.4861	0
91	22	101.4178	328.3278	0
91	23	426.0081	207.5228	0
91	24	600.745	160.9031	0
91	25	282.7065	322.9938	0
91	26	533.2431	234.3631	0
91	27	567.4268	254.8586	0
91	28	84.90395	248.0734	0
91	29	592.1743	128.1552	0
91	30	556.2979	132.0656	0
91	31	207.0099	342.1938	0
91	32	652.4588	108.044	0
91	33	640.0797	155.1865	0
91	34	305.2383	200.2485	0
91	35	57.26803	404.2308	0
91	36	290.1982	246.0665	0
91	37	380.7382	208.475	0
91	38	233.9572	371.3767	0
91	39	563.781	166.6322	0
91	40	654.2617	194.2149	0
91	41	338.4123	239.1227	0
91	42	301.9788	264.0493	0
91	43	386.9816	232.1013	0
92	1	347.9599	210.5766	0
92	2	589.119	220.8644	0
92	3	349.7312	193.44	0
92	4	430.3032	168.4318	0
92	5	172.9561	307.9589	0
92	6	435.6002	276.442	0
92	7	329.996	259.2055	0
92	8	315.4878	317.2562	0
92	9	615.8762	217.4064	0
92	10	231.7117	279.8658	0
92	11	664.4109	138.0075	0
92	12	598.6487	140.3507	0
92	13	388.6173	168.0489	0
92	14	560.8583	208.1532	0
92	15	603.1693	175.1006	0
92	16	439.2672	226.0175	0
92	17	527.6942	191.1815	0
92	18	581.3146	178.2351	0
92	19	257.4597	303.8015	0
92	20	377.6306	284.4017	0
92	21	46.34925	303.4861	0
92	22	101.4178	328.3278	0
92	23	426.0081	207.5228	0
92	24	600.745	160.9031	0
92	25	282.7065	322.9938	0
92	26	533.2431	234.3631	0
92	27	567.4268	254.8586	0
92	28	84.90395	248.0734	0
92	29	592.1743	128.1552	0
92	30	556.2979	132.0656	0
92	31	207.0099	342.1938	0
92	32	652.4588	108.044	0
92	33	640.0797	155.1865	0
92	34	305.2383	200.2485	0
92	35	57.26803	404.2308	0
92	36	290.1982	246.0665	0
92	37	380.7382	208.475	0
92	38	233.9572	371.3767	0
92	39	563.781	166.6322	0
92	40	654.2617	194.2149	0
92	41	338.4123	239.1227	0
92	42	301.9788	264.0493	0
92	43	386.9816	232.1013	0
93	1	347.9599	210.5766	0
93	2	589.119	220.8644	0
93	3	349.7312	193.44	0
93	4	430.3032	168.4318	0
93	5	172.9561	307.9589	0
93	6	435.6002	276.442	0
93	7	329.996	259.2055	0
93	8	315.4878	317.2562	0
93	9	615.8762	217.4064	0
93	10	231.7117	279.8658	0
93	11	664.4109	138.0075	0
93	12	598.6487	140.3507	0
93	13	388.6173	168.0489	0
93	14	560.8583	208.1532	0
93	15	603.1693	175.1006	0
93	16	439.2672	226.0175	0
93	17	527.6942	191.1815	0
93	18	581.3146	178.2351	0
93	19	257.4597	303.8015	0
93	20	377.6306	284.4017	0
93	21	46.34925	303.4861	0
93	22	101.4178	328.3278	0
93	23	426.0081	207.5228	0
93	24	600.745	160.9031	0
93	25	282.7065	322.9938	0
93	26	533.2431	234.3631	0
93	27	567.4268	254.8586	0
93	28	84.90395	248.0734	0
93	29	592.1743	128.1552	0
93	30	556.2979	132.0656	0
93	31	207.0099	342.1938	0
93	32	652.4588	108.044	0
93	33	640.0797	155.1865	0
93	34	305.2383	200.2485	0
93	35	57.26803	404.2308	0
93	36	290.1982	246.0665	0
93	37	380.7382	208.475	0
93	38	233.9572	371.3767	0
93	39	563.781	166.6322	0
93	40	654.2617	194.2149	0
93	41	338.4123	239.1227	0
93	42	301.9788	264.0493	0
93	43	386.9816	232.1013	0
94	1	347.9599	210.5766	0
94	2	589.119	220.8644	0
94	3	349.7312	193.44	0
94	4	430.3032	168.4318	0
94	5	172.9561	307.9589	0
94	6	435.6002	276.442	0
94	7	329.996	259.2055	0
94	8	315.4878	317.2562	0
94	9	615.8762	217.4064	0
94	10	231.7117	279.8658	0
94	11	664.4109	138.0075	0
94	12	598.6487	140.3507	0
94	13	388.6173	168.0489	0
94	14	560.8583	208.1532	0
94	15	603.1693	175.1006	0
94	16	439.2672	226.0175	0
94	17	527.6942	191.1815	0
94	18	581.3146	178.2351	0
94	19	257.4597	303.8015	0
94	20	377.6306	284.4017	0
94	21	46.34925	303.4861	0
94	22	101.4178	328.3278	0
94	23	426.0081	207.5228	0
94	24	600.745	160.9031	0
94	25	282.7065	322.9938	0
94	26	533.2431	234.3631	0
94	27	567.4268	254.8586	0
94	28	84.90395	248.0734	0
94	29	592.1743	128.1552	0
94	30	556.2979	132.0656	0
94	31	207.0099	342.1938	0
94	32	652.4588	108.044	0
94	33	640.0797	155.1865	0
94	34	305.2383	200.2485	0
94	35	57.26803	404.2308	0
94	36	290.1982	246.0665	0
94	37	380.7382	208.475	0
94	38	233.9572	371.3767	0
94	39	563.781	166.6322	0
94	40	654.2617	194.2149	0
94	41	338.4123	239.1227	0
94	42	301.9788	264.0493	0
94	43	386.9816	232.1013	0
95	1	347.9599	210.5766	0
95	2	589.119	220.8644	0
95	3	349.7312	193.44	0
95	4	430.3032	168.4318	0
95	5	172.9561	307.9589	0
95	6	435.6002	276.442	0
95	7	329.996	259.2055	0
95	8	315.4878	317.2562	0
95	9	615.8762	217.4064	0
95	10	231.7117	279.8658	0
95	11	664.4109	138.0075	0
95	12	598.6487	140.3507	0
95	13	388.6173	168.0489	0
95	14	560.8583	208.1532	0
95	15	603.1693	175.1006	0
95	16	439.2672	226.0175	0
95	17	527.6942	191.1815	0
95	18	581.3146	178.2351	0
95	19	257.4597	303.8015	0
95	20	377.6306	284.4017	0
95	21	46.34925	303.4861	0
95	22	101.4178	328.3278	0
95	23	426.0081	207.5228	0
95	24	600.745	160.9031	0
95	25	282.7065	322.9938	0
95	26	533.2431	234.3631	0
95	27	567.4268	254.8586	0
95	28	84.90395	248.0734	0
95	29	592.1743	128.1552	0
95	30	556.2979	132.0656	0
95	31	207.0099	342.1938	0
95	32	652.4588	108.044	0
95	33	640.0797	155.1865	0
95	34	305.2383	200.2485	0
95	35	57.26803	404.2308	0
95	36	290.1982	246.0665	0
95	37	380.7382	208.475	0
95	38	233.9572	371.3767	0
95	39	563.781	166.6322	0
95	40	654.2617	194.2149	0
95	41	338.4123	239.1227	0
95	42	301.9788	264.0493	0
95	43	386.9816	232.1013	0
96	1	347.9599	210.5766	0
96	2	589.119	220.8644	0
96	3	349.7312	193.44	0
96	4	430.3032	168.4318	0
96	5	172.9561	307.9589	0
96	6	435.6002	276.442	0
96	7	329.996	259.2055	0
96	8	315.4878	317.2562	0
96	9	615.8762	217.4064	0
96	10	231.7117	279.8658	0
96	11	664.4109	138.0075	0
96	12	598.6487	140.3507	0
96	13	388.6173	168.0489	0
96	14	560.8583	208.1532	0
96	15	603.1693	175.1006	0
96	16	439.2672	226.0175	0
96	17	527.6942	191.1815	0
96	18	581.3146	178.2351	0
96	19	257.4597	303.8015	0
96	20	377.6306	284.4017	0
96	21	46.34925	303.4861	0
96	22	101.4178	328.3278	0
96	23	426.0081	207.5228	0
96	24	600.745	160.9031	0
96	25	282.7065	322.9938	0
96	26	533.2431	234.3631	0
96	27	567.4268	254.8586	0
96	28	84.90395	248.0734	0
96	29	592.1743	128.1552	0
96	30	556.2979	132.0656	0
96	31	207.0099	342.1938	0
96	32	652.4588	108.044	0
96	33	640.0797	155.1865	0
96	34	305.2383	200.2485	0
96	35	57.26803	404.2308	0
96	36	290.1982	246.0665	0
96	37	380.7382	208.475	0
96	38	233.9572	371.3767	0
96	39	563.781	166.6322	0
96	40	654.2617	194.2149	0
96	41	338.4123	239.1227	0
96	42	301.9788	264.0493	0
96	43	386.9816	232.1013	0
97	1	347.9599	210.5766	0
97	2	589.119	220.8644	0
97	3	349.7312	193.44	0
97	4	430.3032	168.4318	0
97	5	172.9561	307.9589	0
97	6	435.6002	276.442	0
97	7	329.996	259.2055	0
97	8	315.4878	317.2562	0
97	9	615.8762	217.4064	0
97	10	231.7117	279.8658	0
97	11	664.4109	138.0075	0
97	12	598.6487	140.3507	0
97	13	388.6173	168.0489	0
97	14	560.8583	208.1532	0
97	15	603.1693	175.1006	0
97	16	439.2672	226.0175	0
97	17	527.6942	191.1815	0
97	18	581.3146	178.2351	0
97	19	257.4597	303.8015	0
97	20	377.6306	284.4017	0
97	21	46.34925	303.4861	0
97	22	101.4178	328.3278	0
97	23	426.0081	207.5228	0
97	24	600.745	160.9031	0
97	25	282.7065	322.9938	0
97	26	533.2431	234.3631	0
97	27	567.4268	254.8586	0
97	28	84.90395	248.0734	0
97	29	592.1743	128.1552	0
97	30	556.2979	132.0656	0
97	31	207.0099	342.1938	0
97	32	652.4588	108.044	0
97	33	640.0797	155.1865	0
97	34	305.2383	200.2485	0
97	35	57.26803	404.2308	0
97	36	290.1982	246.0665	0
97	37	380.7382	208.475	0
97	38	233.9572	371.3767	0
97	39	563.781	166.6322	0
97	40	654.2617	194.2149	0
97	41	338.4123	239.1227	0
97	42	301.9788	264.0493	0
97	43	386.9816	232.1013	0
98	1	347.9599	210.5766	0
98	2	589.119	220.8644	0
98	3	349.7312	193.44	0
98	4	430.3032	168.4318	0
98	5	172.9561	307.9589	0
98	6	435.6002	276.442	0
98	7	329.996	259.2055	0
98	8	315.4878	317.2562	0
98	9	615.8762	217.4064	0
98	10	231.7117	279.8658	0
98	11	664.4109	138.0075	0
98	12	598.6487	140.3507	0
98	13	388.6173	168.0489	0
98	14	560.8583	208.1532	0
98	15	603.1693	175.1006	0
98	16	439.2672	226.0175	0
98	17	527.6942	191.1815	0
98	18	581.3146	178.2351	0
98	19	257.4597	303.8015	0
98	20	377.6306	284.4017	0
98	21	46.34925	303.4861	0
98	22	101.4178	328.3278	0
98	23	426.0081	207.5228	0
98	24	600.745	160.9031	0
98	25	282.7065	322.9938	0
98	26	533.2431	234.3631	0
98	27	567.4268	254.8586	0
98	28	84.90395	248.0734	0
98	29	592.1743	128.1552	0
98	30	556.2979	132.0656	0
98	31	207.0099	342.1938	0
98	32	652.4588	108.044	0
98	33	640.0797	155.1865	0
98	34	305.2383	200.2485	0
98	35	57.26803	404.2308	0
98	36	290.1982	246.0665	0
98	37	380.7382	208.475	0
98	38	233.9572	371.3767	0
98	39	563.781	166.6322	0
98	40	654.2617	194.2149	0
98	41	338.4123	239.1227	0
98	42	301.9788	264.0493	0
98	43	386.9816	232.1013	0
63	1	347.1085	211.6123	0
63	2	589.7803	221.0541	0
63	3	349.3333	194.5895	0
63	4	430.0067	167.3713	0
63	5	171.5179	308.5705	0
63	6	434.7905	277.3321	0
63	7	330.9422	259.523	0
63	8	316.2756	317.438	0
63	9	614.2191	217.9974	0
63	10	230.8235	279.8065	0
63	11	664.1324	137.9178	0
63	12	597.9912	140.5169	0
63	13	389.026	168.5951	0
63	14	561.1976	207.3701	0
63	15	604.8425	175.664	0
63	16	440.5735	225.8744	0
63	17	527.4872	190.2551	0
63	18	581.0543	178.2263	0
63	19	258.2522	303.2905	0
63	20	378.7859	283.9427	0
63	21	45.13868	305.429	0
63	22	99.72344	328.6186	0
63	23	427.2466	208.2161	0
63	24	601.3153	161.194	0
63	25	282.7655	323.362	0
63	26	531.7191	234.5554	0
63	27	568.4445	255.2906	0
63	28	85.05458	248.1139	0
63	29	592.1363	127.559	0
63	30	556.3782	132.1934	0
63	31	206.5574	342.9423	0
63	32	651.9006	108.1847	0
63	33	640.5898	155.7676	0
63	34	306.0543	199.6292	0
63	35	57.04284	403.2764	0
63	36	290.1899	246.289	0
63	37	381.3992	207.7313	0
63	38	234.5557	373.2159	0
63	39	563.1724	166.9592	0
63	40	652.8639	193.0233	0
63	41	337.2371	238.9668	0
63	42	301.8114	263.5675	0
63	43	386.5028	230.8386	0
64	1	347.1085	211.6123	0
64	2	589.7803	221.0541	0
64	3	349.3333	194.5895	0
64	4	430.0067	167.3713	0
64	5	171.5179	308.5705	0
64	6	434.7905	277.3321	0
64	7	330.9422	259.523	0
64	8	316.2756	317.438	0
64	9	614.2191	217.9974	0
64	10	230.8235	279.8065	0
64	11	664.1324	137.9178	0
64	12	597.9912	140.5169	0
64	13	389.026	168.5951	0
64	14	561.1976	207.3701	0
64	15	604.8425	175.664	0
64	16	440.5735	225.8744	0
64	17	527.4872	190.2551	0
64	18	581.0543	178.2263	0
64	19	258.2522	303.2905	0
64	20	378.7859	283.9427	0
64	21	45.13868	305.429	0
64	22	99.72344	328.6186	0
64	23	427.2466	208.2161	0
64	24	601.3153	161.194	0
64	25	282.7655	323.362	0
64	26	531.7191	234.5554	0
64	27	568.4445	255.2906	0
64	28	85.05458	248.1139	0
64	29	592.1363	127.559	0
64	30	556.3782	132.1934	0
64	31	206.5574	342.9423	0
64	32	651.9006	108.1847	0
64	33	640.5898	155.7676	0
64	34	306.0543	199.6292	0
64	35	57.04284	403.2764	0
64	36	290.1899	246.289	0
64	37	381.3992	207.7313	0
64	38	234.5557	373.2159	0
64	39	563.1724	166.9592	0
64	40	652.8639	193.0233	0
64	41	337.2371	238.9668	0
64	42	301.8114	263.5675	0
64	43	386.5028	230.8386	0
65	1	347.1085	211.6123	0
65	2	589.7803	221.0541	0
65	3	349.3333	194.5895	0
65	4	430.0067	167.3713	0
65	5	171.5179	308.5705	0
65	6	434.7905	277.3321	0
65	7	330.9422	259.523	0
65	8	316.2756	317.438	0
65	9	614.2191	217.9974	0
65	10	230.8235	279.8065	0
65	11	664.1324	137.9178	0
65	12	597.9912	140.5169	0
65	13	389.026	168.5951	0
65	14	561.1976	207.3701	0
65	15	604.8425	175.664	0
65	16	440.5735	225.8744	0
65	17	527.4872	190.2551	0
65	18	581.0543	178.2263	0
65	19	258.2522	303.2905	0
65	20	378.7859	283.9427	0
65	21	45.13868	305.429	0
65	22	99.72344	328.6186	0
65	23	427.2466	208.2161	0
65	24	601.3153	161.194	0
65	25	282.7655	323.362	0
65	26	531.7191	234.5554	0
65	27	568.4445	255.2906	0
65	28	85.05458	248.1139	0
65	29	592.1363	127.559	0
65	30	556.3782	132.1934	0
65	31	206.5574	342.9423	0
65	32	651.9006	108.1847	0
65	33	640.5898	155.7676	0
65	34	306.0543	199.6292	0
65	35	57.04284	403.2764	0
65	36	290.1899	246.289	0
65	37	381.3992	207.7313	0
65	38	234.5557	373.2159	0
65	39	563.1724	166.9592	0
65	40	652.8639	193.0233	0
65	41	337.2371	238.9668	0
65	42	301.8114	263.5675	0
65	43	386.5028	230.8386	0
66	1	347.1085	211.6123	0
66	2	589.7803	221.0541	0
66	3	349.3333	194.5895	0
66	4	430.0067	167.3713	0
66	5	171.5179	308.5705	0
66	6	434.7905	277.3321	0
66	7	330.9422	259.523	0
66	8	316.2756	317.438	0
66	9	614.2191	217.9974	0
66	10	230.8235	279.8065	0
66	11	664.1324	137.9178	0
66	12	597.9912	140.5169	0
66	13	389.026	168.5951	0
66	14	561.1976	207.3701	0
66	15	604.8425	175.664	0
66	16	440.5735	225.8744	0
66	17	527.4872	190.2551	0
66	18	581.0543	178.2263	0
66	19	258.2522	303.2905	0
66	20	378.7859	283.9427	0
66	21	45.13868	305.429	0
66	22	99.72344	328.6186	0
66	23	427.2466	208.2161	0
66	24	601.3153	161.194	0
66	25	282.7655	323.362	0
66	26	531.7191	234.5554	0
66	27	568.4445	255.2906	0
66	28	85.05458	248.1139	0
66	29	592.1363	127.559	0
66	30	556.3782	132.1934	0
66	31	206.5574	342.9423	0
66	32	651.9006	108.1847	0
66	33	640.5898	155.7676	0
66	34	306.0543	199.6292	0
66	35	57.04284	403.2764	0
66	36	290.1899	246.289	0
66	37	381.3992	207.7313	0
66	38	234.5557	373.2159	0
66	39	563.1724	166.9592	0
66	40	652.8639	193.0233	0
66	41	337.2371	238.9668	0
66	42	301.8114	263.5675	0
66	43	386.5028	230.8386	0
67	1	347.1085	211.6123	0
67	2	589.7803	221.0541	0
67	3	349.3333	194.5895	0
67	4	430.0067	167.3713	0
67	5	171.5179	308.5705	0
67	6	434.7905	277.3321	0
67	7	330.9422	259.523	0
67	8	316.2756	317.438	0
67	9	614.2191	217.9974	0
67	10	230.8235	279.8065	0
67	11	664.1324	137.9178	0
67	12	597.9912	140.5169	0
67	13	389.026	168.5951	0
67	14	561.1976	207.3701	0
67	15	604.8425	175.664	0
67	16	440.5735	225.8744	0
67	17	527.4872	190.2551	0
67	18	581.0543	178.2263	0
67	19	258.2522	303.2905	0
67	20	378.7859	283.9427	0
67	21	45.13868	305.429	0
67	22	99.72344	328.6186	0
67	23	427.2466	208.2161	0
67	24	601.3153	161.194	0
67	25	282.7655	323.362	0
67	26	531.7191	234.5554	0
67	27	568.4445	255.2906	0
67	28	85.05458	248.1139	0
67	29	592.1363	127.559	0
67	30	556.3782	132.1934	0
67	31	206.5574	342.9423	0
67	32	651.9006	108.1847	0
67	33	640.5898	155.7676	0
67	34	306.0543	199.6292	0
67	35	57.04284	403.2764	0
67	36	290.1899	246.289	0
67	37	381.3992	207.7313	0
67	38	234.5557	373.2159	0
67	39	563.1724	166.9592	0
67	40	652.8639	193.0233	0
67	41	337.2371	238.9668	0
67	42	301.8114	263.5675	0
67	43	386.5028	230.8386	0
68	1	347.1085	211.6123	0
68	2	589.7803	221.0541	0
68	3	349.3333	194.5895	0
68	4	430.0067	167.3713	0
68	5	171.5179	308.5705	0
68	6	434.7905	277.3321	0
68	7	330.9422	259.523	0
68	8	316.2756	317.438	0
68	9	614.2191	217.9974	0
68	10	230.8235	279.8065	0
68	11	664.1324	137.9178	0
68	12	597.9912	140.5169	0
68	13	389.026	168.5951	0
68	14	561.1976	207.3701	0
68	15	604.8425	175.664	0
68	16	440.5735	225.8744	0
68	17	527.4872	190.2551	0
68	18	581.0543	178.2263	0
68	19	258.2522	303.2905	0
68	20	378.7859	283.9427	0
68	21	45.13868	305.429	0
68	22	99.72344	328.6186	0
68	23	427.2466	208.2161	0
68	24	601.3153	161.194	0
68	25	282.7655	323.362	0
68	26	531.7191	234.5554	0
68	27	568.4445	255.2906	0
68	28	85.05458	248.1139	0
68	29	592.1363	127.559	0
68	30	556.3782	132.1934	0
68	31	206.5574	342.9423	0
68	32	651.9006	108.1847	0
68	33	640.5898	155.7676	0
68	34	306.0543	199.6292	0
68	35	57.04284	403.2764	0
68	36	290.1899	246.289	0
68	37	381.3992	207.7313	0
68	38	234.5557	373.2159	0
68	39	563.1724	166.9592	0
68	40	652.8639	193.0233	0
68	41	337.2371	238.9668	0
68	42	301.8114	263.5675	0
68	43	386.5028	230.8386	0
69	1	347.1085	211.6123	0
69	2	589.7803	221.0541	0
69	3	349.3333	194.5895	0
69	4	430.0067	167.3713	0
69	5	171.5179	308.5705	0
69	6	434.7905	277.3321	0
69	7	330.9422	259.523	0
69	8	316.2756	317.438	0
69	9	614.2191	217.9974	0
69	10	230.8235	279.8065	0
69	11	664.1324	137.9178	0
69	12	597.9912	140.5169	0
69	13	389.026	168.5951	0
69	14	561.1976	207.3701	0
69	15	604.8425	175.664	0
69	16	440.5735	225.8744	0
69	17	527.4872	190.2551	0
69	18	581.0543	178.2263	0
69	19	258.2522	303.2905	0
69	20	378.7859	283.9427	0
69	21	45.13868	305.429	0
69	22	99.72344	328.6186	0
69	23	427.2466	208.2161	0
69	24	601.3153	161.194	0
69	25	282.7655	323.362	0
69	26	531.7191	234.5554	0
69	27	568.4445	255.2906	0
69	28	85.05458	248.1139	0
69	29	592.1363	127.559	0
69	30	556.3782	132.1934	0
69	31	206.5574	342.9423	0
69	32	651.9006	108.1847	0
69	33	640.5898	155.7676	0
69	34	306.0543	199.6292	0
69	35	57.04284	403.2764	0
69	36	290.1899	246.289	0
69	37	381.3992	207.7313	0
69	38	234.5557	373.2159	0
69	39	563.1724	166.9592	0
69	40	652.8639	193.0233	0
69	41	337.2371	238.9668	0
69	42	301.8114	263.5675	0
69	43	386.5028	230.8386	0
70	1	347.1085	211.6123	0
70	2	589.7803	221.0541	0
70	3	349.3333	194.5895	0
70	4	430.0067	167.3713	0
70	5	171.5179	308.5705	0
70	6	434.7905	277.3321	0
70	7	330.9422	259.523	0
70	8	316.2756	317.438	0
70	9	614.2191	217.9974	0
70	10	230.8235	279.8065	0
70	11	664.1324	137.9178	0
70	12	597.9912	140.5169	0
70	13	389.026	168.5951	0
70	14	561.1976	207.3701	0
70	15	604.8425	175.664	0
70	16	440.5735	225.8744	0
70	17	527.4872	190.2551	0
70	18	581.0543	178.2263	0
70	19	258.2522	303.2905	0
70	20	378.7859	283.9427	0
70	21	45.13868	305.429	0
70	22	99.72344	328.6186	0
70	23	427.2466	208.2161	0
70	24	601.3153	161.194	0
70	25	282.7655	323.362	0
70	26	531.7191	234.5554	0
70	27	568.4445	255.2906	0
70	28	85.05458	248.1139	0
70	29	592.1363	127.559	0
70	30	556.3782	132.1934	0
70	31	206.5574	342.9423	0
70	32	651.9006	108.1847	0
70	33	640.5898	155.7676	0
70	34	306.0543	199.6292	0
70	35	57.04284	403.2764	0
70	36	290.1899	246.289	0
70	37	381.3992	207.7313	0
70	38	234.5557	373.2159	0
70	39	563.1724	166.9592	0
70	40	652.8639	193.0233	0
70	41	337.2371	238.9668	0
70	42	301.8114	263.5675	0
70	43	386.5028	230.8386	0
71	1	347.1085	211.6123	0
71	2	589.7803	221.0541	0
71	3	349.3333	194.5895	0
71	4	430.0067	167.3713	0
71	5	171.5179	308.5705	0
71	6	434.7905	277.3321	0
71	7	330.9422	259.523	0
71	8	316.2756	317.438	0
71	9	614.2191	217.9974	0
71	10	230.8235	279.8065	0
71	11	664.1324	137.9178	0
71	12	597.9912	140.5169	0
71	13	389.026	168.5951	0
71	14	561.1976	207.3701	0
71	15	604.8425	175.664	0
71	16	440.5735	225.8744	0
71	17	527.4872	190.2551	0
71	18	581.0543	178.2263	0
71	19	258.2522	303.2905	0
71	20	378.7859	283.9427	0
71	21	45.13868	305.429	0
71	22	99.72344	328.6186	0
71	23	427.2466	208.2161	0
71	24	601.3153	161.194	0
71	25	282.7655	323.362	0
71	26	531.7191	234.5554	0
71	27	568.4445	255.2906	0
71	28	85.05458	248.1139	0
71	29	592.1363	127.559	0
71	30	556.3782	132.1934	0
71	31	206.5574	342.9423	0
71	32	651.9006	108.1847	0
71	33	640.5898	155.7676	0
71	34	306.0543	199.6292	0
71	35	57.04284	403.2764	0
71	36	290.1899	246.289	0
71	37	381.3992	207.7313	0
71	38	234.5557	373.2159	0
71	39	563.1724	166.9592	0
71	40	652.8639	193.0233	0
71	41	337.2371	238.9668	0
71	42	301.8114	263.5675	0
71	43	386.5028	230.8386	0
72	1	347.1085	211.6123	0
72	2	589.7803	221.0541	0
72	3	349.3333	194.5895	0
72	4	430.0067	167.3713	0
72	5	171.5179	308.5705	0
72	6	434.7905	277.3321	0
72	7	330.9422	259.523	0
72	8	316.2756	317.438	0
72	9	614.2191	217.9974	0
72	10	230.8235	279.8065	0
72	11	664.1324	137.9178	0
72	12	597.9912	140.5169	0
72	13	389.026	168.5951	0
72	14	561.1976	207.3701	0
72	15	604.8425	175.664	0
72	16	440.5735	225.8744	0
72	17	527.4872	190.2551	0
72	18	581.0543	178.2263	0
72	19	258.2522	303.2905	0
72	20	378.7859	283.9427	0
72	21	45.13868	305.429	0
72	22	99.72344	328.6186	0
72	23	427.2466	208.2161	0
72	24	601.3153	161.194	0
72	25	282.7655	323.362	0
72	26	531.7191	234.5554	0
72	27	568.4445	255.2906	0
72	28	85.05458	248.1139	0
72	29	592.1363	127.559	0
72	30	556.3782	132.1934	0
72	31	206.5574	342.9423	0
72	32	651.9006	108.1847	0
72	33	640.5898	155.7676	0
72	34	306.0543	199.6292	0
72	35	57.04284	403.2764	0
72	36	290.1899	246.289	0
72	37	381.3992	207.7313	0
72	38	234.5557	373.2159	0
72	39	563.1724	166.9592	0
72	40	652.8639	193.0233	0
72	41	337.2371	238.9668	0
72	42	301.8114	263.5675	0
72	43	386.5028	230.8386	0
73	1	347.1085	211.6123	0
73	2	589.7803	221.0541	0
73	3	349.3333	194.5895	0
73	4	430.0067	167.3713	0
73	5	171.5179	308.5705	0
73	6	434.7905	277.3321	0
73	7	330.9422	259.523	0
73	8	316.2756	317.438	0
73	9	614.2191	217.9974	0
73	10	230.8235	279.8065	0
73	11	664.1324	137.9178	0
73	12	597.9912	140.5169	0
73	13	389.026	168.5951	0
73	14	561.1976	207.3701	0
73	15	604.8425	175.664	0
73	16	440.5735	225.8744	0
73	17	527.4872	190.2551	0
73	18	581.0543	178.2263	0
73	19	258.2522	303.2905	0
73	20	378.7859	283.9427	0
73	21	45.13868	305.429	0
73	22	99.72344	328.6186	0
73	23	427.2466	208.2161	0
73	24	601.3153	161.194	0
73	25	282.7655	323.362	0
73	26	531.7191	234.5554	0
73	27	568.4445	255.2906	0
73	28	85.05458	248.1139	0
73	29	592.1363	127.559	0
73	30	556.3782	132.1934	0
73	31	206.5574	342.9423	0
73	32	651.9006	108.1847	0
73	33	640.5898	155.7676	0
73	34	306.0543	199.6292	0
73	35	57.04284	403.2764	0
73	36	290.1899	246.289	0
73	37	381.3992	207.7313	0
73	38	234.5557	373.2159	0
73	39	563.1724	166.9592	0
73	40	652.8639	193.0233	0
73	41	337.2371	238.9668	0
73	42	301.8114	263.5675	0
73	43	386.5028	230.8386	0
74	1	347.1085	211.6123	0
74	2	589.7803	221.0541	0
74	3	349.3333	194.5895	0
74	4	430.0067	167.3713	0
74	5	171.5179	308.5705	0
74	6	434.7905	277.3321	0
74	7	330.9422	259.523	0
74	8	316.2756	317.438	0
74	9	614.2191	217.9974	0
74	10	230.8235	279.8065	0
74	11	664.1324	137.9178	0
74	12	597.9912	140.5169	0
74	13	389.026	168.5951	0
74	14	561.1976	207.3701	0
74	15	604.8425	175.664	0
74	16	440.5735	225.8744	0
74	17	527.4872	190.2551	0
74	18	581.0543	178.2263	0
74	19	258.2522	303.2905	0
74	20	378.7859	283.9427	0
74	21	45.13868	305.429	0
74	22	99.72344	328.6186	0
74	23	427.2466	208.2161	0
74	24	601.3153	161.194	0
74	25	282.7655	323.362	0
74	26	531.7191	234.5554	0
74	27	568.4445	255.2906	0
74	28	85.05458	248.1139	0
74	29	592.1363	127.559	0
74	30	556.3782	132.1934	0
74	31	206.5574	342.9423	0
74	32	651.9006	108.1847	0
74	33	640.5898	155.7676	0
74	34	306.0543	199.6292	0
74	35	57.04284	403.2764	0
74	36	290.1899	246.289	0
74	37	381.3992	207.7313	0
74	38	234.5557	373.2159	0
74	39	563.1724	166.9592	0
74	40	652.8639	193.0233	0
74	41	337.2371	238.9668	0
74	42	301.8114	263.5675	0
74	43	386.5028	230.8386	0
75	1	347.1085	211.6123	0
75	2	589.7803	221.0541	0
75	3	349.3333	194.5895	0
75	4	430.0067	167.3713	0
75	5	171.5179	308.5705	0
75	6	434.7905	277.3321	0
75	7	330.9422	259.523	0
75	8	316.2756	317.438	0
75	9	614.2191	217.9974	0
75	10	230.8235	279.8065	0
75	11	664.1324	137.9178	0
75	12	597.9912	140.5169	0
75	13	389.026	168.5951	0
75	14	561.1976	207.3701	0
75	15	604.8425	175.664	0
75	16	440.5735	225.8744	0
75	17	527.4872	190.2551	0
75	18	581.0543	178.2263	0
75	19	258.2522	303.2905	0
75	20	378.7859	283.9427	0
75	21	45.13868	305.429	0
75	22	99.72344	328.6186	0
75	23	427.2466	208.2161	0
75	24	601.3153	161.194	0
75	25	282.7655	323.362	0
75	26	531.7191	234.5554	0
75	27	568.4445	255.2906	0
75	28	85.05458	248.1139	0
75	29	592.1363	127.559	0
75	30	556.3782	132.1934	0
75	31	206.5574	342.9423	0
75	32	651.9006	108.1847	0
75	33	640.5898	155.7676	0
75	34	306.0543	199.6292	0
75	35	57.04284	403.2764	0
75	36	290.1899	246.289	0
75	37	381.3992	207.7313	0
75	38	234.5557	373.2159	0
75	39	563.1724	166.9592	0
75	40	652.8639	193.0233	0
75	41	337.2371	238.9668	0
75	42	301.8114	263.5675	0
75	43	386.5028	230.8386	0
76	1	347.1085	211.6123	0
76	2	589.7803	221.0541	0
76	3	349.3333	194.5895	0
76	4	430.0067	167.3713	0
76	5	171.5179	308.5705	0
76	6	434.7905	277.3321	0
76	7	330.9422	259.523	0
76	8	316.2756	317.438	0
76	9	614.2191	217.9974	0
76	10	230.8235	279.8065	0
76	11	664.1324	137.9178	0
76	12	597.9912	140.5169	0
76	13	389.026	168.5951	0
76	14	561.1976	207.3701	0
76	15	604.8425	175.664	0
76	16	440.5735	225.8744	0
76	17	527.4872	190.2551	0
76	18	581.0543	178.2263	0
76	19	258.2522	303.2905	0
76	20	378.7859	283.9427	0
76	21	45.13868	305.429	0
76	22	99.72344	328.6186	0
76	23	427.2466	208.2161	0
76	24	601.3153	161.194	0
76	25	282.7655	323.362	0
76	26	531.7191	234.5554	0
76	27	568.4445	255.2906	0
76	28	85.05458	248.1139	0
76	29	592.1363	127.559	0
76	30	556.3782	132.1934	0
76	31	206.5574	342.9423	0
76	32	651.9006	108.1847	0
76	33	640.5898	155.7676	0
76	34	306.0543	199.6292	0
76	35	57.04284	403.2764	0
76	36	290.1899	246.289	0
76	37	381.3992	207.7313	0
76	38	234.5557	373.2159	0
76	39	563.1724	166.9592	0
76	40	652.8639	193.0233	0
76	41	337.2371	238.9668	0
76	42	301.8114	263.5675	0
76	43	386.5028	230.8386	0
77	1	347.1085	211.6123	0
77	2	589.7803	221.0541	0
77	3	349.3333	194.5895	0
77	4	430.0067	167.3713	0
77	5	171.5179	308.5705	0
77	6	434.7905	277.3321	0
77	7	330.9422	259.523	0
77	8	316.2756	317.438	0
77	9	614.2191	217.9974	0
77	10	230.8235	279.8065	0
77	11	664.1324	137.9178	0
77	12	597.9912	140.5169	0
77	13	389.026	168.5951	0
77	14	561.1976	207.3701	0
77	15	604.8425	175.664	0
77	16	440.5735	225.8744	0
77	17	527.4872	190.2551	0
77	18	581.0543	178.2263	0
77	19	258.2522	303.2905	0
77	20	378.7859	283.9427	0
77	21	45.13868	305.429	0
77	22	99.72344	328.6186	0
77	23	427.2466	208.2161	0
77	24	601.3153	161.194	0
77	25	282.7655	323.362	0
77	26	531.7191	234.5554	0
77	27	568.4445	255.2906	0
77	28	85.05458	248.1139	0
77	29	592.1363	127.559	0
77	30	556.3782	132.1934	0
77	31	206.5574	342.9423	0
77	32	651.9006	108.1847	0
77	33	640.5898	155.7676	0
77	34	306.0543	199.6292	0
77	35	57.04284	403.2764	0
77	36	290.1899	246.289	0
77	37	381.3992	207.7313	0
77	38	234.5557	373.2159	0
77	39	563.1724	166.9592	0
77	40	652.8639	193.0233	0
77	41	337.2371	238.9668	0
77	42	301.8114	263.5675	0
77	43	386.5028	230.8386	0
78	1	347.1085	211.6123	0
78	2	589.7803	221.0541	0
78	3	349.3333	194.5895	0
78	4	430.0067	167.3713	0
78	5	171.5179	308.5705	0
78	6	434.7905	277.3321	0
78	7	330.9422	259.523	0
78	8	316.2756	317.438	0
78	9	614.2191	217.9974	0
78	10	230.8235	279.8065	0
78	11	664.1324	137.9178	0
78	12	597.9912	140.5169	0
78	13	389.026	168.5951	0
78	14	561.1976	207.3701	0
78	15	604.8425	175.664	0
78	16	440.5735	225.8744	0
78	17	527.4872	190.2551	0
78	18	581.0543	178.2263	0
78	19	258.2522	303.2905	0
78	20	378.7859	283.9427	0
78	21	45.13868	305.429	0
78	22	99.72344	328.6186	0
78	23	427.2466	208.2161	0
78	24	601.3153	161.194	0
78	25	282.7655	323.362	0
78	26	531.7191	234.5554	0
78	27	568.4445	255.2906	0
78	28	85.05458	248.1139	0
78	29	592.1363	127.559	0
78	30	556.3782	132.1934	0
78	31	206.5574	342.9423	0
78	32	651.9006	108.1847	0
78	33	640.5898	155.7676	0
78	34	306.0543	199.6292	0
78	35	57.04284	403.2764	0
78	36	290.1899	246.289	0
78	37	381.3992	207.7313	0
78	38	234.5557	373.2159	0
78	39	563.1724	166.9592	0
78	40	652.8639	193.0233	0
78	41	337.2371	238.9668	0
78	42	301.8114	263.5675	0
78	43	386.5028	230.8386	0
79	1	347.1085	211.6123	0
79	2	589.7803	221.0541	0
79	3	349.3333	194.5895	0
79	4	430.0067	167.3713	0
79	5	171.5179	308.5705	0
79	6	434.7905	277.3321	0
79	7	330.9422	259.523	0
79	8	316.2756	317.438	0
79	9	614.2191	217.9974	0
79	10	230.8235	279.8065	0
79	11	664.1324	137.9178	0
79	12	597.9912	140.5169	0
79	13	389.026	168.5951	0
79	14	561.1976	207.3701	0
79	15	604.8425	175.664	0
79	16	440.5735	225.8744	0
79	17	527.4872	190.2551	0
79	18	581.0543	178.2263	0
79	19	258.2522	303.2905	0
79	20	378.7859	283.9427	0
79	21	45.13868	305.429	0
79	22	99.72344	328.6186	0
79	23	427.2466	208.2161	0
79	24	601.3153	161.194	0
79	25	282.7655	323.362	0
79	26	531.7191	234.5554	0
79	27	568.4445	255.2906	0
79	28	85.05458	248.1139	0
79	29	592.1363	127.559	0
79	30	556.3782	132.1934	0
79	31	206.5574	342.9423	0
79	32	651.9006	108.1847	0
79	33	640.5898	155.7676	0
79	34	306.0543	199.6292	0
79	35	57.04284	403.2764	0
79	36	290.1899	246.289	0
79	37	381.3992	207.7313	0
79	38	234.5557	373.2159	0
79	39	563.1724	166.9592	0
79	40	652.8639	193.0233	0
79	41	337.2371	238.9668	0
79	42	301.8114	263.5675	0
79	43	386.5028	230.8386	0
80	1	347.1085	211.6123	0
80	2	589.7803	221.0541	0
80	3	349.3333	194.5895	0
80	4	430.0067	167.3713	0
80	5	171.5179	308.5705	0
80	6	434.7905	277.3321	0
80	7	330.9422	259.523	0
80	8	316.2756	317.438	0
80	9	614.2191	217.9974	0
80	10	230.8235	279.8065	0
80	11	664.1324	137.9178	0
80	12	597.9912	140.5169	0
80	13	389.026	168.5951	0
80	14	561.1976	207.3701	0
80	15	604.8425	175.664	0
80	16	440.5735	225.8744	0
80	17	527.4872	190.2551	0
80	18	581.0543	178.2263	0
80	19	258.2522	303.2905	0
80	20	378.7859	283.9427	0
80	21	45.13868	305.429	0
80	22	99.72344	328.6186	0
80	23	427.2466	208.2161	0
80	24	601.3153	161.194	0
80	25	282.7655	323.362	0
80	26	531.7191	234.5554	0
80	27	568.4445	255.2906	0
80	28	85.05458	248.1139	0
80	29	592.1363	127.559	0
80	30	556.3782	132.1934	0
80	31	206.5574	342.9423	0
80	32	651.9006	108.1847	0
80	33	640.5898	155.7676	0
80	34	306.0543	199.6292	0
80	35	57.04284	403.2764	0
80	36	290.1899	246.289	0
80	37	381.3992	207.7313	0
80	38	234.5557	373.2159	0
80	39	563.1724	166.9592	0
80	40	652.8639	193.0233	0
80	41	337.2371	238.9668	0
80	42	301.8114	263.5675	0
80	43	386.5028	230.8386	0
81	1	347.1085	211.6123	0
81	2	589.7803	221.0541	0
81	3	349.3333	194.5895	0
81	4	430.0067	167.3713	0
81	5	171.5179	308.5705	0
81	6	434.7905	277.3321	0
81	7	330.9422	259.523	0
81	8	316.2756	317.438	0
81	9	614.2191	217.9974	0
81	10	230.8235	279.8065	0
81	11	664.1324	137.9178	0
81	12	597.9912	140.5169	0
81	13	389.026	168.5951	0
81	14	561.1976	207.3701	0
81	15	604.8425	175.664	0
81	16	440.5735	225.8744	0
81	17	527.4872	190.2551	0
81	18	581.0543	178.2263	0
81	19	258.2522	303.2905	0
81	20	378.7859	283.9427	0
81	21	45.13868	305.429	0
81	22	99.72344	328.6186	0
81	23	427.2466	208.2161	0
81	24	601.3153	161.194	0
81	25	282.7655	323.362	0
81	26	531.7191	234.5554	0
81	27	568.4445	255.2906	0
81	28	85.05458	248.1139	0
81	29	592.1363	127.559	0
81	30	556.3782	132.1934	0
81	31	206.5574	342.9423	0
81	32	651.9006	108.1847	0
81	33	640.5898	155.7676	0
81	34	306.0543	199.6292	0
81	35	57.04284	403.2764	0
81	36	290.1899	246.289	0
81	37	381.3992	207.7313	0
81	38	234.5557	373.2159	0
81	39	563.1724	166.9592	0
81	40	652.8639	193.0233	0
81	41	337.2371	238.9668	0
81	42	301.8114	263.5675	0
81	43	386.5028	230.8386	0
82	1	347.1085	211.6123	0
82	2	589.7803	221.0541	0
82	3	349.3333	194.5895	0
82	4	430.0067	167.3713	0
82	5	171.5179	308.5705	0
82	6	434.7905	277.3321	0
82	7	330.9422	259.523	0
82	8	316.2756	317.438	0
82	9	614.2191	217.9974	0
82	10	230.8235	279.8065	0
82	11	664.1324	137.9178	0
82	12	597.9912	140.5169	0
82	13	389.026	168.5951	0
82	14	561.1976	207.3701	0
82	15	604.8425	175.664	0
82	16	440.5735	225.8744	0
82	17	527.4872	190.2551	0
82	18	581.0543	178.2263	0
82	19	258.2522	303.2905	0
82	20	378.7859	283.9427	0
82	21	45.13868	305.429	0
82	22	99.72344	328.6186	0
82	23	427.2466	208.2161	0
82	24	601.3153	161.194	0
82	25	282.7655	323.362	0
82	26	531.7191	234.5554	0
82	27	568.4445	255.2906	0
82	28	85.05458	248.1139	0
82	29	592.1363	127.559	0
82	30	556.3782	132.1934	0
82	31	206.5574	342.9423	0
82	32	651.9006	108.1847	0
82	33	640.5898	155.7676	0
82	34	306.0543	199.6292	0
82	35	57.04284	403.2764	0
82	36	290.1899	246.289	0
82	37	381.3992	207.7313	0
82	38	234.5557	373.2159	0
82	39	563.1724	166.9592	0
82	40	652.8639	193.0233	0
82	41	337.2371	238.9668	0
82	42	301.8114	263.5675	0
82	43	386.5028	230.8386	0
63	1	346.8628	211.4808	0
63	2	589.3553	220.5106	0
63	3	348.2539	194.0559	0
63	4	431.2745	167.7205	0
63	5	172.2961	307.6589	0
63	6	436.3164	276.4678	0
63	7	331.6653	259.3198	0
63	8	315.6005	316.9036	0
63	9	614.5654	217.7404	0
63	10	232.4534	278.6811	0
63	11	664.3671	138.2419	0
63	12	597.2514	139.5668	0
63	13	389.4947	168.1185	0
63	14	561.1743	207.5851	0
63	15	602.6155	175.352	0
63	16	440.2324	225.5905	0
63	17	529.3527	190.5272	0
63	18	579.9549	178.3737	0
63	19	257.729	304.8699	0
63	20	377.8627	284.7332	0
63	21	46.68309	304.4446	0
63	22	101.1526	330.0744	0
63	23	427.4448	208.5692	0
63	24	601.4733	161.961	0
63	25	283.1192	322.0837	0
63	26	532.1752	235.8003	0
63	27	567.3282	255.3877	0
63	28	86.20475	248.5038	0
63	29	593.0797	127.9207	0
63	30	556.5668	131.883	0
63	31	204.4132	343.5106	0
63	32	652.0151	107.9958	0
63	33	640.8041	155.3956	0
63	34	305.7025	200.4307	0
63	35	55.97443	403.2476	0
63	36	290.365	246.2577	0
63	37	381.5689	207.5497	0
63	38	233.1763	372.2757	0
63	39	563.3596	166.5817	0
63	40	654.7878	193.4214	0
63	41	337.339	239.9683	0
63	42	302.1354	262.4988	0
63	43	387.1926	231.3539	0
64	1	346.8628	211.4808	0
64	2	589.3553	220.5106	0
64	3	348.2539	194.0559	0
64	4	431.2745	167.7205	0
64	5	172.2961	307.6589	0
64	6	436.3164	276.4678	0
64	7	331.6653	259.3198	0
64	8	315.6005	316.9036	0
64	9	614.5654	217.7404	0
64	10	232.4534	278.6811	0
64	11	664.3671	138.2419	0
64	12	597.2514	139.5668	0
64	13	389.4947	168.1185	0
64	14	561.1743	207.5851	0
64	15	602.6155	175.352	0
64	16	440.2324	225.5905	0
64	17	529.3527	190.5272	0
64	18	579.9549	178.3737	0
64	19	257.729	304.8699	0
64	20	377.8627	284.7332	0
64	21	46.68309	304.4446	0
64	22	101.1526	330.0744	0
64	23	427.4448	208.5692	0
64	24	601.4733	161.961	0
64	25	283.1192	322.0837	0
64	26	532.1752	235.8003	0
64	27	567.3282	255.3877	0
64	28	86.20475	248.5038	0
64	29	593.0797	127.9207	0
64	30	556.5668	131.883	0
64	31	204.4132	343.5106	0
64	32	652.0151	107.9958	0
64	33	640.8041	155.3956	0
64	34	305.7025	200.4307	0
64	35	55.97443	403.2476	0
64	36	290.365	246.2577	0
64	37	381.5689	207.5497	0
64	38	233.1763	372.2757	0
64	39	563.3596	166.5817	0
64	40	654.7878	193.4214	0
64	41	337.339	239.9683	0
64	42	302.1354	262.4988	0
64	43	387.1926	231.3539	0
65	1	346.8628	211.4808	0
65	2	589.3553	220.5106	0
65	3	348.2539	194.0559	0
65	4	431.2745	167.7205	0
65	5	172.2961	307.6589	0
65	6	436.3164	276.4678	0
65	7	331.6653	259.3198	0
65	8	315.6005	316.9036	0
65	9	614.5654	217.7404	0
65	10	232.4534	278.6811	0
65	11	664.3671	138.2419	0
65	12	597.2514	139.5668	0
65	13	389.4947	168.1185	0
65	14	561.1743	207.5851	0
65	15	602.6155	175.352	0
65	16	440.2324	225.5905	0
65	17	529.3527	190.5272	0
65	18	579.9549	178.3737	0
65	19	257.729	304.8699	0
65	20	377.8627	284.7332	0
65	21	46.68309	304.4446	0
65	22	101.1526	330.0744	0
65	23	427.4448	208.5692	0
65	24	601.4733	161.961	0
65	25	283.1192	322.0837	0
65	26	532.1752	235.8003	0
65	27	567.3282	255.3877	0
65	28	86.20475	248.5038	0
65	29	593.0797	127.9207	0
65	30	556.5668	131.883	0
65	31	204.4132	343.5106	0
65	32	652.0151	107.9958	0
65	33	640.8041	155.3956	0
65	34	305.7025	200.4307	0
65	35	55.97443	403.2476	0
65	36	290.365	246.2577	0
65	37	381.5689	207.5497	0
65	38	233.1763	372.2757	0
65	39	563.3596	166.5817	0
65	40	654.7878	193.4214	0
65	41	337.339	239.9683	0
65	42	302.1354	262.4988	0
65	43	387.1926	231.3539	0
66	1	346.8628	211.4808	0
66	2	589.3553	220.5106	0
66	3	348.2539	194.0559	0
66	4	431.2745	167.7205	0
66	5	172.2961	307.6589	0
66	6	436.3164	276.4678	0
66	7	331.6653	259.3198	0
66	8	315.6005	316.9036	0
66	9	614.5654	217.7404	0
66	10	232.4534	278.6811	0
66	11	664.3671	138.2419	0
66	12	597.2514	139.5668	0
66	13	389.4947	168.1185	0
66	14	561.1743	207.5851	0
66	15	602.6155	175.352	0
66	16	440.2324	225.5905	0
66	17	529.3527	190.5272	0
66	18	579.9549	178.3737	0
66	19	257.729	304.8699	0
66	20	377.8627	284.7332	0
66	21	46.68309	304.4446	0
66	22	101.1526	330.0744	0
66	23	427.4448	208.5692	0
66	24	601.4733	161.961	0
66	25	283.1192	322.0837	0
66	26	532.1752	235.8003	0
66	27	567.3282	255.3877	0
66	28	86.20475	248.5038	0
66	29	593.0797	127.9207	0
66	30	556.5668	131.883	0
66	31	204.4132	343.5106	0
66	32	652.0151	107.9958	0
66	33	640.8041	155.3956	0
66	34	305.7025	200.4307	0
66	35	55.97443	403.2476	0
66	36	290.365	246.2577	0
66	37	381.5689	207.5497	0
66	38	233.1763	372.2757	0
66	39	563.3596	166.5817	0
66	40	654.7878	193.4214	0
66	41	337.339	239.9683	0
66	42	302.1354	262.4988	0
66	43	387.1926	231.3539	0
67	1	346.8628	211.4808	0
67	2	589.3553	220.5106	0
67	3	348.2539	194.0559	0
67	4	431.2745	167.7205	0
67	5	172.2961	307.6589	0
67	6	436.3164	276.4678	0
67	7	331.6653	259.3198	0
67	8	315.6005	316.9036	0
67	9	614.5654	217.7404	0
67	10	232.4534	278.6811	0
67	11	664.3671	138.2419	0
67	12	597.2514	139.5668	0
67	13	389.4947	168.1185	0
67	14	561.1743	207.5851	0
67	15	602.6155	175.352	0
67	16	440.2324	225.5905	0
67	17	529.3527	190.5272	0
67	18	579.9549	178.3737	0
67	19	257.729	304.8699	0
67	20	377.8627	284.7332	0
67	21	46.68309	304.4446	0
67	22	101.1526	330.0744	0
67	23	427.4448	208.5692	0
67	24	601.4733	161.961	0
67	25	283.1192	322.0837	0
67	26	532.1752	235.8003	0
67	27	567.3282	255.3877	0
67	28	86.20475	248.5038	0
67	29	593.0797	127.9207	0
67	30	556.5668	131.883	0
67	31	204.4132	343.5106	0
67	32	652.0151	107.9958	0
67	33	640.8041	155.3956	0
67	34	305.7025	200.4307	0
67	35	55.97443	403.2476	0
67	36	290.365	246.2577	0
67	37	381.5689	207.5497	0
67	38	233.1763	372.2757	0
67	39	563.3596	166.5817	0
67	40	654.7878	193.4214	0
67	41	337.339	239.9683	0
67	42	302.1354	262.4988	0
67	43	387.1926	231.3539	0
68	1	346.8628	211.4808	0
68	2	589.3553	220.5106	0
68	3	348.2539	194.0559	0
68	4	431.2745	167.7205	0
68	5	172.2961	307.6589	0
68	6	436.3164	276.4678	0
68	7	331.6653	259.3198	0
68	8	315.6005	316.9036	0
68	9	614.5654	217.7404	0
68	10	232.4534	278.6811	0
68	11	664.3671	138.2419	0
68	12	597.2514	139.5668	0
68	13	389.4947	168.1185	0
68	14	561.1743	207.5851	0
68	15	602.6155	175.352	0
68	16	440.2324	225.5905	0
68	17	529.3527	190.5272	0
68	18	579.9549	178.3737	0
68	19	257.729	304.8699	0
68	20	377.8627	284.7332	0
68	21	46.68309	304.4446	0
68	22	101.1526	330.0744	0
68	23	427.4448	208.5692	0
68	24	601.4733	161.961	0
68	25	283.1192	322.0837	0
68	26	532.1752	235.8003	0
68	27	567.3282	255.3877	0
68	28	86.20475	248.5038	0
68	29	593.0797	127.9207	0
68	30	556.5668	131.883	0
68	31	204.4132	343.5106	0
68	32	652.0151	107.9958	0
68	33	640.8041	155.3956	0
68	34	305.7025	200.4307	0
68	35	55.97443	403.2476	0
68	36	290.365	246.2577	0
68	37	381.5689	207.5497	0
68	38	233.1763	372.2757	0
68	39	563.3596	166.5817	0
68	40	654.7878	193.4214	0
68	41	337.339	239.9683	0
68	42	302.1354	262.4988	0
68	43	387.1926	231.3539	0
