63	1	293.8794	156.5024	0
63	2	519.284	168.9758	0
63	3	297.0798	148.1148	0
63	4	371.9508	125.8051	0
63	5	130.9845	246.1513	0
63	6	375.2009	221.9467	0
63	7	281.1503	206.0265	0
63	8	264.0282	254.3677	0
63	9	540.1733	171.6641	0
63	10	188.3321	222.9245	0
63	11	585.7605	96.30835	0
63	12	524.9731	95.74487	0
63	13	333.5484	120.9519	0
63	14	491.816	154.0404	0
63	15	532.4267	125.5879	0
63	16	378.9838	171.9003	0
63	17	461.3791	138.4589	0
63	18	510.9864	129.7178	0
63	19	212.8368	244.9286	0
63	20	323.086	223.78	0
63	21	15.86686	247.276	0
63	22	65.91389	267.9439	0
63	23	368.1919	162.4328	0
63	24	527.906	114.5671	0
63	25	236.0008	261.306	0
63	26	466.6474	183.4153	0
63	27	499.1975	200.791	0
63	28	52.86683	193.9428	0
63	29	518.6057	87.62601	0
63	30	488.6859	88.18082	0
63	31	163.0885	280.2218	0
63	32	570.8937	74.0842	0
63	33	563.1006	112.1918	0
63	34	257.1288	153.8572	0
63	35	16.68546	330.9536	0
63	36	243.9534	195.2206	0
63	37	326.1591	157.9242	0
63	38	184.3204	301.0096	0
63	39	493.0586	122.4507	0
63	40	578.2487	143.8645	0
63	41	286.8135	186.9342	0
63	42	254.3625	208.1829	0
63	43	331.6732	178.5818	0
64	1	293.8537	156.5595	0
64	2	519.2722	168.9467	0
64	3	297.0749	148.0926	0
64	4	371.9585	125.7864	0
64	5	130.9946	246.1511	0
64	6	375.2307	221.9453	0
64	7	281.1499	205.9974	0
64	8	264.0287	254.3761	0
64	9	540.1914	171.653	0
64	10	188.3359	222.9276	0
64	11	585.7394	96.2933	0
64	12	524.9737	95.72333	0
64	13	333.5226	120.9925	0
64	14	491.8146	154.072	0
64	15	532.4178	125.5846	0
64	16	378.9935	171.901	0
64	17	461.3806	138.4667	0
64	18	510.9894	129.724	0
64	19	212.8739	244.9226	0
64	20	323.0711	223.8261	0
64	21	15.88857	247.2723	0
64	22	65.91093	267.9517	0
64	23	368.2103	162.413	0
64	24	527.9142	114.5681	0
64	25	236.0114	261.2985	0
64	26	466.6504	183.3886	0
64	27	499.1736	200.7739	0
64	28	52.86422	193.9478	0
64	29	518.6132	87.62607	0
64	30	488.6884	88.18588	0
64	31	163.0877	280.2241	0
64	32	570.8902	74.08371	0
64	33	563.1041	112.2305	0
64	34	257.1574	153.8542	0
64	35	16.68014	330.9136	0
64	36	243.9619	195.2184	0
64	37	326.1507	157.9239	0
64	38	184.2718	301.1055	0
64	39	493.0464	122.4289	0
64	40	578.2419	143.8711	0
64	41	286.83	186.9055	0
64	42	254.3601	208.1912	0
64	43	331.6613	178.6276	0
65	1	293.8226	156.617	0
65	2	519.2547	168.9174	0
65	3	297.0683	148.0719	0
65	4	371.9589	125.7671	0
65	5	131.0069	246.1436	0
65	6	375.2603	221.9373	0
65	7	281.1462	205.9692	0
65	8	264.0326	254.3821	0
65	9	540.2056	171.6373	0
65	10	188.3392	222.9304	0
65	11	585.7146	96.27911	0
65	12	524.9717	95.70261	0
65	13	333.4961	121.0222	0
65	14	491.8164	154.1106	0
65	15	532.4159	125.5854	0
65	16	379.0027	171.9015	0
65	17	461.3835	138.4728	0
65	18	510.9941	129.7285	0
65	19	212.912	244.9093	0
65	20	323.0568	223.8766	0
65	21	15.92765	247.2656	0
65	22	65.91106	267.9573	0
65	23	368.2243	162.3918	0
65	24	527.9233	114.5683	0
65	25	236.0247	261.2887	0
65	26	466.6441	183.361	0
65	27	499.154	200.7623	0
65	28	52.85964	193.9544	0
65	29	518.6205	87.62628	0
65	30	488.6927	88.18954	0
65	31	163.0875	280.2283	0
65	32	570.8903	74.08502	0
65	33	563.1022	112.2653	0
65	34	257.1867	153.8464	0
65	35	16.6687	330.8771	0
65	36	243.966	195.2195	0
65	37	326.1718	157.9214	0
65	38	184.2159	301.2043	0
65	39	493.0322	122.4077	0
65	40	578.2449	143.8667	0
65	41	286.8453	186.8778	0
65	42	254.3597	208.1978	0
65	43	331.6462	178.6776	0
66	1	293.8121	156.6332	0
66	2	519.2496	168.9088	0
66	3	297.0661	148.0663	0
66	4	371.9578	125.761	0
66	5	131.0107	246.1408	0
66	6	375.2688	221.9338	0
66	7	281.1457	205.9609	0
66	8	264.0345	254.3834	0
66	9	540.2093	171.6319	0
66	10	188.3403	222.9312	0
66	11	585.7068	96.27505	0
66	12	524.9694	95.69608	0
66	13	333.4893	121.0282	0
66	14	491.8178	154.1227	0
66	15	532.4163	125.5861	0
66	16	379.0054	171.9016	0
66	17	461.3847	138.4743	0
66	18	510.996	129.7296	0
66	19	212.9233	244.9033	0
66	20	323.0526	223.8933	0
66	21	15.94043	247.2622	0
66	22	65.9122	267.9586	0
66	23	368.2272	162.3857	0
66	24	527.9261	114.5686	0
66	25	236.0289	261.2859	0
66	26	466.6408	183.3524	0
66	27	499.1492	200.7596	0
66	28	52.85781	193.9565	0
66	29	518.6227	87.62634	0
66	30	488.6945	88.1904	0
66	31	163.0873	280.2297	0
66	32	570.8906	74.08563	0
66	33	563.1009	112.274	0
66	34	257.1952	153.8429	0
66	35	16.66509	330.8669	0
66	36	243.9658	195.2211	0
66	37	326.1814	157.9204	0
66	38	184.1978	301.2333	0
66	39	493.0274	122.4014	0
66	40	578.2546	143.8665	0
66	41	286.8482	186.8696	0
66	42	254.36	208.1994	0
66	43	331.6411	178.6931	0
63	1	293.6393	159.2922	0
63	2	517.616	173.3253	0
63	3	297.968	148.1552	0
63	4	370.6249	122.4361	0
63	5	129.8474	245.9034	0
63	6	375.8814	216.969	0
63	7	277.656	199.6398	0
63	8	265.9699	258.2236	0
63	9	540.1526	166.3044	0
63	10	186.3988	221.7845	0
63	11	585.6392	93.66602	0
63	12	524.7302	98.99203	0
63	13	333.3917	126.7369	0
63	14	489.1517	160.8297	0
63	15	529.1794	130.9989	0
63	16	379.0573	171.1682	0
63	17	461.8791	139.6051	0
63	18	509.8816	133.2169	0
63	19	213.4628	245.9153	0
63	20	324.4506	228.1742	0
63	21	9.338041	240.4888	0
63	22	58.33562	261.078	0
63	23	367.7249	156.1728	0
63	24	528.7927	114.6543	0
63	25	236.9452	263.2081	0
63	26	464.2491	185.1065	0
63	27	501.3064	196.0284	0
63	28	55.91284	196.2907	0
63	29	519.2312	88.02448	0
63	30	487.0642	89.41522	0
63	31	160.9371	280.6869	0
63	32	569.8528	76.11011	0
63	33	563.5526	113.4829	0
63	34	257.8295	154.057	0
63	35	18.7961	331.278	0
63	36	240.1061	186.6328	0
63	37	326.925	160.5763	0
63	38	186.03	304.4935	0
63	39	493.2647	121.9482	0
63	40	578.6492	142.3867	0
63	41	285.018	183.0506	0
63	42	251.8925	204.368	0
63	43	331.2186	175.0391	0
64	1	293.6337	159.2905	0
64	2	517.6216	173.3271	0
64	3	297.9753	148.1555	0
64	4	370.6252	122.439	0
64	5	129.8508	245.9069	0
64	6	375.8897	216.9607	0
64	7	277.67	199.6306	0
64	8	265.962	258.2193	0
64	9	540.1589	166.3065	0
64	10	186.3966	221.7913	0
64	11	585.6456	93.66809	0
64	12	524.7372	98.99316	0
64	13	333.391	126.7419	0
64	14	489.1573	160.8321	0
64	15	529.175	131.0351	0
64	16	379.0419	171.224	0
64	17	461.8654	139.5786	0
64	18	509.887	133.214	0
64	19	213.4711	245.9156	0
64	20	324.4335	228.1517	0
64	21	9.268474	240.5652	0
64	22	58.33426	261.0831	0
64	23	367.7545	156.1517	0
64	24	528.8	114.6563	0
64	25	236.9809	263.2011	0
64	26	464.2476	185.1358	0
64	27	501.3107	196.0766	0
64	28	55.92239	196.2652	0
64	29	519.2273	88.05765	0
64	30	487.0682	89.41861	0
64	31	160.9812	280.6595	0
64	32	569.8625	76.10049	0
64	33	563.5605	113.4834	0
64	34	257.8167	154.0468	0
64	35	18.79045	331.2904	0
64	36	240.105	186.6347	0
64	37	326.903	160.6172	0
64	38	186.0343	304.4981	0
64	39	493.2624	121.9273	0
64	40	578.6459	142.3584	0
64	41	284.998	183.0304	0
64	42	251.8976	204.3708	0
64	43	331.2076	175.0616	0
65	1	293.6326	159.2924	0
65	2	517.6281	173.3289	0
65	3	297.9823	148.1557	0
65	4	370.6254	122.4425	0
65	5	129.8548	245.9107	0
65	6	375.8987	216.9531	0
65	7	277.6849	199.6217	0
65	8	265.9595	258.2198	0
65	9	540.1666	166.3086	0
65	10	186.3925	221.7993	0
65	11	585.6516	93.67017	0
65	12	524.7449	98.99338	0
65	13	333.3916	126.7459	0
65	14	489.1621	160.8343	0
65	15	529.1671	131.0622	0
65	16	379.0211	171.2782	0
65	17	461.8494	139.5532	0
65	18	509.8912	133.2087	0
65	19	213.4795	245.9155	0
65	20	324.4139	228.1311	0
65	21	9.192352	240.6422	0
65	22	58.33268	261.0892	0
65	23	367.7804	156.1256	0
65	24	528.8082	114.657	0
65	25	237.0171	263.1867	0
65	26	464.2478	185.1681	0
65	27	501.3181	196.1316	0
65	28	55.9296	196.2401	0
65	29	519.2194	88.0835	0
65	30	487.0742	89.42102	0
65	31	161.0246	280.6252	0
65	32	569.869	76.08859	0
65	33	563.5674	113.4834	0
65	34	257.8064	154.0398	0
65	35	18.78898	331.2999	0
65	36	240.105	186.6389	0
65	37	326.8788	160.6498	0
65	38	186.0391	304.503	0
65	39	493.252	121.9044	0
65	40	578.6375	142.3314	0
65	41	284.9796	183.0158	0
65	42	251.904	204.3738	0
65	43	331.1943	175.093	0
66	1	293.6325	159.2958	0
66	2	517.6352	173.3292	0
66	3	297.9892	148.1515	0
66	4	370.6253	122.4472	0
66	5	129.8617	245.9136	0
66	6	375.91	216.9438	0
66	7	277.697	199.6167	0
66	8	265.959	258.2234	0
66	9	540.1747	166.3089	0
66	10	186.3885	221.8086	0
66	11	585.6578	93.67175	0
66	12	524.7524	98.99384	0
66	13	333.3942	126.7485	0
66	14	489.1669	160.8363	0
66	15	529.1592	131.077	0
66	16	378.9958	171.323	0
66	17	461.8318	139.5302	0
66	18	509.8956	133.2037	0
66	19	213.4886	245.9098	0
66	20	324.3958	228.1137	0
66	21	9.112271	240.7106	0
66	22	58.32896	261.0979	0
66	23	367.8009	156.0966	0
66	24	528.8177	114.6576	0
66	25	237.0524	263.1635	0
66	26	464.2494	185.2055	0
66	27	501.3238	196.1937	0
66	28	55.93541	196.216	0
66	29	519.2106	88.09879	0
66	30	487.08	89.4234	0
66	31	161.0649	280.5849	0
66	32	569.8719	76.07565	0
66	33	563.5731	113.4821	0
66	34	257.8002	154.0365	0
66	35	18.79368	331.3062	0
66	36	240.1047	186.644	0
66	37	326.8591	160.6694	0
66	38	186.0461	304.5077	0
66	39	493.2374	121.8816	0
66	40	578.6193	142.3022	0
66	41	284.9649	183.006	0
66	42	251.9134	204.3745	0
66	43	331.1813	175.1325	0
67	1	293.6321	159.3001	0
67	2	517.643	173.3297	0
67	3	297.9962	148.1461	0
67	4	370.6244	122.4526	0
67	5	129.8721	245.914	0
67	6	375.9215	216.9353	0
67	7	277.7055	199.6153	0
67	8	265.9587	258.228	0
67	9	540.1836	166.3096	0
67	10	186.3868	221.8161	0
67	11	585.6646	93.67331	0
67	12	524.7592	98.99429	0
67	13	333.3985	126.7505	0
67	14	489.1716	160.838	0
67	15	529.1521	131.0793	0
67	16	378.973	171.3513	0
67	17	461.8137	139.5092	0
67	18	509.9009	133.1992	0
67	19	213.498	245.9022	0
67	20	324.3799	228.1019	0
67	21	9.041824	240.7599	0
67	22	58.32173	261.1091	0
67	23	367.8134	156.0679	0
67	24	528.8262	114.6577	0
67	25	237.0863	263.1345	0
67	26	464.2493	185.2473	0
67	27	501.326	196.2587	0
67	28	55.93866	196.195	0
67	29	519.2037	88.10364	0
67	30	487.0854	89.42526	0
67	31	161.0976	280.5451	0
67	32	569.8701	76.06287	0
67	33	563.5765	113.4775	0
67	34	257.7983	154.0367	0
67	35	18.79896	331.3121	0
67	36	240.1033	186.6512	0
67	37	326.8481	160.6756	0
67	38	186.0571	304.5085	0
67	39	493.2252	121.8596	0
67	40	578.5963	142.273	0
67	41	284.9558	183.0015	0
67	42	251.9238	204.3754	0
67	43	331.1697	175.1767	0
68	1	293.6311	159.3058	0
68	2	517.65	173.3297	0
68	3	298.0033	148.1412	0
68	4	370.624	122.4587	0
68	5	129.8823	245.9149	0
68	6	375.9315	216.9306	0
68	7	277.706	199.6215	0
68	8	265.9579	258.2341	0
68	9	540.1913	166.31	0
68	10	186.3879	221.8216	0
68	11	585.6723	93.67511	0
68	12	524.7639	98.99106	0
68	13	333.4023	126.7526	0
68	14	489.1768	160.8395	0
68	15	529.1605	131.0761	0
68	16	378.9596	171.3625	0
68	17	461.792	139.4895	0
68	18	509.9071	133.1932	0
68	19	213.5077	245.8951	0
68	20	324.3687	228.0947	0
68	21	8.999596	240.7849	0
68	22	58.31282	261.1224	0
68	23	367.8252	156.0392	0
68	24	528.8336	114.6575	0
68	25	237.117	263.1001	0
68	26	464.2467	185.2911	0
68	27	501.3232	196.3258	0
68	28	55.9388	196.1751	0
68	29	519.2035	88.10007	0
68	30	487.0906	89.42697	0
68	31	161.128	280.5034	0
68	32	569.8682	76.05011	0
68	33	563.5803	113.4728	0
68	34	257.7982	154.0391	0
68	35	18.80316	331.3173	0
68	36	240.0998	186.6598	0
68	37	326.8503	160.6713	0
68	38	186.0688	304.5102	0
68	39	493.2116	121.8378	0
68	40	578.5762	142.2449	0
68	41	284.9528	183.002	0
68	42	251.934	204.3752	0
68	43	331.1567	175.228	0
69	1	293.6289	159.3125	0
69	2	517.6558	173.3282	0
69	3	298.0117	148.1364	0
69	4	370.6252	122.4636	0
69	5	129.8927	245.9155	0
69	6	375.9383	216.9297	0
69	7	277.6988	199.6377	0
69	8	265.9556	258.242	0
69	9	540.1973	166.3074	0
69	10	186.3929	221.8253	0
69	11	585.6804	93.67557	0
69	12	524.7678	98.98645	0
69	13	333.4059	126.7542	0
69	14	489.1827	160.8414	0
69	15	529.1859	131.0729	0
69	16	378.9567	171.3571	0
69	17	461.7659	139.4707	0
69	18	509.9132	133.1888	0
69	19	213.5184	245.8883	0
69	20	324.3629	228.0926	0
69	21	8.988225	240.7831	0
69	22	58.30712	261.134	0
69	23	367.8268	156.0101	0
69	24	528.8385	114.6525	0
69	25	237.1409	263.066	0
69	26	464.2405	185.3358	0
69	27	501.3132	196.3878	0
69	28	55.93398	196.1564	0
69	29	519.2291	88.09851	0
69	30	487.0961	89.42822	0
69	31	161.1494	280.4639	0
69	32	569.8607	76.03659	0
69	33	563.5845	113.4687	0
69	34	257.7984	154.0419	0
69	35	18.80618	331.3228	0
69	36	240.0965	186.6697	0
69	37	326.8787	160.6689	0
69	38	186.0805	304.5104	0
69	39	493.1961	121.817	0
69	40	578.5546	142.2171	0
69	41	284.9523	183.0056	0
69	42	251.9442	204.3738	0
69	43	331.14	175.2838	0
70	1	293.6271	159.3201	0
70	2	517.6599	173.3228	0
70	3	298.0216	148.1304	0
70	4	370.6284	122.4668	0
70	5	129.9051	245.9094	0
70	6	375.9391	216.9365	0
70	7	277.6827	199.6656	0
70	8	265.9529	258.2512	0
70	9	540.2014	166.3013	0
70	10	186.3978	221.8289	0
70	11	585.6895	93.67627	0
70	12	524.7719	98.98215	0
70	13	333.4093	126.7556	0
70	14	489.1895	160.842	0
70	15	529.2086	131.0651	0
70	16	378.9922	171.3551	0
70	17	461.7415	139.4537	0
70	18	509.9194	133.1866	0
70	19	213.5313	245.8797	0
70	20	324.3618	228.0945	0
70	21	9.023591	240.7793	0
70	22	58.30563	261.1428	0
70	23	367.8198	155.9796	0
70	24	528.8433	114.6468	0
70	25	237.1624	263.0304	0
70	26	464.2295	185.3757	0
70	27	501.2984	196.4359	0
70	28	55.92575	196.1391	0
70	29	519.2525	88.09299	0
70	30	487.1021	89.42957	0
70	31	161.1592	280.4227	0
70	32	569.8491	76.02234	0
70	33	563.5898	113.4638	0
70	34	257.798	154.0459	0
70	35	18.80857	331.3282	0
70	36	240.0958	186.6778	0
70	37	326.9071	160.6614	0
70	38	186.0928	304.5065	0
70	39	493.1796	121.7985	0
70	40	578.5306	142.1905	0
70	41	284.9521	183.0099	0
70	42	251.9548	204.366	0
70	43	331.1191	175.3421	0
71	1	293.6273	159.3262	0
71	2	517.6642	173.3174	0
71	3	298.03	148.1268	0
71	4	370.6339	122.4691	0
71	5	129.9185	245.8997	0
71	6	375.9348	216.9533	0
71	7	277.664	199.7035	0
71	8	265.9516	258.2596	0
71	9	540.2056	166.2953	0
71	10	186.4022	221.8319	0
71	11	585.6974	93.67651	0
71	12	524.777	98.97809	0
71	13	333.4129	126.7568	0
71	14	489.1972	160.8424	0
71	15	529.2264	131.0519	0
71	16	379.0272	171.3463	0
71	17	461.7204	139.4414	0
71	18	509.9232	133.1872	0
71	19	213.5421	245.8742	0
71	20	324.3618	228.0983	0
71	21	9.075629	240.7694	0
71	22	58.31025	261.1486	0
71	23	367.8106	155.95	0
71	24	528.848	114.6416	0
71	25	237.1768	262.9967	0
71	26	464.2166	185.4049	0
71	27	501.2845	196.4629	0
71	28	55.91709	196.1246	0
71	29	519.2715	88.08264	0
71	30	487.1091	89.43094	0
71	31	161.1624	280.3824	0
71	32	569.8374	76.00854	0
71	33	563.5953	113.4594	0
71	34	257.7963	154.051	0
71	35	18.81135	331.3339	0
71	36	240.0984	186.6835	0
71	37	326.9337	160.6481	0
71	38	186.1064	304.4947	0
71	39	493.1625	121.7814	0
71	40	578.5056	142.1666	0
71	41	284.9514	183.0158	0
71	42	251.9659	204.3576	0
71	43	331.0929	175.4001	0
72	1	293.6299	159.3304	0
72	2	517.6689	173.3124	0
72	3	298.0373	148.1251	0
72	4	370.6387	122.4716	0
72	5	129.932	245.8905	0
72	6	375.9247	216.9814	0
72	7	277.6446	199.7503	0
72	8	265.9527	258.2662	0
72	9	540.2107	166.2899	0
72	10	186.4061	221.8347	0
72	11	585.704	93.6759	0
72	12	524.7829	98.97287	0
72	13	333.4169	126.7581	0
72	14	489.2043	160.8424	0
72	15	529.2405	131.0349	0
72	16	379.0586	171.3299	0
72	17	461.7044	139.4329	0
72	18	509.9245	133.1928	0
72	19	213.5513	245.8715	0
72	20	324.3617	228.1029	0
72	21	9.131406	240.7499	0
72	22	58.31596	261.154	0
72	23	367.8032	155.9213	0
72	24	528.8547	114.6362	0
72	25	237.181	262.9613	0
72	26	464.2062	185.4201	0
72	27	501.2746	196.4681	0
72	28	55.90765	196.1147	0
72	29	519.2869	88.0687	0
72	30	487.117	89.43103	0
72	31	161.1678	280.3435	0
72	32	569.8262	75.99512	0
72	33	563.6006	113.4572	0
72	34	257.7941	154.0569	0
72	35	18.81755	331.3387	0
72	36	240.1048	186.6874	0
72	37	326.9584	160.6302	0
72	38	186.1203	304.4828	0
72	39	493.1421	121.7653	0
72	40	578.4802	142.1447	0
72	41	284.9493	183.0233	0
72	42	251.9771	204.3499	0
72	43	331.0614	175.4501	0
73	1	293.6354	159.3333	0
73	2	517.6749	173.3067	0
73	3	298.0401	148.127	0
73	4	370.6433	122.4736	0
73	5	129.9464	245.8821	0
73	6	375.9145	217.0193	0
73	7	277.6258	199.8027	0
73	8	265.9572	258.2705	0
73	9	540.2169	166.2831	0
73	10	186.41	221.8374	0
73	11	585.7078	93.67117	0
73	12	524.7883	98.96957	0
73	13	333.4222	126.7592	0
73	14	489.2107	160.8419	0
73	15	529.25	131.0143	0
73	16	379.0869	171.307	0
73	17	461.6952	139.429	0
73	18	509.924	133.2048	0
73	19	213.5551	245.8735	0
73	20	324.3612	228.1093	0
73	21	9.19079	240.7201	0
73	22	58.32071	261.1586	0
73	23	367.7932	155.8932	0
73	24	528.8618	114.6301	0
73	25	237.1794	262.9266	0
73	26	464.1984	185.4203	0
73	27	501.2877	196.4631	0
73	28	55.90033	196.1086	0
73	29	519.298	88.05145	0
73	30	487.1256	89.43146	0
73	31	161.1714	280.3048	0
73	32	569.8137	75.98212	0
73	33	563.6047	113.4571	0
73	34	257.7931	154.0624	0
73	35	18.82916	331.3396	0
73	36	240.1109	186.6913	0
73	37	326.9804	160.6083	0
73	38	186.1346	304.4721	0
73	39	493.1185	121.75	0
73	40	578.4514	142.1241	0
73	41	284.9466	183.032	0
73	42	251.9907	204.3415	0
73	43	331.032	175.4842	0
74	1	293.6407	159.3364	0
74	2	517.6812	173.3014	0
74	3	298.0375	148.1344	0
74	4	370.6476	122.4752	0
74	5	129.9647	245.8709	0
74	6	375.9055	217.0655	0
74	7	277.6042	199.8632	0
74	8	265.9626	258.2742	0
74	9	540.2231	166.2775	0
74	10	186.4143	221.8402	0
74	11	585.7114	93.66614	0
74	12	524.794	98.96808	0
74	13	333.4288	126.7592	0
74	14	489.2152	160.8372	0
74	15	529.254	130.9938	0
74	16	379.1115	171.2787	0
74	17	461.6926	139.4292	0
74	18	509.9221	133.2237	0
74	19	213.5508	245.8834	0
74	20	324.3595	228.1168	0
74	21	9.251516	240.6828	0
74	22	58.32458	261.1634	0
74	23	367.7811	155.8665	0
74	24	528.8682	114.6266	0
74	25	237.1799	262.8931	0
74	26	464.2135	185.4173	0
74	27	501.3257	196.4573	0
74	28	55.89615	196.1069	0
74	29	519.3041	88.03326	0
74	30	487.1333	89.43158	0
74	31	161.1727	280.2675	0
74	32	569.8	75.97006	0
74	33	563.6071	113.461	0
74	34	257.7941	154.0665	0
74	35	18.84062	331.3414	0
74	36	240.1164	186.6945	0
74	37	326.9976	160.5854	0
74	38	186.1525	304.4592	0
74	39	493.0969	121.7362	0
74	40	578.4188	142.1046	0
74	41	284.9454	183.04	0
74	42	252.0057	204.3328	0
74	43	331.0136	175.5003	0
75	1	293.6454	159.3389	0
75	2	517.6868	173.2985	0
75	3	298.0292	148.1487	0
75	4	370.6522	122.4766	0
75	5	129.9807	245.8628	0
75	6	375.8984	217.1176	0
75	7	277.5779	199.9279	0
75	8	265.9674	258.2773	0
75	9	540.2294	166.2744	0
75	10	186.4207	221.8426	0
75	11	585.7153	93.66168	0
75	12	524.7972	98.9693	0
75	13	333.4353	126.7594	0
75	14	489.2198	160.8319	0
75	15	529.2543	130.9722	0
75	16	379.13	171.2475	0
75	17	461.6935	139.4321	0
75	18	509.9228	133.2487	0
75	19	213.5387	245.9029	0
75	20	324.3582	228.1255	0
75	21	9.3098	240.6391	0
75	22	58.32749	261.168	0
75	23	367.7679	155.8434	0
75	24	528.874	114.6254	0
75	25	237.1788	262.8599	0
75	26	464.2396	185.4124	0
75	27	501.36	196.4438	0
75	28	55.8947	196.1086	0
75	29	519.3047	88.01486	0
75	30	487.1398	89.42987	0
75	31	161.1714	280.2339	0
75	32	569.7864	75.95953	0
75	33	563.6086	113.4702	0
75	34	257.7977	154.0693	0
75	35	18.85291	331.342	0
75	36	240.1211	186.6976	0
75	37	327.01	160.562	0
75	38	186.1711	304.4468	0
75	39	493.0786	121.7265	0
75	40	578.3892	142.087	0
75	41	284.9468	183.0461	0
75	42	252.0177	204.3278	0
75	43	331.0046	175.4963	0
76	1	293.6497	159.341	0
76	2	517.6912	173.2981	0
76	3	298.0178	148.1694	0
76	4	370.6573	122.4783	0
76	5	129.9945	245.8583	0
76	6	375.8895	217.1773	0
76	7	277.5467	199.9954	0
76	8	265.9719	258.2805	0
76	9	540.2337	166.2743	0
76	10	186.43	221.8427	0
76	11	585.7208	93.65665	0
76	12	524.7984	98.97528	0
76	13	333.4416	126.7596	0
76	14	489.2246	160.8271	0
76	15	529.2514	130.9517	0
76	16	379.1412	171.217	0
76	17	461.6948	139.4356	0
76	18	509.9262	133.278	0
76	19	213.5214	245.9315	0
76	20	324.3587	228.1324	0
76	21	9.359001	240.596	0
76	22	58.33061	261.1728	0
76	23	367.7517	155.8212	0
76	24	528.8771	114.6284	0
76	25	237.1757	262.8278	0
76	26	464.2634	185.4022	0
76	27	501.3876	196.4207	0
76	28	55.89333	196.1118	0
76	29	519.3041	87.99683	0
76	30	487.1447	89.42505	0
76	31	161.1669	280.2031	0
76	32	569.7714	75.94946	0
76	33	563.6091	113.486	0
76	34	257.8021	154.0717	0
76	35	18.86807	331.3358	0
76	36	240.1258	186.7005	0
76	37	327.0201	160.5393	0
76	38	186.1861	304.4396	0
76	39	493.0653	121.7198	0
76	40	578.3647	142.0746	0
76	41	284.9518	183.0502	0
76	42	252.0267	204.3263	0
76	43	331.0377	175.4945	0
77	1	293.6543	159.343	0
77	2	517.6933	173.3024	0
77	3	298.0061	148.1961	0
77	4	370.6638	122.4795	0
77	5	130.0012	245.859	0
77	6	375.8768	217.2409	0
77	7	277.5096	200.0614	0
77	8	265.9761	258.2833	0
77	9	540.2356	166.28	0
77	10	186.4393	221.8434	0
77	11	585.7266	93.65149	0
77	12	524.798	98.987	0
77	13	333.4474	126.7566	0
77	14	489.2307	160.822	0
77	15	529.2406	130.9295	0
77	16	379.1512	171.1876	0
77	17	461.6961	139.4404	0
77	18	509.9321	133.3112	0
77	19	213.502	245.9686	0
77	20	324.3615	228.1375	0
77	21	9.406377	240.5534	0
77	22	58.33653	261.1774	0
77	23	367.7305	155.8004	0
77	24	528.8784	114.6374	0
77	25	237.1705	262.7989	0
77	26	464.2833	185.3859	0
77	27	501.4098	196.391	0
77	28	55.89151	196.1157	0
77	29	519.296	87.97757	0
77	30	487.15	89.42026	0
77	31	161.1571	280.174	0
77	32	569.7538	75.93994	0
77	33	563.6118	113.5073	0
77	34	257.806	154.0738	0
77	35	18.88626	331.3226	0
77	36	240.131	186.7036	0
77	37	327.0216	160.5155	0
77	38	186.196	304.4376	0
77	39	493.0579	121.717	0
77	40	578.3468	142.0662	0
77	41	284.9579	183.0537	0
77	42	252.0282	204.3315	0
77	43	331.0756	175.4867	0
78	1	293.6594	159.3451	0
78	2	517.6938	173.313	0
78	3	297.9946	148.2265	0
78	4	370.6718	122.4796	0
78	5	129.9959	245.8696	0
78	6	375.8596	217.3069	0
78	7	277.4681	200.1167	0
78	8	265.9807	258.2863	0
78	9	540.2364	166.2928	0
78	10	186.4487	221.8436	0
78	11	585.7319	93.64874	0
78	12	524.797	99.00464	0
78	13	333.4532	126.7522	0
78	14	489.2374	160.8163	0
78	15	529.2255	130.9071	0
78	16	379.1505	171.1573	0
78	17	461.6968	139.4465	0
78	18	509.9371	133.3491	0
78	19	213.4814	246.0102	0
78	20	324.3672	228.1409	0
78	21	9.440401	240.5121	0
78	22	58.34792	261.1782	0
78	23	367.7074	155.7813	0
78	24	528.8773	114.6541	0
78	25	237.163	262.7724	0
78	26	464.3	185.3656	0
78	27	501.4255	196.3546	0
78	28	55.88836	196.121	0
78	29	519.2821	87.95752	0
78	30	487.1557	89.41602	0
78	31	161.142	280.1469	0
78	32	569.7365	75.93112	0
78	33	563.6176	113.5333	0
78	34	257.8095	154.0759	0
78	35	18.90451	331.3098	0
78	36	240.1386	186.7062	0
78	37	327.017	160.4911	0
78	38	186.1949	304.4464	0
78	39	493.0563	121.7176	0
78	40	578.3371	142.0625	0
78	41	284.9633	183.0567	0
78	42	252.0214	204.346	0
78	43	331.1111	175.4712	0
79	1	293.6663	159.3468	0
79	2	517.6924	173.331	0
79	3	297.9826	148.2614	0
79	4	370.6797	122.4799	0
79	5	129.9789	245.8918	0
79	6	375.8365	217.3709	0
79	7	277.4325	200.1525	0
79	8	265.9866	258.2894	0
79	9	540.2357	166.3139	0
79	10	186.459	221.8392	0
79	11	585.7365	93.6481	0
79	12	524.7991	99.02753	0
79	13	333.4592	126.7481	0
79	14	489.2432	160.8131	0
79	15	529.2121	130.8857	0
79	16	379.1416	171.1259	0
79	17	461.6978	139.4536	0
79	18	509.9398	133.3891	0
79	19	213.4595	246.058	0
79	20	324.3725	228.1443	0
79	21	9.461252	240.4689	0
79	22	58.35973	261.18	0
79	23	367.6866	155.7656	0
79	24	528.8772	114.6776	0
79	25	237.1511	262.7474	0
79	26	464.3124	185.3414	0
79	27	501.4327	196.3178	0
79	28	55.88319	196.1273	0
79	29	519.2687	87.93817	0
79	30	487.1628	89.41092	0
79	31	161.1267	280.1232	0
79	32	569.7214	75.92404	0
79	33	563.6262	113.561	0
79	34	257.8126	154.0777	0
79	35	18.92332	331.2981	0
79	36	240.1492	186.7066	0
79	37	327.0123	160.4677	0
79	38	186.1829	304.469	0
79	39	493.0573	121.72	0
79	40	578.335	142.0632	0
79	41	284.9684	183.0596	0
79	42	252.0056	204.3718	0
79	43	331.1441	175.4484	0
80	1	293.6752	159.347	0
80	2	517.6926	173.3553	0
80	3	297.9676	148.3003	0
80	4	370.6873	122.4802	0
80	5	129.952	245.9262	0
80	6	375.8088	217.4238	0
80	7	277.4126	200.1675	0
80	8	265.9949	258.2899	0
80	9	540.2379	166.342	0
80	10	186.4699	221.8311	0
80	11	585.7393	93.65143	0
80	12	524.804	99.05374	0
80	13	333.466	126.7442	0
80	14	489.2484	160.8121	0
80	15	529.1977	130.8644	0
80	16	379.1316	171.0957	0
80	17	461.6999	139.4602	0
80	18	509.939	133.4305	0
80	19	213.434	246.1116	0
80	20	324.3773	228.1471	0
80	21	9.475064	240.4267	0
80	22	58.37216	261.1804	0
80	23	367.669	155.7549	0
80	24	528.8807	114.7074	0
80	25	237.1346	262.724	0
80	26	464.3188	185.3177	0
80	27	501.4356	196.2806	0
80	28	55.87785	196.1346	0
80	29	519.2556	87.91919	0
80	30	487.1702	89.40665	0
80	31	161.1115	280.1069	0
80	32	569.7098	75.91916	0
80	33	563.6359	113.5939	0
80	34	257.816	154.0794	0
80	35	18.94731	331.283	0
80	36	240.1599	186.7074	0
80	37	327.0079	160.4446	0
80	38	186.1587	304.5075	0
80	39	493.0585	121.723	0
80	40	578.3366	142.0663	0
80	41	284.9732	183.0621	0
80	42	251.9861	204.4073	0
80	43	331.1741	175.4199	0
81	1	293.6841	159.3474	0
81	2	517.6953	173.3853	0
81	3	297.9497	148.341	0
81	4	370.694	122.4768	0
81	5	129.9209	245.9714	0
81	6	375.7844	217.4573	0
81	7	277.4083	200.161	0
81	8	266.004	258.2909	0
81	9	540.2435	166.3758	0
81	10	186.4812	221.8233	0
81	11	585.7418	93.66034	0
81	12	524.8109	99.08374	0
81	13	333.474	126.7394	0
81	14	489.2509	160.8149	0
81	15	529.1815	130.8441	0
81	16	379.1233	171.0659	0
81	17	461.7039	139.4651	0
81	18	509.9333	133.4692	0
81	19	213.405	246.1675	0
81	20	324.3818	228.1497	0
81	21	9.492154	240.3858	0
81	22	58.38634	261.1767	0
81	23	367.6571	155.7486	0
81	24	528.888	114.7408	0
81	25	237.1185	262.7035	0
81	26	464.323	185.2929	0
81	27	501.4332	196.2458	0
81	28	55.87503	196.1403	0
81	29	519.2407	87.90091	0
81	30	487.1768	89.40463	0
81	31	161.0995	280.0963	0
81	32	569.7023	75.91635	0
81	33	563.6437	113.6295	0
81	34	257.8204	154.0814	0
81	35	18.97003	331.2704	0
81	36	240.1704	186.708	0
81	37	327.0015	160.4223	0
81	38	186.1299	304.5593	0
81	39	493.06	121.7271	0
81	40	578.3387	142.0701	0
81	41	284.9785	183.0645	0
81	42	251.9648	204.452	0
81	43	331.1989	175.3869	0
82	1	293.6929	159.3477	0
82	2	517.7004	173.4174	0
82	3	297.9279	148.3824	0
82	4	370.7005	122.4715	0
82	5	129.8864	246.0245	0
82	6	375.7702	217.4701	0
82	7	277.4498	200.1588	0
82	8	266.013	258.2907	0
82	9	540.2524	166.4138	0
82	10	186.4931	221.8163	0
82	11	585.7429	93.67621	0
82	12	524.8167	99.11771	0
82	13	333.4811	126.7363	0
82	14	489.2513	160.8235	0
82	15	529.1644	130.8259	0
82	16	379.1123	171.0368	0
82	17	461.7103	139.4684	0
82	18	509.9236	133.4991	0
82	19	213.3715	246.2246	0
82	20	324.3865	228.1522	0
82	21	9.506648	240.3454	0
82	22	58.40361	261.1653	0
82	23	367.6515	155.7473	0
82	24	528.8967	114.7796	0
82	25	237.1032	262.6892	0
82	26	464.3222	185.2691	0
82	27	501.4191	196.2087	0
82	28	55.87462	196.1445	0
82	29	519.2242	87.88416	0
82	30	487.1817	89.40491	0
82	31	161.0921	280.0921	0
82	32	569.6995	75.91602	0
82	33	563.6489	113.6667	0
82	34	257.8269	154.0818	0
82	35	18.98849	331.2631	0
82	36	240.1814	186.7033	0
82	37	326.9936	160.4016	0
82	38	186.0983	304.6231	0
82	39	493.0609	121.7322	0
82	40	578.3413	142.0753	0
82	41	284.985	183.0673	0
82	42	251.9437	204.4999	0
82	43	331.2149	175.3549	0
83	1	293.7014	159.3437	0
83	2	517.7061	173.4553	0
83	3	297.902	148.4191	0
83	4	370.7073	122.4666	0
83	5	129.8496	246.0852	0
83	6	375.7693	217.4639	0
83	7	277.4927	200.1483	0
83	8	266.0219	258.2888	0
83	9	540.2612	166.4575	0
83	10	186.5077	221.8073	0
83	11	585.7465	93.69806	0
83	12	524.8201	99.15332	0
83	13	333.4875	126.7349	0
83	14	489.2491	160.8391	0
83	15	529.1468	130.8093	0
83	16	379.099	171.0094	0
83	17	461.7171	139.4714	0
83	18	509.914	133.5162	0
83	19	213.3338	246.2765	0
83	20	324.3917	228.1549	0
83	21	9.518766	240.3062	0
83	22	58.42127	261.1538	0
83	23	367.6508	155.7496	0
83	24	528.9034	114.8221	0
83	25	237.0914	262.6799	0
83	26	464.3137	185.2439	0
83	27	501.3984	196.1716	0
83	28	55.87803	196.1473	0
83	29	519.2076	87.86935	0
83	30	487.1834	89.40948	0
83	31	161.0899	280.0934	0
83	32	569.6997	75.9173	0
83	33	563.6498	113.7029	0
83	34	257.8341	154.0826	0
83	35	18.9988	331.2619	0
83	36	240.1928	186.6947	0
83	37	326.9844	160.3833	0
83	38	186.0657	304.6953	0
83	39	493.0623	121.7381	0
83	40	578.3437	142.0819	0
83	41	284.9942	183.0678	0
83	42	251.9202	204.5564	0
83	43	331.2305	175.3234	0
84	1	293.7101	159.3371	0
84	2	517.7098	173.4961	0
84	3	297.8765	148.4457	0
84	4	370.7149	122.462	0
84	5	129.8071	246.1535	0
84	6	375.8075	217.4608	0
84	7	277.5336	200.1285	0
84	8	266.0309	258.281	0
84	9	540.2675	166.5038	0
84	10	186.5213	221.8005	0
84	11	585.7543	93.72534	0
84	12	524.8201	99.19	0
84	13	333.4908	126.7361	0
84	14	489.2473	160.8611	0
84	15	529.1265	130.7937	0
84	16	379.085	170.9855	0
84	17	461.7231	139.4738	0
84	18	509.9071	133.5205	0
84	19	213.2979	246.3155	0
84	20	324.3986	228.157	0
84	21	9.527059	240.2715	0
84	22	58.43924	261.1433	0
84	23	367.6512	155.7533	0
84	24	528.9069	114.8667	0
84	25	237.0843	262.6761	0
84	26	464.3015	185.2189	0
84	27	501.3806	196.1359	0
84	28	55.88146	196.1501	0
84	29	519.1887	87.85526	0
84	30	487.1829	89.41968	0
84	31	161.0887	280.0979	0
84	32	569.7006	75.9191	0
84	33	563.6459	113.7322	0
84	34	257.8412	154.0827	0
84	35	18.99295	331.2736	0
84	36	240.2043	186.6864	0
84	37	326.9724	160.3659	0
84	38	186.0284	304.7778	0
84	39	493.0648	121.7432	0
84	40	578.3471	142.0895	0
84	41	285.0043	183.0686	0
84	42	251.8924	204.6178	0
84	43	331.2357	175.2921	0
85	1	293.719	159.3308	0
85	2	517.7108	173.5387	0
85	3	297.8593	148.4594	0
85	4	370.7239	122.4562	0
85	5	129.7599	246.2249	0
85	6	375.8451	217.4497	0
85	7	277.5727	200.1008	0
85	8	266.0404	258.2728	0
85	9	540.2704	166.5519	0
85	10	186.5327	221.7969	0
85	11	585.7664	93.75552	0
85	12	524.8149	99.22308	0
85	13	333.4895	126.7418	0
85	14	489.2476	160.8889	0
85	15	529.103	130.7788	0
85	16	379.0681	170.9625	0
85	17	461.7289	139.4763	0
85	18	509.9131	133.5172	0
85	19	213.2737	246.3363	0
85	20	324.4073	228.1572	0
85	21	9.531325	240.239	0
85	22	58.46165	261.1307	0
85	23	367.6513	155.758	0
85	24	528.906	114.9115	0
85	25	237.0822	262.6771	0
85	26	464.2913	185.1949	0
85	27	501.3615	196.1003	0
85	28	55.88436	196.1525	0
85	29	519.1664	87.84183	0
85	30	487.1801	89.43655	0
85	31	161.0875	280.1033	0
85	32	569.7017	75.92142	0
85	33	563.6395	113.7505	0
85	34	257.8482	154.0819	0
85	35	18.97063	331.3011	0
85	36	240.2168	186.679	0
85	37	326.9562	160.3495	0
85	38	185.9854	304.8654	0
85	39	493.0688	121.747	0
85	40	578.3514	142.0963	0
85	41	285.0142	183.0685	0
85	42	251.86	204.682	0
85	43	331.2311	175.259	0
86	1	293.7287	159.3251	0
86	2	517.7076	173.5802	0
86	3	297.8516	148.4595	0
86	4	370.732	122.4524	0
86	5	129.7067	246.2986	0
86	6	375.879	217.4295	0
86	7	277.609	200.0665	0
86	8	266.05	258.2654	0
86	9	540.2681	166.5978	0
86	10	186.5391	221.7974	0
86	11	585.78	93.79074	0
86	12	524.8066	99.24731	0
86	13	333.4839	126.7528	0
86	14	489.2501	160.9189	0
86	15	529.081	130.7654	0
86	16	379.0456	170.9408	0
86	17	461.7346	139.4783	0
86	18	509.9401	133.5143	0
86	19	213.2632	246.3378	0
86	20	324.4161	228.1578	0
86	21	9.528092	240.2085	0
86	22	58.4849	261.1187	0
86	23	367.6512	155.7642	0
86	24	528.899	114.95	0
86	25	237.0816	262.681	0
86	26	464.2796	185.1711	0
86	27	501.3397	196.066	0
86	28	55.88669	196.1546	0
86	29	519.1443	87.82953	0
86	30	487.1787	89.45914	0
86	31	161.0852	280.1107	0
86	32	569.7031	75.92444	0
86	33	563.6337	113.7578	0
86	34	257.8555	154.077	0
86	35	18.9324	331.3453	0
86	36	240.2324	186.6692	0
86	37	326.9395	160.3344	0
86	38	185.9366	304.9564	0
86	39	493.0747	121.7496	0
86	40	578.3575	142.1013	0
86	41	285.0239	183.067	0
86	42	251.8221	204.7456	0
86	43	331.223	175.2269	0
87	1	293.7404	159.3177	0
87	2	517.6999	173.6145	0
87	3	297.8692	148.4572	0
87	4	370.7397	122.4506	0
87	5	129.648	246.3672	0
87	6	375.9094	217.4017	0
87	7	277.6392	200.0285	0
87	8	266.0618	258.2569	0
87	9	540.2609	166.6347	0
87	10	186.5361	221.8058	0
87	11	585.7917	93.82907	0
87	12	524.7984	99.26016	0
87	13	333.4757	126.7695	0
87	14	489.2535	160.9541	0
87	15	529.0624	130.7557	0
87	16	379.0223	170.9209	0
87	17	461.7407	139.4803	0
87	18	509.9646	133.5068	0
87	19	213.281	246.3336	0
87	20	324.4246	228.158	0
87	21	9.51881	240.1801	0
87	22	58.50315	261.1119	0
87	23	367.65	155.7714	0
87	24	528.8889	114.9764	0
87	25	237.0811	262.6855	0
87	26	464.2661	185.1483	0
87	27	501.3161	196.0349	0
87	28	55.88889	196.1566	0
87	29	519.1252	87.81992	0
87	30	487.1796	89.48615	0
87	31	161.0807	280.1202	0
87	32	569.7044	75.92773	0
87	33	563.6282	113.7536	0
87	34	257.8629	154.0717	0
87	35	18.88591	331.4044	0
87	36	240.2467	186.6618	0
87	37	326.9244	160.3229	0
87	38	185.8813	305.045	0
87	39	493.0805	121.7521	0
87	40	578.3655	142.1046	0
87	41	285.0335	183.0598	0
87	42	251.78	204.7999	0
87	43	331.2176	175.1956	0
88	1	293.7511	159.3127	0
88	2	517.6909	173.6365	0
88	3	297.898	148.4529	0
88	4	370.7439	122.4518	0
88	5	129.5903	246.4214	0
88	6	375.936	217.3674	0
88	7	277.6607	199.9911	0
88	8	266.0746	258.2483	0
88	9	540.2522	166.6572	0
88	10	186.5239	221.8237	0
88	11	585.8004	93.86929	0
88	12	524.7919	99.26157	0
88	13	333.4673	126.7911	0
88	14	489.2553	160.993	0
88	15	529.0486	130.7492	0
88	16	379.0016	170.9049	0
88	17	461.748	139.4826	0
88	18	509.9842	133.4934	0
88	19	213.3148	246.3273	0
88	20	324.4327	228.1536	0
88	21	9.508759	240.1556	0
88	22	58.51495	261.1101	0
88	23	367.6496	155.7794	0
88	24	528.8805	114.989	0
88	25	237.0798	262.692	0
88	26	464.2518	185.1281	0
88	27	501.2921	196.0066	0
88	28	55.89157	196.1587	0
88	29	519.1105	87.81329	0
88	30	487.183	89.51529	0
88	31	161.0756	280.1312	0
88	32	569.7064	75.93127	0
88	33	563.6539	113.7525	0
88	34	257.8706	154.067	0
88	35	18.83277	331.4755	0
88	36	240.2593	186.658	0
88	37	326.9119	160.3151	0
88	38	185.8226	305.1199	0
88	39	493.0859	121.7541	0
88	40	578.3732	142.1077	0
88	41	285.0436	183.0521	0
88	42	251.7433	204.8366	0
88	43	331.2097	175.1649	0
89	1	293.7606	159.3102	0
89	2	517.6838	173.6453	0
89	3	297.9261	148.4434	0
89	4	370.7431	122.4582	0
89	5	129.5496	246.4525	0
89	6	375.9558	217.3302	0
89	7	277.681	199.9552	0
89	8	266.0849	258.2434	0
89	9	540.2453	166.6646	0
89	10	186.504	221.8521	0
89	11	585.8046	93.90903	0
89	12	524.8035	99.25922	0
89	13	333.459	126.8154	0
89	14	489.2544	161.0336	0
89	15	529.0407	130.7462	0
89	16	378.9843	170.894	0
89	17	461.7565	139.4831	0
89	18	509.9998	133.4758	0
89	19	213.3494	246.3143	0
89	20	324.4406	228.146	0
89	21	9.496201	240.1389	0
89	22	58.51231	261.1187	0
89	23	367.6511	155.7856	0
89	24	528.8721	114.9869	0
89	25	237.0771	262.7	0
89	26	464.2363	185.1093	0
89	27	501.2641	195.9798	0
89	28	55.89617	196.1605	0
89	29	519.1013	87.80972	0
89	30	487.1862	89.54977	0
89	31	161.0728	280.1407	0
89	32	569.709	75.93402	0
89	33	563.6768	113.7471	0
89	34	257.8801	154.0617	0
89	35	18.77541	331.5563	0
89	36	240.2662	186.6584	0
89	37	326.9039	160.311	0
89	38	185.775	305.1688	0
89	39	493.091	121.7562	0
89	40	578.3803	142.1102	0
89	41	285.0539	183.0452	0
89	42	251.7213	204.8533	0
89	43	331.1994	175.1354	0
90	1	293.7658	159.3112	0
90	2	517.6785	173.6407	0
90	3	297.9526	148.4284	0
90	4	370.738	122.4709	0
90	5	129.5328	246.4593	0
90	6	375.9681	217.2935	0
90	7	277.6884	199.9185	0
90	8	266.0923	258.242	0
90	9	540.2463	166.6603	0
90	10	186.4807	221.8895	0
90	11	585.8029	93.94214	0
90	12	524.8289	99.25607	0
90	13	333.451	126.843	0
90	14	489.2499	161.0743	0
90	15	529.0385	130.7466	0
90	16	378.9729	170.8877	0
90	17	461.7661	139.4839	0
90	18	510.011	133.4539	0
90	19	213.3836	246.2933	0
90	20	324.4489	228.1388	0
90	21	9.486127	240.128	0
90	22	58.4944	261.1409	0
90	23	367.6552	155.7899	0
90	24	528.8967	114.9853	0
90	25	237.0739	262.7094	0
90	26	464.2176	185.0916	0
90	27	501.2309	195.9544	0
90	28	55.90376	196.1606	0
90	29	519.0978	87.80951	0
90	30	487.1871	89.58679	0
90	31	161.0729	280.1479	0
90	32	569.7129	75.93576	0
90	33	563.6951	113.7365	0
90	34	257.8905	154.0562	0
90	35	18.71008	331.6479	0
90	36	240.2635	186.6674	0
90	37	326.9007	160.3107	0
90	38	185.7501	305.1884	0
90	39	493.0962	121.7579	0
90	40	578.3871	142.1127	0
90	41	285.0664	183.0374	0
90	42	251.7118	204.8475	0
90	43	331.1878	175.1096	0
91	1	293.7639	159.3188	0
91	2	517.7044	173.6392	0
91	3	297.9772	148.4095	0
91	4	370.7298	122.4905	0
91	5	129.5486	246.4536	0
91	6	375.9787	217.2584	0
91	7	277.686	199.8806	0
91	8	266.0933	258.2473	0
91	9	540.2755	166.6577	0
91	10	186.4552	221.9332	0
91	11	585.7974	93.96362	0
91	12	524.8515	99.24881	0
91	13	333.441	126.8746	0
91	14	489.2407	161.1095	0
91	15	529.0392	130.7491	0
91	16	378.9681	170.8864	0
91	17	461.7749	139.4841	0
91	18	510.0162	133.4315	0
91	19	213.4167	246.2671	0
91	20	324.4579	228.1322	0
91	21	9.479991	240.1242	0
91	22	58.46014	261.1785	0
91	23	367.6617	155.7929	0
91	24	528.9261	114.98	0
91	25	237.0724	262.7176	0
91	26	464.1962	185.0751	0
91	27	501.2	195.9315	0
91	28	55.91126	196.161	0
91	29	519.0981	87.81143	0
91	30	487.1847	89.62555	0
91	31	161.0774	280.1528	0
91	32	569.7174	75.93719	0
91	33	563.709	113.7219	0
91	34	257.8989	154.0531	0
91	35	18.63843	331.7442	0
91	36	240.2518	186.6866	0
91	37	326.9004	160.313	0
91	38	185.7494	305.18	0
91	39	493.1018	121.7596	0
91	40	578.3941	142.1147	0
91	41	285.0802	183.0294	0
91	42	251.7486	204.8454	0
91	43	331.1737	175.0851	0
92	1	293.7556	159.3343	0
92	2	517.7283	173.6325	0
92	3	297.9987	148.3866	0
92	4	370.722	122.5161	0
92	5	129.593	246.4473	0
92	6	375.9777	217.2224	0
92	7	277.6813	199.8441	0
92	8	266.0873	258.262	0
92	9	540.3016	166.6494	0
92	10	186.4287	221.9822	0
92	11	585.7918	93.9733	0
92	12	524.8691	99.23639	0
92	13	333.4286	126.9077	0
92	14	489.2299	161.1338	0
92	15	529.0403	130.7521	0
92	16	378.9681	170.8888	0
92	17	461.7825	139.4832	0
92	18	510.0175	133.4091	0
92	19	213.447	246.2359	0
92	20	324.4688	228.1237	0
92	21	9.478231	240.1259	0
92	22	58.41775	261.2294	0
92	23	367.6676	155.7961	0
92	24	528.9508	114.9689	0
92	25	237.0735	262.7238	0
92	26	464.1765	185.0605	0
92	27	501.1737	195.915	0
92	28	55.91911	196.1613	0
92	29	519.0992	87.81406	0
92	30	487.1776	89.66266	0
92	31	161.0827	280.157	0
92	32	569.7213	75.93866	0
92	33	563.7184	113.7038	0
92	34	257.9052	154.0522	0
92	35	18.55967	331.8439	0
92	36	240.232	186.7169	0
92	37	326.9005	160.3161	0
92	38	185.7966	305.1757	0
92	39	493.1084	121.7614	0
92	40	578.4017	142.1169	0
92	41	285.0912	183.0251	0
92	42	251.79	204.8361	0
92	43	331.1538	175.0622	0
93	1	293.7422	159.3582	0
93	2	517.7481	173.6202	0
93	3	298.0141	148.3642	0
93	4	370.7147	122.545	0
93	5	129.6403	246.4322	0
93	6	375.968	217.1854	0
93	7	277.6788	199.8081	0
93	8	266.0738	258.2877	0
93	9	540.3221	166.6345	0
93	10	186.398	222.0384	0
93	11	585.7829	93.96945	0
93	12	524.8827	99.22046	0
93	13	333.4129	126.9419	0
93	14	489.2215	161.1454	0
93	15	529.0417	130.756	0
93	16	378.969	170.8924	0
93	17	461.7885	139.4772	0
93	18	510.0161	133.3878	0
93	19	213.4709	246.2051	0
93	20	324.4789	228.1174	0
93	21	9.476736	240.1305	0
93	22	58.36921	261.2919	0
93	23	367.6731	155.7987	0
93	24	528.9702	114.9522	0
93	25	237.0779	262.728	0
93	26	464.1597	185.0504	0
93	27	501.1539	195.9038	0
93	28	55.92866	196.1576	0
93	29	519.1003	87.81735	0
93	30	487.166	89.69205	0
93	31	161.0873	280.1607	0
93	32	569.7252	75.93985	0
93	33	563.723	113.6839	0
93	34	257.9061	154.0555	0
93	35	18.47457	331.9392	0
93	36	240.21	186.7569	0
93	37	326.9003	160.3201	0
93	38	185.8473	305.1599	0
93	39	493.116	121.7618	0
93	40	578.4105	142.1192	0
93	41	285.0996	183.0239	0
93	42	251.8303	204.8185	0
93	43	331.1313	175.0409	0
94	1	293.7278	159.3897	0
94	2	517.764	173.603	0
94	3	298.028	148.3418	0
94	4	370.7083	122.5778	0
94	5	129.6886	246.4066	0
94	6	375.9577	217.15	0
94	7	277.6734	199.773	0
94	8	266.0575	258.3228	0
94	9	540.338	166.6143	0
94	10	186.3634	222.0977	0
94	11	585.8111	93.9689	0
94	12	524.8917	99.2009	0
94	13	333.3936	126.9729	0
94	14	489.2138	161.143	0
94	15	529.043	130.761	0
94	16	378.9697	170.897	0
94	17	461.7944	139.4709	0
94	18	510.0063	133.365	0
94	19	213.4927	246.1728	0
94	20	324.4879	228.1142	0
94	21	9.474559	240.1361	0
94	22	58.31752	261.3623	0
94	23	367.6783	155.8009	0
94	24	528.9847	114.9312	0
94	25	237.0832	262.7317	0
94	26	464.1476	185.0438	0
94	27	501.1426	195.8986	0
94	28	55.93961	196.1513	0
94	29	519.1016	87.82169	0
94	30	487.1543	89.70969	0
94	31	161.0915	280.1643	0
94	32	569.7289	75.94073	0
94	33	563.721	113.6642	0
94	34	257.9014	154.0646	0
94	35	18.39018	332.018	0
94	36	240.1867	186.8042	0
94	37	326.8995	160.3253	0
94	38	185.8975	305.1316	0
94	39	493.1243	121.7625	0
94	40	578.4197	142.1196	0
94	41	285.1011	183.0288	0
94	42	251.8696	204.793	0
94	43	331.1108	175.0229	0
95	1	293.7129	159.4256	0
95	2	517.7758	173.5818	0
95	3	298.0356	148.3203	0
95	4	370.6999	122.6154	0
95	5	129.7366	246.3736	0
95	6	375.9488	217.1149	0
95	7	277.6654	199.7395	0
95	8	266.04	258.3666	0
95	9	540.3489	166.5893	0
95	10	186.3239	222.1591	0
95	11	585.8374	93.96378	0
95	12	524.8947	99.18146	0
95	13	333.3737	126.9958	0
95	14	489.2343	161.1412	0
95	15	529.0446	130.7667	0
95	16	378.9698	170.9035	0
95	17	461.8007	139.4653	0
95	18	509.9914	133.3417	0
95	19	213.5076	246.1422	0
95	20	324.4932	228.1148	0
95	21	9.470138	240.1442	0
95	22	58.25871	261.4431	0
95	23	367.6839	155.8029	0
95	24	528.9936	114.9063	0
95	25	237.0877	262.7348	0
95	26	464.1409	185.0412	0
95	27	501.1394	195.8987	0
95	28	55.9507	196.1453	0
95	29	519.1029	87.82645	0
95	30	487.1458	89.71579	0
95	31	161.0953	280.1677	0
95	32	569.7332	75.94144	0
95	33	563.7189	113.6447	0
95	34	257.8903	154.081	0
95	35	18.32807	332.0668	0
95	36	240.1629	186.858	0
95	37	326.898	160.3313	0
95	38	185.9474	305.0928	0
95	39	493.1317	121.7628	0
95	40	578.4302	142.1205	0
95	41	285.0954	183.0424	0
95	42	251.9067	204.7616	0
95	43	331.0927	175.0105	0
96	1	293.6982	159.4662	0
96	2	517.7829	173.5587	0
96	3	298.035	148.297	0
96	4	370.6888	122.655	0
96	5	129.7832	246.3333	0
96	6	375.9371	217.0808	0
96	7	277.6556	199.7104	0
96	8	266.0227	258.4139	0
96	9	540.3536	166.5626	0
96	10	186.2794	222.217	0
96	11	585.8582	93.95325	0
96	12	524.8953	99.16193	0
96	13	333.359	127.0082	0
96	14	489.259	161.136	0
96	15	529.0471	130.7719	0
96	16	378.969	170.9109	0
96	17	461.8089	139.459	0
96	18	509.9781	133.3194	0
96	19	213.5129	246.11	0
96	20	324.492	228.1229	0
96	21	9.462219	240.1541	0
96	22	58.19317	261.5292	0
96	23	367.6902	155.8052	0
96	24	528.9943	114.8822	0
96	25	237.0919	262.7379	0
96	26	464.1395	185.0421	0
96	27	501.1406	195.9024	0
96	28	55.96215	196.1399	0
96	29	519.1049	87.83133	0
96	30	487.1437	89.71164	0
96	31	161.0995	280.1712	0
96	32	569.7378	75.94235	0
96	33	563.7094	113.6243	0
96	34	257.8768	154.1034	0
96	35	18.30038	332.0826	0
96	36	240.1346	186.9192	0
96	37	326.8974	160.3374	0
96	38	185.9957	305.045	0
96	39	493.1379	121.7615	0
96	40	578.4391	142.1206	0
96	41	285.0817	183.0664	0
96	42	251.9387	204.7262	0
96	43	331.0801	175.0027	0
97	1	293.6805	159.5128	0
97	2	517.7837	173.5356	0
97	3	298.0303	148.274	0
97	4	370.6738	122.696	0
97	5	129.8221	246.2923	0
97	6	375.9229	217.0484	0
97	7	277.6425	199.6824	0
97	8	266.0034	258.4695	0
97	9	540.3527	166.5363	0
97	10	186.2347	222.2629	0
97	11	585.8731	93.93796	0
97	12	524.8917	99.14331	0
97	13	333.3512	127.0096	0
97	14	489.2805	161.1256	0
97	15	529.0508	130.7758	0
97	16	378.9692	170.9191	0
97	17	461.8177	139.4524	0
97	18	509.9643	133.2972	0
97	19	213.5127	246.0784	0
97	20	324.4851	228.1401	0
97	21	9.45318	240.1658	0
97	22	58.12088	261.6185	0
97	23	367.6982	155.8068	0
97	24	528.9949	114.8584	0
97	25	237.0958	262.7408	0
97	26	464.14	185.045	0
97	27	501.1425	195.9068	0
97	28	55.97654	196.1329	0
97	29	519.1081	87.83508	0
97	30	487.1725	89.71021	0
97	31	161.1055	280.1747	0
97	32	569.7429	75.9429	0
97	33	563.694	113.6029	0
97	34	257.8625	154.1314	0
97	35	18.31127	332.0739	0
97	36	240.1021	186.9834	0
97	37	326.8985	160.342	0
97	38	186.0372	304.9928	0
97	39	493.1424	121.7565	0
97	40	578.4462	142.119	0
97	41	285.0651	183.0993	0
97	42	251.9621	204.6912	0
97	43	331.0738	175.0004	0
98	1	293.6595	159.5619	0
98	2	517.7841	173.5127	0
98	3	298.0278	148.2518	0
98	4	370.6541	122.7336	0
98	5	129.8572	246.2509	0
98	6	375.9079	217.02	0
98	7	277.6226	199.6559	0
98	8	265.9804	258.5294	0
98	9	540.3504	166.5112	0
98	10	186.2017	222.2901	0
98	11	585.8829	93.9187	0
98	12	524.8804	99.1228	0
98	13	333.3616	127.007	0
98	14	489.2983	161.1101	0
98	15	529.0563	130.7785	0
98	16	378.9713	170.9254	0
98	17	461.8254	139.4488	0
98	18	509.9487	133.2759	0
98	19	213.5145	246.0479	0
98	20	324.4737	228.1669	0
98	21	9.447769	240.1754	0
98	22	58.04194	261.7055	0
98	23	367.7079	155.8069	0
98	24	528.9878	114.8347	0
98	25	237.1003	262.7437	0
98	26	464.1408	185.0485	0
98	27	501.1445	195.9131	0
98	28	55.98934	196.1278	0
98	29	519.1131	87.83752	0
98	30	487.1993	89.70428	0
98	31	161.1151	280.175	0
98	32	569.7486	75.94296	0
98	33	563.6781	113.5822	0
98	34	257.8484	154.1627	0
98	35	18.36425	332.0668	0
98	36	240.0638	187.05	0
98	37	326.902	160.3452	0
98	38	186.0702	304.941	0
98	39	493.1472	121.7514	0
98	40	578.4504	142.1125	0
98	41	285.0475	183.1407	0
98	42	251.9846	204.656	0
98	43	331.073	175.0022	0
99	1	293.6339	159.6127	0
99	2	517.7771	173.4893	0
99	3	298.0239	148.2298	0
99	4	370.6328	122.7619	0
99	5	129.8843	246.2122	0
99	6	375.8897	216.9928	0
99	7	277.6007	199.6317	0
99	8	265.9533	258.5917	0
99	9	540.3393	166.4849	0
99	10	186.1859	222.2973	0
99	11	585.8868	93.89651	0
99	12	524.8651	99.10214	0
99	13	333.386	127.004	0
99	14	489.3127	161.0908	0
99	15	529.0621	130.7808	0
99	16	378.9762	170.9297	0
99	17	461.8315	139.4478	0
99	18	509.9315	133.2565	0
99	19	213.5148	246.0175	0
99	20	324.4617	228.2022	0
99	21	9.446318	240.1825	0
99	22	57.961	261.7787	0
99	23	367.7174	155.8073	0
99	24	528.9724	114.8092	0
99	25	237.1061	262.7467	0
99	26	464.1418	185.0532	0
99	27	501.146	195.9213	0
99	28	55.99994	196.1252	0
99	29	519.1189	87.83954	0
99	30	487.2219	89.69308	0
99	31	161.125	280.1762	0
99	32	569.754	75.94312	0
99	33	563.6631	113.562	0
99	34	257.8325	154.199	0
99	35	18.4237	332.0477	0
99	36	240.0194	187.1123	0
99	37	326.907	160.3477	0
99	38	186.1003	304.8918	0
99	39	493.1523	121.7469	0
99	40	578.4547	142.106	0
99	41	285.0305	183.1849	0
99	42	251.996	204.6208	0
99	43	331.0736	175.0059	0
100	1	293.6035	159.6598	0
100	2	517.7641	173.4651	0
100	3	298.0181	148.2088	0
100	4	370.6164	122.7774	0
100	5	129.8983	246.1715	0
100	6	375.8654	216.9672	0
100	7	277.5807	199.6121	0
100	8	265.9214	258.6534	0
100	9	540.3221	166.4579	0
100	10	186.1945	222.2915	0
100	11	585.8829	93.87518	0
100	12	524.852	99.08234	0
100	13	333.4099	126.9971	0
100	14	489.3225	161.0685	0
100	15	529.0673	130.7828	0
100	16	378.983	170.9329	0
100	17	461.8338	139.4518	0
100	18	509.9143	133.239	0
100	19	213.513	245.9884	0
100	20	324.4496	228.2431	0
100	21	9.450519	240.1873	0
100	22	57.89719	261.826	0
100	23	367.7266	155.8075	0
100	24	528.9543	114.7841	0
100	25	237.1145	262.7471	0
100	26	464.1422	185.0589	0
100	27	501.1479	195.931	0
100	28	56.00517	196.1259	0
100	29	519.124	87.84152	0
100	30	487.2406	89.67783	0
100	31	161.1352	280.1761	0
100	32	569.7587	75.94324	0
100	33	563.6464	113.5425	0
100	34	257.8134	154.2383	0
100	35	18.48658	332.0144	0
100	36	239.9736	187.1616	0
100	37	326.9114	160.35	0
100	38	186.1157	304.842	0
100	39	493.1589	121.7415	0
100	40	578.4595	142.1001	0
100	41	285.0117	183.2371	0
100	42	251.9971	204.5843	0
100	43	331.074	175.0105	0
101	1	293.5719	159.6958	0
101	2	517.7502	173.4417	0
101	3	298.011	148.1902	0
101	4	370.607	122.78	0
101	5	129.9037	246.1309	0
101	6	375.8406	216.9439	0
101	7	277.563	199.5988	0
101	8	265.886	258.7059	0
101	9	540.3057	166.432	0
101	10	186.2322	222.2869	0
101	11	585.8796	93.85431	0
101	12	524.8376	99.06262	0
101	13	333.4321	126.9855	0
101	14	489.3258	161.0467	0
101	15	529.0723	130.7847	0
101	16	378.989	170.9362	0
101	17	461.8333	139.4628	0
101	18	509.8944	133.2224	0
101	19	213.5094	245.9622	0
101	20	324.4381	228.2892	0
101	21	9.455314	240.1919	0
101	22	57.86502	261.8449	0
101	23	367.7348	155.8027	0
101	24	528.9386	114.7598	0
101	25	237.1235	262.7481	0
101	26	464.143	185.0656	0
101	27	501.1513	195.9398	0
101	28	56.00058	196.1328	0
101	29	519.1289	87.8432	0
101	30	487.2551	89.65884	0
101	31	161.146	280.1726	0
101	32	569.7617	75.94083	0
101	33	563.6279	113.5241	0
101	34	257.791	154.2793	0
101	35	18.55177	331.9703	0
101	36	239.9391	187.1903	0
101	37	326.9155	160.3521	0
101	38	186.1198	304.7915	0
101	39	493.1658	121.7365	0
101	40	578.4659	142.0932	0
101	41	284.9887	183.2938	0
101	42	251.9944	204.5488	0
101	43	331.0738	175.017	0
102	1	293.5484	159.7163	0
102	2	517.7375	173.4188	0
102	3	298.0023	148.1728	0
102	4	370.6167	122.7766	0
102	5	129.9109	246.0919	0
102	6	375.8185	216.9254	0
102	7	277.551	199.591	0
102	8	265.8555	258.7411	0
102	9	540.2896	166.4063	0
102	10	186.272	222.2752	0
102	11	585.8684	93.83282	0
102	12	524.8215	99.04385	0
102	13	333.4525	126.9707	0
102	14	489.3286	161.0244	0
102	15	529.0775	130.7861	0
102	16	378.9946	170.9391	0
102	17	461.8288	139.4824	0
102	18	509.8707	133.2066	0
102	19	213.5034	245.9381	0
102	20	324.4242	228.3419	0
102	21	9.459119	240.1958	0
102	22	57.86581	261.8364	0
102	23	367.7427	155.7957	0
102	24	528.921	114.736	0
102	25	237.1324	262.7479	0
102	26	464.1448	185.0713	0
102	27	501.1566	195.9466	0
102	28	55.9863	196.1472	0
102	29	519.1339	87.84442	0
102	30	487.2642	89.63852	0
102	31	161.1581	280.1631	0
102	32	569.7642	75.93768	0
102	33	563.6096	113.5081	0
102	34	257.7647	154.3199	0
102	35	18.61736	331.9163	0
102	36	239.9229	187.1978	0
102	37	326.9193	160.3539	0
102	38	186.1218	304.7431	0
102	39	493.172	121.7339	0
102	40	578.4726	142.0866	0
102	41	284.9615	183.3531	0
102	42	251.9941	204.5143	0
102	43	331.0721	175.0245	0
103	1	293.5363	159.7205	0
103	2	517.7229	173.3965	0
103	3	297.9899	148.1565	0
103	4	370.6458	122.7733	0
103	5	129.9174	246.0531	0
103	6	375.8001	216.9129	0
103	7	277.5457	199.5892	0
103	8	265.8375	258.7568	0
103	9	540.2714	166.3816	0
103	10	186.3117	222.2548	0
103	11	585.85	93.80984	0
103	12	524.8043	99.02719	0
103	13	333.4701	126.9527	0
103	14	489.325	161.0023	0
103	15	529.0832	130.7876	0
103	16	378.9997	170.9417	0
103	17	461.825	139.5093	0
103	18	509.8483	133.1922	0
103	19	213.4933	245.9155	0
103	20	324.407	228.3973	0
103	21	9.462	240.1997	0
103	22	57.91761	261.8325	0
103	23	367.751	155.7892	0
103	24	528.9009	114.7133	0
103	25	237.1414	262.7453	0
103	26	464.1482	185.0755	0
103	27	501.1648	195.9512	0
103	28	55.96371	196.1696	0
103	29	519.1393	87.84549	0
103	30	487.2669	89.61816	0
103	31	161.1707	280.1536	0
103	32	569.767	75.93484	0
103	33	563.5895	113.4928	0
103	34	257.7352	154.3542	0
103	35	18.67551	331.8596	0
103	36	239.9341	187.1924	0
103	37	326.9236	160.3555	0
103	38	186.1259	304.6952	0
103	39	493.1767	121.7334	0
103	40	578.4789	142.0831	0
103	41	284.929	183.4118	0
103	42	251.9909	204.4805	0
103	43	331.0711	175.0334	0
104	1	293.5465	159.7161	0
104	2	517.7066	173.3754	0
104	3	297.9741	148.1411	0
104	4	370.6739	122.7655	0
104	5	129.9212	246.0156	0
104	6	375.7883	216.9059	0
104	7	277.5452	199.5918	0
104	8	265.8297	258.7502	0
104	9	540.2514	166.3584	0
104	10	186.3509	222.2283	0
104	11	585.8302	93.78735	0
104	12	524.7869	99.0119	0
104	13	333.483	126.9351	0
104	14	489.3146	160.979	0
104	15	529.0897	130.7893	0
104	16	379.0052	170.9442	0
104	17	461.8236	139.5429	0
104	18	509.8291	133.1815	0
104	19	213.4787	245.8942	0
104	20	324.3855	228.4547	0
104	21	9.464111	240.2034	0
104	22	57.97583	261.8175	0
104	23	367.7604	155.7831	0
104	24	528.8806	114.6935	0
104	25	237.1509	262.7372	0
104	26	464.1535	185.0784	0
104	27	501.1732	195.9552	0
104	28	55.93646	196.1992	0
104	29	519.1454	87.84686	0
104	30	487.2686	89.59808	0
104	31	161.1836	280.1449	0
104	32	569.7705	75.93207	0
104	33	563.5658	113.4783	0
104	34	257.7092	154.377	0
104	35	18.72755	331.8026	0
104	36	239.9769	187.1876	0
104	37	326.9285	160.3575	0
104	38	186.1266	304.6485	0
104	39	493.1785	121.7375	0
104	40	578.484	142.0824	0
104	41	284.8922	183.4616	0
104	42	251.9856	204.448	0
104	43	331.072	175.0404	0
105	1	293.5806	159.7121	0
105	2	517.6902	173.357	0
105	3	297.9593	148.1275	0
105	4	370.6993	122.7519	0
105	5	129.9222	245.9812	0
105	6	375.7834	216.9046	0
105	7	277.5456	199.5961	0
105	8	265.864	258.7484	0
105	9	540.2316	166.338	0
105	10	186.3881	222.196	0
105	11	585.8123	93.76553	0
105	12	524.7665	98.99741	0
105	13	333.4935	126.9164	0
105	14	489.3018	160.9561	0
105	15	529.0969	130.7896	0
105	16	379.0114	170.947	0
105	17	461.8254	139.5804	0
105	18	509.8145	133.1742	0
105	19	213.4643	245.8755	0
105	20	324.3591	228.5086	0
105	21	9.46664	240.2074	0
105	22	58.0364	261.7902	0
105	23	367.7714	155.7753	0
105	24	528.859	114.6746	0
105	25	237.1608	262.7291	0
105	26	464.1589	185.081	0
105	27	501.1807	195.9587	0
105	28	55.90583	196.2332	0
105	29	519.1523	87.84744	0
105	30	487.2618	89.57681	0
105	31	161.1993	280.1345	0
105	32	569.7744	75.92871	0
105	33	563.5421	113.4651	0
105	34	257.694	154.3872	0
105	35	18.77224	331.7491	0
105	36	240.0211	187.175	0
105	37	326.9351	160.3583	0
105	38	186.1246	304.6036	0
105	39	493.1784	121.7473	0
105	40	578.487	142.0874	0
105	41	284.8597	183.4948	0
105	42	251.9782	204.4198	0
105	43	331.0757	175.0454	0
106	1	293.6149	159.7023	0
106	2	517.6719	173.3394	0
106	3	297.9459	148.118	0
106	4	370.7224	122.7344	0
106	5	129.9205	245.9499	0
106	6	375.7835	216.9074	0
106	7	277.5454	199.6016	0
106	8	265.9	258.7385	0
106	9	540.2093	166.3184	0
106	10	186.419	222.1629	0
106	11	585.7925	93.7442	0
106	12	524.7429	98.98352	0
106	13	333.4998	126.8987	0
106	14	489.2907	160.934	0
106	15	529.1049	130.7901	0
106	16	379.0196	170.9486	0
106	17	461.8272	139.624	0
106	18	509.8058	133.1705	0
106	19	213.4506	245.8625	0
106	20	324.3309	228.5509	0
106	21	9.472095	240.2109	0
106	22	58.09925	261.7524	0
106	23	367.7813	155.7703	0
106	24	528.8332	114.6571	0
106	25	237.1709	262.7216	0
106	26	464.1637	185.0832	0
106	27	501.188	195.9623	0
106	28	55.87284	196.2716	0
106	29	519.16	87.84766	0
106	30	487.2486	89.5545	0
106	31	161.2155	280.125	0
106	32	569.778	75.92679	0
106	33	563.5214	113.4543	0
106	34	257.688	154.3835	0
106	35	18.80059	331.6944	0
106	36	240.0639	187.153	0
106	37	326.9428	160.3586	0
106	38	186.12	304.5641	0
106	39	493.1757	121.7642	0
106	40	578.4896	142.0998	0
106	41	284.8401	183.5097	0
106	42	251.9673	204.3929	0
106	43	331.0823	175.0488	0
107	1	293.6475	159.6854	0
107	2	517.65	173.3228	0
107	3	297.9358	148.1117	0
107	4	370.7418	122.7131	0
107	5	129.9135	245.9205	0
107	6	375.7845	216.9116	0
107	7	277.5442	199.6093	0
107	8	265.9347	258.7205	0
107	9	540.1828	166.3	0
107	10	186.4455	222.1285	0
107	11	585.7701	93.724	0
107	12	524.7214	98.97107	0
107	13	333.4989	126.8794	0
107	14	489.278	160.9122	0
107	15	529.112	130.79	0
107	16	379.0293	170.9492	0
107	17	461.8262	139.6711	0
107	18	509.8032	133.1704	0
107	19	213.4398	245.854	0
107	20	324.3092	228.5757	0
107	21	9.482762	240.2114	0
107	22	58.16231	261.7059	0
107	23	367.7904	155.7679	0
107	24	528.8054	114.6406	0
107	25	237.1834	262.7129	0
107	26	464.1684	185.0853	0
107	27	501.1951	195.9655	0
107	28	55.83542	196.3156	0
107	29	519.1673	87.84775	0
107	30	487.2352	89.53293	0
107	31	161.2283	280.1198	0
107	32	569.7817	75.92612	0
107	33	563.5054	113.4469	0
107	34	257.7151	154.3827	0
107	35	18.81733	331.6396	0
107	36	240.105	187.1241	0
107	37	326.9503	160.3587	0
107	38	186.1109	304.5265	0
107	39	493.1745	121.787	0
107	40	578.4906	142.1212	0
107	41	284.8308	183.5039	0
107	42	251.9506	204.3676	0
107	43	331.0884	175.0523	0
108	1	293.6781	159.6636	0
108	2	517.6277	173.3077	0
108	3	297.9302	148.1092	0
108	4	370.7556	122.692	0
108	5	129.8996	245.8927	0
108	6	375.7851	216.9171	0
108	7	277.5412	199.6183	0
108	8	265.9683	258.695	0
108	9	540.1572	166.2831	0
108	10	186.4671	222.0958	0
108	11	585.7482	93.7066	0
108	12	524.7033	98.9621	0
108	13	333.4938	126.86	0
108	14	489.2635	160.8914	0
108	15	529.1181	130.7891	0
108	16	379.0387	170.9497	0
108	17	461.8216	139.7204	0
108	18	509.804	133.1726	0
108	19	213.4332	245.8506	0
108	20	324.2975	228.5817	0
108	21	9.49321	240.2126	0
108	22	58.21908	261.6551	0
108	23	367.7952	155.7696	0
108	24	528.7808	114.6263	0
108	25	237.1964	262.7047	0
108	26	464.1733	185.0871	0
108	27	501.203	195.9687	0
108	28	55.79432	196.3618	0
108	29	519.1738	87.84772	0
108	30	487.2224	89.51187	0
108	31	161.2366	280.1188	0
108	32	569.7841	75.92743	0
108	33	563.4949	113.4426	0
108	34	257.7444	154.377	0
108	35	18.83343	331.5872	0
108	36	240.1433	187.0886	0
108	37	326.9575	160.3584	0
108	38	186.0939	304.4913	0
108	39	493.1758	121.815	0
108	40	578.4948	142.1504	0
108	41	284.8668	183.5023	0
108	42	251.9307	204.3445	0
108	43	331.094	175.0552	0
109	1	293.7056	159.6371	0
109	2	517.6082	173.2955	0
109	3	297.929	148.11	0
109	4	370.766	122.6696	0
109	5	129.8851	245.8678	0
109	6	375.7851	216.9248	0
109	7	277.5392	199.6283	0
109	8	265.9997	258.6637	0
109	9	540.1352	166.2701	0
109	10	186.4773	222.0616	0
109	11	585.7249	93.68985	0
109	12	524.6899	98.9559	0
109	13	333.4902	126.8415	0
109	14	489.2485	160.8733	0
109	15	529.1222	130.7844	0
109	16	379.0476	170.95	0
109	17	461.8122	139.7692	0
109	18	509.8053	133.1754	0
109	19	213.4313	245.8515	0
109	20	324.3055	228.5765	0
109	21	9.504493	240.2132	0
109	22	58.26714	261.6048	0
109	23	367.7939	155.7784	0
109	24	528.7606	114.6164	0
109	25	237.2069	262.7001	0
109	26	464.1786	185.0891	0
109	27	501.2121	195.9721	0
109	28	55.74886	196.4097	0
109	29	519.1783	87.84406	0
109	30	487.2076	89.49152	0
109	31	161.2352	280.1265	0
109	32	569.7854	75.93195	0
109	33	563.4905	113.442	0
109	34	257.7726	154.3658	0
109	35	18.85069	331.5348	0
109	36	240.174	187.0519	0
109	37	326.9643	160.3538	0
109	38	186.0744	304.4593	0
109	39	493.18	121.8462	0
109	40	578.5037	142.1862	0
109	41	284.9059	183.4937	0
109	42	251.912	204.3251	0
109	43	331.099	175.0579	0
110	1	293.7269	159.6104	0
110	2	517.5928	173.2872	0
110	3	297.9292	148.1125	0
110	4	370.7721	122.6484	0
110	5	129.8701	245.8498	0
110	6	375.7842	216.9338	0
110	7	277.5397	199.636	0
110	8	266.0264	258.629	0
110	9	540.1182	166.2612	0
110	10	186.4797	222.0272	0
110	11	585.6974	93.67401	0
110	12	524.6825	98.95319	0
110	13	333.4857	126.8231	0
110	14	489.2321	160.8561	0
110	15	529.1264	130.7794	0
110	16	379.0555	170.9446	0
110	17	461.7973	139.8103	0
110	18	509.8068	133.1793	0
110	19	213.4306	245.8551	0
110	20	324.3385	228.5719	0
110	21	9.518349	240.2085	0
110	22	58.31139	261.5567	0
110	23	367.7872	155.7957	0
110	24	528.7466	114.61	0
110	25	237.214	262.6991	0
110	26	464.1849	185.091	0
110	27	501.2224	195.973	0
110	28	55.69983	196.4545	0
110	29	519.1825	87.8396	0
110	30	487.1911	89.47275	0
110	31	161.2237	280.1454	0
110	32	569.7861	75.94043	0
110	33	563.4907	113.4437	0
110	34	257.7999	154.3496	0
110	35	18.86437	331.4838	0
110	36	240.1998	187.0151	0
110	37	326.9713	160.3482	0
110	38	186.0559	304.4338	0
110	39	493.1842	121.8824	0
110	40	578.5173	142.2263	0
110	41	284.9434	183.4774	0
110	42	251.8951	204.3121	0
110	43	331.1042	175.0604	0
111	1	293.7441	159.5824	0
111	2	517.5827	173.2825	0
111	3	297.9295	148.1156	0
111	4	370.7695	122.6253	0
111	5	129.8573	245.8376	0
111	6	375.7845	216.9434	0
111	7	277.5437	199.6414	0
111	8	266.0457	258.5943	0
111	9	540.1077	166.2563	0
111	10	186.4826	221.9942	0
111	11	585.6693	93.6593	0
111	12	524.6808	98.95361	0
111	13	333.4795	126.8056	0
111	14	489.2123	160.84	0
111	15	529.1309	130.7749	0
111	16	379.063	170.9374	0
111	17	461.7813	139.8375	0
111	18	509.808	133.1844	0
111	19	213.4299	245.8593	0
111	20	324.3714	228.5606	0
111	21	9.535087	240.1984	0
111	22	58.33917	261.5079	0
111	23	367.7771	155.8219	0
111	24	528.7397	114.6078	0
111	25	237.2138	262.7054	0
111	26	464.1921	185.0912	0
111	27	501.2342	195.9744	0
111	28	55.6525	196.4894	0
111	29	519.1868	87.8356	0
111	30	487.1742	89.45624	0
111	31	161.2019	280.1771	0
111	32	569.7873	75.95288	0
111	33	563.4919	113.4464	0
111	34	257.8256	154.3294	0
111	35	18.87489	331.4358	0
111	36	240.2195	186.9806	0
111	37	326.9784	160.3431	0
111	38	186.0388	304.417	0
111	39	493.186	121.9213	0
111	40	578.5321	142.2728	0
111	41	284.9794	183.454	0
111	42	251.883	204.3041	0
111	43	331.1098	175.0632	0
112	1	293.7566	159.5558	0
112	2	517.5784	173.2816	0
112	3	297.9292	148.1199	0
112	4	370.7616	122.6021	0
112	5	129.849	245.8318	0
112	6	375.7868	216.9508	0
112	7	277.5507	199.6452	0
112	8	266.0641	258.5599	0
112	9	540.1039	166.2558	0
112	10	186.4853	221.9615	0
112	11	585.6448	93.64688	0
112	12	524.6818	98.95584	0
112	13	333.4721	126.7899	0
112	14	489.1908	160.825	0
112	15	529.1367	130.7699	0
112	16	379.0707	170.9307	0
112	17	461.7703	139.8497	0
112	18	509.8094	133.1902	0
112	19	213.4285	245.8651	0
112	20	324.402	228.5413	0
112	21	9.551956	240.1886	0
112	22	58.35439	261.4581	0
112	23	367.7674	155.856	0
112	24	528.7391	114.6092	0
112	25	237.2062	262.7213	0
112	26	464.2	185.0917	0
112	27	501.2445	195.9746	0
112	28	55.61913	196.5095	0
112	29	519.1925	87.83157	0
112	30	487.1549	89.44049	0
112	31	161.1755	280.2197	0
112	32	569.791	75.9689	0
112	33	563.4933	113.4498	0
112	34	257.8477	154.3063	0
112	35	18.8812	331.3931	0
112	36	240.2262	186.9439	0
112	37	326.9868	160.3379	0
112	38	186.0271	304.4073	0
112	39	493.1846	121.9619	0
112	40	578.5444	142.3227	0
112	41	285.0128	183.425	0
112	42	251.8768	204.3021	0
112	43	331.1175	175.0655	0
113	1	293.7588	159.5274	0
113	2	517.5785	173.2836	0
113	3	297.9277	148.1251	0
113	4	370.7552	122.5798	0
113	5	129.8463	245.8318	0
113	6	375.7922	216.956	0
113	7	277.5568	199.6493	0
113	8	266.0725	258.5255	0
113	9	540.1047	166.2581	0
113	10	186.4855	221.9299	0
113	11	585.6254	93.63818	0
113	12	524.6832	98.9585	0
113	13	333.4635	126.7755	0
113	14	489.1714	160.8122	0
113	15	529.143	130.7648	0
113	16	379.08	170.9242	0
113	17	461.7614	139.8452	0
113	18	509.8118	133.1957	0
113	19	213.4256	245.8724	0
113	20	324.4305	228.5163	0
113	21	9.569221	240.1797	0
113	22	58.36659	261.4104	0
113	23	367.7584	155.8942	0
113	24	528.7405	114.6122	0
113	25	237.1908	262.7481	0
113	26	464.2072	185.0917	0
113	27	501.2535	195.9732	0
113	28	55.60486	196.5142	0
113	29	519.1987	87.82687	0
113	30	487.1316	89.42557	0
113	31	161.1459	280.2716	0
113	32	569.7966	75.98627	0
113	33	563.4952	113.4542	0
113	34	257.8635	154.2839	0
113	35	18.88181	331.3524	0
113	36	240.2243	186.9068	0
113	37	326.9965	160.3318	0
113	38	186.0219	304.4053	0
113	39	493.1789	122.0015	0
113	40	578.553	142.3747	0
113	41	285.0411	183.3924	0
113	42	251.8754	204.3045	0
113	43	331.1273	175.0658	0
114	1	293.7544	159.4987	0
114	2	517.5795	173.2866	0
114	3	297.9262	148.1312	0
114	4	370.748	122.5577	0
114	5	129.8454	245.8358	0
114	6	375.7995	216.9598	0
114	7	277.5623	199.6528	0
114	8	266.0723	258.4902	0
114	9	540.1063	166.2613	0
114	10	186.4836	221.9007	0
114	11	585.6124	93.63278	0
114	12	524.6848	98.96213	0
114	13	333.4521	126.7621	0
114	14	489.1555	160.8034	0
114	15	529.1486	130.7622	0
114	16	379.0909	170.916	0
114	17	461.7935	139.8443	0
114	18	509.8156	133.2	0
114	19	213.4223	245.881	0
114	20	324.4557	228.4858	0
114	21	9.591325	240.1683	0
114	22	58.3815	261.363	0
114	23	367.7502	155.9379	0
114	24	528.7422	114.6158	0
114	25	237.1726	262.7842	0
114	26	464.2133	185.0897	0
114	27	501.2599	195.9652	0
114	28	55.61502	196.5099	0
114	29	519.2042	87.82428	0
114	30	487.1082	89.41183	0
114	31	161.1153	280.3283	0
114	32	569.804	76.00653	0
114	33	563.4968	113.4592	0
114	34	257.8788	154.2621	0
114	35	18.87341	331.314	0
114	36	240.2237	186.8713	0
114	37	327.0046	160.3283	0
114	38	186.0211	304.4089	0
114	39	493.1685	122.0338	0
114	40	578.5564	142.4255	0
114	41	285.061	183.3603	0
114	42	251.875	204.3088	0
114	43	331.1372	175.0666	0
115	1	293.7514	159.4713	0
115	2	517.5806	173.2903	0
115	3	297.9261	148.1364	0
115	4	370.7388	122.5366	0
115	5	129.8447	245.8407	0
115	6	375.8058	216.9635	0
115	7	277.5672	199.6561	0
115	8	266.0692	258.4561	0
115	9	540.1081	166.2655	0
115	10	186.4791	221.8746	0
115	11	585.6065	93.63138	0
115	12	524.686	98.96671	0
115	13	333.4374	126.7492	0
115	14	489.1444	160.7979	0
115	15	529.1532	130.7617	0
115	16	379.1003	170.9107	0
115	17	461.8251	139.8375	0
115	18	509.8213	133.2028	0
115	19	213.4205	245.8884	0
115	20	324.4747	228.455	0
115	21	9.612242	240.1589	0
115	22	58.39248	261.3169	0
115	23	367.7395	155.9876	0
115	24	528.7443	114.6207	0
115	25	237.1527	262.8286	0
115	26	464.2181	185.084	0
115	27	501.2663	195.9566	0
115	28	55.64771	196.5061	0
115	29	519.2096	87.82346	0
115	30	487.0877	89.40097	0
115	31	161.0805	280.3944	0
115	32	569.8109	76.02942	0
115	33	563.4995	113.4647	0
115	34	257.8858	154.24	0
115	35	18.86217	331.2795	0
115	36	240.2229	186.836	0
115	37	327.0114	160.327	0
115	38	186.0208	304.4146	0
115	39	493.157	122.0542	0
115	40	578.5532	142.4676	0
115	41	285.0801	183.328	0
115	42	251.8742	204.3142	0
115	43	331.1467	175.0672	0
116	1	293.7476	159.4441	0
116	2	517.582	173.2953	0
116	3	297.928	148.1402	0
116	4	370.7282	122.5176	0
116	5	129.8427	245.8475	0
116	6	375.8118	216.967	0
116	7	277.5723	199.6594	0
116	8	266.0681	258.4228	0
116	9	540.1099	166.2713	0
116	10	186.4705	221.8499	0
116	11	585.6065	93.63287	0
116	12	524.6878	98.97189	0
116	13	333.4233	126.7377	0
116	14	489.1389	160.7962	0
116	15	529.1556	130.7652	0
116	16	379.1091	170.9081	0
116	17	461.8524	139.8241	0
116	18	509.8273	133.2052	0
116	19	213.4212	245.8941	0
116	20	324.4895	228.4228	0
116	21	9.629133	240.1536	0
116	22	58.40071	261.2728	0
116	23	367.7254	156.0397	0
116	24	528.7457	114.6265	0
116	25	237.1328	262.8768	0
116	26	464.2233	185.0783	0
116	27	501.2729	195.9489	0
116	28	55.68364	196.4968	0
116	29	519.2125	87.82565	0
116	30	487.0716	89.39346	0
116	31	161.0409	280.4648	0
116	32	569.8159	76.05356	0
116	33	563.5029	113.4689	0
116	34	257.8857	154.2168	0
116	35	18.84935	331.2534	0
116	36	240.2192	186.802	0
116	37	327.014	160.3295	0
116	38	186.0196	304.4219	0
116	39	493.1491	122.0624	0
116	40	578.546	142.4946	0
116	41	285.0885	183.2956	0
116	42	251.8725	204.3215	0
116	43	331.1556	175.0628	0
117	1	293.7416	159.4179	0
117	2	517.5831	173.3011	0
117	3	297.9325	148.1428	0
117	4	370.7163	122.5004	0
117	5	129.8383	245.8565	0
117	6	375.8174	216.9702	0
117	7	277.5781	199.6629	0
117	8	266.0643	258.3902	0
117	9	540.1118	166.2779	0
117	10	186.4562	221.8265	0
117	11	585.6082	93.63553	0
117	12	524.6904	98.97656	0
117	13	333.4106	126.7295	0
117	14	489.1382	160.7975	0
117	15	529.1566	130.7744	0
117	16	379.1132	170.9101	0
117	17	461.8753	139.8048	0
117	18	509.8328	133.2074	0
117	19	213.4252	245.8978	0
117	20	324.5001	228.3922	0
117	21	9.638635	240.1532	0
117	22	58.40497	261.2342	0
117	23	367.7065	156.0934	0
117	24	528.7482	114.6331	0
117	25	237.1103	262.9332	0
117	26	464.2289	185.0732	0
117	27	501.2819	195.9401	0
117	28	55.72136	196.4808	0
117	29	519.2135	87.83246	0
117	30	487.0613	89.38925	0
117	31	160.9964	280.5379	0
117	32	569.8186	76.07825	0
117	33	563.508	113.4717	0
117	34	257.8832	154.1941	0
117	35	18.83627	331.236	0
117	36	240.213	186.7707	0
117	37	327.0114	160.3379	0
117	38	186.0166	304.4323	0
117	39	493.1449	122.0583	0
117	40	578.5393	142.5056	0
117	41	285.0872	183.2617	0
117	42	251.8692	204.3301	0
117	43	331.1643	175.0551	0
118	1	293.7338	159.3942	0
118	2	517.585	173.3074	0
118	3	297.9371	148.1453	0
118	4	370.7013	122.4842	0
118	5	129.8322	245.8672	0
118	6	375.8233	216.9734	0
118	7	277.5866	199.6651	0
118	8	266.0587	258.3588	0
118	9	540.1147	166.2847	0
118	10	186.4408	221.8055	0
118	11	585.6101	93.63885	0
118	12	524.6946	98.97998	0
118	13	333.4008	126.7239	0
118	14	489.1389	160.8003	0
118	15	529.1556	130.7903	0
118	16	379.1117	170.9196	0
118	17	461.8941	139.7807	0
118	18	509.838	133.2095	0
118	19	213.43	245.9012	0
118	20	324.5007	228.3603	0
118	21	9.633268	240.1624	0
118	22	58.40412	261.1972	0
118	23	367.6822	156.1424	0
118	24	528.7517	114.6386	0
118	25	237.0838	262.9935	0
118	26	464.2357	185.067	0
118	27	501.2916	195.9309	0
118	28	55.75996	196.4601	0
118	29	519.2126	87.845	0
118	30	487.0572	89.38885	0
118	31	160.9465	280.609	0
118	32	569.8175	76.09998	0
118	33	563.5142	113.4738	0
118	34	257.8826	154.1721	0
118	35	18.82705	331.2269	0
118	36	240.2048	186.7425	0
118	37	327.0036	160.3536	0
118	38	186.0113	304.4448	0
118	39	493.173	122.0572	0
118	40	578.5324	142.5005	0
118	41	285.0826	183.2289	0
118	42	251.8662	204.3398	0
118	43	331.1731	175.0479	0
119	1	293.7241	159.3728	0
119	2	517.588	173.3123	0
119	3	297.9411	148.1473	0
119	4	370.6823	122.4687	0
119	5	129.8281	245.8772	0
119	6	375.83	216.9768	0
119	7	277.5975	199.6658	0
119	8	266.0514	258.3314	0
119	9	540.1189	166.2899	0
119	10	186.4258	221.7899	0
119	11	585.6126	93.64343	0
119	12	524.7004	98.98233	0
119	13	333.395	126.7215	0
119	14	489.1398	160.8037	0
119	15	529.1562	130.8121	0
119	16	379.1049	170.9382	0
119	17	461.907	139.7531	0
119	18	509.8431	133.2113	0
119	19	213.4341	245.904	0
119	20	324.4948	228.3282	0
119	21	9.612769	240.1836	0
119	22	58.39431	261.1624	0
119	23	367.6561	156.179	0
119	24	528.7573	114.6424	0
119	25	237.0532	263.0562	0
119	26	464.2429	185.0616	0
119	27	501.3	195.9256	0
119	28	55.79781	196.4348	0
119	29	519.212	87.8631	0
119	30	487.0573	89.3909	0
119	31	160.8948	280.6682	0
119	32	569.8138	76.11523	0
119	33	563.5195	113.4761	0
119	34	257.88	154.1505	0
119	35	18.8234	331.2256	0
119	36	240.192	186.7158	0
119	37	326.9935	160.376	0
119	38	186.007	304.4584	0
119	39	493.1991	122.0512	0
119	40	578.5659	142.4992	0
119	41	285.0802	183.1969	0
119	42	251.8658	204.3475	0
119	43	331.183	175.0413	0
120	1	293.7107	159.3526	0
120	2	517.5926	173.3157	0
120	3	297.9448	148.1493	0
120	4	370.6638	122.4547	0
120	5	129.8273	245.8848	0
120	6	375.8388	216.9787	0
120	7	277.6081	199.6665	0
120	8	266.041	258.3053	0
120	9	540.1251	166.2934	0
120	10	186.4131	221.7794	0
120	11	585.6149	93.64862	0
120	12	524.7061	98.98459	0
120	13	333.3933	126.722	0
120	14	489.1409	160.8083	0
120	15	529.1594	130.8394	0
120	16	379.0952	170.9657	0
120	17	461.9118	139.7263	0
120	18	509.8487	133.213	0
120	19	213.438	245.9068	0
120	20	324.4901	228.2974	0
120	21	9.577381	240.2179	0
120	22	58.38078	261.1307	0
120	23	367.6365	156.1989	0
120	24	528.7645	114.645	0
120	25	237.0177	263.1173	0
120	26	464.2492	185.0587	0
120	27	501.3067	195.9238	0
120	28	55.83067	196.4093	0
120	29	519.2141	87.88617	0
120	30	487.0583	89.3938	0
120	31	160.8539	280.7064	0
120	32	569.8096	76.12302	0
120	33	563.5247	113.4779	0
120	34	257.8757	154.1299	0
120	35	18.82173	331.2301	0
120	36	240.1724	186.6906	0
120	37	326.9831	160.4046	0
120	38	186.0061	304.4688	0
120	39	493.2209	122.0397	0
120	40	578.5956	142.4914	0
120	41	285.075	183.1656	0
120	42	251.8683	204.3531	0
120	43	331.1952	175.0327	0
121	1	293.6924	159.3334	0
121	2	517.5984	173.3181	0
121	3	297.9483	148.151	0
121	4	370.6475	122.4446	0
121	5	129.8312	245.89	0
121	6	375.8494	216.9795	0
121	7	277.6184	199.667	0
121	8	266.0254	258.2808	0
121	9	540.1319	166.2962	0
121	10	186.4046	221.7742	0
121	11	585.6183	93.65457	0
121	12	524.7115	98.98639	0
121	13	333.3932	126.7242	0
121	14	489.1416	160.8136	0
121	15	529.1652	130.8683	0
121	16	379.0866	171.0013	0
121	17	461.9167	139.7003	0
121	18	509.8551	133.215	0
121	19	213.4414	245.9093	0
121	20	324.4847	228.2669	0
121	21	9.53425	240.2637	0
121	22	58.36668	261.1054	0
121	23	367.6255	156.2015	0
121	24	528.7711	114.6477	0
121	25	236.9796	263.1685	0
121	26	464.2538	185.0585	0
121	27	501.3098	195.929	0
121	28	55.86069	196.3827	0
121	29	519.2185	87.91095	0
121	30	487.0593	89.39743	0
121	31	160.8323	280.7209	0
121	32	569.8043	76.12296	0
121	33	563.5299	113.4793	0
121	34	257.8702	154.112	0
121	35	18.82027	331.2361	0
121	36	240.1526	186.6677	0
121	37	326.9733	160.4357	0
121	38	186.0093	304.4763	0
121	39	493.2387	122.0235	0
121	40	578.6188	142.4765	0
121	41	285.0677	183.1356	0
121	42	251.8744	204.3568	0
121	43	331.2064	175.0263	0
122	1	293.6742	159.316	0
122	2	517.6036	173.3206	0
122	3	297.9521	148.1528	0
122	4	370.6349	122.4377	0
122	5	129.8367	245.8942	0
122	6	375.8594	216.9801	0
122	7	277.6289	199.6607	0
122	8	266.0074	258.2585	0
122	9	540.138	166.2988	0
122	10	186.4013	221.7742	0
122	11	585.6224	93.65927	0
122	12	524.7165	98.98828	0
122	13	333.3933	126.7268	0
122	14	489.1429	160.8198	0
122	15	529.1722	130.9026	0
122	16	379.0795	171.0421	0
122	17	461.9123	139.6737	0
122	18	509.8624	133.2156	0
122	19	213.4454	245.912	0
122	20	324.4772	228.2374	0
122	21	9.484874	240.3186	0
122	22	58.35188	261.0885	0
122	23	367.64	156.1973	0
122	24	528.7772	114.6498	0
122	25	236.9483	263.2017	0
122	26	464.2553	185.0634	0
122	27	501.3104	195.9438	0
122	28	55.88535	196.3573	0
122	29	519.2245	87.94003	0
122	30	487.0603	89.40219	0
122	31	160.8319	280.7134	0
122	32	569.8141	76.12146	0
122	33	563.5356	113.4806	0
122	34	257.8625	154.0948	0
122	35	18.81695	331.2446	0
122	36	240.1339	186.6508	0
122	37	326.9631	160.4721	0
122	38	186.0162	304.4815	0
122	39	493.2524	122.0033	0
122	40	578.6357	142.4557	0
122	41	285.0586	183.1096	0
122	42	251.8802	204.3606	0
122	43	331.2166	175.023	0
123	1	293.6574	159.3034	0
123	2	517.6086	173.3227	0
123	3	297.9573	148.1546	0
123	4	370.6273	122.4346	0
123	5	129.8415	245.8979	0
123	6	375.8689	216.9802	0
123	7	277.6396	199.6519	0
123	8	265.9907	258.2402	0
123	9	540.1437	166.3012	0
123	10	186.4003	221.7776	0
123	11	585.6287	93.66235	0
123	12	524.7217	98.98972	0
123	13	333.3932	126.7303	0
123	14	489.1451	160.8248	0
123	15	529.1772	130.94	0
123	16	379.0729	171.0889	0
123	17	461.8997	139.6457	0
123	18	509.8706	133.2163	0
123	19	213.4507	245.9147	0
123	20	324.468	228.2103	0
123	21	9.43145	240.3809	0
123	22	58.34128	261.0789	0
123	23	367.6752	156.1924	0
123	24	528.7831	114.6518	0
123	25	236.9309	263.2149	0
123	26	464.2543	185.075	0
123	27	501.3073	195.9703	0
123	28	55.90046	196.3306	0
123	29	519.2292	87.97263	0
123	30	487.0612	89.40738	0
123	31	160.872	280.7097	0
123	32	569.8318	76.11914	0
123	33	563.5419	113.4821	0
123	34	257.8502	154.0788	0
123	35	18.81036	331.2563	0
123	36	240.1184	186.6393	0
123	37	326.9502	160.5124	0
123	38	186.0223	304.4866	0
123	39	493.2608	121.9808	0
123	40	578.6467	142.4297	0
123	41	285.0463	183.0848	0
123	42	251.8854	204.3638	0
123	43	331.2224	175.0236	0
124	1	293.6441	159.2949	0
124	2	517.6135	173.3244	0
124	3	297.9643	148.1549	0
124	4	370.625	122.435	0
124	5	129.8457	245.9017	0
124	6	375.8774	216.9734	0
124	7	277.6504	199.6436	0
124	8	265.9757	258.228	0
124	9	540.1494	166.3033	0
124	10	186.3995	221.7819	0
124	11	585.6359	93.66464	0
124	12	524.7272	98.99121	0
124	13	333.3922	126.7346	0
124	14	489.149	160.8284	0
124	15	529.1795	130.9792	0
124	16	379.0633	171.1413	0
124	17	461.885	139.6184	0
124	18	509.878	133.2165	0
124	19	213.4586	245.915	0
124	20	324.4571	228.1859	0
124	21	9.370702	240.4518	0
124	22	58.33637	261.0768	0
124	23	367.7093	156.1814	0
124	24	528.7894	114.6534	0
124	25	236.9282	263.2084	0
124	26	464.2507	185.0944	0
124	27	501.3056	196.0066	0
124	28	55.90888	196.3037	0
124	29	519.2314	88.0069	0
124	30	487.0629	89.4129	0
124	31	160.9154	280.6968	0
124	32	569.8467	76.11401	0
124	33	563.5489	113.483	0
124	34	257.8361	154.0639	0
124	35	18.80068	331.2704	0
124	36	240.1086	186.6334	0
124	37	326.9344	160.5547	0
124	38	186.0277	304.4913	0
124	39	493.2627	121.959	0
124	40	578.6507	142.4007	0
124	41	285.0284	183.0616	0
124	42	251.8901	204.3667	0
124	43	331.2211	175.0318	0
125	1	293.6357	159.2908	0
125	2	517.6188	173.3261	0
125	3	297.9717	148.1555	0
125	4	370.625	122.4375	0
125	5	129.8491	245.9052	0
125	6	375.8856	216.9648	0
125	7	277.6627	199.6357	0
125	8	265.9653	258.2207	0
125	9	540.1558	166.3054	0
125	10	186.3979	221.7877	0
125	11	585.6424	93.66724	0
125	12	524.7337	98.9928	0
125	13	333.3911	126.7395	0
125	14	489.1545	160.8308	0
125	15	529.1779	131.0178	0
125	16	379.0503	171.1959	0
125	17	461.8725	139.5919	0
125	18	509.8846	133.2161	0
125	19	213.4669	245.9158	0
125	20	324.4428	228.1629	0
125	21	9.304148	240.5266	0
125	22	58.33492	261.0804	0
125	23	367.7401	156.1629	0
125	24	528.796	114.6553	0
125	25	236.9628	263.2056	0
125	26	464.2482	185.1204	0
125	27	501.3079	196.0522	0
125	28	55.91779	196.2779	0
125	29	519.23	88.04166	0
125	30	487.0659	89.41721	0
125	31	160.9591	280.6742	0
125	32	569.858	76.10556	0
125	33	563.5566	113.4831	0
125	34	257.823	154.0514	0
125	35	18.79261	331.2846	0
125	36	240.1052	186.6332	0
125	37	326.9146	160.5974	0
125	38	186.0321	304.4958	0
125	39	493.2644	121.9379	0
125	40	578.6465	142.3724	0
125	41	285.0077	183.0402	0
125	42	251.895	204.3693	0
125	43	331.2136	175.049	0
126	1	293.6329	159.2911	0
126	2	517.6247	173.328	0
126	3	297.9789	148.1559	0
126	4	370.6253	122.4406	0
126	5	129.8526	245.9088	0
126	6	375.894	216.9568	0
126	7	277.6776	199.6255	0
126	8	265.9602	258.219	0
126	9	540.1627	166.3078	0
126	10	186.3947	221.7952	0
126	11	585.6486	93.66922	0
126	12	524.7408	98.99316	0
126	13	333.3911	126.744	0
126	14	489.1597	160.8333	0
126	15	529.1714	131.05	0
126	16	379.0323	171.2518	0
126	17	461.8578	139.566	0
126	18	509.889	133.2114	0
126	19	213.4754	245.9157	0
126	20	324.4237	228.1412	0
126	21	9.231106	240.6042	0
126	22	58.33369	261.0859	0
126	23	367.768	156.1394	0
126	24	528.8041	114.6569	0
126	25	236.9993	263.1949	0
126	26	464.2474	185.1519	0
126	27	501.3143	196.1031	0
126	28	55.92641	196.2523	0
126	29	519.2237	88.07175	0
126	30	487.071	89.41995	0
126	31	161.003	280.6432	0
126	32	569.8663	76.09488	0
126	33	563.564	113.4833	0
126	34	257.8111	154.0429	0
126	35	18.78902	331.2956	0
126	36	240.1049	186.6367	0
126	37	326.8909	160.6348	0
126	38	186.0366	304.5005	0
126	39	493.2578	121.916	0
126	40	578.6426	142.3451	0
126	41	284.9886	183.0224	0
126	42	251.9005	204.3723	0
126	43	331.2008	175.0761	0
127	1	293.6324	159.2941	0
127	2	517.6315	173.3292	0
127	3	297.9858	148.154	0
127	4	370.6255	122.4447	0
127	5	129.8577	245.9126	0
127	6	375.9042	216.9489	0
127	7	277.6904	199.6188	0
127	8	265.9592	258.2214	0
127	9	540.1705	166.3088	0
127	10	186.3903	221.804	0
127	11	585.6547	93.67096	0
127	12	524.7488	98.9938	0
127	13	333.3926	126.7473	0
127	14	489.1646	160.8353	0
127	15	529.163	131.071	0
127	16	379.0085	171.3022	0
127	17	461.8406	139.5413	0
127	18	509.8934	133.2061	0
127	19	213.4839	245.9133	0
127	20	324.4047	228.1216	0
127	21	9.152367	240.6781	0
127	22	58.33114	261.0931	0
127	23	367.7915	156.1109	0
127	24	528.8129	114.6571	0
127	25	237.0348	263.1759	0
127	26	464.2486	185.186	0
127	27	501.3214	196.1621	0
127	28	55.93286	196.2277	0
127	29	519.2148	88.09253	0
127	30	487.0772	89.42215	0
127	31	161.0454	280.6055	0
127	32	569.8709	76.08197	0
127	33	563.5707	113.4835	0
127	34	257.8028	154.0376	0
127	35	18.79087	331.3033	0
127	36	240.105	186.6412	0
127	37	326.868	160.6613	0
127	38	186.0421	304.5055	0
127	39	493.2448	121.8929	0
127	40	578.6291	142.317	0
127	41	284.9716	183.0103	0
127	42	251.9083	204.3746	0
127	43	331.1879	175.1118	0
128	1	293.6324	159.2941	0
128	2	517.6315	173.3292	0
128	3	297.9858	148.154	0
128	4	370.6255	122.4447	0
128	5	129.8577	245.9126	0
128	6	375.9042	216.9489	0
128	7	277.6904	199.6188	0
128	8	265.9592	258.2214	0
128	9	540.1705	166.3088	0
128	10	186.3903	221.804	0
128	11	585.6547	93.67096	0
128	12	524.7488	98.9938	0
128	13	333.3926	126.7473	0
128	14	489.1646	160.8353	0
128	15	529.163	131.071	0
128	16	379.0085	171.3022	0
128	17	461.8406	139.5413	0
128	18	509.8934	133.2061	0
128	19	213.4839	245.9133	0
128	20	324.4047	228.1216	0
128	21	9.152367	240.6781	0
128	22	58.33114	261.0931	0
128	23	367.7915	156.1109	0
128	24	528.8129	114.6571	0
128	25	237.0348	263.1759	0
128	26	464.2486	185.186	0
128	27	501.3214	196.1621	0
128	28	55.93286	196.2277	0
128	29	519.2148	88.09253	0
128	30	487.0772	89.42215	0
128	31	161.0454	280.6055	0
128	32	569.8709	76.08197	0
128	33	563.5707	113.4835	0
128	34	257.8028	154.0376	0
128	35	18.79087	331.3033	0
128	36	240.105	186.6412	0
128	37	326.868	160.6613	0
128	38	186.0421	304.5055	0
128	39	493.2448	121.8929	0
128	40	578.6291	142.317	0
128	41	284.9716	183.0103	0
128	42	251.9083	204.3746	0
128	43	331.1879	175.1118	0
