63	1	479.2679	162.7769	0
63	2	758.9433	164.9895	0
63	3	478.6336	156.5483	0
63	4	557.8858	145.7819	0
63	5	253.5485	214.9154	0
63	6	609.4567	192.8158	0
63	7	469.7829	184.7419	0
63	8	463.7313	217.1476	0
63	9	785.2452	163.0388	0
63	10	343.8748	196.2212	0
63	11	779.4694	134.7915	0
63	12	715.731	135.7391	0
63	13	515.41	146.3943	0
63	14	716.9319	159.7997	0
63	15	743.4464	147.361	0
63	16	590.4639	168.5482	0
63	17	670.8731	153.4031	0
63	18	721.564	148.8674	0
63	19	379.6649	209.4033	0
63	20	539.4055	197.1928	0
63	21	72.24006	213.7317	0
63	22	142.2286	229.6923	0
63	23	568.0271	160.8694	0
63	24	732.6658	142.6912	0
63	25	418.6636	221.7538	0
63	26	701.9374	171.1148	0
63	27	761.1523	180.6768	0
63	28	157.6249	182.0656	0
63	29	704.0588	132.2418	0
63	30	672.4756	133.7584	0
63	31	298.1118	237.3387	0
63	32	749.0557	125.9539	0
63	33	766.1608	140.3871	0
63	34	431.0937	159.0345	0
63	35	9.488432	294.5284	0
63	36	417.4944	179.4301	0
63	37	517.2391	161.564	0
63	38	338.6477	260.6612	0
63	39	696.7771	144.4994	0
63	40	808.3255	153.6622	0
63	41	474.8094	175.528	0
63	42	433.6013	187.5585	0
63	43	531.6075	170.8274	0
64	1	479.2679	162.7769	0
64	2	758.9433	164.9895	0
64	3	478.6336	156.5483	0
64	4	557.8858	145.7819	0
64	5	253.5485	214.9154	0
64	6	609.4567	192.8158	0
64	7	469.7829	184.7419	0
64	8	463.7313	217.1476	0
64	9	785.2452	163.0388	0
64	10	343.8748	196.2212	0
64	11	779.4694	134.7915	0
64	12	715.731	135.7391	0
64	13	515.41	146.3943	0
64	14	716.9319	159.7997	0
64	15	743.4464	147.361	0
64	16	590.4639	168.5482	0
64	17	670.8731	153.4031	0
64	18	721.564	148.8674	0
64	19	379.6649	209.4033	0
64	20	539.4055	197.1928	0
64	21	72.24006	213.7317	0
64	22	142.2286	229.6923	0
64	23	568.0271	160.8694	0
64	24	732.6658	142.6912	0
64	25	418.6636	221.7538	0
64	26	701.9374	171.1148	0
64	27	761.1523	180.6768	0
64	28	157.6249	182.0656	0
64	29	704.0588	132.2418	0
64	30	672.4756	133.7584	0
64	31	298.1118	237.3387	0
64	32	749.0557	125.9539	0
64	33	766.1608	140.3871	0
64	34	431.0937	159.0345	0
64	35	9.488432	294.5284	0
64	36	417.4944	179.4301	0
64	37	517.2391	161.564	0
64	38	338.6477	260.6612	0
64	39	696.7771	144.4994	0
64	40	808.3255	153.6622	0
64	41	474.8094	175.528	0
64	42	433.6013	187.5585	0
64	43	531.6075	170.8274	0
65	1	479.2679	162.7769	0
65	2	758.9433	164.9895	0
65	3	478.6336	156.5483	0
65	4	557.8858	145.7819	0
65	5	253.5485	214.9154	0
65	6	609.4567	192.8158	0
65	7	469.7829	184.7419	0
65	8	463.7313	217.1476	0
65	9	785.2452	163.0388	0
65	10	343.8748	196.2212	0
65	11	779.4694	134.7915	0
65	12	715.731	135.7391	0
65	13	515.41	146.3943	0
65	14	716.9319	159.7997	0
65	15	743.4464	147.361	0
65	16	590.4639	168.5482	0
65	17	670.8731	153.4031	0
65	18	721.564	148.8674	0
65	19	379.6649	209.4033	0
65	20	539.4055	197.1928	0
65	21	72.24006	213.7317	0
65	22	142.2286	229.6923	0
65	23	568.0271	160.8694	0
65	24	732.6658	142.6912	0
65	25	418.6636	221.7538	0
65	26	701.9374	171.1148	0
65	27	761.1523	180.6768	0
65	28	157.6249	182.0656	0
65	29	704.0588	132.2418	0
65	30	672.4756	133.7584	0
65	31	298.1118	237.3387	0
65	32	749.0557	125.9539	0
65	33	766.1608	140.3871	0
65	34	431.0937	159.0345	0
65	35	9.488432	294.5284	0
65	36	417.4944	179.4301	0
65	37	517.2391	161.564	0
65	38	338.6477	260.6612	0
65	39	696.7771	144.4994	0
65	40	808.3255	153.6622	0
65	41	474.8094	175.528	0
65	42	433.6013	187.5585	0
65	43	531.6075	170.8274	0
66	1	479.2679	162.7769	0
66	2	758.9433	164.9895	0
66	3	478.6336	156.5483	0
66	4	557.8858	145.7819	0
66	5	253.5485	214.9154	0
66	6	609.4567	192.8158	0
66	7	469.7829	184.7419	0
66	8	463.7313	217.1476	0
66	9	785.2452	163.0388	0
66	10	343.8748	196.2212	0
66	11	779.4694	134.7915	0
66	12	715.731	135.7391	0
66	13	515.41	146.3943	0
66	14	716.9319	159.7997	0
66	15	743.4464	147.361	0
66	16	590.4639	168.5482	0
66	17	670.8731	153.4031	0
66	18	721.564	148.8674	0
66	19	379.6649	209.4033	0
66	20	539.4055	197.1928	0
66	21	72.24006	213.7317	0
66	22	142.2286	229.6923	0
66	23	568.0271	160.8694	0
66	24	732.6658	142.6912	0
66	25	418.6636	221.7538	0
66	26	701.9374	171.1148	0
66	27	761.1523	180.6768	0
66	28	157.6249	182.0656	0
66	29	704.0588	132.2418	0
66	30	672.4756	133.7584	0
66	31	298.1118	237.3387	0
66	32	749.0557	125.9539	0
66	33	766.1608	140.3871	0
66	34	431.0937	159.0345	0
66	35	9.488432	294.5284	0
66	36	417.4944	179.4301	0
66	37	517.2391	161.564	0
66	38	338.6477	260.6612	0
66	39	696.7771	144.4994	0
66	40	808.3255	153.6622	0
66	41	474.8094	175.528	0
66	42	433.6013	187.5585	0
66	43	531.6075	170.8274	0
67	1	479.2679	162.7769	0
67	2	758.9433	164.9895	0
67	3	478.6336	156.5483	0
67	4	557.8858	145.7819	0
67	5	253.5485	214.9154	0
67	6	609.4567	192.8158	0
67	7	469.7829	184.7419	0
67	8	463.7313	217.1476	0
67	9	785.2452	163.0388	0
67	10	343.8748	196.2212	0
67	11	779.4694	134.7915	0
67	12	715.731	135.7391	0
67	13	515.41	146.3943	0
67	14	716.9319	159.7997	0
67	15	743.4464	147.361	0
67	16	590.4639	168.5482	0
67	17	670.8731	153.4031	0
67	18	721.564	148.8674	0
67	19	379.6649	209.4033	0
67	20	539.4055	197.1928	0
67	21	72.24006	213.7317	0
67	22	142.2286	229.6923	0
67	23	568.0271	160.8694	0
67	24	732.6658	142.6912	0
67	25	418.6636	221.7538	0
67	26	701.9374	171.1148	0
67	27	761.1523	180.6768	0
67	28	157.6249	182.0656	0
67	29	704.0588	132.2418	0
67	30	672.4756	133.7584	0
67	31	298.1118	237.3387	0
67	32	749.0557	125.9539	0
67	33	766.1608	140.3871	0
67	34	431.0937	159.0345	0
67	35	9.488432	294.5284	0
67	36	417.4944	179.4301	0
67	37	517.2391	161.564	0
67	38	338.6477	260.6612	0
67	39	696.7771	144.4994	0
67	40	808.3255	153.6622	0
67	41	474.8094	175.528	0
67	42	433.6013	187.5585	0
67	43	531.6075	170.8274	0
68	1	479.2679	162.7769	0
68	2	758.9433	164.9895	0
68	3	478.6336	156.5483	0
68	4	557.8858	145.7819	0
68	5	253.5485	214.9154	0
68	6	609.4567	192.8158	0
68	7	469.7829	184.7419	0
68	8	463.7313	217.1476	0
68	9	785.2452	163.0388	0
68	10	343.8748	196.2212	0
68	11	779.4694	134.7915	0
68	12	715.731	135.7391	0
68	13	515.41	146.3943	0
68	14	716.9319	159.7997	0
68	15	743.4464	147.361	0
68	16	590.4639	168.5482	0
68	17	670.8731	153.4031	0
68	18	721.564	148.8674	0
68	19	379.6649	209.4033	0
68	20	539.4055	197.1928	0
68	21	72.24006	213.7317	0
68	22	142.2286	229.6923	0
68	23	568.0271	160.8694	0
68	24	732.6658	142.6912	0
68	25	418.6636	221.7538	0
68	26	701.9374	171.1148	0
68	27	761.1523	180.6768	0
68	28	157.6249	182.0656	0
68	29	704.0588	132.2418	0
68	30	672.4756	133.7584	0
68	31	298.1118	237.3387	0
68	32	749.0557	125.9539	0
68	33	766.1608	140.3871	0
68	34	431.0937	159.0345	0
68	35	9.488432	294.5284	0
68	36	417.4944	179.4301	0
68	37	517.2391	161.564	0
68	38	338.6477	260.6612	0
68	39	696.7771	144.4994	0
68	40	808.3255	153.6622	0
68	41	474.8094	175.528	0
68	42	433.6013	187.5585	0
68	43	531.6075	170.8274	0
69	1	479.2679	162.7769	0
69	2	758.9433	164.9895	0
69	3	478.6336	156.5483	0
69	4	557.8858	145.7819	0
69	5	253.5485	214.9154	0
69	6	609.4567	192.8158	0
69	7	469.7829	184.7419	0
69	8	463.7313	217.1476	0
69	9	785.2452	163.0388	0
69	10	343.8748	196.2212	0
69	11	779.4694	134.7915	0
69	12	715.731	135.7391	0
69	13	515.41	146.3943	0
69	14	716.9319	159.7997	0
69	15	743.4464	147.361	0
69	16	590.4639	168.5482	0
69	17	670.8731	153.4031	0
69	18	721.564	148.8674	0
69	19	379.6649	209.4033	0
69	20	539.4055	197.1928	0
69	21	72.24006	213.7317	0
69	22	142.2286	229.6923	0
69	23	568.0271	160.8694	0
69	24	732.6658	142.6912	0
69	25	418.6636	221.7538	0
69	26	701.9374	171.1148	0
69	27	761.1523	180.6768	0
69	28	157.6249	182.0656	0
69	29	704.0588	132.2418	0
69	30	672.4756	133.7584	0
69	31	298.1118	237.3387	0
69	32	749.0557	125.9539	0
69	33	766.1608	140.3871	0
69	34	431.0937	159.0345	0
69	35	9.488432	294.5284	0
69	36	417.4944	179.4301	0
69	37	517.2391	161.564	0
69	38	338.6477	260.6612	0
69	39	696.7771	144.4994	0
69	40	808.3255	153.6622	0
69	41	474.8094	175.528	0
69	42	433.6013	187.5585	0
69	43	531.6075	170.8274	0
