634	1	424.5031	187.6292	0
634	2	745.5734	190.1073	0
634	3	420.632	180.1082	0
634	4	515.4495	168.3546	0
634	5	165.2841	247.4186	0
634	6	574.2943	221.9559	0
634	7	413.4478	213.2471	0
634	8	404.4212	251.5011	0
634	9	776.6432	188.3127	0
634	10	267.0068	227.0081	0
634	11	768.7507	155.1799	0
634	12	696.1037	156.368	0
634	13	465.3882	168.6042	0
634	14	698.2632	184.3864	0
634	15	728.5461	170.2485	0
634	16	553.3105	194.1074	0
634	17	645.3607	176.8756	0
634	18	701.9961	171.1346	0
634	19	307.9871	241.792	0
634	20	490.1456	226.9026	0
634	21	-46.56984	247.1956	0
634	22	33.61012	263.764	0
634	23	526.5368	185.3765	0
634	24	713.985	164.3835	0
634	25	350.8205	254.9059	0
634	26	681.5031	197.4218	0
634	27	748.3409	208.1927	0
634	28	53.09148	210.4106	0
634	29	682.3199	152.2947	0
634	30	645.9052	153.7941	0
634	31	215.2882	272.8793	0
634	32	734.915	145.2541	0
634	33	757.2664	161.9836	0
634	34	367.1839	182.9378	0
634	35	-120.4213	340.9575	0
634	36	351.065	206.5576	0
634	37	467.1315	185.9883	0
634	38	265.7786	299.1674	0
634	39	674.6976	166.6226	0
634	40	803.1505	177.2344	0
634	41	417.7915	202.1786	0
634	42	372.3553	215.5215	0
634	43	483.0522	197.1765	0
635	1	424.5031	187.6292	0
635	2	745.5734	190.1073	0
635	3	420.632	180.1082	0
635	4	515.4495	168.3546	0
635	5	165.2841	247.4186	0
635	6	574.2943	221.9559	0
635	7	413.4478	213.2471	0
635	8	404.4212	251.5011	0
635	9	776.6432	188.3127	0
635	10	267.0068	227.0081	0
635	11	768.7507	155.1799	0
635	12	696.1037	156.368	0
635	13	465.3882	168.6042	0
635	14	698.2632	184.3864	0
635	15	728.5461	170.2485	0
635	16	553.3105	194.1074	0
635	17	645.3607	176.8756	0
635	18	701.9961	171.1346	0
635	19	307.9871	241.792	0
635	20	490.1456	226.9026	0
635	21	-46.56984	247.1956	0
635	22	33.61012	263.764	0
635	23	526.5368	185.3765	0
635	24	713.985	164.3835	0
635	25	350.8205	254.9059	0
635	26	681.5031	197.4218	0
635	27	748.3409	208.1927	0
635	28	53.09148	210.4106	0
635	29	682.3199	152.2947	0
635	30	645.9052	153.7941	0
635	31	215.2882	272.8793	0
635	32	734.915	145.2541	0
635	33	757.2664	161.9836	0
635	34	367.1839	182.9378	0
635	35	-120.4213	340.9575	0
635	36	351.065	206.5576	0
635	37	467.1315	185.9883	0
635	38	265.7786	299.1674	0
635	39	674.6976	166.6226	0
635	40	803.1505	177.2344	0
635	41	417.7915	202.1786	0
635	42	372.3553	215.5215	0
635	43	483.0522	197.1765	0
636	1	424.5031	187.6292	0
636	2	745.5734	190.1073	0
636	3	420.632	180.1082	0
636	4	515.4495	168.3546	0
636	5	165.2841	247.4186	0
636	6	574.2943	221.9559	0
636	7	413.4478	213.2471	0
636	8	404.4212	251.5011	0
636	9	776.6432	188.3127	0
636	10	267.0068	227.0081	0
636	11	768.7507	155.1799	0
636	12	696.1037	156.368	0
636	13	465.3882	168.6042	0
636	14	698.2632	184.3864	0
636	15	728.5461	170.2485	0
636	16	553.3105	194.1074	0
636	17	645.3607	176.8756	0
636	18	701.9961	171.1346	0
636	19	307.9871	241.792	0
636	20	490.1456	226.9026	0
636	21	-46.56984	247.1956	0
636	22	33.61012	263.764	0
636	23	526.5368	185.3765	0
636	24	713.985	164.3835	0
636	25	350.8205	254.9059	0
636	26	681.5031	197.4218	0
636	27	748.3409	208.1927	0
636	28	53.09148	210.4106	0
636	29	682.3199	152.2947	0
636	30	645.9052	153.7941	0
636	31	215.2882	272.8793	0
636	32	734.915	145.2541	0
636	33	757.2664	161.9836	0
636	34	367.1839	182.9378	0
636	35	-120.4213	340.9575	0
636	36	351.065	206.5576	0
636	37	467.1315	185.9883	0
636	38	265.7786	299.1674	0
636	39	674.6976	166.6226	0
636	40	803.1505	177.2344	0
636	41	417.7915	202.1786	0
636	42	372.3553	215.5215	0
636	43	483.0522	197.1765	0
637	1	424.5031	187.6292	0
637	2	745.5734	190.1073	0
637	3	420.632	180.1082	0
637	4	515.4495	168.3546	0
637	5	165.2841	247.4186	0
637	6	574.2943	221.9559	0
637	7	413.4478	213.2471	0
637	8	404.4212	251.5011	0
637	9	776.6432	188.3127	0
637	10	267.0068	227.0081	0
637	11	768.7507	155.1799	0
637	12	696.1037	156.368	0
637	13	465.3882	168.6042	0
637	14	698.2632	184.3864	0
637	15	728.5461	170.2485	0
637	16	553.3105	194.1074	0
637	17	645.3607	176.8756	0
637	18	701.9961	171.1346	0
637	19	307.9871	241.792	0
637	20	490.1456	226.9026	0
637	21	-46.56984	247.1956	0
637	22	33.61012	263.764	0
637	23	526.5368	185.3765	0
637	24	713.985	164.3835	0
637	25	350.8205	254.9059	0
637	26	681.5031	197.4218	0
637	27	748.3409	208.1927	0
637	28	53.09148	210.4106	0
637	29	682.3199	152.2947	0
637	30	645.9052	153.7941	0
637	31	215.2882	272.8793	0
637	32	734.915	145.2541	0
637	33	757.2664	161.9836	0
637	34	367.1839	182.9378	0
637	35	-120.4213	340.9575	0
637	36	351.065	206.5576	0
637	37	467.1315	185.9883	0
637	38	265.7786	299.1674	0
637	39	674.6976	166.6226	0
637	40	803.1505	177.2344	0
637	41	417.7915	202.1786	0
637	42	372.3553	215.5215	0
637	43	483.0522	197.1765	0
638	1	424.5031	187.6292	0
638	2	745.5734	190.1073	0
638	3	420.632	180.1082	0
638	4	515.4495	168.3546	0
638	5	165.2841	247.4186	0
638	6	574.2943	221.9559	0
638	7	413.4478	213.2471	0
638	8	404.4212	251.5011	0
638	9	776.6432	188.3127	0
638	10	267.0068	227.0081	0
638	11	768.7507	155.1799	0
638	12	696.1037	156.368	0
638	13	465.3882	168.6042	0
638	14	698.2632	184.3864	0
638	15	728.5461	170.2485	0
638	16	553.3105	194.1074	0
638	17	645.3607	176.8756	0
638	18	701.9961	171.1346	0
638	19	307.9871	241.792	0
638	20	490.1456	226.9026	0
638	21	-46.56984	247.1956	0
638	22	33.61012	263.764	0
638	23	526.5368	185.3765	0
638	24	713.985	164.3835	0
638	25	350.8205	254.9059	0
638	26	681.5031	197.4218	0
638	27	748.3409	208.1927	0
638	28	53.09148	210.4106	0
638	29	682.3199	152.2947	0
638	30	645.9052	153.7941	0
638	31	215.2882	272.8793	0
638	32	734.915	145.2541	0
638	33	757.2664	161.9836	0
638	34	367.1839	182.9378	0
638	35	-120.4213	340.9575	0
638	36	351.065	206.5576	0
638	37	467.1315	185.9883	0
638	38	265.7786	299.1674	0
638	39	674.6976	166.6226	0
638	40	803.1505	177.2344	0
638	41	417.7915	202.1786	0
638	42	372.3553	215.5215	0
638	43	483.0522	197.1765	0
639	1	424.5031	187.6292	0
639	2	745.5734	190.1073	0
639	3	420.632	180.1082	0
639	4	515.4495	168.3546	0
639	5	165.2841	247.4186	0
639	6	574.2943	221.9559	0
639	7	413.4478	213.2471	0
639	8	404.4212	251.5011	0
639	9	776.6432	188.3127	0
639	10	267.0068	227.0081	0
639	11	768.7507	155.1799	0
639	12	696.1037	156.368	0
639	13	465.3882	168.6042	0
639	14	698.2632	184.3864	0
639	15	728.5461	170.2485	0
639	16	553.3105	194.1074	0
639	17	645.3607	176.8756	0
639	18	701.9961	171.1346	0
639	19	307.9871	241.792	0
639	20	490.1456	226.9026	0
639	21	-46.56984	247.1956	0
639	22	33.61012	263.764	0
639	23	526.5368	185.3765	0
639	24	713.985	164.3835	0
639	25	350.8205	254.9059	0
639	26	681.5031	197.4218	0
639	27	748.3409	208.1927	0
639	28	53.09148	210.4106	0
639	29	682.3199	152.2947	0
639	30	645.9052	153.7941	0
639	31	215.2882	272.8793	0
639	32	734.915	145.2541	0
639	33	757.2664	161.9836	0
639	34	367.1839	182.9378	0
639	35	-120.4213	340.9575	0
639	36	351.065	206.5576	0
639	37	467.1315	185.9883	0
639	38	265.7786	299.1674	0
639	39	674.6976	166.6226	0
639	40	803.1505	177.2344	0
639	41	417.7915	202.1786	0
639	42	372.3553	215.5215	0
639	43	483.0522	197.1765	0
640	1	424.5031	187.6292	0
640	2	745.5734	190.1073	0
640	3	420.632	180.1082	0
640	4	515.4495	168.3546	0
640	5	165.2841	247.4186	0
640	6	574.2943	221.9559	0
640	7	413.4478	213.2471	0
640	8	404.4212	251.5011	0
640	9	776.6432	188.3127	0
640	10	267.0068	227.0081	0
640	11	768.7507	155.1799	0
640	12	696.1037	156.368	0
640	13	465.3882	168.6042	0
640	14	698.2632	184.3864	0
640	15	728.5461	170.2485	0
640	16	553.3105	194.1074	0
640	17	645.3607	176.8756	0
640	18	701.9961	171.1346	0
640	19	307.9871	241.792	0
640	20	490.1456	226.9026	0
640	21	-46.56984	247.1956	0
640	22	33.61012	263.764	0
640	23	526.5368	185.3765	0
640	24	713.985	164.3835	0
640	25	350.8205	254.9059	0
640	26	681.5031	197.4218	0
640	27	748.3409	208.1927	0
640	28	53.09148	210.4106	0
640	29	682.3199	152.2947	0
640	30	645.9052	153.7941	0
640	31	215.2882	272.8793	0
640	32	734.915	145.2541	0
640	33	757.2664	161.9836	0
640	34	367.1839	182.9378	0
640	35	-120.4213	340.9575	0
640	36	351.065	206.5576	0
640	37	467.1315	185.9883	0
640	38	265.7786	299.1674	0
640	39	674.6976	166.6226	0
640	40	803.1505	177.2344	0
640	41	417.7915	202.1786	0
640	42	372.3553	215.5215	0
640	43	483.0522	197.1765	0
641	1	424.5031	187.6292	0
641	2	745.5734	190.1073	0
641	3	420.632	180.1082	0
641	4	515.4495	168.3546	0
641	5	165.2841	247.4186	0
641	6	574.2943	221.9559	0
641	7	413.4478	213.2471	0
641	8	404.4212	251.5011	0
641	9	776.6432	188.3127	0
641	10	267.0068	227.0081	0
641	11	768.7507	155.1799	0
641	12	696.1037	156.368	0
641	13	465.3882	168.6042	0
641	14	698.2632	184.3864	0
641	15	728.5461	170.2485	0
641	16	553.3105	194.1074	0
641	17	645.3607	176.8756	0
641	18	701.9961	171.1346	0
641	19	307.9871	241.792	0
641	20	490.1456	226.9026	0
641	21	-46.56984	247.1956	0
641	22	33.61012	263.764	0
641	23	526.5368	185.3765	0
641	24	713.985	164.3835	0
641	25	350.8205	254.9059	0
641	26	681.5031	197.4218	0
641	27	748.3409	208.1927	0
641	28	53.09148	210.4106	0
641	29	682.3199	152.2947	0
641	30	645.9052	153.7941	0
641	31	215.2882	272.8793	0
641	32	734.915	145.2541	0
641	33	757.2664	161.9836	0
641	34	367.1839	182.9378	0
641	35	-120.4213	340.9575	0
641	36	351.065	206.5576	0
641	37	467.1315	185.9883	0
641	38	265.7786	299.1674	0
641	39	674.6976	166.6226	0
641	40	803.1505	177.2344	0
641	41	417.7915	202.1786	0
641	42	372.3553	215.5215	0
641	43	483.0522	197.1765	0
642	1	424.5031	187.6292	0
642	2	745.5734	190.1073	0
642	3	420.632	180.1082	0
642	4	515.4495	168.3546	0
642	5	165.2841	247.4186	0
642	6	574.2943	221.9559	0
642	7	413.4478	213.2471	0
642	8	404.4212	251.5011	0
642	9	776.6432	188.3127	0
642	10	267.0068	227.0081	0
642	11	768.7507	155.1799	0
642	12	696.1037	156.368	0
642	13	465.3882	168.6042	0
642	14	698.2632	184.3864	0
642	15	728.5461	170.2485	0
642	16	553.3105	194.1074	0
642	17	645.3607	176.8756	0
642	18	701.9961	171.1346	0
642	19	307.9871	241.792	0
642	20	490.1456	226.9026	0
642	21	-46.56984	247.1956	0
642	22	33.61012	263.764	0
642	23	526.5368	185.3765	0
642	24	713.985	164.3835	0
642	25	350.8205	254.9059	0
642	26	681.5031	197.4218	0
642	27	748.3409	208.1927	0
642	28	53.09148	210.4106	0
642	29	682.3199	152.2947	0
642	30	645.9052	153.7941	0
642	31	215.2882	272.8793	0
642	32	734.915	145.2541	0
642	33	757.2664	161.9836	0
642	34	367.1839	182.9378	0
642	35	-120.4213	340.9575	0
642	36	351.065	206.5576	0
642	37	467.1315	185.9883	0
642	38	265.7786	299.1674	0
642	39	674.6976	166.6226	0
642	40	803.1505	177.2344	0
642	41	417.7915	202.1786	0
642	42	372.3553	215.5215	0
642	43	483.0522	197.1765	0
643	1	424.5031	187.6292	0
643	2	745.5734	190.1073	0
643	3	420.632	180.1082	0
643	4	515.4495	168.3546	0
643	5	165.2841	247.4186	0
643	6	574.2943	221.9559	0
643	7	413.4478	213.2471	0
643	8	404.4212	251.5011	0
643	9	776.6432	188.3127	0
643	10	267.0068	227.0081	0
643	11	768.7507	155.1799	0
643	12	696.1037	156.368	0
643	13	465.3882	168.6042	0
643	14	698.2632	184.3864	0
643	15	728.5461	170.2485	0
643	16	553.3105	194.1074	0
643	17	645.3607	176.8756	0
643	18	701.9961	171.1346	0
643	19	307.9871	241.792	0
643	20	490.1456	226.9026	0
643	21	-46.56984	247.1956	0
643	22	33.61012	263.764	0
643	23	526.5368	185.3765	0
643	24	713.985	164.3835	0
643	25	350.8205	254.9059	0
643	26	681.5031	197.4218	0
643	27	748.3409	208.1927	0
643	28	53.09148	210.4106	0
643	29	682.3199	152.2947	0
643	30	645.9052	153.7941	0
643	31	215.2882	272.8793	0
643	32	734.915	145.2541	0
643	33	757.2664	161.9836	0
643	34	367.1839	182.9378	0
643	35	-120.4213	340.9575	0
643	36	351.065	206.5576	0
643	37	467.1315	185.9883	0
643	38	265.7786	299.1674	0
643	39	674.6976	166.6226	0
643	40	803.1505	177.2344	0
643	41	417.7915	202.1786	0
643	42	372.3553	215.5215	0
643	43	483.0522	197.1765	0
644	1	424.5031	187.6292	0
644	2	745.5734	190.1073	0
644	3	420.632	180.1082	0
644	4	515.4495	168.3546	0
644	5	165.2841	247.4186	0
644	6	574.2943	221.9559	0
644	7	413.4478	213.2471	0
644	8	404.4212	251.5011	0
644	9	776.6432	188.3127	0
644	10	267.0068	227.0081	0
644	11	768.7507	155.1799	0
644	12	696.1037	156.368	0
644	13	465.3882	168.6042	0
644	14	698.2632	184.3864	0
644	15	728.5461	170.2485	0
644	16	553.3105	194.1074	0
644	17	645.3607	176.8756	0
644	18	701.9961	171.1346	0
644	19	307.9871	241.792	0
644	20	490.1456	226.9026	0
644	21	-46.56984	247.1956	0
644	22	33.61012	263.764	0
644	23	526.5368	185.3765	0
644	24	713.985	164.3835	0
644	25	350.8205	254.9059	0
644	26	681.5031	197.4218	0
644	27	748.3409	208.1927	0
644	28	53.09148	210.4106	0
644	29	682.3199	152.2947	0
644	30	645.9052	153.7941	0
644	31	215.2882	272.8793	0
644	32	734.915	145.2541	0
644	33	757.2664	161.9836	0
644	34	367.1839	182.9378	0
644	35	-120.4213	340.9575	0
644	36	351.065	206.5576	0
644	37	467.1315	185.9883	0
644	38	265.7786	299.1674	0
644	39	674.6976	166.6226	0
644	40	803.1505	177.2344	0
644	41	417.7915	202.1786	0
644	42	372.3553	215.5215	0
644	43	483.0522	197.1765	0
645	1	424.5031	187.6292	0
645	2	745.5734	190.1073	0
645	3	420.632	180.1082	0
645	4	515.4495	168.3546	0
645	5	165.2841	247.4186	0
645	6	574.2943	221.9559	0
645	7	413.4478	213.2471	0
645	8	404.4212	251.5011	0
645	9	776.6432	188.3127	0
645	10	267.0068	227.0081	0
645	11	768.7507	155.1799	0
645	12	696.1037	156.368	0
645	13	465.3882	168.6042	0
645	14	698.2632	184.3864	0
645	15	728.5461	170.2485	0
645	16	553.3105	194.1074	0
645	17	645.3607	176.8756	0
645	18	701.9961	171.1346	0
645	19	307.9871	241.792	0
645	20	490.1456	226.9026	0
645	21	-46.56984	247.1956	0
645	22	33.61012	263.764	0
645	23	526.5368	185.3765	0
645	24	713.985	164.3835	0
645	25	350.8205	254.9059	0
645	26	681.5031	197.4218	0
645	27	748.3409	208.1927	0
645	28	53.09148	210.4106	0
645	29	682.3199	152.2947	0
645	30	645.9052	153.7941	0
645	31	215.2882	272.8793	0
645	32	734.915	145.2541	0
645	33	757.2664	161.9836	0
645	34	367.1839	182.9378	0
645	35	-120.4213	340.9575	0
645	36	351.065	206.5576	0
645	37	467.1315	185.9883	0
645	38	265.7786	299.1674	0
645	39	674.6976	166.6226	0
645	40	803.1505	177.2344	0
645	41	417.7915	202.1786	0
645	42	372.3553	215.5215	0
645	43	483.0522	197.1765	0
646	1	424.5031	187.6292	0
646	2	745.5734	190.1073	0
646	3	420.632	180.1082	0
646	4	515.4495	168.3546	0
646	5	165.2841	247.4186	0
646	6	574.2943	221.9559	0
646	7	413.4478	213.2471	0
646	8	404.4212	251.5011	0
646	9	776.6432	188.3127	0
646	10	267.0068	227.0081	0
646	11	768.7507	155.1799	0
646	12	696.1037	156.368	0
646	13	465.3882	168.6042	0
646	14	698.2632	184.3864	0
646	15	728.5461	170.2485	0
646	16	553.3105	194.1074	0
646	17	645.3607	176.8756	0
646	18	701.9961	171.1346	0
646	19	307.9871	241.792	0
646	20	490.1456	226.9026	0
646	21	-46.56984	247.1956	0
646	22	33.61012	263.764	0
646	23	526.5368	185.3765	0
646	24	713.985	164.3835	0
646	25	350.8205	254.9059	0
646	26	681.5031	197.4218	0
646	27	748.3409	208.1927	0
646	28	53.09148	210.4106	0
646	29	682.3199	152.2947	0
646	30	645.9052	153.7941	0
646	31	215.2882	272.8793	0
646	32	734.915	145.2541	0
646	33	757.2664	161.9836	0
646	34	367.1839	182.9378	0
646	35	-120.4213	340.9575	0
646	36	351.065	206.5576	0
646	37	467.1315	185.9883	0
646	38	265.7786	299.1674	0
646	39	674.6976	166.6226	0
646	40	803.1505	177.2344	0
646	41	417.7915	202.1786	0
646	42	372.3553	215.5215	0
646	43	483.0522	197.1765	0
647	1	424.5031	187.6292	0
647	2	745.5734	190.1073	0
647	3	420.632	180.1082	0
647	4	515.4495	168.3546	0
647	5	165.2841	247.4186	0
647	6	574.2943	221.9559	0
647	7	413.4478	213.2471	0
647	8	404.4212	251.5011	0
647	9	776.6432	188.3127	0
647	10	267.0068	227.0081	0
647	11	768.7507	155.1799	0
647	12	696.1037	156.368	0
647	13	465.3882	168.6042	0
647	14	698.2632	184.3864	0
647	15	728.5461	170.2485	0
647	16	553.3105	194.1074	0
647	17	645.3607	176.8756	0
647	18	701.9961	171.1346	0
647	19	307.9871	241.792	0
647	20	490.1456	226.9026	0
647	21	-46.56984	247.1956	0
647	22	33.61012	263.764	0
647	23	526.5368	185.3765	0
647	24	713.985	164.3835	0
647	25	350.8205	254.9059	0
647	26	681.5031	197.4218	0
647	27	748.3409	208.1927	0
647	28	53.09148	210.4106	0
647	29	682.3199	152.2947	0
647	30	645.9052	153.7941	0
647	31	215.2882	272.8793	0
647	32	734.915	145.2541	0
647	33	757.2664	161.9836	0
647	34	367.1839	182.9378	0
647	35	-120.4213	340.9575	0
647	36	351.065	206.5576	0
647	37	467.1315	185.9883	0
647	38	265.7786	299.1674	0
647	39	674.6976	166.6226	0
647	40	803.1505	177.2344	0
647	41	417.7915	202.1786	0
647	42	372.3553	215.5215	0
647	43	483.0522	197.1765	0
648	1	424.5031	187.6292	0
648	2	745.5734	190.1073	0
648	3	420.632	180.1082	0
648	4	515.4495	168.3546	0
648	5	165.2841	247.4186	0
648	6	574.2943	221.9559	0
648	7	413.4478	213.2471	0
648	8	404.4212	251.5011	0
648	9	776.6432	188.3127	0
648	10	267.0068	227.0081	0
648	11	768.7507	155.1799	0
648	12	696.1037	156.368	0
648	13	465.3882	168.6042	0
648	14	698.2632	184.3864	0
648	15	728.5461	170.2485	0
648	16	553.3105	194.1074	0
648	17	645.3607	176.8756	0
648	18	701.9961	171.1346	0
648	19	307.9871	241.792	0
648	20	490.1456	226.9026	0
648	21	-46.56984	247.1956	0
648	22	33.61012	263.764	0
648	23	526.5368	185.3765	0
648	24	713.985	164.3835	0
648	25	350.8205	254.9059	0
648	26	681.5031	197.4218	0
648	27	748.3409	208.1927	0
648	28	53.09148	210.4106	0
648	29	682.3199	152.2947	0
648	30	645.9052	153.7941	0
648	31	215.2882	272.8793	0
648	32	734.915	145.2541	0
648	33	757.2664	161.9836	0
648	34	367.1839	182.9378	0
648	35	-120.4213	340.9575	0
648	36	351.065	206.5576	0
648	37	467.1315	185.9883	0
648	38	265.7786	299.1674	0
648	39	674.6976	166.6226	0
648	40	803.1505	177.2344	0
648	41	417.7915	202.1786	0
648	42	372.3553	215.5215	0
648	43	483.0522	197.1765	0
649	1	424.5031	187.6292	0
649	2	745.5734	190.1073	0
649	3	420.632	180.1082	0
649	4	515.4495	168.3546	0
649	5	165.2841	247.4186	0
649	6	574.2943	221.9559	0
649	7	413.4478	213.2471	0
649	8	404.4212	251.5011	0
649	9	776.6432	188.3127	0
649	10	267.0068	227.0081	0
649	11	768.7507	155.1799	0
649	12	696.1037	156.368	0
649	13	465.3882	168.6042	0
649	14	698.2632	184.3864	0
649	15	728.5461	170.2485	0
649	16	553.3105	194.1074	0
649	17	645.3607	176.8756	0
649	18	701.9961	171.1346	0
649	19	307.9871	241.792	0
649	20	490.1456	226.9026	0
649	21	-46.56984	247.1956	0
649	22	33.61012	263.764	0
649	23	526.5368	185.3765	0
649	24	713.985	164.3835	0
649	25	350.8205	254.9059	0
649	26	681.5031	197.4218	0
649	27	748.3409	208.1927	0
649	28	53.09148	210.4106	0
649	29	682.3199	152.2947	0
649	30	645.9052	153.7941	0
649	31	215.2882	272.8793	0
649	32	734.915	145.2541	0
649	33	757.2664	161.9836	0
649	34	367.1839	182.9378	0
649	35	-120.4213	340.9575	0
649	36	351.065	206.5576	0
649	37	467.1315	185.9883	0
649	38	265.7786	299.1674	0
649	39	674.6976	166.6226	0
649	40	803.1505	177.2344	0
649	41	417.7915	202.1786	0
649	42	372.3553	215.5215	0
649	43	483.0522	197.1765	0
650	1	424.5031	187.6292	0
650	2	745.5734	190.1073	0
650	3	420.632	180.1082	0
650	4	515.4495	168.3546	0
650	5	165.2841	247.4186	0
650	6	574.2943	221.9559	0
650	7	413.4478	213.2471	0
650	8	404.4212	251.5011	0
650	9	776.6432	188.3127	0
650	10	267.0068	227.0081	0
650	11	768.7507	155.1799	0
650	12	696.1037	156.368	0
650	13	465.3882	168.6042	0
650	14	698.2632	184.3864	0
650	15	728.5461	170.2485	0
650	16	553.3105	194.1074	0
650	17	645.3607	176.8756	0
650	18	701.9961	171.1346	0
650	19	307.9871	241.792	0
650	20	490.1456	226.9026	0
650	21	-46.56984	247.1956	0
650	22	33.61012	263.764	0
650	23	526.5368	185.3765	0
650	24	713.985	164.3835	0
650	25	350.8205	254.9059	0
650	26	681.5031	197.4218	0
650	27	748.3409	208.1927	0
650	28	53.09148	210.4106	0
650	29	682.3199	152.2947	0
650	30	645.9052	153.7941	0
650	31	215.2882	272.8793	0
650	32	734.915	145.2541	0
650	33	757.2664	161.9836	0
650	34	367.1839	182.9378	0
650	35	-120.4213	340.9575	0
650	36	351.065	206.5576	0
650	37	467.1315	185.9883	0
650	38	265.7786	299.1674	0
650	39	674.6976	166.6226	0
650	40	803.1505	177.2344	0
650	41	417.7915	202.1786	0
650	42	372.3553	215.5215	0
650	43	483.0522	197.1765	0
651	1	424.5031	187.6292	0
651	2	745.5734	190.1073	0
651	3	420.632	180.1082	0
651	4	515.4495	168.3546	0
651	5	165.2841	247.4186	0
651	6	574.2943	221.9559	0
651	7	413.4478	213.2471	0
651	8	404.4212	251.5011	0
651	9	776.6432	188.3127	0
651	10	267.0068	227.0081	0
651	11	768.7507	155.1799	0
651	12	696.1037	156.368	0
651	13	465.3882	168.6042	0
651	14	698.2632	184.3864	0
651	15	728.5461	170.2485	0
651	16	553.3105	194.1074	0
651	17	645.3607	176.8756	0
651	18	701.9961	171.1346	0
651	19	307.9871	241.792	0
651	20	490.1456	226.9026	0
651	21	-46.56984	247.1956	0
651	22	33.61012	263.764	0
651	23	526.5368	185.3765	0
651	24	713.985	164.3835	0
651	25	350.8205	254.9059	0
651	26	681.5031	197.4218	0
651	27	748.3409	208.1927	0
651	28	53.09148	210.4106	0
651	29	682.3199	152.2947	0
651	30	645.9052	153.7941	0
651	31	215.2882	272.8793	0
651	32	734.915	145.2541	0
651	33	757.2664	161.9836	0
651	34	367.1839	182.9378	0
651	35	-120.4213	340.9575	0
651	36	351.065	206.5576	0
651	37	467.1315	185.9883	0
651	38	265.7786	299.1674	0
651	39	674.6976	166.6226	0
651	40	803.1505	177.2344	0
651	41	417.7915	202.1786	0
651	42	372.3553	215.5215	0
651	43	483.0522	197.1765	0
652	1	424.5031	187.6292	0
652	2	745.5734	190.1073	0
652	3	420.632	180.1082	0
652	4	515.4495	168.3546	0
652	5	165.2841	247.4186	0
652	6	574.2943	221.9559	0
652	7	413.4478	213.2471	0
652	8	404.4212	251.5011	0
652	9	776.6432	188.3127	0
652	10	267.0068	227.0081	0
652	11	768.7507	155.1799	0
652	12	696.1037	156.368	0
652	13	465.3882	168.6042	0
652	14	698.2632	184.3864	0
652	15	728.5461	170.2485	0
652	16	553.3105	194.1074	0
652	17	645.3607	176.8756	0
652	18	701.9961	171.1346	0
652	19	307.9871	241.792	0
652	20	490.1456	226.9026	0
652	21	-46.56984	247.1956	0
652	22	33.61012	263.764	0
652	23	526.5368	185.3765	0
652	24	713.985	164.3835	0
652	25	350.8205	254.9059	0
652	26	681.5031	197.4218	0
652	27	748.3409	208.1927	0
652	28	53.09148	210.4106	0
652	29	682.3199	152.2947	0
652	30	645.9052	153.7941	0
652	31	215.2882	272.8793	0
652	32	734.915	145.2541	0
652	33	757.2664	161.9836	0
652	34	367.1839	182.9378	0
652	35	-120.4213	340.9575	0
652	36	351.065	206.5576	0
652	37	467.1315	185.9883	0
652	38	265.7786	299.1674	0
652	39	674.6976	166.6226	0
652	40	803.1505	177.2344	0
652	41	417.7915	202.1786	0
652	42	372.3553	215.5215	0
652	43	483.0522	197.1765	0
63	1	424.3818	187.6923	0
63	2	745.5588	190.0812	0
63	3	422.5529	179.835	0
63	4	515.2344	168.5691	0
63	5	167.3722	246.8608	0
63	6	573.4883	221.7539	0
63	7	411.4545	213.1335	0
63	8	403.6548	250.916	0
63	9	777.0521	188.1733	0
63	10	266.1223	226.9452	0
63	11	769.9765	155.3549	0
63	12	697.7296	156.6292	0
63	13	464.3965	168.748	0
63	14	699.3117	184.4442	0
63	15	727.0898	169.8743	0
63	16	551.5937	194.1818	0
63	17	646.1251	177.2288	0
63	18	703.1254	171.3285	0
63	19	306.7048	242.3736	0
63	20	490.6569	227.5306	0
63	21	-42.72445	246.004	0
63	22	35.53141	263.7546	0
63	23	525.6269	185.4801	0
63	24	714.0154	164.2847	0
63	25	350.1142	255.8354	0
63	26	682.6317	197.2983	0
63	27	745.8904	207.6087	0
63	28	52.13161	210.101	0
63	29	682.7501	152.3512	0
63	30	644.9718	153.9485	0
63	31	218.3172	272.7823	0
63	32	735.4647	145.2385	0
63	33	755.4481	161.8158	0
63	34	366.2355	183.3221	0
63	35	-117.854	339.692	0
63	36	351.6758	206.3338	0
63	37	466.9317	186.3741	0
63	38	264.6914	298.4685	0
63	39	674.3669	166.8018	0
63	40	804.4621	177.4074	0
63	41	418.4874	202.0237	0
63	42	371.3703	216.3143	0
63	43	483.4415	197.8195	0
64	1	424.3818	187.6923	0
64	2	745.5588	190.0812	0
64	3	422.5529	179.835	0
64	4	515.2344	168.5691	0
64	5	167.3722	246.8608	0
64	6	573.4883	221.7539	0
64	7	411.4545	213.1335	0
64	8	403.6548	250.916	0
64	9	777.0521	188.1733	0
64	10	266.1223	226.9452	0
64	11	769.9765	155.3549	0
64	12	697.7296	156.6292	0
64	13	464.3965	168.748	0
64	14	699.3117	184.4442	0
64	15	727.0898	169.8743	0
64	16	551.5937	194.1818	0
64	17	646.1251	177.2288	0
64	18	703.1254	171.3285	0
64	19	306.7048	242.3736	0
64	20	490.6569	227.5306	0
64	21	-42.72445	246.004	0
64	22	35.53141	263.7546	0
64	23	525.6269	185.4801	0
64	24	714.0154	164.2847	0
64	25	350.1142	255.8354	0
64	26	682.6317	197.2983	0
64	27	745.8904	207.6087	0
64	28	52.13161	210.101	0
64	29	682.7501	152.3512	0
64	30	644.9718	153.9485	0
64	31	218.3172	272.7823	0
64	32	735.4647	145.2385	0
64	33	755.4481	161.8158	0
64	34	366.2355	183.3221	0
64	35	-117.854	339.692	0
64	36	351.6758	206.3338	0
64	37	466.9317	186.3741	0
64	38	264.6914	298.4685	0
64	39	674.3669	166.8018	0
64	40	804.4621	177.4074	0
64	41	418.4874	202.0237	0
64	42	371.3703	216.3143	0
64	43	483.4415	197.8195	0
65	1	424.3818	187.6923	0
65	2	745.5588	190.0812	0
65	3	422.5529	179.835	0
65	4	515.2344	168.5691	0
65	5	167.3722	246.8608	0
65	6	573.4883	221.7539	0
65	7	411.4545	213.1335	0
65	8	403.6548	250.916	0
65	9	777.0521	188.1733	0
65	10	266.1223	226.9452	0
65	11	769.9765	155.3549	0
65	12	697.7296	156.6292	0
65	13	464.3965	168.748	0
65	14	699.3117	184.4442	0
65	15	727.0898	169.8743	0
65	16	551.5937	194.1818	0
65	17	646.1251	177.2288	0
65	18	703.1254	171.3285	0
65	19	306.7048	242.3736	0
65	20	490.6569	227.5306	0
65	21	-42.72445	246.004	0
65	22	35.53141	263.7546	0
65	23	525.6269	185.4801	0
65	24	714.0154	164.2847	0
65	25	350.1142	255.8354	0
65	26	682.6317	197.2983	0
65	27	745.8904	207.6087	0
65	28	52.13161	210.101	0
65	29	682.7501	152.3512	0
65	30	644.9718	153.9485	0
65	31	218.3172	272.7823	0
65	32	735.4647	145.2385	0
65	33	755.4481	161.8158	0
65	34	366.2355	183.3221	0
65	35	-117.854	339.692	0
65	36	351.6758	206.3338	0
65	37	466.9317	186.3741	0
65	38	264.6914	298.4685	0
65	39	674.3669	166.8018	0
65	40	804.4621	177.4074	0
65	41	418.4874	202.0237	0
65	42	371.3703	216.3143	0
65	43	483.4415	197.8195	0
66	1	424.3818	187.6923	0
66	2	745.5588	190.0812	0
66	3	422.5529	179.835	0
66	4	515.2344	168.5691	0
66	5	167.3722	246.8608	0
66	6	573.4883	221.7539	0
66	7	411.4545	213.1335	0
66	8	403.6548	250.916	0
66	9	777.0521	188.1733	0
66	10	266.1223	226.9452	0
66	11	769.9765	155.3549	0
66	12	697.7296	156.6292	0
66	13	464.3965	168.748	0
66	14	699.3117	184.4442	0
66	15	727.0898	169.8743	0
66	16	551.5937	194.1818	0
66	17	646.1251	177.2288	0
66	18	703.1254	171.3285	0
66	19	306.7048	242.3736	0
66	20	490.6569	227.5306	0
66	21	-42.72445	246.004	0
66	22	35.53141	263.7546	0
66	23	525.6269	185.4801	0
66	24	714.0154	164.2847	0
66	25	350.1142	255.8354	0
66	26	682.6317	197.2983	0
66	27	745.8904	207.6087	0
66	28	52.13161	210.101	0
66	29	682.7501	152.3512	0
66	30	644.9718	153.9485	0
66	31	218.3172	272.7823	0
66	32	735.4647	145.2385	0
66	33	755.4481	161.8158	0
66	34	366.2355	183.3221	0
66	35	-117.854	339.692	0
66	36	351.6758	206.3338	0
66	37	466.9317	186.3741	0
66	38	264.6914	298.4685	0
66	39	674.3669	166.8018	0
66	40	804.4621	177.4074	0
66	41	418.4874	202.0237	0
66	42	371.3703	216.3143	0
66	43	483.4415	197.8195	0
67	1	424.3818	187.6923	0
67	2	745.5588	190.0812	0
67	3	422.5529	179.835	0
67	4	515.2344	168.5691	0
67	5	167.3722	246.8608	0
67	6	573.4883	221.7539	0
67	7	411.4545	213.1335	0
67	8	403.6548	250.916	0
67	9	777.0521	188.1733	0
67	10	266.1223	226.9452	0
67	11	769.9765	155.3549	0
67	12	697.7296	156.6292	0
67	13	464.3965	168.748	0
67	14	699.3117	184.4442	0
67	15	727.0898	169.8743	0
67	16	551.5937	194.1818	0
67	17	646.1251	177.2288	0
67	18	703.1254	171.3285	0
67	19	306.7048	242.3736	0
67	20	490.6569	227.5306	0
67	21	-42.72445	246.004	0
67	22	35.53141	263.7546	0
67	23	525.6269	185.4801	0
67	24	714.0154	164.2847	0
67	25	350.1142	255.8354	0
67	26	682.6317	197.2983	0
67	27	745.8904	207.6087	0
67	28	52.13161	210.101	0
67	29	682.7501	152.3512	0
67	30	644.9718	153.9485	0
67	31	218.3172	272.7823	0
67	32	735.4647	145.2385	0
67	33	755.4481	161.8158	0
67	34	366.2355	183.3221	0
67	35	-117.854	339.692	0
67	36	351.6758	206.3338	0
67	37	466.9317	186.3741	0
67	38	264.6914	298.4685	0
67	39	674.3669	166.8018	0
67	40	804.4621	177.4074	0
67	41	418.4874	202.0237	0
67	42	371.3703	216.3143	0
67	43	483.4415	197.8195	0
68	1	424.3818	187.6923	0
68	2	745.5588	190.0812	0
68	3	422.5529	179.835	0
68	4	515.2344	168.5691	0
68	5	167.3722	246.8608	0
68	6	573.4883	221.7539	0
68	7	411.4545	213.1335	0
68	8	403.6548	250.916	0
68	9	777.0521	188.1733	0
68	10	266.1223	226.9452	0
68	11	769.9765	155.3549	0
68	12	697.7296	156.6292	0
68	13	464.3965	168.748	0
68	14	699.3117	184.4442	0
68	15	727.0898	169.8743	0
68	16	551.5937	194.1818	0
68	17	646.1251	177.2288	0
68	18	703.1254	171.3285	0
68	19	306.7048	242.3736	0
68	20	490.6569	227.5306	0
68	21	-42.72445	246.004	0
68	22	35.53141	263.7546	0
68	23	525.6269	185.4801	0
68	24	714.0154	164.2847	0
68	25	350.1142	255.8354	0
68	26	682.6317	197.2983	0
68	27	745.8904	207.6087	0
68	28	52.13161	210.101	0
68	29	682.7501	152.3512	0
68	30	644.9718	153.9485	0
68	31	218.3172	272.7823	0
68	32	735.4647	145.2385	0
68	33	755.4481	161.8158	0
68	34	366.2355	183.3221	0
68	35	-117.854	339.692	0
68	36	351.6758	206.3338	0
68	37	466.9317	186.3741	0
68	38	264.6914	298.4685	0
68	39	674.3669	166.8018	0
68	40	804.4621	177.4074	0
68	41	418.4874	202.0237	0
68	42	371.3703	216.3143	0
68	43	483.4415	197.8195	0
69	1	424.3818	187.6923	0
69	2	745.5588	190.0812	0
69	3	422.5529	179.835	0
69	4	515.2344	168.5691	0
69	5	167.3722	246.8608	0
69	6	573.4883	221.7539	0
69	7	411.4545	213.1335	0
69	8	403.6548	250.916	0
69	9	777.0521	188.1733	0
69	10	266.1223	226.9452	0
69	11	769.9765	155.3549	0
69	12	697.7296	156.6292	0
69	13	464.3965	168.748	0
69	14	699.3117	184.4442	0
69	15	727.0898	169.8743	0
69	16	551.5937	194.1818	0
69	17	646.1251	177.2288	0
69	18	703.1254	171.3285	0
69	19	306.7048	242.3736	0
69	20	490.6569	227.5306	0
69	21	-42.72445	246.004	0
69	22	35.53141	263.7546	0
69	23	525.6269	185.4801	0
69	24	714.0154	164.2847	0
69	25	350.1142	255.8354	0
69	26	682.6317	197.2983	0
69	27	745.8904	207.6087	0
69	28	52.13161	210.101	0
69	29	682.7501	152.3512	0
69	30	644.9718	153.9485	0
69	31	218.3172	272.7823	0
69	32	735.4647	145.2385	0
69	33	755.4481	161.8158	0
69	34	366.2355	183.3221	0
69	35	-117.854	339.692	0
69	36	351.6758	206.3338	0
69	37	466.9317	186.3741	0
69	38	264.6914	298.4685	0
69	39	674.3669	166.8018	0
69	40	804.4621	177.4074	0
69	41	418.4874	202.0237	0
69	42	371.3703	216.3143	0
69	43	483.4415	197.8195	0
70	1	424.3818	187.6923	0
70	2	745.5588	190.0812	0
70	3	422.5529	179.835	0
70	4	515.2344	168.5691	0
70	5	167.3722	246.8608	0
70	6	573.4883	221.7539	0
70	7	411.4545	213.1335	0
70	8	403.6548	250.916	0
70	9	777.0521	188.1733	0
70	10	266.1223	226.9452	0
70	11	769.9765	155.3549	0
70	12	697.7296	156.6292	0
70	13	464.3965	168.748	0
70	14	699.3117	184.4442	0
70	15	727.0898	169.8743	0
70	16	551.5937	194.1818	0
70	17	646.1251	177.2288	0
70	18	703.1254	171.3285	0
70	19	306.7048	242.3736	0
70	20	490.6569	227.5306	0
70	21	-42.72445	246.004	0
70	22	35.53141	263.7546	0
70	23	525.6269	185.4801	0
70	24	714.0154	164.2847	0
70	25	350.1142	255.8354	0
70	26	682.6317	197.2983	0
70	27	745.8904	207.6087	0
70	28	52.13161	210.101	0
70	29	682.7501	152.3512	0
70	30	644.9718	153.9485	0
70	31	218.3172	272.7823	0
70	32	735.4647	145.2385	0
70	33	755.4481	161.8158	0
70	34	366.2355	183.3221	0
70	35	-117.854	339.692	0
70	36	351.6758	206.3338	0
70	37	466.9317	186.3741	0
70	38	264.6914	298.4685	0
70	39	674.3669	166.8018	0
70	40	804.4621	177.4074	0
70	41	418.4874	202.0237	0
70	42	371.3703	216.3143	0
70	43	483.4415	197.8195	0
71	1	424.3818	187.6923	0
71	2	745.5588	190.0812	0
71	3	422.5529	179.835	0
71	4	515.2344	168.5691	0
71	5	167.3722	246.8608	0
71	6	573.4883	221.7539	0
71	7	411.4545	213.1335	0
71	8	403.6548	250.916	0
71	9	777.0521	188.1733	0
71	10	266.1223	226.9452	0
71	11	769.9765	155.3549	0
71	12	697.7296	156.6292	0
71	13	464.3965	168.748	0
71	14	699.3117	184.4442	0
71	15	727.0898	169.8743	0
71	16	551.5937	194.1818	0
71	17	646.1251	177.2288	0
71	18	703.1254	171.3285	0
71	19	306.7048	242.3736	0
71	20	490.6569	227.5306	0
71	21	-42.72445	246.004	0
71	22	35.53141	263.7546	0
71	23	525.6269	185.4801	0
71	24	714.0154	164.2847	0
71	25	350.1142	255.8354	0
71	26	682.6317	197.2983	0
71	27	745.8904	207.6087	0
71	28	52.13161	210.101	0
71	29	682.7501	152.3512	0
71	30	644.9718	153.9485	0
71	31	218.3172	272.7823	0
71	32	735.4647	145.2385	0
71	33	755.4481	161.8158	0
71	34	366.2355	183.3221	0
71	35	-117.854	339.692	0
71	36	351.6758	206.3338	0
71	37	466.9317	186.3741	0
71	38	264.6914	298.4685	0
71	39	674.3669	166.8018	0
71	40	804.4621	177.4074	0
71	41	418.4874	202.0237	0
71	42	371.3703	216.3143	0
71	43	483.4415	197.8195	0
72	1	424.3818	187.6923	0
72	2	745.5588	190.0812	0
72	3	422.5529	179.835	0
72	4	515.2344	168.5691	0
72	5	167.3722	246.8608	0
72	6	573.4883	221.7539	0
72	7	411.4545	213.1335	0
72	8	403.6548	250.916	0
72	9	777.0521	188.1733	0
72	10	266.1223	226.9452	0
72	11	769.9765	155.3549	0
72	12	697.7296	156.6292	0
72	13	464.3965	168.748	0
72	14	699.3117	184.4442	0
72	15	727.0898	169.8743	0
72	16	551.5937	194.1818	0
72	17	646.1251	177.2288	0
72	18	703.1254	171.3285	0
72	19	306.7048	242.3736	0
72	20	490.6569	227.5306	0
72	21	-42.72445	246.004	0
72	22	35.53141	263.7546	0
72	23	525.6269	185.4801	0
72	24	714.0154	164.2847	0
72	25	350.1142	255.8354	0
72	26	682.6317	197.2983	0
72	27	745.8904	207.6087	0
72	28	52.13161	210.101	0
72	29	682.7501	152.3512	0
72	30	644.9718	153.9485	0
72	31	218.3172	272.7823	0
72	32	735.4647	145.2385	0
72	33	755.4481	161.8158	0
72	34	366.2355	183.3221	0
72	35	-117.854	339.692	0
72	36	351.6758	206.3338	0
72	37	466.9317	186.3741	0
72	38	264.6914	298.4685	0
72	39	674.3669	166.8018	0
72	40	804.4621	177.4074	0
72	41	418.4874	202.0237	0
72	42	371.3703	216.3143	0
72	43	483.4415	197.8195	0
73	1	424.3818	187.6923	0
73	2	745.5588	190.0812	0
73	3	422.5529	179.835	0
73	4	515.2344	168.5691	0
73	5	167.3722	246.8608	0
73	6	573.4883	221.7539	0
73	7	411.4545	213.1335	0
73	8	403.6548	250.916	0
73	9	777.0521	188.1733	0
73	10	266.1223	226.9452	0
73	11	769.9765	155.3549	0
73	12	697.7296	156.6292	0
73	13	464.3965	168.748	0
73	14	699.3117	184.4442	0
73	15	727.0898	169.8743	0
73	16	551.5937	194.1818	0
73	17	646.1251	177.2288	0
73	18	703.1254	171.3285	0
73	19	306.7048	242.3736	0
73	20	490.6569	227.5306	0
73	21	-42.72445	246.004	0
73	22	35.53141	263.7546	0
73	23	525.6269	185.4801	0
73	24	714.0154	164.2847	0
73	25	350.1142	255.8354	0
73	26	682.6317	197.2983	0
73	27	745.8904	207.6087	0
73	28	52.13161	210.101	0
73	29	682.7501	152.3512	0
73	30	644.9718	153.9485	0
73	31	218.3172	272.7823	0
73	32	735.4647	145.2385	0
73	33	755.4481	161.8158	0
73	34	366.2355	183.3221	0
73	35	-117.854	339.692	0
73	36	351.6758	206.3338	0
73	37	466.9317	186.3741	0
73	38	264.6914	298.4685	0
73	39	674.3669	166.8018	0
73	40	804.4621	177.4074	0
73	41	418.4874	202.0237	0
73	42	371.3703	216.3143	0
73	43	483.4415	197.8195	0
74	1	424.3818	187.6923	0
74	2	745.5588	190.0812	0
74	3	422.5529	179.835	0
74	4	515.2344	168.5691	0
74	5	167.3722	246.8608	0
74	6	573.4883	221.7539	0
74	7	411.4545	213.1335	0
74	8	403.6548	250.916	0
74	9	777.0521	188.1733	0
74	10	266.1223	226.9452	0
74	11	769.9765	155.3549	0
74	12	697.7296	156.6292	0
74	13	464.3965	168.748	0
74	14	699.3117	184.4442	0
74	15	727.0898	169.8743	0
74	16	551.5937	194.1818	0
74	17	646.1251	177.2288	0
74	18	703.1254	171.3285	0
74	19	306.7048	242.3736	0
74	20	490.6569	227.5306	0
74	21	-42.72445	246.004	0
74	22	35.53141	263.7546	0
74	23	525.6269	185.4801	0
74	24	714.0154	164.2847	0
74	25	350.1142	255.8354	0
74	26	682.6317	197.2983	0
74	27	745.8904	207.6087	0
74	28	52.13161	210.101	0
74	29	682.7501	152.3512	0
74	30	644.9718	153.9485	0
74	31	218.3172	272.7823	0
74	32	735.4647	145.2385	0
74	33	755.4481	161.8158	0
74	34	366.2355	183.3221	0
74	35	-117.854	339.692	0
74	36	351.6758	206.3338	0
74	37	466.9317	186.3741	0
74	38	264.6914	298.4685	0
74	39	674.3669	166.8018	0
74	40	804.4621	177.4074	0
74	41	418.4874	202.0237	0
74	42	371.3703	216.3143	0
74	43	483.4415	197.8195	0
75	1	424.3818	187.6923	0
75	2	745.5588	190.0812	0
75	3	422.5529	179.835	0
75	4	515.2344	168.5691	0
75	5	167.3722	246.8608	0
75	6	573.4883	221.7539	0
75	7	411.4545	213.1335	0
75	8	403.6548	250.916	0
75	9	777.0521	188.1733	0
75	10	266.1223	226.9452	0
75	11	769.9765	155.3549	0
75	12	697.7296	156.6292	0
75	13	464.3965	168.748	0
75	14	699.3117	184.4442	0
75	15	727.0898	169.8743	0
75	16	551.5937	194.1818	0
75	17	646.1251	177.2288	0
75	18	703.1254	171.3285	0
75	19	306.7048	242.3736	0
75	20	490.6569	227.5306	0
75	21	-42.72445	246.004	0
75	22	35.53141	263.7546	0
75	23	525.6269	185.4801	0
75	24	714.0154	164.2847	0
75	25	350.1142	255.8354	0
75	26	682.6317	197.2983	0
75	27	745.8904	207.6087	0
75	28	52.13161	210.101	0
75	29	682.7501	152.3512	0
75	30	644.9718	153.9485	0
75	31	218.3172	272.7823	0
75	32	735.4647	145.2385	0
75	33	755.4481	161.8158	0
75	34	366.2355	183.3221	0
75	35	-117.854	339.692	0
75	36	351.6758	206.3338	0
75	37	466.9317	186.3741	0
75	38	264.6914	298.4685	0
75	39	674.3669	166.8018	0
75	40	804.4621	177.4074	0
75	41	418.4874	202.0237	0
75	42	371.3703	216.3143	0
75	43	483.4415	197.8195	0
76	1	424.3818	187.6923	0
76	2	745.5588	190.0812	0
76	3	422.5529	179.835	0
76	4	515.2344	168.5691	0
76	5	167.3722	246.8608	0
76	6	573.4883	221.7539	0
76	7	411.4545	213.1335	0
76	8	403.6548	250.916	0
76	9	777.0521	188.1733	0
76	10	266.1223	226.9452	0
76	11	769.9765	155.3549	0
76	12	697.7296	156.6292	0
76	13	464.3965	168.748	0
76	14	699.3117	184.4442	0
76	15	727.0898	169.8743	0
76	16	551.5937	194.1818	0
76	17	646.1251	177.2288	0
76	18	703.1254	171.3285	0
76	19	306.7048	242.3736	0
76	20	490.6569	227.5306	0
76	21	-42.72445	246.004	0
76	22	35.53141	263.7546	0
76	23	525.6269	185.4801	0
76	24	714.0154	164.2847	0
76	25	350.1142	255.8354	0
76	26	682.6317	197.2983	0
76	27	745.8904	207.6087	0
76	28	52.13161	210.101	0
76	29	682.7501	152.3512	0
76	30	644.9718	153.9485	0
76	31	218.3172	272.7823	0
76	32	735.4647	145.2385	0
76	33	755.4481	161.8158	0
76	34	366.2355	183.3221	0
76	35	-117.854	339.692	0
76	36	351.6758	206.3338	0
76	37	466.9317	186.3741	0
76	38	264.6914	298.4685	0
76	39	674.3669	166.8018	0
76	40	804.4621	177.4074	0
76	41	418.4874	202.0237	0
76	42	371.3703	216.3143	0
76	43	483.4415	197.8195	0
77	1	424.3818	187.6923	0
77	2	745.5588	190.0812	0
77	3	422.5529	179.835	0
77	4	515.2344	168.5691	0
77	5	167.3722	246.8608	0
77	6	573.4883	221.7539	0
77	7	411.4545	213.1335	0
77	8	403.6548	250.916	0
77	9	777.0521	188.1733	0
77	10	266.1223	226.9452	0
77	11	769.9765	155.3549	0
77	12	697.7296	156.6292	0
77	13	464.3965	168.748	0
77	14	699.3117	184.4442	0
77	15	727.0898	169.8743	0
77	16	551.5937	194.1818	0
77	17	646.1251	177.2288	0
77	18	703.1254	171.3285	0
77	19	306.7048	242.3736	0
77	20	490.6569	227.5306	0
77	21	-42.72445	246.004	0
77	22	35.53141	263.7546	0
77	23	525.6269	185.4801	0
77	24	714.0154	164.2847	0
77	25	350.1142	255.8354	0
77	26	682.6317	197.2983	0
77	27	745.8904	207.6087	0
77	28	52.13161	210.101	0
77	29	682.7501	152.3512	0
77	30	644.9718	153.9485	0
77	31	218.3172	272.7823	0
77	32	735.4647	145.2385	0
77	33	755.4481	161.8158	0
77	34	366.2355	183.3221	0
77	35	-117.854	339.692	0
77	36	351.6758	206.3338	0
77	37	466.9317	186.3741	0
77	38	264.6914	298.4685	0
77	39	674.3669	166.8018	0
77	40	804.4621	177.4074	0
77	41	418.4874	202.0237	0
77	42	371.3703	216.3143	0
77	43	483.4415	197.8195	0
78	1	424.3818	187.6923	0
78	2	745.5588	190.0812	0
78	3	422.5529	179.835	0
78	4	515.2344	168.5691	0
78	5	167.3722	246.8608	0
78	6	573.4883	221.7539	0
78	7	411.4545	213.1335	0
78	8	403.6548	250.916	0
78	9	777.0521	188.1733	0
78	10	266.1223	226.9452	0
78	11	769.9765	155.3549	0
78	12	697.7296	156.6292	0
78	13	464.3965	168.748	0
78	14	699.3117	184.4442	0
78	15	727.0898	169.8743	0
78	16	551.5937	194.1818	0
78	17	646.1251	177.2288	0
78	18	703.1254	171.3285	0
78	19	306.7048	242.3736	0
78	20	490.6569	227.5306	0
78	21	-42.72445	246.004	0
78	22	35.53141	263.7546	0
78	23	525.6269	185.4801	0
78	24	714.0154	164.2847	0
78	25	350.1142	255.8354	0
78	26	682.6317	197.2983	0
78	27	745.8904	207.6087	0
78	28	52.13161	210.101	0
78	29	682.7501	152.3512	0
78	30	644.9718	153.9485	0
78	31	218.3172	272.7823	0
78	32	735.4647	145.2385	0
78	33	755.4481	161.8158	0
78	34	366.2355	183.3221	0
78	35	-117.854	339.692	0
78	36	351.6758	206.3338	0
78	37	466.9317	186.3741	0
78	38	264.6914	298.4685	0
78	39	674.3669	166.8018	0
78	40	804.4621	177.4074	0
78	41	418.4874	202.0237	0
78	42	371.3703	216.3143	0
78	43	483.4415	197.8195	0
79	1	424.3818	187.6923	0
79	2	745.5588	190.0812	0
79	3	422.5529	179.835	0
79	4	515.2344	168.5691	0
79	5	167.3722	246.8608	0
79	6	573.4883	221.7539	0
79	7	411.4545	213.1335	0
79	8	403.6548	250.916	0
79	9	777.0521	188.1733	0
79	10	266.1223	226.9452	0
79	11	769.9765	155.3549	0
79	12	697.7296	156.6292	0
79	13	464.3965	168.748	0
79	14	699.3117	184.4442	0
79	15	727.0898	169.8743	0
79	16	551.5937	194.1818	0
79	17	646.1251	177.2288	0
79	18	703.1254	171.3285	0
79	19	306.7048	242.3736	0
79	20	490.6569	227.5306	0
79	21	-42.72445	246.004	0
79	22	35.53141	263.7546	0
79	23	525.6269	185.4801	0
79	24	714.0154	164.2847	0
79	25	350.1142	255.8354	0
79	26	682.6317	197.2983	0
79	27	745.8904	207.6087	0
79	28	52.13161	210.101	0
79	29	682.7501	152.3512	0
79	30	644.9718	153.9485	0
79	31	218.3172	272.7823	0
79	32	735.4647	145.2385	0
79	33	755.4481	161.8158	0
79	34	366.2355	183.3221	0
79	35	-117.854	339.692	0
79	36	351.6758	206.3338	0
79	37	466.9317	186.3741	0
79	38	264.6914	298.4685	0
79	39	674.3669	166.8018	0
79	40	804.4621	177.4074	0
79	41	418.4874	202.0237	0
79	42	371.3703	216.3143	0
79	43	483.4415	197.8195	0
80	1	424.3818	187.6923	0
80	2	745.5588	190.0812	0
80	3	422.5529	179.835	0
80	4	515.2344	168.5691	0
80	5	167.3722	246.8608	0
80	6	573.4883	221.7539	0
80	7	411.4545	213.1335	0
80	8	403.6548	250.916	0
80	9	777.0521	188.1733	0
80	10	266.1223	226.9452	0
80	11	769.9765	155.3549	0
80	12	697.7296	156.6292	0
80	13	464.3965	168.748	0
80	14	699.3117	184.4442	0
80	15	727.0898	169.8743	0
80	16	551.5937	194.1818	0
80	17	646.1251	177.2288	0
80	18	703.1254	171.3285	0
80	19	306.7048	242.3736	0
80	20	490.6569	227.5306	0
80	21	-42.72445	246.004	0
80	22	35.53141	263.7546	0
80	23	525.6269	185.4801	0
80	24	714.0154	164.2847	0
80	25	350.1142	255.8354	0
80	26	682.6317	197.2983	0
80	27	745.8904	207.6087	0
80	28	52.13161	210.101	0
80	29	682.7501	152.3512	0
80	30	644.9718	153.9485	0
80	31	218.3172	272.7823	0
80	32	735.4647	145.2385	0
80	33	755.4481	161.8158	0
80	34	366.2355	183.3221	0
80	35	-117.854	339.692	0
80	36	351.6758	206.3338	0
80	37	466.9317	186.3741	0
80	38	264.6914	298.4685	0
80	39	674.3669	166.8018	0
80	40	804.4621	177.4074	0
80	41	418.4874	202.0237	0
80	42	371.3703	216.3143	0
80	43	483.4415	197.8195	0
81	1	424.3818	187.6923	0
81	2	745.5588	190.0812	0
81	3	422.5529	179.835	0
81	4	515.2344	168.5691	0
81	5	167.3722	246.8608	0
81	6	573.4883	221.7539	0
81	7	411.4545	213.1335	0
81	8	403.6548	250.916	0
81	9	777.0521	188.1733	0
81	10	266.1223	226.9452	0
81	11	769.9765	155.3549	0
81	12	697.7296	156.6292	0
81	13	464.3965	168.748	0
81	14	699.3117	184.4442	0
81	15	727.0898	169.8743	0
81	16	551.5937	194.1818	0
81	17	646.1251	177.2288	0
81	18	703.1254	171.3285	0
81	19	306.7048	242.3736	0
81	20	490.6569	227.5306	0
81	21	-42.72445	246.004	0
81	22	35.53141	263.7546	0
81	23	525.6269	185.4801	0
81	24	714.0154	164.2847	0
81	25	350.1142	255.8354	0
81	26	682.6317	197.2983	0
81	27	745.8904	207.6087	0
81	28	52.13161	210.101	0
81	29	682.7501	152.3512	0
81	30	644.9718	153.9485	0
81	31	218.3172	272.7823	0
81	32	735.4647	145.2385	0
81	33	755.4481	161.8158	0
81	34	366.2355	183.3221	0
81	35	-117.854	339.692	0
81	36	351.6758	206.3338	0
81	37	466.9317	186.3741	0
81	38	264.6914	298.4685	0
81	39	674.3669	166.8018	0
81	40	804.4621	177.4074	0
81	41	418.4874	202.0237	0
81	42	371.3703	216.3143	0
81	43	483.4415	197.8195	0
82	1	424.3818	187.6923	0
82	2	745.5588	190.0812	0
82	3	422.5529	179.835	0
82	4	515.2344	168.5691	0
82	5	167.3722	246.8608	0
82	6	573.4883	221.7539	0
82	7	411.4545	213.1335	0
82	8	403.6548	250.916	0
82	9	777.0521	188.1733	0
82	10	266.1223	226.9452	0
82	11	769.9765	155.3549	0
82	12	697.7296	156.6292	0
82	13	464.3965	168.748	0
82	14	699.3117	184.4442	0
82	15	727.0898	169.8743	0
82	16	551.5937	194.1818	0
82	17	646.1251	177.2288	0
82	18	703.1254	171.3285	0
82	19	306.7048	242.3736	0
82	20	490.6569	227.5306	0
82	21	-42.72445	246.004	0
82	22	35.53141	263.7546	0
82	23	525.6269	185.4801	0
82	24	714.0154	164.2847	0
82	25	350.1142	255.8354	0
82	26	682.6317	197.2983	0
82	27	745.8904	207.6087	0
82	28	52.13161	210.101	0
82	29	682.7501	152.3512	0
82	30	644.9718	153.9485	0
82	31	218.3172	272.7823	0
82	32	735.4647	145.2385	0
82	33	755.4481	161.8158	0
82	34	366.2355	183.3221	0
82	35	-117.854	339.692	0
82	36	351.6758	206.3338	0
82	37	466.9317	186.3741	0
82	38	264.6914	298.4685	0
82	39	674.3669	166.8018	0
82	40	804.4621	177.4074	0
82	41	418.4874	202.0237	0
82	42	371.3703	216.3143	0
82	43	483.4415	197.8195	0
83	1	424.3818	187.6923	0
83	2	745.5588	190.0812	0
83	3	422.5529	179.835	0
83	4	515.2344	168.5691	0
83	5	167.3722	246.8608	0
83	6	573.4883	221.7539	0
83	7	411.4545	213.1335	0
83	8	403.6548	250.916	0
83	9	777.0521	188.1733	0
83	10	266.1223	226.9452	0
83	11	769.9765	155.3549	0
83	12	697.7296	156.6292	0
83	13	464.3965	168.748	0
83	14	699.3117	184.4442	0
83	15	727.0898	169.8743	0
83	16	551.5937	194.1818	0
83	17	646.1251	177.2288	0
83	18	703.1254	171.3285	0
83	19	306.7048	242.3736	0
83	20	490.6569	227.5306	0
83	21	-42.72445	246.004	0
83	22	35.53141	263.7546	0
83	23	525.6269	185.4801	0
83	24	714.0154	164.2847	0
83	25	350.1142	255.8354	0
83	26	682.6317	197.2983	0
83	27	745.8904	207.6087	0
83	28	52.13161	210.101	0
83	29	682.7501	152.3512	0
83	30	644.9718	153.9485	0
83	31	218.3172	272.7823	0
83	32	735.4647	145.2385	0
83	33	755.4481	161.8158	0
83	34	366.2355	183.3221	0
83	35	-117.854	339.692	0
83	36	351.6758	206.3338	0
83	37	466.9317	186.3741	0
83	38	264.6914	298.4685	0
83	39	674.3669	166.8018	0
83	40	804.4621	177.4074	0
83	41	418.4874	202.0237	0
83	42	371.3703	216.3143	0
83	43	483.4415	197.8195	0
84	1	424.3818	187.6923	0
84	2	745.5588	190.0812	0
84	3	422.5529	179.835	0
84	4	515.2344	168.5691	0
84	5	167.3722	246.8608	0
84	6	573.4883	221.7539	0
84	7	411.4545	213.1335	0
84	8	403.6548	250.916	0
84	9	777.0521	188.1733	0
84	10	266.1223	226.9452	0
84	11	769.9765	155.3549	0
84	12	697.7296	156.6292	0
84	13	464.3965	168.748	0
84	14	699.3117	184.4442	0
84	15	727.0898	169.8743	0
84	16	551.5937	194.1818	0
84	17	646.1251	177.2288	0
84	18	703.1254	171.3285	0
84	19	306.7048	242.3736	0
84	20	490.6569	227.5306	0
84	21	-42.72445	246.004	0
84	22	35.53141	263.7546	0
84	23	525.6269	185.4801	0
84	24	714.0154	164.2847	0
84	25	350.1142	255.8354	0
84	26	682.6317	197.2983	0
84	27	745.8904	207.6087	0
84	28	52.13161	210.101	0
84	29	682.7501	152.3512	0
84	30	644.9718	153.9485	0
84	31	218.3172	272.7823	0
84	32	735.4647	145.2385	0
84	33	755.4481	161.8158	0
84	34	366.2355	183.3221	0
84	35	-117.854	339.692	0
84	36	351.6758	206.3338	0
84	37	466.9317	186.3741	0
84	38	264.6914	298.4685	0
84	39	674.3669	166.8018	0
84	40	804.4621	177.4074	0
84	41	418.4874	202.0237	0
84	42	371.3703	216.3143	0
84	43	483.4415	197.8195	0
85	1	424.3818	187.6923	0
85	2	745.5588	190.0812	0
85	3	422.5529	179.835	0
85	4	515.2344	168.5691	0
85	5	167.3722	246.8608	0
85	6	573.4883	221.7539	0
85	7	411.4545	213.1335	0
85	8	403.6548	250.916	0
85	9	777.0521	188.1733	0
85	10	266.1223	226.9452	0
85	11	769.9765	155.3549	0
85	12	697.7296	156.6292	0
85	13	464.3965	168.748	0
85	14	699.3117	184.4442	0
85	15	727.0898	169.8743	0
85	16	551.5937	194.1818	0
85	17	646.1251	177.2288	0
85	18	703.1254	171.3285	0
85	19	306.7048	242.3736	0
85	20	490.6569	227.5306	0
85	21	-42.72445	246.004	0
85	22	35.53141	263.7546	0
85	23	525.6269	185.4801	0
85	24	714.0154	164.2847	0
85	25	350.1142	255.8354	0
85	26	682.6317	197.2983	0
85	27	745.8904	207.6087	0
85	28	52.13161	210.101	0
85	29	682.7501	152.3512	0
85	30	644.9718	153.9485	0
85	31	218.3172	272.7823	0
85	32	735.4647	145.2385	0
85	33	755.4481	161.8158	0
85	34	366.2355	183.3221	0
85	35	-117.854	339.692	0
85	36	351.6758	206.3338	0
85	37	466.9317	186.3741	0
85	38	264.6914	298.4685	0
85	39	674.3669	166.8018	0
85	40	804.4621	177.4074	0
85	41	418.4874	202.0237	0
85	42	371.3703	216.3143	0
85	43	483.4415	197.8195	0
86	1	424.3818	187.6923	0
86	2	745.5588	190.0812	0
86	3	422.5529	179.835	0
86	4	515.2344	168.5691	0
86	5	167.3722	246.8608	0
86	6	573.4883	221.7539	0
86	7	411.4545	213.1335	0
86	8	403.6548	250.916	0
86	9	777.0521	188.1733	0
86	10	266.1223	226.9452	0
86	11	769.9765	155.3549	0
86	12	697.7296	156.6292	0
86	13	464.3965	168.748	0
86	14	699.3117	184.4442	0
86	15	727.0898	169.8743	0
86	16	551.5937	194.1818	0
86	17	646.1251	177.2288	0
86	18	703.1254	171.3285	0
86	19	306.7048	242.3736	0
86	20	490.6569	227.5306	0
86	21	-42.72445	246.004	0
86	22	35.53141	263.7546	0
86	23	525.6269	185.4801	0
86	24	714.0154	164.2847	0
86	25	350.1142	255.8354	0
86	26	682.6317	197.2983	0
86	27	745.8904	207.6087	0
86	28	52.13161	210.101	0
86	29	682.7501	152.3512	0
86	30	644.9718	153.9485	0
86	31	218.3172	272.7823	0
86	32	735.4647	145.2385	0
86	33	755.4481	161.8158	0
86	34	366.2355	183.3221	0
86	35	-117.854	339.692	0
86	36	351.6758	206.3338	0
86	37	466.9317	186.3741	0
86	38	264.6914	298.4685	0
86	39	674.3669	166.8018	0
86	40	804.4621	177.4074	0
86	41	418.4874	202.0237	0
86	42	371.3703	216.3143	0
86	43	483.4415	197.8195	0
87	1	424.3818	187.6923	0
87	2	745.5588	190.0812	0
87	3	422.5529	179.835	0
87	4	515.2344	168.5691	0
87	5	167.3722	246.8608	0
87	6	573.4883	221.7539	0
87	7	411.4545	213.1335	0
87	8	403.6548	250.916	0
87	9	777.0521	188.1733	0
87	10	266.1223	226.9452	0
87	11	769.9765	155.3549	0
87	12	697.7296	156.6292	0
87	13	464.3965	168.748	0
87	14	699.3117	184.4442	0
87	15	727.0898	169.8743	0
87	16	551.5937	194.1818	0
87	17	646.1251	177.2288	0
87	18	703.1254	171.3285	0
87	19	306.7048	242.3736	0
87	20	490.6569	227.5306	0
87	21	-42.72445	246.004	0
87	22	35.53141	263.7546	0
87	23	525.6269	185.4801	0
87	24	714.0154	164.2847	0
87	25	350.1142	255.8354	0
87	26	682.6317	197.2983	0
87	27	745.8904	207.6087	0
87	28	52.13161	210.101	0
87	29	682.7501	152.3512	0
87	30	644.9718	153.9485	0
87	31	218.3172	272.7823	0
87	32	735.4647	145.2385	0
87	33	755.4481	161.8158	0
87	34	366.2355	183.3221	0
87	35	-117.854	339.692	0
87	36	351.6758	206.3338	0
87	37	466.9317	186.3741	0
87	38	264.6914	298.4685	0
87	39	674.3669	166.8018	0
87	40	804.4621	177.4074	0
87	41	418.4874	202.0237	0
87	42	371.3703	216.3143	0
87	43	483.4415	197.8195	0
88	1	424.3818	187.6923	0
88	2	745.5588	190.0812	0
88	3	422.5529	179.835	0
88	4	515.2344	168.5691	0
88	5	167.3722	246.8608	0
88	6	573.4883	221.7539	0
88	7	411.4545	213.1335	0
88	8	403.6548	250.916	0
88	9	777.0521	188.1733	0
88	10	266.1223	226.9452	0
88	11	769.9765	155.3549	0
88	12	697.7296	156.6292	0
88	13	464.3965	168.748	0
88	14	699.3117	184.4442	0
88	15	727.0898	169.8743	0
88	16	551.5937	194.1818	0
88	17	646.1251	177.2288	0
88	18	703.1254	171.3285	0
88	19	306.7048	242.3736	0
88	20	490.6569	227.5306	0
88	21	-42.72445	246.004	0
88	22	35.53141	263.7546	0
88	23	525.6269	185.4801	0
88	24	714.0154	164.2847	0
88	25	350.1142	255.8354	0
88	26	682.6317	197.2983	0
88	27	745.8904	207.6087	0
88	28	52.13161	210.101	0
88	29	682.7501	152.3512	0
88	30	644.9718	153.9485	0
88	31	218.3172	272.7823	0
88	32	735.4647	145.2385	0
88	33	755.4481	161.8158	0
88	34	366.2355	183.3221	0
88	35	-117.854	339.692	0
88	36	351.6758	206.3338	0
88	37	466.9317	186.3741	0
88	38	264.6914	298.4685	0
88	39	674.3669	166.8018	0
88	40	804.4621	177.4074	0
88	41	418.4874	202.0237	0
88	42	371.3703	216.3143	0
88	43	483.4415	197.8195	0
89	1	424.3818	187.6923	0
89	2	745.5588	190.0812	0
89	3	422.5529	179.835	0
89	4	515.2344	168.5691	0
89	5	167.3722	246.8608	0
89	6	573.4883	221.7539	0
89	7	411.4545	213.1335	0
89	8	403.6548	250.916	0
89	9	777.0521	188.1733	0
89	10	266.1223	226.9452	0
89	11	769.9765	155.3549	0
89	12	697.7296	156.6292	0
89	13	464.3965	168.748	0
89	14	699.3117	184.4442	0
89	15	727.0898	169.8743	0
89	16	551.5937	194.1818	0
89	17	646.1251	177.2288	0
89	18	703.1254	171.3285	0
89	19	306.7048	242.3736	0
89	20	490.6569	227.5306	0
89	21	-42.72445	246.004	0
89	22	35.53141	263.7546	0
89	23	525.6269	185.4801	0
89	24	714.0154	164.2847	0
89	25	350.1142	255.8354	0
89	26	682.6317	197.2983	0
89	27	745.8904	207.6087	0
89	28	52.13161	210.101	0
89	29	682.7501	152.3512	0
89	30	644.9718	153.9485	0
89	31	218.3172	272.7823	0
89	32	735.4647	145.2385	0
89	33	755.4481	161.8158	0
89	34	366.2355	183.3221	0
89	35	-117.854	339.692	0
89	36	351.6758	206.3338	0
89	37	466.9317	186.3741	0
89	38	264.6914	298.4685	0
89	39	674.3669	166.8018	0
89	40	804.4621	177.4074	0
89	41	418.4874	202.0237	0
89	42	371.3703	216.3143	0
89	43	483.4415	197.8195	0
90	1	424.3818	187.6923	0
90	2	745.5588	190.0812	0
90	3	422.5529	179.835	0
90	4	515.2344	168.5691	0
90	5	167.3722	246.8608	0
90	6	573.4883	221.7539	0
90	7	411.4545	213.1335	0
90	8	403.6548	250.916	0
90	9	777.0521	188.1733	0
90	10	266.1223	226.9452	0
90	11	769.9765	155.3549	0
90	12	697.7296	156.6292	0
90	13	464.3965	168.748	0
90	14	699.3117	184.4442	0
90	15	727.0898	169.8743	0
90	16	551.5937	194.1818	0
90	17	646.1251	177.2288	0
90	18	703.1254	171.3285	0
90	19	306.7048	242.3736	0
90	20	490.6569	227.5306	0
90	21	-42.72445	246.004	0
90	22	35.53141	263.7546	0
90	23	525.6269	185.4801	0
90	24	714.0154	164.2847	0
90	25	350.1142	255.8354	0
90	26	682.6317	197.2983	0
90	27	745.8904	207.6087	0
90	28	52.13161	210.101	0
90	29	682.7501	152.3512	0
90	30	644.9718	153.9485	0
90	31	218.3172	272.7823	0
90	32	735.4647	145.2385	0
90	33	755.4481	161.8158	0
90	34	366.2355	183.3221	0
90	35	-117.854	339.692	0
90	36	351.6758	206.3338	0
90	37	466.9317	186.3741	0
90	38	264.6914	298.4685	0
90	39	674.3669	166.8018	0
90	40	804.4621	177.4074	0
90	41	418.4874	202.0237	0
90	42	371.3703	216.3143	0
90	43	483.4415	197.8195	0
91	1	424.3818	187.6923	0
91	2	745.5588	190.0812	0
91	3	422.5529	179.835	0
91	4	515.2344	168.5691	0
91	5	167.3722	246.8608	0
91	6	573.4883	221.7539	0
91	7	411.4545	213.1335	0
91	8	403.6548	250.916	0
91	9	777.0521	188.1733	0
91	10	266.1223	226.9452	0
91	11	769.9765	155.3549	0
91	12	697.7296	156.6292	0
91	13	464.3965	168.748	0
91	14	699.3117	184.4442	0
91	15	727.0898	169.8743	0
91	16	551.5937	194.1818	0
91	17	646.1251	177.2288	0
91	18	703.1254	171.3285	0
91	19	306.7048	242.3736	0
91	20	490.6569	227.5306	0
91	21	-42.72445	246.004	0
91	22	35.53141	263.7546	0
91	23	525.6269	185.4801	0
91	24	714.0154	164.2847	0
91	25	350.1142	255.8354	0
91	26	682.6317	197.2983	0
91	27	745.8904	207.6087	0
91	28	52.13161	210.101	0
91	29	682.7501	152.3512	0
91	30	644.9718	153.9485	0
91	31	218.3172	272.7823	0
91	32	735.4647	145.2385	0
91	33	755.4481	161.8158	0
91	34	366.2355	183.3221	0
91	35	-117.854	339.692	0
91	36	351.6758	206.3338	0
91	37	466.9317	186.3741	0
91	38	264.6914	298.4685	0
91	39	674.3669	166.8018	0
91	40	804.4621	177.4074	0
91	41	418.4874	202.0237	0
91	42	371.3703	216.3143	0
91	43	483.4415	197.8195	0
92	1	424.3818	187.6923	0
92	2	745.5588	190.0812	0
92	3	422.5529	179.835	0
92	4	515.2344	168.5691	0
92	5	167.3722	246.8608	0
92	6	573.4883	221.7539	0
92	7	411.4545	213.1335	0
92	8	403.6548	250.916	0
92	9	777.0521	188.1733	0
92	10	266.1223	226.9452	0
92	11	769.9765	155.3549	0
92	12	697.7296	156.6292	0
92	13	464.3965	168.748	0
92	14	699.3117	184.4442	0
92	15	727.0898	169.8743	0
92	16	551.5937	194.1818	0
92	17	646.1251	177.2288	0
92	18	703.1254	171.3285	0
92	19	306.7048	242.3736	0
92	20	490.6569	227.5306	0
92	21	-42.72445	246.004	0
92	22	35.53141	263.7546	0
92	23	525.6269	185.4801	0
92	24	714.0154	164.2847	0
92	25	350.1142	255.8354	0
92	26	682.6317	197.2983	0
92	27	745.8904	207.6087	0
92	28	52.13161	210.101	0
92	29	682.7501	152.3512	0
92	30	644.9718	153.9485	0
92	31	218.3172	272.7823	0
92	32	735.4647	145.2385	0
92	33	755.4481	161.8158	0
92	34	366.2355	183.3221	0
92	35	-117.854	339.692	0
92	36	351.6758	206.3338	0
92	37	466.9317	186.3741	0
92	38	264.6914	298.4685	0
92	39	674.3669	166.8018	0
92	40	804.4621	177.4074	0
92	41	418.4874	202.0237	0
92	42	371.3703	216.3143	0
92	43	483.4415	197.8195	0
93	1	424.3818	187.6923	0
93	2	745.5588	190.0812	0
93	3	422.5529	179.835	0
93	4	515.2344	168.5691	0
93	5	167.3722	246.8608	0
93	6	573.4883	221.7539	0
93	7	411.4545	213.1335	0
93	8	403.6548	250.916	0
93	9	777.0521	188.1733	0
93	10	266.1223	226.9452	0
93	11	769.9765	155.3549	0
93	12	697.7296	156.6292	0
93	13	464.3965	168.748	0
93	14	699.3117	184.4442	0
93	15	727.0898	169.8743	0
93	16	551.5937	194.1818	0
93	17	646.1251	177.2288	0
93	18	703.1254	171.3285	0
93	19	306.7048	242.3736	0
93	20	490.6569	227.5306	0
93	21	-42.72445	246.004	0
93	22	35.53141	263.7546	0
93	23	525.6269	185.4801	0
93	24	714.0154	164.2847	0
93	25	350.1142	255.8354	0
93	26	682.6317	197.2983	0
93	27	745.8904	207.6087	0
93	28	52.13161	210.101	0
93	29	682.7501	152.3512	0
93	30	644.9718	153.9485	0
93	31	218.3172	272.7823	0
93	32	735.4647	145.2385	0
93	33	755.4481	161.8158	0
93	34	366.2355	183.3221	0
93	35	-117.854	339.692	0
93	36	351.6758	206.3338	0
93	37	466.9317	186.3741	0
93	38	264.6914	298.4685	0
93	39	674.3669	166.8018	0
93	40	804.4621	177.4074	0
93	41	418.4874	202.0237	0
93	42	371.3703	216.3143	0
93	43	483.4415	197.8195	0
94	1	424.3818	187.6923	0
94	2	745.5588	190.0812	0
94	3	422.5529	179.835	0
94	4	515.2344	168.5691	0
94	5	167.3722	246.8608	0
94	6	573.4883	221.7539	0
94	7	411.4545	213.1335	0
94	8	403.6548	250.916	0
94	9	777.0521	188.1733	0
94	10	266.1223	226.9452	0
94	11	769.9765	155.3549	0
94	12	697.7296	156.6292	0
94	13	464.3965	168.748	0
94	14	699.3117	184.4442	0
94	15	727.0898	169.8743	0
94	16	551.5937	194.1818	0
94	17	646.1251	177.2288	0
94	18	703.1254	171.3285	0
94	19	306.7048	242.3736	0
94	20	490.6569	227.5306	0
94	21	-42.72445	246.004	0
94	22	35.53141	263.7546	0
94	23	525.6269	185.4801	0
94	24	714.0154	164.2847	0
94	25	350.1142	255.8354	0
94	26	682.6317	197.2983	0
94	27	745.8904	207.6087	0
94	28	52.13161	210.101	0
94	29	682.7501	152.3512	0
94	30	644.9718	153.9485	0
94	31	218.3172	272.7823	0
94	32	735.4647	145.2385	0
94	33	755.4481	161.8158	0
94	34	366.2355	183.3221	0
94	35	-117.854	339.692	0
94	36	351.6758	206.3338	0
94	37	466.9317	186.3741	0
94	38	264.6914	298.4685	0
94	39	674.3669	166.8018	0
94	40	804.4621	177.4074	0
94	41	418.4874	202.0237	0
94	42	371.3703	216.3143	0
94	43	483.4415	197.8195	0
95	1	424.3818	187.6923	0
95	2	745.5588	190.0812	0
95	3	422.5529	179.835	0
95	4	515.2344	168.5691	0
95	5	167.3722	246.8608	0
95	6	573.4883	221.7539	0
95	7	411.4545	213.1335	0
95	8	403.6548	250.916	0
95	9	777.0521	188.1733	0
95	10	266.1223	226.9452	0
95	11	769.9765	155.3549	0
95	12	697.7296	156.6292	0
95	13	464.3965	168.748	0
95	14	699.3117	184.4442	0
95	15	727.0898	169.8743	0
95	16	551.5937	194.1818	0
95	17	646.1251	177.2288	0
95	18	703.1254	171.3285	0
95	19	306.7048	242.3736	0
95	20	490.6569	227.5306	0
95	21	-42.72445	246.004	0
95	22	35.53141	263.7546	0
95	23	525.6269	185.4801	0
95	24	714.0154	164.2847	0
95	25	350.1142	255.8354	0
95	26	682.6317	197.2983	0
95	27	745.8904	207.6087	0
95	28	52.13161	210.101	0
95	29	682.7501	152.3512	0
95	30	644.9718	153.9485	0
95	31	218.3172	272.7823	0
95	32	735.4647	145.2385	0
95	33	755.4481	161.8158	0
95	34	366.2355	183.3221	0
95	35	-117.854	339.692	0
95	36	351.6758	206.3338	0
95	37	466.9317	186.3741	0
95	38	264.6914	298.4685	0
95	39	674.3669	166.8018	0
95	40	804.4621	177.4074	0
95	41	418.4874	202.0237	0
95	42	371.3703	216.3143	0
95	43	483.4415	197.8195	0
96	1	424.3818	187.6923	0
96	2	745.5588	190.0812	0
96	3	422.5529	179.835	0
96	4	515.2344	168.5691	0
96	5	167.3722	246.8608	0
96	6	573.4883	221.7539	0
96	7	411.4545	213.1335	0
96	8	403.6548	250.916	0
96	9	777.0521	188.1733	0
96	10	266.1223	226.9452	0
96	11	769.9765	155.3549	0
96	12	697.7296	156.6292	0
96	13	464.3965	168.748	0
96	14	699.3117	184.4442	0
96	15	727.0898	169.8743	0
96	16	551.5937	194.1818	0
96	17	646.1251	177.2288	0
96	18	703.1254	171.3285	0
96	19	306.7048	242.3736	0
96	20	490.6569	227.5306	0
96	21	-42.72445	246.004	0
96	22	35.53141	263.7546	0
96	23	525.6269	185.4801	0
96	24	714.0154	164.2847	0
96	25	350.1142	255.8354	0
96	26	682.6317	197.2983	0
96	27	745.8904	207.6087	0
96	28	52.13161	210.101	0
96	29	682.7501	152.3512	0
96	30	644.9718	153.9485	0
96	31	218.3172	272.7823	0
96	32	735.4647	145.2385	0
96	33	755.4481	161.8158	0
96	34	366.2355	183.3221	0
96	35	-117.854	339.692	0
96	36	351.6758	206.3338	0
96	37	466.9317	186.3741	0
96	38	264.6914	298.4685	0
96	39	674.3669	166.8018	0
96	40	804.4621	177.4074	0
96	41	418.4874	202.0237	0
96	42	371.3703	216.3143	0
96	43	483.4415	197.8195	0
97	1	424.3818	187.6923	0
97	2	745.5588	190.0812	0
97	3	422.5529	179.835	0
97	4	515.2344	168.5691	0
97	5	167.3722	246.8608	0
97	6	573.4883	221.7539	0
97	7	411.4545	213.1335	0
97	8	403.6548	250.916	0
97	9	777.0521	188.1733	0
97	10	266.1223	226.9452	0
97	11	769.9765	155.3549	0
97	12	697.7296	156.6292	0
97	13	464.3965	168.748	0
97	14	699.3117	184.4442	0
97	15	727.0898	169.8743	0
97	16	551.5937	194.1818	0
97	17	646.1251	177.2288	0
97	18	703.1254	171.3285	0
97	19	306.7048	242.3736	0
97	20	490.6569	227.5306	0
97	21	-42.72445	246.004	0
97	22	35.53141	263.7546	0
97	23	525.6269	185.4801	0
97	24	714.0154	164.2847	0
97	25	350.1142	255.8354	0
97	26	682.6317	197.2983	0
97	27	745.8904	207.6087	0
97	28	52.13161	210.101	0
97	29	682.7501	152.3512	0
97	30	644.9718	153.9485	0
97	31	218.3172	272.7823	0
97	32	735.4647	145.2385	0
97	33	755.4481	161.8158	0
97	34	366.2355	183.3221	0
97	35	-117.854	339.692	0
97	36	351.6758	206.3338	0
97	37	466.9317	186.3741	0
97	38	264.6914	298.4685	0
97	39	674.3669	166.8018	0
97	40	804.4621	177.4074	0
97	41	418.4874	202.0237	0
97	42	371.3703	216.3143	0
97	43	483.4415	197.8195	0
98	1	424.3818	187.6923	0
98	2	745.5588	190.0812	0
98	3	422.5529	179.835	0
98	4	515.2344	168.5691	0
98	5	167.3722	246.8608	0
98	6	573.4883	221.7539	0
98	7	411.4545	213.1335	0
98	8	403.6548	250.916	0
98	9	777.0521	188.1733	0
98	10	266.1223	226.9452	0
98	11	769.9765	155.3549	0
98	12	697.7296	156.6292	0
98	13	464.3965	168.748	0
98	14	699.3117	184.4442	0
98	15	727.0898	169.8743	0
98	16	551.5937	194.1818	0
98	17	646.1251	177.2288	0
98	18	703.1254	171.3285	0
98	19	306.7048	242.3736	0
98	20	490.6569	227.5306	0
98	21	-42.72445	246.004	0
98	22	35.53141	263.7546	0
98	23	525.6269	185.4801	0
98	24	714.0154	164.2847	0
98	25	350.1142	255.8354	0
98	26	682.6317	197.2983	0
98	27	745.8904	207.6087	0
98	28	52.13161	210.101	0
98	29	682.7501	152.3512	0
98	30	644.9718	153.9485	0
98	31	218.3172	272.7823	0
98	32	735.4647	145.2385	0
98	33	755.4481	161.8158	0
98	34	366.2355	183.3221	0
98	35	-117.854	339.692	0
98	36	351.6758	206.3338	0
98	37	466.9317	186.3741	0
98	38	264.6914	298.4685	0
98	39	674.3669	166.8018	0
98	40	804.4621	177.4074	0
98	41	418.4874	202.0237	0
98	42	371.3703	216.3143	0
98	43	483.4415	197.8195	0
63	1	423.5098	188.1907	0
63	2	746.5741	190.1646	0
63	3	422.3134	180.3495	0
63	4	514.4715	168.1449	0
63	5	164.8033	247.3284	0
63	6	572.8127	222.3036	0
63	7	412.9105	213.3019	0
63	8	405.004	251.0342	0
63	9	775.45	188.4673	0
63	10	264.7515	226.9217	0
63	11	769.5975	155.3248	0
63	12	697.0939	156.6936	0
63	13	465.0573	168.9657	0
63	14	699.1676	184.0843	0
63	15	729.5073	170.0888	0
63	16	553.2733	194.0967	0
63	17	645.2928	176.8319	0
63	18	702.8054	171.327	0
63	19	307.969	242.0039	0
63	20	492.2152	227.2243	0
63	21	-46.26091	247.4307	0
63	22	32.34639	264.0242	0
63	23	527.5336	185.7887	0
63	24	714.8857	164.3927	0
63	25	350.2656	256.1132	0
63	26	680.7319	197.4126	0
63	27	747.6858	207.8305	0
63	28	52.33617	210.1218	0
63	29	682.3413	152.1445	0
63	30	645.1339	153.9931	0
63	31	217.3724	273.4234	0
63	32	734.9625	145.2873	0
63	33	756.4771	162.0315	0
63	34	367.2155	183.0316	0
63	35	-117.2012	338.549	0
63	36	351.6911	206.455	0
63	37	467.557	186.021	0
63	38	265.7232	300.2458	0
63	39	673.8552	166.9356	0
63	40	801.6903	176.9091	0
63	41	416.8069	201.9559	0
63	42	371.043	216.0356	0
63	43	482.3243	197.1838	0
64	1	423.5098	188.1907	0
64	2	746.5741	190.1646	0
64	3	422.3134	180.3495	0
64	4	514.4715	168.1449	0
64	5	164.8033	247.3284	0
64	6	572.8127	222.3036	0
64	7	412.9105	213.3019	0
64	8	405.004	251.0342	0
64	9	775.45	188.4673	0
64	10	264.7515	226.9217	0
64	11	769.5975	155.3248	0
64	12	697.0939	156.6936	0
64	13	465.0573	168.9657	0
64	14	699.1676	184.0843	0
64	15	729.5073	170.0888	0
64	16	553.2733	194.0967	0
64	17	645.2928	176.8319	0
64	18	702.8054	171.327	0
64	19	307.969	242.0039	0
64	20	492.2152	227.2243	0
64	21	-46.26091	247.4307	0
64	22	32.34639	264.0242	0
64	23	527.5336	185.7887	0
64	24	714.8857	164.3927	0
64	25	350.2656	256.1132	0
64	26	680.7319	197.4126	0
64	27	747.6858	207.8305	0
64	28	52.33617	210.1218	0
64	29	682.3413	152.1445	0
64	30	645.1339	153.9931	0
64	31	217.3724	273.4234	0
64	32	734.9625	145.2873	0
64	33	756.4771	162.0315	0
64	34	367.2155	183.0316	0
64	35	-117.2012	338.549	0
64	36	351.6911	206.455	0
64	37	467.557	186.021	0
64	38	265.7232	300.2458	0
64	39	673.8552	166.9356	0
64	40	801.6903	176.9091	0
64	41	416.8069	201.9559	0
64	42	371.043	216.0356	0
64	43	482.3243	197.1838	0
65	1	423.5098	188.1907	0
65	2	746.5741	190.1646	0
65	3	422.3134	180.3495	0
65	4	514.4715	168.1449	0
65	5	164.8033	247.3284	0
65	6	572.8127	222.3036	0
65	7	412.9105	213.3019	0
65	8	405.004	251.0342	0
65	9	775.45	188.4673	0
65	10	264.7515	226.9217	0
65	11	769.5975	155.3248	0
65	12	697.0939	156.6936	0
65	13	465.0573	168.9657	0
65	14	699.1676	184.0843	0
65	15	729.5073	170.0888	0
65	16	553.2733	194.0967	0
65	17	645.2928	176.8319	0
65	18	702.8054	171.327	0
65	19	307.969	242.0039	0
65	20	492.2152	227.2243	0
65	21	-46.26091	247.4307	0
65	22	32.34639	264.0242	0
65	23	527.5336	185.7887	0
65	24	714.8857	164.3927	0
65	25	350.2656	256.1132	0
65	26	680.7319	197.4126	0
65	27	747.6858	207.8305	0
65	28	52.33617	210.1218	0
65	29	682.3413	152.1445	0
65	30	645.1339	153.9931	0
65	31	217.3724	273.4234	0
65	32	734.9625	145.2873	0
65	33	756.4771	162.0315	0
65	34	367.2155	183.0316	0
65	35	-117.2012	338.549	0
65	36	351.6911	206.455	0
65	37	467.557	186.021	0
65	38	265.7232	300.2458	0
65	39	673.8552	166.9356	0
65	40	801.6903	176.9091	0
65	41	416.8069	201.9559	0
65	42	371.043	216.0356	0
65	43	482.3243	197.1838	0
66	1	423.5098	188.1907	0
66	2	746.5741	190.1646	0
66	3	422.3134	180.3495	0
66	4	514.4715	168.1449	0
66	5	164.8033	247.3284	0
66	6	572.8127	222.3036	0
66	7	412.9105	213.3019	0
66	8	405.004	251.0342	0
66	9	775.45	188.4673	0
66	10	264.7515	226.9217	0
66	11	769.5975	155.3248	0
66	12	697.0939	156.6936	0
66	13	465.0573	168.9657	0
66	14	699.1676	184.0843	0
66	15	729.5073	170.0888	0
66	16	553.2733	194.0967	0
66	17	645.2928	176.8319	0
66	18	702.8054	171.327	0
66	19	307.969	242.0039	0
66	20	492.2152	227.2243	0
66	21	-46.26091	247.4307	0
66	22	32.34639	264.0242	0
66	23	527.5336	185.7887	0
66	24	714.8857	164.3927	0
66	25	350.2656	256.1132	0
66	26	680.7319	197.4126	0
66	27	747.6858	207.8305	0
66	28	52.33617	210.1218	0
66	29	682.3413	152.1445	0
66	30	645.1339	153.9931	0
66	31	217.3724	273.4234	0
66	32	734.9625	145.2873	0
66	33	756.4771	162.0315	0
66	34	367.2155	183.0316	0
66	35	-117.2012	338.549	0
66	36	351.6911	206.455	0
66	37	467.557	186.021	0
66	38	265.7232	300.2458	0
66	39	673.8552	166.9356	0
66	40	801.6903	176.9091	0
66	41	416.8069	201.9559	0
66	42	371.043	216.0356	0
66	43	482.3243	197.1838	0
67	1	423.5098	188.1907	0
67	2	746.5741	190.1646	0
67	3	422.3134	180.3495	0
67	4	514.4715	168.1449	0
67	5	164.8033	247.3284	0
67	6	572.8127	222.3036	0
67	7	412.9105	213.3019	0
67	8	405.004	251.0342	0
67	9	775.45	188.4673	0
67	10	264.7515	226.9217	0
67	11	769.5975	155.3248	0
67	12	697.0939	156.6936	0
67	13	465.0573	168.9657	0
67	14	699.1676	184.0843	0
67	15	729.5073	170.0888	0
67	16	553.2733	194.0967	0
67	17	645.2928	176.8319	0
67	18	702.8054	171.327	0
67	19	307.969	242.0039	0
67	20	492.2152	227.2243	0
67	21	-46.26091	247.4307	0
67	22	32.34639	264.0242	0
67	23	527.5336	185.7887	0
67	24	714.8857	164.3927	0
67	25	350.2656	256.1132	0
67	26	680.7319	197.4126	0
67	27	747.6858	207.8305	0
67	28	52.33617	210.1218	0
67	29	682.3413	152.1445	0
67	30	645.1339	153.9931	0
67	31	217.3724	273.4234	0
67	32	734.9625	145.2873	0
67	33	756.4771	162.0315	0
67	34	367.2155	183.0316	0
67	35	-117.2012	338.549	0
67	36	351.6911	206.455	0
67	37	467.557	186.021	0
67	38	265.7232	300.2458	0
67	39	673.8552	166.9356	0
67	40	801.6903	176.9091	0
67	41	416.8069	201.9559	0
67	42	371.043	216.0356	0
67	43	482.3243	197.1838	0
68	1	423.5098	188.1907	0
68	2	746.5741	190.1646	0
68	3	422.3134	180.3495	0
68	4	514.4715	168.1449	0
68	5	164.8033	247.3284	0
68	6	572.8127	222.3036	0
68	7	412.9105	213.3019	0
68	8	405.004	251.0342	0
68	9	775.45	188.4673	0
68	10	264.7515	226.9217	0
68	11	769.5975	155.3248	0
68	12	697.0939	156.6936	0
68	13	465.0573	168.9657	0
68	14	699.1676	184.0843	0
68	15	729.5073	170.0888	0
68	16	553.2733	194.0967	0
68	17	645.2928	176.8319	0
68	18	702.8054	171.327	0
68	19	307.969	242.0039	0
68	20	492.2152	227.2243	0
68	21	-46.26091	247.4307	0
68	22	32.34639	264.0242	0
68	23	527.5336	185.7887	0
68	24	714.8857	164.3927	0
68	25	350.2656	256.1132	0
68	26	680.7319	197.4126	0
68	27	747.6858	207.8305	0
68	28	52.33617	210.1218	0
68	29	682.3413	152.1445	0
68	30	645.1339	153.9931	0
68	31	217.3724	273.4234	0
68	32	734.9625	145.2873	0
68	33	756.4771	162.0315	0
68	34	367.2155	183.0316	0
68	35	-117.2012	338.549	0
68	36	351.6911	206.455	0
68	37	467.557	186.021	0
68	38	265.7232	300.2458	0
68	39	673.8552	166.9356	0
68	40	801.6903	176.9091	0
68	41	416.8069	201.9559	0
68	42	371.043	216.0356	0
68	43	482.3243	197.1838	0
69	1	423.5098	188.1907	0
69	2	746.5741	190.1646	0
69	3	422.3134	180.3495	0
69	4	514.4715	168.1449	0
69	5	164.8033	247.3284	0
69	6	572.8127	222.3036	0
69	7	412.9105	213.3019	0
69	8	405.004	251.0342	0
69	9	775.45	188.4673	0
69	10	264.7515	226.9217	0
69	11	769.5975	155.3248	0
69	12	697.0939	156.6936	0
69	13	465.0573	168.9657	0
69	14	699.1676	184.0843	0
69	15	729.5073	170.0888	0
69	16	553.2733	194.0967	0
69	17	645.2928	176.8319	0
69	18	702.8054	171.327	0
69	19	307.969	242.0039	0
69	20	492.2152	227.2243	0
69	21	-46.26091	247.4307	0
69	22	32.34639	264.0242	0
69	23	527.5336	185.7887	0
69	24	714.8857	164.3927	0
69	25	350.2656	256.1132	0
69	26	680.7319	197.4126	0
69	27	747.6858	207.8305	0
69	28	52.33617	210.1218	0
69	29	682.3413	152.1445	0
69	30	645.1339	153.9931	0
69	31	217.3724	273.4234	0
69	32	734.9625	145.2873	0
69	33	756.4771	162.0315	0
69	34	367.2155	183.0316	0
69	35	-117.2012	338.549	0
69	36	351.6911	206.455	0
69	37	467.557	186.021	0
69	38	265.7232	300.2458	0
69	39	673.8552	166.9356	0
69	40	801.6903	176.9091	0
69	41	416.8069	201.9559	0
69	42	371.043	216.0356	0
69	43	482.3243	197.1838	0
70	1	423.5098	188.1907	0
70	2	746.5741	190.1646	0
70	3	422.3134	180.3495	0
70	4	514.4715	168.1449	0
70	5	164.8033	247.3284	0
70	6	572.8127	222.3036	0
70	7	412.9105	213.3019	0
70	8	405.004	251.0342	0
70	9	775.45	188.4673	0
70	10	264.7515	226.9217	0
70	11	769.5975	155.3248	0
70	12	697.0939	156.6936	0
70	13	465.0573	168.9657	0
70	14	699.1676	184.0843	0
70	15	729.5073	170.0888	0
70	16	553.2733	194.0967	0
70	17	645.2928	176.8319	0
70	18	702.8054	171.327	0
70	19	307.969	242.0039	0
70	20	492.2152	227.2243	0
70	21	-46.26091	247.4307	0
70	22	32.34639	264.0242	0
70	23	527.5336	185.7887	0
70	24	714.8857	164.3927	0
70	25	350.2656	256.1132	0
70	26	680.7319	197.4126	0
70	27	747.6858	207.8305	0
70	28	52.33617	210.1218	0
70	29	682.3413	152.1445	0
70	30	645.1339	153.9931	0
70	31	217.3724	273.4234	0
70	32	734.9625	145.2873	0
70	33	756.4771	162.0315	0
70	34	367.2155	183.0316	0
70	35	-117.2012	338.549	0
70	36	351.6911	206.455	0
70	37	467.557	186.021	0
70	38	265.7232	300.2458	0
70	39	673.8552	166.9356	0
70	40	801.6903	176.9091	0
70	41	416.8069	201.9559	0
70	42	371.043	216.0356	0
70	43	482.3243	197.1838	0
71	1	423.5098	188.1907	0
71	2	746.5741	190.1646	0
71	3	422.3134	180.3495	0
71	4	514.4715	168.1449	0
71	5	164.8033	247.3284	0
71	6	572.8127	222.3036	0
71	7	412.9105	213.3019	0
71	8	405.004	251.0342	0
71	9	775.45	188.4673	0
71	10	264.7515	226.9217	0
71	11	769.5975	155.3248	0
71	12	697.0939	156.6936	0
71	13	465.0573	168.9657	0
71	14	699.1676	184.0843	0
71	15	729.5073	170.0888	0
71	16	553.2733	194.0967	0
71	17	645.2928	176.8319	0
71	18	702.8054	171.327	0
71	19	307.969	242.0039	0
71	20	492.2152	227.2243	0
71	21	-46.26091	247.4307	0
71	22	32.34639	264.0242	0
71	23	527.5336	185.7887	0
71	24	714.8857	164.3927	0
71	25	350.2656	256.1132	0
71	26	680.7319	197.4126	0
71	27	747.6858	207.8305	0
71	28	52.33617	210.1218	0
71	29	682.3413	152.1445	0
71	30	645.1339	153.9931	0
71	31	217.3724	273.4234	0
71	32	734.9625	145.2873	0
71	33	756.4771	162.0315	0
71	34	367.2155	183.0316	0
71	35	-117.2012	338.549	0
71	36	351.6911	206.455	0
71	37	467.557	186.021	0
71	38	265.7232	300.2458	0
71	39	673.8552	166.9356	0
71	40	801.6903	176.9091	0
71	41	416.8069	201.9559	0
71	42	371.043	216.0356	0
71	43	482.3243	197.1838	0
72	1	423.5098	188.1907	0
72	2	746.5741	190.1646	0
72	3	422.3134	180.3495	0
72	4	514.4715	168.1449	0
72	5	164.8033	247.3284	0
72	6	572.8127	222.3036	0
72	7	412.9105	213.3019	0
72	8	405.004	251.0342	0
72	9	775.45	188.4673	0
72	10	264.7515	226.9217	0
72	11	769.5975	155.3248	0
72	12	697.0939	156.6936	0
72	13	465.0573	168.9657	0
72	14	699.1676	184.0843	0
72	15	729.5073	170.0888	0
72	16	553.2733	194.0967	0
72	17	645.2928	176.8319	0
72	18	702.8054	171.327	0
72	19	307.969	242.0039	0
72	20	492.2152	227.2243	0
72	21	-46.26091	247.4307	0
72	22	32.34639	264.0242	0
72	23	527.5336	185.7887	0
72	24	714.8857	164.3927	0
72	25	350.2656	256.1132	0
72	26	680.7319	197.4126	0
72	27	747.6858	207.8305	0
72	28	52.33617	210.1218	0
72	29	682.3413	152.1445	0
72	30	645.1339	153.9931	0
72	31	217.3724	273.4234	0
72	32	734.9625	145.2873	0
72	33	756.4771	162.0315	0
72	34	367.2155	183.0316	0
72	35	-117.2012	338.549	0
72	36	351.6911	206.455	0
72	37	467.557	186.021	0
72	38	265.7232	300.2458	0
72	39	673.8552	166.9356	0
72	40	801.6903	176.9091	0
72	41	416.8069	201.9559	0
72	42	371.043	216.0356	0
72	43	482.3243	197.1838	0
73	1	423.5098	188.1907	0
73	2	746.5741	190.1646	0
73	3	422.3134	180.3495	0
73	4	514.4715	168.1449	0
73	5	164.8033	247.3284	0
73	6	572.8127	222.3036	0
73	7	412.9105	213.3019	0
73	8	405.004	251.0342	0
73	9	775.45	188.4673	0
73	10	264.7515	226.9217	0
73	11	769.5975	155.3248	0
73	12	697.0939	156.6936	0
73	13	465.0573	168.9657	0
73	14	699.1676	184.0843	0
73	15	729.5073	170.0888	0
73	16	553.2733	194.0967	0
73	17	645.2928	176.8319	0
73	18	702.8054	171.327	0
73	19	307.969	242.0039	0
73	20	492.2152	227.2243	0
73	21	-46.26091	247.4307	0
73	22	32.34639	264.0242	0
73	23	527.5336	185.7887	0
73	24	714.8857	164.3927	0
73	25	350.2656	256.1132	0
73	26	680.7319	197.4126	0
73	27	747.6858	207.8305	0
73	28	52.33617	210.1218	0
73	29	682.3413	152.1445	0
73	30	645.1339	153.9931	0
73	31	217.3724	273.4234	0
73	32	734.9625	145.2873	0
73	33	756.4771	162.0315	0
73	34	367.2155	183.0316	0
73	35	-117.2012	338.549	0
73	36	351.6911	206.455	0
73	37	467.557	186.021	0
73	38	265.7232	300.2458	0
73	39	673.8552	166.9356	0
73	40	801.6903	176.9091	0
73	41	416.8069	201.9559	0
73	42	371.043	216.0356	0
73	43	482.3243	197.1838	0
74	1	423.5098	188.1907	0
74	2	746.5741	190.1646	0
74	3	422.3134	180.3495	0
74	4	514.4715	168.1449	0
74	5	164.8033	247.3284	0
74	6	572.8127	222.3036	0
74	7	412.9105	213.3019	0
74	8	405.004	251.0342	0
74	9	775.45	188.4673	0
74	10	264.7515	226.9217	0
74	11	769.5975	155.3248	0
74	12	697.0939	156.6936	0
74	13	465.0573	168.9657	0
74	14	699.1676	184.0843	0
74	15	729.5073	170.0888	0
74	16	553.2733	194.0967	0
74	17	645.2928	176.8319	0
74	18	702.8054	171.327	0
74	19	307.969	242.0039	0
74	20	492.2152	227.2243	0
74	21	-46.26091	247.4307	0
74	22	32.34639	264.0242	0
74	23	527.5336	185.7887	0
74	24	714.8857	164.3927	0
74	25	350.2656	256.1132	0
74	26	680.7319	197.4126	0
74	27	747.6858	207.8305	0
74	28	52.33617	210.1218	0
74	29	682.3413	152.1445	0
74	30	645.1339	153.9931	0
74	31	217.3724	273.4234	0
74	32	734.9625	145.2873	0
74	33	756.4771	162.0315	0
74	34	367.2155	183.0316	0
74	35	-117.2012	338.549	0
74	36	351.6911	206.455	0
74	37	467.557	186.021	0
74	38	265.7232	300.2458	0
74	39	673.8552	166.9356	0
74	40	801.6903	176.9091	0
74	41	416.8069	201.9559	0
74	42	371.043	216.0356	0
74	43	482.3243	197.1838	0
75	1	423.5098	188.1907	0
75	2	746.5741	190.1646	0
75	3	422.3134	180.3495	0
75	4	514.4715	168.1449	0
75	5	164.8033	247.3284	0
75	6	572.8127	222.3036	0
75	7	412.9105	213.3019	0
75	8	405.004	251.0342	0
75	9	775.45	188.4673	0
75	10	264.7515	226.9217	0
75	11	769.5975	155.3248	0
75	12	697.0939	156.6936	0
75	13	465.0573	168.9657	0
75	14	699.1676	184.0843	0
75	15	729.5073	170.0888	0
75	16	553.2733	194.0967	0
75	17	645.2928	176.8319	0
75	18	702.8054	171.327	0
75	19	307.969	242.0039	0
75	20	492.2152	227.2243	0
75	21	-46.26091	247.4307	0
75	22	32.34639	264.0242	0
75	23	527.5336	185.7887	0
75	24	714.8857	164.3927	0
75	25	350.2656	256.1132	0
75	26	680.7319	197.4126	0
75	27	747.6858	207.8305	0
75	28	52.33617	210.1218	0
75	29	682.3413	152.1445	0
75	30	645.1339	153.9931	0
75	31	217.3724	273.4234	0
75	32	734.9625	145.2873	0
75	33	756.4771	162.0315	0
75	34	367.2155	183.0316	0
75	35	-117.2012	338.549	0
75	36	351.6911	206.455	0
75	37	467.557	186.021	0
75	38	265.7232	300.2458	0
75	39	673.8552	166.9356	0
75	40	801.6903	176.9091	0
75	41	416.8069	201.9559	0
75	42	371.043	216.0356	0
75	43	482.3243	197.1838	0
76	1	423.5098	188.1907	0
76	2	746.5741	190.1646	0
76	3	422.3134	180.3495	0
76	4	514.4715	168.1449	0
76	5	164.8033	247.3284	0
76	6	572.8127	222.3036	0
76	7	412.9105	213.3019	0
76	8	405.004	251.0342	0
76	9	775.45	188.4673	0
76	10	264.7515	226.9217	0
76	11	769.5975	155.3248	0
76	12	697.0939	156.6936	0
76	13	465.0573	168.9657	0
76	14	699.1676	184.0843	0
76	15	729.5073	170.0888	0
76	16	553.2733	194.0967	0
76	17	645.2928	176.8319	0
76	18	702.8054	171.327	0
76	19	307.969	242.0039	0
76	20	492.2152	227.2243	0
76	21	-46.26091	247.4307	0
76	22	32.34639	264.0242	0
76	23	527.5336	185.7887	0
76	24	714.8857	164.3927	0
76	25	350.2656	256.1132	0
76	26	680.7319	197.4126	0
76	27	747.6858	207.8305	0
76	28	52.33617	210.1218	0
76	29	682.3413	152.1445	0
76	30	645.1339	153.9931	0
76	31	217.3724	273.4234	0
76	32	734.9625	145.2873	0
76	33	756.4771	162.0315	0
76	34	367.2155	183.0316	0
76	35	-117.2012	338.549	0
76	36	351.6911	206.455	0
76	37	467.557	186.021	0
76	38	265.7232	300.2458	0
76	39	673.8552	166.9356	0
76	40	801.6903	176.9091	0
76	41	416.8069	201.9559	0
76	42	371.043	216.0356	0
76	43	482.3243	197.1838	0
77	1	423.5098	188.1907	0
77	2	746.5741	190.1646	0
77	3	422.3134	180.3495	0
77	4	514.4715	168.1449	0
77	5	164.8033	247.3284	0
77	6	572.8127	222.3036	0
77	7	412.9105	213.3019	0
77	8	405.004	251.0342	0
77	9	775.45	188.4673	0
77	10	264.7515	226.9217	0
77	11	769.5975	155.3248	0
77	12	697.0939	156.6936	0
77	13	465.0573	168.9657	0
77	14	699.1676	184.0843	0
77	15	729.5073	170.0888	0
77	16	553.2733	194.0967	0
77	17	645.2928	176.8319	0
77	18	702.8054	171.327	0
77	19	307.969	242.0039	0
77	20	492.2152	227.2243	0
77	21	-46.26091	247.4307	0
77	22	32.34639	264.0242	0
77	23	527.5336	185.7887	0
77	24	714.8857	164.3927	0
77	25	350.2656	256.1132	0
77	26	680.7319	197.4126	0
77	27	747.6858	207.8305	0
77	28	52.33617	210.1218	0
77	29	682.3413	152.1445	0
77	30	645.1339	153.9931	0
77	31	217.3724	273.4234	0
77	32	734.9625	145.2873	0
77	33	756.4771	162.0315	0
77	34	367.2155	183.0316	0
77	35	-117.2012	338.549	0
77	36	351.6911	206.455	0
77	37	467.557	186.021	0
77	38	265.7232	300.2458	0
77	39	673.8552	166.9356	0
77	40	801.6903	176.9091	0
77	41	416.8069	201.9559	0
77	42	371.043	216.0356	0
77	43	482.3243	197.1838	0
78	1	423.5098	188.1907	0
78	2	746.5741	190.1646	0
78	3	422.3134	180.3495	0
78	4	514.4715	168.1449	0
78	5	164.8033	247.3284	0
78	6	572.8127	222.3036	0
78	7	412.9105	213.3019	0
78	8	405.004	251.0342	0
78	9	775.45	188.4673	0
78	10	264.7515	226.9217	0
78	11	769.5975	155.3248	0
78	12	697.0939	156.6936	0
78	13	465.0573	168.9657	0
78	14	699.1676	184.0843	0
78	15	729.5073	170.0888	0
78	16	553.2733	194.0967	0
78	17	645.2928	176.8319	0
78	18	702.8054	171.327	0
78	19	307.969	242.0039	0
78	20	492.2152	227.2243	0
78	21	-46.26091	247.4307	0
78	22	32.34639	264.0242	0
78	23	527.5336	185.7887	0
78	24	714.8857	164.3927	0
78	25	350.2656	256.1132	0
78	26	680.7319	197.4126	0
78	27	747.6858	207.8305	0
78	28	52.33617	210.1218	0
78	29	682.3413	152.1445	0
78	30	645.1339	153.9931	0
78	31	217.3724	273.4234	0
78	32	734.9625	145.2873	0
78	33	756.4771	162.0315	0
78	34	367.2155	183.0316	0
78	35	-117.2012	338.549	0
78	36	351.6911	206.455	0
78	37	467.557	186.021	0
78	38	265.7232	300.2458	0
78	39	673.8552	166.9356	0
78	40	801.6903	176.9091	0
78	41	416.8069	201.9559	0
78	42	371.043	216.0356	0
78	43	482.3243	197.1838	0
79	1	423.5098	188.1907	0
79	2	746.5741	190.1646	0
79	3	422.3134	180.3495	0
79	4	514.4715	168.1449	0
79	5	164.8033	247.3284	0
79	6	572.8127	222.3036	0
79	7	412.9105	213.3019	0
79	8	405.004	251.0342	0
79	9	775.45	188.4673	0
79	10	264.7515	226.9217	0
79	11	769.5975	155.3248	0
79	12	697.0939	156.6936	0
79	13	465.0573	168.9657	0
79	14	699.1676	184.0843	0
79	15	729.5073	170.0888	0
79	16	553.2733	194.0967	0
79	17	645.2928	176.8319	0
79	18	702.8054	171.327	0
79	19	307.969	242.0039	0
79	20	492.2152	227.2243	0
79	21	-46.26091	247.4307	0
79	22	32.34639	264.0242	0
79	23	527.5336	185.7887	0
79	24	714.8857	164.3927	0
79	25	350.2656	256.1132	0
79	26	680.7319	197.4126	0
79	27	747.6858	207.8305	0
79	28	52.33617	210.1218	0
79	29	682.3413	152.1445	0
79	30	645.1339	153.9931	0
79	31	217.3724	273.4234	0
79	32	734.9625	145.2873	0
79	33	756.4771	162.0315	0
79	34	367.2155	183.0316	0
79	35	-117.2012	338.549	0
79	36	351.6911	206.455	0
79	37	467.557	186.021	0
79	38	265.7232	300.2458	0
79	39	673.8552	166.9356	0
79	40	801.6903	176.9091	0
79	41	416.8069	201.9559	0
79	42	371.043	216.0356	0
79	43	482.3243	197.1838	0
80	1	423.5098	188.1907	0
80	2	746.5741	190.1646	0
80	3	422.3134	180.3495	0
80	4	514.4715	168.1449	0
80	5	164.8033	247.3284	0
80	6	572.8127	222.3036	0
80	7	412.9105	213.3019	0
80	8	405.004	251.0342	0
80	9	775.45	188.4673	0
80	10	264.7515	226.9217	0
80	11	769.5975	155.3248	0
80	12	697.0939	156.6936	0
80	13	465.0573	168.9657	0
80	14	699.1676	184.0843	0
80	15	729.5073	170.0888	0
80	16	553.2733	194.0967	0
80	17	645.2928	176.8319	0
80	18	702.8054	171.327	0
80	19	307.969	242.0039	0
80	20	492.2152	227.2243	0
80	21	-46.26091	247.4307	0
80	22	32.34639	264.0242	0
80	23	527.5336	185.7887	0
80	24	714.8857	164.3927	0
80	25	350.2656	256.1132	0
80	26	680.7319	197.4126	0
80	27	747.6858	207.8305	0
80	28	52.33617	210.1218	0
80	29	682.3413	152.1445	0
80	30	645.1339	153.9931	0
80	31	217.3724	273.4234	0
80	32	734.9625	145.2873	0
80	33	756.4771	162.0315	0
80	34	367.2155	183.0316	0
80	35	-117.2012	338.549	0
80	36	351.6911	206.455	0
80	37	467.557	186.021	0
80	38	265.7232	300.2458	0
80	39	673.8552	166.9356	0
80	40	801.6903	176.9091	0
80	41	416.8069	201.9559	0
80	42	371.043	216.0356	0
80	43	482.3243	197.1838	0
81	1	423.5098	188.1907	0
81	2	746.5741	190.1646	0
81	3	422.3134	180.3495	0
81	4	514.4715	168.1449	0
81	5	164.8033	247.3284	0
81	6	572.8127	222.3036	0
81	7	412.9105	213.3019	0
81	8	405.004	251.0342	0
81	9	775.45	188.4673	0
81	10	264.7515	226.9217	0
81	11	769.5975	155.3248	0
81	12	697.0939	156.6936	0
81	13	465.0573	168.9657	0
81	14	699.1676	184.0843	0
81	15	729.5073	170.0888	0
81	16	553.2733	194.0967	0
81	17	645.2928	176.8319	0
81	18	702.8054	171.327	0
81	19	307.969	242.0039	0
81	20	492.2152	227.2243	0
81	21	-46.26091	247.4307	0
81	22	32.34639	264.0242	0
81	23	527.5336	185.7887	0
81	24	714.8857	164.3927	0
81	25	350.2656	256.1132	0
81	26	680.7319	197.4126	0
81	27	747.6858	207.8305	0
81	28	52.33617	210.1218	0
81	29	682.3413	152.1445	0
81	30	645.1339	153.9931	0
81	31	217.3724	273.4234	0
81	32	734.9625	145.2873	0
81	33	756.4771	162.0315	0
81	34	367.2155	183.0316	0
81	35	-117.2012	338.549	0
81	36	351.6911	206.455	0
81	37	467.557	186.021	0
81	38	265.7232	300.2458	0
81	39	673.8552	166.9356	0
81	40	801.6903	176.9091	0
81	41	416.8069	201.9559	0
81	42	371.043	216.0356	0
81	43	482.3243	197.1838	0
82	1	423.5098	188.1907	0
82	2	746.5741	190.1646	0
82	3	422.3134	180.3495	0
82	4	514.4715	168.1449	0
82	5	164.8033	247.3284	0
82	6	572.8127	222.3036	0
82	7	412.9105	213.3019	0
82	8	405.004	251.0342	0
82	9	775.45	188.4673	0
82	10	264.7515	226.9217	0
82	11	769.5975	155.3248	0
82	12	697.0939	156.6936	0
82	13	465.0573	168.9657	0
82	14	699.1676	184.0843	0
82	15	729.5073	170.0888	0
82	16	553.2733	194.0967	0
82	17	645.2928	176.8319	0
82	18	702.8054	171.327	0
82	19	307.969	242.0039	0
82	20	492.2152	227.2243	0
82	21	-46.26091	247.4307	0
82	22	32.34639	264.0242	0
82	23	527.5336	185.7887	0
82	24	714.8857	164.3927	0
82	25	350.2656	256.1132	0
82	26	680.7319	197.4126	0
82	27	747.6858	207.8305	0
82	28	52.33617	210.1218	0
82	29	682.3413	152.1445	0
82	30	645.1339	153.9931	0
82	31	217.3724	273.4234	0
82	32	734.9625	145.2873	0
82	33	756.4771	162.0315	0
82	34	367.2155	183.0316	0
82	35	-117.2012	338.549	0
82	36	351.6911	206.455	0
82	37	467.557	186.021	0
82	38	265.7232	300.2458	0
82	39	673.8552	166.9356	0
82	40	801.6903	176.9091	0
82	41	416.8069	201.9559	0
82	42	371.043	216.0356	0
82	43	482.3243	197.1838	0
63	1	423.1521	188.131	0
63	2	745.5692	189.9104	0
63	3	420.8021	180.1222	0
63	4	516.14	168.2751	0
63	5	166.3576	246.6575	0
63	6	574.5623	221.7589	0
63	7	413.9126	213.1761	0
63	8	403.7491	250.6554	0
63	9	775.667	188.3432	0
63	10	267.3262	226.1891	0
63	11	770.1058	155.4387	0
63	12	695.6411	156.3559	0
63	13	465.4874	168.769	0
63	14	699.2958	184.1823	0
63	15	726.6135	169.9805	0
63	16	552.6766	193.9603	0
63	17	647.7753	176.9324	0
63	18	701.5837	171.3965	0
63	19	307.1826	243.1149	0
63	20	491.1507	227.7355	0
63	21	-42.88735	246.6888	0
63	22	33.98699	265.1648	0
63	23	527.9438	185.9504	0
63	24	715.6094	164.6881	0
63	25	350.6811	255.1394	0
63	26	682.2663	198.0368	0
63	27	746.227	207.8975	0
63	28	53.86102	210.3267	0
63	29	683.6113	152.2641	0
63	30	645.1713	153.8823	0
63	31	213.4122	273.9534	0
63	32	734.9579	145.2253	0
63	33	756.4408	161.8895	0
63	34	366.8675	183.4008	0
63	35	-119.5124	338.5531	0
63	36	351.9374	206.4357	0
63	37	467.7202	185.9349	0
63	38	263.1287	299.3651	0
63	39	673.835	166.7851	0
63	40	804.3958	177.0625	0
63	41	417.1963	202.4825	0
63	42	371.3436	215.4096	0
63	43	483.4546	197.4372	0
64	1	423.1521	188.131	0
64	2	745.5692	189.9104	0
64	3	420.8021	180.1222	0
64	4	516.14	168.2751	0
64	5	166.3576	246.6575	0
64	6	574.5623	221.7589	0
64	7	413.9126	213.1761	0
64	8	403.7491	250.6554	0
64	9	775.667	188.3432	0
64	10	267.3262	226.1891	0
64	11	770.1058	155.4387	0
64	12	695.6411	156.3559	0
64	13	465.4874	168.769	0
64	14	699.2958	184.1823	0
64	15	726.6135	169.9805	0
64	16	552.6766	193.9603	0
64	17	647.7753	176.9324	0
64	18	701.5837	171.3965	0
64	19	307.1826	243.1149	0
64	20	491.1507	227.7355	0
64	21	-42.88735	246.6888	0
64	22	33.98699	265.1648	0
64	23	527.9438	185.9504	0
64	24	715.6094	164.6881	0
64	25	350.6811	255.1394	0
64	26	682.2663	198.0368	0
64	27	746.227	207.8975	0
64	28	53.86102	210.3267	0
64	29	683.6113	152.2641	0
64	30	645.1713	153.8823	0
64	31	213.4122	273.9534	0
64	32	734.9579	145.2253	0
64	33	756.4408	161.8895	0
64	34	366.8675	183.4008	0
64	35	-119.5124	338.5531	0
64	36	351.9374	206.4357	0
64	37	467.7202	185.9349	0
64	38	263.1287	299.3651	0
64	39	673.835	166.7851	0
64	40	804.3958	177.0625	0
64	41	417.1963	202.4825	0
64	42	371.3436	215.4096	0
64	43	483.4546	197.4372	0
65	1	423.1521	188.131	0
65	2	745.5692	189.9104	0
65	3	420.8021	180.1222	0
65	4	516.14	168.2751	0
65	5	166.3576	246.6575	0
65	6	574.5623	221.7589	0
65	7	413.9126	213.1761	0
65	8	403.7491	250.6554	0
65	9	775.667	188.3432	0
65	10	267.3262	226.1891	0
65	11	770.1058	155.4387	0
65	12	695.6411	156.3559	0
65	13	465.4874	168.769	0
65	14	699.2958	184.1823	0
65	15	726.6135	169.9805	0
65	16	552.6766	193.9603	0
65	17	647.7753	176.9324	0
65	18	701.5837	171.3965	0
65	19	307.1826	243.1149	0
65	20	491.1507	227.7355	0
65	21	-42.88735	246.6888	0
65	22	33.98699	265.1648	0
65	23	527.9438	185.9504	0
65	24	715.6094	164.6881	0
65	25	350.6811	255.1394	0
65	26	682.2663	198.0368	0
65	27	746.227	207.8975	0
65	28	53.86102	210.3267	0
65	29	683.6113	152.2641	0
65	30	645.1713	153.8823	0
65	31	213.4122	273.9534	0
65	32	734.9579	145.2253	0
65	33	756.4408	161.8895	0
65	34	366.8675	183.4008	0
65	35	-119.5124	338.5531	0
65	36	351.9374	206.4357	0
65	37	467.7202	185.9349	0
65	38	263.1287	299.3651	0
65	39	673.835	166.7851	0
65	40	804.3958	177.0625	0
65	41	417.1963	202.4825	0
65	42	371.3436	215.4096	0
65	43	483.4546	197.4372	0
66	1	423.1521	188.131	0
66	2	745.5692	189.9104	0
66	3	420.8021	180.1222	0
66	4	516.14	168.2751	0
66	5	166.3576	246.6575	0
66	6	574.5623	221.7589	0
66	7	413.9126	213.1761	0
66	8	403.7491	250.6554	0
66	9	775.667	188.3432	0
66	10	267.3262	226.1891	0
66	11	770.1058	155.4387	0
66	12	695.6411	156.3559	0
66	13	465.4874	168.769	0
66	14	699.2958	184.1823	0
66	15	726.6135	169.9805	0
66	16	552.6766	193.9603	0
66	17	647.7753	176.9324	0
66	18	701.5837	171.3965	0
66	19	307.1826	243.1149	0
66	20	491.1507	227.7355	0
66	21	-42.88735	246.6888	0
66	22	33.98699	265.1648	0
66	23	527.9438	185.9504	0
66	24	715.6094	164.6881	0
66	25	350.6811	255.1394	0
66	26	682.2663	198.0368	0
66	27	746.227	207.8975	0
66	28	53.86102	210.3267	0
66	29	683.6113	152.2641	0
66	30	645.1713	153.8823	0
66	31	213.4122	273.9534	0
66	32	734.9579	145.2253	0
66	33	756.4408	161.8895	0
66	34	366.8675	183.4008	0
66	35	-119.5124	338.5531	0
66	36	351.9374	206.4357	0
66	37	467.7202	185.9349	0
66	38	263.1287	299.3651	0
66	39	673.835	166.7851	0
66	40	804.3958	177.0625	0
66	41	417.1963	202.4825	0
66	42	371.3436	215.4096	0
66	43	483.4546	197.4372	0
67	1	423.1521	188.131	0
67	2	745.5692	189.9104	0
67	3	420.8021	180.1222	0
67	4	516.14	168.2751	0
67	5	166.3576	246.6575	0
67	6	574.5623	221.7589	0
67	7	413.9126	213.1761	0
67	8	403.7491	250.6554	0
67	9	775.667	188.3432	0
67	10	267.3262	226.1891	0
67	11	770.1058	155.4387	0
67	12	695.6411	156.3559	0
67	13	465.4874	168.769	0
67	14	699.2958	184.1823	0
67	15	726.6135	169.9805	0
67	16	552.6766	193.9603	0
67	17	647.7753	176.9324	0
67	18	701.5837	171.3965	0
67	19	307.1826	243.1149	0
67	20	491.1507	227.7355	0
67	21	-42.88735	246.6888	0
67	22	33.98699	265.1648	0
67	23	527.9438	185.9504	0
67	24	715.6094	164.6881	0
67	25	350.6811	255.1394	0
67	26	682.2663	198.0368	0
67	27	746.227	207.8975	0
67	28	53.86102	210.3267	0
67	29	683.6113	152.2641	0
67	30	645.1713	153.8823	0
67	31	213.4122	273.9534	0
67	32	734.9579	145.2253	0
67	33	756.4408	161.8895	0
67	34	366.8675	183.4008	0
67	35	-119.5124	338.5531	0
67	36	351.9374	206.4357	0
67	37	467.7202	185.9349	0
67	38	263.1287	299.3651	0
67	39	673.835	166.7851	0
67	40	804.3958	177.0625	0
67	41	417.1963	202.4825	0
67	42	371.3436	215.4096	0
67	43	483.4546	197.4372	0
68	1	423.1521	188.131	0
68	2	745.5692	189.9104	0
68	3	420.8021	180.1222	0
68	4	516.14	168.2751	0
68	5	166.3576	246.6575	0
68	6	574.5623	221.7589	0
68	7	413.9126	213.1761	0
68	8	403.7491	250.6554	0
68	9	775.667	188.3432	0
68	10	267.3262	226.1891	0
68	11	770.1058	155.4387	0
68	12	695.6411	156.3559	0
68	13	465.4874	168.769	0
68	14	699.2958	184.1823	0
68	15	726.6135	169.9805	0
68	16	552.6766	193.9603	0
68	17	647.7753	176.9324	0
68	18	701.5837	171.3965	0
68	19	307.1826	243.1149	0
68	20	491.1507	227.7355	0
68	21	-42.88735	246.6888	0
68	22	33.98699	265.1648	0
68	23	527.9438	185.9504	0
68	24	715.6094	164.6881	0
68	25	350.6811	255.1394	0
68	26	682.2663	198.0368	0
68	27	746.227	207.8975	0
68	28	53.86102	210.3267	0
68	29	683.6113	152.2641	0
68	30	645.1713	153.8823	0
68	31	213.4122	273.9534	0
68	32	734.9579	145.2253	0
68	33	756.4408	161.8895	0
68	34	366.8675	183.4008	0
68	35	-119.5124	338.5531	0
68	36	351.9374	206.4357	0
68	37	467.7202	185.9349	0
68	38	263.1287	299.3651	0
68	39	673.835	166.7851	0
68	40	804.3958	177.0625	0
68	41	417.1963	202.4825	0
68	42	371.3436	215.4096	0
68	43	483.4546	197.4372	0
