23	1	875.9756	111.2011	2
23	2	893.4177	112.0701	2
23	3	647.0577	71.09018	0
23	4	-11.3768	100.4671	3
23	5	4.508	109.8467	3
23	6	-56.59772	108.1309	3
23	7	-35.15225	97.21826	3
24	1	873.9609	111.2225	2
24	2	892.9943	112.0681	2
24	3	647.2617	71.17566	0
24	4	-7.329554	99.9678	3
24	5	9.630473	108.1471	3
24	6	-63.66054	108.6324	3
24	7	-35.94701	97.27921	3
25	1	872.0533	111.2379	2
25	2	892.3245	112.0756	2
25	3	647.5281	71.21722	0
25	4	-4.447132	99.67438	3
25	5	13.09712	108.666	3
25	6	-68.18139	108.4596	3
25	7	-40.76591	98.50519	3
26	1	870.7248	111.1097	2
26	2	891.2191	112.2385	2
26	3	647.8226	71.23367	0
26	4	-1.254581	99.71152	3
26	5	17.73844	108.6385	3
26	6	-71.33733	108.3827	3
26	7	-43.30568	98.48849	3
27	1	869.4791	110.945	2
27	2	890.0734	112.2704	2
27	3	648.1519	71.23724	0
27	4	1.979349	99.90341	3
27	5	23.41719	108.5668	3
27	6	-73.21961	108.3689	3
27	7	-44.76072	98.37842	3
28	1	868.318	110.793	2
28	2	888.7249	112.3414	2
28	3	648.5341	71.25351	0
28	4	5.253554	100.0709	3
28	5	29.34192	108.1268	3
28	6	-73.9153	108.1951	3
28	7	-45.25506	98.15332	3
