23	1	705.4828	160.1281	2
23	2	718.9197	160.5666	2
23	3	628.4002	-0.1574097	0
23	4	54.25491	130.8992	3
23	5	66.93285	133.819	3
23	6	30.01878	140.9958	3
23	7	38.66745	132.0184	3
24	1	703.9765	160.1005	2
24	2	718.601	160.5588	2
24	3	628.4637	0.1371765	0
24	4	56.42532	129.9028	3
24	5	69.27707	131.813	3
24	6	26.4254	142.5179	3
24	7	38.25658	132.2085	3
25	1	702.5742	160.054	2
25	2	718.0721	160.5697	2
25	3	628.5941	0.3962097	0
25	4	58.17685	129.4667	3
25	5	71.71792	131.8106	3
25	6	23.95122	143.1959	3
25	7	35.96002	133.6926	3
26	1	701.4973	160.0344	2
26	2	717.1383	160.7021	2
26	3	628.7471	0.6448059	0
26	4	60.2217	129.1575	3
26	5	74.61801	131.1965	3
26	6	22.41523	143.8823	3
26	7	34.84617	134.4966	3
27	1	700.5031	159.9836	2
27	2	716.2135	160.7451	2
27	3	628.9319	0.8903503	0
27	4	62.3777	128.9699	3
27	5	78.20392	130.4676	3
27	6	21.56297	144.3628	3
27	7	34.18602	134.9122	3
28	1	699.5814	159.9334	2
28	2	715.1089	160.8233	2
28	3	629.168	1.1539	0
28	4	64.5927	128.8155	3
28	5	81.80421	129.4296	3
28	6	21.18687	144.4465	3
28	7	33.92047	134.9782	3
