17	1	424.9153	355.4717	0
18	1	424.9153	355.4717	0
18	2	438.6316	97.07211	0
19	1	424.9153	355.4717	0
19	2	438.6316	97.07211	0
19	3	400.8109	357.9366	0
20	1	424.9153	355.4717	0
20	2	438.6316	97.07211	0
20	3	400.8109	357.9366	0
20	4	355.0631	267.2387	0
21	1	424.9153	355.4717	0
21	2	438.6316	97.07211	0
21	3	400.8109	357.9366	0
21	4	355.0631	267.2387	0
21	5	549.4376	500.0762	0
22	1	424.9153	355.4717	0
22	2	438.6316	97.07211	0
22	3	400.8109	357.9366	0
22	4	355.0631	267.2387	0
22	5	549.4376	500.0762	0
22	6	513.3445	261.5095	0
17	1	426.0465	356.0911	0
18	1	426.0465	356.0911	0
18	2	440.052	98.12701	0
19	1	426.0465	356.0911	0
19	2	440.052	98.12701	0
19	3	399.6122	357.2389	0
20	1	426.0465	356.0911	0
20	2	440.052	98.12701	0
20	3	399.6122	357.2389	0
20	4	355.9656	266.5972	0
21	1	426.0465	356.0911	0
21	2	440.052	98.12701	0
21	3	399.6122	357.2389	0
21	4	355.9656	266.5972	0
21	5	549.8104	500.628	0
22	1	426.0465	356.0911	0
22	2	440.052	98.12701	0
22	3	399.6122	357.2389	0
22	4	355.9656	266.5972	0
22	5	549.8104	500.628	0
22	6	513.1327	261.3285	0
23	1	426.0465	356.0911	0
23	2	440.052	98.12701	0
23	3	399.6122	357.2389	0
23	4	355.9656	266.5972	0
23	5	549.8104	500.628	0
23	6	513.1327	261.3285	0
23	7	491.8203	364.6604	0
24	1	426.0465	356.0911	0
24	2	440.052	98.12701	0
24	3	399.6122	357.2389	0
24	4	355.9656	266.5972	0
24	5	549.8104	500.628	0
24	6	513.1327	261.3285	0
24	7	491.8203	364.6604	0
24	8	558.5957	367.5912	0
25	1	426.0465	356.0911	0
25	2	440.052	98.12701	0
25	3	399.6122	357.2389	0
25	4	355.9656	266.5972	0
25	5	549.8104	500.628	0
25	6	513.1327	261.3285	0
25	7	491.8203	364.6604	0
25	8	558.5957	367.5912	0
25	9	433.3184	71.6608	0
26	1	426.0465	356.0911	0
26	2	440.052	98.12701	0
26	3	399.6122	357.2389	0
26	4	355.9656	266.5972	0
26	5	549.8104	500.628	0
26	6	513.1327	261.3285	0
26	7	491.8203	364.6604	0
26	8	558.5957	367.5912	0
26	9	433.3184	71.6608	0
27	1	426.0465	356.0911	0
27	2	440.052	98.12701	0
27	3	399.6122	357.2389	0
27	4	355.9656	266.5972	0
27	5	549.8104	500.628	0
27	6	513.1327	261.3285	0
27	7	491.8203	364.6604	0
27	8	558.5957	367.5912	0
27	9	433.3184	71.6608	0
27	10	518.2725	454.9296	0
17	1	425.9167	355.02	0
18	1	425.9167	355.02	0
18	2	438.5835	99.13419	0
19	1	425.9167	355.02	0
19	2	438.5835	99.13419	0
19	3	401.0099	356.5986	0
20	1	425.9167	355.02	0
20	2	438.5835	99.13419	0
20	3	401.0099	356.5986	0
20	4	354.7629	267.6647	0
21	1	425.9167	355.02	0
21	2	438.5835	99.13419	0
21	3	401.0099	356.5986	0
21	4	354.7629	267.6647	0
21	5	550.3581	499.4961	0
22	1	425.9167	355.02	0
22	2	438.5835	99.13419	0
22	3	401.0099	356.5986	0
22	4	354.7629	267.6647	0
22	5	550.3581	499.4961	0
22	6	513.6781	261.5757	0
23	1	425.9167	355.02	0
23	2	438.5835	99.13419	0
23	3	401.0099	356.5986	0
23	4	354.7629	267.6647	0
23	5	550.3581	499.4961	0
23	6	513.6781	261.5757	0
23	7	491.9967	365.3991	0
24	1	425.9167	355.02	0
24	2	438.5835	99.13419	0
24	3	401.0099	356.5986	0
24	4	354.7629	267.6647	0
24	5	550.3581	499.4961	0
24	6	513.6781	261.5757	0
24	7	491.9967	365.3991	0
24	8	557.3884	368.7343	0
25	1	425.9167	355.02	0
25	2	438.5835	99.13419	0
25	3	401.0099	356.5986	0
25	4	354.7629	267.6647	0
25	5	550.3581	499.4961	0
25	6	513.6781	261.5757	0
25	7	491.9967	365.3991	0
25	8	557.3884	368.7343	0
25	9	433.5299	69.54248	0
26	1	425.9167	355.02	0
26	2	438.5835	99.13419	0
26	3	401.0099	356.5986	0
26	4	354.7629	267.6647	0
26	5	550.3581	499.4961	0
26	6	513.6781	261.5757	0
26	7	491.9967	365.3991	0
26	8	557.3884	368.7343	0
26	9	433.5299	69.54248	0
27	1	425.9167	355.02	0
27	2	438.5835	99.13419	0
27	3	401.0099	356.5986	0
27	4	354.7629	267.6647	0
27	5	550.3581	499.4961	0
27	6	513.6781	261.5757	0
27	7	491.9967	365.3991	0
27	8	557.3884	368.7343	0
27	9	433.5299	69.54248	0
27	10	517.0074	455.6036	0
17	1	426.2832	354.8533	0
18	1	426.2832	354.8533	0
18	2	438.484	98.05392	0
19	1	426.2832	354.8533	0
19	2	438.484	98.05392	0
19	3	400.8491	355.9608	0
20	1	426.2832	354.8533	0
20	2	438.484	98.05392	0
20	3	400.8491	355.9608	0
20	4	355.469	266.9604	0
21	1	426.2832	354.8533	0
21	2	438.484	98.05392	0
21	3	400.8491	355.9608	0
21	4	355.469	266.9604	0
21	5	550.7968	501.524	0
22	1	426.2832	354.8533	0
22	2	438.484	98.05392	0
22	3	400.8491	355.9608	0
22	4	355.469	266.9604	0
22	5	550.7968	501.524	0
22	6	512.9017	262.0167	0
23	1	426.2832	354.8533	0
23	2	438.484	98.05392	0
23	3	400.8491	355.9608	0
23	4	355.469	266.9604	0
23	5	550.7968	501.524	0
23	6	512.9017	262.0167	0
23	7	493.0096	364.7977	0
17	1	425.8226	357.0157	0
18	1	425.8226	357.0157	0
18	2	438.8615	97.26227	0
19	1	425.8226	357.0157	0
19	2	438.8615	97.26227	0
19	3	400.9558	356.172	0
20	1	425.8226	357.0157	0
20	2	438.8615	97.26227	0
20	3	400.9558	356.172	0
20	4	355.7037	267.1073	0
21	1	425.8226	357.0157	0
21	2	438.8615	97.26227	0
21	3	400.9558	356.172	0
21	4	355.7037	267.1073	0
21	5	550.0333	501.4758	0
22	1	425.8226	357.0157	0
22	2	438.8615	97.26227	0
22	3	400.9558	356.172	0
22	4	355.7037	267.1073	0
22	5	550.0333	501.4758	0
22	6	512.2365	261.0962	0
23	1	425.8226	357.0157	0
23	2	438.8615	97.26227	0
23	3	400.9558	356.172	0
23	4	355.7037	267.1073	0
23	5	550.0333	501.4758	0
23	6	512.2365	261.0962	0
23	7	491.9235	365.015	0
24	1	425.8226	357.0157	0
24	2	438.8615	97.26227	0
24	3	400.9558	356.172	0
24	4	355.7037	267.1073	0
24	5	550.0333	501.4758	0
24	6	512.2365	261.0962	0
24	7	491.9235	365.015	0
24	8	557.7135	367.9958	0
25	1	425.8226	357.0157	0
25	2	438.8615	97.26227	0
25	3	400.9558	356.172	0
25	4	355.7037	267.1073	0
25	5	550.0333	501.4758	0
25	6	512.2365	261.0962	0
25	7	491.9235	365.015	0
25	8	557.7135	367.9958	0
25	9	433.947	70.65097	0
26	1	425.8226	357.0157	0
26	2	438.8615	97.26227	0
26	3	400.9558	356.172	0
26	4	355.7037	267.1073	0
26	5	550.0333	501.4758	0
26	6	512.2365	261.0962	0
26	7	491.9235	365.015	0
26	8	557.7135	367.9958	0
26	9	433.947	70.65097	0
27	1	425.8226	357.0157	0
27	2	438.8615	97.26227	0
27	3	400.9558	356.172	0
27	4	355.7037	267.1073	0
27	5	550.0333	501.4758	0
27	6	512.2365	261.0962	0
27	7	491.9235	365.015	0
27	8	557.7135	367.9958	0
27	9	433.947	70.65097	0
27	10	516.9457	455.5953	0
28	1	425.8226	357.0157	0
28	2	438.8615	97.26227	0
28	3	400.9558	356.172	0
28	4	355.7037	267.1073	0
28	5	550.0333	501.4758	0
28	6	512.2365	261.0962	0
28	7	491.9235	365.015	0
28	8	557.7135	367.9958	0
28	9	433.947	70.65097	0
28	10	516.9457	455.5953	0
28	11	297.3634	-26.6524	0
29	1	425.8226	357.0157	0
29	2	438.8615	97.26227	0
29	3	400.9558	356.172	0
29	4	355.7037	267.1073	0
29	5	550.0333	501.4758	0
29	6	512.2365	261.0962	0
29	7	491.9235	365.015	0
29	8	557.7135	367.9958	0
29	9	433.947	70.65097	0
29	10	516.9457	455.5953	0
29	11	297.3634	-26.6524	0
29	12	301.5353	57.56516	0
30	1	425.8226	357.0157	0
30	2	438.8615	97.26227	0
30	3	400.9558	356.172	0
30	4	355.7037	267.1073	0
30	5	550.0333	501.4758	0
30	6	512.2365	261.0962	0
30	7	491.9235	365.015	0
30	8	557.7135	367.9958	0
30	9	433.947	70.65097	0
30	10	516.9457	455.5953	0
30	11	297.3634	-26.6524	0
30	12	301.5353	57.56516	0
30	13	354.6815	315.3835	0
31	1	425.8226	357.0157	0
31	2	438.8615	97.26227	0
31	3	400.9558	356.172	0
31	4	355.7037	267.1073	0
31	5	550.0333	501.4758	0
31	6	512.2365	261.0962	0
31	7	491.9235	365.015	0
31	8	557.7135	367.9958	0
31	9	433.947	70.65097	0
31	10	516.9457	455.5953	0
31	11	297.3634	-26.6524	0
31	12	301.5353	57.56516	0
31	13	354.6815	315.3835	0
31	14	419.4454	126.039	0
32	1	425.8226	357.0157	0
32	2	438.8615	97.26227	0
32	3	400.9558	356.172	0
32	4	355.7037	267.1073	0
32	5	550.0333	501.4758	0
32	6	512.2365	261.0962	0
32	7	491.9235	365.015	0
32	8	557.7135	367.9958	0
32	9	433.947	70.65097	0
32	10	516.9457	455.5953	0
32	11	297.3634	-26.6524	0
32	12	301.5353	57.56516	0
32	13	354.6815	315.3835	0
32	14	419.4454	126.039	0
32	15	368.5747	67.14697	0
33	1	425.8226	357.0157	0
33	2	438.8615	97.26227	0
33	3	400.9558	356.172	0
33	4	355.7037	267.1073	0
33	5	550.0333	501.4758	0
33	6	512.2365	261.0962	0
33	7	491.9235	365.015	0
33	8	557.7135	367.9958	0
33	9	433.947	70.65097	0
33	10	516.9457	455.5953	0
33	11	297.3634	-26.6524	0
33	12	301.5353	57.56516	0
33	13	354.6815	315.3835	0
33	14	419.4454	126.039	0
33	15	368.5747	67.14697	0
33	16	446.2409	256.9565	0
34	1	425.8226	357.0157	0
34	2	438.8615	97.26227	0
34	3	400.9558	356.172	0
34	4	355.7037	267.1073	0
34	5	550.0333	501.4758	0
34	6	512.2365	261.0962	0
34	7	491.9235	365.015	0
34	8	557.7135	367.9958	0
34	9	433.947	70.65097	0
34	10	516.9457	455.5953	0
34	11	297.3634	-26.6524	0
34	12	301.5353	57.56516	0
34	13	354.6815	315.3835	0
34	14	419.4454	126.039	0
34	15	368.5747	67.14697	0
34	16	446.2409	256.9565	0
34	17	393.049	157.2783	0
35	1	425.8226	357.0157	0
35	2	438.8615	97.26227	0
35	3	400.9558	356.172	0
35	4	355.7037	267.1073	0
35	5	550.0333	501.4758	0
35	6	512.2365	261.0962	0
35	7	491.9235	365.015	0
35	8	557.7135	367.9958	0
35	9	433.947	70.65097	0
35	10	516.9457	455.5953	0
35	11	297.3634	-26.6524	0
35	12	301.5353	57.56516	0
35	13	354.6815	315.3835	0
35	14	419.4454	126.039	0
35	15	368.5747	67.14697	0
35	16	446.2409	256.9565	0
35	17	393.049	157.2783	0
35	18	371.8904	93.69839	0
36	1	425.8226	357.0157	0
36	2	438.8615	97.26227	0
36	3	400.9558	356.172	0
36	4	355.7037	267.1073	0
36	5	550.0333	501.4758	0
36	6	512.2365	261.0962	0
36	7	491.9235	365.015	0
36	8	557.7135	367.9958	0
36	9	433.947	70.65097	0
36	10	516.9457	455.5953	0
36	11	297.3634	-26.6524	0
36	12	301.5353	57.56516	0
36	13	354.6815	315.3835	0
36	14	419.4454	126.039	0
36	15	368.5747	67.14697	0
36	16	446.2409	256.9565	0
36	17	393.049	157.2783	0
36	18	371.8904	93.69839	0
37	1	425.8226	357.0157	0
37	2	438.8615	97.26227	0
37	3	400.9558	356.172	0
37	4	355.7037	267.1073	0
37	5	550.0333	501.4758	0
37	6	512.2365	261.0962	0
37	7	491.9235	365.015	0
37	8	557.7135	367.9958	0
37	9	433.947	70.65097	0
37	10	516.9457	455.5953	0
37	11	297.3634	-26.6524	0
37	12	301.5353	57.56516	0
37	13	354.6815	315.3835	0
37	14	419.4454	126.039	0
37	15	368.5747	67.14697	0
37	16	446.2409	256.9565	0
37	17	393.049	157.2783	0
37	18	371.8904	93.69839	0
37	19	545.2786	423.1856	0
38	1	425.8226	357.0157	0
38	2	438.8615	97.26227	0
38	3	400.9558	356.172	0
38	4	355.7037	267.1073	0
38	5	550.0333	501.4758	0
38	6	512.2365	261.0962	0
38	7	491.9235	365.015	0
38	8	557.7135	367.9958	0
38	9	433.947	70.65097	0
38	10	516.9457	455.5953	0
38	11	297.3634	-26.6524	0
38	12	301.5353	57.56516	0
38	13	354.6815	315.3835	0
38	14	419.4454	126.039	0
38	15	368.5747	67.14697	0
38	16	446.2409	256.9565	0
38	17	393.049	157.2783	0
38	18	371.8904	93.69839	0
38	19	545.2786	423.1856	0
38	20	522.2619	314.8736	0
39	1	425.8226	357.0157	0
39	2	438.8615	97.26227	0
39	3	400.9558	356.172	0
39	4	355.7037	267.1073	0
39	5	550.0333	501.4758	0
39	6	512.2365	261.0962	0
39	7	491.9235	365.015	0
39	8	557.7135	367.9958	0
39	9	433.947	70.65097	0
39	10	516.9457	455.5953	0
39	11	297.3634	-26.6524	0
39	12	301.5353	57.56516	0
39	13	354.6815	315.3835	0
39	14	419.4454	126.039	0
39	15	368.5747	67.14697	0
39	16	446.2409	256.9565	0
39	17	393.049	157.2783	0
39	18	371.8904	93.69839	0
39	19	545.2786	423.1856	0
39	20	522.2619	314.8736	0
39	21	546.0068	616.9634	0
17	1	427.2584	356.5252	0
18	1	427.2584	356.5252	0
18	2	438.5491	97.44495	0
19	1	427.2584	356.5252	0
19	2	438.5491	97.44495	0
19	3	401.5873	357.618	0
20	1	427.2584	356.5252	0
20	2	438.5491	97.44495	0
20	3	401.5873	357.618	0
20	4	355.5247	265.9045	0
21	1	427.2584	356.5252	0
21	2	438.5491	97.44495	0
21	3	401.5873	357.618	0
21	4	355.5247	265.9045	0
21	5	548.8724	500.0076	0
22	1	427.2584	356.5252	0
22	2	438.5491	97.44495	0
22	3	401.5873	357.618	0
22	4	355.5247	265.9045	0
22	5	548.8724	500.0076	0
22	6	513.8505	260.6274	0
23	1	427.2584	356.5252	0
23	2	438.5491	97.44495	0
23	3	401.5873	357.618	0
23	4	355.5247	265.9045	0
23	5	548.8724	500.0076	0
23	6	513.8505	260.6274	0
23	7	492.0222	363.8732	0
24	1	427.2584	356.5252	0
24	2	438.5491	97.44495	0
24	3	401.5873	357.618	0
24	4	355.5247	265.9045	0
24	5	548.8724	500.0076	0
24	6	513.8505	260.6274	0
24	7	492.0222	363.8732	0
24	8	557.9092	367.8594	0
25	1	427.2584	356.5252	0
25	2	438.5491	97.44495	0
25	3	401.5873	357.618	0
25	4	355.5247	265.9045	0
25	5	548.8724	500.0076	0
25	6	513.8505	260.6274	0
25	7	492.0222	363.8732	0
25	8	557.9092	367.8594	0
25	9	433.6885	69.51648	0
26	1	427.2584	356.5252	0
26	2	438.5491	97.44495	0
26	3	401.5873	357.618	0
26	4	355.5247	265.9045	0
26	5	548.8724	500.0076	0
26	6	513.8505	260.6274	0
26	7	492.0222	363.8732	0
26	8	557.9092	367.8594	0
26	9	433.6885	69.51648	0
27	1	427.2584	356.5252	0
27	2	438.5491	97.44495	0
27	3	401.5873	357.618	0
27	4	355.5247	265.9045	0
27	5	548.8724	500.0076	0
27	6	513.8505	260.6274	0
27	7	492.0222	363.8732	0
27	8	557.9092	367.8594	0
27	9	433.6885	69.51648	0
27	10	517.6182	455.5062	0
28	1	427.2584	356.5252	0
28	2	438.5491	97.44495	0
28	3	401.5873	357.618	0
28	4	355.5247	265.9045	0
28	5	548.8724	500.0076	0
28	6	513.8505	260.6274	0
28	7	492.0222	363.8732	0
28	8	557.9092	367.8594	0
28	9	433.6885	69.51648	0
28	10	517.6182	455.5062	0
28	11	296.9759	-26.72565	0
29	1	427.2584	356.5252	0
29	2	438.5491	97.44495	0
29	3	401.5873	357.618	0
29	4	355.5247	265.9045	0
29	5	548.8724	500.0076	0
29	6	513.8505	260.6274	0
29	7	492.0222	363.8732	0
29	8	557.9092	367.8594	0
29	9	433.6885	69.51648	0
29	10	517.6182	455.5062	0
29	11	296.9759	-26.72565	0
29	12	302.3788	57.58478	0
30	1	427.2584	356.5252	0
30	2	438.5491	97.44495	0
30	3	401.5873	357.618	0
30	4	355.5247	265.9045	0
30	5	548.8724	500.0076	0
30	6	513.8505	260.6274	0
30	7	492.0222	363.8732	0
30	8	557.9092	367.8594	0
30	9	433.6885	69.51648	0
30	10	517.6182	455.5062	0
30	11	296.9759	-26.72565	0
30	12	302.3788	57.58478	0
30	13	354.6601	315.1362	0
31	1	427.2584	356.5252	0
31	2	438.5491	97.44495	0
31	3	401.5873	357.618	0
31	4	355.5247	265.9045	0
31	5	548.8724	500.0076	0
31	6	513.8505	260.6274	0
31	7	492.0222	363.8732	0
31	8	557.9092	367.8594	0
31	9	433.6885	69.51648	0
31	10	517.6182	455.5062	0
31	11	296.9759	-26.72565	0
31	12	302.3788	57.58478	0
31	13	354.6601	315.1362	0
31	14	420.563	125.7745	0
32	1	427.2584	356.5252	0
32	2	438.5491	97.44495	0
32	3	401.5873	357.618	0
32	4	355.5247	265.9045	0
32	5	548.8724	500.0076	0
32	6	513.8505	260.6274	0
32	7	492.0222	363.8732	0
32	8	557.9092	367.8594	0
32	9	433.6885	69.51648	0
32	10	517.6182	455.5062	0
32	11	296.9759	-26.72565	0
32	12	302.3788	57.58478	0
32	13	354.6601	315.1362	0
32	14	420.563	125.7745	0
32	15	367.5197	65.44714	0
33	1	427.2584	356.5252	0
33	2	438.5491	97.44495	0
33	3	401.5873	357.618	0
33	4	355.5247	265.9045	0
33	5	548.8724	500.0076	0
33	6	513.8505	260.6274	0
33	7	492.0222	363.8732	0
33	8	557.9092	367.8594	0
33	9	433.6885	69.51648	0
33	10	517.6182	455.5062	0
33	11	296.9759	-26.72565	0
33	12	302.3788	57.58478	0
33	13	354.6601	315.1362	0
33	14	420.563	125.7745	0
33	15	367.5197	65.44714	0
33	16	447.0165	257.2601	0
34	1	427.2584	356.5252	0
34	2	438.5491	97.44495	0
34	3	401.5873	357.618	0
34	4	355.5247	265.9045	0
34	5	548.8724	500.0076	0
34	6	513.8505	260.6274	0
34	7	492.0222	363.8732	0
34	8	557.9092	367.8594	0
34	9	433.6885	69.51648	0
34	10	517.6182	455.5062	0
34	11	296.9759	-26.72565	0
34	12	302.3788	57.58478	0
34	13	354.6601	315.1362	0
34	14	420.563	125.7745	0
34	15	367.5197	65.44714	0
34	16	447.0165	257.2601	0
34	17	393.7765	158.3314	0
35	1	427.2584	356.5252	0
35	2	438.5491	97.44495	0
35	3	401.5873	357.618	0
35	4	355.5247	265.9045	0
35	5	548.8724	500.0076	0
35	6	513.8505	260.6274	0
35	7	492.0222	363.8732	0
35	8	557.9092	367.8594	0
35	9	433.6885	69.51648	0
35	10	517.6182	455.5062	0
35	11	296.9759	-26.72565	0
35	12	302.3788	57.58478	0
35	13	354.6601	315.1362	0
35	14	420.563	125.7745	0
35	15	367.5197	65.44714	0
35	16	447.0165	257.2601	0
35	17	393.7765	158.3314	0
35	18	372.2654	94.45538	0
36	1	427.2584	356.5252	0
36	2	438.5491	97.44495	0
36	3	401.5873	357.618	0
36	4	355.5247	265.9045	0
36	5	548.8724	500.0076	0
36	6	513.8505	260.6274	0
36	7	492.0222	363.8732	0
36	8	557.9092	367.8594	0
36	9	433.6885	69.51648	0
36	10	517.6182	455.5062	0
36	11	296.9759	-26.72565	0
36	12	302.3788	57.58478	0
36	13	354.6601	315.1362	0
36	14	420.563	125.7745	0
36	15	367.5197	65.44714	0
36	16	447.0165	257.2601	0
36	17	393.7765	158.3314	0
36	18	372.2654	94.45538	0
37	1	427.2584	356.5252	0
37	2	438.5491	97.44495	0
37	3	401.5873	357.618	0
37	4	355.5247	265.9045	0
37	5	548.8724	500.0076	0
37	6	513.8505	260.6274	0
37	7	492.0222	363.8732	0
37	8	557.9092	367.8594	0
37	9	433.6885	69.51648	0
37	10	517.6182	455.5062	0
37	11	296.9759	-26.72565	0
37	12	302.3788	57.58478	0
37	13	354.6601	315.1362	0
37	14	420.563	125.7745	0
37	15	367.5197	65.44714	0
37	16	447.0165	257.2601	0
37	17	393.7765	158.3314	0
37	18	372.2654	94.45538	0
37	19	544.5673	423.3236	0
17	1	424.5894	355.5688	0
18	1	424.5894	355.5688	0
18	2	438.3239	98.38309	0
19	1	424.5894	355.5688	0
19	2	438.3239	98.38309	0
19	3	400.5756	356.1444	0
20	1	424.5894	355.5688	0
20	2	438.3239	98.38309	0
20	3	400.5756	356.1444	0
20	4	353.8126	266.9637	0
21	1	424.5894	355.5688	0
21	2	438.3239	98.38309	0
21	3	400.5756	356.1444	0
21	4	353.8126	266.9637	0
21	5	550.3763	499.5918	0
22	1	424.5894	355.5688	0
22	2	438.3239	98.38309	0
22	3	400.5756	356.1444	0
22	4	353.8126	266.9637	0
22	5	550.3763	499.5918	0
22	6	513.5024	261.648	0
23	1	424.5894	355.5688	0
23	2	438.3239	98.38309	0
23	3	400.5756	356.1444	0
23	4	353.8126	266.9637	0
23	5	550.3763	499.5918	0
23	6	513.5024	261.648	0
23	7	493.2353	364.3947	0
17	1	425.8176	355.368	0
18	1	425.8176	355.368	0
18	2	440.0037	97.15198	0
19	1	425.8176	355.368	0
19	2	440.0037	97.15198	0
19	3	401.1421	356.3029	0
20	1	425.8176	355.368	0
20	2	440.0037	97.15198	0
20	3	401.1421	356.3029	0
20	4	355.2826	266.2509	0
21	1	425.8176	355.368	0
21	2	440.0037	97.15198	0
21	3	401.1421	356.3029	0
21	4	355.2826	266.2509	0
21	5	548.9548	501.0444	0
22	1	425.8176	355.368	0
22	2	440.0037	97.15198	0
22	3	401.1421	356.3029	0
22	4	355.2826	266.2509	0
22	5	548.9548	501.0444	0
22	6	513.7313	261.3047	0
23	1	425.8176	355.368	0
23	2	440.0037	97.15198	0
23	3	401.1421	356.3029	0
23	4	355.2826	266.2509	0
23	5	548.9548	501.0444	0
23	6	513.7313	261.3047	0
23	7	492.1768	363.4277	0
24	1	425.8176	355.368	0
24	2	440.0037	97.15198	0
24	3	401.1421	356.3029	0
24	4	355.2826	266.2509	0
24	5	548.9548	501.0444	0
24	6	513.7313	261.3047	0
24	7	492.1768	363.4277	0
24	8	557.4763	368.6875	0
17	1	425.7257	355.1956	0
18	1	425.7257	355.1956	0
18	2	439.3396	98.32864	0
19	1	425.7257	355.1956	0
19	2	439.3396	98.32864	0
19	3	401.1165	357.5905	0
20	1	425.7257	355.1956	0
20	2	439.3396	98.32864	0
20	3	401.1165	357.5905	0
20	4	356.3251	266.7796	0
21	1	425.7257	355.1956	0
21	2	439.3396	98.32864	0
21	3	401.1165	357.5905	0
21	4	356.3251	266.7796	0
21	5	548.6683	499.5366	0
22	1	425.7257	355.1956	0
22	2	439.3396	98.32864	0
22	3	401.1165	357.5905	0
22	4	356.3251	266.7796	0
22	5	548.6683	499.5366	0
22	6	514.5375	261.5258	0
23	1	425.7257	355.1956	0
23	2	439.3396	98.32864	0
23	3	401.1165	357.5905	0
23	4	356.3251	266.7796	0
23	5	548.6683	499.5366	0
23	6	514.5375	261.5258	0
23	7	492.2805	364.0594	0
24	1	425.7257	355.1956	0
24	2	439.3396	98.32864	0
24	3	401.1165	357.5905	0
24	4	356.3251	266.7796	0
24	5	548.6683	499.5366	0
24	6	514.5375	261.5258	0
24	7	492.2805	364.0594	0
24	8	558.7113	368.9612	0
25	1	425.7257	355.1956	0
25	2	439.3396	98.32864	0
25	3	401.1165	357.5905	0
25	4	356.3251	266.7796	0
25	5	548.6683	499.5366	0
25	6	514.5375	261.5258	0
25	7	492.2805	364.0594	0
25	8	558.7113	368.9612	0
25	9	433.7405	69.41064	0
26	1	425.7257	355.1956	0
26	2	439.3396	98.32864	0
26	3	401.1165	357.5905	0
26	4	356.3251	266.7796	0
26	5	548.6683	499.5366	0
26	6	514.5375	261.5258	0
26	7	492.2805	364.0594	0
26	8	558.7113	368.9612	0
26	9	433.7405	69.41064	0
27	1	425.7257	355.1956	0
27	2	439.3396	98.32864	0
27	3	401.1165	357.5905	0
27	4	356.3251	266.7796	0
27	5	548.6683	499.5366	0
27	6	514.5375	261.5258	0
27	7	492.2805	364.0594	0
27	8	558.7113	368.9612	0
27	9	433.7405	69.41064	0
27	10	518.107	454.2253	0
28	1	425.7257	355.1956	0
28	2	439.3396	98.32864	0
28	3	401.1165	357.5905	0
28	4	356.3251	266.7796	0
28	5	548.6683	499.5366	0
28	6	514.5375	261.5258	0
28	7	492.2805	364.0594	0
28	8	558.7113	368.9612	0
28	9	433.7405	69.41064	0
28	10	518.107	454.2253	0
28	11	296.6347	-26.80029	0
29	1	425.7257	355.1956	0
29	2	439.3396	98.32864	0
29	3	401.1165	357.5905	0
29	4	356.3251	266.7796	0
29	5	548.6683	499.5366	0
29	6	514.5375	261.5258	0
29	7	492.2805	364.0594	0
29	8	558.7113	368.9612	0
29	9	433.7405	69.41064	0
29	10	518.107	454.2253	0
29	11	296.6347	-26.80029	0
29	12	301.1602	57.52054	0
30	1	425.7257	355.1956	0
30	2	439.3396	98.32864	0
30	3	401.1165	357.5905	0
30	4	356.3251	266.7796	0
30	5	548.6683	499.5366	0
30	6	514.5375	261.5258	0
30	7	492.2805	364.0594	0
30	8	558.7113	368.9612	0
30	9	433.7405	69.41064	0
30	10	518.107	454.2253	0
30	11	296.6347	-26.80029	0
30	12	301.1602	57.52054	0
30	13	355.8904	316.4266	0
31	1	425.7257	355.1956	0
31	2	439.3396	98.32864	0
31	3	401.1165	357.5905	0
31	4	356.3251	266.7796	0
31	5	548.6683	499.5366	0
31	6	514.5375	261.5258	0
31	7	492.2805	364.0594	0
31	8	558.7113	368.9612	0
31	9	433.7405	69.41064	0
31	10	518.107	454.2253	0
31	11	296.6347	-26.80029	0
31	12	301.1602	57.52054	0
31	13	355.8904	316.4266	0
31	14	418.8155	125.4232	0
32	1	425.7257	355.1956	0
32	2	439.3396	98.32864	0
32	3	401.1165	357.5905	0
32	4	356.3251	266.7796	0
32	5	548.6683	499.5366	0
32	6	514.5375	261.5258	0
32	7	492.2805	364.0594	0
32	8	558.7113	368.9612	0
32	9	433.7405	69.41064	0
32	10	518.107	454.2253	0
32	11	296.6347	-26.80029	0
32	12	301.1602	57.52054	0
32	13	355.8904	316.4266	0
32	14	418.8155	125.4232	0
32	15	366.3899	66.26166	0
33	1	425.7257	355.1956	0
33	2	439.3396	98.32864	0
33	3	401.1165	357.5905	0
33	4	356.3251	266.7796	0
33	5	548.6683	499.5366	0
33	6	514.5375	261.5258	0
33	7	492.2805	364.0594	0
33	8	558.7113	368.9612	0
33	9	433.7405	69.41064	0
33	10	518.107	454.2253	0
33	11	296.6347	-26.80029	0
33	12	301.1602	57.52054	0
33	13	355.8904	316.4266	0
33	14	418.8155	125.4232	0
33	15	366.3899	66.26166	0
33	16	446.0284	256.4661	0
34	1	425.7257	355.1956	0
34	2	439.3396	98.32864	0
34	3	401.1165	357.5905	0
34	4	356.3251	266.7796	0
34	5	548.6683	499.5366	0
34	6	514.5375	261.5258	0
34	7	492.2805	364.0594	0
34	8	558.7113	368.9612	0
34	9	433.7405	69.41064	0
34	10	518.107	454.2253	0
34	11	296.6347	-26.80029	0
34	12	301.1602	57.52054	0
34	13	355.8904	316.4266	0
34	14	418.8155	125.4232	0
34	15	366.3899	66.26166	0
34	16	446.0284	256.4661	0
34	17	391.9617	156.864	0
35	1	425.7257	355.1956	0
35	2	439.3396	98.32864	0
35	3	401.1165	357.5905	0
35	4	356.3251	266.7796	0
35	5	548.6683	499.5366	0
35	6	514.5375	261.5258	0
35	7	492.2805	364.0594	0
35	8	558.7113	368.9612	0
35	9	433.7405	69.41064	0
35	10	518.107	454.2253	0
35	11	296.6347	-26.80029	0
35	12	301.1602	57.52054	0
35	13	355.8904	316.4266	0
35	14	418.8155	125.4232	0
35	15	366.3899	66.26166	0
35	16	446.0284	256.4661	0
35	17	391.9617	156.864	0
35	18	373.0354	94.5257	0
36	1	425.7257	355.1956	0
36	2	439.3396	98.32864	0
36	3	401.1165	357.5905	0
36	4	356.3251	266.7796	0
36	5	548.6683	499.5366	0
36	6	514.5375	261.5258	0
36	7	492.2805	364.0594	0
36	8	558.7113	368.9612	0
36	9	433.7405	69.41064	0
36	10	518.107	454.2253	0
36	11	296.6347	-26.80029	0
36	12	301.1602	57.52054	0
36	13	355.8904	316.4266	0
36	14	418.8155	125.4232	0
36	15	366.3899	66.26166	0
36	16	446.0284	256.4661	0
36	17	391.9617	156.864	0
36	18	373.0354	94.5257	0
37	1	425.7257	355.1956	0
37	2	439.3396	98.32864	0
37	3	401.1165	357.5905	0
37	4	356.3251	266.7796	0
37	5	548.6683	499.5366	0
37	6	514.5375	261.5258	0
37	7	492.2805	364.0594	0
37	8	558.7113	368.9612	0
37	9	433.7405	69.41064	0
37	10	518.107	454.2253	0
37	11	296.6347	-26.80029	0
37	12	301.1602	57.52054	0
37	13	355.8904	316.4266	0
37	14	418.8155	125.4232	0
37	15	366.3899	66.26166	0
37	16	446.0284	256.4661	0
37	17	391.9617	156.864	0
37	18	373.0354	94.5257	0
37	19	544.347	421.9545	0
38	1	425.7257	355.1956	0
38	2	439.3396	98.32864	0
38	3	401.1165	357.5905	0
38	4	356.3251	266.7796	0
38	5	548.6683	499.5366	0
38	6	514.5375	261.5258	0
38	7	492.2805	364.0594	0
38	8	558.7113	368.9612	0
38	9	433.7405	69.41064	0
38	10	518.107	454.2253	0
38	11	296.6347	-26.80029	0
38	12	301.1602	57.52054	0
38	13	355.8904	316.4266	0
38	14	418.8155	125.4232	0
38	15	366.3899	66.26166	0
38	16	446.0284	256.4661	0
38	17	391.9617	156.864	0
38	18	373.0354	94.5257	0
38	19	544.347	421.9545	0
38	20	522.0109	314.9484	0
39	1	425.7257	355.1956	0
39	2	439.3396	98.32864	0
39	3	401.1165	357.5905	0
39	4	356.3251	266.7796	0
39	5	548.6683	499.5366	0
39	6	514.5375	261.5258	0
39	7	492.2805	364.0594	0
39	8	558.7113	368.9612	0
39	9	433.7405	69.41064	0
39	10	518.107	454.2253	0
39	11	296.6347	-26.80029	0
39	12	301.1602	57.52054	0
39	13	355.8904	316.4266	0
39	14	418.8155	125.4232	0
39	15	366.3899	66.26166	0
39	16	446.0284	256.4661	0
39	17	391.9617	156.864	0
39	18	373.0354	94.5257	0
39	19	544.347	421.9545	0
39	20	522.0109	314.9484	0
39	21	546.0288	616.0104	0
40	1	425.7257	355.1956	0
40	2	439.3396	98.32864	0
40	3	401.1165	357.5905	0
40	4	356.3251	266.7796	0
40	5	548.6683	499.5366	0
40	6	514.5375	261.5258	0
40	7	492.2805	364.0594	0
40	8	558.7113	368.9612	0
40	9	433.7405	69.41064	0
40	10	518.107	454.2253	0
40	11	296.6347	-26.80029	0
40	12	301.1602	57.52054	0
40	13	355.8904	316.4266	0
40	14	418.8155	125.4232	0
40	15	366.3899	66.26166	0
40	16	446.0284	256.4661	0
40	17	391.9617	156.864	0
40	18	373.0354	94.5257	0
40	19	544.347	421.9545	0
40	20	522.0109	314.9484	0
40	21	546.0288	616.0104	0
40	22	571.1464	555.9915	0
41	1	425.7257	355.1956	0
41	2	439.3396	98.32864	0
41	3	401.1165	357.5905	0
41	4	356.3251	266.7796	0
41	5	548.6683	499.5366	0
41	6	514.5375	261.5258	0
41	7	492.2805	364.0594	0
41	8	558.7113	368.9612	0
41	9	433.7405	69.41064	0
41	10	518.107	454.2253	0
41	11	296.6347	-26.80029	0
41	12	301.1602	57.52054	0
41	13	355.8904	316.4266	0
41	14	418.8155	125.4232	0
41	15	366.3899	66.26166	0
41	16	446.0284	256.4661	0
41	17	391.9617	156.864	0
41	18	373.0354	94.5257	0
41	19	544.347	421.9545	0
41	20	522.0109	314.9484	0
41	21	546.0288	616.0104	0
41	22	571.1464	555.9915	0
41	23	420.4378	270.4743	0
42	1	425.7257	355.1956	0
42	2	439.3396	98.32864	0
42	3	401.1165	357.5905	0
42	4	356.3251	266.7796	0
42	5	548.6683	499.5366	0
42	6	514.5375	261.5258	0
42	7	492.2805	364.0594	0
42	8	558.7113	368.9612	0
42	9	433.7405	69.41064	0
42	10	518.107	454.2253	0
42	11	296.6347	-26.80029	0
42	12	301.1602	57.52054	0
42	13	355.8904	316.4266	0
42	14	418.8155	125.4232	0
42	15	366.3899	66.26166	0
42	16	446.0284	256.4661	0
42	17	391.9617	156.864	0
42	18	373.0354	94.5257	0
42	19	544.347	421.9545	0
42	20	522.0109	314.9484	0
42	21	546.0288	616.0104	0
42	22	571.1464	555.9915	0
42	23	420.4378	270.4743	0
42	24	342.8169	63.0658	0
43	1	425.7257	355.1956	0
43	2	439.3396	98.32864	0
43	3	401.1165	357.5905	0
43	4	356.3251	266.7796	0
43	5	548.6683	499.5366	0
43	6	514.5375	261.5258	0
43	7	492.2805	364.0594	0
43	8	558.7113	368.9612	0
43	9	433.7405	69.41064	0
43	10	518.107	454.2253	0
43	11	296.6347	-26.80029	0
43	12	301.1602	57.52054	0
43	13	355.8904	316.4266	0
43	14	418.8155	125.4232	0
43	15	366.3899	66.26166	0
43	16	446.0284	256.4661	0
43	17	391.9617	156.864	0
43	18	373.0354	94.5257	0
43	19	544.347	421.9545	0
43	20	522.0109	314.9484	0
43	21	546.0288	616.0104	0
43	22	571.1464	555.9915	0
43	23	420.4378	270.4743	0
43	24	342.8169	63.0658	0
43	25	564.6521	396.4081	0
44	1	425.7257	355.1956	0
44	2	439.3396	98.32864	0
44	3	401.1165	357.5905	0
44	4	356.3251	266.7796	0
44	5	548.6683	499.5366	0
44	6	514.5375	261.5258	0
44	7	492.2805	364.0594	0
44	8	558.7113	368.9612	0
44	9	433.7405	69.41064	0
44	10	518.107	454.2253	0
44	11	296.6347	-26.80029	0
44	12	301.1602	57.52054	0
44	13	355.8904	316.4266	0
44	14	418.8155	125.4232	0
44	15	366.3899	66.26166	0
44	16	446.0284	256.4661	0
44	17	391.9617	156.864	0
44	18	373.0354	94.5257	0
44	19	544.347	421.9545	0
44	20	522.0109	314.9484	0
44	21	546.0288	616.0104	0
44	22	571.1464	555.9915	0
44	23	420.4378	270.4743	0
44	24	342.8169	63.0658	0
44	25	564.6521	396.4081	0
44	26	460.0917	162.3597	0
45	1	425.7257	355.1956	0
45	2	439.3396	98.32864	0
45	3	401.1165	357.5905	0
45	4	356.3251	266.7796	0
45	5	548.6683	499.5366	0
45	6	514.5375	261.5258	0
45	7	492.2805	364.0594	0
45	8	558.7113	368.9612	0
45	9	433.7405	69.41064	0
45	10	518.107	454.2253	0
45	11	296.6347	-26.80029	0
45	12	301.1602	57.52054	0
45	13	355.8904	316.4266	0
45	14	418.8155	125.4232	0
45	15	366.3899	66.26166	0
45	16	446.0284	256.4661	0
45	17	391.9617	156.864	0
45	18	373.0354	94.5257	0
45	19	544.347	421.9545	0
45	20	522.0109	314.9484	0
45	21	546.0288	616.0104	0
45	22	571.1464	555.9915	0
45	23	420.4378	270.4743	0
45	24	342.8169	63.0658	0
45	25	564.6521	396.4081	0
45	26	460.0917	162.3597	0
45	27	485.3974	129.0344	0
46	1	425.7257	355.1956	0
46	2	439.3396	98.32864	0
46	3	401.1165	357.5905	0
46	4	356.3251	266.7796	0
46	5	548.6683	499.5366	0
46	6	514.5375	261.5258	0
46	7	492.2805	364.0594	0
46	8	558.7113	368.9612	0
46	9	433.7405	69.41064	0
46	10	518.107	454.2253	0
46	11	296.6347	-26.80029	0
46	12	301.1602	57.52054	0
46	13	355.8904	316.4266	0
46	14	418.8155	125.4232	0
46	15	366.3899	66.26166	0
46	16	446.0284	256.4661	0
46	17	391.9617	156.864	0
46	18	373.0354	94.5257	0
46	19	544.347	421.9545	0
46	20	522.0109	314.9484	0
46	21	546.0288	616.0104	0
46	22	571.1464	555.9915	0
46	23	420.4378	270.4743	0
46	24	342.8169	63.0658	0
46	25	564.6521	396.4081	0
46	26	460.0917	162.3597	0
46	27	485.3974	129.0344	0
47	1	425.7257	355.1956	0
47	2	439.3396	98.32864	0
47	3	401.1165	357.5905	0
47	4	356.3251	266.7796	0
47	5	548.6683	499.5366	0
47	6	514.5375	261.5258	0
47	7	492.2805	364.0594	0
47	8	558.7113	368.9612	0
47	9	433.7405	69.41064	0
47	10	518.107	454.2253	0
47	11	296.6347	-26.80029	0
47	12	301.1602	57.52054	0
47	13	355.8904	316.4266	0
47	14	418.8155	125.4232	0
47	15	366.3899	66.26166	0
47	16	446.0284	256.4661	0
47	17	391.9617	156.864	0
47	18	373.0354	94.5257	0
47	19	544.347	421.9545	0
47	20	522.0109	314.9484	0
47	21	546.0288	616.0104	0
47	22	571.1464	555.9915	0
47	23	420.4378	270.4743	0
47	24	342.8169	63.0658	0
47	25	564.6521	396.4081	0
47	26	460.0917	162.3597	0
47	27	485.3974	129.0344	0
47	28	481.1931	613.2717	0
17	1	426.1914	356.6085	0
18	1	426.1914	356.6085	0
18	2	439.0149	97.17551	0
19	1	426.1914	356.6085	0
19	2	439.0149	97.17551	0
19	3	401.8965	357.0094	0
20	1	426.1914	356.6085	0
20	2	439.0149	97.17551	0
20	3	401.8965	357.0094	0
20	4	355.0336	265.5086	0
21	1	426.1914	356.6085	0
21	2	439.0149	97.17551	0
21	3	401.8965	357.0094	0
21	4	355.0336	265.5086	0
21	5	549.6448	500.2049	0
22	1	426.1914	356.6085	0
22	2	439.0149	97.17551	0
22	3	401.8965	357.0094	0
22	4	355.0336	265.5086	0
22	5	549.6448	500.2049	0
22	6	513.1357	262.0851	0
23	1	426.1914	356.6085	0
23	2	439.0149	97.17551	0
23	3	401.8965	357.0094	0
23	4	355.0336	265.5086	0
23	5	549.6448	500.2049	0
23	6	513.1357	262.0851	0
23	7	492.2113	365.4892	0
24	1	426.1914	356.6085	0
24	2	439.0149	97.17551	0
24	3	401.8965	357.0094	0
24	4	355.0336	265.5086	0
24	5	549.6448	500.2049	0
24	6	513.1357	262.0851	0
24	7	492.2113	365.4892	0
24	8	559.0575	368.5394	0
25	1	426.1914	356.6085	0
25	2	439.0149	97.17551	0
25	3	401.8965	357.0094	0
25	4	355.0336	265.5086	0
25	5	549.6448	500.2049	0
25	6	513.1357	262.0851	0
25	7	492.2113	365.4892	0
25	8	559.0575	368.5394	0
25	9	434.5843	70.04306	0
17	1	426.9332	356.4636	0
18	1	426.9332	356.4636	0
18	2	439.5463	97.83536	0
19	1	426.9332	356.4636	0
19	2	439.5463	97.83536	0
19	3	400.2205	358.0927	0
20	1	426.9332	356.4636	0
20	2	439.5463	97.83536	0
20	3	400.2205	358.0927	0
20	4	353.977	266.6039	0
21	1	426.9332	356.4636	0
21	2	439.5463	97.83536	0
21	3	400.2205	358.0927	0
21	4	353.977	266.6039	0
21	5	549.3333	500.4692	0
22	1	426.9332	356.4636	0
22	2	439.5463	97.83536	0
22	3	400.2205	358.0927	0
22	4	353.977	266.6039	0
22	5	549.3333	500.4692	0
22	6	513.5112	260.6658	0
23	1	426.9332	356.4636	0
23	2	439.5463	97.83536	0
23	3	400.2205	358.0927	0
23	4	353.977	266.6039	0
23	5	549.3333	500.4692	0
23	6	513.5112	260.6658	0
23	7	491.9955	365.337	0
24	1	426.9332	356.4636	0
24	2	439.5463	97.83536	0
24	3	400.2205	358.0927	0
24	4	353.977	266.6039	0
24	5	549.3333	500.4692	0
24	6	513.5112	260.6658	0
24	7	491.9955	365.337	0
24	8	558.6982	367.8596	0
25	1	426.9332	356.4636	0
25	2	439.5463	97.83536	0
25	3	400.2205	358.0927	0
25	4	353.977	266.6039	0
25	5	549.3333	500.4692	0
25	6	513.5112	260.6658	0
25	7	491.9955	365.337	0
25	8	558.6982	367.8596	0
25	9	433.4556	71.54736	0
26	1	426.9332	356.4636	0
26	2	439.5463	97.83536	0
26	3	400.2205	358.0927	0
26	4	353.977	266.6039	0
26	5	549.3333	500.4692	0
26	6	513.5112	260.6658	0
26	7	491.9955	365.337	0
26	8	558.6982	367.8596	0
26	9	433.4556	71.54736	0
17	1	424.6006	355.7386	0
18	1	424.6006	355.7386	0
18	2	438.3295	97.74081	0
19	1	424.6006	355.7386	0
19	2	438.3295	97.74081	0
19	3	399.6128	357.3784	0
20	1	424.6006	355.7386	0
20	2	438.3295	97.74081	0
20	3	399.6128	357.3784	0
20	4	355.846	266.1001	0
21	1	424.6006	355.7386	0
21	2	438.3295	97.74081	0
21	3	399.6128	357.3784	0
21	4	355.846	266.1001	0
21	5	550.0264	499.3286	0
22	1	424.6006	355.7386	0
22	2	438.3295	97.74081	0
22	3	399.6128	357.3784	0
22	4	355.846	266.1001	0
22	5	550.0264	499.3286	0
22	6	512.6763	260.459	0
23	1	424.6006	355.7386	0
23	2	438.3295	97.74081	0
23	3	399.6128	357.3784	0
23	4	355.846	266.1001	0
23	5	550.0264	499.3286	0
23	6	512.6763	260.459	0
23	7	491.7709	363.868	0
24	1	424.6006	355.7386	0
24	2	438.3295	97.74081	0
24	3	399.6128	357.3784	0
24	4	355.846	266.1001	0
24	5	550.0264	499.3286	0
24	6	512.6763	260.459	0
24	7	491.7709	363.868	0
24	8	558.1029	367.9609	0
25	1	424.6006	355.7386	0
25	2	438.3295	97.74081	0
25	3	399.6128	357.3784	0
25	4	355.846	266.1001	0
25	5	550.0264	499.3286	0
25	6	512.6763	260.459	0
25	7	491.7709	363.868	0
25	8	558.1029	367.9609	0
25	9	433.0242	71.25693	0
26	1	424.6006	355.7386	0
26	2	438.3295	97.74081	0
26	3	399.6128	357.3784	0
26	4	355.846	266.1001	0
26	5	550.0264	499.3286	0
26	6	512.6763	260.459	0
26	7	491.7709	363.868	0
26	8	558.1029	367.9609	0
26	9	433.0242	71.25693	0
27	1	424.6006	355.7386	0
27	2	438.3295	97.74081	0
27	3	399.6128	357.3784	0
27	4	355.846	266.1001	0
27	5	550.0264	499.3286	0
27	6	512.6763	260.459	0
27	7	491.7709	363.868	0
27	8	558.1029	367.9609	0
27	9	433.0242	71.25693	0
27	10	518.2209	455.4855	0
