64	1	495.2186	147.6237	0
64	2	749.5496	149.5093	0
64	3	493.6908	141.7469	0
64	4	565.5582	132.0037	0
64	5	292.567	193.5396	0
64	6	612.2247	174.2667	0
64	7	485.1255	167.1657	0
64	8	763.4653	135.5528	0
64	9	480.1019	197.8261	0
64	10	771.3326	148.0294	0
64	11	369.9048	178.4033	0
64	12	767.0093	122.0629	0
64	13	707.7342	122.9164	0
64	14	527.3304	132.4583	0
64	15	710.8962	144.8445	0
64	16	733.5781	133.6028	0
64	17	596.0605	152.4906	0
64	18	668.5695	138.7375	0
64	19	714.4105	134.7745	0
64	20	402.6059	189.8828	0
64	21	547.8996	178.8508	0
64	22	125.4606	193.6674	0
64	23	189.9664	207.0497	0
64	24	576.0536	146.033	0
64	25	723.1481	129.2582	0
64	26	436.7718	200.9304	0
64	27	697.5927	155.3724	0
64	28	748.0242	163.1363	0
64	29	203.4771	165.2971	0
64	30	698.6301	119.6538	0
64	31	669.6273	121.049	0
64	32	332.1732	214.8807	0
64	33	738.7927	113.9508	0
64	34	754.5774	127.0303	0
64	35	449.5365	143.8591	0
64	36	64.57131	267.5957	0
64	37	438.5636	161.9632	0
64	38	529.6001	146.4508	0
64	39	368.3344	234.1981	0
64	40	690.8307	131.1014	0
64	41	793.103	139.0618	0
64	42	489.3433	158.6032	0
64	43	454.5909	169.3762	0
64	44	540.167	155.0768	0
65	1	495.2186	147.6237	0
65	2	749.5496	149.5093	0
65	3	493.6908	141.7469	0
65	4	565.5582	132.0037	0
65	5	292.567	193.5396	0
65	6	612.2247	174.2667	0
65	7	485.1255	167.1657	0
65	8	763.4653	135.5528	0
65	9	480.1019	197.8261	0
65	10	771.3326	148.0294	0
65	11	369.9048	178.4033	0
65	12	767.0093	122.0629	0
65	13	707.7342	122.9164	0
65	14	527.3304	132.4583	0
65	15	710.8962	144.8445	0
65	16	733.5781	133.6028	0
65	17	596.0605	152.4906	0
65	18	668.5695	138.7375	0
65	19	714.4105	134.7745	0
65	20	402.6059	189.8828	0
65	21	547.8996	178.8508	0
65	22	125.4606	193.6674	0
65	23	189.9664	207.0497	0
65	24	576.0536	146.033	0
65	25	723.1481	129.2582	0
65	26	436.7718	200.9304	0
65	27	697.5927	155.3724	0
65	28	748.0242	163.1363	0
65	29	203.4771	165.2971	0
65	30	698.6301	119.6538	0
65	31	669.6273	121.049	0
65	32	332.1732	214.8807	0
65	33	738.7927	113.9508	0
65	34	754.5774	127.0303	0
65	35	449.5365	143.8591	0
65	36	64.57131	267.5957	0
65	37	438.5636	161.9632	0
65	38	529.6001	146.4508	0
65	39	368.3344	234.1981	0
65	40	690.8307	131.1014	0
65	41	793.103	139.0618	0
65	42	489.3433	158.6032	0
65	43	454.5909	169.3762	0
65	44	540.167	155.0768	0
66	1	495.2186	147.6237	0
66	2	749.5496	149.5093	0
66	3	493.6908	141.7469	0
66	4	565.5582	132.0037	0
66	5	292.567	193.5396	0
66	6	612.2247	174.2667	0
66	7	485.1255	167.1657	0
66	8	763.4653	135.5528	0
66	9	480.1019	197.8261	0
66	10	771.3326	148.0294	0
66	11	369.9048	178.4033	0
66	12	767.0093	122.0629	0
66	13	707.7342	122.9164	0
66	14	527.3304	132.4583	0
66	15	710.8962	144.8445	0
66	16	733.5781	133.6028	0
66	17	596.0605	152.4906	0
66	18	668.5695	138.7375	0
66	19	714.4105	134.7745	0
66	20	402.6059	189.8828	0
66	21	547.8996	178.8508	0
66	22	125.4606	193.6674	0
66	23	189.9664	207.0497	0
66	24	576.0536	146.033	0
66	25	723.1481	129.2582	0
66	26	436.7718	200.9304	0
66	27	697.5927	155.3724	0
66	28	748.0242	163.1363	0
66	29	203.4771	165.2971	0
66	30	698.6301	119.6538	0
66	31	669.6273	121.049	0
66	32	332.1732	214.8807	0
66	33	738.7927	113.9508	0
66	34	754.5774	127.0303	0
66	35	449.5365	143.8591	0
66	36	64.57131	267.5957	0
66	37	438.5636	161.9632	0
66	38	529.6001	146.4508	0
66	39	368.3344	234.1981	0
66	40	690.8307	131.1014	0
66	41	793.103	139.0618	0
66	42	489.3433	158.6032	0
66	43	454.5909	169.3762	0
66	44	540.167	155.0768	0
67	1	495.2186	147.6237	0
67	2	749.5496	149.5093	0
67	3	493.6908	141.7469	0
67	4	565.5582	132.0037	0
67	5	292.567	193.5396	0
67	6	612.2247	174.2667	0
67	7	485.1255	167.1657	0
67	8	763.4653	135.5528	0
67	9	480.1019	197.8261	0
67	10	771.3326	148.0294	0
67	11	369.9048	178.4033	0
67	12	767.0093	122.0629	0
67	13	707.7342	122.9164	0
67	14	527.3304	132.4583	0
67	15	710.8962	144.8445	0
67	16	733.5781	133.6028	0
67	17	596.0605	152.4906	0
67	18	668.5695	138.7375	0
67	19	714.4105	134.7745	0
67	20	402.6059	189.8828	0
67	21	547.8996	178.8508	0
67	22	125.4606	193.6674	0
67	23	189.9664	207.0497	0
67	24	576.0536	146.033	0
67	25	723.1481	129.2582	0
67	26	436.7718	200.9304	0
67	27	697.5927	155.3724	0
67	28	748.0242	163.1363	0
67	29	203.4771	165.2971	0
67	30	698.6301	119.6538	0
67	31	669.6273	121.049	0
67	32	332.1732	214.8807	0
67	33	738.7927	113.9508	0
67	34	754.5774	127.0303	0
67	35	449.5365	143.8591	0
67	36	64.57131	267.5957	0
67	37	438.5636	161.9632	0
67	38	529.6001	146.4508	0
67	39	368.3344	234.1981	0
67	40	690.8307	131.1014	0
67	41	793.103	139.0618	0
67	42	489.3433	158.6032	0
67	43	454.5909	169.3762	0
67	44	540.167	155.0768	0
68	1	495.2186	147.6237	0
68	2	749.5496	149.5093	0
68	3	493.6908	141.7469	0
68	4	565.5582	132.0037	0
68	5	292.567	193.5396	0
68	6	612.2247	174.2667	0
68	7	485.1255	167.1657	0
68	8	763.4653	135.5528	0
68	9	480.1019	197.8261	0
68	10	771.3326	148.0294	0
68	11	369.9048	178.4033	0
68	12	767.0093	122.0629	0
68	13	707.7342	122.9164	0
68	14	527.3304	132.4583	0
68	15	710.8962	144.8445	0
68	16	733.5781	133.6028	0
68	17	596.0605	152.4906	0
68	18	668.5695	138.7375	0
68	19	714.4105	134.7745	0
68	20	402.6059	189.8828	0
68	21	547.8996	178.8508	0
68	22	125.4606	193.6674	0
68	23	189.9664	207.0497	0
68	24	576.0536	146.033	0
68	25	723.1481	129.2582	0
68	26	436.7718	200.9304	0
68	27	697.5927	155.3724	0
68	28	748.0242	163.1363	0
68	29	203.4771	165.2971	0
68	30	698.6301	119.6538	0
68	31	669.6273	121.049	0
68	32	332.1732	214.8807	0
68	33	738.7927	113.9508	0
68	34	754.5774	127.0303	0
68	35	449.5365	143.8591	0
68	36	64.57131	267.5957	0
68	37	438.5636	161.9632	0
68	38	529.6001	146.4508	0
68	39	368.3344	234.1981	0
68	40	690.8307	131.1014	0
68	41	793.103	139.0618	0
68	42	489.3433	158.6032	0
68	43	454.5909	169.3762	0
68	44	540.167	155.0768	0
