17	1	362.2057	366.1102	0
18	1	362.1993	366.0982	0
18	2	376.5903	85.20953	0
19	1	362.2024	366.093	0
19	2	376.553	85.21738	0
19	3	332.941	367.4322	0
20	1	362.2214	366.0953	0
20	2	376.5171	85.22357	0
20	3	332.9399	367.4364	0
20	4	284.6756	266.4603	0
21	1	362.2586	366.1054	0
21	2	376.4811	85.2309	0
21	3	332.9442	367.4359	0
21	4	284.6653	266.4526	0
21	5	494.6301	519.86	0
22	1	362.3121	366.1188	0
22	2	376.4461	85.24057	0
22	3	332.9499	367.4345	0
22	4	284.6552	266.4446	0
22	5	494.6048	519.8839	0
22	6	457.5044	260.9842	0
23	1	362.3814	366.1308	0
23	2	376.4138	85.25208	0
23	3	332.9579	367.4336	0
23	4	284.646	266.436	0
23	5	494.5881	519.905	0
23	6	457.4735	261.0131	0
23	7	432.8594	372.5241	0
24	1	362.4614	366.1411	0
24	2	376.3846	85.26489	0
24	3	332.9692	367.4337	0
24	4	284.6345	266.4254	0
24	5	494.5775	519.9203	0
24	6	457.4536	261.0378	0
24	7	432.8171	372.5167	0
24	8	504.0574	377.8208	0
25	1	362.5531	366.151	0
25	2	376.357	85.28131	0
25	3	332.9832	367.4348	0
25	4	284.6245	266.415	0
25	5	494.5735	519.9282	0
25	6	457.4413	261.055	0
25	7	432.7747	372.5205	0
25	8	504.0427	377.8405	0
25	9	370.4893	56.27118	0
26	1	362.6532	366.165	0
26	2	376.3313	85.30179	0
26	3	332.997	367.4343	0
26	4	284.6188	266.4057	0
26	5	494.5747	519.9291	0
26	6	457.4374	261.0634	0
26	7	432.7335	372.5308	0
26	8	504.0342	377.8539	0
26	9	370.4905	56.26141	0
27	1	362.7568	366.1835	0
27	2	376.3089	85.32123	0
27	3	333.0077	367.4313	0
27	4	284.6178	266.3997	0
27	5	494.5791	519.9279	0
27	6	457.44	261.0641	0
27	7	432.6939	372.5393	0
27	8	504.0321	377.86	0
27	9	370.4901	56.25244	0
27	10	462.4369	473.4933	0
28	1	362.862	366.2087	0
28	2	376.2932	85.33847	0
28	3	333.0154	367.4247	0
28	4	284.6268	266.3994	0
28	5	494.5844	519.9266	0
28	6	457.4459	261.063	0
28	7	432.6542	372.5487	0
28	8	504.0349	377.8605	0
28	9	370.4865	56.24426	0
28	10	462.4247	473.4828	0
28	11	222.5394	-46.91382	0
29	1	362.9583	366.2425	0
29	2	376.283	85.35153	0
29	3	333.0209	367.4164	0
29	4	284.6479	266.404	0
29	5	494.5925	519.9257	0
29	6	457.4532	261.0622	0
29	7	432.6155	372.5604	0
29	8	504.0399	377.8599	0
29	9	370.4764	56.23669	0
29	10	462.4105	473.4695	0
29	11	222.5335	-46.92163	0
29	12	225.8955	39.87366	0
30	1	363.032	366.2782	0
30	2	376.2786	85.35931	0
30	3	333.0262	367.4091	0
30	4	284.6821	266.4133	0
30	5	494.6032	519.9265	0
30	6	457.4644	261.0617	0
30	7	432.5795	372.5734	0
30	8	504.0464	377.8595	0
30	9	370.4662	56.22885	0
30	10	462.3957	473.455	0
30	11	222.5314	-46.92706	0
30	12	225.9834	39.88916	0
30	13	286.402	318.9095	0
31	1	363.0714	366.3034	0
31	2	376.2789	85.36191	0
31	3	333.0314	367.4023	0
31	4	284.7278	266.4228	0
31	5	494.616	519.9269	0
31	6	457.4785	261.063	0
31	7	432.547	372.588	0
31	8	504.0556	377.8594	0
31	9	370.4568	56.22067	0
31	10	462.3864	473.4426	0
31	11	222.5374	-46.9281	0
31	12	226.0744	39.91016	0
31	13	286.3614	318.906	0
31	14	354.2749	111.9179	0
32	1	363.0725	366.3166	0
32	2	376.2827	85.36203	0
32	3	333.037	367.3963	0
32	4	284.7826	266.4316	0
32	5	494.6266	519.9257	0
32	6	457.495	261.0633	0
32	7	432.5164	372.6064	0
32	8	504.0672	377.8606	0
32	9	370.4457	56.21048	0
32	10	462.3823	473.4332	0
32	11	222.5543	-46.92493	0
32	12	226.1615	39.93713	0
32	13	286.32	318.912	0
32	14	354.2693	111.8743	0
32	15	297.6969	46.8201	0
33	1	363.0656	366.285	0
33	2	376.2874	85.36191	0
33	3	333.0429	367.3898	0
33	4	284.8435	266.4391	0
33	5	494.6352	519.9221	0
33	6	457.5079	261.0612	0
33	7	432.4879	372.6297	0
33	8	504.08	377.8609	0
33	9	370.4349	56.20013	0
33	10	462.3898	473.431	0
33	11	222.5838	-46.91614	0
33	12	226.2338	39.96628	0
33	13	286.2803	318.9219	0
33	14	354.2516	111.8315	0
33	15	297.6788	46.77698	0
33	16	384.1929	255.9511	0
34	1	363.0512	366.2364	0
34	2	376.2939	85.36191	0
34	3	333.0488	367.3821	0
34	4	284.9135	266.4481	0
34	5	494.6405	519.9152	0
34	6	457.5182	261.0554	0
34	7	432.463	372.6523	0
34	8	504.0899	377.8592	0
34	9	370.4285	56.19159	0
34	10	462.4128	473.435	0
34	11	222.6239	-46.90649	0
34	12	226.2787	39.98993	0
34	13	286.2414	318.9294	0
34	14	354.2207	111.7926	0
34	15	297.6477	46.73752	0
34	16	384.2117	255.9545	0
34	17	325.8015	145.6931	0
17	1	361.201	363.8232	0
18	1	361.2338	363.8323	0
18	2	374.1556	80.53311	0
19	1	361.2781	363.8419	0
19	2	374.1163	80.5647	0
19	3	334.707	364.9139	0
20	1	361.3331	363.8509	0
20	2	374.0825	80.59363	0
20	3	334.7495	364.9247	0
20	4	284.356	266.8771	0
21	1	361.3935	363.8587	0
21	2	374.0593	80.61902	0
21	3	334.8052	364.935	0
21	4	284.3605	266.8705	0
21	5	496.4588	522.7231	0
22	1	361.4633	363.8672	0
22	2	374.0443	80.63779	0
22	3	334.8693	364.9447	0
22	4	284.3637	266.862	0
22	5	496.4709	522.7242	0
22	6	457.5652	262.2935	0
23	1	361.5376	363.879	0
23	2	374.0382	80.64828	0
23	3	334.9425	364.9534	0
23	4	284.364	266.8517	0
23	5	496.485	522.7248	0
23	6	457.5738	262.2932	0
23	7	434.1141	371.4152	0
17	1	361.9788	365.0634	0
18	1	361.9292	365.0661	0
18	2	374.8227	84.32269	0
19	1	361.8805	365.0775	0
19	2	374.8278	84.31628	0
19	3	331.915	365.626	0
20	1	361.8339	365.0878	0
20	2	374.8322	84.30829	0
20	3	331.9065	365.6138	0
20	4	282.9343	267.3295	0
21	1	361.7871	365.0983	0
21	2	374.8329	84.29861	0
21	3	331.9034	365.6044	0
21	4	282.886	267.3448	0
21	5	494.2083	520.5439	0
22	1	361.7418	365.1115	0
22	2	374.8346	84.28821	0
22	3	331.9117	365.6021	0
22	4	282.8436	267.3615	0
22	5	494.2676	520.5526	0
22	6	457.0062	259.9373	0
23	1	361.6991	365.1265	0
23	2	374.8346	84.27878	0
23	3	331.9356	365.6064	0
23	4	282.8036	267.3816	0
23	5	494.336	520.5607	0
23	6	456.9977	259.9269	0
23	7	432.9745	374.1384	0
24	1	361.661	365.1431	0
24	2	374.83	84.27011	0
24	3	331.9768	365.6177	0
24	4	282.7662	267.4081	0
24	5	494.4107	520.571	0
24	6	456.9842	259.9171	0
24	7	432.9852	374.1371	0
24	8	505.5846	379.2338	0
25	1	361.625	365.1638	0
25	2	374.8191	84.26218	0
25	3	332.0327	365.63	0
25	4	282.7323	267.4371	0
25	5	494.4879	520.5845	0
25	6	456.9713	259.9068	0
25	7	432.9937	374.1332	0
25	8	505.5732	379.223	0
25	9	370.2655	54.73517	0
26	1	361.5913	365.1904	0
26	2	374.8081	84.25406	0
26	3	332.1026	365.6415	0
26	4	282.7045	267.4635	0
26	5	494.5662	520.603	0
26	6	456.9593	259.8953	0
26	7	432.9988	374.1261	0
26	8	505.5583	379.2097	0
26	9	370.2456	54.7562	0
27	1	361.5615	365.217	0
27	2	374.7981	84.24533	0
27	3	332.179	365.6515	0
27	4	282.6862	267.4858	0
27	5	494.6382	520.6283	0
27	6	456.9435	259.8816	0
27	7	433.0035	374.1191	0
27	8	505.5461	379.197	0
27	9	370.2327	54.77249	0
27	10	461.9147	471.0427	0
28	1	361.5396	365.2408	0
28	2	374.7856	84.23438	0
28	3	332.2678	365.6623	0
28	4	282.6755	267.5012	0
28	5	494.6937	520.6558	0
28	6	456.9315	259.869	0
28	7	433.0078	374.1129	0
28	8	505.5388	379.1853	0
28	9	370.2266	54.78247	0
28	10	461.8838	471.0094	0
28	11	224.4628	-47.69763	0
29	1	361.5255	365.2597	0
29	2	374.774	84.2236	0
29	3	332.3626	365.6771	0
29	4	282.6726	267.5087	0
29	5	494.7235	520.6754	0
29	6	456.9245	259.8573	0
29	7	433.0122	374.1072	0
29	8	505.5375	379.1779	0
29	9	370.2264	54.78622	0
29	10	461.845	470.9793	0
29	11	224.4982	-47.68811	0
29	12	224.2661	36.95203	0
30	1	361.5186	365.2715	0
30	2	374.7669	84.2142	0
30	3	332.4608	365.6966	0
30	4	282.676	267.5097	0
30	5	494.7242	520.6866	0
30	6	456.9243	259.8506	0
30	7	433.0171	374.1014	0
30	8	505.5492	379.1779	0
30	9	370.2308	54.78656	0
30	10	461.7991	470.9541	0
30	11	224.5441	-47.6792	0
30	12	224.2131	36.96204	0
30	13	286.2663	320.6226	0
