17	1	11.52949	0.05315495	16.84814	11.50519	1.687866	16.83569	0
18	1	11.508	0.05315495	16.85009	11.48498	1.68802	16.83958	0
18	2	-15.92905	0.05315495	20.49102	-15.92071	1.329712	20.45365	0
19	1	11.47788	0.05315495	16.85281	11.45557	1.688115	16.8431	0
19	2	-15.97104	0.05315495	20.40469	-15.95335	1.313249	20.36467	0
19	3	6.219007	0.05315495	-22.91226	6.184323	1.808905	-22.87974	0
20	1	11.44026	0.05315495	16.85622	11.41804	1.688148	16.84616	0
20	2	-16.0234	0.05315495	20.29685	-16.00771	1.298429	20.24132	0
20	3	6.220934	0.05315495	-22.87454	6.184339	1.808933	-22.84258	0
21	1	11.39615	0.05315495	16.86021	11.36052	1.680915	16.84677	0
21	2	-16.08467	0.05315495	20.17034	-16.07838	1.291709	20.10104	0
21	3	6.223195	0.05315495	-22.83031	6.177881	1.787838	-22.7904	0
22	1	11.34641	0.05315495	16.86471	11.30938	1.680922	16.84976	0
22	2	-16.15359	0.05315495	20.02761	-16.15953	1.292846	19.94654	0
22	3	6.225744	0.05315495	-22.78043	6.17811	1.782878	-22.73833	0
23	1	11.29179	0.05315495	16.86965	11.25376	1.679945	16.85187	0
23	2	-16.22904	0.05315495	19.87077	-16.24917	1.295927	19.78881	0
23	3	6.228543	0.05315495	-22.72566	6.180016	1.778525	-22.68192	0
24	1	11.23295	0.05315495	16.87497	11.1947	1.677668	16.8529	0
24	2	-16.31078	0.05315495	19.70235	-16.33799	1.286394	19.62234	0
24	3	6.231559	0.05315495	-22.66666	6.182171	1.775506	-22.62105	0
25	1	11.17045	0.05315495	16.88062	11.13174	1.673682	16.85353	0
25	2	-16.39786	0.05315495	19.52382	-16.42982	1.278351	19.44528	0
25	3	6.234763	0.05315495	-22.60398	6.186019	1.774948	-22.55529	0
26	1	11.10477	0.05315495	16.88656	11.06676	1.668531	16.85401	0
26	2	-16.48946	0.05315495	19.33649	-16.47165	1.341336	19.30352	0
26	3	6.238129	0.05315495	-22.53812	6.192989	1.778746	-22.48507	0
27	1	11.03634	0.05315495	16.89275	10.99783	1.662275	16.85534	0
27	2	-16.51816	0.05315495	19.27787	-16.52332	1.318041	19.25144	0
27	3	6.241636	0.05315495	-22.4695	6.203612	1.786689	-22.41262	0
28	1	10.96552	0.05315495	16.89916	10.92473	1.655233	16.8576	0
28	2	-16.55902	0.05315495	19.19438	-16.57924	1.300403	19.17451	0
28	3	6.245266	0.05315495	-22.39849	6.214957	1.79457	-22.34525	0
29	1	10.89264	0.05315495	16.90575	10.84744	1.649894	16.86056	0
29	2	-16.61034	0.05315495	19.08931	-16.65669	1.284912	19.06705	0
29	3	6.249002	0.05315495	-22.3254	6.224798	1.799035	-22.2739	0
30	1	10.81797	0.05315495	16.9125	10.77059	1.646215	16.86759	0
30	2	-16.67068	0.05315495	18.96551	-16.72365	1.29309	18.92768	0
30	3	6.252829	0.05315495	-22.25052	6.234986	1.795079	-22.20317	0
31	1	10.74174	0.05315495	16.9194	10.69195	1.64552	16.87448	0
31	2	-16.69067	0.05315495	18.8322	-16.71919	1.303233	18.77673	0
31	3	6.256735	0.05315495	-22.17409	6.243797	1.788637	-22.12947	0
32	1	10.66417	0.05315495	16.92641	10.61023	1.650297	16.88485	0
32	2	-16.67564	0.05315495	18.6907	-16.66002	1.306136	18.63315	0
32	3	6.260711	0.05315495	-22.0963	6.252382	1.778597	-22.05436	0
33	1	10.58544	0.05315495	16.93353	10.52707	1.661233	16.90023	0
33	2	-16.63024	0.05315495	18.54216	-16.60279	1.305342	18.48609	0
33	3	6.264747	0.05315495	-22.01735	6.26073	1.770069	-21.97946	0
34	1	10.50569	0.05315495	16.94075	10.45238	1.672091	16.91619	0
34	2	-16.55849	0.05315495	18.38753	-16.51451	1.302195	18.33467	0
34	3	6.268834	0.05315495	-21.93738	6.269166	1.767287	-21.90323	0
35	1	10.42507	0.05315495	16.94804	10.37523	1.676628	16.93027	0
35	2	-16.46389	0.05315495	18.22763	-16.40299	1.293905	18.17421	0
35	3	6.272966	0.05315495	-21.85653	6.280576	1.761379	-21.82083	0
35	4	-12.03939	0.05315495	22.65506	-12.0109	1.537171	22.68751	0
36	1	10.34369	0.05315495	16.9554	10.29837	1.672054	16.94379	0
36	2	-16.34951	0.05315495	18.06316	-16.31179	1.341115	18.06214	0
36	3	6.277137	0.05315495	-21.77493	6.300927	1.751229	-21.73648	0
36	4	-12.01791	0.05315495	22.65307	-11.99	1.537135	22.68345	0
37	1	10.26165	0.05315495	16.96282	10.22038	1.663478	16.95582	0
37	2	-16.30014	0.05315495	18.01439	-16.24884	1.311686	18.01875	0
37	3	6.281342	0.05315495	-21.69266	6.312422	1.751212	-21.65204	0
37	4	-11.98779	0.05315495	22.6503	-11.96043	1.537137	22.67823	0
38	1	10.17904	0.05315495	16.97029	10.14127	1.653078	16.96758	0
38	2	-16.22449	0.05315495	17.94705	-16.16507	1.29423	17.94965	0
38	3	6.285576	0.05315495	-21.60982	6.319746	1.761087	-21.56489	0
38	4	-11.95017	0.05315495	22.64683	-11.92339	1.537129	22.67196	0
39	1	10.09593	0.05315495	16.97781	10.06321	1.64828	16.97907	0
39	2	-16.12608	0.05315495	17.86359	-16.05976	1.306314	17.84304	0
39	3	6.289835	0.05315495	-21.52649	6.323744	1.773269	-21.477	0
39	4	-11.90607	0.05315495	22.64276	-11.87196	1.522282	22.63606	0
40	1	10.0124	0.05315495	16.98536	9.979985	1.644058	16.99187	0
40	2	-16.00797	0.05315495	17.76614	-15.94449	1.306315	17.73267	0
40	3	6.294116	0.05315495	-21.44273	6.310823	1.78015	-21.39345	0
40	4	-11.85634	0.05315495	22.63817	-11.82087	1.522933	22.62744	0
41	1	9.928501	0.05315495	16.99295	9.894732	1.635505	17.01262	0
41	2	-15.87282	0.05315495	17.65652	-15.80926	1.290632	17.61567	0
41	3	6.299425	0.05315495	-21.36028	6.281971	1.786036	-21.31218	0
41	4	-11.80173	0.05315495	22.63313	-11.76627	1.523111	22.62596	0
41	5	5.609484	0.05315495	-20.28	5.588167	1.583884	-20.25238	0
42	1	9.844277	0.05315495	17.00057	9.807999	1.631109	17.03253	0
42	2	-15.72294	0.05315495	17.53629	-15.66022	1.281564	17.48873	0
42	3	6.3057	0.05315495	-21.27899	6.288861	1.793029	-21.23392	0
42	4	-11.7429	0.05315495	22.6277	-11.70687	1.523676	22.6335	0
42	5	5.608844	0.05315495	-20.25532	5.585544	1.583839	-20.22738	0
43	1	9.760427	0.05315495	17.00799	9.720765	1.640074	17.04175	0
43	2	-15.56033	0.05315495	17.40683	-15.52351	1.341323	17.41727	0
43	3	6.312878	0.05315495	-21.19869	6.292724	1.793458	-21.15493	0
43	4	-11.68041	0.05315495	22.62194	-11.6441	1.525924	22.63477	0
43	5	5.607838	0.05315495	-20.22072	5.58259	1.583878	-20.19295	0
43	6	6.934587	0.05315495	18.00672	6.907204	1.443591	17.993	0
44	1	9.67695	0.05315495	17.01521	9.63275	1.652513	17.04893	0
44	2	-15.5046	0.05315495	17.36437	-15.48199	1.314502	17.35134	0
44	3	6.320897	0.05315495	-21.11923	6.294285	1.7896	-21.07607	0
44	4	-11.61474	0.05315495	22.61588	-11.57862	1.527515	22.62981	0
44	5	5.606452	0.05315495	-20.17756	5.573627	1.573223	-20.14721	0
44	6	6.911685	0.05315495	18.00847	6.883561	1.443523	17.99307	0
45	1	9.593834	0.05315495	17.02224	9.548223	1.660613	17.04509	0
45	2	-15.42318	0.05315495	17.30309	-15.41532	1.287113	17.26351	0
45	3	6.329696	0.05315495	-21.04049	6.295696	1.783228	-20.99833	0
45	4	-11.54632	0.05315495	22.60957	-11.51021	1.526909	22.62651	0
45	5	5.604684	0.05315495	-20.12699	5.567873	1.568328	-20.09661	0
45	6	6.879506	0.05315495	18.01095	6.850737	1.443468	17.99381	0
46	1	9.511065	0.05315495	17.0291	9.46571	1.665341	17.01888	0
46	2	-15.31953	0.05315495	17.22545	-15.2985	1.289378	17.17013	0
46	3	6.339212	0.05315495	-20.96235	6.299353	1.775674	-20.91928	0
46	4	-11.47551	0.05315495	22.60304	-11.43966	1.524102	22.62487	0
46	5	5.602542	0.05315495	-20.07003	5.562047	1.562206	-20.03902	0
46	6	6.839254	0.05315495	18.01408	6.810127	1.443454	17.99529	0
47	1	9.428625	0.05315495	17.03578	9.386026	1.672357	17.02056	0
47	2	-15.19664	0.05315495	17.13362	-15.15734	1.295847	17.07057	0
47	3	6.349385	0.05315495	-20.88472	6.304993	1.768111	-20.83768	0
47	4	-11.40264	0.05315495	22.59632	-11.36732	1.519288	22.62393	0
47	5	5.600041	0.05315495	-20.00756	5.554951	1.556329	-19.97389	0
47	6	6.79198	0.05315495	18.01778	6.759897	1.433546	17.99119	0
48	1	9.346492	0.05315495	17.04231	9.305508	1.673558	17.02407	0
48	2	-15.05711	0.05315495	17.02942	-14.99218	1.289062	16.98774	0
48	3	6.360153	0.05315495	-20.8075	6.313874	1.76352	-20.7552	0
48	4	-11.32798	0.05315495	22.58943	-11.29293	1.513199	22.62254	0
48	5	5.597201	0.05315495	-19.94033	5.550508	1.551079	-19.90408	0
48	6	6.738598	0.05315495	18.02201	6.706357	1.429275	17.99165	0
49	1	9.264643	0.05315495	17.0487	9.224897	1.670161	17.02404	0
49	2	-14.9032	0.05315495	16.91445	-14.83618	1.287891	16.86738	0
49	3	6.371458	0.05315495	-20.73061	6.325823	1.761455	-20.67607	0
49	4	-11.25177	0.05315495	22.5824	-11.21528	1.505956	22.61975	0
49	5	5.594049	0.05315495	-19.86901	5.546432	1.547166	-19.83102	0
49	6	6.679903	0.05315495	18.02668	6.646907	1.423915	17.99295	0
50	1	9.183055	0.05315495	17.05495	9.144753	1.663769	17.0225	0
50	2	-14.73643	0.05315495	16.79097	-14.70754	1.340794	16.78861	0
50	3	6.383243	0.05315495	-20.654	6.338929	1.763399	-20.59645	0
50	4	-11.17421	0.05315495	22.57524	-11.13302	1.500308	22.617	0
50	5	5.590611	0.05315495	-19.79416	5.54299	1.546341	-19.75317	0
50	6	6.61659	0.05315495	18.03175	6.580963	1.418573	17.99424	0
51	1	9.101706	0.05315495	17.06109	9.063266	1.655949	17.0222	0
51	2	-14.67988	0.05315495	16.74986	-14.64138	1.329144	16.75186	0
51	3	6.395454	0.05315495	-20.5776	6.356688	1.771437	-20.51585	0
51	4	-11.09549	0.05315495	22.56798	-11.05173	1.496646	22.60924	0
51	5	5.586917	0.05315495	-19.71628	5.542926	1.551396	-19.67017	0
51	6	6.549264	0.05315495	18.03718	6.510791	1.413957	17.99785	0
52	1	9.020572	0.05315495	17.06711	8.978711	1.648056	17.02303	0
52	2	-14.59756	0.05315495	16.69029	-14.55373	1.309171	16.70177	0
52	3	6.40804	0.05315495	-20.50137	6.378829	1.783998	-20.43782	0
52	4	-11.01576	0.05315495	22.56063	-10.96972	1.496055	22.60185	0
52	5	5.582999	0.05315495	-19.63579	5.547354	1.561937	-19.58615	0
52	6	6.478451	0.05315495	18.04292	6.438231	1.410472	18.00306	0
53	1	8.939631	0.05315495	17.07304	8.893052	1.643321	17.02688	0
53	2	-14.49291	0.05315495	16.61469	-14.43087	1.296833	16.6163	0
53	3	6.420952	0.05315495	-20.42526	6.39968	1.7946	-20.36753	0
53	4	-10.93515	0.05315495	22.55319	-10.88514	1.501092	22.59105	0
53	5	5.578885	0.05315495	-19.55306	5.551775	1.571545	-19.50643	0
53	6	6.40461	0.05315495	18.04892	6.361842	1.409516	18.00903	0
54	1	8.85886	0.05315495	17.07888	8.810268	1.641495	17.03269	0
54	2	-14.36896	0.05315495	16.52516	-14.29473	1.290497	16.51349	0
54	3	6.434146	0.05315495	-20.34925	6.419158	1.797217	-20.29615	0
54	4	-10.85378	0.05315495	22.54568	-10.79986	1.512255	22.5753	0
54	5	5.574606	0.05315495	-19.4684	5.555433	1.570688	-19.42588	0
54	6	6.328141	0.05315495	18.05517	6.28139	1.413427	18.01861	0
55	1	8.778241	0.05315495	17.08464	8.726433	1.644524	17.03986	0
55	2	-14.22831	0.05315495	16.42349	-14.14443	1.290926	16.39493	0
55	3	6.44758	0.05315495	-20.2733	6.43786	1.792992	-20.22467	0
55	4	-10.77175	0.05315495	22.53811	-10.72291	1.522883	22.55941	0
55	5	5.57019	0.05315495	-19.3821	5.557054	1.564142	-19.34243	0
55	6	6.249391	0.05315495	18.06162	6.199064	1.422609	18.03274	0
56	1	8.697754	0.05315495	17.09034	8.641036	1.654457	17.05181	0
56	2	-14.07324	0.05315495	16.31125	-13.99101	1.288281	16.27045	0
56	3	6.461215	0.05315495	-20.19739	6.455421	1.785377	-20.15287	0
56	4	-10.68916	0.05315495	22.53049	-10.64435	1.525741	22.54521	0
56	5	5.565664	0.05315495	-19.29437	5.558074	1.55241	-19.25781	0
56	6	6.168664	0.05315495	18.06825	6.122485	1.431731	18.04753	0
57	1	8.61738	0.05315495	17.09598	8.562156	1.667171	17.06688	0
57	2	-13.90528	0.05315495	16.19066	-13.87126	1.341237	16.2047	0
57	3	6.475016	0.05315495	-20.12148	6.472911	1.776057	-20.0801	0
57	4	-10.60607	0.05315495	22.52283	-10.56515	1.521147	22.53207	0
57	5	5.561053	0.05315495	-19.20544	5.559055	1.543993	-19.17376	0
57	6	6.086225	0.05315495	18.07503	6.043441	1.433884	18.0611	0
57	7	-19.96696	0.05315495	18.69065	-19.94574	1.425963	18.72238	0
58	1	8.537104	0.05315495	17.10157	8.48542	1.676518	17.07961	0
58	2	-13.84831	0.05315495	16.15043	-13.81185	1.332312	16.14323	0
58	3	6.48895	0.05315495	-20.04558	6.489844	1.770261	-20.00876	0
58	4	-10.52255	0.05315495	22.51513	-10.48557	1.512259	22.52009	0
58	5	5.556382	0.05315495	-19.11548	5.560479	1.539582	-19.08481	0
58	6	6.002303	0.05315495	18.08195	5.962934	1.429175	18.07373	0
58	7	-19.94545	0.05315495	18.69222	-19.92488	1.425985	18.72521	0
59	1	8.456908	0.05315495	17.10712	8.410786	1.674435	17.09185	0
59	2	-13.76544	0.05315495	16.09215	-13.73626	1.312026	16.07419	0
59	3	6.502988	0.05315495	-19.96966	6.507236	1.768226	-19.93553	0
59	4	-10.43866	0.05315495	22.50739	-10.40544	1.503051	22.50833	0
59	5	5.551671	0.05315495	-19.02463	5.57115	1.529171	-18.99014	0
59	6	5.917098	0.05315495	18.08898	5.881412	1.419902	18.0854	0
59	7	-19.91528	0.05315495	18.69442	-19.8955	1.426003	18.72859	0
60	1	8.376781	0.05315495	17.11265	8.333876	1.668947	17.10205	0
60	2	-13.66016	0.05315495	16.0182	-13.62771	1.298201	15.99124	0
60	3	6.517105	0.05315495	-19.89371	6.528787	1.762993	-19.85899	0
60	4	-10.35445	0.05315495	22.49962	-10.32571	1.500035	22.49675	0
60	5	5.546941	0.05315495	-18.93303	5.577094	1.526818	-18.8943	0
60	6	5.830785	0.05315495	18.0961	5.799014	1.410546	18.09682	0
60	7	-19.87761	0.05315495	18.69717	-19.85882	1.426036	18.73243	0
61	1	8.296707	0.05315495	17.11814	8.257048	1.659562	17.1116	0
61	2	-13.53549	0.05315495	15.93061	-13.49803	1.290451	15.8873	0
61	3	6.531275	0.05315495	-19.81771	6.557558	1.75438	-19.78215	0
61	4	-10.26996	0.05315495	22.49183	-10.24037	1.495034	22.48271	0
61	5	5.542211	0.05315495	-18.84079	5.574143	1.539386	-18.79647	0
61	6	5.743517	0.05315495	18.1033	5.716163	1.407229	18.10835	0
61	7	-19.83343	0.05315495	18.70039	-19.80622	1.407641	18.74126	0
62	1	8.216676	0.05315495	17.12362	8.181032	1.651604	17.12071	0
62	2	-13.39404	0.05315495	15.83115	-13.35057	1.281022	15.76829	0
62	3	6.545477	0.05315495	-19.74167	6.577226	1.755331	-19.70517	0
62	4	-10.18523	0.05315495	22.48401	-10.15378	1.486	22.46014	0
62	5	5.537497	0.05315495	-18.74802	5.563101	1.552512	-18.70007	0
62	6	5.655425	0.05315495	18.11057	5.627124	1.400694	18.12425	0
62	7	-19.78362	0.05315495	18.70403	-19.75518	1.404622	18.74595	0
63	1	8.136675	0.05315495	17.12909	8.104838	1.649513	17.12971	0
63	2	-13.2377	0.05315495	15.72223	-13.18043	1.282388	15.65101	0
63	3	6.559692	0.05315495	-19.66556	6.594603	1.763666	-19.62601	0
63	4	-10.10029	0.05315495	22.47617	-10.06699	1.486616	22.44611	0
63	5	5.532813	0.05315495	-18.65479	5.519718	1.558802	-18.6121	0
63	6	5.566624	0.05315495	18.11789	5.535469	1.391344	18.14828	0
63	7	-19.72893	0.05315495	18.70802	-19.6984	1.402865	18.75031	0
64	1	8.056695	0.05315495	17.13455	8.023548	1.644856	17.141	0
64	2	-13.06851	0.05315495	15.60505	-13.04286	1.340836	15.60529	0
64	3	6.573903	0.05315495	-19.58939	6.609962	1.774321	-19.5461	0
64	4	-10.01517	0.05315495	22.46832	-9.977817	1.496399	22.43588	0
64	5	5.528173	0.05315495	-18.56118	5.50811	1.567115	-18.52302	0
64	6	5.477215	0.05315495	18.12524	5.443366	1.397385	18.15835	0
64	7	-19.67001	0.05315495	18.71232	-19.63624	1.403633	18.75338	0
65	1	7.976727	0.05315495	17.14	7.94158	1.636575	17.15979	0
65	2	-13.01111	0.05315495	15.56573	-12.98496	1.325333	15.54163	0
65	3	6.588094	0.05315495	-19.51315	6.616807	1.781627	-19.46774	0
65	4	-9.929893	0.05315495	22.46045	-9.888584	1.507307	22.42933	0
65	5	5.523589	0.05315495	-18.46726	5.498806	1.566036	-18.43235	0
65	6	5.387285	0.05315495	18.13264	5.3483	1.409935	18.16626	0
65	7	-19.60741	0.05315495	18.71689	-19.56951	1.407497	18.75441	0
66	1	7.896762	0.05315495	17.14546	7.859623	1.635348	17.17307	0
66	2	-12.92773	0.05315495	15.50875	-12.88908	1.324298	15.50126	0
66	3	6.602252	0.05315495	-19.43683	6.60372	1.785702	-19.38936	0
66	4	-9.844478	0.05315495	22.45257	-9.80315	1.512947	22.44182	0
66	5	5.519072	0.05315495	-18.37307	5.484667	1.557808	-18.34103	0
66	6	5.296911	0.05315495	18.14005	5.255869	1.418459	18.16111	0
66	7	-19.54164	0.05315495	18.72169	-19.50336	1.412779	18.75371	0
67	1	7.816794	0.05315495	17.15093	7.776495	1.643355	17.18088	0
67	2	-12.82186	0.05315495	15.43644	-12.77466	1.315701	15.42262	0
67	3	6.616365	0.05315495	-19.36043	6.604907	1.791901	-19.31331	0
67	4	-9.758945	0.05315495	22.44468	-9.718204	1.51908	22.45809	0
67	5	5.514631	0.05315495	-18.27867	5.471773	1.545861	-18.24739	0
67	6	5.206158	0.05315495	18.14747	5.16507	1.424224	18.13396	0
67	7	-19.47311	0.05315495	18.72669	-19.43563	1.417807	18.75365	0
67	8	2.639158	0.05315495	-24.15864	2.613389	1.845251	-24.1261	0
68	1	7.736815	0.05315495	17.1564	7.692578	1.6542	17.18691	0
68	2	-12.69654	0.05315495	15.35078	-12.63794	1.306321	15.33676	0
68	3	6.630422	0.05315495	-19.28395	6.617032	1.794734	-19.23833	0
68	4	-9.67331	0.05315495	22.43678	-9.63509	1.523155	22.45145	0
68	5	5.510273	0.05315495	-18.18409	5.45989	1.535178	-18.14651	0
68	6	5.115084	0.05315495	18.15491	5.077321	1.430159	18.14044	0
68	7	-19.4022	0.05315495	18.73186	-19.36645	1.417805	18.75382	0
68	8	2.641926	0.05315495	-24.13725	2.61991	1.845152	-24.10587	0
68	9	8.252484	0.05315495	24.93153	8.233117	1.572082	24.89354	0
69	1	7.65682	0.05315495	17.16189	7.611255	1.661649	17.18447	0
69	2	-12.55401	0.05315495	15.25439	-12.48082	1.295913	15.23819	0
69	3	6.644414	0.05315495	-19.20739	6.625818	1.793199	-19.16264	0
69	4	-9.587586	0.05315495	22.42887	-9.551049	1.521318	22.44872	0
69	5	5.506008	0.05315495	-18.08937	5.456197	1.530459	-18.04714	0
69	6	5.023738	0.05315495	18.16235	4.98833	1.428012	18.14208	0
69	7	-19.32921	0.05315495	18.73719	-19.29496	1.414417	18.75473	0
69	8	2.645808	0.05315495	-24.10725	2.627625	1.845031	-24.07729	0
69	9	8.231452	0.05315495	24.92675	8.211873	1.572103	24.8913	0
70	1	7.576804	0.05315495	17.16739	7.532178	1.66581	17.16173	0
70	2	-12.39661	0.05315495	15.14864	-12.31074	1.285755	15.125	0
70	3	6.658334	0.05315495	-19.13073	6.632463	1.788158	-19.08578	0
70	4	-9.501786	0.05315495	22.42096	-9.466125	1.51527	22.44861	0
70	5	5.501839	0.05315495	-17.99454	5.454344	1.535643	-17.94655	0
70	6	4.932166	0.05315495	18.16978	4.898508	1.420528	18.14062	0
70	7	-19.25443	0.05315495	18.74265	-19.22206	1.408403	18.75631	0
70	8	2.650654	0.05315495	-24.06979	2.636037	1.844991	-24.04151	0
70	9	8.201956	0.05315495	24.92003	8.182065	1.572102	24.88751	0
71	1	7.496761	0.05315495	17.17291	7.454249	1.672154	17.15729	0
71	2	-12.22638	0.05315495	15.0347	-12.1918	1.34133	15.05212	0
71	3	6.672173	0.05315495	-19.05399	6.638839	1.781338	-19.00959	0
71	4	-9.415919	0.05315495	22.41304	-9.380555	1.50713	22.44778	0
71	5	5.497774	0.05315495	-17.89964	5.461581	1.553821	-17.84501	0
71	6	4.840403	0.05315495	18.17721	4.806525	1.410269	18.14095	0
71	7	-19.1781	0.05315495	18.74822	-19.14708	1.40074	18.75818	0
71	8	2.656337	0.05315495	-24.02586	2.659002	1.832804	-23.98647	0
71	9	8.165125	0.05315495	24.91165	8.144983	1.572052	24.88235	0
72	1	7.416687	0.05315495	17.17845	7.375766	1.674306	17.16077	0
72	2	-12.16861	0.05315495	14.99625	-12.11645	1.313818	15.0078	0
72	3	6.685926	0.05315495	-18.97716	6.647109	1.773299	-18.9313	0
72	4	-9.329994	0.05315495	22.40511	-9.291363	1.498297	22.44514	0
72	5	5.493816	0.05315495	-17.80467	5.469809	1.569244	-17.75537	0
72	6	4.748484	0.05315495	18.18462	4.708569	1.401228	18.14236	0
72	7	-19.10042	0.05315495	18.75389	-19.07218	1.395417	18.76023	0
72	8	2.662745	0.05315495	-23.97633	2.653265	1.832529	-23.93517	0
72	9	8.121938	0.05315495	24.90182	8.084599	1.559152	24.89897	0
73	1	7.336579	0.05315495	17.18401	7.297136	1.672046	17.16094	0
73	2	-12.0848	0.05315495	14.94053	-12.02859	1.315347	14.9368	0
73	3	6.699587	0.05315495	-18.90024	6.655683	1.76649	-18.84908	0
73	4	-9.24402	0.05315495	22.39718	-9.200047	1.492935	22.43918	0
73	5	5.489969	0.05315495	-17.70966	5.476026	1.565331	-17.66659	0
73	6	4.656437	0.05315495	18.19202	4.612576	1.396844	18.1504	0
73	7	-19.02157	0.05315495	18.75964	-18.99474	1.393153	18.76232	0
73	8	2.669782	0.05315495	-23.92195	2.656202	1.834303	-23.87968	0
73	9	8.073241	0.05315495	24.89074	8.035256	1.559266	24.88793	0
74	1	7.256434	0.05315495	17.1896	7.217844	1.66645	17.15924	0
74	2	-11.97844	0.05315495	14.86979	-11.92346	1.317158	14.85041	0
74	3	6.713153	0.05315495	-18.82323	6.669271	1.762325	-18.76847	0
74	4	-9.158001	0.05315495	22.38925	-9.1115	1.491205	22.43105	0
74	5	5.486238	0.05315495	-17.61463	5.47929	1.552994	-17.57643	0
74	6	4.564286	0.05315495	18.1994	4.51615	1.39979	18.15941	0
74	7	-18.94171	0.05315495	18.76547	-18.91277	1.388048	18.76146	0
74	8	2.677363	0.05315495	-23.86336	2.662475	1.835347	-23.82047	0
74	9	8.019771	0.05315495	24.87857	7.984253	1.559324	24.86718	0
75	1	7.176248	0.05315495	17.19521	7.138346	1.659234	17.15806	0
75	2	-11.85221	0.05315495	14.78689	-11.79571	1.300244	14.75852	0
75	3	6.726618	0.05315495	-18.74612	6.682532	1.76112	-18.68942	0
75	4	-9.071945	0.05315495	22.38131	-9.021413	1.495969	22.42037	0
75	5	5.482623	0.05315495	-17.51958	5.482385	1.541041	-17.48688	0
75	6	4.472054	0.05315495	18.20676	4.417871	1.413857	18.17621	0
75	7	-18.86098	0.05315495	18.77136	-18.82788	1.380207	18.75465	0
75	8	2.685416	0.05315495	-23.80112	2.667341	1.834553	-23.75761	0
75	9	7.962162	0.05315495	24.86546	7.929807	1.56035	24.84119	0
76	1	7.096019	0.05315495	17.20085	7.056322	1.650969	17.15877	0
76	2	-11.70881	0.05315495	14.69338	-11.65155	1.287759	14.65759	0
76	3	6.739981	0.05315495	-18.66892	6.698122	1.764857	-18.60898	0
76	4	-8.985857	0.05315495	22.37337	-8.930465	1.508859	22.40356	0
76	5	5.479129	0.05315495	-17.42455	5.485823	1.536561	-17.39412	0
76	6	4.379759	0.05315495	18.2141	4.331153	1.428974	18.19491	0
76	7	-18.77948	0.05315495	18.77731	-18.7445	1.382309	18.75728	0
76	8	2.693878	0.05315495	-23.73571	2.670644	1.831728	-23.69217	0
76	9	7.900966	0.05315495	24.85154	7.868927	1.562841	24.82674	0
77	1	7.015745	0.05315495	17.20651	6.970621	1.645231	17.15977	0
77	2	-11.55056	0.05315495	14.59062	-11.49174	1.286689	14.54322	0
77	3	6.753238	0.05315495	-18.59163	6.718683	1.775305	-18.52735	0
77	4	-8.89974	0.05315495	22.36542	-8.849926	1.521569	22.3862	0
77	5	5.475756	0.05315495	-17.32952	5.500454	1.524896	-17.29475	0
77	6	4.287417	0.05315495	18.22141	4.244679	1.43007	18.21107	0
77	7	-18.69732	0.05315495	18.78331	-18.65849	1.39057	18.76143	0
77	8	2.702694	0.05315495	-23.66757	2.673248	1.826687	-23.62378	0
77	9	7.836663	0.05315495	24.8369	7.805237	1.563155	24.80987	0
78	1	6.935424	0.05315495	17.21221	6.887739	1.642122	17.1661	0
78	2	-11.37951	0.05315495	14.47974	-11.34156	1.341188	14.4942	0
78	3	6.766387	0.05315495	-18.51425	6.74107	1.787818	-18.45325	0
78	4	-8.813599	0.05315495	22.35748	-8.768661	1.524449	22.37103	0
78	5	5.472506	0.05315495	-17.23452	5.506157	1.525748	-17.19549	0
78	6	4.195042	0.05315495	18.22869	4.156874	1.422445	18.22452	0
78	7	-18.6146	0.05315495	18.78934	-18.57265	1.399497	18.76873	0
78	8	2.711818	0.05315495	-23.59705	2.675944	1.820204	-23.55372	0
78	9	7.769666	0.05315495	24.82166	7.740012	1.561415	24.79069	0
79	1	6.855054	0.05315495	17.21793	6.804771	1.642872	17.17211	0
79	2	-11.32107	0.05315495	14.44304	-11.30168	1.305823	14.41813	0
79	3	6.779426	0.05315495	-18.43678	6.76089	1.797052	-18.37983	0
79	4	-8.727436	0.05315495	22.34953	-8.686684	1.519213	22.35742	0
79	5	5.469379	0.05315495	-17.13955	5.503398	1.541516	-17.09416	0
79	6	4.102647	0.05315495	18.23594	4.06897	1.410264	18.23706	0
79	7	-18.53138	0.05315495	18.79542	-18.4922	1.404169	18.79118	0
79	8	2.721207	0.05315495	-23.52448	2.680179	1.812314	-23.48001	0
79	9	7.700334	0.05315495	24.80588	7.672475	1.557368	24.76955	0
80	1	6.774634	0.05315495	17.22369	6.719937	1.650023	17.18211	0
80	2	-11.23625	0.05315495	14.39021	-11.22472	1.293136	14.34258	0
80	3	6.792354	0.05315495	-18.35922	6.780086	1.794837	-18.30861	0
80	4	-8.641255	0.05315495	22.34158	-8.604572	1.509148	22.34496	0
80	5	5.466378	0.05315495	-17.04462	5.486025	1.553571	-16.99798	0
80	6	4.010241	0.05315495	18.24317	3.982747	1.405365	18.24905	0
80	7	-18.44773	0.05315495	18.80152	-18.41253	1.409108	18.81998	0
80	8	2.730828	0.05315495	-23.45012	2.684713	1.804821	-23.40115	0
80	9	7.628979	0.05315495	24.78964	7.604077	1.551803	24.74804	0
81	1	6.694163	0.05315495	17.22947	6.636281	1.662752	17.19693	0
81	2	-11.12859	0.05315495	14.32336	-11.09669	1.303816	14.26996	0
81	3	6.80517	0.05315495	-18.28156	6.797407	1.789353	-18.23462	0
81	4	-8.555058	0.05315495	22.33363	-8.522985	1.500384	22.33285	0
81	5	5.463501	0.05315495	-16.94973	5.443779	1.56135	-16.90806	0
81	6	3.917835	0.05315495	18.25036	3.889794	1.398825	18.2648	0
81	7	-18.3637	0.05315495	18.80766	-18.33091	1.413262	18.82643	0
81	8	2.740648	0.05315495	-23.37422	2.693558	1.799508	-23.32111	0
81	9	7.555871	0.05315495	24.773	7.532168	1.544974	24.72654	0
82	1	6.613639	0.05315495	17.23529	6.561016	1.673811	17.21119	0
82	2	-11.00117	0.05315495	14.2443	-10.94145	1.299538	14.21811	0
82	3	6.817873	0.05315495	-18.20382	6.813929	1.779771	-18.16071	0
82	4	-8.468848	0.05315495	22.32567	-8.440385	1.497758	22.32068	0
82	5	5.46075	0.05315495	-16.85489	5.440423	1.567422	-16.81728	0
82	6	3.825435	0.05315495	18.25752	3.794272	1.388736	18.29021	0
82	7	-18.27936	0.05315495	18.81381	-18.24864	1.412189	18.8364	0
82	8	2.750642	0.05315495	-23.29697	2.703308	1.796777	-23.24167	0
82	9	7.481243	0.05315495	24.75602	7.456014	1.537872	24.70436	0
83	1	6.533063	0.05315495	17.24114	6.484887	1.675921	17.2238	0
83	2	-10.85667	0.05315495	14.15459	-10.79361	1.297781	14.12225	0
83	3	6.830462	0.05315495	-18.12598	6.829958	1.771124	-18.08711	0
83	4	-8.382626	0.05315495	22.31772	-8.352959	1.491533	22.30387	0
83	5	5.458124	0.05315495	-16.76011	5.430757	1.563387	-16.72538	0
83	6	3.733048	0.05315495	18.26465	3.69865	1.396231	18.2997	0
83	7	-18.19474	0.05315495	18.81999	-18.16577	1.407235	18.84907	0
83	8	2.760786	0.05315495	-23.21857	2.715106	1.798932	-23.15966	0
83	9	7.405298	0.05315495	24.73874	7.376739	1.53293	24.68373	0
84	1	6.452433	0.05315495	17.24701	6.408003	1.671352	17.23516	0
84	2	-10.69741	0.05315495	14.05557	-10.62645	1.296781	14.02522	0
84	3	6.842937	0.05315495	-18.04806	6.845568	1.768666	-18.01375	0
84	4	-8.296392	0.05315495	22.30976	-8.264023	1.483004	22.27999	0
84	5	5.455624	0.05315495	-16.66537	5.418236	1.553405	-16.63346	0
84	6	3.640681	0.05315495	18.27174	3.600739	1.410259	18.30623	0
84	7	-18.10987	0.05315495	18.82618	-18.08277	1.400227	18.86169	0
84	8	2.77106	0.05315495	-23.13916	2.73237	1.808669	-23.075	0
84	9	7.328212	0.05315495	24.72119	7.297752	1.530208	24.66534	0
84	10	10.79561	0.05315495	-17.544	10.74922	1.75645	-17.5238	0
85	1	6.371749	0.05315495	17.25293	6.331234	1.662635	17.24536	0
85	2	-10.5251	0.05315495	13.94932	-10.49202	1.34084	13.95527	0
85	3	6.855288	0.05315495	-17.97004	6.863191	1.764209	-17.93518	0
85	4	-8.210151	0.05315495	22.30181	-8.175566	1.488779	22.2698	0
85	5	5.453248	0.05315495	-16.5707	5.40855	1.540841	-16.5371	0
85	6	3.548338	0.05315495	18.2788	3.507088	1.418522	18.29467	0
85	7	-18.0248	0.05315495	18.83239	-17.9966	1.392023	18.87284	0
85	8	2.781447	0.05315495	-23.05888	2.753188	1.822155	-22.99645	0
85	9	7.250136	0.05315495	24.70342	7.21636	1.531684	24.64749	0
85	10	10.79433	0.05315495	-17.52247	10.74813	1.756421	-17.5022	0
86	1	6.291011	0.05315495	17.25887	6.253875	1.653304	17.25524	0
86	2	-10.46628	0.05315495	13.91362	-10.4251	1.321063	13.92717	0
86	3	6.867499	0.05315495	-17.89195	6.887936	1.756244	-17.8565	0
86	4	-8.123901	0.05315495	22.29385	-8.084693	1.500626	22.26065	0
86	5	5.450996	0.05315495	-16.47609	5.402066	1.532749	-16.4351	0
86	6	3.456024	0.05315495	18.28583	3.415696	1.425939	18.27222	0
86	7	-17.93954	0.05315495	18.83861	-17.90666	1.386433	18.88348	0
86	8	2.791932	0.05315495	-22.97784	2.771669	1.832347	-22.91962	0
86	9	7.171203	0.05315495	24.68546	7.131163	1.539879	24.63354	0
86	10	10.79256	0.05315495	-17.49227	10.7466	1.756385	-17.47191	0
86	11	-15.36314	0.05315495	14.49644	-15.32579	1.514801	14.51493	0
87	1	6.210218	0.05315495	17.26484	6.177633	1.649684	17.26477	0
87	2	-10.38109	0.05315495	13.86211	-10.32943	1.297087	13.88105	0
87	3	6.879562	0.05315495	-17.81377	6.911517	1.752144	-17.77669	0
87	4	-8.037645	0.05315495	22.28589	-7.995802	1.510004	22.25969	0
87	5	5.448868	0.05315495	-16.38154	5.400151	1.531092	-16.33655	0
87	6	3.363742	0.05315495	18.29282	3.326485	1.429993	18.27716	0
87	7	-17.85413	0.05315495	18.84484	-17.8188	1.383806	18.88957	0
87	8	2.802501	0.05315495	-22.89615	2.789729	1.829471	-22.84454	0
87	9	7.091527	0.05315495	24.66733	7.048747	1.55206	24.62474	0
87	10	10.79037	0.05315495	-17.45456	10.74474	1.75635	-17.43412	0
87	11	-15.29788	0.05315495	14.45761	-15.26083	1.496014	14.44833	0
88	1	6.12937	0.05315495	17.27085	6.096676	1.645913	17.27543	0
88	2	-10.27307	0.05315495	13.79686	-10.20792	1.292253	13.80218	0
88	3	6.891467	0.05315495	-17.73551	6.925661	1.759331	-17.69595	0
88	4	-7.951383	0.05315495	22.27794	-7.909619	1.51478	22.28288	0
88	5	5.446863	0.05315495	-16.28705	5.403494	1.541328	-16.23523	0
88	6	3.271495	0.05315495	18.29978	3.236345	1.42623	18.27711	0
88	7	-17.76858	0.05315495	18.85109	-17.72992	1.386177	18.89503	0
88	8	2.813144	0.05315495	-22.81389	2.80567	1.822264	-22.76644	0
88	9	7.026736	0.05315495	24.63295	6.998447	1.562893	24.58829	0
88	10	10.78783	0.05315495	-17.41033	10.7444	1.744601	-17.36985	0
88	11	-15.20637	0.05315495	14.4031	-15.17623	1.470376	14.38185	0
88	12	6.853111	0.05315495	24.90811	6.810544	1.671217	24.90351	0
89	1	6.048467	0.05315495	17.27689	6.014393	1.638566	17.29288	0
89	2	-10.1453	0.05315495	13.71962	-10.06819	1.296144	13.70775	0
89	3	6.903209	0.05315495	-17.65717	6.939217	1.770516	-17.61343	0
89	4	-7.865116	0.05315495	22.26998	-7.825811	1.521694	22.28349	0
89	5	5.44498	0.05315495	-16.19263	5.415098	1.560246	-16.14057	0
89	6	3.179286	0.05315495	18.30671	3.146144	1.417758	18.27506	0
89	7	-17.68291	0.05315495	18.85734	-17.63839	1.396115	18.89565	0
89	8	2.823851	0.05315495	-22.73113	2.821117	1.810523	-22.68767	0
89	9	6.970685	0.05315495	24.58257	6.951932	1.562563	24.53917	0
89	10	10.78501	0.05315495	-17.36047	10.74647	1.746955	-17.31965	0
89	11	-15.09215	0.05315495	14.33497	-15.05462	1.462915	14.30033	0
89	12	6.815249	0.05315495	24.93909	6.763835	1.654636	24.93045	0
90	1	5.967509	0.05315495	17.28296	5.930766	1.63335	17.31153	0
90	2	-10.00047	0.05315495	13.63194	-9.923289	1.298626	13.60483	0
90	3	6.914782	0.05315495	-17.57874	6.94653	1.779578	-17.53206	0
90	4	-7.778844	0.05315495	22.26202	-7.741292	1.522756	22.27866	0
90	5	5.443218	0.05315495	-16.09827	5.423871	1.56967	-16.05101	0
90	6	3.087116	0.05315495	18.31359	3.052611	1.407014	18.27567	0
90	7	-17.59714	0.05315495	18.8636	-17.55425	1.408421	18.89233	0
90	8	2.834613	0.05315495	-22.64795	2.836125	1.80186	-22.61007	0
90	9	6.917543	0.05315495	24.52099	6.900262	1.556622	24.48121	0
90	10	10.78195	0.05315495	-17.30571	10.74772	1.749877	-17.26377	0
90	11	-14.95827	0.05315495	14.25499	-14.91441	1.448454	14.1927	0
90	12	6.767916	0.05315495	24.97667	6.712421	1.645426	24.96459	0
91	1	5.886497	0.05315495	17.28906	5.847322	1.640198	17.31957	0
91	2	-9.840593	0.05315495	13.53603	-9.764233	1.286361	13.50188	0
91	3	6.926182	0.05315495	-17.50024	6.932868	1.784096	-17.45285	0
91	4	-7.692568	0.05315495	22.25406	-7.656072	1.518606	22.27751	0
91	5	5.441576	0.05315495	-16.00398	5.430663	1.562848	-15.96207	0
91	6	2.994988	0.05315495	18.32045	2.953808	1.399436	18.27806	0
91	7	-17.51128	0.05315495	18.86987	-17.4707	1.415263	18.89145	0
91	8	2.845423	0.05315495	-22.56441	2.851669	1.798774	-22.52986	0
91	9	6.863433	0.05315495	24.45528	6.844458	1.545682	24.4212	0
91	10	10.77869	0.05315495	-17.24672	10.74942	1.749018	-17.20545	0
91	11	-14.8074	0.05315495	14.16467	-14.74779	1.45069	14.09251	0
91	12	6.714139	0.05315495	25.01484	6.653625	1.639023	24.99791	0
92	1	5.805429	0.05315495	17.2952	5.762041	1.651299	17.3271	0
92	2	-9.667726	0.05315495	13.43291	-9.634602	1.341329	13.44879	0
92	3	6.937407	0.05315495	-17.42166	6.924048	1.790243	-17.37419	0
92	4	-7.606289	0.05315495	22.2461	-7.571193	1.511274	22.27757	0
92	5	5.440053	0.05315495	-15.90976	5.43565	1.549223	-15.87248	0
92	6	2.902904	0.05315495	18.32727	2.858339	1.396762	18.28536	0
92	7	-17.42535	0.05315495	18.87614	-17.38857	1.411281	18.89116	0
92	8	2.856276	0.05315495	-22.48054	2.873529	1.791166	-22.44504	0
92	9	6.807273	0.05315495	24.38828	6.786385	1.534952	24.36093	0
92	10	10.77528	0.05315495	-17.18405	10.75083	1.745485	-17.14372	0
92	11	-14.64151	0.05315495	14.06623	-14.56358	1.446029	14.00086	0
92	12	6.655268	0.05315495	25.05219	6.593299	1.634145	25.03304	0
93	1	5.724307	0.05315495	17.30136	5.678492	1.66016	17.32817	0
93	2	-9.60867	0.05315495	13.39801	-9.577263	1.323586	13.39113	0
93	3	6.948454	0.05315495	-17.34301	6.933652	1.794173	-17.29765	0
93	4	-7.520008	0.05315495	22.23814	-7.483797	1.502253	22.27549	0
93	5	5.438649	0.05315495	-15.81561	5.440477	1.540923	-15.78472	0
93	6	2.810864	0.05315495	18.33405	2.761339	1.402744	18.29546	0
93	7	-17.33935	0.05315495	18.88241	-17.30579	1.403256	18.89267	0
93	8	2.867171	0.05315495	-22.3964	2.902751	1.781525	-22.35844	0
93	9	6.748757	0.05315495	24.32143	6.725842	1.530959	24.30132	0
93	10	10.77174	0.05315495	-17.1182	10.75154	1.740149	-17.07887	0
93	11	-14.46264	0.05315495	13.96068	-14.43939	1.514553	13.95898	0
93	12	6.592304	0.05315495	25.08746	6.529361	1.631863	25.06507	0
94	1	5.643131	0.05315495	17.30756	5.598238	1.66461	17.30814	0
94	2	-9.523265	0.05315495	13.34762	-9.50174	1.302746	13.33023	0
94	3	6.959322	0.05315495	-17.26428	6.939574	1.793065	-17.2201	0
94	4	-7.433723	0.05315495	22.23018	-7.391724	1.495001	22.27285	0
94	5	5.437361	0.05315495	-15.72152	5.447019	1.535238	-15.69052	0
94	6	2.718869	0.05315495	18.34081	2.66557	1.41851	18.31317	0
94	7	-17.25328	0.05315495	18.88869	-17.22261	1.394002	18.89454	0
94	8	2.878115	0.05315495	-22.31203	2.916548	1.788165	-22.27171	0
94	9	6.687774	0.05315495	24.25603	6.65517	1.52326	24.24236	0
94	10	10.7681	0.05315495	-17.04959	10.75205	1.732206	-17.0114	0
94	11	-14.40273	0.05315495	13.92567	-14.36213	1.501895	13.92101	0
94	12	6.526026	0.05315495	25.11958	6.462016	1.633828	25.096	0
95	1	5.561901	0.05315495	17.31379	5.518638	1.670972	17.29851	0
95	2	-9.415052	0.05315495	13.28383	-9.386934	1.294088	13.25187	0
95	3	6.970011	0.05315495	-17.18547	6.942759	1.788054	-17.14156	0
95	4	-7.347437	0.05315495	22.22222	-7.302168	1.491237	22.26407	0
95	5	5.436189	0.05315495	-15.62749	5.466017	1.523173	-15.59178	0
95	6	2.626921	0.05315495	18.34752	2.57917	1.431572	18.33013	0
95	7	-17.16717	0.05315495	18.89498	-17.14039	1.390783	18.89649	0
95	8	2.889111	0.05315495	-22.22747	2.929589	1.801675	-22.18192	0
95	9	6.624329	0.05315495	24.19316	6.576159	1.514686	24.18933	0
95	10	10.76439	0.05315495	-16.97859	10.75247	1.724372	-16.9424	0
95	11	-14.31578	0.05315495	13.87498	-14.2729	1.497614	13.87382	0
95	12	6.457052	0.05315495	25.1477	6.392252	1.641582	25.12672	0
96	1	5.480617	0.05315495	17.32005	5.439285	1.673974	17.30315	0
96	2	-9.286824	0.05315495	13.20941	-9.251291	1.283901	13.15565	0
96	3	6.98052	0.05315495	-17.10659	6.945423	1.780965	-17.06374	0
96	4	-7.261149	0.05315495	22.21426	-7.212837	1.492374	22.2554	0
96	5	5.435132	0.05315495	-15.53354	5.469335	1.528845	-15.49429	0
96	6	2.53502	0.05315495	18.35421	2.493449	1.429003	18.34524	0
96	7	-17.08102	0.05315495	18.90127	-17.05263	1.386156	18.89716	0
96	8	2.900164	0.05315495	-22.14274	2.933963	1.812786	-22.09367	0
96	9	6.558492	0.05315495	24.13368	6.506898	1.523162	24.13082	0
96	10	10.76062	0.05315495	-16.90551	10.75271	1.72076	-16.87226	0
96	11	-14.20542	0.05315495	13.81065	-14.14915	1.482759	13.8075	0
96	12	6.385858	0.05315495	25.17141	6.324806	1.65218	25.15456	0
97	1	5.39928	0.05315495	17.32634	5.35952	1.672068	17.30424	0
97	2	-9.141294	0.05315495	13.12587	-9.090386	1.288511	13.0644	0
97	3	6.990849	0.05315495	-17.02764	6.949891	1.772546	-16.98363	0
97	4	-7.17486	0.05315495	22.2063	-7.121552	1.501709	22.24153	0
97	5	5.434187	0.05315495	-15.43965	5.467907	1.544677	-15.39433	0
97	6	2.443166	0.05315495	18.36086	2.406274	1.41982	18.35754	0
97	7	-16.99483	0.05315495	18.90756	-16.96237	1.37758	18.88982	0
97	8	2.911282	0.05315495	-22.05789	2.910483	1.818356	-22.00773	0
97	9	6.490482	0.05315495	24.07762	6.435335	1.536765	24.07326	0
97	10	10.75682	0.05315495	-16.83064	10.7534	1.716773	-16.79685	0
97	11	-14.07482	0.05315495	13.73445	-14.00373	1.469659	13.72967	0
97	12	6.31276	0.05315495	25.19122	6.257571	1.660824	25.17749	0
98	1	5.317889	0.05315495	17.33265	5.278883	1.666436	17.30311	0
98	2	-8.980818	0.05315495	13.03459	-8.912292	1.284058	12.98555	0
98	3	7.000999	0.05315495	-16.94861	6.954495	1.765361	-16.89938	0
98	4	-7.088568	0.05315495	22.19834	-7.03617	1.515785	22.22319	0
98	5	5.433355	0.05315495	-15.34583	5.449039	1.554812	-15.30039	0
98	6	2.351359	0.05315495	18.36747	2.31901	1.408539	18.36919	0
98	7	-16.9086	0.05315495	18.91385	-16.87346	1.37859	18.8909	0
98	8	2.922473	0.05315495	-21.97293	2.908159	1.826436	-21.92474	0
98	9	6.420561	0.05315495	24.02458	6.372363	1.545536	24.0118	0
98	10	10.753	0.05315495	-16.75422	10.75935	1.709868	-16.71804	0
98	11	-13.92639	0.05315495	13.64881	-13.83698	1.457557	13.63682	0
98	12	6.238028	0.05315495	25.20758	6.188624	1.660926	25.19713	0
99	1	5.236446	0.05315495	17.339	5.198248	1.658971	17.30235	0
99	2	-8.807446	0.05315495	12.93682	-8.731813	1.281764	12.89443	0
99	3	7.010971	0.05315495	-16.86952	6.964386	1.761048	-16.8166	0
99	4	-7.002276	0.05315495	22.19037	-6.953987	1.525433	22.20747	0
99	5	5.432634	0.05315495	-15.25207	5.41414	1.562936	-15.21061	0
99	6	2.259601	0.05315495	18.37405	2.232415	1.404776	18.38064	0
99	7	-16.82235	0.05315495	18.92015	-16.78297	1.388275	18.89583	0
99	8	2.933749	0.05315495	-21.88789	2.91638	1.828428	-21.8417	0
99	9	6.348961	0.05315495	23.97422	6.324108	1.550613	23.93432	0
99	10	10.74917	0.05315495	-16.67644	10.77019	1.701478	-16.63563	0
99	11	-13.76256	0.05315495	13.55493	-13.6602	1.450375	13.53312	0
99	12	6.161894	0.05315495	25.22089	6.116435	1.656598	25.21331	0
100	1	5.154952	0.05315495	17.34538	5.114934	1.650335	17.30362	0
100	2	-8.622693	0.05315495	12.83465	-8.596212	1.340858	12.83443	0
100	3	7.020765	0.05315495	-16.79036	6.973898	1.760005	-16.73535	0
100	4	-6.915983	0.05315495	22.18241	-6.873585	1.521982	22.1926	0
100	5	5.432022	0.05315495	-15.15837	5.41229	1.567756	-15.12054	0
100	6	2.16789	0.05315495	18.3806	2.139527	1.397531	18.39728	0
100	7	-16.73607	0.05315495	18.92644	-16.69344	1.398511	18.90461	0
100	8	2.945122	0.05315495	-21.80278	2.920296	1.824196	-21.75773	0
100	9	6.275888	0.05315495	23.92627	6.252604	1.557831	23.88899	0
100	10	10.74534	0.05315495	-16.59749	10.7695	1.705103	-16.55471	0
100	11	-13.58542	0.05315495	13.45381	-13.54801	1.514804	13.47613	0
100	12	6.084557	0.05315495	25.23149	6.043171	1.64835	25.22638	0
101	1	5.073405	0.05315495	17.35179	5.027702	1.64429	17.30529	0
101	2	-8.562979	0.05315495	12.80355	-8.526795	1.332044	12.80767	0
101	3	7.030384	0.05315495	-16.71113	6.986007	1.764493	-16.65249	0
101	4	-6.829689	0.05315495	22.17445	-6.791472	1.514115	22.17988	0
101	5	5.431519	0.05315495	-15.06474	5.404617	1.563505	-15.02945	0
101	6	2.076228	0.05315495	18.38712	2.044494	1.389536	18.42004	0
101	7	-16.64977	0.05315495	18.93274	-16.61075	1.403662	18.93205	0
101	8	2.956599	0.05315495	-21.71764	2.922342	1.815882	-21.67377	0
101	9	6.201521	0.05315495	23.88044	6.181613	1.557357	23.84133	0
101	10	10.74152	0.05315495	-16.51753	10.76833	1.714734	-16.4702	0
101	11	-13.52523	0.05315495	13.41965	-13.46645	1.494237	13.42824	0
101	12	6.006187	0.05315495	25.23969	5.967957	1.639154	25.23727	0
102	1	4.991807	0.05315495	17.35823	4.943432	1.641082	17.31242	0
102	2	-8.476814	0.05315495	12.7596	-8.437538	1.317477	12.77326	0
102	3	7.039827	0.05315495	-16.63183	7.003366	1.776099	-16.56835	0
102	4	-6.743393	0.05315495	22.16649	-6.708944	1.503685	22.16757	0
102	5	5.431122	0.05315495	-14.97117	5.394519	1.55389	-14.93841	0
102	6	1.984613	0.05315495	18.3936	1.949199	1.398619	18.42816	0
102	7	-16.56346	0.05315495	18.93904	-16.52859	1.409756	18.95744	0
102	8	2.966879	0.05315495	-21.63122	2.924378	1.804559	-21.58684	0
102	9	6.126019	0.05315495	23.83651	6.110905	1.551649	23.79208	0
102	10	10.73773	0.05315495	-16.4367	10.76332	1.724715	-16.38581	0
102	11	-13.43799	0.05315495	13.37016	-13.38364	1.499216	13.36368	0
102	12	5.926932	0.05315495	25.24575	5.893259	1.634802	25.24578	0
102	13	4.0726	0.05315495	-22.75712	4.032012	1.34402	-22.75371	0
103	1	4.910158	0.05315495	17.36469	4.858973	1.6421	17.31935	0
103	2	-8.367757	0.05315495	12.70466	-8.315447	1.30192	12.71689	0
103	3	7.049098	0.05315495	-16.55247	7.022163	1.788849	-16.49347	0
103	4	-6.657098	0.05315495	22.15853	-6.627813	1.499216	22.15563	0
103	5	5.43083	0.05315495	-14.87766	5.387227	1.541865	-14.84325	0
103	6	1.893046	0.05315495	18.40006	1.852401	1.412116	18.43342	0
103	7	-16.47713	0.05315495	18.94534	-16.44463	1.412869	18.96484	0
103	8	2.976208	0.05315495	-21.54368	2.926295	1.794112	-21.49294	0
103	9	6.04952	0.05315495	23.79428	6.038981	1.543195	23.74436	0
103	10	10.73396	0.05315495	-16.35509	10.74006	1.729909	-16.30713	0
103	11	-13.32703	0.05315495	13.30833	-13.2707	1.482854	13.28805	0
103	12	5.846918	0.05315495	25.24992	5.814	1.631177	25.25359	0
103	13	4.050104	0.05315495	-22.71793	4.033975	1.322201	-22.69423	0
104	1	4.828459	0.05315495	17.37119	4.772639	1.650074	17.33067	0
104	2	-8.238899	0.05315495	12.64039	-8.169697	1.292832	12.64479	0
104	3	7.058197	0.05315495	-16.47304	7.038173	1.797156	-16.41756	0
104	4	-6.570801	0.05315495	22.15057	-6.541463	1.494849	22.14208	0
104	5	5.430644	0.05315495	-14.78421	5.382614	1.533908	-14.74258	0
104	6	1.801528	0.05315495	18.40648	1.760316	1.419431	18.41799	0
104	7	-16.39078	0.05315495	18.95164	-16.36059	1.410592	18.97597	0
104	8	2.984797	0.05315495	-21.45513	2.93497	1.788036	-21.40007	0
104	9	5.972146	0.05315495	23.75357	5.961692	1.533296	23.69797	0
104	10	10.73022	0.05315495	-16.27283	10.70861	1.735522	-16.22881	0
104	11	-13.19556	0.05315495	13.23582	-13.13536	1.462245	13.20682	0
104	12	5.766252	0.05315495	25.2524	5.73167	1.624059	25.26594	0
104	13	4.026711	0.05315495	-22.67489	4.014137	1.321911	-22.64843	0
105	1	4.74671	0.05315495	17.37771	4.688748	1.663487	17.34682	0
105	2	-8.09268	0.05315495	12.56924	-8.011286	1.289977	12.56467	0
105	3	7.067128	0.05315495	-16.39356	7.053667	1.793616	-16.3441	0
105	4	-6.484504	0.05315495	22.14261	-6.453554	1.485984	22.11987	0
105	5	5.43056	0.05315495	-14.69083	5.382882	1.531772	-14.64542	0
105	6	1.710056	0.05315495	18.41287	1.67029	1.426908	18.39907	0
105	7	-16.30442	0.05315495	18.95794	-16.27641	1.404596	18.98934	0
105	8	2.992825	0.05315495	-21.36568	2.943381	1.788672	-21.30673	0
105	9	5.894003	0.05315495	23.71422	5.879225	1.526811	23.65233	0
105	10	10.72652	0.05315495	-16.18999	10.70459	1.74071	-16.14875	0
105	11	-13.04634	0.05315495	13.15416	-12.98494	1.45826	13.1153	0
105	12	5.68503	0.05315495	25.25336	5.646309	1.616941	25.28047	0
105	13	4.00249	0.05315495	-22.62853	3.993214	1.323341	-22.59851	0
106	1	4.664912	0.05315495	17.38426	4.611984	1.674565	17.36168	0
106	2	-7.931467	0.05315495	12.49242	-7.845176	1.292325	12.4735	0
106	3	7.075891	0.05315495	-16.31401	7.067013	1.786921	-16.26835	0
106	4	-6.398207	0.05315495	22.13465	-6.365134	1.485036	22.10372	0
106	5	5.430577	0.05315495	-14.5975	5.387271	1.540231	-14.54594	0
106	6	1.618632	0.05315495	18.41922	1.581661	1.43018	18.40308	0
106	7	-16.21805	0.05315495	18.96425	-16.19094	1.396764	19.00182	0
106	8	3.000457	0.05315495	-21.27543	2.959098	1.80169	-21.20944	0
106	9	5.815185	0.05315495	23.67609	5.796784	1.524174	23.61317	0
106	10	10.72286	0.05315495	-16.10666	10.69642	1.73971	-16.06762	0
106	11	-12.88178	0.05315495	13.06471	-12.81595	1.44509	13.00233	0
106	12	5.60333	0.05315495	25.25299	5.561707	1.622836	25.28161	0
106	13	3.977503	0.05315495	-22.57932	3.970711	1.326055	-22.54599	0
107	1	4.583065	0.05315495	17.39084	4.535473	1.674784	17.37531	0
107	2	-7.757318	0.05315495	12.411	-7.673003	1.285044	12.38472	0
107	3	7.084488	0.05315495	-16.2344	7.079766	1.776696	-16.19208	0
107	4	-6.311909	0.05315495	22.12668	-6.274808	1.494917	22.09353	0
107	5	5.430696	0.05315495	-14.50423	5.399841	1.558334	-14.45037	0
107	6	1.527254	0.05315495	18.42555	1.492286	1.426244	18.40237	0
107	7	-16.13167	0.05315495	18.97055	-16.10157	1.388878	19.01368	0
107	8	3.007835	0.05315495	-21.18448	2.980299	1.820692	-21.12232	0
107	9	5.735774	0.05315495	23.63906	5.711607	1.528382	23.57625	0
107	10	10.71925	0.05315495	-16.02289	10.68501	1.734017	-15.98569	0
107	11	-12.70398	0.05315495	12.96873	-12.66281	1.514595	12.98751	0
107	12	5.521224	0.05315495	25.25141	5.474463	1.633856	25.28083	0
107	13	3.951803	0.05315495	-22.52767	3.94628	1.328793	-22.49207	0
