63	1	313.3765	102.2997	0
63	2	572.3938	110.0275	0
63	3	312.1758	101.8807	0
63	4	384.6361	103.1087	0
63	5	100.2592	146.4914	0
63	6	433.925	126.1496	0
63	7	302.9634	120.1249	0
63	8	296.6235	149.5795	0
63	9	596.0787	112.973	0
63	10	184.1166	131.9243	0
63	11	589.1977	91.02637	0
63	12	529.3541	97.32919	0
63	13	346.0909	104.6725	0
63	14	534.2477	106.9665	0
63	15	555.2609	101.5611	0
63	16	415.9086	117.5406	0
63	17	489.9823	107.0749	0
63	18	535.1521	100.1485	0
63	19	219.5762	148.429	0
63	20	368.8424	124.3028	0
63	21	-67.72887	150.3565	0
63	22	-11.31279	138.5982	0
63	23	394.4064	114.957	0
63	24	543.4688	100.563	0
63	25	253.0298	144.7071	0
63	26	522.9391	110.1522	0
63	27	576.4037	120.3979	0
63	28	13.30449	125.566	0
63	29	518.7569	88.65039	0
63	30	488.1847	98.11511	0
63	31	138.0114	149.5514	0
63	32	558.5179	92.76501	0
63	33	576.7117	101.5743	0
63	34	267.2746	103.6471	0
63	35	-144.7217	186.7035	0
63	36	254.5895	124.3828	0
63	37	348.8089	111.3319	0
63	38	178.9598	166.693	0
63	39	514.6024	93.63321	0
63	40	616.9265	104.6661	0
63	41	308.0307	121.5613	0
63	42	270.0255	129.3249	0
63	43	361.6584	115.1603	0
64	1	313.3969	102.2928	0
64	2	572.3989	110.0294	0
64	3	312.1765	101.882	0
64	4	384.6398	103.1179	0
64	5	100.1862	146.5206	0
64	6	433.9373	126.1496	0
64	7	302.9318	120.1454	0
64	8	296.6311	149.5795	0
64	9	596.0823	112.9743	0
64	10	184.115	131.9131	0
64	11	589.1667	91.02075	0
64	12	529.3575	97.32953	0
64	13	346.0914	104.6735	0
64	14	534.213	106.958	0
64	15	555.2844	101.5611	0
64	16	415.9182	117.5406	0
64	17	489.9737	107.07	0
64	18	535.1385	100.1467	0
64	19	219.5682	148.4181	0
64	20	368.8519	124.2999	0
64	21	-67.71731	150.3564	0
64	22	-11.33054	138.6033	0
64	23	394.4147	114.9511	0
64	24	543.4761	100.5629	0
64	25	253.0003	144.6934	0
64	26	522.9015	110.1411	0
64	27	576.4241	120.4077	0
64	28	13.3696	125.558	0
64	29	518.7608	88.6514	0
64	30	488.1889	98.11536	0
64	31	138.0399	149.5487	0
64	32	558.4992	92.76111	0
64	33	576.7188	101.5765	0
64	34	267.2853	103.646	0
64	35	-144.939	186.7634	0
64	36	254.5873	124.3853	0
64	37	348.8145	111.3325	0
64	38	178.967	166.6938	0
64	39	514.632	93.63382	0
64	40	616.9364	104.6661	0
64	41	308.0224	121.551	0
64	42	270.024	129.3276	0
64	43	361.6686	115.1594	0
65	1	313.4111	102.2867	0
65	2	572.4054	110.0316	0
65	3	312.1775	101.8836	0
65	4	384.6414	103.1281	0
65	5	100.1059	146.5518	0
65	6	433.9507	126.1494	0
65	7	302.8961	120.1583	0
65	8	296.6397	149.5798	0
65	9	596.0865	112.976	0
65	10	184.1098	131.9029	0
65	11	589.1335	91.01447	0
65	12	529.3605	97.33035	0
65	13	346.0921	104.6747	0
65	14	534.1761	106.9509	0
65	15	555.3012	101.5599	0
65	16	415.9268	117.541	0
65	17	489.9576	107.0639	0
65	18	535.1337	100.1469	0
65	19	219.5553	148.4079	0
65	20	368.8617	124.2969	0
65	21	-67.70532	150.3564	0
65	22	-11.33995	138.6069	0
65	23	394.416	114.9461	0
65	24	543.4841	100.5628	0
65	25	252.9685	144.6804	0
65	26	522.8616	110.1302	0
65	27	576.455	120.4201	0
65	28	13.43033	125.5489	0
65	29	518.766	88.65244	0
65	30	488.1933	98.11517	0
65	31	138.0635	149.5483	0
65	32	558.4794	92.75732	0
65	33	576.7288	101.5803	0
65	34	267.2986	103.6447	0
65	35	-145.1843	186.8334	0
65	36	254.5873	124.3874	0
65	37	348.8199	111.3323	0
65	38	178.9751	166.6947	0
65	39	514.6599	93.63394	0
65	40	616.9447	104.6666	0
65	41	308.0115	121.5411	0
65	42	270.0219	129.3303	0
65	43	361.6778	115.1595	0
66	1	313.4205	102.2802	0
66	2	572.4129	110.0334	0
66	3	312.1782	101.8854	0
66	4	384.6393	103.1386	0
66	5	100.0187	146.582	0
66	6	433.9638	126.1494	0
66	7	302.8671	120.1641	0
66	8	296.6508	149.5801	0
66	9	596.0925	112.9779	0
66	10	184.0987	131.8933	0
66	11	589.1028	91.00873	0
66	12	529.3638	97.33173	0
66	13	346.0928	104.676	0
66	14	534.1409	106.9451	0
66	15	555.3091	101.5575	0
66	16	415.9332	117.5404	0
66	17	489.9341	107.0563	0
66	18	535.1354	100.1479	0
66	19	219.5358	148.3979	0
66	20	368.8721	124.2946	0
66	21	-67.69218	150.3568	0
66	22	-11.33879	138.609	0
66	23	394.417	114.9405	0
66	24	543.4912	100.563	0
66	25	252.9394	144.6694	0
66	26	522.8188	110.1209	0
66	27	576.4939	120.4331	0
66	28	13.48384	125.5406	0
66	29	518.7715	88.65332	0
66	30	488.1981	98.11475	0
66	31	138.0741	149.5511	0
66	32	558.4584	92.75421	0
66	33	576.7443	101.5853	0
66	34	267.311	103.6444	0
66	35	-145.4463	186.9079	0
66	36	254.5903	124.3882	0
66	37	348.826	111.3318	0
66	38	178.9872	166.696	0
66	39	514.6794	93.63245	0
66	40	616.9474	104.6661	0
66	41	307.9982	121.5326	0
66	42	270.0213	129.3328	0
66	43	361.6844	115.1608	0
67	1	313.4162	102.271	0
67	2	572.4219	110.0353	0
67	3	312.1777	101.8873	0
67	4	384.6321	103.147	0
67	5	99.93049	146.6048	0
67	6	433.9758	126.1501	0
67	7	302.8503	120.1649	0
67	8	296.6642	149.5799	0
67	9	596.0991	112.9797	0
67	10	184.0802	131.8838	0
67	11	589.0704	91.0032	0
67	12	529.3691	97.33377	0
67	13	346.0928	104.6773	0
67	14	534.1041	106.9393	0
67	15	555.3102	101.5542	0
67	16	415.9376	117.5387	0
67	17	489.9091	107.0484	0
67	18	535.1383	100.1491	0
67	19	219.5159	148.3884	0
67	20	368.8853	124.2919	0
67	21	-67.67127	150.3541	0
67	22	-11.33261	138.6115	0
67	23	394.41	114.9338	0
67	24	543.4973	100.5634	0
67	25	252.9141	144.6613	0
67	26	522.7771	110.1133	0
67	27	576.541	120.4477	0
67	28	13.53439	125.5318	0
67	29	518.7781	88.65341	0
67	30	488.2035	98.11459	0
67	31	138.0622	149.5586	0
67	32	558.4384	92.75174	0
67	33	576.7652	101.591	0
67	34	267.3221	103.6449	0
67	35	-145.7261	186.9852	0
67	36	254.5965	124.3892	0
67	37	348.8328	111.3317	0
67	38	179.0058	166.696	0
67	39	514.6901	93.62994	0
67	40	616.9464	104.6648	0
67	41	307.984	121.5255	0
67	42	270.0234	129.3345	0
67	43	361.6866	115.1633	0
68	1	313.4031	102.2602	0
68	2	572.4311	110.0367	0
68	3	312.1772	101.889	0
68	4	384.6216	103.1512	0
68	5	99.85989	146.6174	0
68	6	433.9831	126.1481	0
68	7	302.8573	120.1626	0
68	8	296.6772	149.58	0
68	9	596.1074	112.9817	0
68	10	184.0612	131.8747	0
68	11	589.0366	90.99857	0
68	12	529.3759	97.33731	0
68	13	346.0933	104.6786	0
68	14	534.0635	106.9337	0
68	15	555.3041	101.5496	0
68	16	415.9424	117.5372	0
68	17	489.886	107.0411	0
68	18	535.1422	100.1507	0
68	19	219.4969	148.3812	0
68	20	368.8997	124.2898	0
68	21	-67.64773	150.3506	0
68	22	-11.32775	138.6135	0
68	23	394.3958	114.9257	0
68	24	543.499	100.5625	0
68	25	252.8972	144.6563	0
68	26	522.735	110.1059	0
68	27	576.5914	120.4656	0
68	28	13.57165	125.5212	0
68	29	518.7855	88.65384	0
68	30	488.209	98.11456	0
68	31	138.0283	149.5724	0
68	32	558.4179	92.7493	0
68	33	576.7902	101.5964	0
68	34	267.3284	103.6464	0
68	35	-146.0073	187.0543	0
68	36	254.6023	124.3906	0
68	37	348.8412	111.3316	0
68	38	179.025	166.6965	0
68	39	514.6932	93.62637	0
68	40	616.9454	104.6637	0
68	41	307.967	121.5184	0
68	42	270.0292	129.3354	0
68	43	361.6852	115.1677	0
69	1	313.3916	102.2497	0
69	2	572.4417	110.0372	0
69	3	312.1782	101.8905	0
69	4	384.6122	103.1525	0
69	5	99.82256	146.6222	0
69	6	433.9888	126.1454	0
69	7	302.9048	120.1626	0
69	8	296.6898	149.5805	0
69	9	596.1157	112.9833	0
69	10	184.0422	131.8679	0
69	11	589.0039	90.995	0
69	12	529.3875	97.34195	0
69	13	346.0948	104.6797	0
69	14	534.0228	106.9282	0
69	15	555.2914	101.5457	0
69	16	415.9482	117.5359	0
69	17	489.8611	107.0341	0
69	18	535.1468	100.1523	0
69	19	219.4813	148.376	0
69	20	368.9121	124.2895	0
69	21	-67.62445	150.3477	0
69	22	-11.32398	138.6152	0
69	23	394.3801	114.9174	0
69	24	543.4997	100.5616	0
69	25	252.8897	144.6558	0
69	26	522.6885	110.0991	0
69	27	576.6401	120.4852	0
69	28	13.59882	125.509	0
69	29	518.7924	88.6546	0
69	30	488.2151	98.11444	0
69	31	137.9761	149.594	0
69	32	558.3955	92.74698	0
69	33	576.8187	101.6037	0
69	34	267.3269	103.6488	0
69	35	-146.2536	187.1023	0
69	36	254.6076	124.3913	0
69	37	348.8506	111.3315	0
69	38	179.0441	166.6973	0
69	39	514.6883	93.6214	0
69	40	616.946	104.6627	0
69	41	307.9444	121.5118	0
69	42	270.0362	129.3368	0
69	43	361.6803	115.1751	0
70	1	313.3799	102.2397	0
70	2	572.452	110.0381	0
70	3	312.1817	101.8912	0
70	4	384.6053	103.1519	0
70	5	99.81734	146.6185	0
70	6	433.9951	126.1431	0
70	7	302.9515	120.1604	0
70	8	296.7013	149.5779	0
70	9	596.1249	112.9839	0
70	10	184.0265	131.8628	0
70	11	588.9712	90.99139	0
70	12	529.4039	97.34714	0
70	13	346.0978	104.6801	0
70	14	533.9876	106.9232	0
70	15	555.2758	101.5414	0
70	16	415.955	117.5344	0
70	17	489.8344	107.0282	0
70	18	535.1521	100.1537	0
70	19	219.4712	148.3733	0
70	20	368.9224	124.2907	0
70	21	-67.5994	150.3448	0
70	22	-11.32202	138.6156	0
70	23	394.3661	114.9097	0
70	24	543.5007	100.5609	0
70	25	252.889	144.6579	0
70	26	522.6396	110.0921	0
70	27	576.685	120.5058	0
70	28	13.62252	125.4968	0
70	29	518.7987	88.65491	0
70	30	488.2205	98.11453	0
70	31	137.9143	149.6218	0
70	32	558.3726	92.74457	0
70	33	576.8467	101.6119	0
70	34	267.3184	103.653	0
70	35	-146.4092	187.1268	0
70	36	254.6125	124.3916	0
70	37	348.8596	111.3315	0
70	38	179.0648	166.6951	0
70	39	514.6746	93.61771	0
70	40	616.946	104.6616	0
70	41	307.9203	121.5052	0
70	42	270.0423	129.3377	0
70	43	361.6768	115.185	0
71	1	313.3652	102.2307	0
71	2	572.4614	110.039	0
71	3	312.1884	101.8918	0
71	4	384.6183	103.1516	0
71	5	99.87038	146.6189	0
71	6	434.0034	126.1408	0
71	7	302.9939	120.1553	0
71	8	296.7125	149.5741	0
71	9	596.1343	112.9847	0
71	10	184.0164	131.8604	0
71	11	588.936	90.98804	0
71	12	529.4244	97.35257	0
71	13	346.1028	104.6806	0
71	14	533.9607	106.9194	0
71	15	555.256	101.5365	0
71	16	415.962	117.5337	0
71	17	489.8087	107.0233	0
71	18	535.1586	100.1551	0
71	19	219.4675	148.3738	0
71	20	368.9267	124.2942	0
71	21	-67.56934	150.3416	0
71	22	-11.32006	138.6154	0
71	23	394.35	114.9022	0
71	24	543.5031	100.5601	0
71	25	252.8895	144.6608	0
71	26	522.5963	110.0855	0
71	27	576.7197	120.5235	0
71	28	13.64781	125.4853	0
71	29	518.8049	88.65482	0
71	30	488.2249	98.11475	0
71	31	137.8465	149.6518	0
71	32	558.3524	92.74228	0
71	33	576.8729	101.6209	0
71	34	267.3034	103.6597	0
71	35	-146.4573	187.129	0
71	36	254.6177	124.3913	0
71	37	348.8678	111.3319	0
71	38	179.0882	166.6885	0
71	39	514.6616	93.61371	0
71	40	616.9471	104.6613	0
71	41	307.8987	121.4996	0
71	42	270.0479	129.3386	0
71	43	361.6757	115.1964	0
72	1	313.3479	102.2234	0
72	2	572.4705	110.0396	0
72	3	312.1954	101.8928	0
72	4	384.644	103.1516	0
72	5	99.93114	146.6159	0
72	6	434.0124	126.1384	0
72	7	303.0325	120.1481	0
72	8	296.7242	149.5709	0
72	9	596.1431	112.9858	0
72	10	184.0125	131.861	0
72	11	588.8997	90.98456	0
72	12	529.447	97.35947	0
72	13	346.1078	104.6815	0
72	14	533.9432	106.9169	0
72	15	555.2277	101.5298	0
72	16	415.9691	117.5339	0
72	17	489.7815	107.0185	0
72	18	535.1655	100.1562	0
72	19	219.4664	148.3757	0
72	20	368.9265	124.3003	0
72	21	-67.54628	150.3403	0
72	22	-11.3152	138.616	0
72	23	394.3322	114.8959	0
72	24	543.5052	100.5595	0
72	25	252.8892	144.6645	0
72	26	522.562	110.0805	0
72	27	576.7411	120.534	0
72	28	13.66927	125.4742	0
72	29	518.8116	88.65421	0
72	30	488.2267	98.11407	0
72	31	137.7738	149.6857	0
72	32	558.3369	92.74048	0
72	33	576.8949	101.6292	0
72	34	267.2877	103.6683	0
72	35	-146.3999	187.1231	0
72	36	254.6234	124.3911	0
72	37	348.8743	111.3306	0
72	38	179.1118	166.6823	0
72	39	514.64	93.60825	0
72	40	616.9505	104.6617	0
72	41	307.8805	121.4952	0
72	42	270.0531	129.3387	0
72	43	361.6772	115.2076	0
73	1	313.3297	102.2169	0
73	2	572.4796	110.0394	0
73	3	312.2017	101.8933	0
73	4	384.6668	103.1505	0
73	5	99.99496	146.6086	0
73	6	434.0212	126.1375	0
73	7	303.0658	120.1387	0
73	8	296.7376	149.5677	0
73	9	596.1513	112.9864	0
73	10	184.0108	131.863	0
73	11	588.8675	90.98117	0
73	12	529.4686	97.36722	0
73	13	346.1123	104.6819	0
73	14	533.9359	106.9166	0
73	15	555.1963	101.5223	0
73	16	415.9743	117.5351	0
73	17	489.7509	107.0139	0
73	18	535.1737	100.1565	0
73	19	219.4656	148.3781	0
73	20	368.9207	124.3112	0
73	21	-67.52937	150.3404	0
73	22	-11.30002	138.6162	0
73	23	394.3145	114.8906	0
73	24	543.5079	100.5596	0
73	25	252.8873	144.669	0
73	26	522.5383	110.0769	0
73	27	576.7483	120.5384	0
73	28	13.68799	125.4648	0
73	29	518.819	88.65375	0
73	30	488.2284	98.11337	0
73	31	137.6899	149.7261	0
73	32	558.3264	92.73917	0
73	33	576.9095	101.6342	0
73	34	267.2721	103.6777	0
73	35	-146.2789	187.1174	0
73	36	254.6312	124.3912	0
73	37	348.8808	111.3291	0
73	38	179.1363	166.6768	0
73	39	514.6095	93.60086	0
73	40	616.9542	104.663	0
73	41	307.8683	121.4925	0
73	42	270.0587	129.3384	0
73	43	361.6787	115.2221	0
74	1	313.3069	102.2107	0
74	2	572.4893	110.0389	0
74	3	312.2076	101.8937	0
74	4	384.6852	103.1482	0
74	5	100.0619	146.5981	0
74	6	434.0309	126.1379	0
74	7	303.0904	120.1291	0
74	8	296.7533	149.5641	0
74	9	596.1593	112.9866	0
74	10	184.0093	131.8654	0
74	11	588.8425	90.97845	0
74	12	529.4881	97.37573	0
74	13	346.1166	104.682	0
74	14	533.9366	106.9176	0
74	15	555.1675	101.5154	0
74	16	415.9768	117.5375	0
74	17	489.7198	107.0092	0
74	18	535.1822	100.1572	0
74	19	219.4641	148.3811	0
74	20	368.9164	124.3262	0
74	21	-67.52711	150.3428	0
74	22	-11.28239	138.6163	0
74	23	394.2947	114.8854	0
74	24	543.5117	100.5602	0
74	25	252.8833	144.6735	0
74	26	522.5267	110.0757	0
74	27	576.7413	120.5383	0
74	28	13.70148	125.4568	0
74	29	518.827	88.6535	0
74	30	488.2304	98.11288	0
74	31	137.5968	149.7697	0
74	32	558.3214	92.73886	0
74	33	576.9159	101.6361	0
74	34	267.257	103.688	0
74	35	-146.1326	187.1034	0
74	36	254.6413	124.3911	0
74	37	348.8875	111.3279	0
74	38	179.1672	166.67	0
74	39	514.5773	93.59293	0
74	40	616.9612	104.6651	0
74	41	307.8629	121.4921	0
74	42	270.0657	129.3386	0
74	43	361.6771	115.2383	0
75	1	313.2775	102.2045	0
75	2	572.4999	110.0387	0
75	3	312.2133	101.8933	0
75	4	384.6999	103.145	0
75	5	100.1299	146.5848	0
75	6	434.0374	126.1401	0
75	7	303.1075	120.1197	0
75	8	296.7669	149.5625	0
75	9	596.168	112.9862	0
75	10	184.0067	131.8683	0
75	11	588.8254	90.97647	0
75	12	529.5034	97.38342	0
75	13	346.121	104.6817	0
75	14	533.9398	106.919	0
75	15	555.1372	101.5087	0
75	16	415.9781	117.5418	0
75	17	489.6925	107.0051	0
75	18	535.1898	100.158	0
75	19	219.4608	148.3846	0
75	20	368.916	124.3443	0
75	21	-67.54726	150.3484	0
75	22	-11.26326	138.6166	0
75	23	394.2711	114.8804	0
75	24	543.515	100.5614	0
75	25	252.8806	144.6784	0
75	26	522.5259	110.0767	0
75	27	576.7496	120.5369	0
75	28	13.70986	125.4489	0
75	29	518.8349	88.65335	0
75	30	488.2333	98.11234	0
75	31	137.4928	149.8153	0
75	32	558.3214	92.73929	0
75	33	576.9152	101.6364	0
75	34	267.2383	103.7009	0
75	35	-145.9615	187.0791	0
75	36	254.6513	124.3911	0
75	37	348.8959	111.3267	0
75	38	179.1973	166.6651	0
75	39	514.5476	93.58578	0
75	40	616.9736	104.6687	0
75	41	307.8627	121.4933	0
75	42	270.0753	129.3387	0
75	43	361.6713	115.2559	0
76	1	313.2489	102.1981	0
76	2	572.5105	110.0387	0
76	3	312.2194	101.8926	0
76	4	384.71	103.1405	0
76	5	100.1926	146.5689	0
76	6	434.0413	126.1446	0
76	7	303.1201	120.1099	0
76	8	296.7795	149.5625	0
76	9	596.1773	112.9859	0
76	10	184.0018	131.8717	0
76	11	588.8173	90.97583	0
76	12	529.512	97.38776	0
76	13	346.1259	104.6813	0
76	14	533.9436	106.9208	0
76	15	555.1053	101.5029	0
76	16	415.9787	117.5487	0
76	17	489.6714	107.0019	0
76	18	535.1971	100.1585	0
76	19	219.4565	148.388	0
76	20	368.9193	124.3618	0
76	21	-67.59115	150.3584	0
76	22	-11.24175	138.617	0
76	23	394.2465	114.8755	0
76	24	543.5203	100.5634	0
76	25	252.8817	144.6821	0
76	26	522.5297	110.0783	0
76	27	576.7835	120.5365	0
76	28	13.71038	125.4414	0
76	29	518.8432	88.65332	0
76	30	488.2365	98.112	0
76	31	137.381	149.8557	0
76	32	558.3232	92.73996	0
76	33	576.9102	101.6352	0
76	34	267.2156	103.7151	0
76	35	-145.7762	187.0479	0
76	36	254.6611	124.3916	0
76	37	348.9053	111.3256	0
76	38	179.222	166.6633	0
76	39	514.5159	93.57883	0
76	40	616.9916	104.6745	0
76	41	307.8637	121.4949	0
76	42	270.0862	129.3387	0
76	43	361.6594	115.2722	0
77	1	313.2234	102.1931	0
77	2	572.5219	110.0386	0
77	3	312.227	101.8925	0
77	4	384.7142	103.1366	0
77	5	100.2446	146.5548	0
77	6	434.0439	126.1525	0
77	7	303.1182	120.0973	0
77	8	296.7856	149.5648	0
77	9	596.1874	112.9858	0
77	10	183.9956	131.8749	0
77	11	588.8168	90.9765	0
77	12	529.5143	97.38922	0
77	13	346.1317	104.6812	0
77	14	533.9488	106.9228	0
77	15	555.074	101.4983	0
77	16	415.9825	117.5579	0
77	17	489.6574	106.9998	0
77	18	535.2044	100.1582	0
77	19	219.4539	148.3914	0
77	20	368.924	124.3841	0
77	21	-67.65289	150.3731	0
77	22	-11.20924	138.6126	0
77	23	394.2249	114.8712	0
77	24	543.5276	100.5667	0
77	25	252.8879	144.6838	0
77	26	522.534	110.0804	0
77	27	576.808	120.5341	0
77	28	13.70673	125.4341	0
77	29	518.8505	88.65375	0
77	30	488.2397	98.11215	0
77	31	137.276	149.8824	0
77	32	558.3253	92.74078	0
77	33	576.931	101.6357	0
77	34	267.1877	103.7304	0
77	35	-145.5821	187.0093	0
77	36	254.6709	124.3904	0
77	37	348.9134	111.3256	0
77	38	179.2366	166.6649	0
77	39	514.4818	93.57318	0
77	40	617.0192	104.682	0
77	41	307.8643	121.4968	0
77	42	270.0966	129.3389	0
77	43	361.6415	115.283	0
78	1	313.2031	102.189	0
78	2	572.532	110.0388	0
78	3	312.2367	101.8925	0
78	4	384.7163	103.1326	0
78	5	100.2941	146.5405	0
78	6	434.0481	126.1646	0
78	7	303.1064	120.0832	0
78	8	296.7831	149.5704	0
78	9	596.1966	112.9857	0
78	10	183.9915	131.8779	0
78	11	588.8198	90.97745	0
78	12	529.5124	97.38928	0
78	13	346.1387	104.6812	0
78	14	533.9543	106.9245	0
78	15	555.0429	101.4938	0
78	16	415.9895	117.5679	0
78	17	489.6512	106.9995	0
78	18	535.2124	100.1576	0
78	19	219.4544	148.3937	0
78	20	368.9247	124.4093	0
78	21	-67.72845	150.3916	0
78	22	-11.17488	138.6078	0
78	23	394.2075	114.8679	0
78	24	543.5388	100.5716	0
78	25	252.8981	144.6857	0
78	26	522.5399	110.0828	0
78	27	576.819	120.5292	0
78	28	13.70076	125.4279	0
78	29	518.8542	88.65344	0
78	30	488.243	98.11276	0
78	31	137.2041	149.8953	0
78	32	558.3283	92.74161	0
78	33	576.9466	101.6353	0
78	34	267.1537	103.7437	0
78	35	-145.4058	186.972	0
78	36	254.6807	124.3884	0
78	37	348.9205	111.3263	0
78	38	179.2319	166.6719	0
78	39	514.4492	93.5687	0
78	40	617.0552	104.6901	0
78	41	307.8645	121.4991	0
78	42	270.1066	129.3391	0
78	43	361.6239	115.2878	0
79	1	313.1907	102.1868	0
79	2	572.5405	110.0393	0
79	3	312.2474	101.8924	0
79	4	384.7138	103.1283	0
79	5	100.3274	146.5245	0
79	6	434.0585	126.18	0
79	7	303.0957	120.0695	0
79	8	296.7726	149.5807	0
79	9	596.2064	112.9857	0
79	10	183.9912	131.88	0
79	11	588.8232	90.97864	0
79	12	529.5104	97.38834	0
79	13	346.1461	104.6811	0
79	14	533.9614	106.9264	0
79	15	555.0091	101.4897	0
79	16	415.9998	117.5785	0
79	17	489.6515	107.0003	0
79	18	535.2212	100.1573	0
79	19	219.4591	148.3952	0
79	20	368.9201	124.4366	0
79	21	-67.81133	150.4107	0
79	22	-11.14109	138.6038	0
79	23	394.1959	114.8658	0
79	24	543.5564	100.5777	0
79	25	252.9069	144.688	0
79	26	522.546	110.0851	0
79	27	576.8199	120.5224	0
79	28	13.6923	125.4233	0
79	29	518.8557	88.65271	0
79	30	488.2456	98.11383	0
79	31	137.1743	149.8964	0
79	32	558.3315	92.74237	0
79	33	576.9552	101.6338	0
79	34	267.1175	103.751	0
79	35	-145.2326	186.9328	0
79	36	254.6908	124.3865	0
79	37	348.9236	111.3281	0
79	38	179.2082	166.6863	0
79	39	514.4154	93.56421	0
79	40	617.0988	104.6992	0
79	41	307.8636	121.5012	0
79	42	270.1163	129.337	0
79	43	361.6117	115.2889	0
80	1	313.1865	102.1872	0
80	2	572.5421	110.0379	0
80	3	312.2573	101.8927	0
80	4	384.7033	103.1221	0
80	5	100.348	146.5061	0
80	6	434.0735	126.1958	0
80	7	303.0848	120.0563	0
80	8	296.7577	149.5962	0
80	9	596.2148	112.9861	0
80	10	183.9961	131.8813	0
80	11	588.8282	90.97989	0
80	12	529.5317	97.3887	0
80	13	346.153	104.6814	0
80	14	533.9687	106.928	0
80	15	554.9733	101.4854	0
80	16	416.0106	117.5918	0
80	17	489.6537	107.0015	0
80	18	535.2302	100.1572	0
80	19	219.4657	148.3968	0
80	20	368.9074	124.4633	0
80	21	-67.90445	150.4333	0
80	22	-11.1012	138.5995	0
80	23	394.1908	114.8655	0
80	24	543.579	100.5838	0
80	25	252.915	144.6895	0
80	26	522.5541	110.0874	0
80	27	576.8099	120.5135	0
80	28	13.68545	125.4205	0
80	29	518.8574	88.65207	0
80	30	488.2488	98.11542	0
80	31	137.2041	149.893	0
80	32	558.3357	92.74313	0
80	33	576.9575	101.6315	0
80	34	267.0895	103.7536	0
80	35	-145.0849	186.8946	0
80	36	254.7018	124.3849	0
80	37	348.923	111.331	0
80	38	179.1642	166.7101	0
80	39	514.3774	93.55988	0
80	40	617.1458	104.7103	0
80	41	307.8636	121.5036	0
80	42	270.1263	129.3346	0
80	43	361.6081	115.2867	0
81	1	313.187	102.1886	0
81	2	572.5421	110.0363	0
81	3	312.2665	101.8929	0
81	4	384.6888	103.1153	0
81	5	100.3638	146.4876	0
81	6	434.0934	126.2141	0
81	7	303.0706	120.0441	0
81	8	296.743	149.616	0
81	9	596.2181	112.9854	0
81	10	184.0029	131.8829	0
81	11	588.8336	90.98102	0
81	12	529.5486	97.38849	0
81	13	346.1589	104.6812	0
81	14	533.9775	106.9284	0
81	15	554.9413	101.4812	0
81	16	416.0191	117.6065	0
81	17	489.6562	107.0029	0
81	18	535.2397	100.1571	0
81	19	219.4715	148.3981	0
81	20	368.8853	124.4827	0
81	21	-68.00895	150.4596	0
81	22	-11.05581	138.5954	0
81	23	394.1907	114.8664	0
81	24	543.6058	100.5912	0
81	25	252.9222	144.69	0
81	26	522.5627	110.0894	0
81	27	576.7914	120.5052	0
81	28	13.68108	125.4203	0
81	29	518.8603	88.65155	0
81	30	488.2525	98.11819	0
81	31	137.2828	149.8908	0
81	32	558.3399	92.7438	0
81	33	576.9537	101.6284	0
81	34	267.0754	103.7535	0
81	35	-144.9661	186.8511	0
81	36	254.7152	124.383	0
81	37	348.9183	111.3363	0
81	38	179.1124	166.7419	0
81	39	514.3388	93.55545	0
81	40	617.1917	104.7227	0
81	41	307.8655	121.5054	0
81	42	270.1364	129.3327	0
81	43	361.646	115.2871	0
82	1	313.1881	102.1903	0
82	2	572.5427	110.0349	0
82	3	312.2746	101.8914	0
82	4	384.6765	103.1089	0
82	5	100.3828	146.4703	0
82	6	434.1128	126.2361	0
82	7	303.0539	120.034	0
82	8	296.7292	149.6369	0
82	9	596.2175	112.9839	0
82	10	184.0087	131.8841	0
82	11	588.8405	90.98209	0
82	12	529.5588	97.38705	0
82	13	346.1639	104.6801	0
82	14	533.9871	106.9292	0
82	15	554.916	101.4781	0
82	16	416.0241	117.6222	0
82	17	489.6596	107.0046	0
82	18	535.2485	100.1571	0
82	19	219.4768	148.3993	0
82	20	368.8611	124.4926	0
82	21	-68.1209	150.4878	0
82	22	-11.0219	138.5941	0
82	23	394.1919	114.8676	0
82	24	543.6329	100.6	0
82	25	252.93	144.69	0
82	26	522.5731	110.0902	0
82	27	576.766	120.4964	0
82	28	13.6781	125.4217	0
82	29	518.8633	88.65106	0
82	30	488.2586	98.1221	0
82	31	137.3677	149.884	0
82	32	558.3448	92.74393	0
82	33	576.9449	101.6248	0
82	34	267.0848	103.7523	0
82	35	-144.8683	186.8062	0
82	36	254.7272	124.3822	0
82	37	348.9133	111.3438	0
82	38	179.0553	166.779	0
82	39	514.3052	93.55133	0
82	40	617.2352	104.7359	0
82	41	307.8703	121.5061	0
82	42	270.1491	129.3306	0
82	43	361.6817	115.286	0
83	1	313.189	102.1924	0
83	2	572.5452	110.0336	0
83	3	312.2829	101.89	0
83	4	384.6631	103.1027	0
83	5	100.3976	146.4534	0
83	6	434.1287	126.2599	0
83	7	303.0353	120.0249	0
83	8	296.7162	149.6611	0
83	9	596.2175	112.9825	0
83	10	184.0142	131.8851	0
83	11	588.8475	90.98303	0
83	12	529.5636	97.38492	0
83	13	346.1691	104.6792	0
83	14	533.9958	106.9304	0
83	15	554.8983	101.4757	0
83	16	416.023	117.6364	0
83	17	489.6631	107.006	0
83	18	535.256	100.1576	0
83	19	219.4818	148.3995	0
83	20	368.8435	124.496	0
83	21	-68.24047	150.5165	0
83	22	-10.99817	138.595	0
83	23	394.1932	114.8692	0
83	24	543.6583	100.6097	0
83	25	252.9387	144.6906	0
83	26	522.5847	110.091	0
83	27	576.7375	120.4874	0
83	28	13.67462	125.4236	0
83	29	518.8669	88.65121	0
83	30	488.2685	98.12677	0
83	31	137.4557	149.8712	0
83	32	558.35	92.74423	0
83	33	576.9305	101.6217	0
83	34	267.1249	103.7526	0
83	35	-144.7697	186.7634	0
83	36	254.738	124.3823	0
83	37	348.9101	111.353	0
83	38	178.9962	166.8201	0
83	39	514.279	93.54794	0
83	40	617.2711	104.7474	0
83	41	307.8773	121.507	0
83	42	270.1633	129.3288	0
83	43	361.7123	115.2825	0
84	1	313.1888	102.1947	0
84	2	572.5471	110.0324	0
84	3	312.2916	101.8891	0
84	4	384.6479	103.0973	0
84	5	100.4091	146.4385	0
84	6	434.1388	126.2847	0
84	7	303.0121	120.0163	0
84	8	296.6992	149.6895	0
84	9	596.2189	112.9813	0
84	10	184.0193	131.8851	0
84	11	588.8552	90.98328	0
84	12	529.5627	97.38196	0
84	13	346.1749	104.6784	0
84	14	534.0039	106.9309	0
84	15	554.8894	101.4748	0
84	16	416.0159	117.6453	0
84	17	489.6678	107.0076	0
84	18	535.2584	100.1566	0
84	19	219.4874	148.3995	0
84	20	368.827	124.4922	0
84	21	-68.35988	150.5405	0
84	22	-10.99968	138.5994	0
84	23	394.1948	114.8709	0
84	24	543.6805	100.6197	0
84	25	252.9513	144.691	0
84	26	522.5954	110.0923	0
84	27	576.6968	120.4757	0
84	28	13.66966	125.4258	0
84	29	518.8717	88.65186	0
84	30	488.2808	98.13098	0
84	31	137.5444	149.8543	0
84	32	558.3548	92.74478	0
84	33	576.916	101.6182	0
84	34	267.165	103.7515	0
84	35	-144.6738	186.7212	0
84	36	254.7438	124.3838	0
84	37	348.9088	111.3617	0
84	38	178.9274	166.8687	0
84	39	514.2615	93.54559	0
84	40	617.2956	104.7538	0
84	41	307.8836	121.5082	0
84	42	270.1748	129.3283	0
84	43	361.7384	115.2773	0
85	1	313.188	102.1965	0
85	2	572.5502	110.0323	0
85	3	312.3028	101.8879	0
85	4	384.6319	103.093	0
85	5	100.4159	146.4258	0
85	6	434.1392	126.3055	0
85	7	302.9819	120.0078	0
85	8	296.6773	149.7201	0
85	9	596.2198	112.9799	0
85	10	184.0249	131.8848	0
85	11	588.8635	90.98367	0
85	12	529.5568	97.37848	0
85	13	346.1819	104.6775	0
85	14	534.0119	106.9309	0
85	15	554.8883	101.4755	0
85	16	416.0067	117.6492	0
85	17	489.6729	107.0089	0
85	18	535.2596	100.1555	0
85	19	219.4942	148.3999	0
85	20	368.8792	124.493	0
85	21	-68.46053	150.5552	0
85	22	-11.03264	138.6083	0
85	23	394.1959	114.8725	0
85	24	543.6958	100.627	0
85	25	252.9671	144.6909	0
85	26	522.6052	110.093	0
85	27	576.6499	120.4629	0
85	28	13.66188	125.4284	0
85	29	518.8757	88.65302	0
85	30	488.2955	98.13657	0
85	31	137.6304	149.833	0
85	32	558.3593	92.745	0
85	33	576.8951	101.6135	0
85	34	267.2024	103.7485	0
85	35	-144.5864	186.6818	0
85	36	254.7415	124.3869	0
85	37	348.9083	111.3727	0
85	38	178.849	166.9214	0
85	39	514.2538	93.54517	0
85	40	617.3065	104.7561	0
85	41	307.8894	121.5088	0
85	42	270.1837	129.3289	0
85	43	361.7592	115.2706	0
86	1	313.1888	102.1984	0
86	2	572.5549	110.033	0
86	3	312.3146	101.8873	0
86	4	384.6154	103.0889	0
86	5	100.4177	146.4134	0
86	6	434.1313	126.3177	0
86	7	302.9517	119.9995	0
86	8	296.6489	149.7517	0
86	9	596.2218	112.9794	0
86	10	184.0321	131.885	0
86	11	588.8709	90.98447	0
86	12	529.546	97.3757	0
86	13	346.189	104.6772	0
86	14	534.0206	106.9304	0
86	15	554.8909	101.4765	0
86	16	415.9985	117.6498	0
86	17	489.6794	107.0093	0
86	18	535.2614	100.1546	0
86	19	219.5042	148.3999	0
86	20	368.9297	124.4913	0
86	21	-68.52039	150.5618	0
86	22	-11.10154	138.6243	0
86	23	394.198	114.8742	0
86	24	543.7032	100.6304	0
86	25	252.9824	144.6911	0
86	26	522.6149	110.0933	0
86	27	576.6067	120.4507	0
86	28	13.65122	125.4308	0
86	29	518.8802	88.6546	0
86	30	488.3098	98.1431	0
86	31	137.703	149.8124	0
86	32	558.3638	92.745	0
86	33	576.8692	101.6078	0
86	34	267.2373	103.7442	0
86	35	-144.5115	186.6476	0
86	36	254.7318	124.3924	0
86	37	348.9055	111.3856	0
86	38	178.7599	166.977	0
86	39	514.2541	93.54599	0
86	40	617.3051	104.7561	0
86	41	307.8947	121.5089	0
86	42	270.1859	129.3313	0
86	43	361.7732	115.263	0
87	1	313.1922	102.1996	0
87	2	572.56	110.0348	0
87	3	312.3246	101.8876	0
87	4	384.5959	103.0851	0
87	5	100.41	146.4017	0
87	6	434.121	126.3229	0
87	7	302.9246	119.9929	0
87	8	296.6129	149.7788	0
87	9	596.2261	112.9797	0
87	10	184.0434	131.8849	0
87	11	588.878	90.98477	0
87	12	529.5352	97.37262	0
87	13	346.1955	104.6775	0
87	14	534.0301	106.9301	0
87	15	554.8941	101.4778	0
87	16	416.0004	117.6482	0
87	17	489.6869	107.0099	0
87	18	535.2646	100.1537	0
87	19	219.5156	148.3999	0
87	20	368.9734	124.4859	0
87	21	-68.53474	150.5606	0
87	22	-11.1933	138.6465	0
87	23	394.201	114.8756	0
87	24	543.7042	100.6313	0
87	25	252.9973	144.692	0
87	26	522.6249	110.0928	0
87	27	576.5618	120.4388	0
87	28	13.64094	125.4335	0
87	29	518.8864	88.65701	0
87	30	488.3225	98.15039	0
87	31	137.7693	149.7909	0
87	32	558.3685	92.74466	0
87	33	576.8438	101.602	0
87	34	267.2687	103.7382	0
87	35	-144.451	186.6161	0
87	36	254.7163	124.4011	0
87	37	348.8994	111.3997	0
87	38	178.6606	167.0294	0
87	39	514.2571	93.54721	0
87	40	617.3072	104.7551	0
87	41	307.9003	121.5085	0
87	42	270.1811	129.3358	0
87	43	361.779	115.2562	0
88	1	313.1992	102.2001	0
88	2	572.5687	110.0379	0
88	3	312.3319	101.8888	0
88	4	384.5732	103.0812	0
88	5	100.3977	146.3905	0
88	6	434.1085	126.3222	0
88	7	302.903	119.9879	0
88	8	296.5757	149.7962	0
88	9	596.2307	112.981	0
88	10	184.0558	131.8849	0
88	11	588.8849	90.98486	0
88	12	529.5175	97.36823	0
88	13	346.1999	104.6784	0
88	14	534.0403	106.9299	0
88	15	554.8984	101.4793	0
88	16	416.0319	117.6482	0
88	17	489.6937	107.0109	0
88	18	535.2678	100.1529	0
88	19	219.5268	148.4	0
88	20	369.0103	124.4777	0
88	21	-68.49881	150.5593	0
88	22	-11.30292	138.6741	0
88	23	394.2059	114.8761	0
88	24	543.6976	100.6304	0
88	25	253.0123	144.6889	0
88	26	522.6356	110.0923	0
88	27	576.515	120.4281	0
88	28	13.63516	125.4355	0
88	29	518.8953	88.66098	0
88	30	488.3321	98.15747	0
88	31	137.8221	149.7695	0
88	32	558.3737	92.74435	0
88	33	576.8191	101.5967	0
88	34	267.2926	103.7321	0
88	35	-144.4068	186.5867	0
88	36	254.6994	124.4124	0
88	37	348.8887	111.4138	0
88	38	178.5596	167.0678	0
88	39	514.2606	93.54868	0
88	40	617.3339	104.7552	0
88	41	307.9064	121.5085	0
88	42	270.1679	129.3439	0
88	43	361.7835	115.2488	0
89	1	313.2075	102.2011	0
89	2	572.5814	110.0435	0
89	3	312.3336	101.8909	0
89	4	384.5526	103.0773	0
89	5	100.3849	146.3809	0
89	6	434.1282	126.3209	0
89	7	302.8895	119.9852	0
89	8	296.5485	149.8042	0
89	9	596.2377	112.9834	0
89	10	184.0685	131.885	0
89	11	588.8922	90.98434	0
89	12	529.495	97.36276	0
89	13	346.2009	104.68	0
89	14	534.0505	106.9298	0
89	15	554.9033	101.4808	0
89	16	416.0599	117.6469	0
89	17	489.7001	107.0114	0
89	18	535.2717	100.153	0
89	19	219.5379	148.4	0
89	20	369.0399	124.4672	0
89	21	-68.43933	150.5573	0
89	22	-11.42219	138.7032	0
89	23	394.2122	114.8768	0
89	24	543.713	100.6304	0
89	25	253.0275	144.6847	0
89	26	522.6479	110.0923	0
89	27	576.4682	120.4192	0
89	28	13.63407	125.4363	0
89	29	518.9099	88.66605	0
89	30	488.3368	98.16226	0
89	31	137.8532	149.7438	0
89	32	558.3793	92.74417	0
89	33	576.793	101.5916	0
89	34	267.3115	103.7265	0
89	35	-144.3815	186.5584	0
89	36	254.6818	124.4243	0
89	37	348.8722	111.4244	0
89	38	178.482	167.0889	0
89	39	514.2653	93.55029	0
89	40	617.3523	104.7543	0
89	41	307.9147	121.5085	0
89	42	270.1521	129.3551	0
89	43	361.7765	115.2396	0
90	1	313.2149	102.2019	0
90	2	572.6006	110.0515	0
90	3	312.3303	101.8942	0
90	4	384.535	103.0743	0
90	5	100.3706	146.3738	0
90	6	434.1711	126.32	0
90	7	302.8845	119.9856	0
90	8	296.5335	149.8039	0
90	9	596.2493	112.9876	0
90	10	184.0812	131.885	0
90	11	588.9001	90.9838	0
90	12	529.4732	97.35736	0
90	13	346.1991	104.6827	0
90	14	534.0607	106.9297	0
90	15	554.9094	101.4821	0
90	16	416.082	117.6434	0
90	17	489.7063	107.0114	0
90	18	535.2768	100.1537	0
90	19	219.5498	148.3972	0
90	20	369.0602	124.4545	0
90	21	-68.37066	150.552	0
90	22	-11.55746	138.7381	0
90	23	394.218	114.8778	0
90	24	543.7341	100.6304	0
90	25	253.0428	144.6811	0
90	26	522.6597	110.0921	0
90	27	576.4229	120.4109	0
90	28	13.63793	125.4375	0
90	29	518.929	88.67102	0
90	30	488.3369	98.16415	0
90	31	137.87	149.7166	0
90	32	558.3846	92.74411	0
90	33	576.7661	101.5875	0
90	34	267.3252	103.7206	0
90	35	-144.3657	186.5323	0
90	36	254.6644	124.4377	0
90	37	348.8545	111.4296	0
90	38	178.4441	167.0953	0
90	39	514.2701	93.55161	0
90	40	617.3586	104.7517	0
90	41	307.9247	121.5084	0
90	42	270.1361	129.3689	0
90	43	361.7609	115.2287	0
91	1	313.2218	102.2025	0
91	2	572.6298	110.0615	0
91	3	312.3207	101.8999	0
91	4	384.5221	103.0721	0
91	5	100.3599	146.3693	0
91	6	434.2078	126.3166	0
91	7	302.8842	119.9873	0
91	8	296.5574	149.802	0
91	9	596.2665	112.9943	0
91	10	184.0958	131.8824	0
91	11	588.909	90.98355	0
91	12	529.452	97.35236	0
91	13	346.1946	104.6872	0
91	14	534.0699	106.9303	0
91	15	554.9158	101.4833	0
91	16	416.0991	117.6386	0
91	17	489.713	107.0109	0
91	18	535.2815	100.1553	0
91	19	219.5623	148.394	0
91	20	369.0675	124.4434	0
91	21	-68.29268	150.5432	0
91	22	-11.70841	138.7775	0
91	23	394.2233	114.8783	0
91	24	543.749	100.6292	0
91	25	253.0605	144.6775	0
91	26	522.6727	110.0921	0
91	27	576.3746	120.4033	0
91	28	13.64115	125.4388	0
91	29	518.9528	88.67636	0
91	30	488.3347	98.16458	0
91	31	137.8891	149.6905	0
91	32	558.3902	92.74405	0
91	33	576.7405	101.584	0
91	34	267.327	103.7122	0
91	35	-144.3657	186.5135	0
91	36	254.6436	124.4539	0
91	37	348.8416	111.4313	0
91	38	178.4528	167.0899	0
91	39	514.2766	93.55304	0
91	40	617.356	104.7479	0
91	41	307.9344	121.5084	0
91	42	270.1213	129.3833	0
91	43	361.7445	115.2178	0
92	1	313.2283	102.2021	0
92	2	572.6669	110.0717	0
92	3	312.3106	101.9077	0
92	4	384.5151	103.0711	0
92	5	100.3542	146.3686	0
92	6	434.2349	126.3101	0
92	7	302.8847	119.9895	0
92	8	296.6063	149.8001	0
92	9	596.2925	113.0031	0
92	10	184.111	131.8795	0
92	11	588.9168	90.98346	0
92	12	529.4293	97.34766	0
92	13	346.191	104.6931	0
92	14	534.0737	106.9294	0
92	15	554.9231	101.4839	0
92	16	416.1104	117.6322	0
92	17	489.7203	107.0107	0
92	18	535.2878	100.1577	0
92	19	219.5748	148.3914	0
92	20	369.0742	124.4314	0
92	21	-68.20992	150.5319	0
92	22	-11.87114	138.8199	0
92	23	394.2285	114.8784	0
92	24	543.756	100.627	0
92	25	253.0818	144.6734	0
92	26	522.6838	110.0927	0
92	27	576.3224	120.3956	0
92	28	13.64405	125.4396	0
92	29	518.9782	88.6835	0
92	30	488.3276	98.16354	0
92	31	137.9062	149.6651	0
92	32	558.3951	92.74432	0
92	33	576.7137	101.5806	0
92	34	267.3208	103.7026	0
92	35	-144.3725	186.5002	0
92	36	254.6188	124.4718	0
92	37	348.8319	111.4298	0
92	38	178.5318	167.0883	0
92	39	514.2833	93.5542	0
92	40	617.3438	104.7427	0
92	41	307.9437	121.509	0
92	42	270.1048	129.4008	0
92	43	361.7294	115.2077	0
93	1	313.2353	102.2014	0
93	2	572.7105	110.0841	0
93	3	312.3018	101.9168	0
93	4	384.5136	103.0716	0
93	5	100.3522	146.3702	0
93	6	434.2546	126.3015	0
93	7	302.8849	119.9922	0
93	8	296.6536	149.7948	0
93	9	596.3258	113.0125	0
93	10	184.1263	131.8773	0
93	11	588.9255	90.98337	0
93	12	529.4055	97.34393	0
93	13	346.1887	104.6995	0
93	14	534.075	106.9279	0
93	15	554.9312	101.4844	0
93	16	416.1153	117.6256	0
93	17	489.7286	107.0106	0
93	18	535.2965	100.1618	0
93	19	219.59	148.3886	0
93	20	369.0662	124.4174	0
93	21	-68.12621	150.5179	0
93	22	-12.04499	138.862	0
93	23	394.234	114.878	0
93	24	543.7571	100.6239	0
93	25	253.0998	144.6716	0
93	26	522.6904	110.0922	0
93	27	576.2746	120.3882	0
93	28	13.64627	125.4397	0
93	29	519.0023	88.69159	0
93	30	488.3449	98.16391	0
93	31	137.9179	149.6415	0
93	32	558.3975	92.74414	0
93	33	576.6844	101.5772	0
93	34	267.3159	103.6932	0
93	35	-144.3819	186.4943	0
93	36	254.5889	124.4906	0
93	37	348.8575	111.4299	0
93	38	178.6165	167.0809	0
93	39	514.2918	93.55429	0
93	40	617.3241	104.7373	0
93	41	307.9519	121.5077	0
93	42	270.0839	129.4205	0
93	43	361.7115	115.198	0
94	1	313.2435	102.2011	0
94	2	572.7549	110.0986	0
94	3	312.2952	101.926	0
94	4	384.5147	103.0725	0
94	5	100.3504	146.3728	0
94	6	434.2653	126.2903	0
94	7	302.8841	119.9952	0
94	8	296.6968	149.7856	0
94	9	596.3657	113.0225	0
94	10	184.1448	131.8747	0
94	11	588.9328	90.9837	0
94	12	529.3829	97.3407	0
94	13	346.1879	104.706	0
94	14	534.0768	106.9266	0
94	15	554.9389	101.4853	0
94	16	416.1141	117.6193	0
94	17	489.7369	107.0104	0
94	18	535.3099	100.1678	0
94	19	219.6068	148.3859	0
94	20	369.0446	124.4008	0
94	21	-68.05212	150.5051	0
94	22	-12.21853	138.8945	0
94	23	394.2402	114.8779	0
94	24	543.7517	100.6196	0
94	25	253.1158	144.6715	0
94	26	522.6921	110.0902	0
94	27	576.2361	120.3826	0
94	28	13.64847	125.4394	0
94	29	519.0236	88.70032	0
94	30	488.3615	98.16391	0
94	31	137.9241	149.6215	0
94	32	558.3978	92.74356	0
94	33	576.6563	101.5738	0
94	34	267.3109	103.6843	0
94	35	-144.3893	186.496	0
94	36	254.5536	124.5072	0
94	37	348.8896	111.4295	0
94	38	178.7013	167.0658	0
94	39	514.301	93.55481	0
94	40	617.2993	104.7325	0
94	41	307.9598	121.5058	0
94	42	270.0583	129.4418	0
94	43	361.6917	115.1899	0
95	1	313.2542	102.2011	0
95	2	572.7972	110.1144	0
95	3	312.2874	101.9377	0
95	4	384.516	103.0737	0
95	5	100.3471	146.3759	0
95	6	434.266	126.2802	0
95	7	302.8826	119.998	0
95	8	296.736	149.7736	0
95	9	596.4095	113.0352	0
95	10	184.165	131.8725	0
95	11	588.9364	90.98358	0
95	12	529.3589	97.33755	0
95	13	346.1866	104.7145	0
95	14	534.0803	106.9254	0
95	15	554.9458	101.4857	0
95	16	416.1107	117.6126	0
95	17	489.7454	107.0104	0
95	18	535.3305	100.1754	0
95	19	219.6201	148.385	0
95	20	369.0196	124.3839	0
95	21	-67.97915	150.4913	0
95	22	-12.35946	138.9129	0
95	23	394.2475	114.8778	0
95	24	543.74	100.6161	0
95	25	253.1226	144.6742	0
95	26	522.6942	110.0884	0
95	27	576.2084	120.3784	0
95	28	13.65164	125.4394	0
95	29	519.0387	88.70761	0
95	30	488.3739	98.16287	0
95	31	137.924	149.6031	0
95	32	558.3984	92.7431	0
95	33	576.6326	101.571	0
95	34	267.3031	103.6762	0
95	35	-144.4015	186.5013	0
95	36	254.5174	124.5174	0
95	37	348.9184	111.4273	0
95	38	178.7859	167.0453	0
95	39	514.3095	93.55576	0
95	40	617.2736	104.7273	0
95	41	307.9678	121.5041	0
95	42	270.027	129.4628	0
95	43	361.6712	115.183	0
96	1	313.2665	102.201	0
96	2	572.8351	110.1305	0
96	3	312.2758	101.951	0
96	4	384.5176	103.075	0
96	5	100.3412	146.3797	0
96	6	434.2615	126.2692	0
96	7	302.8827	120.0007	0
96	8	296.7692	149.7585	0
96	9	596.4523	113.0492	0
96	10	184.1807	131.872	0
96	11	588.9362	90.98276	0
96	12	529.332	97.33444	0
96	13	346.183	104.724	0
96	14	534.0834	106.9242	0
96	15	554.9527	101.486	0
96	16	416.0974	117.6039	0
96	17	489.7531	107.0109	0
96	18	535.3561	100.1823	0
96	19	219.6302	148.3855	0
96	20	368.9977	124.3681	0
96	21	-67.91989	150.4772	0
96	22	-12.43744	138.9203	0
96	23	394.2556	114.8777	0
96	24	543.7274	100.6124	0
96	25	253.1172	144.6806	0
96	26	522.6978	110.087	0
96	27	576.1934	120.3763	0
96	28	13.65859	125.4394	0
96	29	519.0461	88.71085	0
96	30	488.3818	98.16125	0
96	31	137.9147	149.5858	0
96	32	558.3997	92.74268	0
96	33	576.6149	101.5686	0
96	34	267.2929	103.6697	0
96	35	-144.4153	186.5078	0
96	36	254.4904	124.5219	0
96	37	348.9433	111.4236	0
96	38	178.868	167.0191	0
96	39	514.3175	93.55609	0
96	40	617.2384	104.7201	0
96	41	307.9773	121.5025	0
96	42	269.9904	129.4787	0
96	43	361.6476	115.1761	0
97	1	313.2781	102.2012	0
97	2	572.8627	110.1429	0
97	3	312.2598	101.9655	0
97	4	384.5186	103.0764	0
97	5	100.3318	146.3835	0
97	6	434.2502	126.2579	0
97	7	302.8855	120.0027	0
97	8	296.7923	149.7444	0
97	9	596.4926	113.0642	0
97	10	184.1919	131.873	0
97	11	588.9362	90.98203	0
97	12	529.3062	97.33127	0
97	13	346.1764	104.7344	0
97	14	534.0875	106.924	0
97	15	554.9598	101.4856	0
97	16	416.0774	117.5942	0
97	17	489.7571	107.0102	0
97	18	535.3869	100.191	0
97	19	219.632	148.3882	0
97	20	368.972	124.3527	0
97	21	-67.87402	150.4605	0
97	22	-12.44968	138.9162	0
97	23	394.2637	114.8777	0
97	24	543.7103	100.6082	0
97	25	253.0996	144.6924	0
97	26	522.7021	110.0853	0
97	27	576.1901	120.377	0
97	28	13.66921	125.4392	0
97	29	519.0469	88.71149	0
97	30	488.3856	98.159	0
97	31	137.8936	149.569	0
97	32	558.401	92.74225	0
97	33	576.6041	101.5673	0
97	34	267.2812	103.6638	0
97	35	-144.436	186.5161	0
97	36	254.4767	124.5221	0
97	37	348.9643	111.4187	0
97	38	178.9383	166.9908	0
97	39	514.3253	93.55597	0
97	40	617.1978	104.7117	0
97	41	307.9886	121.5008	0
97	42	269.9568	129.4872	0
97	43	361.6186	115.1696	0
98	1	313.2889	102.2017	0
98	2	572.8777	110.149	0
98	3	312.2381	101.9793	0
98	4	384.52	103.0776	0
98	5	100.3227	146.3878	0
98	6	434.2249	126.2436	0
98	7	302.8923	120.0037	0
98	8	296.8112	149.7293	0
98	9	596.5251	113.0774	0
98	10	184.1925	131.8759	0
98	11	588.9374	90.98148	0
98	12	529.2845	97.32855	0
98	13	346.1656	104.7437	0
98	14	534.0934	106.9245	0
98	15	554.9677	101.4851	0
98	16	416.0584	117.5847	0
98	17	489.7593	107.0089	0
98	18	535.4184	100.2016	0
98	19	219.6243	148.394	0
98	20	368.9432	124.3394	0
98	21	-67.83683	150.4432	0
98	22	-12.37739	138.9161	0
98	23	394.2712	114.8781	0
98	24	543.6857	100.6021	0
98	25	253.0741	144.7101	0
98	26	522.707	110.0846	0
98	27	576.1935	120.3787	0
98	28	13.67972	125.4392	0
98	29	519.0419	88.71097	0
98	30	488.3853	98.15598	0
98	31	137.8707	149.5531	0
98	32	558.4027	92.74228	0
98	33	576.6002	101.5673	0
98	34	267.2653	103.6583	0
98	35	-144.4665	186.526	0
98	36	254.4879	124.5206	0
98	37	348.98	111.4124	0
98	38	178.996	166.9642	0
98	39	514.3336	93.5553	0
98	40	617.1599	104.7036	0
98	41	307.9985	121.5002	0
98	42	269.9361	129.4905	0
98	43	361.5891	115.1631	0
99	1	313.2984	102.2002	0
99	2	572.8818	110.1512	0
99	3	312.211	101.9882	0
99	4	384.5223	103.0786	0
99	5	100.3181	146.3911	0
99	6	434.1927	126.2282	0
99	7	302.901	120.0051	0
99	8	296.8211	149.7142	0
99	9	596.5466	113.0853	0
99	10	184.1811	131.8816	0
99	11	588.9387	90.9809	0
99	12	529.2682	97.32639	0
99	13	346.1513	104.7493	0
99	14	534.0985	106.9261	0
99	15	554.9764	101.4849	0
99	16	416.0395	117.5756	0
99	17	489.7619	107.0078	0
99	18	535.4479	100.2133	0
99	19	219.6059	148.4043	0
99	20	368.9138	124.3284	0
99	21	-67.79765	150.4269	0
99	22	-12.28073	138.913	0
99	23	394.2766	114.8772	0
99	24	543.6588	100.5956	0
99	25	253.0474	144.7326	0
99	26	522.7135	110.0849	0
99	27	576.1982	120.3807	0
99	28	13.69091	125.4397	0
99	29	519.0457	88.7103	0
99	30	488.3797	98.15366	0
99	31	137.8463	149.5413	0
99	32	558.4055	92.74261	0
99	33	576.6014	101.568	0
99	34	267.2433	103.6527	0
99	35	-144.5043	186.5365	0
99	36	254.5264	124.5203	0
99	37	348.9879	111.4071	0
99	38	179.0464	166.9381	0
99	39	514.3424	93.55484	0
99	40	617.1212	104.6959	0
99	41	308.0079	121.5005	0
99	42	269.9266	129.4882	0
99	43	361.5632	115.1577	0
100	1	313.3079	102.1985	0
100	2	572.8725	110.15	0
100	3	312.1858	101.9917	0
100	4	384.5262	103.0792	0
100	5	100.3189	146.3926	0
100	6	434.1642	126.2137	0
100	7	302.9088	120.0063	0
100	8	296.8167	149.6961	0
100	9	596.5555	113.0885	0
100	10	184.1562	131.8916	0
100	11	588.9406	90.98087	0
100	12	529.2584	97.32507	0
100	13	346.1383	104.7515	0
100	14	534.1048	106.9286	0
100	15	554.9846	101.4848	0
100	16	416.0184	117.5671	0
100	17	489.7657	107.0069	0
100	18	535.4736	100.2252	0
100	19	219.5827	148.4186	0
100	20	368.8807	124.3174	0
100	21	-67.76119	150.4108	0
100	22	-12.17318	138.9041	0
100	23	394.2809	114.8758	0
100	24	543.6343	100.5896	0
100	25	253.0208	144.7572	0
100	26	522.7191	110.0865	0
100	27	576.2045	120.3831	0
100	28	13.70715	125.4381	0
100	29	519.0705	88.71082	0
100	30	488.3739	98.15094	0
100	31	137.8254	149.5327	0
100	32	558.4081	92.74341	0
100	33	576.604	101.569	0
100	34	267.2216	103.647	0
100	35	-144.535	186.5461	0
100	36	254.5653	124.5182	0
100	37	348.9948	111.4012	0
100	38	179.0733	166.9082	0
100	39	514.3522	93.55463	0
100	40	617.0811	104.6889	0
100	41	308.0126	121.5021	0
100	42	269.9632	129.4884	0
100	43	361.5424	115.1535	0
101	1	313.3176	102.1974	0
101	2	572.8941	110.1498	0
101	3	312.1705	101.9925	0
101	4	384.5318	103.0796	0
101	5	100.3249	146.3942	0
101	6	434.1337	126.1996	0
101	7	302.916	120.0072	0
101	8	296.8045	149.6772	0
101	9	596.5523	113.0887	0
101	10	184.125	131.9053	0
101	11	588.9442	90.98138	0
101	12	529.2549	97.32516	0
101	13	346.1298	104.7517	0
101	14	534.1138	106.9332	0
101	15	554.9936	101.4847	0
101	16	415.996	117.5601	0
101	17	489.7696	107.0059	0
101	18	535.4909	100.2342	0
101	19	219.5571	148.4364	0
101	20	368.8403	124.3071	0
101	21	-67.72823	150.3963	0
101	22	-12.05429	138.8907	0
101	23	394.2857	114.8746	0
101	24	543.6085	100.5838	0
101	25	252.9931	144.7856	0
101	26	522.7253	110.0893	0
101	27	576.2116	120.3859	0
101	28	13.72555	125.4359	0
101	29	519.0903	88.71063	0
101	30	488.3633	98.14743	0
101	31	137.8112	149.5287	0
101	32	558.4116	92.74448	0
101	33	576.6072	101.5701	0
101	34	267.2017	103.6426	0
101	35	-144.5534	186.5528	0
101	36	254.6023	124.5136	0
101	37	348.9935	111.3944	0
101	38	179.083	166.8759	0
101	39	514.3621	93.5545	0
101	40	617.0405	104.6833	0
101	41	308.0113	121.5052	0
101	42	270.0048	129.487	0
101	43	361.5291	115.151	0
102	1	313.3298	102.196	0
102	2	572.9228	110.1494	0
102	3	312.1639	101.9904	0
102	4	384.5374	103.0803	0
102	5	100.3302	146.3962	0
102	6	434.1003	126.1869	0
102	7	302.923	120.0071	0
102	8	296.7953	149.6592	0
102	9	596.5535	113.0873	0
102	10	184.0896	131.9221	0
102	11	588.9479	90.98254	0
102	12	529.2562	97.32581	0
102	13	346.1302	104.7506	0
102	14	534.1271	106.9402	0
102	15	555.0011	101.485	0
102	16	415.9735	117.5538	0
102	17	489.774	107.0056	0
102	18	535.499	100.2383	0
102	19	219.5315	148.4541	0
102	20	368.7975	124.2971	0
102	21	-67.70145	150.384	0
102	22	-11.92919	138.8735	0
102	23	394.2916	114.8735	0
102	24	543.5809	100.5788	0
102	25	252.959	144.8187	0
102	26	522.7345	110.0941	0
102	27	576.2208	120.3884	0
102	28	13.74384	125.434	0
102	29	519.1022	88.70938	0
102	30	488.3473	98.14285	0
102	31	137.8055	149.5297	0
102	32	558.4171	92.74615	0
102	33	576.6112	101.5713	0
102	34	267.1855	103.639	0
102	35	-144.5557	186.5574	0
102	36	254.6373	124.5074	0
102	37	348.9834	111.3858	0
102	38	179.0914	166.8444	0
102	39	514.3723	93.5545	0
102	40	617.0019	104.6782	0
102	41	308.0046	121.5108	0
102	42	270.0441	129.4828	0
102	43	361.5237	115.151	0
103	1	313.3436	102.1951	0
103	2	572.9418	110.1471	0
103	3	312.2024	101.9912	0
103	4	384.5425	103.0807	0
103	5	100.3349	146.3975	0
103	6	434.0661	126.1763	0
103	7	302.9307	120.0066	0
103	8	296.784	149.6415	0
103	9	596.5808	113.0874	0
103	10	184.0537	131.9385	0
103	11	588.9536	90.98407	0
103	12	529.2584	97.32672	0
103	13	346.156	104.7509	0
103	14	534.1482	106.9491	0
103	15	555.0059	101.4849	0
103	16	415.9482	117.5479	0
103	17	489.7795	107.006	0
103	18	535.4995	100.2394	0
103	19	219.503	148.476	0
103	20	368.7594	124.2882	0
103	21	-67.6808	150.3723	0
103	22	-11.80691	138.8521	0
103	23	394.2982	114.8723	0
103	24	543.554	100.5749	0
103	25	252.9185	144.8541	0
103	26	522.7468	110.1022	0
103	27	576.2305	120.3908	0
103	28	13.7632	125.4322	0
103	29	519.1081	88.70746	0
103	30	488.3303	98.13797	0
103	31	137.802	149.533	0
103	32	558.4248	92.74899	0
103	33	576.6158	101.5723	0
103	34	267.1755	103.637	0
103	35	-144.5514	186.562	0
103	36	254.6688	124.4993	0
103	37	348.9697	111.3766	0
103	38	179.1019	166.8139	0
103	39	514.3813	93.55511	0
103	40	616.9613	104.6733	0
103	41	307.9943	121.5193	0
103	42	270.081	129.4763	0
103	43	361.5237	115.1523	0
104	1	313.3552	102.1953	0
104	2	572.9491	110.1431	0
104	3	312.2405	101.9909	0
104	4	384.5473	103.081	0
104	5	100.3384	146.398	0
104	6	434.0312	126.1664	0
104	7	302.9396	120.0066	0
104	8	296.7695	149.6254	0
104	9	596.6004	113.0861	0
104	10	184.0131	131.9591	0
104	11	588.963	90.98645	0
104	12	529.2611	97.32776	0
104	13	346.1806	104.7504	0
104	14	534.1752	106.9582	0
104	15	555.0065	101.4838	0
104	16	415.9186	117.542	0
104	17	489.7838	107.0073	0
104	18	535.4904	100.2383	0
104	19	219.4693	148.5007	0
104	20	368.7283	124.2816	0
104	21	-67.66837	150.3615	0
104	22	-11.70136	138.8332	0
104	23	394.3045	114.8719	0
104	24	543.5272	100.571	0
104	25	252.8696	144.8907	0
104	26	522.7677	110.1128	0
104	27	576.241	120.3923	0
104	28	13.78695	125.4302	0
104	29	519.1073	88.70456	0
104	30	488.3146	98.13354	0
104	31	137.7985	149.5371	0
104	32	558.4371	92.75259	0
104	33	576.6215	101.5734	0
104	34	267.1721	103.6375	0
104	35	-144.5484	186.5655	0
104	36	254.6933	124.4914	0
104	37	348.9583	111.3681	0
104	38	179.1065	166.7849	0
104	39	514.3859	93.55463	0
104	40	616.9175	104.6685	0
104	41	307.985	121.5302	0
104	42	270.115	129.4679	0
104	43	361.525	115.154	0
105	1	313.3648	102.1964	0
105	2	572.9471	110.1377	0
105	3	312.2748	101.9884	0
105	4	384.552	103.0807	0
105	5	100.3421	146.398	0
105	6	433.9915	126.1572	0
105	7	302.9512	120.0065	0
105	8	296.7528	149.6117	0
105	9	596.6089	113.0829	0
105	10	183.9662	131.9825	0
105	11	588.9766	90.99042	0
105	12	529.2645	97.32889	0
105	13	346.202	104.7484	0
105	14	534.2083	106.9684	0
105	15	555.0074	101.4828	0
105	16	415.89	117.5362	0
105	17	489.7878	107.0094	0
105	18	535.5079	100.2382	0
105	19	219.4305	148.5272	0
105	20	368.7074	124.2773	0
105	21	-67.66408	150.3509	0
105	22	-11.59909	138.8141	0
105	23	394.3111	114.8723	0
105	24	543.4976	100.5674	0
105	25	252.8123	144.9218	0
105	26	522.7971	110.1247	0
105	27	576.2525	120.3933	0
105	28	13.80577	125.4296	0
105	29	519.1007	88.70187	0
105	30	488.2976	98.12921	0
105	31	137.7929	149.5422	0
105	32	558.4531	92.75635	0
105	33	576.6271	101.5742	0
105	34	267.1721	103.6386	0
105	35	-144.5464	186.5688	0
105	36	254.7132	124.4833	0
105	37	348.9448	111.3598	0
105	38	179.1057	166.7592	0
105	39	514.3875	93.55356	0
105	40	616.877	104.6636	0
105	41	307.977	121.5419	0
105	42	270.1434	129.4574	0
105	43	361.5262	115.156	0
106	1	313.3682	102.1985	0
106	2	572.9355	110.1303	0
106	3	312.3057	101.9847	0
106	4	384.5573	103.0802	0
106	5	100.3464	146.3984	0
106	6	433.947	126.1479	0
106	7	302.9644	120.0063	0
106	8	296.7336	149.5989	0
106	9	596.6088	113.0784	0
106	10	183.9131	132.0077	0
106	11	588.9975	90.99557	0
106	12	529.2682	97.3298	0
106	13	346.2206	104.7456	0
106	14	534.2434	106.9812	0
106	15	555.0092	101.482	0
106	16	415.8654	117.5316	0
106	17	489.7927	107.0131	0
106	18	535.5338	100.2382	0
106	19	219.3857	148.5535	0
106	20	368.6977	124.2766	0
106	21	-67.66287	150.3412	0
106	22	-11.52134	138.7928	0
106	23	394.3152	114.8735	0
106	24	543.4667	100.5637	0
106	25	252.7558	144.9413	0
106	26	522.8344	110.1376	0
106	27	576.2637	120.3947	0
106	28	13.82025	125.43	0
106	29	519.0892	88.69919	0
106	30	488.2795	98.12567	0
106	31	137.7831	149.5481	0
106	32	558.4725	92.76022	0
106	33	576.6337	101.5745	0
106	34	267.1726	103.6402	0
106	35	-144.5463	186.5703	0
106	36	254.7278	124.475	0
106	37	348.9293	111.3527	0
106	38	179.1003	166.7366	0
106	39	514.3895	93.55267	0
106	40	616.8442	104.6597	0
106	41	307.9698	121.5554	0
106	42	270.1623	129.4483	0
106	43	361.5273	115.1584	0
107	1	313.3656	102.202	0
107	2	572.9149	110.1241	0
107	3	312.3326	101.9796	0
107	4	384.5634	103.0801	0
107	5	100.3549	146.3988	0
107	6	433.906	126.1391	0
107	7	302.9771	120.0064	0
107	8	296.7085	149.587	0
107	9	596.5995	113.0724	0
107	10	183.8534	132.0323	0
107	11	589.025	91.00107	0
107	12	529.273	97.33075	0
107	13	346.2357	104.7419	0
107	14	534.2766	106.9953	0
107	15	555.0115	101.4811	0
107	16	415.8467	117.5281	0
107	17	489.7998	107.0188	0
107	18	535.5526	100.2369	0
107	19	219.3368	148.5741	0
107	20	368.6971	124.2782	0
107	21	-67.66799	150.3342	0
107	22	-11.46381	138.7678	0
107	23	394.3166	114.8759	0
107	24	543.4391	100.5601	0
107	25	252.7166	144.9501	0
107	26	522.8746	110.1535	0
107	27	576.2737	120.3956	0
107	28	13.82404	125.4319	0
107	29	519.0757	88.69611	0
107	30	488.2619	98.12277	0
107	31	137.771	149.554	0
107	32	558.4937	92.76538	0
107	33	576.6401	101.575	0
107	34	267.1725	103.6421	0
107	35	-144.546	186.5715	0
107	36	254.731	124.4644	0
107	37	348.913	111.3469	0
107	38	179.0869	166.7151	0
107	39	514.393	93.55188	0
107	40	616.8204	104.6566	0
107	41	307.9596	121.5714	0
107	42	270.1807	129.4389	0
107	43	361.5278	115.1604	0
108	1	313.3656	102.202	0
108	2	572.9149	110.1241	0
108	3	312.3326	101.9796	0
108	4	384.5634	103.0801	0
108	5	100.3549	146.3988	0
108	6	433.906	126.1391	0
108	7	302.9771	120.0064	0
108	8	296.7085	149.587	0
108	9	596.5995	113.0724	0
108	10	183.8534	132.0323	0
108	11	589.025	91.00107	0
108	12	529.273	97.33075	0
108	13	346.2357	104.7419	0
108	14	534.2766	106.9953	0
108	15	555.0115	101.4811	0
108	16	415.8467	117.5281	0
108	17	489.7998	107.0188	0
108	18	535.5526	100.2369	0
108	19	219.3368	148.5741	0
108	20	368.6971	124.2782	0
108	21	-67.66799	150.3342	0
108	22	-11.46381	138.7678	0
108	23	394.3166	114.8759	0
108	24	543.4391	100.5601	0
108	25	252.7166	144.9501	0
108	26	522.8746	110.1535	0
108	27	576.2737	120.3956	0
108	28	13.82404	125.4319	0
108	29	519.0757	88.69611	0
108	30	488.2619	98.12277	0
108	31	137.771	149.554	0
108	32	558.4937	92.76538	0
108	33	576.6401	101.575	0
108	34	267.1725	103.6421	0
108	35	-144.546	186.5715	0
108	36	254.731	124.4644	0
108	37	348.913	111.3469	0
108	38	179.0869	166.7151	0
108	39	514.393	93.55188	0
108	40	616.8204	104.6566	0
108	41	307.9596	121.5714	0
108	42	270.1807	129.4389	0
108	43	361.5278	115.1604	0
63	1	311.7929	106.154	0
63	2	572.8834	108.0763	0
63	3	310.6728	105.1041	0
63	4	386.002	97.04953	0
63	5	102.5808	144.6798	0
63	6	433.327	132.3862	0
63	7	305.114	118.8433	0
63	8	297.986	138.2381	0
63	9	594.3224	111.7583	0
63	10	184.7591	136.2847	0
63	11	589.5231	89.67419	0
63	12	530.3944	91.62064	0
63	13	345.7292	100.8612	0
63	14	533.1992	113.4826	0
63	15	555.6171	103.3585	0
63	16	417.0199	114.2583	0
63	17	491.0638	102.7807	0
63	18	535.3011	100.3829	0
63	19	217.2081	131.2247	0
63	20	368.5024	137.5067	0
63	21	-68.16792	145.8507	0
63	22	-9.282072	154.8496	0
63	23	394.9304	107.5538	0
63	24	545.3659	102.0674	0
63	25	255.3015	150.8528	0
63	26	523.3683	110.031	0
63	27	575.148	118.1943	0
63	28	13.58826	120.7366	0
63	29	517.2811	93.47101	0
63	30	488.1784	96.06973	0
63	31	140.0808	153.0039	0
63	32	561.1649	83.65387	0
63	33	578.1987	99.91611	0
63	34	266.84	113.8144	0
63	35	-142.98	198.9297	0
63	36	255.4501	126.2942	0
63	37	348.7592	110.1037	0
63	38	178.8078	171.998	0
63	39	512.9312	97.78369	0
63	40	617.5817	106.338	0
63	41	308.9761	114.2551	0
63	42	271.3551	128.5714	0
63	43	359.4084	119.4225	0
64	1	311.8032	106.1539	0
64	2	572.9234	108.0927	0
64	3	310.663	105.1025	0
64	4	386.0096	97.04868	0
64	5	102.6229	144.6647	0
64	6	433.3222	132.3865	0
64	7	305.1288	118.8335	0
64	8	297.9873	138.2412	0
64	9	594.3309	111.759	0
64	10	184.7557	136.2749	0
64	11	589.5076	89.67093	0
64	12	530.4009	91.62115	0
64	13	345.7189	100.8546	0
64	14	533.2062	113.4789	0
64	15	555.6088	103.3539	0
64	16	417.0252	114.2567	0
64	17	491.0664	102.7821	0
64	18	535.264	100.3784	0
64	19	217.2062	131.2285	0
64	20	368.5132	137.5068	0
64	21	-68.17371	145.8534	0
64	22	-9.200554	154.8315	0
64	23	394.9422	107.5473	0
64	24	545.382	102.0753	0
64	25	255.3009	150.8554	0
64	26	523.3878	110.0414	0
64	27	575.1027	118.1818	0
64	28	13.59169	120.7374	0
64	29	517.2845	93.47183	0
64	30	488.1813	96.07098	0
64	31	140.0102	153.0391	0
64	32	561.1841	83.65829	0
64	33	578.1794	99.91208	0
64	34	266.8529	113.8091	0
64	35	-142.9276	198.9208	0
64	36	255.44	126.2928	0
64	37	348.7418	110.0978	0
64	38	178.799	172.0048	0
64	39	512.9028	97.78006	0
64	40	617.5965	106.3428	0
64	41	308.9749	114.2574	0
64	42	271.3568	128.5732	0
64	43	359.394	119.413	0
65	1	311.8145	106.1538	0
65	2	572.9526	108.1054	0
65	3	310.6598	105.1029	0
65	4	386.0178	97.04828	0
65	5	102.6495	144.6464	0
65	6	433.3235	132.3881	0
65	7	305.129	118.8215	0
65	8	297.9881	138.2452	0
65	9	594.3392	111.7596	0
65	10	184.7481	136.2654	0
65	11	589.4878	89.668	0
65	12	530.4084	91.62152	0
65	13	345.7064	100.8483	0
65	14	533.2065	113.4741	0
65	15	555.5937	103.3501	0
65	16	417.0315	114.2554	0
65	17	491.0695	102.7838	0
65	18	535.2308	100.374	0
65	19	217.2012	131.2327	0
65	20	368.5228	137.5069	0
65	21	-68.18261	145.8568	0
65	22	-9.130676	154.8136	0
65	23	394.9453	107.5419	0
65	24	545.3909	102.0793	0
65	25	255.3004	150.8586	0
65	26	523.4161	110.0536	0
65	27	575.0554	118.1696	0
65	28	13.59438	120.7378	0
65	29	517.289	93.47281	0
65	30	488.1849	96.07297	0
65	31	139.9295	153.0791	0
65	32	561.2094	83.66269	0
65	33	578.1533	99.90643	0
65	34	266.8573	113.8026	0
65	35	-142.8718	198.9128	0
65	36	255.4649	126.2924	0
65	37	348.7214	110.0921	0
65	38	178.793	172.0114	0
65	39	512.8813	97.77707	0
65	40	617.6188	106.3495	0
65	41	308.9748	114.2599	0
65	42	271.3622	128.5742	0
65	43	359.3776	119.4044	0
66	1	311.8252	106.154	0
66	2	572.9689	108.1118	0
66	3	310.6597	105.1041	0
66	4	386.0251	97.04861	0
66	5	102.6665	144.6273	0
66	6	433.3259	132.3903	0
66	7	305.1181	118.8074	0
66	8	297.9871	138.2499	0
66	9	594.3478	111.7593	0
66	10	184.7331	136.2562	0
66	11	589.4665	89.6647	0
66	12	530.4158	91.62219	0
66	13	345.6923	100.8432	0
66	14	533.2004	113.4683	0
66	15	555.5786	103.3458	0
66	16	417.0391	114.2538	0
66	17	491.0735	102.7855	0
66	18	535.2045	100.3706	0
66	19	217.1954	131.2369	0
66	20	368.53	137.5045	0
66	21	-68.19613	145.8607	0
66	22	-9.078879	154.7924	0
66	23	394.9471	107.5358	0
66	24	545.3929	102.0805	0
66	25	255.2993	150.8625	0
66	26	523.4505	110.0652	0
66	27	575.006	118.1587	0
66	28	13.59679	120.7374	0
66	29	517.2938	93.47357	0
66	30	488.1895	96.07632	0
66	31	139.8399	153.1221	0
66	32	561.2397	83.66776	0
66	33	578.1249	99.90027	0
66	34	266.8546	113.7947	0
66	35	-142.8314	198.909	0
66	36	255.5017	126.2916	0
66	37	348.6961	110.0865	0
66	38	178.7926	172.0161	0
66	39	512.8676	97.77518	0
66	40	617.6501	106.3576	0
66	41	308.9771	114.2619	0
66	42	271.3692	128.5756	0
66	43	359.3596	119.3973	0
67	1	311.835	106.1541	0
67	2	572.9731	108.1139	0
67	3	310.6602	105.1056	0
67	4	386.0311	97.04971	0
67	5	102.6861	144.6092	0
67	6	433.3287	132.3929	0
67	7	305.1058	118.7934	0
67	8	297.9853	138.2544	0
67	9	594.3572	111.7589	0
67	10	184.7156	136.2474	0
67	11	589.4362	89.65939	0
67	12	530.4225	91.62259	0
67	13	345.6776	100.8389	0
67	14	533.1873	113.4633	0
67	15	555.5558	103.3401	0
67	16	417.0467	114.2532	0
67	17	491.0777	102.787	0
67	18	535.1862	100.3682	0
67	19	217.1928	131.2406	0
67	20	368.5372	137.5018	0
67	21	-68.2132	145.8647	0
67	22	-9.040041	154.7698	0
67	23	394.9404	107.5287	0
67	24	545.3885	102.0801	0
67	25	255.296	150.8669	0
67	26	523.4904	110.0802	0
67	27	574.9571	118.1498	0
67	28	13.59978	120.7372	0
67	29	517.2997	93.4736	0
67	30	488.1976	96.08075	0
67	31	139.7407	153.165	0
67	32	561.2713	83.67432	0
67	33	578.099	99.89459	0
67	34	266.8503	113.7868	0
67	35	-142.8069	198.9092	0
67	36	255.5377	126.2886	0
67	37	348.6702	110.081	0
67	38	178.7995	172.019	0
67	39	512.8622	97.77512	0
67	40	617.6871	106.3651	0
67	41	308.9827	114.2626	0
67	42	271.3754	128.5767	0
67	43	359.3411	119.3907	0
68	1	311.8376	106.1536	0
68	2	572.9722	108.114	0
68	3	310.6603	105.1061	0
68	4	386.0323	97.05011	0
68	5	102.6918	144.6039	0
68	6	433.3297	132.3937	0
68	7	305.1031	118.7894	0
68	8	297.9851	138.2558	0
68	9	594.36	111.7588	0
68	10	184.7106	136.2448	0
68	11	589.4259	89.65756	0
68	12	530.4244	91.62277	0
68	13	345.6728	100.8375	0
68	14	533.184	113.4617	0
68	15	555.5477	103.3381	0
68	16	417.0487	114.2532	0
68	17	491.0793	102.7876	0
68	18	535.1826	100.3676	0
68	19	217.1929	131.2417	0
68	20	368.5394	137.5012	0
68	21	-68.21817	145.8659	0
68	22	-9.029004	154.7632	0
68	23	394.9362	107.5261	0
68	24	545.3854	102.0796	0
68	25	255.2948	150.868	0
68	26	523.5024	110.0852	0
68	27	574.9431	118.1474	0
68	28	13.60105	120.7372	0
68	29	517.3017	93.47369	0
68	30	488.2008	96.08224	0
68	31	139.7096	153.1767	0
68	32	561.2806	83.67639	0
68	33	578.0909	99.89291	0
68	34	266.8497	113.7846	0
68	35	-142.8053	198.9103	0
68	36	255.5482	126.2873	0
68	37	348.663	110.0793	0
68	38	178.8025	172.0197	0
68	39	512.8622	97.77536	0
68	40	617.6998	106.3678	0
68	41	308.9852	114.2629	0
68	42	271.3772	128.5769	0
68	43	359.335	119.3889	0
