17	1	526.4715	355.6854	0
18	1	526.4715	355.6854	0
18	2	541.4409	96.94427	0
19	1	526.4715	355.6854	0
19	2	541.4409	96.94427	0
19	3	503.7796	357.1245	0
20	1	526.4715	355.6854	0
20	2	541.4409	96.94427	0
20	3	503.7796	357.1245	0
20	4	456.4157	267.8774	0
21	1	526.4715	355.6854	0
21	2	541.4409	96.94427	0
21	3	503.7796	357.1245	0
21	4	456.4157	267.8774	0
21	5	650.7244	501.1353	0
22	1	526.4715	355.6854	0
22	2	541.4409	96.94427	0
22	3	503.7796	357.1245	0
22	4	456.4157	267.8774	0
22	5	650.7244	501.1353	0
22	6	615.7712	260.4774	0
23	1	526.4715	355.6854	0
23	2	541.4409	96.94427	0
23	3	503.7796	357.1245	0
23	4	456.4157	267.8774	0
23	5	650.7244	501.1353	0
23	6	615.7712	260.4774	0
23	7	593.8787	365.1354	0
24	1	526.4715	355.6854	0
24	2	541.4409	96.94427	0
24	3	503.7796	357.1245	0
24	4	456.4157	267.8774	0
24	5	650.7244	501.1353	0
24	6	615.7712	260.4774	0
24	7	593.8787	365.1354	0
24	8	660.0447	367.6074	0
25	1	526.4715	355.6854	0
25	2	541.4409	96.94427	0
25	3	503.7796	357.1245	0
25	4	456.4157	267.8774	0
25	5	650.7244	501.1353	0
25	6	615.7712	260.4774	0
25	7	593.8787	365.1354	0
25	8	660.0447	367.6074	0
25	9	535.0009	71.01135	0
26	1	526.4715	355.6854	0
26	2	541.4409	96.94427	0
26	3	503.7796	357.1245	0
26	4	456.4157	267.8774	0
26	5	650.7244	501.1353	0
26	6	615.7712	260.4774	0
26	7	593.8787	365.1354	0
26	8	660.0447	367.6074	0
26	9	535.0009	71.01135	0
27	1	526.4715	355.6854	0
27	2	541.4409	96.94427	0
27	3	503.7796	357.1245	0
27	4	456.4157	267.8774	0
27	5	650.7244	501.1353	0
27	6	615.7712	260.4774	0
27	7	593.8787	365.1354	0
27	8	660.0447	367.6074	0
27	9	535.0009	71.01135	0
27	10	620.1998	453.5417	0
28	1	526.4715	355.6854	0
28	2	541.4409	96.94427	0
28	3	503.7796	357.1245	0
28	4	456.4157	267.8774	0
28	5	650.7244	501.1353	0
28	6	615.7712	260.4774	0
28	7	593.8787	365.1354	0
28	8	660.0447	367.6074	0
28	9	535.0009	71.01135	0
28	10	620.1998	453.5417	0
28	11	399.5078	-27.22626	0
29	1	526.4715	355.6854	0
29	2	541.4409	96.94427	0
29	3	503.7796	357.1245	0
29	4	456.4157	267.8774	0
29	5	650.7244	501.1353	0
29	6	615.7712	260.4774	0
29	7	593.8787	365.1354	0
29	8	660.0447	367.6074	0
29	9	535.0009	71.01135	0
29	10	620.1998	453.5417	0
29	11	399.5078	-27.22626	0
29	12	403.0282	58.58203	0
30	1	526.4715	355.6854	0
30	2	541.4409	96.94427	0
30	3	503.7796	357.1245	0
30	4	456.4157	267.8774	0
30	5	650.7244	501.1353	0
30	6	615.7712	260.4774	0
30	7	593.8787	365.1354	0
30	8	660.0447	367.6074	0
30	9	535.0009	71.01135	0
30	10	620.1998	453.5417	0
30	11	399.5078	-27.22626	0
30	12	403.0282	58.58203	0
30	13	458.3707	314.3531	0
31	1	526.4715	355.6854	0
31	2	541.4409	96.94427	0
31	3	503.7796	357.1245	0
31	4	456.4157	267.8774	0
31	5	650.7244	501.1353	0
31	6	615.7712	260.4774	0
31	7	593.8787	365.1354	0
31	8	660.0447	367.6074	0
31	9	535.0009	71.01135	0
31	10	620.1998	453.5417	0
31	11	399.5078	-27.22626	0
31	12	403.0282	58.58203	0
31	13	458.3707	314.3531	0
31	14	522.1267	126.5313	0
32	1	526.4715	355.6854	0
32	2	541.4409	96.94427	0
32	3	503.7796	357.1245	0
32	4	456.4157	267.8774	0
32	5	650.7244	501.1353	0
32	6	615.7712	260.4774	0
32	7	593.8787	365.1354	0
32	8	660.0447	367.6074	0
32	9	535.0009	71.01135	0
32	10	620.1998	453.5417	0
32	11	399.5078	-27.22626	0
32	12	403.0282	58.58203	0
32	13	458.3707	314.3531	0
32	14	522.1267	126.5313	0
32	15	469.0596	67.11234	0
33	1	526.4715	355.6854	0
33	2	541.4409	96.94427	0
33	3	503.7796	357.1245	0
33	4	456.4157	267.8774	0
33	5	650.7244	501.1353	0
33	6	615.7712	260.4774	0
33	7	593.8787	365.1354	0
33	8	660.0447	367.6074	0
33	9	535.0009	71.01135	0
33	10	620.1998	453.5417	0
33	11	399.5078	-27.22626	0
33	12	403.0282	58.58203	0
33	13	458.3707	314.3531	0
33	14	522.1267	126.5313	0
33	15	469.0596	67.11234	0
33	16	550.0118	256.7728	0
34	1	526.4715	355.6854	0
34	2	541.4409	96.94427	0
34	3	503.7796	357.1245	0
34	4	456.4157	267.8774	0
34	5	650.7244	501.1353	0
34	6	615.7712	260.4774	0
34	7	593.8787	365.1354	0
34	8	660.0447	367.6074	0
34	9	535.0009	71.01135	0
34	10	620.1998	453.5417	0
34	11	399.5078	-27.22626	0
34	12	403.0282	58.58203	0
34	13	458.3707	314.3531	0
34	14	522.1267	126.5313	0
34	15	469.0596	67.11234	0
34	16	550.0118	256.7728	0
34	17	495.362	157.374	0
35	1	526.4715	355.6854	0
35	2	541.4409	96.94427	0
35	3	503.7796	357.1245	0
35	4	456.4157	267.8774	0
35	5	650.7244	501.1353	0
35	6	615.7712	260.4774	0
35	7	593.8787	365.1354	0
35	8	660.0447	367.6074	0
35	9	535.0009	71.01135	0
35	10	620.1998	453.5417	0
35	11	399.5078	-27.22626	0
35	12	403.0282	58.58203	0
35	13	458.3707	314.3531	0
35	14	522.1267	126.5313	0
35	15	469.0596	67.11234	0
35	16	550.0118	256.7728	0
35	17	495.362	157.374	0
35	18	473.9463	93.88773	0
36	1	526.4715	355.6854	0
36	2	541.4409	96.94427	0
36	3	503.7796	357.1245	0
36	4	456.4157	267.8774	0
36	5	650.7244	501.1353	0
36	6	615.7712	260.4774	0
36	7	593.8787	365.1354	0
36	8	660.0447	367.6074	0
36	9	535.0009	71.01135	0
36	10	620.1998	453.5417	0
36	11	399.5078	-27.22626	0
36	12	403.0282	58.58203	0
36	13	458.3707	314.3531	0
36	14	522.1267	126.5313	0
36	15	469.0596	67.11234	0
36	16	550.0118	256.7728	0
36	17	495.362	157.374	0
36	18	473.9463	93.88773	0
37	1	526.4715	355.6854	0
37	2	541.4409	96.94427	0
37	3	503.7796	357.1245	0
37	4	456.4157	267.8774	0
37	5	650.7244	501.1353	0
37	6	615.7712	260.4774	0
37	7	593.8787	365.1354	0
37	8	660.0447	367.6074	0
37	9	535.0009	71.01135	0
37	10	620.1998	453.5417	0
37	11	399.5078	-27.22626	0
37	12	403.0282	58.58203	0
37	13	458.3707	314.3531	0
37	14	522.1267	126.5313	0
37	15	469.0596	67.11234	0
37	16	550.0118	256.7728	0
37	17	495.362	157.374	0
37	18	473.9463	93.88773	0
37	19	646.0783	423.1832	0
38	1	526.4715	355.6854	0
38	2	541.4409	96.94427	0
38	3	503.7796	357.1245	0
38	4	456.4157	267.8774	0
38	5	650.7244	501.1353	0
38	6	615.7712	260.4774	0
38	7	593.8787	365.1354	0
38	8	660.0447	367.6074	0
38	9	535.0009	71.01135	0
38	10	620.1998	453.5417	0
38	11	399.5078	-27.22626	0
38	12	403.0282	58.58203	0
38	13	458.3707	314.3531	0
38	14	522.1267	126.5313	0
38	15	469.0596	67.11234	0
38	16	550.0118	256.7728	0
38	17	495.362	157.374	0
38	18	473.9463	93.88773	0
38	19	646.0783	423.1832	0
38	20	622.7755	314.171	0
39	1	526.4715	355.6854	0
39	2	541.4409	96.94427	0
39	3	503.7796	357.1245	0
39	4	456.4157	267.8774	0
39	5	650.7244	501.1353	0
39	6	615.7712	260.4774	0
39	7	593.8787	365.1354	0
39	8	660.0447	367.6074	0
39	9	535.0009	71.01135	0
39	10	620.1998	453.5417	0
39	11	399.5078	-27.22626	0
39	12	403.0282	58.58203	0
39	13	458.3707	314.3531	0
39	14	522.1267	126.5313	0
39	15	469.0596	67.11234	0
39	16	550.0118	256.7728	0
39	17	495.362	157.374	0
39	18	473.9463	93.88773	0
39	19	646.0783	423.1832	0
39	20	622.7755	314.171	0
39	21	647.7795	616.159	0
40	1	526.4715	355.6854	0
40	2	541.4409	96.94427	0
40	3	503.7796	357.1245	0
40	4	456.4157	267.8774	0
40	5	650.7244	501.1353	0
40	6	615.7712	260.4774	0
40	7	593.8787	365.1354	0
40	8	660.0447	367.6074	0
40	9	535.0009	71.01135	0
40	10	620.1998	453.5417	0
40	11	399.5078	-27.22626	0
40	12	403.0282	58.58203	0
40	13	458.3707	314.3531	0
40	14	522.1267	126.5313	0
40	15	469.0596	67.11234	0
40	16	550.0118	256.7728	0
40	17	495.362	157.374	0
40	18	473.9463	93.88773	0
40	19	646.0783	423.1832	0
40	20	622.7755	314.171	0
40	21	647.7795	616.159	0
40	22	673.7594	554.741	0
41	1	526.4715	355.6854	0
41	2	541.4409	96.94427	0
41	3	503.7796	357.1245	0
41	4	456.4157	267.8774	0
41	5	650.7244	501.1353	0
41	6	615.7712	260.4774	0
41	7	593.8787	365.1354	0
41	8	660.0447	367.6074	0
41	9	535.0009	71.01135	0
41	10	620.1998	453.5417	0
41	11	399.5078	-27.22626	0
41	12	403.0282	58.58203	0
41	13	458.3707	314.3531	0
41	14	522.1267	126.5313	0
41	15	469.0596	67.11234	0
41	16	550.0118	256.7728	0
41	17	495.362	157.374	0
41	18	473.9463	93.88773	0
41	19	646.0783	423.1832	0
41	20	622.7755	314.171	0
41	21	647.7795	616.159	0
41	22	673.7594	554.741	0
41	23	523.062	271.9463	0
42	1	526.4715	355.6854	0
42	2	541.4409	96.94427	0
42	3	503.7796	357.1245	0
42	4	456.4157	267.8774	0
42	5	650.7244	501.1353	0
42	6	615.7712	260.4774	0
42	7	593.8787	365.1354	0
42	8	660.0447	367.6074	0
42	9	535.0009	71.01135	0
42	10	620.1998	453.5417	0
42	11	399.5078	-27.22626	0
42	12	403.0282	58.58203	0
42	13	458.3707	314.3531	0
42	14	522.1267	126.5313	0
42	15	469.0596	67.11234	0
42	16	550.0118	256.7728	0
42	17	495.362	157.374	0
42	18	473.9463	93.88773	0
42	19	646.0783	423.1832	0
42	20	622.7755	314.171	0
42	21	647.7795	616.159	0
42	22	673.7594	554.741	0
42	23	523.062	271.9463	0
42	24	443.8777	63.34363	0
43	1	526.4715	355.6854	0
43	2	541.4409	96.94427	0
43	3	503.7796	357.1245	0
43	4	456.4157	267.8774	0
43	5	650.7244	501.1353	0
43	6	615.7712	260.4774	0
43	7	593.8787	365.1354	0
43	8	660.0447	367.6074	0
43	9	535.0009	71.01135	0
43	10	620.1998	453.5417	0
43	11	399.5078	-27.22626	0
43	12	403.0282	58.58203	0
43	13	458.3707	314.3531	0
43	14	522.1267	126.5313	0
43	15	469.0596	67.11234	0
43	16	550.0118	256.7728	0
43	17	495.362	157.374	0
43	18	473.9463	93.88773	0
43	19	646.0783	423.1832	0
43	20	622.7755	314.171	0
43	21	647.7795	616.159	0
43	22	673.7594	554.741	0
43	23	523.062	271.9463	0
43	24	443.8777	63.34363	0
43	25	665.9496	394.8188	0
44	1	526.4715	355.6854	0
44	2	541.4409	96.94427	0
44	3	503.7796	357.1245	0
44	4	456.4157	267.8774	0
44	5	650.7244	501.1353	0
44	6	615.7712	260.4774	0
44	7	593.8787	365.1354	0
44	8	660.0447	367.6074	0
44	9	535.0009	71.01135	0
44	10	620.1998	453.5417	0
44	11	399.5078	-27.22626	0
44	12	403.0282	58.58203	0
44	13	458.3707	314.3531	0
44	14	522.1267	126.5313	0
44	15	469.0596	67.11234	0
44	16	550.0118	256.7728	0
44	17	495.362	157.374	0
44	18	473.9463	93.88773	0
44	19	646.0783	423.1832	0
44	20	622.7755	314.171	0
44	21	647.7795	616.159	0
44	22	673.7594	554.741	0
44	23	523.062	271.9463	0
44	24	443.8777	63.34363	0
44	25	665.9496	394.8188	0
44	26	561.6223	161.3561	0
45	1	526.4715	355.6854	0
45	2	541.4409	96.94427	0
45	3	503.7796	357.1245	0
45	4	456.4157	267.8774	0
45	5	650.7244	501.1353	0
45	6	615.7712	260.4774	0
45	7	593.8787	365.1354	0
45	8	660.0447	367.6074	0
45	9	535.0009	71.01135	0
45	10	620.1998	453.5417	0
45	11	399.5078	-27.22626	0
45	12	403.0282	58.58203	0
45	13	458.3707	314.3531	0
45	14	522.1267	126.5313	0
45	15	469.0596	67.11234	0
45	16	550.0118	256.7728	0
45	17	495.362	157.374	0
45	18	473.9463	93.88773	0
45	19	646.0783	423.1832	0
45	20	622.7755	314.171	0
45	21	647.7795	616.159	0
45	22	673.7594	554.741	0
45	23	523.062	271.9463	0
45	24	443.8777	63.34363	0
45	25	665.9496	394.8188	0
45	26	561.6223	161.3561	0
45	27	587.6456	128.6496	0
46	1	526.4715	355.6854	0
46	2	541.4409	96.94427	0
46	3	503.7796	357.1245	0
46	4	456.4157	267.8774	0
46	5	650.7244	501.1353	0
46	6	615.7712	260.4774	0
46	7	593.8787	365.1354	0
46	8	660.0447	367.6074	0
46	9	535.0009	71.01135	0
46	10	620.1998	453.5417	0
46	11	399.5078	-27.22626	0
46	12	403.0282	58.58203	0
46	13	458.3707	314.3531	0
46	14	522.1267	126.5313	0
46	15	469.0596	67.11234	0
46	16	550.0118	256.7728	0
46	17	495.362	157.374	0
46	18	473.9463	93.88773	0
46	19	646.0783	423.1832	0
46	20	622.7755	314.171	0
46	21	647.7795	616.159	0
46	22	673.7594	554.741	0
46	23	523.062	271.9463	0
46	24	443.8777	63.34363	0
46	25	665.9496	394.8188	0
46	26	561.6223	161.3561	0
46	27	587.6456	128.6496	0
47	1	526.4715	355.6854	0
47	2	541.4409	96.94427	0
47	3	503.7796	357.1245	0
47	4	456.4157	267.8774	0
47	5	650.7244	501.1353	0
47	6	615.7712	260.4774	0
47	7	593.8787	365.1354	0
47	8	660.0447	367.6074	0
47	9	535.0009	71.01135	0
47	10	620.1998	453.5417	0
47	11	399.5078	-27.22626	0
47	12	403.0282	58.58203	0
47	13	458.3707	314.3531	0
47	14	522.1267	126.5313	0
47	15	469.0596	67.11234	0
47	16	550.0118	256.7728	0
47	17	495.362	157.374	0
47	18	473.9463	93.88773	0
47	19	646.0783	423.1832	0
47	20	622.7755	314.171	0
47	21	647.7795	616.159	0
47	22	673.7594	554.741	0
47	23	523.062	271.9463	0
47	24	443.8777	63.34363	0
47	25	665.9496	394.8188	0
47	26	561.6223	161.3561	0
47	27	587.6456	128.6496	0
47	28	582.1534	612.4	0
48	1	526.4715	355.6854	0
48	2	541.4409	96.94427	0
48	3	503.7796	357.1245	0
48	4	456.4157	267.8774	0
48	5	650.7244	501.1353	0
48	6	615.7712	260.4774	0
48	7	593.8787	365.1354	0
48	8	660.0447	367.6074	0
48	9	535.0009	71.01135	0
48	10	620.1998	453.5417	0
48	11	399.5078	-27.22626	0
48	12	403.0282	58.58203	0
48	13	458.3707	314.3531	0
48	14	522.1267	126.5313	0
48	15	469.0596	67.11234	0
48	16	550.0118	256.7728	0
48	17	495.362	157.374	0
48	18	473.9463	93.88773	0
48	19	646.0783	423.1832	0
48	20	622.7755	314.171	0
48	21	647.7795	616.159	0
48	22	673.7594	554.741	0
48	23	523.062	271.9463	0
48	24	443.8777	63.34363	0
48	25	665.9496	394.8188	0
48	26	561.6223	161.3561	0
48	27	587.6456	128.6496	0
48	28	582.1534	612.4	0
48	29	376.7401	58.99127	0
49	1	526.4715	355.6854	0
49	2	541.4409	96.94427	0
49	3	503.7796	357.1245	0
49	4	456.4157	267.8774	0
49	5	650.7244	501.1353	0
49	6	615.7712	260.4774	0
49	7	593.8787	365.1354	0
49	8	660.0447	367.6074	0
49	9	535.0009	71.01135	0
49	10	620.1998	453.5417	0
49	11	399.5078	-27.22626	0
49	12	403.0282	58.58203	0
49	13	458.3707	314.3531	0
49	14	522.1267	126.5313	0
49	15	469.0596	67.11234	0
49	16	550.0118	256.7728	0
49	17	495.362	157.374	0
49	18	473.9463	93.88773	0
49	19	646.0783	423.1832	0
49	20	622.7755	314.171	0
49	21	647.7795	616.159	0
49	22	673.7594	554.741	0
49	23	523.062	271.9463	0
49	24	443.8777	63.34363	0
49	25	665.9496	394.8188	0
49	26	561.6223	161.3561	0
49	27	587.6456	128.6496	0
49	28	582.1534	612.4	0
49	29	376.7401	58.99127	0
49	30	388.2247	105.6295	0
50	1	526.4715	355.6854	0
50	2	541.4409	96.94427	0
50	3	503.7796	357.1245	0
50	4	456.4157	267.8774	0
50	5	650.7244	501.1353	0
50	6	615.7712	260.4774	0
50	7	593.8787	365.1354	0
50	8	660.0447	367.6074	0
50	9	535.0009	71.01135	0
50	10	620.1998	453.5417	0
50	11	399.5078	-27.22626	0
50	12	403.0282	58.58203	0
50	13	458.3707	314.3531	0
50	14	522.1267	126.5313	0
50	15	469.0596	67.11234	0
50	16	550.0118	256.7728	0
50	17	495.362	157.374	0
50	18	473.9463	93.88773	0
50	19	646.0783	423.1832	0
50	20	622.7755	314.171	0
50	21	647.7795	616.159	0
50	22	673.7594	554.741	0
50	23	523.062	271.9463	0
50	24	443.8777	63.34363	0
50	25	665.9496	394.8188	0
50	26	561.6223	161.3561	0
50	27	587.6456	128.6496	0
50	28	582.1534	612.4	0
50	29	376.7401	58.99127	0
50	30	388.2247	105.6295	0
50	31	686.4857	458.7129	0
51	1	526.4715	355.6854	0
51	2	541.4409	96.94427	0
51	3	503.7796	357.1245	0
51	4	456.4157	267.8774	0
51	5	650.7244	501.1353	0
51	6	615.7712	260.4774	0
51	7	593.8787	365.1354	0
51	8	660.0447	367.6074	0
51	9	535.0009	71.01135	0
51	10	620.1998	453.5417	0
51	11	399.5078	-27.22626	0
51	12	403.0282	58.58203	0
51	13	458.3707	314.3531	0
51	14	522.1267	126.5313	0
51	15	469.0596	67.11234	0
51	16	550.0118	256.7728	0
51	17	495.362	157.374	0
51	18	473.9463	93.88773	0
51	19	646.0783	423.1832	0
51	20	622.7755	314.171	0
51	21	647.7795	616.159	0
51	22	673.7594	554.741	0
51	23	523.062	271.9463	0
51	24	443.8777	63.34363	0
51	25	665.9496	394.8188	0
51	26	561.6223	161.3561	0
51	27	587.6456	128.6496	0
51	28	582.1534	612.4	0
51	29	376.7401	58.99127	0
51	30	388.2247	105.6295	0
51	31	686.4857	458.7129	0
51	32	333.4919	-31.59497	0
52	1	526.4715	355.6854	0
52	2	541.4409	96.94427	0
52	3	503.7796	357.1245	0
52	4	456.4157	267.8774	0
52	5	650.7244	501.1353	0
52	6	615.7712	260.4774	0
52	7	593.8787	365.1354	0
52	8	660.0447	367.6074	0
52	9	535.0009	71.01135	0
52	10	620.1998	453.5417	0
52	11	399.5078	-27.22626	0
52	12	403.0282	58.58203	0
52	13	458.3707	314.3531	0
52	14	522.1267	126.5313	0
52	15	469.0596	67.11234	0
52	16	550.0118	256.7728	0
52	17	495.362	157.374	0
52	18	473.9463	93.88773	0
52	19	646.0783	423.1832	0
52	20	622.7755	314.171	0
52	21	647.7795	616.159	0
52	22	673.7594	554.741	0
52	23	523.062	271.9463	0
52	24	443.8777	63.34363	0
52	25	665.9496	394.8188	0
52	26	561.6223	161.3561	0
52	27	587.6456	128.6496	0
52	28	582.1534	612.4	0
52	29	376.7401	58.99127	0
52	30	388.2247	105.6295	0
52	31	686.4857	458.7129	0
52	32	333.4919	-31.59497	0
52	33	433.2208	13.29651	0
53	1	526.4715	355.6854	0
53	2	541.4409	96.94427	0
53	3	503.7796	357.1245	0
53	4	456.4157	267.8774	0
53	5	650.7244	501.1353	0
53	6	615.7712	260.4774	0
53	7	593.8787	365.1354	0
53	8	660.0447	367.6074	0
53	9	535.0009	71.01135	0
53	10	620.1998	453.5417	0
53	11	399.5078	-27.22626	0
53	12	403.0282	58.58203	0
53	13	458.3707	314.3531	0
53	14	522.1267	126.5313	0
53	15	469.0596	67.11234	0
53	16	550.0118	256.7728	0
53	17	495.362	157.374	0
53	18	473.9463	93.88773	0
53	19	646.0783	423.1832	0
53	20	622.7755	314.171	0
53	21	647.7795	616.159	0
53	22	673.7594	554.741	0
53	23	523.062	271.9463	0
53	24	443.8777	63.34363	0
53	25	665.9496	394.8188	0
53	26	561.6223	161.3561	0
53	27	587.6456	128.6496	0
53	28	582.1534	612.4	0
53	29	376.7401	58.99127	0
53	30	388.2247	105.6295	0
53	31	686.4857	458.7129	0
53	32	333.4919	-31.59497	0
53	33	433.2208	13.29651	0
53	34	511.5844	403.0733	0
54	1	526.4715	355.6854	0
54	2	541.4409	96.94427	0
54	3	503.7796	357.1245	0
54	4	456.4157	267.8774	0
54	5	650.7244	501.1353	0
54	6	615.7712	260.4774	0
54	7	593.8787	365.1354	0
54	8	660.0447	367.6074	0
54	9	535.0009	71.01135	0
54	10	620.1998	453.5417	0
54	11	399.5078	-27.22626	0
54	12	403.0282	58.58203	0
54	13	458.3707	314.3531	0
54	14	522.1267	126.5313	0
54	15	469.0596	67.11234	0
54	16	550.0118	256.7728	0
54	17	495.362	157.374	0
54	18	473.9463	93.88773	0
54	19	646.0783	423.1832	0
54	20	622.7755	314.171	0
54	21	647.7795	616.159	0
54	22	673.7594	554.741	0
54	23	523.062	271.9463	0
54	24	443.8777	63.34363	0
54	25	665.9496	394.8188	0
54	26	561.6223	161.3561	0
54	27	587.6456	128.6496	0
54	28	582.1534	612.4	0
54	29	376.7401	58.99127	0
54	30	388.2247	105.6295	0
54	31	686.4857	458.7129	0
54	32	333.4919	-31.59497	0
54	33	433.2208	13.29651	0
54	34	511.5844	403.0733	0
54	35	738.7526	558.9708	0
55	1	526.4715	355.6854	0
55	2	541.4409	96.94427	0
55	3	503.7796	357.1245	0
55	4	456.4157	267.8774	0
55	5	650.7244	501.1353	0
55	6	615.7712	260.4774	0
55	7	593.8787	365.1354	0
55	8	660.0447	367.6074	0
55	9	535.0009	71.01135	0
55	10	620.1998	453.5417	0
55	11	399.5078	-27.22626	0
55	12	403.0282	58.58203	0
55	13	458.3707	314.3531	0
55	14	522.1267	126.5313	0
55	15	469.0596	67.11234	0
55	16	550.0118	256.7728	0
55	17	495.362	157.374	0
55	18	473.9463	93.88773	0
55	19	646.0783	423.1832	0
55	20	622.7755	314.171	0
55	21	647.7795	616.159	0
55	22	673.7594	554.741	0
55	23	523.062	271.9463	0
55	24	443.8777	63.34363	0
55	25	665.9496	394.8188	0
55	26	561.6223	161.3561	0
55	27	587.6456	128.6496	0
55	28	582.1534	612.4	0
55	29	376.7401	58.99127	0
55	30	388.2247	105.6295	0
55	31	686.4857	458.7129	0
55	32	333.4919	-31.59497	0
55	33	433.2208	13.29651	0
55	34	511.5844	403.0733	0
55	35	738.7526	558.9708	0
55	36	578.7414	408.4946	0
56	1	526.4715	355.6854	0
56	2	541.4409	96.94427	0
56	3	503.7796	357.1245	0
56	4	456.4157	267.8774	0
56	5	650.7244	501.1353	0
56	6	615.7712	260.4774	0
56	7	593.8787	365.1354	0
56	8	660.0447	367.6074	0
56	9	535.0009	71.01135	0
56	10	620.1998	453.5417	0
56	11	399.5078	-27.22626	0
56	12	403.0282	58.58203	0
56	13	458.3707	314.3531	0
56	14	522.1267	126.5313	0
56	15	469.0596	67.11234	0
56	16	550.0118	256.7728	0
56	17	495.362	157.374	0
56	18	473.9463	93.88773	0
56	19	646.0783	423.1832	0
56	20	622.7755	314.171	0
56	21	647.7795	616.159	0
56	22	673.7594	554.741	0
56	23	523.062	271.9463	0
56	24	443.8777	63.34363	0
56	25	665.9496	394.8188	0
56	26	561.6223	161.3561	0
56	27	587.6456	128.6496	0
56	28	582.1534	612.4	0
56	29	376.7401	58.99127	0
56	30	388.2247	105.6295	0
56	31	686.4857	458.7129	0
56	32	333.4919	-31.59497	0
56	33	433.2208	13.29651	0
56	34	511.5844	403.0733	0
56	35	738.7526	558.9708	0
56	36	578.7414	408.4946	0
57	1	526.4715	355.6854	0
57	2	541.4409	96.94427	0
57	3	503.7796	357.1245	0
57	4	456.4157	267.8774	0
57	5	650.7244	501.1353	0
57	6	615.7712	260.4774	0
57	7	593.8787	365.1354	0
57	8	660.0447	367.6074	0
57	9	535.0009	71.01135	0
57	10	620.1998	453.5417	0
57	11	399.5078	-27.22626	0
57	12	403.0282	58.58203	0
57	13	458.3707	314.3531	0
57	14	522.1267	126.5313	0
57	15	469.0596	67.11234	0
57	16	550.0118	256.7728	0
57	17	495.362	157.374	0
57	18	473.9463	93.88773	0
57	19	646.0783	423.1832	0
57	20	622.7755	314.171	0
57	21	647.7795	616.159	0
57	22	673.7594	554.741	0
57	23	523.062	271.9463	0
57	24	443.8777	63.34363	0
57	25	665.9496	394.8188	0
57	26	561.6223	161.3561	0
57	27	587.6456	128.6496	0
57	28	582.1534	612.4	0
57	29	376.7401	58.99127	0
57	30	388.2247	105.6295	0
57	31	686.4857	458.7129	0
57	32	333.4919	-31.59497	0
57	33	433.2208	13.29651	0
57	34	511.5844	403.0733	0
57	35	738.7526	558.9708	0
57	36	578.7414	408.4946	0
57	37	523.2082	318.3011	0
58	1	526.4715	355.6854	0
58	2	541.4409	96.94427	0
58	3	503.7796	357.1245	0
58	4	456.4157	267.8774	0
58	5	650.7244	501.1353	0
58	6	615.7712	260.4774	0
58	7	593.8787	365.1354	0
58	8	660.0447	367.6074	0
58	9	535.0009	71.01135	0
58	10	620.1998	453.5417	0
58	11	399.5078	-27.22626	0
58	12	403.0282	58.58203	0
58	13	458.3707	314.3531	0
58	14	522.1267	126.5313	0
58	15	469.0596	67.11234	0
58	16	550.0118	256.7728	0
58	17	495.362	157.374	0
58	18	473.9463	93.88773	0
58	19	646.0783	423.1832	0
58	20	622.7755	314.171	0
58	21	647.7795	616.159	0
58	22	673.7594	554.741	0
58	23	523.062	271.9463	0
58	24	443.8777	63.34363	0
58	25	665.9496	394.8188	0
58	26	561.6223	161.3561	0
58	27	587.6456	128.6496	0
58	28	582.1534	612.4	0
58	29	376.7401	58.99127	0
58	30	388.2247	105.6295	0
58	31	686.4857	458.7129	0
58	32	333.4919	-31.59497	0
58	33	433.2208	13.29651	0
58	34	511.5844	403.0733	0
58	35	738.7526	558.9708	0
58	36	578.7414	408.4946	0
58	37	523.2082	318.3011	0
58	38	713.3713	426.4634	0
59	1	526.4715	355.6854	0
59	2	541.4409	96.94427	0
59	3	503.7796	357.1245	0
59	4	456.4157	267.8774	0
59	5	650.7244	501.1353	0
59	6	615.7712	260.4774	0
59	7	593.8787	365.1354	0
59	8	660.0447	367.6074	0
59	9	535.0009	71.01135	0
59	10	620.1998	453.5417	0
59	11	399.5078	-27.22626	0
59	12	403.0282	58.58203	0
59	13	458.3707	314.3531	0
59	14	522.1267	126.5313	0
59	15	469.0596	67.11234	0
59	16	550.0118	256.7728	0
59	17	495.362	157.374	0
59	18	473.9463	93.88773	0
59	19	646.0783	423.1832	0
59	20	622.7755	314.171	0
59	21	647.7795	616.159	0
59	22	673.7594	554.741	0
59	23	523.062	271.9463	0
59	24	443.8777	63.34363	0
59	25	665.9496	394.8188	0
59	26	561.6223	161.3561	0
59	27	587.6456	128.6496	0
59	28	582.1534	612.4	0
59	29	376.7401	58.99127	0
59	30	388.2247	105.6295	0
59	31	686.4857	458.7129	0
59	32	333.4919	-31.59497	0
59	33	433.2208	13.29651	0
59	34	511.5844	403.0733	0
59	35	738.7526	558.9708	0
59	36	578.7414	408.4946	0
59	37	523.2082	318.3011	0
59	38	713.3713	426.4634	0
59	39	453.4315	110.1032	0
60	1	526.4715	355.6854	0
60	2	541.4409	96.94427	0
60	3	503.7796	357.1245	0
60	4	456.4157	267.8774	0
60	5	650.7244	501.1353	0
60	6	615.7712	260.4774	0
60	7	593.8787	365.1354	0
60	8	660.0447	367.6074	0
60	9	535.0009	71.01135	0
60	10	620.1998	453.5417	0
60	11	399.5078	-27.22626	0
60	12	403.0282	58.58203	0
60	13	458.3707	314.3531	0
60	14	522.1267	126.5313	0
60	15	469.0596	67.11234	0
60	16	550.0118	256.7728	0
60	17	495.362	157.374	0
60	18	473.9463	93.88773	0
60	19	646.0783	423.1832	0
60	20	622.7755	314.171	0
60	21	647.7795	616.159	0
60	22	673.7594	554.741	0
60	23	523.062	271.9463	0
60	24	443.8777	63.34363	0
60	25	665.9496	394.8188	0
60	26	561.6223	161.3561	0
60	27	587.6456	128.6496	0
60	28	582.1534	612.4	0
60	29	376.7401	58.99127	0
60	30	388.2247	105.6295	0
60	31	686.4857	458.7129	0
60	32	333.4919	-31.59497	0
60	33	433.2208	13.29651	0
60	34	511.5844	403.0733	0
60	35	738.7526	558.9708	0
60	36	578.7414	408.4946	0
60	37	523.2082	318.3011	0
60	38	713.3713	426.4634	0
60	39	453.4315	110.1032	0
60	40	500.5956	18.53741	0
17	1	528.873	355.5206	0
18	1	528.873	355.5206	0
18	2	541.0143	98.91455	0
19	1	528.873	355.5206	0
19	2	541.0143	98.91455	0
19	3	503.9264	357.2161	0
20	1	528.873	355.5206	0
20	2	541.0143	98.91455	0
20	3	503.9264	357.2161	0
20	4	457.5141	267.4402	0
21	1	528.873	355.5206	0
21	2	541.0143	98.91455	0
21	3	503.9264	357.2161	0
21	4	457.5141	267.4402	0
21	5	652.6454	501.0547	0
22	1	528.873	355.5206	0
22	2	541.0143	98.91455	0
22	3	503.9264	357.2161	0
22	4	457.5141	267.4402	0
22	5	652.6454	501.0547	0
22	6	615.6309	261.4393	0
23	1	528.873	355.5206	0
23	2	541.0143	98.91455	0
23	3	503.9264	357.2161	0
23	4	457.5141	267.4402	0
23	5	652.6454	501.0547	0
23	6	615.6309	261.4393	0
23	7	595.3332	364.3943	0
24	1	528.873	355.5206	0
24	2	541.0143	98.91455	0
24	3	503.9264	357.2161	0
24	4	457.5141	267.4402	0
24	5	652.6454	501.0547	0
24	6	615.6309	261.4393	0
24	7	595.3332	364.3943	0
24	8	660.6832	367.9636	0
25	1	528.873	355.5206	0
25	2	541.0143	98.91455	0
25	3	503.9264	357.2161	0
25	4	457.5141	267.4402	0
25	5	652.6454	501.0547	0
25	6	615.6309	261.4393	0
25	7	595.3332	364.3943	0
25	8	660.6832	367.9636	0
25	9	537.1815	69.63004	0
26	1	528.873	355.5206	0
26	2	541.0143	98.91455	0
26	3	503.9264	357.2161	0
26	4	457.5141	267.4402	0
26	5	652.6454	501.0547	0
26	6	615.6309	261.4393	0
26	7	595.3332	364.3943	0
26	8	660.6832	367.9636	0
26	9	537.1815	69.63004	0
17	1	527.4008	355.5759	0
18	1	527.4008	355.5759	0
18	2	541.0967	97.67178	0
19	1	527.4008	355.5759	0
19	2	541.0967	97.67178	0
19	3	502.4494	356.6947	0
20	1	527.4008	355.5759	0
20	2	541.0967	97.67178	0
20	3	502.4494	356.6947	0
20	4	456.0315	267.2821	0
21	1	527.4008	355.5759	0
21	2	541.0967	97.67178	0
21	3	502.4494	356.6947	0
21	4	456.0315	267.2821	0
21	5	652.8516	501.3693	0
22	1	527.4008	355.5759	0
22	2	541.0967	97.67178	0
22	3	502.4494	356.6947	0
22	4	456.0315	267.2821	0
22	5	652.8516	501.3693	0
22	6	615.78	261.7122	0
23	1	527.4008	355.5759	0
23	2	541.0967	97.67178	0
23	3	502.4494	356.6947	0
23	4	456.0315	267.2821	0
23	5	652.8516	501.3693	0
23	6	615.78	261.7122	0
23	7	593.6049	363.8395	0
24	1	527.4008	355.5759	0
24	2	541.0967	97.67178	0
24	3	502.4494	356.6947	0
24	4	456.0315	267.2821	0
24	5	652.8516	501.3693	0
24	6	615.78	261.7122	0
24	7	593.6049	363.8395	0
24	8	659.942	369.1444	0
25	1	527.4008	355.5759	0
25	2	541.0967	97.67178	0
25	3	502.4494	356.6947	0
25	4	456.0315	267.2821	0
25	5	652.8516	501.3693	0
25	6	615.78	261.7122	0
25	7	593.6049	363.8395	0
25	8	659.942	369.1444	0
25	9	536.0057	70.35651	0
26	1	527.4008	355.5759	0
26	2	541.0967	97.67178	0
26	3	502.4494	356.6947	0
26	4	456.0315	267.2821	0
26	5	652.8516	501.3693	0
26	6	615.78	261.7122	0
26	7	593.6049	363.8395	0
26	8	659.942	369.1444	0
26	9	536.0057	70.35651	0
27	1	527.4008	355.5759	0
27	2	541.0967	97.67178	0
27	3	502.4494	356.6947	0
27	4	456.0315	267.2821	0
27	5	652.8516	501.3693	0
27	6	615.78	261.7122	0
27	7	593.6049	363.8395	0
27	8	659.942	369.1444	0
27	9	536.0057	70.35651	0
27	10	620.8069	455.1472	0
28	1	527.4008	355.5759	0
28	2	541.0967	97.67178	0
28	3	502.4494	356.6947	0
28	4	456.0315	267.2821	0
28	5	652.8516	501.3693	0
28	6	615.78	261.7122	0
28	7	593.6049	363.8395	0
28	8	659.942	369.1444	0
28	9	536.0057	70.35651	0
28	10	620.8069	455.1472	0
28	11	398.1062	-25.75806	0
29	1	527.4008	355.5759	0
29	2	541.0967	97.67178	0
29	3	502.4494	356.6947	0
29	4	456.0315	267.2821	0
29	5	652.8516	501.3693	0
29	6	615.78	261.7122	0
29	7	593.6049	363.8395	0
29	8	659.942	369.1444	0
29	9	536.0057	70.35651	0
29	10	620.8069	455.1472	0
29	11	398.1062	-25.75806	0
29	12	402.9687	59.44742	0
30	1	527.4008	355.5759	0
30	2	541.0967	97.67178	0
30	3	502.4494	356.6947	0
30	4	456.0315	267.2821	0
30	5	652.8516	501.3693	0
30	6	615.78	261.7122	0
30	7	593.6049	363.8395	0
30	8	659.942	369.1444	0
30	9	536.0057	70.35651	0
30	10	620.8069	455.1472	0
30	11	398.1062	-25.75806	0
30	12	402.9687	59.44742	0
30	13	457.9805	314.912	0
31	1	527.4008	355.5759	0
31	2	541.0967	97.67178	0
31	3	502.4494	356.6947	0
31	4	456.0315	267.2821	0
31	5	652.8516	501.3693	0
31	6	615.78	261.7122	0
31	7	593.6049	363.8395	0
31	8	659.942	369.1444	0
31	9	536.0057	70.35651	0
31	10	620.8069	455.1472	0
31	11	398.1062	-25.75806	0
31	12	402.9687	59.44742	0
31	13	457.9805	314.912	0
31	14	520.6251	125.2232	0
32	1	527.4008	355.5759	0
32	2	541.0967	97.67178	0
32	3	502.4494	356.6947	0
32	4	456.0315	267.2821	0
32	5	652.8516	501.3693	0
32	6	615.78	261.7122	0
32	7	593.6049	363.8395	0
32	8	659.942	369.1444	0
32	9	536.0057	70.35651	0
32	10	620.8069	455.1472	0
32	11	398.1062	-25.75806	0
32	12	402.9687	59.44742	0
32	13	457.9805	314.912	0
32	14	520.6251	125.2232	0
32	15	470.3452	66.414	0
33	1	527.4008	355.5759	0
33	2	541.0967	97.67178	0
33	3	502.4494	356.6947	0
33	4	456.0315	267.2821	0
33	5	652.8516	501.3693	0
33	6	615.78	261.7122	0
33	7	593.6049	363.8395	0
33	8	659.942	369.1444	0
33	9	536.0057	70.35651	0
33	10	620.8069	455.1472	0
33	11	398.1062	-25.75806	0
33	12	402.9687	59.44742	0
33	13	457.9805	314.912	0
33	14	520.6251	125.2232	0
33	15	470.3452	66.414	0
33	16	549.2465	256.5169	0
34	1	527.4008	355.5759	0
34	2	541.0967	97.67178	0
34	3	502.4494	356.6947	0
34	4	456.0315	267.2821	0
34	5	652.8516	501.3693	0
34	6	615.78	261.7122	0
34	7	593.6049	363.8395	0
34	8	659.942	369.1444	0
34	9	536.0057	70.35651	0
34	10	620.8069	455.1472	0
34	11	398.1062	-25.75806	0
34	12	402.9687	59.44742	0
34	13	457.9805	314.912	0
34	14	520.6251	125.2232	0
34	15	470.3452	66.414	0
34	16	549.2465	256.5169	0
34	17	494.7608	158.1876	0
35	1	527.4008	355.5759	0
35	2	541.0967	97.67178	0
35	3	502.4494	356.6947	0
35	4	456.0315	267.2821	0
35	5	652.8516	501.3693	0
35	6	615.78	261.7122	0
35	7	593.6049	363.8395	0
35	8	659.942	369.1444	0
35	9	536.0057	70.35651	0
35	10	620.8069	455.1472	0
35	11	398.1062	-25.75806	0
35	12	402.9687	59.44742	0
35	13	457.9805	314.912	0
35	14	520.6251	125.2232	0
35	15	470.3452	66.414	0
35	16	549.2465	256.5169	0
35	17	494.7608	158.1876	0
35	18	473.843	93.50858	0
36	1	527.4008	355.5759	0
36	2	541.0967	97.67178	0
36	3	502.4494	356.6947	0
36	4	456.0315	267.2821	0
36	5	652.8516	501.3693	0
36	6	615.78	261.7122	0
36	7	593.6049	363.8395	0
36	8	659.942	369.1444	0
36	9	536.0057	70.35651	0
36	10	620.8069	455.1472	0
36	11	398.1062	-25.75806	0
36	12	402.9687	59.44742	0
36	13	457.9805	314.912	0
36	14	520.6251	125.2232	0
36	15	470.3452	66.414	0
36	16	549.2465	256.5169	0
36	17	494.7608	158.1876	0
36	18	473.843	93.50858	0
37	1	527.4008	355.5759	0
37	2	541.0967	97.67178	0
37	3	502.4494	356.6947	0
37	4	456.0315	267.2821	0
37	5	652.8516	501.3693	0
37	6	615.78	261.7122	0
37	7	593.6049	363.8395	0
37	8	659.942	369.1444	0
37	9	536.0057	70.35651	0
37	10	620.8069	455.1472	0
37	11	398.1062	-25.75806	0
37	12	402.9687	59.44742	0
37	13	457.9805	314.912	0
37	14	520.6251	125.2232	0
37	15	470.3452	66.414	0
37	16	549.2465	256.5169	0
37	17	494.7608	158.1876	0
37	18	473.843	93.50858	0
37	19	645.5085	423.5244	0
38	1	527.4008	355.5759	0
38	2	541.0967	97.67178	0
38	3	502.4494	356.6947	0
38	4	456.0315	267.2821	0
38	5	652.8516	501.3693	0
38	6	615.78	261.7122	0
38	7	593.6049	363.8395	0
38	8	659.942	369.1444	0
38	9	536.0057	70.35651	0
38	10	620.8069	455.1472	0
38	11	398.1062	-25.75806	0
38	12	402.9687	59.44742	0
38	13	457.9805	314.912	0
38	14	520.6251	125.2232	0
38	15	470.3452	66.414	0
38	16	549.2465	256.5169	0
38	17	494.7608	158.1876	0
38	18	473.843	93.50858	0
38	19	645.5085	423.5244	0
38	20	622.7049	314.5708	0
39	1	527.4008	355.5759	0
39	2	541.0967	97.67178	0
39	3	502.4494	356.6947	0
39	4	456.0315	267.2821	0
39	5	652.8516	501.3693	0
39	6	615.78	261.7122	0
39	7	593.6049	363.8395	0
39	8	659.942	369.1444	0
39	9	536.0057	70.35651	0
39	10	620.8069	455.1472	0
39	11	398.1062	-25.75806	0
39	12	402.9687	59.44742	0
39	13	457.9805	314.912	0
39	14	520.6251	125.2232	0
39	15	470.3452	66.414	0
39	16	549.2465	256.5169	0
39	17	494.7608	158.1876	0
39	18	473.843	93.50858	0
39	19	645.5085	423.5244	0
39	20	622.7049	314.5708	0
39	21	648.0123	616.3129	0
40	1	527.4008	355.5759	0
40	2	541.0967	97.67178	0
40	3	502.4494	356.6947	0
40	4	456.0315	267.2821	0
40	5	652.8516	501.3693	0
40	6	615.78	261.7122	0
40	7	593.6049	363.8395	0
40	8	659.942	369.1444	0
40	9	536.0057	70.35651	0
40	10	620.8069	455.1472	0
40	11	398.1062	-25.75806	0
40	12	402.9687	59.44742	0
40	13	457.9805	314.912	0
40	14	520.6251	125.2232	0
40	15	470.3452	66.414	0
40	16	549.2465	256.5169	0
40	17	494.7608	158.1876	0
40	18	473.843	93.50858	0
40	19	645.5085	423.5244	0
40	20	622.7049	314.5708	0
40	21	648.0123	616.3129	0
40	22	672.5822	554.3436	0
41	1	527.4008	355.5759	0
41	2	541.0967	97.67178	0
41	3	502.4494	356.6947	0
41	4	456.0315	267.2821	0
41	5	652.8516	501.3693	0
41	6	615.78	261.7122	0
41	7	593.6049	363.8395	0
41	8	659.942	369.1444	0
41	9	536.0057	70.35651	0
41	10	620.8069	455.1472	0
41	11	398.1062	-25.75806	0
41	12	402.9687	59.44742	0
41	13	457.9805	314.912	0
41	14	520.6251	125.2232	0
41	15	470.3452	66.414	0
41	16	549.2465	256.5169	0
41	17	494.7608	158.1876	0
41	18	473.843	93.50858	0
41	19	645.5085	423.5244	0
41	20	622.7049	314.5708	0
41	21	648.0123	616.3129	0
41	22	672.5822	554.3436	0
41	23	524.2244	271.6228	0
42	1	527.4008	355.5759	0
42	2	541.0967	97.67178	0
42	3	502.4494	356.6947	0
42	4	456.0315	267.2821	0
42	5	652.8516	501.3693	0
42	6	615.78	261.7122	0
42	7	593.6049	363.8395	0
42	8	659.942	369.1444	0
42	9	536.0057	70.35651	0
42	10	620.8069	455.1472	0
42	11	398.1062	-25.75806	0
42	12	402.9687	59.44742	0
42	13	457.9805	314.912	0
42	14	520.6251	125.2232	0
42	15	470.3452	66.414	0
42	16	549.2465	256.5169	0
42	17	494.7608	158.1876	0
42	18	473.843	93.50858	0
42	19	645.5085	423.5244	0
42	20	622.7049	314.5708	0
42	21	648.0123	616.3129	0
42	22	672.5822	554.3436	0
42	23	524.2244	271.6228	0
42	24	445.2565	64.16434	0
43	1	527.4008	355.5759	0
43	2	541.0967	97.67178	0
43	3	502.4494	356.6947	0
43	4	456.0315	267.2821	0
43	5	652.8516	501.3693	0
43	6	615.78	261.7122	0
43	7	593.6049	363.8395	0
43	8	659.942	369.1444	0
43	9	536.0057	70.35651	0
43	10	620.8069	455.1472	0
43	11	398.1062	-25.75806	0
43	12	402.9687	59.44742	0
43	13	457.9805	314.912	0
43	14	520.6251	125.2232	0
43	15	470.3452	66.414	0
43	16	549.2465	256.5169	0
43	17	494.7608	158.1876	0
43	18	473.843	93.50858	0
43	19	645.5085	423.5244	0
43	20	622.7049	314.5708	0
43	21	648.0123	616.3129	0
43	22	672.5822	554.3436	0
43	23	524.2244	271.6228	0
43	24	445.2565	64.16434	0
43	25	664.9969	396.5314	0
44	1	527.4008	355.5759	0
44	2	541.0967	97.67178	0
44	3	502.4494	356.6947	0
44	4	456.0315	267.2821	0
44	5	652.8516	501.3693	0
44	6	615.78	261.7122	0
44	7	593.6049	363.8395	0
44	8	659.942	369.1444	0
44	9	536.0057	70.35651	0
44	10	620.8069	455.1472	0
44	11	398.1062	-25.75806	0
44	12	402.9687	59.44742	0
44	13	457.9805	314.912	0
44	14	520.6251	125.2232	0
44	15	470.3452	66.414	0
44	16	549.2465	256.5169	0
44	17	494.7608	158.1876	0
44	18	473.843	93.50858	0
44	19	645.5085	423.5244	0
44	20	622.7049	314.5708	0
44	21	648.0123	616.3129	0
44	22	672.5822	554.3436	0
44	23	524.2244	271.6228	0
44	24	445.2565	64.16434	0
44	25	664.9969	396.5314	0
44	26	561.6587	160.5165	0
17	1	527.7318	356.475	0
18	1	527.7318	356.475	0
18	2	540.8788	97.19263	0
19	1	527.7318	356.475	0
19	2	540.8788	97.19263	0
19	3	502.3087	357.4888	0
20	1	527.7318	356.475	0
20	2	540.8788	97.19263	0
20	3	502.3087	357.4888	0
20	4	457.5408	267.2884	0
21	1	527.7318	356.475	0
21	2	540.8788	97.19263	0
21	3	502.3087	357.4888	0
21	4	457.5408	267.2884	0
21	5	651.0168	499.4587	0
22	1	527.7318	356.475	0
22	2	540.8788	97.19263	0
22	3	502.3087	357.4888	0
22	4	457.5408	267.2884	0
22	5	651.0168	499.4587	0
22	6	615.132	260.9336	0
23	1	527.7318	356.475	0
23	2	540.8788	97.19263	0
23	3	502.3087	357.4888	0
23	4	457.5408	267.2884	0
23	5	651.0168	499.4587	0
23	6	615.132	260.9336	0
23	7	594.3143	364.9216	0
24	1	527.7318	356.475	0
24	2	540.8788	97.19263	0
24	3	502.3087	357.4888	0
24	4	457.5408	267.2884	0
24	5	651.0168	499.4587	0
24	6	615.132	260.9336	0
24	7	594.3143	364.9216	0
24	8	660.2731	367.7137	0
25	1	527.7318	356.475	0
25	2	540.8788	97.19263	0
25	3	502.3087	357.4888	0
25	4	457.5408	267.2884	0
25	5	651.0168	499.4587	0
25	6	615.132	260.9336	0
25	7	594.3143	364.9216	0
25	8	660.2731	367.7137	0
25	9	536.5941	70.75433	0
26	1	527.7318	356.475	0
26	2	540.8788	97.19263	0
26	3	502.3087	357.4888	0
26	4	457.5408	267.2884	0
26	5	651.0168	499.4587	0
26	6	615.132	260.9336	0
26	7	594.3143	364.9216	0
26	8	660.2731	367.7137	0
26	9	536.5941	70.75433	0
27	1	527.7318	356.475	0
27	2	540.8788	97.19263	0
27	3	502.3087	357.4888	0
27	4	457.5408	267.2884	0
27	5	651.0168	499.4587	0
27	6	615.132	260.9336	0
27	7	594.3143	364.9216	0
27	8	660.2731	367.7137	0
27	9	536.5941	70.75433	0
27	10	619.1989	455.1846	0
28	1	527.7318	356.475	0
28	2	540.8788	97.19263	0
28	3	502.3087	357.4888	0
28	4	457.5408	267.2884	0
28	5	651.0168	499.4587	0
28	6	615.132	260.9336	0
28	7	594.3143	364.9216	0
28	8	660.2731	367.7137	0
28	9	536.5941	70.75433	0
28	10	619.1989	455.1846	0
28	11	398.0197	-25.92517	0
29	1	527.7318	356.475	0
29	2	540.8788	97.19263	0
29	3	502.3087	357.4888	0
29	4	457.5408	267.2884	0
29	5	651.0168	499.4587	0
29	6	615.132	260.9336	0
29	7	594.3143	364.9216	0
29	8	660.2731	367.7137	0
29	9	536.5941	70.75433	0
29	10	619.1989	455.1846	0
29	11	398.0197	-25.92517	0
29	12	403.2451	59.13477	0
30	1	527.7318	356.475	0
30	2	540.8788	97.19263	0
30	3	502.3087	357.4888	0
30	4	457.5408	267.2884	0
30	5	651.0168	499.4587	0
30	6	615.132	260.9336	0
30	7	594.3143	364.9216	0
30	8	660.2731	367.7137	0
30	9	536.5941	70.75433	0
30	10	619.1989	455.1846	0
30	11	398.0197	-25.92517	0
30	12	403.2451	59.13477	0
30	13	457.9036	315.4056	0
31	1	527.7318	356.475	0
31	2	540.8788	97.19263	0
31	3	502.3087	357.4888	0
31	4	457.5408	267.2884	0
31	5	651.0168	499.4587	0
31	6	615.132	260.9336	0
31	7	594.3143	364.9216	0
31	8	660.2731	367.7137	0
31	9	536.5941	70.75433	0
31	10	619.1989	455.1846	0
31	11	398.0197	-25.92517	0
31	12	403.2451	59.13477	0
31	13	457.9036	315.4056	0
31	14	522.4085	124.3561	0
32	1	527.7318	356.475	0
32	2	540.8788	97.19263	0
32	3	502.3087	357.4888	0
32	4	457.5408	267.2884	0
32	5	651.0168	499.4587	0
32	6	615.132	260.9336	0
32	7	594.3143	364.9216	0
32	8	660.2731	367.7137	0
32	9	536.5941	70.75433	0
32	10	619.1989	455.1846	0
32	11	398.0197	-25.92517	0
32	12	403.2451	59.13477	0
32	13	457.9036	315.4056	0
32	14	522.4085	124.3561	0
32	15	468.5172	66.12177	0
33	1	527.7318	356.475	0
33	2	540.8788	97.19263	0
33	3	502.3087	357.4888	0
33	4	457.5408	267.2884	0
33	5	651.0168	499.4587	0
33	6	615.132	260.9336	0
33	7	594.3143	364.9216	0
33	8	660.2731	367.7137	0
33	9	536.5941	70.75433	0
33	10	619.1989	455.1846	0
33	11	398.0197	-25.92517	0
33	12	403.2451	59.13477	0
33	13	457.9036	315.4056	0
33	14	522.4085	124.3561	0
33	15	468.5172	66.12177	0
33	16	550.0872	256.7849	0
34	1	527.7318	356.475	0
34	2	540.8788	97.19263	0
34	3	502.3087	357.4888	0
34	4	457.5408	267.2884	0
34	5	651.0168	499.4587	0
34	6	615.132	260.9336	0
34	7	594.3143	364.9216	0
34	8	660.2731	367.7137	0
34	9	536.5941	70.75433	0
34	10	619.1989	455.1846	0
34	11	398.0197	-25.92517	0
34	12	403.2451	59.13477	0
34	13	457.9036	315.4056	0
34	14	522.4085	124.3561	0
34	15	468.5172	66.12177	0
34	16	550.0872	256.7849	0
34	17	494.9235	158.3617	0
35	1	527.7318	356.475	0
35	2	540.8788	97.19263	0
35	3	502.3087	357.4888	0
35	4	457.5408	267.2884	0
35	5	651.0168	499.4587	0
35	6	615.132	260.9336	0
35	7	594.3143	364.9216	0
35	8	660.2731	367.7137	0
35	9	536.5941	70.75433	0
35	10	619.1989	455.1846	0
35	11	398.0197	-25.92517	0
35	12	403.2451	59.13477	0
35	13	457.9036	315.4056	0
35	14	522.4085	124.3561	0
35	15	468.5172	66.12177	0
35	16	550.0872	256.7849	0
35	17	494.9235	158.3617	0
35	18	475.5235	93.4761	0
36	1	527.7318	356.475	0
36	2	540.8788	97.19263	0
36	3	502.3087	357.4888	0
36	4	457.5408	267.2884	0
36	5	651.0168	499.4587	0
36	6	615.132	260.9336	0
36	7	594.3143	364.9216	0
36	8	660.2731	367.7137	0
36	9	536.5941	70.75433	0
36	10	619.1989	455.1846	0
36	11	398.0197	-25.92517	0
36	12	403.2451	59.13477	0
36	13	457.9036	315.4056	0
36	14	522.4085	124.3561	0
36	15	468.5172	66.12177	0
36	16	550.0872	256.7849	0
36	17	494.9235	158.3617	0
36	18	475.5235	93.4761	0
37	1	527.7318	356.475	0
37	2	540.8788	97.19263	0
37	3	502.3087	357.4888	0
37	4	457.5408	267.2884	0
37	5	651.0168	499.4587	0
37	6	615.132	260.9336	0
37	7	594.3143	364.9216	0
37	8	660.2731	367.7137	0
37	9	536.5941	70.75433	0
37	10	619.1989	455.1846	0
37	11	398.0197	-25.92517	0
37	12	403.2451	59.13477	0
37	13	457.9036	315.4056	0
37	14	522.4085	124.3561	0
37	15	468.5172	66.12177	0
37	16	550.0872	256.7849	0
37	17	494.9235	158.3617	0
37	18	475.5235	93.4761	0
37	19	646.6392	423.9171	0
38	1	527.7318	356.475	0
38	2	540.8788	97.19263	0
38	3	502.3087	357.4888	0
38	4	457.5408	267.2884	0
38	5	651.0168	499.4587	0
38	6	615.132	260.9336	0
38	7	594.3143	364.9216	0
38	8	660.2731	367.7137	0
38	9	536.5941	70.75433	0
38	10	619.1989	455.1846	0
38	11	398.0197	-25.92517	0
38	12	403.2451	59.13477	0
38	13	457.9036	315.4056	0
38	14	522.4085	124.3561	0
38	15	468.5172	66.12177	0
38	16	550.0872	256.7849	0
38	17	494.9235	158.3617	0
38	18	475.5235	93.4761	0
38	19	646.6392	423.9171	0
38	20	624.6229	315.2615	0
39	1	527.7318	356.475	0
39	2	540.8788	97.19263	0
39	3	502.3087	357.4888	0
39	4	457.5408	267.2884	0
39	5	651.0168	499.4587	0
39	6	615.132	260.9336	0
39	7	594.3143	364.9216	0
39	8	660.2731	367.7137	0
39	9	536.5941	70.75433	0
39	10	619.1989	455.1846	0
39	11	398.0197	-25.92517	0
39	12	403.2451	59.13477	0
39	13	457.9036	315.4056	0
39	14	522.4085	124.3561	0
39	15	468.5172	66.12177	0
39	16	550.0872	256.7849	0
39	17	494.9235	158.3617	0
39	18	475.5235	93.4761	0
39	19	646.6392	423.9171	0
39	20	624.6229	315.2615	0
39	21	648.8741	616.6469	0
40	1	527.7318	356.475	0
40	2	540.8788	97.19263	0
40	3	502.3087	357.4888	0
40	4	457.5408	267.2884	0
40	5	651.0168	499.4587	0
40	6	615.132	260.9336	0
40	7	594.3143	364.9216	0
40	8	660.2731	367.7137	0
40	9	536.5941	70.75433	0
40	10	619.1989	455.1846	0
40	11	398.0197	-25.92517	0
40	12	403.2451	59.13477	0
40	13	457.9036	315.4056	0
40	14	522.4085	124.3561	0
40	15	468.5172	66.12177	0
40	16	550.0872	256.7849	0
40	17	494.9235	158.3617	0
40	18	475.5235	93.4761	0
40	19	646.6392	423.9171	0
40	20	624.6229	315.2615	0
40	21	648.8741	616.6469	0
40	22	673.545	555.3846	0
41	1	527.7318	356.475	0
41	2	540.8788	97.19263	0
41	3	502.3087	357.4888	0
41	4	457.5408	267.2884	0
41	5	651.0168	499.4587	0
41	6	615.132	260.9336	0
41	7	594.3143	364.9216	0
41	8	660.2731	367.7137	0
41	9	536.5941	70.75433	0
41	10	619.1989	455.1846	0
41	11	398.0197	-25.92517	0
41	12	403.2451	59.13477	0
41	13	457.9036	315.4056	0
41	14	522.4085	124.3561	0
41	15	468.5172	66.12177	0
41	16	550.0872	256.7849	0
41	17	494.9235	158.3617	0
41	18	475.5235	93.4761	0
41	19	646.6392	423.9171	0
41	20	624.6229	315.2615	0
41	21	648.8741	616.6469	0
41	22	673.545	555.3846	0
41	23	523.4059	270.9876	0
42	1	527.7318	356.475	0
42	2	540.8788	97.19263	0
42	3	502.3087	357.4888	0
42	4	457.5408	267.2884	0
42	5	651.0168	499.4587	0
42	6	615.132	260.9336	0
42	7	594.3143	364.9216	0
42	8	660.2731	367.7137	0
42	9	536.5941	70.75433	0
42	10	619.1989	455.1846	0
42	11	398.0197	-25.92517	0
42	12	403.2451	59.13477	0
42	13	457.9036	315.4056	0
42	14	522.4085	124.3561	0
42	15	468.5172	66.12177	0
42	16	550.0872	256.7849	0
42	17	494.9235	158.3617	0
42	18	475.5235	93.4761	0
42	19	646.6392	423.9171	0
42	20	624.6229	315.2615	0
42	21	648.8741	616.6469	0
42	22	673.545	555.3846	0
42	23	523.4059	270.9876	0
42	24	443.391	62.93454	0
43	1	527.7318	356.475	0
43	2	540.8788	97.19263	0
43	3	502.3087	357.4888	0
43	4	457.5408	267.2884	0
43	5	651.0168	499.4587	0
43	6	615.132	260.9336	0
43	7	594.3143	364.9216	0
43	8	660.2731	367.7137	0
43	9	536.5941	70.75433	0
43	10	619.1989	455.1846	0
43	11	398.0197	-25.92517	0
43	12	403.2451	59.13477	0
43	13	457.9036	315.4056	0
43	14	522.4085	124.3561	0
43	15	468.5172	66.12177	0
43	16	550.0872	256.7849	0
43	17	494.9235	158.3617	0
43	18	475.5235	93.4761	0
43	19	646.6392	423.9171	0
43	20	624.6229	315.2615	0
43	21	648.8741	616.6469	0
43	22	673.545	555.3846	0
43	23	523.4059	270.9876	0
43	24	443.391	62.93454	0
43	25	665.9421	394.7749	0
44	1	527.7318	356.475	0
44	2	540.8788	97.19263	0
44	3	502.3087	357.4888	0
44	4	457.5408	267.2884	0
44	5	651.0168	499.4587	0
44	6	615.132	260.9336	0
44	7	594.3143	364.9216	0
44	8	660.2731	367.7137	0
44	9	536.5941	70.75433	0
44	10	619.1989	455.1846	0
44	11	398.0197	-25.92517	0
44	12	403.2451	59.13477	0
44	13	457.9036	315.4056	0
44	14	522.4085	124.3561	0
44	15	468.5172	66.12177	0
44	16	550.0872	256.7849	0
44	17	494.9235	158.3617	0
44	18	475.5235	93.4761	0
44	19	646.6392	423.9171	0
44	20	624.6229	315.2615	0
44	21	648.8741	616.6469	0
44	22	673.545	555.3846	0
44	23	523.4059	270.9876	0
44	24	443.391	62.93454	0
44	25	665.9421	394.7749	0
44	26	562.1801	161.2795	0
