63	1	170.0086	191.7798	0
63	2	433.894	205.3263	0
63	3	174.1943	176.2847	0
63	4	260.8873	139.4563	0
63	5	-26.39723	292.0045	0
63	6	266.0711	257.0105	0
63	7	153.6186	241.108	0
63	8	131.8089	298.148	0
63	9	464.4478	192.4274	0
63	10	44.34174	264.5554	0
63	11	515.7866	112.1931	0
63	12	443.1091	116.4619	0
63	13	216.3543	144.4059	0
63	14	402.7912	187.4874	0
63	15	449.0504	151.7758	0
63	16	271.7556	202.1049	0
63	17	368.6665	166.4791	0
63	18	423.4911	157.7226	0
63	19	70.14289	284.966	0
63	20	204.386	262.9644	0
63	21	-162.4727	288.4117	0
63	22	-104.656	314.1218	0
63	23	256.9299	186.9881	0
63	24	447.1428	139.1957	0
63	25	98.31767	307.2113	0
63	26	374.9196	210.4021	0
63	27	413.484	233.1581	0
63	28	-112.4508	233.8209	0
63	29	435.5069	106.0615	0
63	30	398.5895	109.1827	0
63	31	11.15519	328.1896	0
63	32	499.8044	84.92999	0
63	33	489.4424	132.7741	0
63	34	126.0144	176.8078	0
63	35	-157.0413	396.2922	0
63	36	108.959	227.6648	0
63	37	207.829	187.3577	0
63	38	42.09544	358.6561	0
63	39	405.6556	141.8064	0
63	40	504.4236	171.0996	0
63	41	160.6865	222.8163	0
63	42	121.329	241.9771	0
63	43	214.8082	210.3932	0
64	1	170.0036	191.749	0
64	2	433.8971	205.3325	0
64	3	174.1906	176.2839	0
64	4	260.8768	139.4247	0
64	5	-26.46333	292.0647	0
64	6	266.053	257.0263	0
64	7	153.613	241.0706	0
64	8	131.8092	298.1599	0
64	9	464.4507	192.4346	0
64	10	44.32852	264.5292	0
64	11	515.7643	112.1669	0
64	12	443.0937	116.4362	0
64	13	216.3628	144.3994	0
64	14	402.7758	187.4589	0
64	15	449.0565	151.7698	0
64	16	271.7626	202.1084	0
64	17	368.6763	166.4709	0
64	18	423.4922	157.7314	0
64	19	70.1216	284.9333	0
64	20	204.3786	262.9167	0
64	21	-162.4619	288.3728	0
64	22	-104.6716	314.1423	0
64	23	256.9383	186.9807	0
64	24	447.1161	139.18	0
64	25	98.31641	307.2186	0
64	26	374.9222	210.4674	0
64	27	413.4609	233.1168	0
64	28	-112.4407	233.7907	0
64	29	435.5079	106.0993	0
64	30	398.5954	109.1852	0
64	31	11.11619	328.2585	0
64	32	499.8079	84.93433	0
64	33	489.4548	132.8116	0
64	34	126.011	176.8156	0
64	35	-157.056	396.2649	0
64	36	108.9397	227.6432	0
64	37	207.8381	187.3503	0
64	38	42.04702	358.7031	0
64	39	405.6623	141.8089	0
64	40	504.4261	171.1277	0
64	41	160.6912	222.8202	0
64	42	121.3252	241.9889	0
64	43	214.7988	210.3885	0
65	1	170.0005	191.7195	0
65	2	433.9023	205.3369	0
65	3	174.1904	176.2861	0
65	4	260.8672	139.3935	0
65	5	-26.50749	292.0976	0
65	6	266.0486	257.0178	0
65	7	153.6106	241.0342	0
65	8	131.8142	298.1683	0
65	9	464.4522	192.4517	0
65	10	44.31152	264.505	0
65	11	515.7431	112.1413	0
65	12	443.0754	116.411	0
65	13	216.3715	144.3931	0
65	14	402.7581	187.4315	0
65	15	449.0645	151.763	0
65	16	271.769	202.1117	0
65	17	368.6854	166.4655	0
65	18	423.4907	157.748	0
65	19	70.10014	284.9038	0
65	20	204.3695	262.8709	0
65	21	-162.4549	288.3387	0
65	22	-104.7041	314.1783	0
65	23	256.947	186.9736	0
65	24	447.0937	139.1689	0
65	25	98.31394	307.2288	0
65	26	374.9209	210.5368	0
65	27	413.4414	233.077	0
65	28	-112.4331	233.7617	0
65	29	435.5044	106.1358	0
65	30	398.601	109.1872	0
65	31	11.07428	328.3377	0
65	32	499.8131	84.93723	0
65	33	489.4666	132.8543	0
65	34	126.0081	176.8245	0
65	35	-157.0699	396.2467	0
65	36	108.9215	227.6279	0
65	37	207.8473	187.3431	0
65	38	42.02453	358.7142	0
65	39	405.6687	141.8111	0
65	40	504.4338	171.1637	0
65	41	160.697	222.8235	0
65	42	121.3113	242.0128	0
65	43	214.7962	210.389	0
66	1	169.9963	191.6901	0
66	2	433.9091	205.3399	0
66	3	174.1908	176.2893	0
66	4	260.8546	139.3635	0
66	5	-26.5241	292.1016	0
66	6	266.0952	257.0142	0
66	7	153.6058	240.9981	0
66	8	131.8235	298.1741	0
66	9	464.4513	192.4804	0
66	10	44.29515	264.4846	0
66	11	515.7195	112.1166	0
66	12	443.0594	116.3867	0
66	13	216.3808	144.3875	0
66	14	402.7384	187.4062	0
66	15	449.0728	151.7566	0
66	16	271.7757	202.1146	0
66	17	368.6945	166.4629	0
66	18	423.4893	157.7722	0
66	19	70.07948	284.8825	0
66	20	204.3626	262.8257	0
66	21	-162.4529	288.3061	0
66	22	-104.7451	314.2276	0
66	23	256.9563	186.9672	0
66	24	447.0775	139.1614	0
66	25	98.30929	307.2408	0
66	26	374.9144	210.6092	0
66	27	413.4196	233.0373	0
66	28	-112.4279	233.7352	0
66	29	435.4961	106.1653	0
66	30	398.6064	109.1888	0
66	31	11.02591	328.4263	0
66	32	499.8197	84.9393	0
66	33	489.4757	132.8994	0
66	34	126.0078	176.8314	0
66	35	-157.0794	396.2381	0
66	36	108.9071	227.6176	0
66	37	207.8576	187.3366	0
66	38	42.04108	358.7045	0
66	39	405.6756	141.8128	0
66	40	504.4463	171.2046	0
66	41	160.702	222.8264	0
66	42	121.29	242.0492	0
66	43	214.7966	210.3926	0
67	1	169.9896	191.662	0
67	2	433.9155	205.343	0
67	3	174.1907	176.2935	0
67	4	260.8394	139.3357	0
67	5	-26.49787	292.0958	0
67	6	266.1413	257.0007	0
67	7	153.5984	240.9634	0
67	8	131.8318	298.1799	0
67	9	464.454	192.519	0
67	10	44.27951	264.4709	0
67	11	515.6935	112.0936	0
67	12	443.0412	116.3628	0
67	13	216.3925	144.3804	0
67	14	402.7186	187.3837	0
67	15	449.0803	151.7533	0
67	16	271.7828	202.1179	0
67	17	368.6999	166.4644	0
67	18	423.4907	157.8033	0
67	19	70.06232	284.868	0
67	20	204.3522	262.7816	0
67	21	-162.4591	288.2754	0
67	22	-104.7924	314.2894	0
67	23	256.9678	186.9592	0
67	24	447.0686	139.1584	0
67	25	98.30525	307.2543	0
67	26	374.9008	210.679	0
67	27	413.3947	232.9992	0
67	28	-112.4258	233.7112	0
67	29	435.4863	106.1834	0
67	30	398.6123	109.19	0
67	31	10.97196	328.5187	0
67	32	499.8257	84.94156	0
67	33	489.4808	132.9462	0
67	34	126.0106	176.8362	0
67	35	-157.0826	396.2377	0
67	36	108.8981	227.6131	0
67	37	207.8702	187.328	0
67	38	42.09807	358.6951	0
67	39	405.6831	141.8148	0
67	40	504.4618	171.2517	0
67	41	160.7067	222.8292	0
67	42	121.2663	242.097	0
67	43	214.7973	210.397	0
68	1	169.981	191.6367	0
68	2	433.9214	205.3455	0
68	3	174.1898	176.2993	0
68	4	260.8232	139.311	0
68	5	-26.44521	292.0869	0
68	6	266.1832	256.9764	0
68	7	153.5889	240.9328	0
68	8	131.8393	298.1851	0
68	9	464.4617	192.5659	0
68	10	44.26804	264.4624	0
68	11	515.668	112.0735	0
68	12	443.0208	116.3401	0
68	13	216.4042	144.3746	0
68	14	402.6957	187.3622	0
68	15	449.0863	151.7529	0
68	16	271.7922	202.1207	0
68	17	368.7006	166.4733	0
68	18	423.4949	157.8374	0
68	19	70.05154	284.861	0
68	20	204.3386	262.7396	0
68	21	-162.4692	288.2475	0
68	22	-104.8428	314.3587	0
68	23	256.979	186.9528	0
68	24	447.0665	139.1594	0
68	25	98.30451	307.2648	0
68	26	374.8807	210.7363	0
68	27	413.3685	232.9654	0
68	28	-112.4283	233.6887	0
68	29	435.4791	106.1904	0
68	30	398.6188	109.1916	0
68	31	10.91077	328.6131	0
68	32	499.8313	84.94324	0
68	33	489.4798	132.9894	0
68	34	126.017	176.8396	0
68	35	-157.0844	396.2433	0
68	36	108.8953	227.6139	0
68	37	207.8819	187.3218	0
68	38	42.15801	358.6731	0
68	39	405.692	141.8167	0
68	40	504.4757	171.3041	0
68	41	160.7109	222.8318	0
68	42	121.2413	242.1514	0
68	43	214.7975	210.4031	0
69	1	169.9704	191.6137	0
69	2	433.9271	205.3477	0
69	3	174.1878	176.3058	0
69	4	260.8031	139.2876	0
69	5	-26.38968	292.0677	0
69	6	266.2213	256.943	0
69	7	153.577	240.9041	0
69	8	131.8457	298.1899	0
69	9	464.4745	192.6185	0
69	10	44.26185	264.4601	0
69	11	515.6401	112.0543	0
69	12	443	116.3205	0
69	13	216.4143	144.3716	0
69	14	402.668	187.3418	0
69	15	449.0893	151.7582	0
69	16	271.8037	202.1211	0
69	17	368.6975	166.4911	0
69	18	423.5012	157.877	0
69	19	70.04802	284.861	0
69	20	204.3234	262.7029	0
69	21	-162.4802	288.225	0
69	22	-104.8998	314.4386	0
69	23	256.989	186.9496	0
69	24	447.0676	139.1624	0
69	25	98.30758	307.2725	0
69	26	374.8606	210.7722	0
69	27	413.3411	232.9339	0
69	28	-112.4367	233.6673	0
69	29	435.4758	106.1866	0
69	30	398.6265	109.1927	0
69	31	10.84358	328.6993	0
69	32	499.8369	84.9447	0
69	33	489.4736	133.0224	0
69	34	126.0229	176.8432	0
69	35	-157.0861	396.2502	0
69	36	108.8945	227.6179	0
69	37	207.8926	187.3185	0
69	38	42.21786	358.636	0
69	39	405.7019	141.8167	0
69	40	504.4863	171.3589	0
69	41	160.7153	222.8343	0
69	42	121.2156	242.2132	0
69	43	214.7961	210.411	0
70	1	169.9556	191.592	0
70	2	433.9333	205.3497	0
70	3	174.1867	176.3128	0
70	4	260.7766	139.2654	0
70	5	-26.33298	292.0364	0
70	6	266.2544	256.9022	0
70	7	153.559	240.877	0
70	8	131.8525	298.1948	0
70	9	464.4874	192.6791	0
70	10	44.26025	264.4623	0
70	11	515.6075	112.0361	0
70	12	442.9775	116.3019	0
70	13	216.4207	144.3716	0
70	14	402.6412	187.3232	0
70	15	449.0904	151.771	0
70	16	271.8155	202.1221	0
70	17	368.6925	166.5183	0
70	18	423.5058	157.9214	0
70	19	70.04752	284.8655	0
70	20	204.304	262.6676	0
70	21	-162.4927	288.21	0
70	22	-104.9639	314.5245	0
70	23	256.9953	186.95	0
70	24	447.069	139.1662	0
70	25	98.31511	307.2776	0
70	26	374.8475	210.7857	0
70	27	413.3083	232.9041	0
70	28	-112.4467	233.648	0
70	29	435.5038	106.1856	0
70	30	398.6351	109.1928	0
70	31	10.78033	328.7644	0
70	32	499.8429	84.94577	0
70	33	489.4657	133.0408	0
70	34	126.0283	176.8461	0
70	35	-157.0902	396.2601	0
70	36	108.894	227.6227	0
70	37	207.8985	187.3191	0
70	38	42.27673	358.5884	0
70	39	405.7122	141.8172	0
70	40	504.4921	171.4146	0
70	41	160.721	222.8372	0
70	42	121.1854	242.2836	0
70	43	214.7945	210.4203	0
71	1	169.9357	191.5714	0
71	2	433.9402	205.352	0
71	3	174.1876	176.3181	0
71	4	260.75	139.245	0
71	5	-26.27671	291.9967	0
71	6	266.2797	256.8581	0
71	7	153.5367	240.8517	0
71	8	131.8602	298.2001	0
71	9	464.497	192.7437	0
71	10	44.25935	264.4667	0
71	11	515.5753	112.0194	0
71	12	442.9508	116.2844	0
71	13	216.4207	144.3776	0
71	14	402.6181	187.3091	0
71	15	449.0892	151.7929	0
71	16	271.8266	202.1229	0
71	17	368.6898	166.5538	0
71	18	423.5076	157.9679	0
71	19	70.04738	284.8712	0
71	20	204.2768	262.6344	0
71	21	-162.5018	288.2013	0
71	22	-105.0342	314.6138	0
71	23	256.9954	186.9574	0
71	24	447.0708	139.1712	0
71	25	98.32207	307.2827	0
71	26	374.8453	210.7788	0
71	27	413.2713	232.8762	0
71	28	-112.4577	233.634	0
71	29	435.5294	106.1802	0
71	30	398.6438	109.1931	0
71	31	10.73819	328.7998	0
71	32	499.8496	84.94696	0
71	33	489.4584	133.0449	0
71	34	126.0332	176.8485	0
71	35	-157.0982	396.2735	0
71	36	108.8927	227.6291	0
71	37	207.8973	187.3271	0
71	38	42.33225	358.5308	0
71	39	405.7218	141.8176	0
71	40	504.4906	171.4641	0
71	41	160.7291	222.838	0
71	42	121.1504	242.3574	0
71	43	214.7946	210.4286	0
72	1	169.9163	191.553	0
72	2	433.9481	205.3538	0
72	3	174.1914	176.3217	0
72	4	260.7263	139.2292	0
72	5	-26.22294	291.9488	0
72	6	266.2953	256.8136	0
72	7	153.516	240.8297	0
72	8	131.8716	298.2037	0
72	9	464.5019	192.811	0
72	10	44.25801	264.4722	0
72	11	515.5475	112.006	0
72	12	442.9221	116.2679	0
72	13	216.4147	144.3911	0
72	14	402.6002	187.2994	0
72	15	449.0902	151.8227	0
72	16	271.8365	202.1182	0
72	17	368.6893	166.594	0
72	18	423.505	158.0154	0
72	19	70.04602	284.8792	0
72	20	204.2478	262.6041	0
72	21	-162.5061	288.1995	0
72	22	-105.1115	314.7019	0
72	23	256.99	186.9733	0
72	24	447.0722	139.1772	0
72	25	98.32839	307.2871	0
72	26	374.8894	210.7757	0
72	27	413.2378	232.8516	0
72	28	-112.4677	233.6246	0
72	29	435.5504	106.1695	0
72	30	398.6518	109.1935	0
72	31	10.72109	328.8027	0
72	32	499.8571	84.94806	0
72	33	489.4663	133.0412	0
72	34	126.0383	176.8507	0
72	35	-157.1091	396.2898	0
72	36	108.8897	227.6372	0
72	37	207.8895	187.3442	0
72	38	42.3782	358.4724	0
72	39	405.7292	141.8143	0
72	40	504.4839	171.4997	0
72	41	160.7383	222.839	0
72	42	121.1091	242.4335	0
72	43	214.7974	210.4348	0
73	1	169.8985	191.5398	0
73	2	433.9568	205.3539	0
73	3	174.197	176.3244	0
73	4	260.7069	139.2183	0
73	5	-26.17869	291.9009	0
73	6	266.3092	256.7701	0
73	7	153.4969	240.8146	0
73	8	131.8864	298.2044	0
73	9	464.4998	192.8759	0
73	10	44.25561	264.4797	0
73	11	515.5261	111.9968	0
73	12	442.8966	116.2538	0
73	13	216.4026	144.4134	0
73	14	402.5894	187.2943	0
73	15	449.095	151.8592	0
73	16	271.8457	202.1093	0
73	17	368.6912	166.6397	0
73	18	423.4965	158.0575	0
73	19	70.04235	284.8898	0
73	20	204.2217	262.5798	0
73	21	-162.5076	288.2026	0
73	22	-105.192	314.7776	0
73	23	256.9796	186.999	0
73	24	447.0743	139.1841	0
73	25	98.334	307.2912	0
73	26	374.9308	210.7639	0
73	27	413.2096	232.8345	0
73	28	-112.4747	233.6201	0
73	29	435.567	106.1546	0
73	30	398.6579	109.1901	0
73	31	10.74907	328.7957	0
73	32	499.8651	84.94809	0
73	33	489.4975	133.0379	0
73	34	126.0441	176.8533	0
73	35	-157.1174	396.305	0
73	36	108.886	227.6466	0
73	37	207.876	187.3709	0
73	38	42.41814	358.4113	0
73	39	405.7352	141.8077	0
73	40	504.4762	171.5179	0
73	41	160.7472	222.8392	0
73	42	121.0613	242.5039	0
73	43	214.8037	210.4391	0
74	1	169.8845	191.5309	0
74	2	433.9659	205.3544	0
74	3	174.202	176.3271	0
74	4	260.6947	139.2123	0
74	5	-26.13773	291.8527	0
74	6	266.3091	256.7256	0
74	7	153.4829	240.8047	0
74	8	131.9008	298.2054	0
74	9	464.4904	192.9288	0
74	10	44.25117	264.4885	0
74	11	515.5125	111.9915	0
74	12	442.8757	116.2441	0
74	13	216.3899	144.4431	0
74	14	402.5857	187.2939	0
74	15	449.1031	151.8982	0
74	16	271.855	202.1009	0
74	17	368.6915	166.692	0
74	18	423.4849	158.0876	0
74	19	70.03719	284.9023	0
74	20	204.1994	262.5634	0
74	21	-162.509	288.2075	0
74	22	-105.2582	314.8286	0
74	23	256.9691	187.0331	0
74	24	447.0775	139.1902	0
74	25	98.33987	307.2952	0
74	26	374.9659	210.742	0
74	27	413.1893	232.8232	0
74	28	-112.4773	233.6203	0
74	29	435.5792	106.136	0
74	30	398.663	109.1849	0
74	31	10.80329	328.7851	0
74	32	499.8734	84.94839	0
74	33	489.5248	133.0295	0
74	34	126.0522	176.8551	0
74	35	-157.1207	396.3167	0
74	36	108.8841	227.6552	0
74	37	207.8623	187.4063	0
74	38	42.44969	358.3537	0
74	39	405.7415	141.8014	0
74	40	504.4672	171.5178	0
74	41	160.7559	222.8383	0
74	42	121.0133	242.558	0
74	43	214.8107	210.4429	0
75	1	169.876	191.527	0
75	2	433.9742	205.3547	0
75	3	174.2065	176.3295	0
75	4	260.69	139.2117	0
75	5	-26.10799	291.8074	0
75	6	266.2983	256.6801	0
75	7	153.4754	240.8012	0
75	8	131.9149	298.2059	0
75	9	464.478	192.9618	0
75	10	44.24678	264.4987	0
75	11	515.5069	111.9908	0
75	12	442.8613	116.2379	0
75	13	216.3775	144.4789	0
75	14	402.5864	187.2966	0
75	15	449.1124	151.9445	0
75	16	271.8656	202.0933	0
75	17	368.6883	166.747	0
75	18	423.4748	158.103	0
75	19	70.03413	284.9141	0
75	20	204.1846	262.554	0
75	21	-162.5117	288.2139	0
75	22	-105.2943	314.8516	0
75	23	256.9591	187.0733	0
75	24	447.0824	139.1946	0
75	25	98.3466	307.2996	0
75	26	374.9952	210.7121	0
75	27	413.1785	232.8187	0
75	28	-112.479	233.6236	0
75	29	435.5859	106.1153	0
75	30	398.6685	109.1801	0
75	31	10.8599	328.7632	0
75	32	499.8808	84.94873	0
75	33	489.5454	133.0143	0
75	34	126.0629	176.8553	0
75	35	-157.1174	396.3248	0
75	36	108.8851	227.6616	0
75	37	207.8489	187.4479	0
75	38	42.46424	358.294	0
75	39	405.7488	141.7957	0
75	40	504.4889	171.5148	0
75	41	160.7646	222.8317	0
75	42	120.9787	242.5884	0
75	43	214.8169	210.4462	0
76	1	169.8733	191.5276	0
76	2	433.9804	205.351	0
76	3	174.2105	176.3315	0
76	4	260.6902	139.2147	0
76	5	-26.09314	291.7595	0
76	6	266.2859	256.6363	0
76	7	153.474	240.8026	0
76	8	131.9296	298.1964	0
76	9	464.4683	192.9741	0
76	10	44.24515	264.5068	0
76	11	515.5074	111.9932	0
76	12	442.8542	116.2361	0
76	13	216.3663	144.519	0
76	14	402.588	187.3001	0
76	15	449.1191	151.9945	0
76	16	271.8786	202.0833	0
76	17	368.6804	166.8039	0
76	18	423.4656	158.1028	0
76	19	70.03469	284.9231	0
76	20	204.1782	262.5521	0
76	21	-162.5173	288.2229	0
76	22	-105.3013	314.8431	0
76	23	256.9507	187.1177	0
76	24	447.0894	139.1976	0
76	25	98.35629	307.3027	0
76	26	375.0185	210.6749	0
76	27	413.1765	232.8198	0
76	28	-112.4806	233.6277	0
76	29	435.5862	106.0954	0
76	30	398.675	109.1756	0
76	31	10.91709	328.7284	0
76	32	499.8859	84.94632	0
76	33	489.5606	132.9946	0
76	34	126.0734	176.8557	0
76	35	-157.1113	396.3314	0
76	36	108.8901	227.666	0
76	37	207.8361	187.4951	0
76	38	42.46744	358.2348	0
76	39	405.7574	141.7885	0
76	40	504.5222	171.5089	0
76	41	160.7735	222.8246	0
76	42	120.9621	242.5938	0
76	43	214.8226	210.4496	0
77	1	169.8729	191.531	0
77	2	433.9851	205.3444	0
77	3	174.2148	176.3334	0
77	4	260.6912	139.2188	0
77	5	-26.08729	291.7123	0
77	6	266.2752	256.5932	0
77	7	153.4742	240.8066	0
77	8	131.9445	298.1828	0
77	9	464.4656	192.9677	0
77	10	44.2466	264.5127	0
77	11	515.5093	111.9967	0
77	12	442.8533	116.2376	0
77	13	216.3527	144.5652	0
77	14	402.5896	187.3049	0
77	15	449.1219	152.0468	0
77	16	271.8907	202.0757	0
77	17	368.6659	166.8561	0
77	18	423.4837	158.0999	0
77	19	70.04019	284.9293	0
77	20	204.1779	262.5555	0
77	21	-162.5261	288.2336	0
77	22	-105.2507	314.8407	0
77	23	256.9402	187.1693	0
77	24	447.0965	139.2005	0
77	25	98.36916	307.3029	0
77	26	375.0332	210.6345	0
77	27	413.1782	232.8242	0
77	28	-112.4834	233.6331	0
77	29	435.5863	106.076	0
77	30	398.6826	109.1699	0
77	31	10.97342	328.6848	0
77	32	499.8895	84.9418	0
77	33	489.5699	132.97	0
77	34	126.0839	176.8561	0
77	35	-157.1064	396.3373	0
77	36	108.8964	227.6697	0
77	37	207.8202	187.5488	0
77	38	42.47213	358.178	0
77	39	405.7659	141.7831	0
77	40	504.5502	171.4962	0
77	41	160.7825	222.8181	0
77	42	120.9791	242.5874	0
77	43	214.8279	210.4525	0
78	1	169.8728	191.5351	0
78	2	433.9903	205.3381	0
78	3	174.2198	176.3356	0
78	4	260.6919	139.224	0
78	5	-26.07832	291.6668	0
78	6	266.261	256.5513	0
78	7	153.4744	240.8116	0
78	8	131.9595	298.1701	0
78	9	464.507	192.9648	0
78	10	44.25213	264.5167	0
78	11	515.5114	112.0011	0
78	12	442.8545	116.2408	0
78	13	216.3353	144.6144	0
78	14	402.5909	187.3113	0
78	15	449.1193	152.0979	0
78	16	271.9021	202.0717	0
78	17	368.6475	166.8956	0
78	18	423.514	158.0949	0
78	19	70.04758	284.9342	0
78	20	204.1788	262.5608	0
78	21	-162.5342	288.2452	0
78	22	-105.1932	314.8269	0
78	23	256.9262	187.2242	0
78	24	447.1029	139.2027	0
78	25	98.38186	307.3036	0
78	26	375.0389	210.5948	0
78	27	413.1802	232.8295	0
78	28	-112.4884	233.6401	0
78	29	435.578	106.0557	0
78	30	398.6895	109.1662	0
78	31	11.02618	328.6329	0
78	32	499.8934	84.93747	0
78	33	489.572	132.945	0
78	34	126.0946	176.8511	0
78	35	-157.1024	396.3436	0
78	36	108.9017	227.6729	0
78	37	207.8005	187.6054	0
78	38	42.47598	358.1213	0
78	39	405.7742	141.7805	0
78	40	504.5706	171.476	0
78	41	160.7938	222.8109	0
78	42	121.0266	242.5806	0
78	43	214.8337	210.4556	0
79	1	169.8722	191.5406	0
79	2	433.9964	205.3323	0
79	3	174.2269	176.3369	0
79	4	260.6917	139.231	0
79	5	-26.07111	291.6215	0
79	6	266.2441	256.5116	0
79	7	153.4737	240.8187	0
79	8	131.9766	298.1582	0
79	9	464.5443	192.9539	0
79	10	44.2575	264.5206	0
79	11	515.5139	112.0067	0
79	12	442.8558	116.2445	0
79	13	216.3133	144.6658	0
79	14	402.5922	187.3187	0
79	15	449.1104	152.1398	0
79	16	271.9088	202.0722	0
79	17	368.6318	166.9174	0
79	18	423.5409	158.0843	0
79	19	70.05396	284.9386	0
79	20	204.179	262.5677	0
79	21	-162.5382	288.2542	0
79	22	-105.1336	314.8011	0
79	23	256.9076	187.2813	0
79	24	447.109	139.205	0
79	25	98.39457	307.3037	0
79	26	375.0432	210.5567	0
79	27	413.1826	232.837	0
79	28	-112.4951	233.6483	0
79	29	435.5634	106.0341	0
79	30	398.6967	109.1646	0
79	31	11.06909	328.5816	0
79	32	499.8982	84.93365	0
79	33	489.5697	132.92	0
79	34	126.1056	176.8434	0
79	35	-157.0999	396.3496	0
79	36	108.9068	227.6761	0
79	37	207.7757	187.664	0
79	38	42.47607	358.0666	0
79	39	405.7798	141.7813	0
79	40	504.585	171.4504	0
79	41	160.8065	222.8031	0
79	42	121.0749	242.5651	0
79	43	214.8411	210.4587	0
80	1	169.8702	191.5475	0
80	2	434.0035	205.325	0
80	3	174.2356	176.3372	0
80	4	260.6906	139.2389	0
80	5	-26.06692	291.5777	0
80	6	266.2257	256.4769	0
80	7	153.4711	240.8274	0
80	8	131.9974	298.1425	0
80	9	464.5739	192.9337	0
80	10	44.26236	264.5239	0
80	11	515.5167	112.0131	0
80	12	442.8577	116.2496	0
80	13	216.2857	144.7147	0
80	14	402.5947	187.326	0
80	15	449.0991	152.1664	0
80	16	271.9085	202.0812	0
80	17	368.6208	166.9211	0
80	18	423.5625	158.0674	0
80	19	70.05973	284.943	0
80	20	204.1782	262.5776	0
80	21	-162.5378	288.2606	0
80	22	-105.0715	314.7642	0
80	23	256.8832	187.3354	0
80	24	447.1155	139.2066	0
80	25	98.40787	307.2958	0
80	26	375.034	210.5174	0
80	27	413.1841	232.8465	0
80	28	-112.5001	233.6559	0
80	29	435.5485	106.0132	0
80	30	398.7009	109.1659	0
80	31	11.10864	328.5279	0
80	32	499.9037	84.92874	0
80	33	489.5641	132.8962	0
80	34	126.117	176.8362	0
80	35	-157.0972	396.356	0
80	36	108.9115	227.6787	0
80	37	207.7448	187.7187	0
80	38	42.47293	358.0161	0
80	39	405.7814	141.7882	0
80	40	504.5923	171.4197	0
80	41	160.8167	222.7986	0
80	42	121.1218	242.5388	0
80	43	214.851	210.4594	0
81	1	169.8679	191.5554	0
81	2	434.0104	205.3196	0
81	3	174.244	176.3376	0
81	4	260.6909	139.2471	0
81	5	-26.06609	291.5381	0
81	6	266.2032	256.4437	0
81	7	153.4686	240.8376	0
81	8	132.0152	298.1319	0
81	9	464.5967	192.906	0
81	10	44.26656	264.527	0
81	11	515.5206	112.0199	0
81	12	442.8591	116.2554	0
81	13	216.2546	144.7537	0
81	14	402.5988	187.3316	0
81	15	449.0899	152.1772	0
81	16	271.9022	202.1009	0
81	17	368.6328	166.9164	0
81	18	423.5798	158.0461	0
81	19	70.06461	284.9471	0
81	20	204.1758	262.589	0
81	21	-162.5327	288.2651	0
81	22	-105.0088	314.7186	0
81	23	256.8553	187.3783	0
81	24	447.1227	139.2083	0
81	25	98.42173	307.2839	0
81	26	375.0152	210.4768	0
81	27	413.1865	232.8576	0
81	28	-112.502	233.6618	0
81	29	435.5346	105.9928	0
81	30	398.7019	109.1723	0
81	31	11.13721	328.4771	0
81	32	499.9091	84.92529	0
81	33	489.5487	132.8704	0
81	34	126.1293	176.8295	0
81	35	-157.0922	396.3624	0
81	36	108.9166	227.6815	0
81	37	207.7115	187.7614	0
81	38	42.46593	357.9706	0
81	39	405.7804	141.8029	0
81	40	504.5907	171.3896	0
81	41	160.8246	222.7969	0
81	42	121.1666	242.5053	0
81	43	214.8619	210.4606	0
82	1	169.867	191.5626	0
82	2	434.0174	205.3168	0
82	3	174.2522	176.3378	0
82	4	260.6936	139.2533	0
82	5	-26.06864	291.5018	0
82	6	266.1739	256.4125	0
82	7	153.4684	240.8461	0
82	8	132.0312	298.1263	0
82	9	464.6125	192.8715	0
82	10	44.27074	264.5298	0
82	11	515.5255	112.0251	0
82	12	442.8613	116.2621	0
82	13	216.2287	144.7771	0
82	14	402.6054	187.3354	0
82	15	449.0813	152.1713	0
82	16	271.8906	202.1319	0
82	17	368.6697	166.9118	0
82	18	423.5916	158.0206	0
82	19	70.06984	284.9513	0
82	20	204.1746	262.6016	0
82	21	-162.5283	288.2697	0
82	22	-104.9515	314.6675	0
82	23	256.8322	187.4039	0
82	24	447.1309	139.2102	0
82	25	98.43602	307.2726	0
82	26	374.996	210.4377	0
82	27	413.1905	232.867	0
82	28	-112.4998	233.6658	0
82	29	435.5188	105.973	0
82	30	398.7003	109.1851	0
82	31	11.15046	328.424	0
82	32	499.9149	84.92377	0
82	33	489.5278	132.8441	0
82	34	126.1443	176.821	0
82	35	-157.0808	396.3642	0
82	36	108.9233	227.6844	0
82	37	207.6855	187.7859	0
82	38	42.45264	357.9277	0
82	39	405.7774	141.8264	0
82	40	504.5876	171.3595	0
82	41	160.8264	222.8008	0
82	42	121.2075	242.4647	0
82	43	214.8722	210.4609	0
83	1	169.8686	191.5681	0
83	2	434.022	205.3175	0
83	3	174.2603	176.3329	0
83	4	260.6997	139.2574	0
83	5	-26.0778	291.4676	0
83	6	266.1431	256.3842	0
83	7	153.4712	240.8523	0
83	8	132.0384	298.1285	0
83	9	464.6197	192.8341	0
83	10	44.27559	264.533	0
83	11	515.5327	112.0285	0
83	12	442.8647	116.2675	0
83	13	216.2146	144.785	0
83	14	402.6126	187.3385	0
83	15	449.1166	152.17	0
83	16	271.8799	202.173	0
83	17	368.7039	166.9006	0
83	18	423.5959	157.9959	0
83	19	70.07679	284.9558	0
83	20	204.1763	262.6112	0
83	21	-162.5246	288.2738	0
83	22	-104.904	314.6172	0
83	23	256.8188	187.4117	0
83	24	447.1399	139.2104	0
83	25	98.45144	307.2622	0
83	26	374.9784	210.3991	0
83	27	413.1971	232.8741	0
83	28	-112.4956	233.6691	0
83	29	435.5009	105.9545	0
83	30	398.6975	109.2047	0
83	31	11.15474	328.3719	0
83	32	499.919	84.92465	0
83	33	489.5091	132.8188	0
83	34	126.1575	176.8152	0
83	35	-157.0681	396.3666	0
83	36	108.933	227.6849	0
83	37	207.6724	187.792	0
83	38	42.43065	357.8873	0
83	39	405.7767	141.8575	0
83	40	504.5775	171.3304	0
83	41	160.8217	222.8126	0
83	42	121.2398	242.4243	0
83	43	214.882	210.4592	0
84	1	169.8736	191.5718	0
84	2	434.0236	205.3246	0
84	3	174.2684	176.3267	0
84	4	260.7076	139.2607	0
84	5	-26.09447	291.4354	0
84	6	266.1155	256.3616	0
84	7	153.4777	240.8566	0
84	8	132.0332	298.1449	0
84	9	464.618	192.7974	0
84	10	44.28274	264.5355	0
84	11	515.541	112.0312	0
84	12	442.8701	116.2712	0
84	13	216.2172	144.7802	0
84	14	402.6191	187.3414	0
84	15	449.1488	152.1623	0
84	16	271.8705	202.2215	0
84	17	368.7328	166.8816	0
84	18	423.598	157.97	0
84	19	70.08788	284.957	0
84	20	204.1821	262.618	0
84	21	-162.5222	288.2777	0
84	22	-104.8587	314.5685	0
84	23	256.8222	187.406	0
84	24	447.1497	139.211	0
84	25	98.47025	307.2487	0
84	26	374.9576	210.3616	0
84	27	413.2066	232.8788	0
84	28	-112.4919	233.672	0
84	29	435.4832	105.9384	0
84	30	398.6971	109.2302	0
84	31	11.16189	328.3217	0
84	32	499.9213	84.92975	0
84	33	489.4895	132.7937	0
84	34	126.1693	176.8125	0
84	35	-157.0545	396.3669	0
84	36	108.9436	227.6858	0
84	37	207.6827	187.7872	0
84	38	42.40763	357.8513	0
84	39	405.7788	141.8936	0
84	40	504.5573	171.2991	0
84	41	160.8094	222.8342	0
84	42	121.2674	242.3816	0
84	43	214.8914	210.4514	0
85	1	169.8795	191.575	0
85	2	434.0233	205.3397	0
85	3	174.2766	176.3209	0
85	4	260.7144	139.2638	0
85	5	-26.11129	291.4069	0
85	6	266.0927	256.3466	0
85	7	153.4842	240.8608	0
85	8	132.0161	298.1779	0
85	9	464.6154	192.7622	0
85	10	44.29294	264.5357	0
85	11	515.5482	112.034	0
85	12	442.8773	116.2738	0
85	13	216.2541	144.7779	0
85	14	402.6254	187.3441	0
85	15	449.1753	152.1476	0
85	16	271.863	202.2766	0
85	17	368.7573	166.8572	0
85	18	423.5941	157.9449	0
85	19	70.10044	284.9586	0
85	20	204.1909	262.623	0
85	21	-162.5201	288.2816	0
85	22	-104.8295	314.52	0
85	23	256.8596	187.4026	0
85	24	447.1585	139.2111	0
85	25	98.48665	307.2394	0
85	26	374.9337	210.3264	0
85	27	413.2157	232.8834	0
85	28	-112.4887	233.6749	0
85	29	435.4635	105.9229	0
85	30	398.6987	109.2589	0
85	31	11.16683	328.2717	0
85	32	499.9227	84.94025	0
85	33	489.4677	132.7697	0
85	34	126.1752	176.8141	0
85	35	-157.0396	396.3645	0
85	36	108.9541	227.6856	0
85	37	207.7217	187.783	0
85	38	42.3851	357.8251	0
85	39	405.7838	141.9336	0
85	40	504.5331	171.2681	0
85	41	160.7943	222.864	0
85	42	121.2873	242.3414	0
85	43	214.9009	210.4433	0
86	1	169.8848	191.5777	0
86	2	434.0219	205.3633	0
86	3	174.2864	176.3153	0
86	4	260.7209	139.2666	0
86	5	-26.1288	291.3868	0
86	6	266.0777	256.3381	0
86	7	153.4899	240.8643	0
86	8	131.9903	298.2273	0
86	9	464.6004	192.7255	0
86	10	44.3031	264.5363	0
86	11	515.5552	112.0362	0
86	12	442.8841	116.2766	0
86	13	216.291	144.7696	0
86	14	402.6314	187.3466	0
86	15	449.1964	152.127	0
86	16	271.8526	202.3394	0
86	17	368.776	166.8274	0
86	18	423.5811	157.918	0
86	19	70.11289	284.9587	0
86	20	204.1987	262.628	0
86	21	-162.5169	288.2859	0
86	22	-104.8134	314.47	0
86	23	256.8963	187.3927	0
86	24	447.1657	139.2094	0
86	25	98.50108	307.2346	0
86	26	374.9097	210.2953	0
86	27	413.2241	232.8872	0
86	28	-112.4862	233.6772	0
86	29	435.4396	105.9083	0
86	30	398.7026	109.2914	0
86	31	11.16861	328.2235	0
86	32	499.924	84.95682	0
86	33	489.4444	132.748	0
86	34	126.1719	176.8233	0
86	35	-157.0201	396.351	0
86	36	108.9646	227.6837	0
86	37	207.7603	187.7722	0
86	38	42.36618	357.8077	0
86	39	405.7882	141.9802	0
86	40	504.512	171.2382	0
86	41	160.7787	222.9017	0
86	42	121.2932	242.2987	0
86	43	214.9108	210.4361	0
87	1	169.8897	191.5804	0
87	2	434.0232	205.3944	0
87	3	174.2979	176.3083	0
87	4	260.7269	139.2689	0
87	5	-26.14312	291.3734	0
87	6	266.0711	256.3368	0
87	7	153.495	240.8679	0
87	8	131.9628	298.2916	0
87	9	464.5764	192.6877	0
87	10	44.31337	264.5366	0
87	11	515.5621	112.0379	0
87	12	442.8904	116.2787	0
87	13	216.325	144.7541	0
87	14	402.638	187.3489	0
87	15	449.2119	152.1015	0
87	16	271.8381	202.4055	0
87	17	368.787	166.7978	0
87	18	423.564	157.8912	0
87	19	70.12541	284.957	0
87	20	204.2058	262.6324	0
87	21	-162.5095	288.2885	0
87	22	-104.8021	314.4219	0
87	23	256.9297	187.3748	0
87	24	447.1706	139.2035	0
87	25	98.50813	307.2364	0
87	26	374.8821	210.2657	0
87	27	413.2321	232.8911	0
87	28	-112.4835	233.6796	0
87	29	435.4157	105.8947	0
87	30	398.7054	109.3289	0
87	31	11.16716	328.1801	0
87	32	499.9285	84.9787	0
87	33	489.4212	132.7284	0
87	34	126.16	176.8419	0
87	35	-156.9997	396.3364	0
87	36	108.9756	227.6757	0
87	37	207.7959	187.7529	0
87	38	42.35379	357.7995	0
87	39	405.7896	142.0297	0
87	40	504.4888	171.2085	0
87	41	160.7637	222.9439	0
87	42	121.2903	242.2561	0
87	43	214.9233	210.4276	0
88	1	169.8943	191.5825	0
88	2	434.027	205.4304	0
88	3	174.3076	176.304	0
88	4	260.7333	139.271	0
88	5	-26.15197	291.3677	0
88	6	266.0706	256.3405	0
88	7	153.5	240.8712	0
88	8	131.9345	298.3665	0
88	9	464.5525	192.6512	0
88	10	44.32458	264.5314	0
88	11	515.5699	112.0394	0
88	12	442.8965	116.2806	0
88	13	216.3564	144.7331	0
88	14	402.6454	187.3516	0
88	15	449.2208	152.0733	0
88	16	271.8179	202.4741	0
88	17	368.7931	166.7666	0
88	18	423.5493	157.8654	0
88	19	70.13916	284.9467	0
88	20	204.2122	262.6366	0
88	21	-162.4983	288.2892	0
88	22	-104.7873	314.3745	0
88	23	256.9601	187.3511	0
88	24	447.1759	139.1975	0
88	25	98.50333	307.2504	0
88	26	374.8478	210.2377	0
88	27	413.2403	232.8947	0
88	28	-112.4795	233.6823	0
88	29	435.395	105.8837	0
88	30	398.7055	109.3684	0
88	31	11.16161	328.1403	0
88	32	499.9361	85.00378	0
88	33	489.3949	132.7098	0
88	34	126.1415	176.8703	0
88	35	-156.9793	396.323	0
88	36	108.987	227.6674	0
88	37	207.8288	187.7277	0
88	38	42.34927	357.7997	0
88	39	405.7868	142.0813	0
88	40	504.463	171.1801	0
88	41	160.7469	222.9929	0
88	42	121.2894	242.2153	0
88	43	214.9368	210.4191	0
89	1	169.8995	191.5847	0
89	2	434.0338	205.4708	0
89	3	174.3161	176.3022	0
89	4	260.7407	139.2735	0
89	5	-26.15446	291.3684	0
89	6	266.0711	256.346	0
89	7	153.5055	240.8746	0
89	8	131.9051	298.4522	0
89	9	464.5299	192.6153	0
89	10	44.33656	264.5225	0
89	11	515.5786	112.0412	0
89	12	442.9031	116.2821	0
89	13	216.3844	144.7069	0
89	14	402.6541	187.3526	0
89	15	449.2208	152.0456	0
89	16	271.7908	202.5384	0
89	17	368.7943	166.7369	0
89	18	423.5329	157.84	0
89	19	70.15335	284.9355	0
89	20	204.2191	262.6408	0
89	21	-162.4875	288.29	0
89	22	-104.7764	314.3281	0
89	23	256.9863	187.3219	0
89	24	447.1816	139.1923	0
89	25	98.48742	307.2789	0
89	26	374.8135	210.2121	0
89	27	413.2492	232.8984	0
89	28	-112.4717	233.6829	0
89	29	435.3786	105.8761	0
89	30	398.7018	109.4094	0
89	31	11.14942	328.1027	0
89	32	499.9469	85.03171	0
89	33	489.3643	132.692	0
89	34	126.1211	176.9073	0
89	35	-156.9547	396.308	0
89	36	108.9987	227.6599	0
89	37	207.8579	187.6966	0
89	38	42.34768	357.8055	0
89	39	405.7778	142.1298	0
89	40	504.4365	171.155	0
89	41	160.7263	223.046	0
89	42	121.2873	242.1746	0
89	43	214.9479	210.4144	0
90	1	169.9059	191.5871	0
90	2	434.0399	205.5172	0
90	3	174.3194	176.3043	0
90	4	260.7505	139.2747	0
90	5	-26.15542	291.3733	0
90	6	266.0714	256.3531	0
90	7	153.5131	240.8777	0
90	8	131.8695	298.5479	0
90	9	464.5043	192.5804	0
90	10	44.34887	264.514	0
90	11	515.588	112.0423	0
90	12	442.9103	116.2837	0
90	13	216.4059	144.6788	0
90	14	402.6641	187.3535	0
90	15	449.2206	152.0178	0
90	16	271.7597	202.5891	0
90	17	368.7841	166.7051	0
90	18	423.5143	157.8157	0
90	19	70.16769	284.9252	0
90	20	204.2268	262.6452	0
90	21	-162.4759	288.2903	0
90	22	-104.768	314.2832	0
90	23	257.006	187.2915	0
90	24	447.189	139.1861	0
90	25	98.46324	307.3221	0
90	26	374.7837	210.1917	0
90	27	413.2597	232.902	0
90	28	-112.4631	233.6837	0
90	29	435.3681	105.8716	0
90	30	398.6926	109.4468	0
90	31	11.12996	328.0676	0
90	32	499.9578	85.06424	0
90	33	489.3359	132.6758	0
90	34	126.0997	176.9493	0
90	35	-156.927	396.2916	0
90	36	109.013	227.6515	0
90	37	207.8795	187.6646	0
90	38	42.34641	357.813	0
90	39	405.7639	142.1674	0
90	40	504.4095	171.1317	0
90	41	160.7018	223.1014	0
90	42	121.2821	242.1357	0
90	43	214.9561	210.413	0
91	1	169.9148	191.5875	0
91	2	434.0435	205.5663	0
91	3	174.3165	176.3128	0
91	4	260.762	139.2753	0
91	5	-26.15641	291.3792	0
91	6	266.0712	256.3626	0
91	7	153.5236	240.8783	0
91	8	131.8282	298.6475	0
91	9	464.4758	192.5476	0
91	10	44.36185	264.5063	0
91	11	515.5982	112.0424	0
91	12	442.9187	116.2852	0
91	13	216.4212	144.6513	0
91	14	402.6732	187.3538	0
91	15	449.2105	151.9892	0
91	16	271.7343	202.6187	0
91	17	368.7674	166.6729	0
91	18	423.4948	157.7943	0
91	19	70.18535	284.914	0
91	20	204.2376	262.6479	0
91	21	-162.4605	288.2825	0
91	22	-104.7635	314.2441	0
91	23	257.0192	187.2604	0
91	24	447.1966	139.1805	0
91	25	98.43617	307.3785	0
91	26	374.7597	210.1779	0
91	27	413.2716	232.9026	0
91	28	-112.4538	233.6836	0
91	29	435.3637	105.8708	0
91	30	398.6799	109.4745	0
91	31	11.11024	328.0368	0
91	32	499.9665	85.09894	0
91	33	489.3118	132.6639	0
91	34	126.0777	176.9971	0
91	35	-156.9056	396.2816	0
91	36	109.0285	227.643	0
91	37	207.8966	187.6326	0
91	38	42.34398	357.823	0
91	39	405.7504	142.1893	0
91	40	504.378	171.1096	0
91	41	160.6723	223.1566	0
91	42	121.2743	242.1002	0
91	43	214.9575	210.4185	0
92	1	169.9245	191.5883	0
92	2	434.0434	205.6172	0
92	3	174.3069	176.3293	0
92	4	260.7729	139.2755	0
92	5	-26.15896	291.3875	0
92	6	266.0698	256.3737	0
92	7	153.5344	240.8795	0
92	8	131.7789	298.7498	0
92	9	464.4477	192.5188	0
92	10	44.37792	264.4964	0
92	11	515.6079	112.0426	0
92	12	442.9279	116.2852	0
92	13	216.4337	144.6249	0
92	14	402.6813	187.3535	0
92	15	449.192	151.9592	0
92	16	271.7204	202.6267	0
92	17	368.753	166.6421	0
92	18	423.4742	157.7744	0
92	19	70.2051	284.9017	0
92	20	204.2508	262.6488	0
92	21	-162.4434	288.2722	0
92	22	-104.7638	314.2067	0
92	23	257.0294	187.2303	0
92	24	447.2036	139.1777	0
92	25	98.40736	307.443	0
92	26	374.7444	210.1701	0
92	27	413.2845	232.9041	0
92	28	-112.4439	233.6825	0
92	29	435.3641	105.8726	0
92	30	398.6686	109.4895	0
92	31	11.09054	328.0154	0
92	32	499.972	85.13504	0
92	33	489.2939	132.6556	0
92	34	126.0518	177.0516	0
92	35	-156.8902	396.2772	0
92	36	109.0407	227.6384	0
92	37	207.9083	187.6024	0
92	38	42.33908	357.8361	0
92	39	405.7403	142.1953	0
92	40	504.3435	171.0887	0
92	41	160.6383	223.2042	0
92	42	121.2636	242.0681	0
92	43	214.9526	210.4332	0
93	1	169.934	191.5881	0
93	2	434.0378	205.6649	0
93	3	174.2936	176.3535	0
93	4	260.7832	139.2755	0
93	5	-26.16457	291.3983	0
93	6	266.0697	256.3856	0
93	7	153.5448	240.8801	0
93	8	131.7216	298.8436	0
93	9	464.4165	192.4912	0
93	10	44.39242	264.4891	0
93	11	515.6166	112.0428	0
93	12	442.9375	116.2856	0
93	13	216.4349	144.597	0
93	14	402.6872	187.3476	0
93	15	449.1724	151.9301	0
93	16	271.7298	202.621	0
93	17	368.7373	166.6115	0
93	18	423.4499	157.7556	0
93	19	70.22085	284.8944	0
93	20	204.2637	262.6497	0
93	21	-162.4264	288.2625	0
93	22	-104.7728	314.1714	0
93	23	257.0283	187.1987	0
93	24	447.2091	139.1776	0
93	25	98.37748	307.5163	0
93	26	374.7384	210.1688	0
93	27	413.296	232.9045	0
93	28	-112.4316	233.6758	0
93	29	435.3655	105.8752	0
93	30	398.66	109.4919	0
93	31	11.07473	328.0013	0
93	32	499.9723	85.16867	0
93	33	489.2834	132.6515	0
93	34	126.0216	177.1089	0
93	35	-156.8899	396.2845	0
93	36	109.0496	227.6374	0
93	37	207.9083	187.5701	0
93	38	42.33239	357.8517	0
93	39	405.7439	142.1903	0
93	40	504.3125	171.0704	0
93	41	160.6074	223.2367	0
93	42	121.2476	242.0378	0
93	43	214.94	210.459	0
94	1	169.9431	191.5867	0
94	2	434.0277	205.7021	0
94	3	174.28	176.3845	0
94	4	260.7924	139.2694	0
94	5	-26.17169	291.411	0
94	6	266.0721	256.3947	0
94	7	153.5552	240.8762	0
94	8	131.6642	298.9158	0
94	9	464.3791	192.4651	0
94	10	44.40483	264.4853	0
94	11	515.6219	112.0382	0
94	12	442.9462	116.286	0
94	13	216.4279	144.568	0
94	14	402.6927	187.3408	0
94	15	449.1543	151.9017	0
94	16	271.7731	202.6163	0
94	17	368.719	166.5823	0
94	18	423.4225	157.738	0
94	19	70.2327	284.8916	0
94	20	204.276	262.65	0
94	21	-162.4079	288.2531	0
94	22	-104.7864	314.1393	0
94	23	257.0193	187.1664	0
94	24	447.2117	139.1826	0
94	25	98.34245	307.5993	0
94	26	374.7389	210.1719	0
94	27	413.3054	232.9012	0
94	28	-112.4186	233.6684	0
94	29	435.3669	105.8785	0
94	30	398.6694	109.4886	0
94	31	11.06491	327.9957	0
94	32	499.968	85.19403	0
94	33	489.2804	132.6516	0
94	34	125.986	177.1682	0
94	35	-156.9077	396.3087	0
94	36	109.0502	227.6432	0
94	37	207.9006	187.5374	0
94	38	42.32799	357.8665	0
94	39	405.7789	142.1873	0
94	40	504.2872	171.0576	0
94	41	160.5886	223.252	0
94	42	121.2248	242.0092	0
94	43	214.9258	210.4941	0
95	1	169.9523	191.58	0
95	2	434.0175	205.7238	0
95	3	174.2667	176.4199	0
95	4	260.8015	139.262	0
95	5	-26.17597	291.4222	0
95	6	266.0782	256.4012	0
95	7	153.5657	240.8674	0
95	8	131.6239	298.9555	0
95	9	464.3424	192.4412	0
95	10	44.41142	264.4861	0
95	11	515.6261	112.0322	0
95	12	442.9527	116.283	0
95	13	216.4211	144.54	0
95	14	402.6985	187.3346	0
95	15	449.1337	151.8741	0
95	16	271.8152	202.6036	0
95	17	368.6991	166.556	0
95	18	423.3975	157.7224	0
95	19	70.23438	284.8976	0
95	20	204.2879	262.6417	0
95	21	-162.3847	288.241	0
95	22	-104.8003	314.1127	0
95	23	257.0105	187.1353	0
95	24	447.2125	139.1944	0
95	25	98.30223	307.6861	0
95	26	374.7406	210.1766	0
95	27	413.3123	232.8917	0
95	28	-112.4055	233.6618	0
95	29	435.3686	105.8829	0
95	30	398.699	109.4856	0
95	31	11.06177	327.9971	0
95	32	499.9617	85.20831	0
95	33	489.2816	132.6542	0
95	34	125.9447	177.2227	0
95	35	-156.9455	396.3521	0
95	36	109.0424	227.6584	0
95	37	207.8946	187.506	0
95	38	42.32763	357.8779	0
95	39	405.8112	142.1784	0
95	40	504.2692	171.049	0
95	41	160.5805	223.2482	0
95	42	121.202	241.9835	0
95	43	214.9118	210.5379	0
96	1	169.9618	191.573	0
96	2	434.0092	205.7292	0
96	3	174.2527	176.4606	0
96	4	260.8107	139.2553	0
96	5	-26.17628	291.4308	0
96	6	266.0869	256.4058	0
96	7	153.5765	240.8588	0
96	8	131.6062	298.961	0
96	9	464.3107	192.4223	0
96	10	44.40764	264.4958	0
96	11	515.6308	112.0266	0
96	12	442.9576	116.2773	0
96	13	216.415	144.5125	0
96	14	402.7062	187.3281	0
96	15	449.1108	151.8482	0
96	16	271.8527	202.5813	0
96	17	368.6782	166.532	0
96	18	423.3766	157.7115	0
96	19	70.22511	284.9161	0
96	20	204.2996	262.6305	0
96	21	-162.3656	288.233	0
96	22	-104.8154	314.0949	0
96	23	257.002	187.1046	0
96	24	447.2114	139.2145	0
96	25	98.25528	307.7755	0
96	26	374.7424	210.1827	0
96	27	413.3195	232.8822	0
96	28	-112.3901	233.6545	0
96	29	435.3699	105.8878	0
96	30	398.7261	109.4779	0
96	31	11.06023	328.0027	0
96	32	499.9551	85.21176	0
96	33	489.2835	132.6574	0
96	34	125.9031	177.2639	0
96	35	-156.9944	396.4121	0
96	36	109.0252	227.6849	0
96	37	207.8882	187.4746	0
96	38	42.3329	357.8857	0
96	39	405.8379	142.1623	0
96	40	504.26	171.0457	0
96	41	160.6118	223.2465	0
96	42	121.1806	241.9651	0
96	43	214.8995	210.5867	0
97	1	169.9715	191.5667	0
97	2	434.0143	205.7245	0
97	3	174.2353	176.5059	0
97	4	260.8221	139.2485	0
97	5	-26.17123	291.4366	0
97	6	266.0947	256.4104	0
97	7	153.588	240.851	0
97	8	131.6336	298.9539	0
97	9	464.286	192.4093	0
97	10	44.39399	264.516	0
97	11	515.637	112.0213	0
97	12	442.9629	116.2719	0
97	13	216.4063	144.4859	0
97	14	402.7146	187.3206	0
97	15	449.0878	151.8256	0
97	16	271.8862	202.5518	0
97	17	368.6533	166.5095	0
97	18	423.3615	157.7043	0
97	19	70.20295	284.9496	0
97	20	204.3115	262.6201	0
97	21	-162.35	288.2289	0
97	22	-104.8266	314.0842	0
97	23	256.9908	187.075	0
97	24	447.2124	139.2415	0
97	25	98.20168	307.8582	0
97	26	374.7439	210.1912	0
97	27	413.3275	232.8737	0
97	28	-112.3728	233.6468	0
97	29	435.3723	105.8933	0
97	30	398.7484	109.4646	0
97	31	11.05866	328.0097	0
97	32	499.9585	85.2084	0
97	33	489.2857	132.6619	0
97	34	125.8731	177.2868	0
97	35	-157.0516	396.4879	0
97	36	109.0045	227.721	0
97	37	207.8792	187.4445	0
97	38	42.34087	357.8918	0
97	39	405.86	142.1411	0
97	40	504.2584	171.0468	0
97	41	160.6479	223.2389	0
97	42	121.1635	241.9528	0
97	43	214.8852	210.6432	0
98	1	169.9834	191.5596	0
98	2	434.0445	205.7209	0
98	3	174.2146	176.5532	0
98	4	260.8352	139.2404	0
98	5	-26.16476	291.4416	0
98	6	266.1021	256.4143	0
98	7	153.6024	240.8411	0
98	8	131.6917	298.9435	0
98	9	464.2705	192.4021	0
98	10	44.37206	264.5475	0
98	11	515.6436	112.0149	0
98	12	442.9691	116.2669	0
98	13	216.3954	144.4612	0
98	14	402.722	187.3162	0
98	15	449.0623	151.804	0
98	16	271.9147	202.5155	0
98	17	368.6235	166.488	0
98	18	423.3535	157.7016	0
98	19	70.17522	284.9961	0
98	20	204.3256	262.61	0
98	21	-162.3446	288.2311	0
98	22	-104.8323	314.0814	0
98	23	256.9777	187.0477	0
98	24	447.2167	139.2745	0
98	25	98.14858	307.9221	0
98	26	374.7449	210.201	0
98	27	413.3377	232.8632	0
98	28	-112.3596	233.6425	0
98	29	435.3756	105.8975	0
98	30	398.7668	109.4474	0
98	31	11.05573	328.0192	0
98	32	499.9853	85.20636	0
98	33	489.2879	132.6676	0
98	34	125.8587	177.2907	0
98	35	-157.113	396.5734	0
98	36	108.9818	227.7659	0
98	37	207.8679	187.4171	0
98	38	42.34772	357.8973	0
98	39	405.8764	142.1149	0
98	40	504.2602	171.0501	0
98	41	160.6825	223.224	0
98	42	121.1528	241.9472	0
98	43	214.8667	210.7041	0
99	1	169.9964	191.5525	0
99	2	434.0718	205.7113	0
99	3	174.1892	176.6014	0
99	4	260.8463	139.2357	0
99	5	-26.1594	291.4459	0
99	6	266.109	256.4179	0
99	7	153.6164	240.8329	0
99	8	131.7501	298.9209	0
99	9	464.2644	192.4009	0
99	10	44.3467	264.589	0
99	11	515.6498	112.011	0
99	12	442.9765	116.2608	0
99	13	216.3833	144.4395	0
99	14	402.7286	187.3144	0
99	15	449.032	151.7837	0
99	16	271.9348	202.4778	0
99	17	368.5953	166.4687	0
99	18	423.3518	157.7027	0
99	19	70.14475	285.0546	0
99	20	204.3422	262.597	0
99	21	-162.3551	288.2444	0
99	22	-104.8337	314.0843	0
99	23	256.9631	187.0234	0
99	24	447.2243	139.3098	0
99	25	98.11086	307.9582	0
99	26	374.7473	210.2115	0
99	27	413.3481	232.8538	0
99	28	-112.35	233.6411	0
99	29	435.3812	105.9002	0
99	30	398.7804	109.4263	0
99	31	11.05009	328.0312	0
99	32	500.0088	85.20032	0
99	33	489.2906	132.6742	0
99	34	125.8736	177.2858	0
99	35	-157.1823	396.672	0
99	36	108.9592	227.814	0
99	37	207.8553	187.3924	0
99	38	42.3541	357.9026	0
99	39	405.886	142.088	0
99	40	504.2625	171.0542	0
99	41	160.7154	223.2021	0
99	42	121.1493	241.9478	0
99	43	214.8435	210.7676	0
100	1	170.0068	191.5487	0
100	2	434.0939	205.6946	0
100	3	174.1591	176.6443	0
100	4	260.856	139.2339	0
100	5	-26.15462	291.4504	0
100	6	266.1166	256.4213	0
100	7	153.6285	240.8284	0
100	8	131.8061	298.8839	0
100	9	464.2652	192.4038	0
100	10	44.319	264.6369	0
100	11	515.6566	112.0096	0
100	12	442.9837	116.2563	0
100	13	216.3678	144.4187	0
100	14	402.7317	187.3175	0
100	15	449.0011	151.765	0
100	16	271.949	202.4402	0
100	17	368.571	166.4547	0
100	18	423.3528	157.7059	0
100	19	70.11377	285.1205	0
100	20	204.3565	262.5886	0
100	21	-162.3815	288.2707	0
100	22	-104.8348	314.0897	0
100	23	256.9449	187.0004	0
100	24	447.2325	139.3515	0
100	25	98.0933	307.9642	0
100	26	374.7518	210.2195	0
100	27	413.3578	232.8486	0
100	28	-112.3495	233.6454	0
100	29	435.3875	105.9024	0
100	30	398.7877	109.4055	0
100	31	11.04339	328.0453	0
100	32	500.0267	85.18927	0
100	33	489.2944	132.6803	0
100	34	125.9151	177.2809	0
100	35	-157.2599	396.7781	0
100	36	108.9338	227.8708	0
100	37	207.8385	187.3689	0
100	38	42.35965	357.9077	0
100	39	405.8891	142.0602	0
100	40	504.2653	171.06	0
100	41	160.7461	223.1748	0
100	42	121.1484	241.9524	0
100	43	214.8146	210.83	0
101	1	170.0145	191.5479	0
101	2	434.1117	205.6729	0
101	3	174.1294	176.6755	0
101	4	260.8598	139.2371	0
101	5	-26.15083	291.4545	0
101	6	266.1252	256.4251	0
101	7	153.6359	240.8279	0
101	8	131.8592	298.8369	0
101	9	464.2674	192.4082	0
101	10	44.29003	264.691	0
101	11	515.6609	112.012	0
101	12	442.991	116.2543	0
101	13	216.3465	144.3989	0
101	14	402.7323	187.328	0
101	15	448.974	151.7497	0
101	16	271.9582	202.4048	0
101	17	368.5526	166.4453	0
101	18	423.354	157.7097	0
101	19	70.07903	285.1966	0
101	20	204.3694	262.5844	0
101	21	-162.42	288.3095	0
101	22	-104.8371	314.0966	0
101	23	256.9212	186.9785	0
101	24	447.2384	139.3966	0
101	25	98.11302	307.9567	0
101	26	374.7596	210.225	0
101	27	413.3647	232.8476	0
101	28	-112.3603	233.6579	0
101	29	435.3932	105.9046	0
101	30	398.7909	109.3835	0
101	31	11.03941	328.0577	0
101	32	500.0401	85.17465	0
101	33	489.2997	132.6849	0
101	34	125.9573	177.2692	0
101	35	-157.3445	396.8882	0
101	36	108.9038	227.9322	0
101	37	207.8159	187.3466	0
101	38	42.3657	357.9129	0
101	39	405.8895	142.0334	0
101	40	504.2678	171.067	0
101	41	160.7721	223.1434	0
101	42	121.1479	241.9579	0
101	43	214.7804	210.8826	0
102	1	170.0157	191.5529	0
102	2	434.1242	205.6464	0
102	3	174.1093	176.6915	0
102	4	260.8574	139.2481	0
102	5	-26.1467	291.4588	0
102	6	266.1361	256.4272	0
102	7	153.6348	240.836	0
102	8	131.9072	298.78	0
102	9	464.2698	192.4139	0
102	10	44.25661	264.7528	0
102	11	515.6637	112.0205	0
102	12	442.9959	116.2551	0
102	13	216.3247	144.3807	0
102	14	402.7295	187.3475	0
102	15	448.9526	151.7393	0
102	16	271.9541	202.367	0
102	17	368.5419	166.4409	0
102	18	423.3556	157.7147	0
102	19	70.03824	285.2788	0
102	20	204.3751	262.5869	0
102	21	-162.4657	288.3599	0
102	22	-104.8419	314.1066	0
102	23	256.8973	186.9587	0
102	24	447.2407	139.4437	0
102	25	98.16365	307.948	0
102	26	374.7691	210.2292	0
102	27	413.3672	232.8555	0
102	28	-112.3833	233.6801	0
102	29	435.3986	105.9065	0
102	30	398.7903	109.3624	0
102	31	11.03938	328.0673	0
102	32	500.0484	85.15659	0
102	33	489.307	132.6881	0
102	34	125.9981	177.2492	0
102	35	-157.4368	396.9979	0
102	36	108.8691	227.9962	0
102	37	207.7938	187.3263	0
102	38	42.37361	357.9184	0
102	39	405.8792	142.0048	0
102	40	504.2714	171.0752	0
102	41	160.7903	223.1128	0
102	42	121.1466	241.9654	0
102	43	214.7498	210.917	0
103	1	170.0102	191.5657	0
103	2	434.1306	205.6194	0
103	3	174.1002	176.6918	0
103	4	260.8481	139.2687	0
103	5	-26.14026	291.4632	0
103	6	266.1491	256.4277	0
103	7	153.6259	240.8546	0
103	8	131.9438	298.7231	0
103	9	464.2726	192.4218	0
103	10	44.21885	264.8179	0
103	11	515.6656	112.0366	0
103	12	442.9978	116.2614	0
103	13	216.3051	144.3665	0
103	14	402.7269	187.3751	0
103	15	448.9386	151.7332	0
103	16	271.9415	202.3288	0
103	17	368.5387	166.4415	0
103	18	423.3566	157.7208	0
103	19	69.99172	285.3645	0
103	20	204.3716	262.6013	0
103	21	-162.5164	288.4181	0
103	22	-104.8502	314.1184	0
103	23	256.8759	186.9436	0
103	24	447.2378	139.4894	0
103	25	98.21558	307.9291	0
103	26	374.7774	210.2333	0
103	27	413.367	232.8746	0
103	28	-112.413	233.7109	0
103	29	435.4038	105.908	0
103	30	398.7806	109.3394	0
103	31	11.04494	328.0736	0
103	32	500.0509	85.13818	0
103	33	489.3145	132.6909	0
103	34	126.0371	177.2236	0
103	35	-157.5329	397.0939	0
103	36	108.8288	228.0592	0
103	37	207.7738	187.3113	0
103	38	42.3861	357.9197	0
103	39	405.8619	141.9755	0
103	40	504.2761	171.0822	0
103	41	160.8079	223.0828	0
103	42	121.1434	241.9749	0
103	43	214.7316	210.9319	0
104	1	169.9973	191.588	0
104	2	434.1317	205.5913	0
104	3	174.1203	176.6892	0
104	4	260.8362	139.2983	0
104	5	-26.12901	291.4641	0
104	6	266.1617	256.428	0
104	7	153.609	240.8847	0
104	8	131.9761	298.6658	0
104	9	464.2751	192.4309	0
104	10	44.17561	264.8851	0
104	11	515.6688	112.0604	0
104	12	442.9978	116.2744	0
104	13	216.2888	144.3568	0
104	14	402.7275	187.4102	0
104	15	448.9325	151.7321	0
104	16	271.9306	202.2921	0
104	17	368.5392	166.445	0
104	18	423.3584	157.7278	0
104	19	69.93829	285.4497	0
104	20	204.3592	262.6297	0
104	21	-162.5722	288.4846	0
104	22	-104.8582	314.1319	0
104	23	256.8586	186.9333	0
104	24	447.2291	139.5265	0
104	25	98.26634	307.8974	0
104	26	374.7854	210.2371	0
104	27	413.3632	232.9066	0
104	28	-112.4478	233.7497	0
104	29	435.4096	105.9093	0
104	30	398.7656	109.316	0
104	31	11.05195	328.079	0
104	32	500.0484	85.11917	0
104	33	489.3213	132.6933	0
104	34	126.0725	177.1925	0
104	35	-157.6131	397.1609	0
104	36	108.7847	228.1122	0
104	37	207.7577	187.3009	0
104	38	42.40022	357.9213	0
104	39	405.8456	141.9472	0
104	40	504.2829	171.0872	0
104	41	160.8154	223.0529	0
104	42	121.1394	241.986	0
104	43	214.7241	210.9257	0
105	1	169.982	191.6185	0
105	2	434.1301	205.5645	0
105	3	174.1538	176.6841	0
105	4	260.8254	139.3361	0
105	5	-26.11708	291.4657	0
105	6	266.1737	256.4279	0
105	7	153.5905	240.9249	0
105	8	131.9971	298.6119	0
105	9	464.2792	192.4406	0
105	10	44.12709	264.9482	0
105	11	515.6766	112.0909	0
105	12	442.9967	116.2951	0
105	13	216.2784	144.3514	0
105	14	402.7315	187.4497	0
105	15	448.9325	151.7345	0
105	16	271.9194	202.2556	0
105	17	368.5403	166.4492	0
105	18	423.3612	157.7338	0
105	19	69.87946	285.5236	0
105	20	204.3412	262.6718	0
105	21	-162.6355	288.5588	0
105	22	-104.862	314.1424	0
105	23	256.8477	186.9279	0
105	24	447.2187	139.5496	0
105	25	98.31523	307.8572	0
105	26	374.7929	210.2404	0
105	27	413.3622	232.9496	0
105	28	-112.4847	233.7913	0
105	29	435.4157	105.911	0
105	30	398.7525	109.2936	0
105	31	11.05792	328.0837	0
105	32	500.0438	85.10074	0
105	33	489.3278	132.6957	0
105	34	126.1004	177.1615	0
105	35	-157.6578	397.1926	0
105	36	108.7472	228.1469	0
105	37	207.7479	187.2958	0
105	38	42.41449	357.921	0
105	39	405.8291	141.9194	0
105	40	504.2915	171.0907	0
105	41	160.8139	223.0215	0
105	42	121.1373	241.9962	0
105	43	214.7645	210.9242	0
63	1	172.5821	192.946	0
63	2	438.8108	194.475	0
63	3	173.6423	176.287	0
63	4	262.6465	144.5738	0
63	5	-24.13546	291.7232	0
63	6	266.133	259.4589	0
63	7	152.0774	241.1266	0
63	8	136.2615	305.0812	0
63	9	463.6952	197.8937	0
63	10	41.04976	257.8043	0
63	11	514.1489	115.963	0
63	12	439.6641	120.4035	0
63	13	216.2458	141.9485	0
63	14	402.4202	188.3676	0
63	15	450.1354	155.5652	0
63	16	271.9108	205.1464	0
63	17	368.2879	166.0026	0
63	18	423.9722	160.9898	0
63	19	69.39814	281.2323	0
63	20	203.3922	268.0761	0
63	21	-165.3104	285.717	0
63	22	-99.21413	320.1979	0
63	23	257.1201	187.6204	0
63	24	445.4731	139.9909	0
63	25	97.07306	302.3553	0
63	26	375.3679	211.4992	0
63	27	415.5408	231.9455	0
63	28	-121.7366	225.8376	0
63	29	437.2488	101.1692	0
63	30	397.139	111.696	0
63	31	14.09768	334.9131	0
63	32	499.0384	84.05042	0
63	33	487.0695	136.4064	0
63	34	126.2581	181.9091	0
63	35	-155.1234	396.5735	0
63	36	107.9988	228.6261	0
63	37	207.9474	185.1561	0
63	38	41.85956	361.3989	0
63	39	405.9962	144.7174	0
63	40	503.4847	173.7059	0
63	41	161.1866	222.7496	0
63	42	120.9262	242.7976	0
63	43	214.2388	208.9804	0
64	1	172.5873	192.9485	0
64	2	438.821	194.4644	0
64	3	173.6287	176.3131	0
64	4	262.6503	144.5759	0
64	5	-24.19394	291.8079	0
64	6	266.1068	259.4314	0
64	7	152.0905	241.1198	0
64	8	136.2471	305.051	0
64	9	463.696	197.8616	0
64	10	41.04882	257.8108	0
64	11	514.1414	115.9606	0
64	12	439.6435	120.3885	0
64	13	216.2556	141.9205	0
64	14	402.4264	188.3717	0
64	15	450.1358	155.5786	0
64	16	271.8917	205.1221	0
64	17	368.2936	166.003	0
64	18	423.9769	161.0305	0
64	19	69.4082	281.2317	0
64	20	203.3734	268.1419	0
64	21	-165.3041	285.7206	0
64	22	-99.21847	320.2071	0
64	23	257.1283	187.6163	0
64	24	445.4694	139.9681	0
64	25	97.08926	302.3427	0
64	26	375.3838	211.4584	0
64	27	415.5431	231.9513	0
64	28	-121.6851	225.8324	0
64	29	437.2357	101.164	0
64	30	397.1233	111.6769	0
64	31	14.07105	334.9344	0
64	32	499.0417	84.07083	0
64	33	487.0715	136.4104	0
64	34	126.2631	181.9121	0
64	35	-155.0991	396.5152	0
64	36	108.0039	228.6293	0
64	37	207.9577	185.1564	0
64	38	41.86467	361.4044	0
64	39	406.0011	144.7564	0
64	40	503.4913	173.7084	0
64	41	161.1831	222.7489	0
64	42	120.9223	242.8083	0
64	43	214.2446	208.9837	0
65	1	172.5948	192.9498	0
65	2	438.8303	194.4577	0
65	3	173.6147	176.3458	0
65	4	262.6487	144.5847	0
65	5	-24.25912	291.8912	0
65	6	266.0803	259.4064	0
65	7	152.1023	241.1164	0
65	8	136.2265	305.0224	0
65	9	463.6956	197.8297	0
65	10	41.04627	257.82	0
65	11	514.1403	115.9615	0
65	12	439.6194	120.374	0
65	13	216.2536	141.89	0
65	14	402.4339	188.3748	0
65	15	450.135	155.5999	0
65	16	271.8668	205.099	0
65	17	368.2947	166.0104	0
65	18	423.979	161.0734	0
65	19	69.40517	281.2432	0
65	20	203.3505	268.2106	0
65	21	-165.292	285.7209	0
65	22	-99.21949	320.2141	0
65	23	257.136	187.6094	0
65	24	445.4565	139.9433	0
65	25	97.10882	302.3295	0
65	26	375.3893	211.4185	0
65	27	415.5457	231.9595	0
65	28	-121.6279	225.8185	0
65	29	437.2302	101.1631	0
65	30	397.1071	111.6604	0
65	31	14.06185	334.9296	0
65	32	499.0488	84.09576	0
65	33	487.0733	136.4155	0
65	34	126.2677	181.9146	0
65	35	-155.0841	396.4586	0
65	36	108.0083	228.6323	0
65	37	207.9674	185.1515	0
65	38	41.86961	361.4098	0
65	39	406.0042	144.8004	0
65	40	503.4977	173.7106	0
65	41	161.1829	222.7516	0
65	42	120.9206	242.818	0
65	43	214.2507	208.9868	0
66	1	172.6038	192.9503	0
66	2	438.8396	194.4546	0
66	3	173.6015	176.3823	0
66	4	262.6414	144.6016	0
66	5	-24.32805	291.9623	0
66	6	266.0567	259.3869	0
66	7	152.1081	241.1182	0
66	8	136.2054	304.9968	0
66	9	463.6877	197.7987	0
66	10	41.04079	257.8311	0
66	11	514.1419	115.9642	0
66	12	439.5971	120.3608	0
66	13	216.2449	141.8593	0
66	14	402.4406	188.3779	0
66	15	450.1369	155.6282	0
66	16	271.8424	205.0781	0
66	17	368.2924	166.0265	0
66	18	423.9774	161.1175	0
66	19	69.38956	281.2697	0
66	20	203.3219	268.2802	0
66	21	-165.2801	285.722	0
66	22	-99.21567	320.2187	0
66	23	257.1439	187.6027	0
66	24	445.4387	139.9182	0
66	25	97.13142	302.314	0
66	26	375.3946	211.3799	0
66	27	415.5475	231.9698	0
66	28	-121.5679	225.7941	0
66	29	437.2302	101.1653	0
66	30	397.0892	111.6446	0
66	31	14.09595	334.9263	0
66	32	499.0597	84.12335	0
66	33	487.0757	136.4213	0
66	34	126.2718	181.9167	0
66	35	-155.0655	396.4035	0
66	36	108.0128	228.6351	0
66	37	207.977	185.1438	0
66	38	41.875	361.4157	0
66	39	406.0044	144.8465	0
66	40	503.5047	173.7126	0
66	41	161.1833	222.7552	0
66	42	120.9219	242.8253	0
66	43	214.2574	208.9903	0
67	1	172.6124	192.9507	0
67	2	438.8447	194.4573	0
67	3	173.5867	176.4247	0
67	4	262.6313	144.6263	0
67	5	-24.38537	292.01	0
67	6	266.0374	259.3737	0
67	7	152.1048	241.1293	0
67	8	136.1858	304.9778	0
67	9	463.6698	197.7656	0
67	10	41.0353	257.8441	0
67	11	514.1437	115.9674	0
67	12	439.5781	120.3512	0
67	13	216.2387	141.8299	0
67	14	402.4469	188.3806	0
67	15	450.1418	155.6612	0
67	16	271.8207	205.0622	0
67	17	368.287	166.0522	0
67	18	423.9703	161.1577	0
67	19	69.36162	281.3121	0
67	20	203.2877	268.3419	0
67	21	-165.2671	285.7221	0
67	22	-99.21089	320.2228	0
67	23	257.1528	187.5967	0
67	24	445.4232	139.8941	0
67	25	97.14968	302.3044	0
67	26	375.3867	211.3406	0
67	27	415.5501	231.9819	0
67	28	-121.5062	225.7622	0
67	29	437.2315	101.1687	0
67	30	397.0674	111.6297	0
67	31	14.13849	334.9156	0
67	32	499.0713	84.15555	0
67	33	487.0791	136.4265	0
67	34	126.276	181.9185	0
67	35	-155.0491	396.3486	0
67	36	108.018	228.6382	0
67	37	207.9869	185.1364	0
67	38	41.88369	361.4204	0
67	39	406.0002	144.8935	0
67	40	503.5121	173.7149	0
67	41	161.1832	222.7601	0
67	42	120.9277	242.8302	0
67	43	214.2666	208.9929	0
68	1	172.6208	192.9506	0
68	2	438.8466	194.4698	0
68	3	173.5683	176.4708	0
68	4	262.6222	144.6582	0
68	5	-24.41656	292.0309	0
68	6	266.025	259.3664	0
68	7	152.093	241.1515	0
68	8	136.1696	304.9652	0
68	9	463.6476	197.733	0
68	10	41.03321	257.8546	0
68	11	514.1464	115.9718	0
68	12	439.5638	120.3446	0
68	13	216.2313	141.8006	0
68	14	402.4532	188.3829	0
68	15	450.1497	155.6978	0
68	16	271.8033	205.0514	0
68	17	368.2837	166.0864	0
68	18	423.9597	161.1877	0
68	19	69.32962	281.3689	0
68	20	203.2546	268.3866	0
68	21	-165.2516	285.7169	0
68	22	-99.20698	320.2264	0
68	23	257.1636	187.5887	0
68	24	445.4066	139.8702	0
68	25	97.16443	302.3	0
68	26	375.3685	211.2996	0
68	27	415.5544	231.9925	0
68	28	-121.4451	225.7231	0
68	29	437.233	101.1728	0
68	30	397.0443	111.6159	0
68	31	14.18166	334.8958	0
68	32	499.0807	84.19022	0
68	33	487.0839	136.4303	0
68	34	126.2808	181.9207	0
68	35	-155.0358	396.2953	0
68	36	108.026	228.6404	0
68	37	207.9979	185.1297	0
68	38	41.89658	361.4211	0
68	39	405.9901	144.9353	0
68	40	503.5208	173.7166	0
68	41	161.1819	222.7668	0
68	42	120.9346	242.8345	0
68	43	214.2782	208.9934	0
69	1	172.6291	192.9452	0
69	2	438.8452	194.4943	0
69	3	173.5462	176.5189	0
69	4	262.6145	144.6945	0
69	5	-24.42324	292.0229	0
69	6	266.0202	259.3652	0
69	7	152.0752	241.185	0
69	8	136.1593	304.959	0
69	9	463.6287	197.7016	0
69	10	41.03521	257.8622	0
69	11	514.1485	115.9771	0
69	12	439.5558	120.3415	0
69	13	216.2213	141.7726	0
69	14	402.4601	188.3849	0
69	15	450.1576	155.7403	0
69	16	271.7926	205.0457	0
69	17	368.2833	166.1269	0
69	18	423.9501	161.2039	0
69	19	69.29498	281.437	0
69	20	203.2323	268.4094	0
69	21	-165.2329	285.7058	0
69	22	-99.20355	320.2299	0
69	23	257.1736	187.5829	0
69	24	445.3879	139.8474	0
69	25	97.1683	302.3055	0
69	26	375.3487	211.2601	0
69	27	415.5615	232.0005	0
69	28	-121.3916	225.683	0
69	29	437.2347	101.1782	0
69	30	397.0237	111.6043	0
69	31	14.22541	334.8667	0
69	32	499.0872	84.22656	0
69	33	487.0904	136.4329	0
69	34	126.2875	181.9224	0
69	35	-155.0267	396.2475	0
69	36	108.0363	228.6408	0
69	37	208.0111	185.1211	0
69	38	41.90951	361.423	0
69	39	405.977	144.9653	0
69	40	503.5302	173.7169	0
69	41	161.1796	222.7746	0
69	42	120.9406	242.8381	0
69	43	214.2897	208.9943	0
70	1	172.6291	192.9452	0
70	2	438.8452	194.4943	0
70	3	173.5462	176.5189	0
70	4	262.6145	144.6945	0
70	5	-24.42324	292.0229	0
70	6	266.0202	259.3652	0
70	7	152.0752	241.185	0
70	8	136.1593	304.959	0
70	9	463.6287	197.7016	0
70	10	41.03521	257.8622	0
70	11	514.1485	115.9771	0
70	12	439.5558	120.3415	0
70	13	216.2213	141.7726	0
70	14	402.4601	188.3849	0
70	15	450.1576	155.7403	0
70	16	271.7926	205.0457	0
70	17	368.2833	166.1269	0
70	18	423.9501	161.2039	0
70	19	69.29498	281.437	0
70	20	203.2323	268.4094	0
70	21	-165.2329	285.7058	0
70	22	-99.20355	320.2299	0
70	23	257.1736	187.5829	0
70	24	445.3879	139.8474	0
70	25	97.1683	302.3055	0
70	26	375.3487	211.2601	0
70	27	415.5615	232.0005	0
70	28	-121.3916	225.683	0
70	29	437.2347	101.1782	0
70	30	397.0237	111.6043	0
70	31	14.22541	334.8667	0
70	32	499.0872	84.22656	0
70	33	487.0904	136.4329	0
70	34	126.2875	181.9224	0
70	35	-155.0267	396.2475	0
70	36	108.0363	228.6408	0
70	37	208.0111	185.1211	0
70	38	41.90951	361.423	0
70	39	405.977	144.9653	0
70	40	503.5302	173.7169	0
70	41	161.1796	222.7746	0
70	42	120.9406	242.8381	0
70	43	214.2897	208.9943	0
63	1	170.7463	189.587	0
63	2	433.8359	202.259	0
63	3	172.9354	169.1024	0
63	4	261.8911	145.0709	0
63	5	-28.64061	288.6442	0
63	6	266.8539	259.5951	0
63	7	151.4712	237.5271	0
63	8	134.3558	296.1615	0
63	9	462.2197	195.4175	0
63	10	44.64589	263.6388	0
63	11	514.4172	116.5858	0
63	12	441.1559	120.1341	0
63	13	217.6022	149.5441	0
63	14	403.3681	186.7288	0
63	15	448.9153	154.2393	0
63	16	272.1092	204.5252	0
63	17	367.2783	170.8947	0
63	18	427.197	153.8915	0
63	19	70.64803	284.1541	0
63	20	203.5587	267.3705	0
63	21	-159.8533	290.3079	0
63	22	-102.8937	314.4669	0
63	23	257.6869	181.8438	0
63	24	446.6144	140.316	0
63	25	100.2612	306.3995	0
63	26	373.4763	211.4376	0
63	27	410.4802	238.7183	0
63	28	-119.8406	226.5515	0
63	29	436.623	101.1575	0
63	30	397.0536	114.5053	0
63	31	7.906991	324.964	0
63	32	501.5724	80.46469	0
63	33	487.0454	135.7237	0
63	34	124.6917	178.0882	0
63	35	-161.4285	393.444	0
63	36	108.6078	229.0451	0
63	37	208.8847	182.8827	0
63	38	44.44432	361.8386	0
63	39	404.8797	149.6902	0
63	40	504.3784	173.1483	0
63	41	161.3104	224.9564	0
63	42	122.7337	248.0697	0
63	43	214.0885	216.2548	0
64	1	170.786	189.5786	0
64	2	433.8427	202.2538	0
64	3	172.9416	169.1057	0
64	4	261.882	145.1029	0
64	5	-28.63503	288.6492	0
64	6	266.8381	259.5594	0
64	7	151.4835	237.5211	0
64	8	134.3282	296.1218	0
64	9	462.251	195.4039	0
64	10	44.65657	263.6363	0
64	11	514.4205	116.6245	0
64	12	441.1357	120.118	0
64	13	217.5995	149.5203	0
64	14	403.3649	186.7526	0
64	15	448.9451	154.2318	0
64	16	272.1326	204.4906	0
64	17	367.2849	170.8977	0
64	18	427.1983	153.9018	0
64	19	70.66437	284.1458	0
64	20	203.5431	267.3405	0
64	21	-159.8602	290.3181	0
64	22	-102.908	314.4506	0
64	23	257.6992	181.8369	0
64	24	446.6063	140.3524	0
64	25	100.2611	306.4091	0
64	26	373.4847	211.4293	0
64	27	410.4597	238.7063	0
64	28	-119.8233	226.5429	0
64	29	436.6439	101.1404	0
64	30	397.0394	114.4985	0
64	31	7.841168	325.0252	0
64	32	501.5797	80.46603	0
64	33	487.0532	135.7238	0
64	34	124.6873	178.0586	0
64	35	-161.4078	393.4316	0
64	36	108.5709	229.1055	0
64	37	208.8913	182.8483	0
64	38	44.45041	361.8445	0
64	39	404.8848	149.6929	0
64	40	504.3531	173.1256	0
64	41	161.2871	225.0099	0
64	42	122.701	248.129	0
64	43	214.1027	216.2259	0
65	1	170.8235	189.5625	0
65	2	433.8499	202.2512	0
65	3	172.9474	169.1087	0
65	4	261.8742	145.1374	0
65	5	-28.63084	288.6541	0
65	6	266.8214	259.528	0
65	7	151.4958	237.5108	0
65	8	134.2993	296.0859	0
65	9	462.2754	195.382	0
65	10	44.65862	263.6406	0
65	11	514.4182	116.656	0
65	12	441.1118	120.1028	0
65	13	217.5926	149.4966	0
65	14	403.3633	186.7847	0
65	15	448.9697	154.2177	0
65	16	272.1466	204.4568	0
65	17	367.2911	170.9007	0
65	18	427.1967	153.9212	0
65	19	70.67803	284.1418	0
65	20	203.5215	267.3125	0
65	21	-159.8634	290.3259	0
65	22	-102.9183	314.4413	0
65	23	257.7108	181.8332	0
65	24	446.5962	140.3756	0
65	25	100.2648	306.416	0
65	26	373.4955	211.4204	0
65	27	410.4464	238.6992	0
65	28	-119.803	226.5336	0
65	29	436.6597	101.119	0
65	30	397.0299	114.4944	0
65	31	7.804683	325.0527	0
65	32	501.5873	80.46765	0
65	33	487.0593	135.7221	0
65	34	124.6805	178.0314	0
65	35	-161.3851	393.4153	0
65	36	108.5296	229.1583	0
65	37	208.8865	182.8118	0
65	38	44.45704	361.8499	0
65	39	404.8905	149.6952	0
65	40	504.3252	173.1039	0
65	41	161.2592	225.0641	0
65	42	122.6635	248.1823	0
65	43	214.1131	216.1983	0
66	1	170.8591	189.5395	0
66	2	433.8539	202.2527	0
66	3	172.9524	169.1112	0
66	4	261.8665	145.1779	0
66	5	-28.62655	288.6589	0
66	6	266.8008	259.4978	0
66	7	151.5084	237.5009	0
66	8	134.2726	296.0581	0
66	9	462.294	195.3544	0
66	10	44.65071	263.6551	0
66	11	514.4125	116.6757	0
66	12	441.0873	120.0887	0
66	13	217.5881	149.4738	0
66	14	403.3646	186.8239	0
66	15	448.9892	154.1982	0
66	16	272.1597	204.4224	0
66	17	367.297	170.9031	0
66	18	427.1952	153.9495	0
66	19	70.6825	284.1454	0
66	20	203.4968	267.2867	0
66	21	-159.8618	290.3313	0
66	22	-102.923	314.4393	0
66	23	257.7173	181.834	0
66	24	446.5879	140.3851	0
66	25	100.2722	306.4208	0
66	26	373.5071	211.4107	0
66	27	410.4406	238.6976	0
66	28	-119.7803	226.5237	0
66	29	436.6691	101.0942	0
66	30	397.0256	114.4936	0
66	31	7.795022	325.0425	0
66	32	501.5961	80.46872	0
66	33	487.0632	135.7169	0
66	34	124.672	178.0071	0
66	35	-161.3624	393.3998	0
66	36	108.4919	229.1955	0
66	37	208.8774	182.7761	0
66	38	44.46283	361.8546	0
66	39	404.8956	149.6973	0
66	40	504.2927	173.0834	0
66	41	161.2267	225.1119	0
66	42	122.6277	248.2214	0
66	43	214.1136	216.1693	0
67	1	170.892	189.5107	0
67	2	433.8553	202.2614	0
67	3	172.9579	169.1136	0
67	4	261.8557	145.2229	0
67	5	-28.62094	288.6641	0
67	6	266.7737	259.4693	0
67	7	151.5221	237.4919	0
67	8	134.2497	296.0394	0
67	9	462.3059	195.3215	0
67	10	44.63142	263.6817	0
67	11	514.407	116.6835	0
67	12	441.0659	120.0772	0
67	13	217.582	149.4512	0
67	14	403.3689	186.8661	0
67	15	449.0034	154.174	0
67	16	272.1624	204.3882	0
67	17	367.3026	170.9052	0
67	18	427.1973	153.986	0
67	19	70.6751	284.1614	0
67	20	203.4741	267.2651	0
67	21	-159.857	290.3354	0
67	22	-102.9242	314.4427	0
67	23	257.7166	181.8433	0
67	24	446.5798	140.3799	0
67	25	100.2786	306.4256	0
67	26	373.5172	211.4053	0
67	27	410.4409	238.7001	0
67	28	-119.7627	226.518	0
67	29	436.6697	101.0704	0
67	30	397.0254	114.495	0
67	31	7.853464	325.0396	0
67	32	501.6057	80.46896	0
67	33	487.0674	135.7116	0
67	34	124.6592	177.9839	0
67	35	-161.3374	393.3849	0
67	36	108.4679	229.2138	0
67	37	208.8715	182.7414	0
67	38	44.46805	361.8591	0
67	39	404.9004	149.6992	0
67	40	504.2612	173.0647	0
67	41	161.196	225.1461	0
67	42	122.6036	248.2419	0
67	43	214.1075	216.1399	0
68	1	170.9193	189.4783	0
68	2	433.8543	202.2787	0
68	3	172.9643	169.1164	0
68	4	261.8414	145.27	0
68	5	-28.61068	288.6669	0
68	6	266.7463	259.4434	0
68	7	151.5393	237.4801	0
68	8	134.2347	296.0292	0
68	9	462.309	195.2892	0
68	10	44.60654	263.719	0
68	11	514.4019	116.6795	0
68	12	441.0489	120.0694	0
68	13	217.574	149.4296	0
68	14	403.3735	186.9158	0
68	15	449.0114	154.1477	0
68	16	272.1545	204.3521	0
68	17	367.3084	170.9071	0
68	18	427.2025	154.0259	0
68	19	70.65521	284.192	0
68	20	203.4543	267.2505	0
68	21	-159.8529	290.3392	0
68	22	-102.9253	314.4479	0
68	23	257.7093	181.8628	0
68	24	446.6112	140.3789	0
68	25	100.2846	306.4297	0
68	26	373.5257	211.4036	0
68	27	410.4426	238.704	0
68	28	-119.75	226.5163	0
68	29	436.6707	101.0471	0
68	30	397.0262	114.4974	0
68	31	7.917437	325.023	0
68	32	501.615	80.46933	0
68	33	487.0721	135.707	0
68	34	124.6403	177.9619	0
68	35	-161.3063	393.3656	0
68	36	108.4576	229.2114	0
68	37	208.8627	182.7073	0
68	38	44.47298	361.8635	0
68	39	404.9054	149.7007	0
68	40	504.2344	173.0504	0
68	41	161.1757	225.1633	0
68	42	122.5927	248.2422	0
68	43	214.1022	216.1118	0
69	1	170.9381	189.4467	0
69	2	433.8528	202.3048	0
69	3	172.9734	169.1178	0
69	4	261.8224	145.3176	0
69	5	-28.59709	288.668	0
69	6	266.7219	259.4233	0
69	7	151.5549	237.4714	0
69	8	134.2289	296.0277	0
69	9	462.3086	195.2552	0
69	10	44.57885	263.7663	0
69	11	514.4304	116.6786	0
69	12	441.0378	120.0647	0
69	13	217.5645	149.4106	0
69	14	403.3753	186.9693	0
69	15	449.0114	154.1214	0
69	16	272.1428	204.3171	0
69	17	367.3149	170.9091	0
69	18	427.2102	154.0722	0
69	19	70.62794	284.2362	0
69	20	203.4404	267.2417	0
69	21	-159.8493	290.3428	0
69	22	-102.9278	314.4549	0
69	23	257.6968	181.8933	0
69	24	446.6399	140.3724	0
69	25	100.2899	306.4337	0
69	26	373.5295	211.4089	0
69	27	410.4442	238.7091	0
69	28	-119.7494	226.5218	0
69	29	436.6624	101.0231	0
69	30	397.0271	114.5004	0
69	31	7.981626	324.992	0
69	32	501.6233	80.46979	0
69	33	487.0781	135.7015	0
69	34	124.621	177.9419	0
69	35	-161.2811	393.3527	0
69	36	108.4864	229.2082	0
69	37	208.8511	182.6746	0
69	38	44.47855	361.8682	0
69	39	404.9108	149.7021	0
69	40	504.214	173.0407	0
69	41	161.166	225.162	0
69	42	122.614	248.2382	0
69	43	214.0966	216.0838	0
70	1	170.9381	189.4467	0
70	2	433.8528	202.3048	0
70	3	172.9734	169.1178	0
70	4	261.8224	145.3176	0
70	5	-28.59709	288.668	0
70	6	266.7219	259.4233	0
70	7	151.5549	237.4714	0
70	8	134.2289	296.0277	0
70	9	462.3086	195.2552	0
70	10	44.57885	263.7663	0
70	11	514.4304	116.6786	0
70	12	441.0378	120.0647	0
70	13	217.5645	149.4106	0
70	14	403.3753	186.9693	0
70	15	449.0114	154.1214	0
70	16	272.1428	204.3171	0
70	17	367.3149	170.9091	0
70	18	427.2102	154.0722	0
70	19	70.62794	284.2362	0
70	20	203.4404	267.2417	0
70	21	-159.8493	290.3428	0
70	22	-102.9278	314.4549	0
70	23	257.6968	181.8933	0
70	24	446.6399	140.3724	0
70	25	100.2899	306.4337	0
70	26	373.5295	211.4089	0
70	27	410.4442	238.7091	0
70	28	-119.7494	226.5218	0
70	29	436.6624	101.0231	0
70	30	397.0271	114.5004	0
70	31	7.981626	324.992	0
70	32	501.6233	80.46979	0
70	33	487.0781	135.7015	0
70	34	124.621	177.9419	0
70	35	-161.2811	393.3527	0
70	36	108.4864	229.2082	0
70	37	208.8511	182.6746	0
70	38	44.47855	361.8682	0
70	39	404.9108	149.7021	0
70	40	504.214	173.0407	0
70	41	161.166	225.162	0
70	42	122.614	248.2382	0
70	43	214.0966	216.0838	0
63	1	169.2245	189.1579	0
63	2	435.753	202.9388	0
63	3	171.9908	167.281	0
63	4	261.0077	141.0448	0
63	5	-24.9562	290.1824	0
63	6	266.9375	256.5838	0
63	7	153.2554	244.9559	0
63	8	132.5071	298.0079	0
63	9	462.203	198.1258	0
63	10	42.96378	261.5036	0
63	11	515.2781	113.0932	0
63	12	440.0436	122.8644	0
63	13	216.3511	149.3554	0
63	14	403.7189	185.997	0
63	15	450.3786	153.1798	0
63	16	271.8329	209.313	0
63	17	368.4254	164.5185	0
63	18	423.15	157.5017	0
63	19	69.95876	285.9295	0
63	20	203.2612	269.4917	0
63	21	-163.587	287.7252	0
63	22	-103.5624	315.2515	0
63	23	257.2721	186.6662	0
63	24	444.2941	142.2211	0
63	25	99.69764	306.9027	0
63	26	374.9636	211.8545	0
63	27	412.9547	236.5179	0
63	28	-116.2623	227.9974	0
63	29	434.5421	108.2061	0
63	30	397.8991	113.5008	0
63	31	15.15414	331.9832	0
63	32	496.5407	89.72363	0
63	33	490.9151	130.5552	0
63	34	124.19	178.339	0
63	35	-156.2674	393.6866	0
63	36	107.1549	224.2111	0
63	37	208.6608	186.7167	0
63	38	40.09956	357.8848	0
63	39	405.1381	146.0157	0
63	40	504.0452	174.0979	0
63	41	160.3665	221.6776	0
63	42	119.8012	238.1179	0
63	43	213.7945	207.2201	0
64	1	169.187	189.2092	0
64	2	435.7551	202.9449	0
64	3	172.0017	167.2756	0
64	4	261.015	141.0443	0
64	5	-24.95222	290.1865	0
64	6	266.9158	256.5689	0
64	7	153.255	244.9594	0
64	8	132.4712	298.1017	0
64	9	462.2083	198.1189	0
64	10	42.97763	261.4942	0
64	11	515.2822	113.0875	0
64	12	440.0447	122.867	0
64	13	216.3575	149.3336	0
64	14	403.721	186.0379	0
64	15	450.3865	153.1827	0
64	16	271.8183	209.2916	0
64	17	368.3935	164.4964	0
64	18	423.1573	157.5006	0
64	19	69.97173	285.9297	0
64	20	203.2459	269.5003	0
64	21	-163.5271	287.7009	0
64	22	-103.5634	315.2568	0
64	23	257.2731	186.6736	0
64	24	444.2994	142.2231	0
64	25	99.7479	306.8643	0
64	26	374.9712	211.8574	0
64	27	412.9551	236.561	0
64	28	-116.2435	227.9896	0
64	29	434.5258	108.1887	0
64	30	397.8882	113.4818	0
64	31	15.16001	331.985	0
64	32	496.5452	89.72577	0
64	33	490.9169	130.6041	0
64	34	124.1872	178.3461	0
64	35	-156.2511	393.6825	0
64	36	107.1947	224.1687	0
64	37	208.641	186.7017	0
64	38	40.05711	357.9716	0
64	39	405.168	146.0096	0
64	40	504.0536	174.1003	0
64	41	160.3513	221.7046	0
64	42	119.7924	238.1137	0
64	43	213.7788	207.2728	0
65	1	169.1523	189.2446	0
65	2	435.7566	202.9521	0
65	3	172.0127	167.2674	0
65	4	261.0162	141.0497	0
65	5	-24.94816	290.1907	0
65	6	266.9017	256.5605	0
65	7	153.2548	244.9635	0
65	8	132.4293	298.1995	0
65	9	462.2149	198.1126	0
65	10	42.99366	261.4847	0
65	11	515.2866	113.0818	0
65	12	440.0459	122.8702	0
65	13	216.3555	149.3101	0
65	14	403.7261	186.0839	0
65	15	450.3936	153.1859	0
65	16	271.7993	209.2715	0
65	17	368.3651	164.4775	0
65	18	423.1624	157.4947	0
65	19	69.9847	285.9306	0
65	20	203.2538	269.4935	0
65	21	-163.464	287.6672	0
65	22	-103.5659	315.2637	0
65	23	257.2766	186.6792	0
65	24	444.3049	142.2246	0
65	25	99.79549	306.8168	0
65	26	374.9797	211.8603	0
65	27	412.9592	236.6117	0
65	28	-116.2279	227.9854	0
65	29	434.5095	108.1736	0
65	30	397.8756	113.463	0
65	31	15.15388	331.9982	0
65	32	496.5505	89.72745	0
65	33	490.9121	130.6442	0
65	34	124.1844	178.3544	0
65	35	-156.2304	393.668	0
65	36	107.2239	224.1272	0
65	37	208.625	186.6914	0
65	38	40.01261	358.0703	0
65	39	405.1935	145.9972	0
65	40	504.0623	174.1009	0
65	41	160.335	221.7405	0
65	42	119.7907	238.1156	0
65	43	213.7639	207.3328	0
66	1	169.1301	189.2617	0
66	2	435.7591	202.9604	0
66	3	172.0238	167.2598	0
66	4	261.0121	141.0631	0
66	5	-24.94242	290.1953	0
66	6	266.8958	256.5588	0
66	7	153.2541	244.9692	0
66	8	132.3797	298.2978	0
66	9	462.2223	198.1045	0
66	10	43.01283	261.4731	0
66	11	515.2918	113.0768	0
66	12	440.0471	122.8745	0
66	13	216.3492	149.2867	0
66	14	403.7303	186.1367	0
66	15	450.4003	153.1884	0
66	16	271.7777	209.2529	0
66	17	368.3415	164.4644	0
66	18	423.1675	157.4887	0
66	19	69.99772	285.9309	0
66	20	203.2953	269.4881	0
66	21	-163.4003	287.626	0
66	22	-103.571	315.2735	0
66	23	257.2833	186.683	0
66	24	444.3109	142.2261	0
66	25	99.83556	306.7648	0
66	26	374.9894	211.8636	0
66	27	412.9667	236.6694	0
66	28	-116.2196	227.9857	0
66	29	434.4916	108.159	0
66	30	397.8613	113.4452	0
66	31	15.13627	332.0246	0
66	32	496.5553	89.72931	0
66	33	490.9036	130.6696	0
66	34	124.184	178.3611	0
66	35	-156.209	393.653	0
66	36	107.2522	224.0865	0
66	37	208.6151	186.6862	0
66	38	39.96056	358.1815	0
66	39	405.2143	145.9793	0
66	40	504.0725	174.1019	0
66	41	160.3183	221.7831	0
66	42	119.7908	238.1206	0
66	43	213.7452	207.401	0
67	1	169.1194	189.2584	0
67	2	435.7628	202.9671	0
67	3	172.0363	167.2526	0
67	4	261.0016	141.086	0
67	5	-24.93207	290.1969	0
67	6	266.8958	256.562	0
67	7	153.2521	244.9765	0
67	8	132.3228	298.3846	0
67	9	462.2294	198.0989	0
67	10	43.02856	261.4657	0
67	11	515.2982	113.0707	0
67	12	440.0483	122.8792	0
67	13	216.3449	149.2643	0
67	14	403.7313	186.1927	0
67	15	450.4068	153.1908	0
67	16	271.7578	209.2369	0
67	17	368.3251	164.4561	0
67	18	423.173	157.4833	0
67	19	70.01158	285.9243	0
67	20	203.3369	269.4744	0
67	21	-163.342	287.5811	0
67	22	-103.579	315.2851	0
67	23	257.2901	186.6865	0
67	24	444.3179	142.2278	0
67	25	99.86609	306.7136	0
67	26	375.0007	211.8647	0
67	27	412.9726	236.7347	0
67	28	-116.2251	227.9946	0
67	29	434.4698	108.1452	0
67	30	397.8465	113.4297	0
67	31	15.11014	332.0641	0
67	32	496.5598	89.73071	0
67	33	490.8961	130.6802	0
67	34	124.1864	178.3659	0
67	35	-156.1874	393.6393	0
67	36	107.267	224.0462	0
67	37	208.6117	186.6859	0
67	38	39.90187	358.2979	0
67	39	405.2306	145.9569	0
67	40	504.0812	174.1021	0
67	41	160.3018	221.8313	0
67	42	119.7907	238.1266	0
67	43	213.7218	207.4726	0
68	1	169.1511	189.2557	0
68	2	435.769	202.9718	0
68	3	172.0517	167.2433	0
68	4	260.9905	141.117	0
68	5	-24.91978	290.1982	0
68	6	266.897	256.5669	0
68	7	153.2495	244.9849	0
68	8	132.27	298.4467	0
68	9	462.2368	198.0963	0
68	10	43.04172	261.4621	0
68	11	515.3046	113.0657	0
68	12	440.0502	122.8842	0
68	13	216.339	149.2421	0
68	14	403.7278	186.2506	0
68	15	450.4138	153.1928	0
68	16	271.7407	209.226	0
68	17	368.3172	164.4536	0
68	18	423.1804	157.4771	0
68	19	70.02631	285.9125	0
68	20	203.3756	269.4505	0
68	21	-163.292	287.536	0
68	22	-103.5861	315.2976	0
68	23	257.2963	186.6894	0
68	24	444.3254	142.2282	0
68	25	99.89398	306.6645	0
68	26	375.0135	211.8654	0
68	27	412.9749	236.803	0
68	28	-116.2444	228.014	0
68	29	434.4475	108.1324	0
68	30	397.8304	113.4151	0
68	31	15.08002	332.1157	0
68	32	496.5643	89.73178	0
68	33	490.8884	130.6752	0
68	34	124.1923	178.3692	0
68	35	-156.1614	393.6237	0
68	36	107.269	224.0038	0
68	37	208.6118	186.6889	0
68	38	39.83457	358.4182	0
68	39	405.2411	145.9312	0
68	40	504.0883	174.1009	0
68	41	160.2819	221.8864	0
68	42	119.7893	238.1354	0
68	43	213.6922	207.5467	0
69	1	169.192	189.2482	0
69	2	435.7768	202.9751	0
69	3	172.0652	167.237	0
69	4	260.9805	141.155	0
69	5	-24.90736	290.1985	0
69	6	266.8977	256.5732	0
69	7	153.2485	244.9926	0
69	8	132.2368	298.4778	0
69	9	462.2417	198.0975	0
69	10	43.04611	261.4651	0
69	11	515.3113	113.0634	0
69	12	440.0533	122.8881	0
69	13	216.3313	149.2209	0
69	14	403.7179	186.3049	0
69	15	450.4212	153.1952	0
69	16	271.7286	209.2191	0
69	17	368.3165	164.4555	0
69	18	423.1882	157.4709	0
69	19	70.04144	285.9013	0
69	20	203.4117	269.4194	0
69	21	-163.2448	287.4916	0
69	22	-103.5891	315.3071	0
69	23	257.302	186.6923	0
69	24	444.334	142.2287	0
69	25	99.90606	306.6147	0
69	26	375.0253	211.8654	0
69	27	412.972	236.8737	0
69	28	-116.2764	228.0449	0
69	29	434.4279	108.1218	0
69	30	397.8109	113.4013	0
69	31	15.04726	332.1743	0
69	32	496.5694	89.7326	0
69	33	490.9234	130.6742	0
69	34	124.198	178.3727	0
69	35	-156.1336	393.608	0
69	36	107.2658	223.9625	0
69	37	208.6125	186.6927	0
69	38	39.75875	358.5311	0
69	39	405.2435	145.9064	0
69	40	504.0923	174.0947	0
69	41	160.2581	221.9442	0
69	42	119.7855	238.146	0
69	43	213.6552	207.6158	0
70	1	169.2316	189.2332	0
70	2	435.7838	202.9785	0
70	3	172.0775	167.2339	0
70	4	260.9727	141.1973	0
70	5	-24.89451	290.1975	0
70	6	266.8978	256.5822	0
70	7	153.2498	244.9985	0
70	8	132.2232	298.4744	0
70	9	462.2437	198.106	0
70	10	43.03884	261.4792	0
70	11	515.3163	113.0638	0
70	12	440.058	122.8906	0
70	13	216.3222	149.2023	0
70	14	403.7032	186.3469	0
70	15	450.43	153.197	0
70	16	271.7223	209.2169	0
70	17	368.3181	164.4594	0
70	18	423.195	157.4676	0
70	19	70.05743	285.8911	0
70	20	203.4436	269.3815	0
70	21	-163.213	287.4468	0
70	22	-103.5876	315.3139	0
70	23	257.3076	186.6949	0
70	24	444.3416	142.2286	0
70	25	99.9063	306.5639	0
70	26	375.036	211.8644	0
70	27	412.9617	236.9395	0
70	28	-116.3149	228.0857	0
70	29	434.4121	108.1143	0
70	30	397.7895	113.3885	0
70	31	15.01237	332.2412	0
70	32	496.5747	89.7337	0
70	33	490.9547	130.6671	0
70	34	124.203	178.3755	0
70	35	-156.1125	393.5991	0
70	36	107.2662	223.9223	0
70	37	208.6127	186.698	0
70	38	39.68245	358.622	0
70	39	405.2462	145.8821	0
70	40	504.0965	174.0883	0
70	41	160.2294	222.0044	0
70	42	119.7817	238.1584	0
70	43	213.6153	207.6699	0
71	1	169.2693	189.2106	0
71	2	435.7905	202.9814	0
71	3	172.0836	167.2354	0
71	4	260.9631	141.2464	0
71	5	-24.87916	290.1875	0
71	6	266.8968	256.5927	0
71	7	153.2543	245.0025	0
71	8	132.2664	298.4698	0
71	9	462.244	198.1233	0
71	10	43.0194	261.5064	0
71	11	515.3193	113.0694	0
71	12	440.0636	122.8925	0
71	13	216.3113	149.1849	0
71	14	403.6894	186.3711	0
71	15	450.4398	153.1973	0
71	16	271.7211	209.2185	0
71	17	368.3195	164.4643	0
71	18	423.2003	157.4668	0
71	19	70.07719	285.878	0
71	20	203.4682	269.3427	0
71	21	-163.1935	287.4008	0
71	22	-103.5818	315.3188	0
71	23	257.3136	186.6974	0
71	24	444.3482	142.2278	0
71	25	99.90443	306.5152	0
71	26	375.0442	211.8562	0
71	27	412.9461	236.9909	0
71	28	-116.3583	228.1342	0
71	29	434.4017	108.1097	0
71	30	397.7701	113.3773	0
71	31	14.97208	332.3165	0
71	32	496.5809	89.73447	0
71	33	490.9794	130.6532	0
71	34	124.2074	178.3782	0
71	35	-156.0983	393.5963	0
71	36	107.2634	223.8827	0
71	37	208.6117	186.7049	0
71	38	39.62691	358.6755	0
71	39	405.2401	145.8574	0
71	40	504.101	174.0826	0
71	41	160.1951	222.061	0
71	42	119.7808	238.1686	0
71	43	213.5843	207.7009	0
72	1	169.3044	189.1826	0
72	2	435.7968	202.9841	0
72	3	172.0807	167.2452	0
72	4	260.9496	141.2992	0
72	5	-24.86314	290.1761	0
72	6	266.897	256.604	0
72	7	153.26	245.0059	0
72	8	132.3235	298.4567	0
72	9	462.244	198.1499	0
72	10	42.99231	261.5456	0
72	11	515.3218	113.0817	0
72	12	440.0685	122.8946	0
72	13	216.2967	149.1686	0
72	14	403.679	186.3769	0
72	15	450.4496	153.198	0
72	16	271.7214	209.2219	0
72	17	368.3212	164.471	0
72	18	423.2027	157.471	0
72	19	70.09517	285.8682	0
72	20	203.4869	269.3024	0
72	21	-163.178	287.3567	0
72	22	-103.5769	315.3237	0
72	23	257.3212	186.7002	0
72	24	444.3526	142.223	0
72	25	99.90488	306.467	0
72	26	375.0523	211.8469	0
72	27	412.9313	237.0203	0
72	28	-116.4051	228.1892	0
72	29	434.397	108.1086	0
72	30	397.7542	113.3696	0
72	31	14.92711	332.3952	0
72	32	496.5875	89.73447	0
72	33	490.9979	130.6336	0
72	34	124.2117	178.3806	0
72	35	-156.1006	393.6064	0
72	36	107.2578	223.8445	0
72	37	208.6099	186.713	0
72	38	39.60238	358.6889	0
72	39	405.226	145.8311	0
72	40	504.1072	174.076	0
72	41	160.1585	222.106	0
72	42	119.7838	238.1761	0
72	43	213.5687	207.7083	0
73	1	169.3345	189.1501	0
73	2	435.8036	202.9866	0
73	3	172.0694	167.2651	0
73	4	260.9315	141.3544	0
73	5	-24.84708	290.1656	0
73	6	266.8997	256.6127	0
73	7	153.2649	245.0088	0
73	8	132.3792	298.4312	0
73	9	462.2476	198.1846	0
73	10	42.96206	261.5963	0
73	11	515.3236	113.1019	0
73	12	440.0733	122.8962	0
73	13	216.2787	149.1533	0
73	14	403.6858	186.3716	0
73	15	450.4585	153.1987	0
73	16	271.7217	209.226	0
73	17	368.3218	164.4788	0
73	18	423.2033	157.4822	0
73	19	70.11069	285.863	0
73	20	203.5009	269.264	0
73	21	-163.16	287.3132	0
73	22	-103.5727	315.3283	0
73	23	257.3309	186.7007	0
73	24	444.3571	142.2178	0
73	25	99.9016	306.4201	0
73	26	375.0608	211.8385	0
73	27	412.9211	237.0268	0
73	28	-116.4586	228.2518	0
73	29	434.397	108.11	0
73	30	397.743	113.3646	0
73	31	14.876	332.476	0
73	32	496.594	89.73465	0
73	33	491.0103	130.6091	0
73	34	124.2164	178.3833	0
73	35	-156.1218	393.6339	0
73	36	107.2496	223.8113	0
73	37	208.6096	186.7208	0
73	38	39.6221	358.6791	0
73	39	405.21	145.8055	0
73	40	504.1138	174.0694	0
73	41	160.1301	222.1326	0
73	42	119.7915	238.1812	0
73	43	213.5821	207.7024	0
74	1	169.3557	189.1184	0
74	2	435.8109	202.9894	0
74	3	172.0518	167.2953	0
74	4	260.9075	141.408	0
74	5	-24.82788	290.1546	0
74	6	266.9059	256.6188	0
74	7	153.2696	245.0117	0
74	8	132.4329	298.3926	0
74	9	462.2544	198.2242	0
74	10	42.93029	261.6541	0
74	11	515.3293	113.1288	0
74	12	440.078	122.8976	0
74	13	216.2618	149.1397	0
74	14	403.7218	186.3675	0
74	15	450.4648	153.1948	0
74	16	271.7219	209.2317	0
74	17	368.3236	164.4879	0
74	18	423.201	157.5016	0
74	19	70.11908	285.8639	0
74	20	203.5024	269.2239	0
74	21	-163.1461	287.2709	0
74	22	-103.5698	315.3327	0
74	23	257.3415	186.7017	0
74	24	444.362	142.2131	0
74	25	99.89533	306.3752	0
74	26	375.0715	211.8296	0
74	27	412.9326	237.0214	0
74	28	-116.5173	228.3177	0
74	29	434.3983	108.1123	0
74	30	397.7373	113.363	0
74	31	14.81964	332.5503	0
74	32	496.5999	89.73499	0
74	33	491.0157	130.5814	0
74	34	124.2234	178.3856	0
74	35	-156.1626	393.6812	0
74	36	107.2382	223.7797	0
74	37	208.6116	186.7267	0
74	38	39.68616	358.6689	0
74	39	405.1961	145.7806	0
74	40	504.1199	174.0658	0
74	41	160.116	222.1401	0
74	42	119.7991	238.1862	0
74	43	213.6295	207.6968	0
75	1	169.3757	189.0859	0
75	2	435.8196	202.9916	0
75	3	172.0334	167.3348	0
75	4	260.8783	141.4518	0
75	5	-24.80576	290.1418	0
75	6	266.9145	256.6233	0
75	7	153.2739	245.0142	0
75	8	132.4836	298.3445	0
75	9	462.2644	198.2691	0
75	10	42.89575	261.7206	0
75	11	515.3391	113.1607	0
75	12	440.0833	122.8987	0
75	13	216.2467	149.1302	0
75	14	403.7548	186.3567	0
75	15	450.4696	153.1883	0
75	16	271.7211	209.2384	0
75	17	368.3269	164.4952	0
75	18	423.2002	157.528	0
75	19	70.11498	285.8763	0
75	20	203.4954	269.1836	0
75	21	-163.1344	287.2305	0
75	22	-103.567	315.3371	0
75	23	257.3513	186.702	0
75	24	444.3683	142.208	0
75	25	99.88667	306.3358	0
75	26	375.0833	211.8197	0
75	27	412.9724	237.0157	0
75	28	-116.5824	228.386	0
75	29	434.3996	108.1153	0
75	30	397.7365	113.3642	0
75	31	14.76556	332.6076	0
75	32	496.6038	89.73239	0
75	33	491.0124	130.5548	0
75	34	124.233	178.386	0
75	35	-156.2142	393.7453	0
75	36	107.2192	223.7499	0
75	37	208.617	186.7307	0
75	38	39.75328	358.6445	0
75	39	405.1801	145.7563	0
75	40	504.1249	174.0648	0
75	41	160.1242	222.135	0
75	42	119.8058	238.1905	0
75	43	213.6763	207.6827	0
76	1	169.3855	189.0538	0
76	2	435.8293	202.992	0
76	3	172.015	167.3806	0
76	4	260.852	141.4793	0
76	5	-24.78813	290.1341	0
76	6	266.922	256.6279	0
76	7	153.2787	245.0166	0
76	8	132.528	298.2885	0
76	9	462.2738	198.3204	0
76	10	42.85524	261.794	0
76	11	515.3528	113.1954	0
76	12	440.089	122.9001	0
76	13	216.2355	149.124	0
76	14	403.7821	186.3378	0
76	15	450.4747	153.1822	0
76	16	271.7207	209.2461	0
76	17	368.3331	164.5003	0
76	18	423.2028	157.5609	0
76	19	70.09895	285.9026	0
76	20	203.4893	269.1449	0
76	21	-163.1272	287.1953	0
76	22	-103.563	315.3419	0
76	23	257.3605	186.6999	0
76	24	444.375	142.2027	0
76	25	99.87343	306.2982	0
76	26	375.0934	211.814	0
76	27	413.0085	237.0016	0
76	28	-116.6529	228.4504	0
76	29	434.4011	108.1193	0
76	30	397.7372	113.3666	0
76	31	14.72856	332.6395	0
76	32	496.6066	89.72864	0
76	33	491.0095	130.5288	0
76	34	124.2427	178.3868	0
76	35	-156.2746	393.8251	0
76	36	107.1961	223.7224	0
76	37	208.6237	186.7341	0
76	38	39.82014	358.6027	0
76	39	405.1616	145.7332	0
76	40	504.1278	174.0692	0
76	41	160.1623	222.1309	0
76	42	119.8117	238.1947	0
76	43	213.7194	207.6581	0
77	1	169.3845	189.0198	0
77	2	435.8392	202.9928	0
77	3	171.9965	167.4329	0
77	4	260.8365	141.4904	0
77	5	-24.77454	290.1307	0
77	6	266.929	256.632	0
77	7	153.2848	245.0194	0
77	8	132.56	298.2333	0
77	9	462.2804	198.3744	0
77	10	42.80964	261.8706	0
77	11	515.3675	113.2362	0
77	12	440.0956	122.9009	0
77	13	216.2292	149.1216	0
77	14	403.8047	186.3132	0
77	15	450.4811	153.1766	0
77	16	271.7219	209.2524	0
77	17	368.3417	164.5038	0
77	18	423.2088	157.5973	0
77	19	70.07288	285.9438	0
77	20	203.4829	269.1065	0
77	21	-163.1254	287.1616	0
77	22	-103.5547	315.3444	0
77	23	257.3687	186.6926	0
77	24	444.381	142.1999	0
77	25	99.85178	306.2629	0
77	26	375.1023	211.812	0
77	27	413.0376	236.9775	0
77	28	-116.7224	228.5015	0
77	29	434.4023	108.1238	0
77	30	397.7381	113.3696	0
77	31	14.71296	332.6439	0
77	32	496.6099	89.72516	0
77	33	490.9966	130.502	0
77	34	124.2522	178.3875	0
77	35	-156.3387	393.9118	0
77	36	107.1745	223.6989	0
77	37	208.6295	186.7372	0
77	38	39.88567	358.5487	0
77	39	405.143	145.7131	0
77	40	504.1302	174.0808	0
77	41	160.2008	222.1199	0
77	42	119.8175	238.1987	0
77	43	213.7591	207.6259	0
78	1	169.3788	188.9865	0
78	2	435.8481	202.9934	0
78	3	171.9737	167.4921	0
78	4	260.8323	141.4849	0
78	5	-24.77214	290.1358	0
78	6	266.9355	256.6359	0
78	7	153.2932	245.0199	0
78	8	132.5907	298.1789	0
78	9	462.2827	198.4301	0
78	10	42.75742	261.9484	0
78	11	515.3797	113.28	0
78	12	440.103	122.901	0
78	13	216.2276	149.1226	0
78	14	403.8214	186.2831	0
78	15	450.4884	153.1693	0
78	16	271.7252	209.2569	0
78	17	368.3495	164.5075	0
78	18	423.2153	157.6398	0
78	19	70.04295	285.9982	0
78	20	203.4737	269.0694	0
78	21	-163.132	287.1301	0
78	22	-103.5433	315.3455	0
78	23	257.3773	186.6852	0
78	24	444.386	142.1994	0
78	25	99.82788	306.2308	0
78	26	375.1064	211.8168	0
78	27	413.0611	236.9464	0
78	28	-116.7728	228.5317	0
78	29	434.4043	108.129	0
78	30	397.7392	113.3735	0
78	31	14.73326	332.6373	0
78	32	496.614	89.72195	0
78	33	490.9755	130.4735	0
78	34	124.262	178.3839	0
78	35	-156.4111	394.013	0
78	36	107.1544	223.6828	0
78	37	208.6349	186.7403	0
78	38	39.94796	358.4826	0
78	39	405.1225	145.6938	0
78	40	504.131	174.1013	0
78	41	160.2372	222.1003	0
78	42	119.8237	238.2029	0
78	43	213.794	207.5862	0
