2289	162	-1.56252	1.830597	0
2289	165	76.07277	63.53915	0
2289	167	2.281134	-0.1915283	0
2289	168	634.1504	-2.609283	0
2289	169	88.88538	63.75185	0
2289	171	-19.68585	-1.656158	0
2289	172	649.3331	-5.873871	0
2289	173	515.356	60.5724	0
2289	174	62.15689	67.94278	0
2289	175	688.7738	-18.14835	0
2289	176	-12.44324	0.9792786	0
2289	177	98.5974	66.14098	0
2289	178	522.6396	60.21945	0
2289	179	658.8134	-12.2258	0
2289	180	90.65593	65.01508	0
2289	181	-6.895707	-5.099426	0
2289	182	634.6448	-5.912323	0
2289	183	522.5709	61.80612	0
2289	184	97.00632	67.86249	0
2289	185	-20.746	-8.186432	0
2289	186	517.1375	64.5612	0
2289	187	-16.72731	-3.742859	0
2289	188	642.1969	-8.895386	0
2289	189	59.09574	71.44424	0
2289	190	519.9531	63.02179	0
2289	191	103.4852	71.36366	0
2289	192	-38.17375	-12.31296	0
2289	193	721.6522	-26.55615	0
2289	194	525.2205	66.6787	0
2289	195	663.2983	-23.24197	0
2289	196	106.1219	69.00323	0
2289	197	-9.286404	-11.32181	0
2289	198	508.5608	66.37875	0
2289	199	60.67133	78.10358	0
2289	200	640.2933	-13.51572	0
2289	201	481.2758	64.17102	0
2289	202	-24.17131	-18.78	0
2289	203	60.29725	74.44191	0
2289	204	663.7737	-19.13361	0
2289	205	502.7722	68.31731	0
2289	206	52.99346	-21.27005	0
2289	207	115.1427	72.89891	0
2289	208	586.8245	-31.15213	0
2289	209	524.5635	69.24939	0
2289	210	-52.94199	-35.74438	0
2289	211	117.9816	75.82495	0
2289	212	705.3993	-32.54282	0
2289	213	-44.94047	-17.3685	0
2289	214	502.0566	73.56525	0
2289	215	124.568	79.33536	0
2289	216	524.5422	73.37013	0
2289	217	717.2899	-42.7395	0
2289	218	-42.15936	-26.09137	0
2289	219	160.4244	76.51489	0
2289	220	521.5759	80.47404	0
2289	221	878.8801	-80.55283	0
2289	222	-196.7793	-48.328	0
2289	223	506.5973	70.64157	0
2289	224	177.1697	81.0768	0
2289	225	574.7707	-76.76385	0
2289	226	-84.07327	-63.13565	0
2289	227	60.49566	86.29738	0
2289	228	503.7682	76.42314	0
2289	229	759.5071	-69.3598	0
2289	230	63.44289	92.89674	0
2289	231	-324.4198	-92.87808	0
2289	232	484.0163	78.18974	0
2289	233	1055.094	-141.6288	0
2289	234	139.9617	89.40662	0
2289	235	-478.0548	-143.3402	0
2289	236	1354.865	-250.5429	0
2289	237	501.5603	82.70982	0
2289	238	132.2959	83.79958	0
2289	239	-840.4603	-259.9878	0
2289	240	3296.601	-917.1672	0
2289	241	147.1869	95.63074	0
2289	242	495.7111	87.02205	0
2289	243	-74.44504	-106.9606	0
2289	244	606.1699	-187.8063	0
2289	245	161.5998	102.9119	0
2289	246	490.7609	102.3172	0
2289	247	-820.6224	-683.6294	0
2289	248	607.4174	-119.6978	0
2289	249	184.7017	112.687	0
2289	250	-120.5608	-90.75162	0
2289	251	493.7042	93.29681	0
2289	252	81.62956	135.0775	0
2289	253	634.8038	-379.9774	0
2289	254	403.0897	136.2989	0
2289	255	3816.729	1367.437	0
2289	256	270.8713	130.8233	0
2289	257	-813.3225	482.7794	0
2289	258	448.1868	105.2549	0
2289	259	-2072.817	-691.6658	0
2289	260	420.0929	215.7538	0
2289	261	-231.542	-166.0262	0
2289	262	356.5059	144.25	0
2289	263	111.9953	204.941	0
2289	264	193.7027	134.1248	0
2289	265	1040.824	368.0552	0
2289	266	476.7364	133.2186	0
2289	267	-214.9401	332.7592	0
2289	268	-310.4374	-254.5575	0
2289	269	91.96457	264.5945	0
2289	270	38.40779	833.1379	0
2289	271	421.2094	113.7134	0
2289	272	75.43904	196.7276	0
2289	273	214.4791	149.9704	0
2289	274	1262.138	1048.77	0
2289	275	480.467	162.8694	0
2289	276	6.391492	1250.506	0
2289	277	438.4633	467.7932	0
2289	278	400.5632	327.0084	0
2289	279	233.9446	119.4103	0
2289	280	604.1355	303.9633	0
2289	281	157.4451	242.3016	0
2289	282	503.881	249.7546	0
2289	283	312.905	183.4923	0
2289	284	292.2379	162.5086	0
2289	285	330.8573	136.4235	0
2289	286	1390.231	8329.383	0
2289	287	531.7945	165.568	0
2289	288	382.7146	164.5466	0
2289	289	454.088	166.3832	0
2289	290	-81.98717	-530.7849	0
2289	291	323.5596	147.0643	0
2289	292	337.1705	319.9228	0
2289	293	228.8886	179.1876	0
2289	294	-1006.552	-446.7682	0
2289	295	1187.491	-538.0695	0
2289	296	363.1331	118.0737	0
2289	297	297.6217	125.366	0
2289	298	-427.2593	-194.6953	0
2289	299	305.4365	214.174	0
2289	300	376.368	103.427	0
2289	301	234.3691	109.9531	0
2289	302	14244.91	6570.122	0
2289	303	407.5928	95.88284	0
2289	304	116.2819	387.5111	0
2289	305	279.1443	101.0644	0
2289	306	-1299.95	1757.932	0
2289	307	-1838.01	-503.4112	0
2289	308	416.3095	87.95372	0
2289	309	7.552448	-70.51978	0
2289	310	1468.269	-234.6848	0
2289	311	-0.1685739	153.4902	0
2289	312	543.4071	110.7328	0
2289	313	-365.3854	-140.6855	0
2289	314	212.995	98.62207	0
2289	315	-349.7055	288.4519	0
2289	316	460.8365	80.8299	0
2289	317	10.28195	-41.08994	0
2289	318	23.07171	121.6248	0
2289	319	-3589.925	1190.612	0
2289	320	23.67191	-51.50412	0
2289	321	543.0295	91.04211	0
2289	322	-22171.86	9837.728	0
2289	323	-706.9382	-177.1028	0
2289	324	118.856	121.0248	0
2289	325	436.7287	83.61943	0
2289	326	84.25267	91.77431	0
2289	327	688.5704	-98.38638	0
2289	328	1.703199	-99.01813	0
2289	329	551.1154	100.2775	0
2289	330	752.5643	-164.3865	0
2289	331	95.77355	84.80576	0
2289	332	-241.1304	-90.90698	0
2289	333	547.8302	78.79671	0
2289	334	107.3794	100.7125	0
2289	335	1081.761	-125.6331	0
2289	336	548.1706	84.12527	0
2289	337	-173.0206	-47.16058	0
2289	338	650.3677	-44.09164	0
2289	339	116.3093	90.73676	0
2289	340	445.0533	76.63919	0
2289	341	21.19913	-29.42804	0
2289	342	463.4823	72.12758	0
2289	343	150.8406	73.55432	0
2289	344	601.3112	-30.23096	0
2289	345	-131.4851	-35.13715	0
2289	346	475.3139	69.21027	0
2289	347	637.8943	-55.47021	0
2289	348	87.71301	79.18929	0
2289	349	-175.2847	-59.72498	0
2289	350	72.12537	74.31723	0
2289	351	26.64533	-21.18277	0
2289	352	777.6115	-36.75278	0
2289	353	548.6459	74.39322	0
2289	354	839.1999	-50.36191	0
2289	355	132.1391	69.12772	0
2289	356	544.4164	70.67804	0
2289	357	-123.5159	-27.42081	0
2289	358	542.6609	67.92989	0
2289	359	740.1062	-23.24741	0
2289	360	46.09779	-10.20068	0
2289	361	141.1082	71.15678	0
2289	362	489.3357	66.27652	0
2289	363	835.1328	-37.11569	0
2289	364	16.45207	-16.37503	0
2289	365	129.2085	66.79623	0
2289	366	477.8214	62.33656	0
2289	367	-101.0209	-20.0332	0
2289	368	743.1165	-28.03589	0
2289	369	118.4805	65.2493	0
2289	370	476.2039	63.94124	0
2289	371	604.679	-10.91446	0
2289	372	29.93911	-2.884064	0
2289	373	91.35777	72.37225	0
2289	374	496.9203	63.9229	0
2289	375	565.7074	-8.952332	0
2289	376	83.51198	69.00224	0
2289	377	-65.16101	-13.73227	0
2289	378	541.9325	65.69061	0
2289	379	72.56287	71.3206	0
2289	380	616.5118	-7.548492	0
2289	381	-34.90858	-2.182983	0
2289	382	586.6219	-5.768768	0
2289	383	100.5153	62.73053	0
2289	384	488.3183	60.58334	0
2289	385	-9.216187	1.705811	0
2289	386	696.6609	-16.22125	0
2289	387	58.12828	67.60822	0
2289	388	538.5613	63.39682	0
2289	389	12.10782	2.041229	0
2289	390	669.9066	-4.273895	0
2289	391	121.6296	62.2816	0
2289	392	530.4289	61.35263	0
2289	393	-29.87317	1.207733	0
2289	394	40.55531	65.05576	0
2289	395	681.0108	-8.894897	0
2289	396	524.0224	57.93736	0
2289	397	50.64565	64.00449	0
2289	398	-33.47387	-0.05291748	0
2290	162	-1.823159	1.859711	0
2290	165	76.24126	63.49144	0
2290	167	2.332459	-0.1329651	0
2290	168	634.0313	-2.526642	0
2290	169	88.71326	63.72223	0
2290	171	-19.56301	-1.592041	0
2290	172	649.0116	-5.768372	0
2290	173	515.3779	60.54008	0
2290	174	62.39308	67.88243	0
2290	175	688.1677	-17.9754	0
2290	176	-12.37276	1.028992	0
2290	177	98.40799	66.09825	0
2290	178	522.6193	60.17897	0
2290	179	658.4799	-12.09515	0
2290	180	90.51429	64.97511	0
2290	181	-6.886214	-5.020874	0
2290	182	634.5138	-5.819458	0
2290	183	522.5534	61.76897	0
2290	184	96.9637	67.80731	0
2290	185	-20.5245	-8.079834	0
2290	186	517.1996	64.51639	0
2290	187	-16.66651	-3.667084	0
2290	188	642.1403	-8.798004	0
2290	189	59.07585	71.37762	0
2290	190	519.9556	62.98016	0
2290	191	103.4396	71.29936	0
2290	192	-37.89804	-12.19266	0
2290	193	720.6658	-26.32669	0
2290	194	525.2095	66.62329	0
2290	195	662.8737	-23.05539	0
2290	196	105.9803	68.94836	0
2290	197	-9.078352	-11.20422	0
2290	198	508.658	66.32806	0
2290	199	60.73737	78.00505	0
2290	200	640.1023	-13.38889	0
2290	201	481.8087	64.17162	0
2290	202	-24.14746	-18.64777	0
2290	203	60.20369	74.37369	0
2290	204	663.2714	-18.95486	0
2290	205	502.8508	68.25993	0
2290	206	52.88599	-21.1167	0
2290	207	114.8948	72.83998	0
2290	208	586.8674	-30.95053	0
2290	209	524.5773	69.1868	0
2290	210	-52.71144	-35.49783	0
2290	211	117.8036	75.74734	0
2290	212	704.8207	-32.2962	0
2290	213	-44.71973	-17.22586	0
2290	214	502.119	73.4843	0
2290	215	124.3633	79.23863	0
2290	216	524.5737	73.29337	0
2290	217	716.6998	-42.42242	0
2290	218	-41.96826	-25.90906	0
2290	219	160.0862	76.44283	0
2290	220	521.602	80.36086	0
2290	221	876.1781	-79.70169	0
2290	222	-197.1376	-48.15326	0
2290	223	506.6788	70.57471	0
2290	224	176.7382	80.98792	0
2290	225	574.9729	-76.13879	0
2290	226	-83.49168	-62.64047	0
2290	227	60.46989	86.16113	0
2290	228	503.8561	76.32854	0
2290	229	758.352	-68.77536	0
2290	230	63.25362	92.74832	0
2290	231	-321.4842	-91.92258	0
2290	232	484.1899	78.0871	0
2290	233	1048.474	-139.6141	0
2290	234	139.8162	89.25029	0
2290	235	-472.5979	-141.6144	0
2290	236	1341.276	-245.9348	0
2290	237	501.7236	82.59702	0
2290	238	132.1359	83.66896	0
2290	239	-824.4268	-255.0325	0
2290	240	3144.102	-865.0892	0
2290	241	146.94	95.44403	0
2290	242	495.8173	86.8782	0
2290	243	-74.06337	-106.0222	0
2290	244	606.1605	-185.336	0
2290	245	161.1157	102.6936	0
2290	246	490.8911	102.0662	0
2290	247	-791.6403	-659.253	0
2290	248	607.2504	-118.4803	0
2290	249	183.9621	112.3991	0
2290	250	-119.6577	-89.93866	0
2290	251	493.8142	93.11105	0
2290	252	81.73455	134.5593	0
2290	253	634.1534	-371.7495	0
2290	254	404.0489	135.6304	0
2290	255	4094.648	1465.238	0
2290	256	269.3499	130.3972	0
2290	257	-850.4066	495.4641	0
2290	258	448.6619	104.9995	0
2290	259	-1998.106	-665.9774	0
2290	260	416.5211	214.0743	0
2290	261	-228.7527	-164.0136	0
2290	262	358.2302	143.716	0
2290	263	108.2186	206.1962	0
2290	264	192.5134	133.6649	0
2290	265	1057.804	373.9174	0
2290	266	477.095	132.6145	0
2290	267	-228.8798	338.2223	0
2290	268	-304.9464	-250.2884	0
2290	269	90.93871	262.405	0
2290	270	19.24092	843.0398	0
2290	271	421.8947	113.4141	0
2290	272	74.8005	195.2293	0
2290	273	212.373	150.7186	0
2290	274	1335.413	1109.293	0
2290	275	482.3243	162.3164	0
2290	276	-1.248313	1237.99	0
2290	277	436.3957	478.4582	0
2290	278	406.8333	330.8398	0
2290	279	235.5495	119.0733	0
2290	280	597.8886	300.9669	0
2290	281	159.2476	244.5823	0
2290	282	503.1155	251.8861	0
2290	283	310.8992	182.5201	0
2290	284	293.9134	161.6783	0
2290	285	332.084	136.7063	0
2290	286	1040.057	6141.191	0
2290	287	531.9186	166.4859	0
2290	288	384.204	163.7924	0
2290	289	455.9833	167.1783	0
2290	290	-86.00906	-547.4763	0
2290	291	322.1973	147.7899	0
2290	292	339.4504	315.2129	0
2290	293	230.1827	180.1587	0
2290	294	-1032.012	-458.7631	0
2290	295	1210.284	-557.6522	0
2290	296	362.1496	118.4256	0
2290	297	298.7092	125.6459	0
2290	298	-432.6083	-197.3779	0
2290	299	307.5034	212.6137	0
2290	300	375.6803	103.6661	0
2290	301	235.1246	110.2083	0
2290	302	10901.19	5038.254	0
2290	303	407.1111	96.07808	0
2290	304	123.8964	380.7516	0
2290	305	279.8804	101.2914	0
2290	306	-1145.267	1611.004	0
2290	307	-1896.617	-519.8925	0
2290	308	415.9229	88.10548	0
2290	309	7.430755	-71.08157	0
2290	310	1483.167	-238.9788	0
2290	311	-0.4475965	154.1943	0
2290	312	543.33	111.0369	0
2290	313	-368.0609	-142.0966	0
2290	314	213.5647	98.81755	0
2290	315	-337.2166	284.9369	0
2290	316	460.557	80.9446	0
2290	317	10.06712	-41.39633	0
2290	318	23.16014	121.9747	0
2290	319	-3345.075	1122.427	0
2290	320	23.58667	-51.89447	0
2290	321	542.9743	91.20357	0
2290	322	-14834.85	6683.018	0
2290	323	-715.7794	-179.5213	0
2290	324	119.1929	121.3714	0
2290	325	436.4243	83.7446	0
2290	326	84.45615	91.92238	0
2290	327	689.8485	-99.41522	0
2290	328	1.840054	-99.89038	0
2290	329	551.0103	100.4939	0
2290	330	755.6523	-166.8321	0
2290	331	95.93271	84.923	0
2290	332	-242.3688	-91.62808	0
2290	333	547.7755	78.89511	0
2290	334	107.4412	100.9503	0
2290	335	1086.598	-127.0816	0
2290	336	548.1954	84.25687	0
2290	337	-172.2664	-47.31024	0
2290	338	651.0073	-44.47794	0
2290	339	116.5253	90.89902	0
2290	340	444.767	76.72015	0
2290	341	20.95955	-29.67819	0
2290	342	463.307	72.19977	0
2290	343	151.0779	73.62776	0
2290	344	601.5618	-30.44391	0
2290	345	-132.0092	-35.37344	0
2290	346	475.1297	69.26901	0
2290	347	638.2901	-55.9418	0
2290	348	87.80353	79.29047	0
2290	349	-176.2083	-60.186	0
2290	350	72.205	74.39894	0
2290	351	26.52902	-21.34802	0
2290	352	778.6476	-37.0752	0
2290	353	548.6433	74.4722	0
2290	354	840.5321	-50.78656	0
2290	355	132.3373	69.18059	0
2290	356	544.452	70.74837	0
2290	357	-124.0808	-27.63098	0
2290	358	542.7	67.98923	0
2290	359	740.9191	-23.4476	0
2290	360	46.08544	-10.30545	0
2290	361	141.3282	71.2177	0
2290	362	489.2032	66.33061	0
2290	363	836.2906	-37.40671	0
2290	364	16.44944	-16.51123	0
2290	365	129.3748	66.84265	0
2290	366	477.688	62.36951	0
2290	367	-101.5896	-20.20963	0
2290	368	743.9292	-28.26276	0
2290	369	118.6603	65.28799	0
2290	370	475.7572	63.95113	0
2290	371	604.7741	-11.03076	0
2290	372	29.96294	-2.956665	0
2290	373	91.47264	72.43745	0
2290	374	496.8533	63.96487	0
2290	375	565.6875	-9.05957	0
2290	376	83.50246	69.0576	0
2290	377	-65.63675	-13.86285	0
2290	378	541.9324	65.73889	0
2290	379	72.63918	71.38609	0
2290	380	616.496	-7.638489	0
2290	381	-35.388	-2.280304	0
2290	382	586.5577	-5.851685	0
2290	383	100.6696	62.75996	0
2290	384	488.2373	60.61719	0
2290	385	-9.287497	1.66803	0
2290	386	697.2365	-16.3681	0
2290	387	58.12122	67.65465	0
2290	388	538.616	63.44284	0
2290	389	12.54146	2.013611	0
2290	390	670.1577	-4.359344	0
2290	391	121.7504	62.31778	0
2290	392	530.5803	61.39526	0
2290	393	-30.1323	1.152252	0
2290	394	40.52175	65.10236	0
2290	395	681.5094	-9.013184	0
2290	396	523.9796	57.96045	0
2290	397	50.71254	64.02374	0
2290	398	-33.83287	-0.1123047	0
2291	162	-2.007818	1.893524	0
2291	165	76.41988	63.44308	0
2291	167	2.381035	-0.07522583	0
2291	168	633.9171	-2.444794	0
2291	169	88.53533	63.69278	0
2291	171	-19.42837	-1.527496	0
2291	172	648.6882	-5.662811	0
2291	173	515.4018	60.50775	0
2291	174	62.64628	67.82266	0
2291	175	687.5746	-17.80515	0
2291	176	-12.31569	1.075378	0
2291	177	98.21527	66.05579	0
2291	178	522.6125	60.13898	0
2291	179	658.1597	-11.96564	0
2291	180	90.3742	64.93541	0
2291	181	-6.880262	-4.942657	0
2291	182	634.3739	-5.726593	0
2291	183	522.5364	61.73204	0
2291	184	96.91601	67.75229	0
2291	185	-20.31404	-7.974548	0
2291	186	517.2606	64.47145	0
2291	187	-16.60368	-3.591675	0
2291	188	642.0874	-8.700684	0
2291	189	59.06114	71.31058	0
2291	190	519.9564	62.93871	0
2291	191	103.3973	71.23396	0
2291	192	-37.61845	-12.07214	0
2291	193	719.6608	-26.09549	0
2291	194	525.1984	66.5679	0
2291	195	662.4494	-22.86987	0
2291	196	105.8408	68.89395	0
2291	197	-8.866835	-11.0871	0
2291	198	508.7539	66.27753	0
2291	199	60.80809	77.90744	0
2291	200	639.9149	-13.26276	0
2291	201	482.3339	64.16899	0
2291	202	-24.11955	-18.51508	0
2291	203	60.11197	74.3046	0
2291	204	662.7804	-18.77792	0
2291	205	502.931	68.20325	0
2291	206	52.77753	-20.9649	0
2291	207	114.6496	72.78146	0
2291	208	586.9053	-30.7504	0
2291	209	524.5897	69.12411	0
2291	210	-52.48433	-35.25299	0
2291	211	117.6238	75.66978	0
2291	212	704.2401	-32.05087	0
2291	213	-44.49811	-17.08395	0
2291	214	502.1801	73.40359	0
2291	215	124.1558	79.14276	0
2291	216	524.6036	73.21692	0
2291	217	716.1058	-42.1073	0
2291	218	-41.77799	-25.72791	0
2291	219	159.7512	76.37141	0
2291	220	521.6295	80.24809	0
2291	221	873.5569	-78.86862	0
2291	222	-197.3207	-47.95499	0
2291	223	506.7597	70.50801	0
2291	224	176.3094	80.89934	0
2291	225	575.1697	-75.5192	0
2291	226	-82.91901	-62.15054	0
2291	227	60.4513	86.02498	0
2291	228	503.9423	76.23428	0
2291	229	757.22	-68.19962	0
2291	230	63.06744	92.59854	0
2291	231	-318.6217	-90.98831	0
2291	232	484.3528	77.98468	0
2291	233	1042.009	-137.6458	0
2291	234	139.678	89.09428	0
2291	235	-467.1905	-139.9103	0
2291	236	1328.105	-241.4786	0
2291	237	501.8857	82.48477	0
2291	238	131.9715	83.54027	0
2291	239	-808.9642	-250.2372	0
2291	240	3006.97	-818.2842	0
2291	241	146.7002	95.25731	0
2291	242	495.9235	86.73537	0
2291	243	-73.69039	-105.0929	0
2291	244	606.1682	-182.9278	0
2291	245	160.6328	102.4771	0
2291	246	491.0194	101.816	0
2291	247	-764.2264	-636.3151	0
2291	248	607.0806	-117.2737	0
2291	249	183.2387	112.114	0
2291	250	-118.7722	-89.13626	0
2291	251	493.9234	92.92641	0
2291	252	81.82347	134.0483	0
2291	253	633.5402	-363.8721	0
2291	254	405.0065	134.9752	0
2291	255	4417.188	1578.731	0
2291	256	267.8581	129.9727	0
2291	257	-889.6863	508.8579	0
2291	258	449.1354	104.7468	0
2291	259	-1928.318	-642.0089	0
2291	260	413.0257	212.4137	0
2291	261	-226.0348	-162.0471	0
2291	262	359.9319	143.1712	0
2291	263	104.3418	207.501	0
2291	264	191.3504	133.2068	0
2291	265	1075.323	379.9607	0
2291	266	477.4586	132.0234	0
2291	267	-243.1723	343.838	0
2291	268	-299.5942	-246.1373	0
2291	269	89.88324	260.2613	0
2291	270	-1.093564	854.082	0
2291	271	422.5671	113.116	0
2291	272	74.22563	193.7417	0
2291	273	210.2231	151.4788	0
2291	274	1417.167	1176.689	0
2291	275	483.9875	161.7199	0
2291	276	-7.478539	1222.472	0
2291	277	434.2345	489.7361	0
2291	278	413.2623	334.8684	0
2291	279	237.1411	118.7403	0
2291	280	591.8314	298.0556	0
2291	281	161.1278	246.886	0
2291	282	502.2918	254.0419	0
2291	283	308.9159	181.5672	0
2291	284	295.5333	160.8545	0
2291	285	333.3352	137.0024	0
2291	286	837.0059	4870.882	0
2291	287	532.0683	167.4185	0
2291	288	385.6952	163.0508	0
2291	289	457.9953	168.02	0
2291	290	-90.27705	-565.1345	0
2291	291	320.7809	148.5216	0
2291	292	341.643	310.6236	0
2291	293	231.4602	181.1488	0
2291	294	-1058.728	-471.358	0
2291	295	1234.638	-578.5824	0
2291	296	361.1716	118.7754	0
2291	297	299.8065	125.9311	0
2291	298	-438.1025	-200.1245	0
2291	299	309.5673	211.1043	0
2291	300	374.9848	103.9067	0
2291	301	235.8782	110.465	0
2291	302	8820.012	4084.696	0
2291	303	406.622	96.27393	0
2291	304	131.2947	374.2095	0
2291	305	280.6222	101.5198	0
2291	306	-1015.964	1488.036	0
2291	307	-1958.827	-537.3992	0
2291	308	415.534	88.25812	0
2291	309	7.319496	-71.64529	0
2291	310	1498.53	-243.4084	0
2291	311	-0.7349443	154.9112	0
2291	312	543.2514	111.3442	0
2291	313	-370.7944	-143.5335	0
2291	314	214.1378	99.01404	0
2291	315	-325.0234	281.5108	0
2291	316	460.2825	81.05962	0
2291	317	9.857973	-41.7034	0
2291	318	23.24959	122.3273	0
2291	319	-3127.391	1061.829	0
2291	320	23.49799	-52.289	0
2291	321	542.9161	91.36548	0
2291	322	-11086.96	5071.557	0
2291	323	-724.8234	-181.9961	0
2291	324	119.5489	121.7159	0
2291	325	436.1183	83.87048	0
2291	326	84.65858	92.07314	0
2291	327	691.1633	-100.4648	0
2291	328	1.970054	-100.7833	0
2291	329	550.9058	100.7123	0
2291	330	758.8289	-169.3473	0
2291	331	96.09252	85.04079	0
2291	332	-243.6269	-92.35941	0
2291	333	547.7205	78.99332	0
2291	334	107.504	101.1897	0
2291	335	1091.476	-128.5449	0
2291	336	548.2193	84.38976	0
2291	337	-171.6804	-47.48737	0
2291	338	651.6418	-44.86575	0
2291	339	116.7335	91.06297	0
2291	340	444.4822	76.80174	0
2291	341	20.72999	-29.92932	0
2291	342	463.1319	72.27231	0
2291	343	151.3132	73.70129	0
2291	344	601.8322	-30.65967	0
2291	345	-132.5265	-35.60916	0
2291	346	474.9479	69.3282	0
2291	347	638.6857	-56.41742	0
2291	348	87.88733	79.39238	0
2291	349	-177.1223	-60.64618	0
2291	350	72.27998	74.48193	0
2291	351	26.3965	-21.51544	0
2291	352	779.6766	-37.39822	0
2291	353	548.6447	74.55186	0
2291	354	841.8666	-51.21402	0
2291	355	132.5345	69.23358	0
2291	356	544.4871	70.81927	0
2291	357	-124.6397	-27.84161	0
2291	358	542.7404	68.04913	0
2291	359	741.7388	-23.64938	0
2291	360	46.07231	-10.41071	0
2291	361	141.5496	71.27901	0
2291	362	489.0645	66.38437	0
2291	363	837.4559	-37.69995	0
2291	364	16.44593	-16.64844	0
2291	365	129.5421	66.88911	0
2291	366	477.554	62.40224	0
2291	367	-102.1583	-20.3866	0
2291	368	744.7681	-28.49481	0
2291	369	118.841	65.32686	0
2291	370	475.3227	63.96472	0
2291	371	604.8669	-11.14774	0
2291	372	29.98763	-3.029541	0
2291	373	91.58666	72.50348	0
2291	374	496.7895	64.00693	0
2291	375	565.6678	-9.167328	0
2291	376	83.49523	69.11305	0
2291	377	-66.12137	-13.99518	0
2291	378	541.9328	65.78714	0
2291	379	72.71607	71.45195	0
2291	380	616.4828	-7.729004	0
2291	381	-35.86913	-2.378021	0
2291	382	586.495	-5.935028	0
2291	383	100.825	62.78941	0
2291	384	488.1563	60.65108	0
2291	385	-9.377113	1.632263	0
2291	386	697.8121	-16.5152	0
2291	387	58.09637	67.70088	0
2291	388	538.6694	63.48898	0
2291	389	12.95604	1.984009	0
2291	390	670.4175	-4.445618	0
2291	391	121.8715	62.35408	0
2291	392	530.7239	61.43781	0
2291	393	-30.40123	1.096771	0
2291	394	40.48475	65.14973	0
2291	395	682.0114	-9.133118	0
2291	396	523.936	57.98399	0
2291	397	50.78207	64.0446	0
2291	398	-34.22223	-0.1768799	0
2292	162	-2.110206	1.932617	0
2292	165	76.60857	63.3942	0
2292	167	2.426032	-0.01834106	0
2292	168	633.8085	-2.363678	0
2292	169	88.35176	63.66347	0
2292	171	-19.28278	-1.462494	0
2292	172	648.3642	-5.557404	0
2292	173	515.4285	60.47548	0
2292	174	62.926	67.76332	0
2292	175	686.9943	-17.6376	0
2292	176	-12.27843	1.117584	0
2292	177	98.02023	66.01353	0
2292	178	522.6183	60.09946	0
2292	179	657.8542	-11.83725	0
2292	180	90.23486	64.89603	0
2292	181	-6.876796	-4.864655	0
2292	182	634.2264	-5.63385	0
2292	183	522.5197	61.69536	0
2292	184	96.86211	67.69753	0
2292	185	-20.11536	-7.870575	0
2292	186	517.3199	64.42635	0
2292	187	-16.53836	-3.516693	0
2292	188	642.0356	-8.603363	0
2292	189	59.05193	71.24304	0
2292	190	519.9553	62.89738	0
2292	191	103.3564	71.16753	0
2292	192	-37.336	-11.95135	0
2292	193	718.6526	-25.86359	0
2292	194	525.1876	66.5126	0
2292	195	662.0252	-22.68536	0
2292	196	105.7038	68.84012	0
2292	197	-8.652077	-10.97031	0
2292	198	508.8486	66.22726	0
2292	199	60.88287	77.81085	0
2292	200	639.7303	-13.13724	0
2292	201	482.8368	64.16304	0
2292	202	-24.08651	-18.38193	0
2292	203	60.02382	74.23466	0
2292	204	662.302	-18.603	0
2292	205	503.0135	68.14719	0
2292	206	52.66922	-20.81445	0
2292	207	114.4076	72.72334	0
2292	208	586.936	-30.55133	0
2292	209	524.6011	69.06142	0
2292	210	-52.25827	-35.00983	0
2292	211	117.4416	75.59242	0
2292	212	703.6572	-31.80682	0
2292	213	-44.27608	-16.94287	0
2292	214	502.2402	73.3232	0
2292	215	123.9462	79.04778	0
2292	216	524.6316	73.1407	0
2292	217	715.5091	-41.79419	0
2292	218	-41.5893	-25.54788	0
2292	219	159.4193	76.30075	0
2292	220	521.6584	80.13585	0
2292	221	871.0151	-78.05362	0
2292	222	-197.3481	-47.73621	0
2292	223	506.8397	70.44147	0
2292	224	175.8832	80.81108	0
2292	225	575.3621	-74.90497	0
2292	226	-82.35743	-61.66608	0
2292	227	60.43929	85.88916	0
2292	228	504.0266	76.14041	0
2292	229	756.1116	-67.63272	0
2292	230	62.88696	92.44736	0
2292	231	-315.8308	-90.07513	0
2292	232	484.5052	77.88263	0
2292	233	1035.698	-135.7238	0
2292	234	139.5475	88.9382	0
2292	235	-461.8336	-138.2275	0
2292	236	1315.315	-237.1618	0
2292	237	502.0451	82.373	0
2292	238	131.8032	83.41356	0
2292	239	-794.0769	-245.6027	0
2292	240	2883.149	-776.0356	0
2292	241	146.4671	95.07074	0
2292	242	496.0306	86.59349	0
2292	243	-73.325	-104.1731	0
2292	244	606.1916	-180.5818	0
2292	245	160.1533	102.2623	0
2292	246	491.147	101.5667	0
2292	247	-738.2679	-614.6987	0
2292	248	606.9094	-116.0793	0
2292	249	182.5323	111.8316	0
2292	250	-117.9003	-88.34372	0
2292	251	494.0322	92.74283	0
2292	252	81.8931	133.5446	0
2292	253	632.9619	-356.3239	0
2292	254	405.9619	134.3333	0
2292	255	4795.789	1711.946	0
2292	256	266.3961	129.5503	0
2292	257	-931.2852	522.9994	0
2292	258	449.6076	104.4965	0
2292	259	-1862.963	-619.5932	0
2292	260	409.6071	210.773	0
2292	261	-223.3851	-160.1244	0
2292	262	361.6115	142.6184	0
2292	263	100.3612	208.8558	0
2292	264	190.2122	132.7508	0
2292	265	1093.402	386.1904	0
2292	266	477.8279	131.4452	0
2292	267	-257.8318	349.6125	0
2292	268	-294.3732	-242.0978	0
2292	269	88.81243	258.1543	0
2292	270	-22.74606	866.4565	0
2292	271	423.226	112.8192	0
2292	272	73.7097	192.2691	0
2292	273	208.0329	152.2504	0
2292	274	1508.859	1252.136	0
2292	275	485.4707	161.0831	0
2292	276	-12.26457	1203.995	0
2292	277	431.9564	501.6529	0
2292	278	419.8636	339.1098	0
2292	279	238.7191	118.4112	0
2292	280	585.9592	295.2238	0
2292	281	163.0692	249.2191	0
2292	282	501.4081	256.2223	0
2292	283	306.9509	180.6328	0
2292	284	297.1001	160.0383	0
2292	285	334.6078	137.3119	0
2292	286	704.6064	4041.59	0
2292	287	532.2449	168.3674	0
2292	288	387.1859	162.3201	0
2292	289	460.117	168.9062	0
2292	290	-94.79807	-583.837	0
2292	291	319.3186	149.256	0
2292	292	343.7607	306.1605	0
2292	293	232.7191	182.1594	0
2292	294	-1086.752	-484.5808	0
2292	295	1260.708	-600.9938	0
2292	296	360.1995	119.1224	0
2292	297	300.9109	126.2219	0
2292	298	-443.7514	-202.9396	0
2292	299	311.6302	209.644	0
2292	300	374.2816	104.1491	0
2292	301	236.6285	110.723	0
2292	302	7399.804	3433.881	0
2292	303	406.1255	96.47052	0
2292	304	138.4863	367.8798	0
2292	305	281.3697	101.7498	0
2292	306	-906.3402	1383.633	0
2292	307	-2024.925	-556.0127	0
2292	308	415.143	88.41165	0
2292	309	7.218898	-72.21094	0
2292	310	1514.371	-247.9778	0
2292	311	-1.027792	155.6404	0
2292	312	543.1705	111.6548	0
2292	313	-373.5807	-144.9955	0
2292	314	214.7143	99.21149	0
2292	315	-313.1273	278.1743	0
2292	316	460.0126	81.17494	0
2292	317	9.655497	-42.01105	0
2292	318	23.34006	122.6828	0
2292	319	-2932.84	1007.691	0
2292	320	23.40464	-52.68802	0
2292	321	542.8553	91.52802	0
2292	322	-8810.955	4093.009	0
2292	323	-734.0895	-184.5316	0
2292	324	119.9248	122.0591	0
2292	325	435.8107	83.9971	0
2292	326	84.85724	92.22681	0
2292	327	692.5157	-101.5353	0
2292	328	2.08911	-101.6978	0
2292	329	550.8016	100.9324	0
2292	330	762.0954	-171.9338	0
2292	331	96.25266	85.159	0
2292	332	-244.9044	-93.10037	0
2292	333	547.6666	79.09143	0
2292	334	107.5672	101.431	0
2292	335	1096.4	-130.0233	0
2292	336	548.2416	84.52383	0
2292	337	-171.2491	-47.68985	0
2292	338	652.2676	-45.25455	0
2292	339	116.933	91.22861	0
2292	340	444.1993	76.88397	0
2292	341	20.50975	-30.1813	0
2292	342	462.9569	72.3452	0
2292	343	151.5463	73.77489	0
2292	344	602.1345	-30.87897	0
2292	345	-133.0352	-35.84424	0
2292	346	474.7684	69.38773	0
2292	347	639.0831	-56.89743	0
2292	348	87.9651	79.49477	0
2292	349	-178.0244	-61.10532	0
2292	350	72.35024	74.56606	0
2292	351	26.24653	-21.68524	0
2292	352	780.6991	-37.72183	0
2292	353	548.6501	74.63225	0
2292	354	843.205	-51.64462	0
2292	355	132.7306	69.28665	0
2292	356	544.5209	70.89073	0
2292	357	-125.192	-28.05258	0
2292	358	542.7818	68.10956	0
2292	359	742.565	-23.85266	0
2292	360	46.05833	-10.5166	0
2292	361	141.7723	71.34064	0
2292	362	488.9195	66.4377	0
2292	363	838.6281	-37.99536	0
2292	364	16.44128	-16.78677	0
2292	365	129.7102	66.93573	0
2292	366	477.4192	62.43478	0
2292	367	-102.7268	-20.56412	0
2292	368	745.6137	-28.7305	0
2292	369	119.0225	65.36597	0
2292	370	474.9102	63.98207	0
2292	371	604.9575	-11.26541	0
2292	372	30.01295	-3.102875	0
2292	373	91.70071	72.57028	0
2292	374	496.7286	64.04901	0
2292	375	565.6483	-9.275665	0
2292	376	83.49156	69.16858	0
2292	377	-66.61414	-14.12909	0
2292	378	541.9343	65.83545	0
2292	379	72.79294	71.51804	0
2292	380	616.4723	-7.819916	0
2292	381	-36.35213	-2.476196	0
2292	382	586.4333	-6.018921	0
2292	383	100.9819	62.81886	0
2292	384	488.0752	60.68509	0
2292	385	-9.485114	1.598511	0
2292	386	698.3895	-16.66257	0
2292	387	58.04318	67.74736	0
2292	388	538.7215	63.53526	0
2292	389	13.35258	1.952698	0
2292	390	670.6862	-4.532593	0
2292	391	121.9929	62.3905	0
2292	392	530.8607	61.48026	0
2292	393	-30.68056	1.041138	0
2292	394	40.44514	65.19778	0
2292	395	682.5154	-9.254517	0
2292	396	523.8915	58.00793	0
2292	397	50.85336	64.06694	0
2292	398	-34.63833	-0.2461548	0
2293	162	-2.130924	1.977356	0
2293	165	76.8075	63.34476	0
2293	167	2.466283	0.03753662	0
2293	169	88.16283	63.63426	0
2293	171	-19.12777	-1.397156	0
2293	172	648.0405	-5.452362	0
2293	173	515.4584	60.44321	0
2293	174	63.242	67.70367	0
2293	175	686.425	-17.47253	0
2293	176	-12.26645	1.154938	0
2293	177	97.82388	65.97151	0
2293	178	522.6357	60.06049	0
2293	179	657.5639	-11.71005	0
2293	180	90.0957	64.85704	0
2293	181	-6.874687	-4.786774	0
2293	182	634.0724	-5.541412	0
2293	183	522.5029	61.65886	0
2293	184	96.80123	67.64308	0
2293	185	-19.92908	-7.768127	0
2293	186	517.3772	64.38103	0
2293	187	-16.47021	-3.442169	0
2293	188	641.9822	-8.50589	0
2293	189	59.04852	71.17506	0
2293	190	519.9523	62.85617	0
2293	191	103.3151	71.10022	0
2293	192	-37.05204	-11.83035	0
2293	193	717.6534	-25.63196	0
2293	194	525.1779	66.45749	0
2293	195	661.601	-22.50189	0
2293	196	105.5695	68.7868	0
2293	197	-8.434305	-10.85397	0
2293	198	508.9422	66.17734	0
2293	199	60.96109	77.71544	0
2293	200	639.5477	-13.01239	0
2293	201	483.3145	64.15396	0
2293	202	-24.04726	-18.24832	0
2293	203	59.9404	74.16397	0
2293	204	661.8375	-18.43024	0
2293	205	503.0991	68.09178	0
2293	206	52.56191	-20.66525	0
2293	207	114.1698	72.66554	0
2293	208	586.9399	-30.3522	0
2293	209	524.6118	68.9987	0
2293	210	-52.03067	-34.76782	0
2293	211	117.2566	75.5153	0
2293	212	703.0716	-31.56393	0
2293	213	-44.05368	-16.80276	0
2293	214	502.2997	73.24315	0
2293	215	123.7344	78.9538	0
2293	216	524.6576	73.06458	0
2293	217	714.9108	-41.48315	0
2293	218	-41.40317	-25.36911	0
2293	219	159.0908	76.2309	0
2293	220	521.689	80.02428	0
2293	221	868.5507	-77.25662	0
2293	222	-197.2381	-47.49988	0
2293	223	506.9182	70.37502	0
2293	224	175.4595	80.72311	0
2293	225	575.5512	-74.29575	0
2293	226	-81.80884	-61.18738	0
2293	227	60.43341	85.75378	0
2293	228	504.1093	76.04688	0
2293	229	755.027	-67.07458	0
2293	230	62.71435	92.29492	0
2293	231	-313.108	-89.18256	0
2293	232	484.6478	77.7809	0
2293	233	1029.535	-133.8472	0
2293	234	139.4246	88.78171	0
2293	235	-456.5299	-136.5654	0
2293	236	1302.871	-232.9742	0
2293	237	502.2007	82.2616	0
2293	238	131.6318	83.28876	0
2293	239	-779.764	-241.1299	0
2293	240	2770.904	-737.7416	0
2293	241	146.2402	94.88451	0
2293	242	496.1391	86.45258	0
2293	243	-72.96712	-103.2638	0
2293	244	606.228	-178.2968	0
2293	245	159.68	102.049	0
2293	246	491.275	101.3185	0
2293	247	-713.6696	-594.3013	0
2293	248	606.7384	-114.8984	0
2293	249	181.8432	111.5519	0
2293	250	-117.0372	-87.56036	0
2293	251	494.141	92.56035	0
2293	252	81.94064	133.048	0
2293	253	632.4166	-349.0847	0
2293	254	406.9161	133.7044	0
2293	255	5246.143	1870.407	0
2293	256	264.9653	129.1305	0
2293	257	-975.343	537.9335	0
2293	258	450.0788	104.2486	0
2293	259	-1801.601	-598.5795	0
2293	260	406.2653	209.1532	0
2293	261	-220.8	-158.2428	0
2293	262	363.2694	142.0603	0
2293	263	96.27312	210.2607	0
2293	264	189.0976	132.2974	0
2293	265	1112.067	392.6132	0
2293	266	478.2032	130.8797	0
2293	267	-272.8824	355.5561	0
2293	268	-289.2771	-238.1638	0
2293	269	87.74043	256.0778	0
2293	270	-45.90483	880.4259	0
2293	271	423.8711	112.5235	0
2293	272	73.24909	190.8124	0
2293	273	205.8057	153.0329	0
2293	274	1612.309	1337.11	0
2293	275	486.7874	160.409	0
2293	276	-15.61514	1182.642	0
2293	277	429.5382	514.2343	0
2293	278	426.6494	343.5777	0
2293	279	240.2831	118.0859	0
2293	280	580.266	292.4647	0
2293	281	165.0588	251.5879	0
2293	282	500.4626	258.428	0
2293	283	305.0003	179.7159	0
2293	284	298.6156	159.2308	0
2293	285	335.8992	137.635	0
2293	286	611.5265	3457.902	0
2293	287	532.4489	169.3346	0
2293	288	388.674	161.5989	0
2293	289	462.342	169.8351	0
2293	290	-99.58454	-603.6762	0
2293	291	317.8175	149.9902	0
2293	292	345.8141	301.8292	0
2293	293	233.9577	183.1922	0
2293	294	-1116.134	-498.4604	0
2293	295	1288.675	-625.0452	0
2293	296	359.233	119.4662	0
2293	297	302.0195	126.5184	0
2293	298	-449.5621	-205.827	0
2293	299	313.6938	208.2304	0
2293	300	373.571	104.3933	0
2293	301	237.3741	110.9818	0
2293	302	6369.038	2961.443	0
2293	303	405.6217	96.66795	0
2293	304	145.4796	361.7587	0
2293	305	282.1229	101.9812	0
2293	306	-812.2329	1293.844	0
2293	307	-2095.236	-575.8249	0
2293	308	414.7498	88.56604	0
2293	309	7.129205	-72.77866	0
2293	310	1530.708	-252.6917	0
2293	311	-1.32339	156.3816	0
2293	312	543.086	111.9685	0
2293	313	-376.413	-146.4812	0
2293	314	215.2939	99.40987	0
2293	315	-301.5286	274.9276	0
2293	316	459.7467	81.29059	0
2293	317	9.460741	-42.31918	0
2293	318	23.43141	123.0412	0
2293	319	-2758.117	959.0894	0
2293	320	23.30621	-53.09137	0
2293	321	542.792	91.6913	0
2293	322	-7282.292	3435.85	0
2293	323	-743.5916	-187.1313	0
2293	324	120.3211	122.4016	0
2293	325	435.5014	84.12442	0
2293	326	85.04935	92.38361	0
2293	327	693.9059	-102.6269	0
2293	328	2.193325	-102.6345	0
2293	329	550.6968	101.1544	0
2293	330	765.4533	-174.5933	0
2293	331	96.41295	85.27757	0
2293	332	-246.1999	-93.85025	0
2293	333	547.6147	79.18954	0
2293	334	107.6304	101.6743	0
2293	335	1101.373	-131.5172	0
2293	336	548.2619	84.65895	0
2293	337	-170.9591	-47.91541	0
2293	338	652.8811	-45.64365	0
2293	339	117.1234	91.39595	0
2293	340	443.9185	76.96678	0
2293	341	20.29795	-30.4339	0
2293	342	462.7819	72.41844	0
2293	343	151.7773	73.84837	0
2293	344	602.4907	-31.10385	0
2293	345	-133.5332	-36.07846	0
2293	346	474.5906	69.44759	0
2293	347	639.4838	-57.38214	0
2293	348	88.03752	79.59743	0
2293	349	-178.9125	-61.56332	0
2293	350	72.41547	74.65117	0
2293	351	26.07798	-21.8577	0
2293	352	781.715	-38.0459	0
2293	353	548.6591	74.71349	0
2293	354	844.5482	-52.0784	0
2293	355	132.9256	69.33975	0
2293	356	544.5528	70.96269	0
2293	357	-125.7377	-28.26382	0
2293	358	542.8239	68.17044	0
2293	359	743.3974	-24.05734	0
2293	360	46.04372	-10.62299	0
2293	361	141.9964	71.40257	0
2293	362	488.7685	66.49059	0
2293	363	839.8077	-38.29309	0
2293	364	16.43546	-16.92603	0
2293	365	129.8788	66.98247	0
2293	366	477.2834	62.46712	0
2293	367	-103.2946	-20.74213	0
2293	368	746.4633	-28.96988	0
2293	369	119.2045	65.40527	0
2293	370	474.518	64.00282	0
2293	371	605.0462	-11.38391	0
2293	372	30.03873	-3.176605	0
2293	373	91.81572	72.63777	0
2293	374	496.6707	64.09106	0
2293	375	565.6288	-9.384521	0
2293	376	83.49245	69.22408	0
2293	377	-67.11462	-14.26465	0
2293	378	541.9373	65.8838	0
2293	379	72.86894	71.58435	0
2293	380	616.465	-7.911194	0
2293	381	-36.83687	-2.57486	0
2293	382	586.3727	-6.103149	0
2293	383	101.1407	62.84836	0
2293	384	487.9941	60.71921	0
2293	385	-9.600083	1.567444	0
2293	386	698.9703	-16.81058	0
2293	387	57.95158	67.79495	0
2293	388	538.7721	63.58165	0
2293	389	13.73252	1.919891	0
2293	390	670.9637	-4.620331	0
2293	391	122.1148	62.42703	0
2293	392	530.9918	61.5226	0
2293	393	-30.97084	0.9852295	0
2293	394	40.4035	65.24648	0
2293	395	683.0204	-9.377228	0
2293	396	523.8465	58.03226	0
2293	397	50.9256	64.09059	0
2293	398	-35.07787	-0.3196106	0
2295	165	77.23659	63.24443	0
2295	167	2.528495	0.1461792	0
2295	169	87.77125	63.57588	0
2295	171	-18.79755	-1.265656	0
2295	172	647.3819	-5.240509	0
2295	173	515.5303	60.37898	0
2295	174	64.00758	67.57932	0
2295	175	685.3103	-17.14856	0
2295	176	-12.42873	1.201965	0
2295	177	97.432	65.88785	0
2295	178	522.7014	59.98418	0
2295	179	657.0308	-11.45944	0
2295	180	89.81576	64.78032	0
2295	181	-6.870769	-4.631226	0
2295	182	633.7512	-5.357391	0
2295	183	522.4673	61.58641	0
2295	184	96.65545	67.53539	0
2295	185	-19.59506	-7.567993	0
2295	186	517.4853	64.28984	0
2295	187	-16.32345	-3.294312	0
2295	188	641.8605	-8.309814	0
2295	189	59.05994	71.03787	0
2295	190	519.9409	62.77377	0
2295	191	103.2255	70.9637	0
2295	192	-36.48582	-11.58795	0
2295	193	715.6935	-25.1709	0
2295	194	525.1635	66.34798	0
2295	195	660.7536	-22.13782	0
2295	196	105.3089	68.68152	0
2295	197	-7.991267	-10.62241	0
2295	198	509.1275	66.07869	0
2295	199	61.12215	77.52863	0
2295	200	639.1861	-12.76431	0
2295	201	484.1999	64.12796	0
2295	202	-23.94702	-17.97968	0
2295	203	59.79089	74.02077	0
2295	204	660.9536	-18.09192	0
2295	205	503.2811	67.98265	0
2295	206	52.35356	-20.37009	0
2295	207	113.7109	72.55064	0
2295	208	586.8016	-29.94476	0
2295	209	524.6319	68.87354	0
2295	210	-51.56947	-34.28775	0
2295	211	116.8766	75.36224	0
2295	212	701.8914	-31.08102	0
2295	213	-43.60231	-16.52499	0
2295	214	502.4197	73.08437	0
2295	215	123.3041	78.76938	0
2295	216	524.7048	72.91246	0
2295	217	713.7124	-40.86746	0
2295	218	-41.04218	-25.01593	0
2295	219	158.4438	76.09367	0
2295	220	521.7543	79.80342	0
2295	221	863.8466	-75.716	0
2295	222	-196.6745	-46.98541	0
2295	223	507.0696	70.24248	0
2295	224	174.6199	80.5481	0
2295	225	575.9254	-73.09308	0
2295	226	-80.75709	-60.2486	0
2295	227	60.43757	85.48508	0
2295	228	504.2696	75.86076	0
2295	229	752.9288	-65.9845	0
2295	230	62.39775	91.9868	0
2295	231	-307.8596	-87.45755	0
2295	232	484.907	77.57851	0
2295	233	1017.637	-130.2252	0
2295	234	139.1973	88.46654	0
2295	235	-446.1075	-133.3055	0
2295	236	1278.911	-224.9466	0
2295	237	502.4961	82.03963	0
2295	238	131.283	83.04431	0
2295	239	-752.8232	-232.6628	0
2295	240	2575.683	-671.1274	0
2295	241	145.8026	94.51381	0
2295	242	496.3627	86.17343	0
2295	243	-72.27287	-101.4785	0
2295	244	606.3329	-173.9061	0
2295	245	158.7601	101.6262	0
2295	246	491.5349	100.8258	0
2295	247	-668.2231	-556.8091	0
2295	248	606.4032	-112.5816	0
2295	249	180.5165	110.9999	0
2295	250	-115.3342	-86.02173	0
2295	251	494.3597	92.19879	0
2295	252	81.96048	132.0748	0
2295	253	631.3893	-335.4288	0
2295	254	408.8226	132.4843	0
2295	255	6460.768	2297.792	0
2295	256	262.2042	128.3054	0
2295	257	-1071.527	570.4063	0
2295	258	451.0182	103.7592	0
2295	259	-1689.342	-560.2398	0
2295	260	399.8123	205.9803	0
2295	261	-215.8059	-154.5916	0
2295	262	366.5226	140.9366	0
2295	263	87.76132	213.2207	0
2295	264	186.9355	131.4	0
2295	265	1151.27	406.0704	0
2295	266	478.9727	129.7865	0
2295	267	-304.2089	367.9722	0
2295	268	-279.4437	-230.5935	0
2295	269	85.64669	252.0028	0
2295	270	-97.62622	914.4576	0
2295	271	425.1231	111.9356	0
2295	272	72.47694	187.9516	0
2295	273	201.2542	154.6283	0
2295	274	1864.374	1543.626	0
2295	275	488.9768	158.9596	0
2295	276	-18.29951	1132.032	0
2295	277	424.1923	541.4909	0
2295	278	440.8223	353.2433	0
2295	279	243.3714	117.4465	0
2295	280	569.3915	287.1339	0
2295	281	169.1362	256.4478	0
2295	282	498.3834	262.9253	0
2295	283	301.1261	177.9307	0
2295	284	301.4676	157.6599	0
2295	285	338.5304	138.324	0
2295	286	489.2711	2691.325	0
2295	287	532.9339	171.3306	0
2295	288	391.6328	160.1799	0
2295	289	467.0784	171.8138	0
2295	290	-110.0282	-647.21	0
2295	291	314.7843	151.4191	0
2295	292	349.7592	293.5803	0
2295	293	236.3684	185.3322	0
2295	294	-1179.321	-528.3629	0
2295	295	1351.137	-678.8029	0
2295	296	357.3094	120.1432	0
2295	297	304.2377	127.1287	0
2295	298	-461.7214	-211.8433	0
2295	299	317.8257	205.5314	0
2295	300	372.1281	104.8878	0
2295	301	238.8432	111.4992	0
2295	302	4973.886	2321.807	0
2295	303	404.5924	97.06575	0
2295	304	158.9023	350.1285	0
2295	305	283.6491	102.4479	0
2295	306	-658.8679	1146.969	0
2295	307	-2250.066	-619.489	0
2295	308	413.9566	88.87752	0
2295	309	6.983873	-73.92041	0
2295	310	1564.957	-262.5788	0
2295	311	-1.911496	157.8982	0
2295	312	542.9016	112.6046	0
2295	313	-382.194	-149.5208	0
2295	314	216.462	99.80931	0
2295	315	-279.2164	268.7015	0
2295	316	459.2251	81.52299	0
2295	317	9.097243	-42.93695	0
2295	318	23.61691	123.7668	0
2295	319	-2457.764	875.592	0
2295	320	23.09575	-53.91028	0
2295	321	542.6595	92.02029	0
2295	322	-5360.537	2609.958	0
2295	323	-763.3456	-192.5342	0
2295	324	121.1779	123.0877	0
2295	325	434.8777	84.38123	0
2295	326	85.40572	92.70677	0
2295	327	696.7997	-104.8732	0
2295	328	2.343308	-104.5771	0
2295	329	550.4852	101.6034	0
2295	330	772.4471	-180.1361	0
2295	331	96.73386	85.51547	0
2295	332	-248.8411	-95.37494	0
2295	333	547.5206	79.38618	0
2295	334	107.7565	102.1667	0
2295	335	1111.493	-134.5556	0
2295	336	548.2941	84.93187	0
2295	337	-170.7553	-48.42813	0
2295	338	654.0599	-46.42059	0
2295	339	117.4804	91.73581	0
2295	340	443.3624	77.13416	0
2295	341	19.89618	-30.94049	0
2295	342	462.4316	72.56587	0
2295	343	152.2335	73.99475	0
2295	344	603.4242	-31.58197	0
2295	345	-134.4886	-36.54398	0
2295	346	474.2395	69.56807	0
2295	347	640.3027	-58.36661	0
2295	348	88.17196	79.80281	0
2295	349	-180.638	-62.47519	0
2295	350	72.53246	74.82352	0
2295	351	25.68478	-22.21149	0
2295	352	783.7276	-38.69519	0
2295	353	548.686	74.87854	0
2295	354	847.2538	-52.95633	0
2295	355	133.315	69.44601	0
2295	356	544.6078	71.10802	0
2295	357	-126.8145	-28.68759	0
2295	358	542.9086	68.29323	0
2295	359	745.079	-24.47076	0
2295	360	46.01241	-10.83734	0
2295	361	142.448	71.5273	0
2295	362	488.4492	66.59491	0
2295	363	842.191	-38.89563	0
2295	364	16.41917	-17.20755	0
2295	365	130.2184	67.07649	0
2295	366	477.0081	62.53113	0
2295	367	-104.4302	-21.10007	0
2295	368	748.1592	-29.45856	0
2295	369	119.5695	65.4846	0
2295	370	473.7878	64.05325	0
2295	371	605.2196	-11.62335	0
2295	372	30.09036	-3.325378	0
2295	373	92.05106	72.77444	0
2295	374	496.5632	64.17514	0
2295	375	565.5904	-9.603912	0
2295	376	83.50898	69.33539	0
2295	377	-68.133	-14.53995	0
2295	378	541.9489	65.9808	0
2295	379	73.01653	71.71741	0
2295	380	616.4604	-8.094666	0
2295	381	-37.80906	-2.773926	0
2295	382	586.254	-6.273041	0
2295	383	101.4638	62.90762	0
2295	384	487.8315	60.7877	0
2295	385	-9.668606	1.529663	0
2295	386	700.1514	-17.1091	0
2295	387	57.63506	67.89783	0
2295	388	538.8678	63.67476	0
2295	389	14.44919	1.850739	0
2295	390	671.5036	-4.79538	0
2295	391	122.3597	62.50046	0
2295	392	531.239	61.60709	0
2295	393	-31.5855	0.8721008	0
2295	394	40.3161	65.34534	0
2295	395	684.0285	-9.625763	0
2295	396	523.7546	58.08179	0
2295	397	51.07048	64.14136	0
2295	398	-36.01423	-0.4773865	0
2295	399	602.8357	1.910858	0
2296	165	77.46698	63.19354	0
2296	167	2.547292	0.1989746	0
2296	169	87.57011	63.54655	0
2296	171	-18.6257	-1.199524	0
2296	172	647.0489	-5.134277	0
2296	173	515.5731	60.34708	0
2296	174	64.45158	67.51294	0
2296	175	684.7599	-16.98889	0
2296	176	-12.63882	1.209015	0
2296	177	97.23877	65.8461	0
2296	178	522.748	59.9469	0
2296	179	656.788	-11.33606	0
2296	180	89.67445	64.74258	0
2296	181	-6.867077	-4.553436	0
2296	182	633.5871	-5.265991	0
2296	183	522.4476	61.55034	0
2296	184	96.56931	67.48224	0
2296	185	-19.44736	-7.470306	0
2296	186	517.5359	64.24397	0
2296	187	-16.244	-3.220978	0
2296	188	641.7886	-8.211121	0
2296	189	59.07504	70.96867	0
2296	190	519.9329	62.73256	0
2296	191	103.1751	70.89485	0
2296	192	-36.20518	-11.46646	0
2296	193	714.7387	-24.94226	0
2296	194	525.1595	66.29367	0
2296	195	660.3306	-21.95728	0
2296	196	105.1825	68.62926	0
2296	197	-7.766942	-10.50726	0
2296	198	509.2198	66.03011	0
2296	199	61.20065	77.43759	0
2296	200	639.0068	-12.64124	0
2296	201	484.6101	64.11162	0
2296	202	-23.88464	-17.8447	0
2296	203	59.72543	73.94852	0
2296	204	660.5341	-17.92651	0
2296	205	503.3784	67.92882	0
2296	206	52.25368	-20.22363	0
2296	207	113.4914	72.49338	0
2296	208	586.6495	-29.7319	0
2296	209	524.6419	68.81117	0
2296	210	-51.33626	-34.04987	0
2296	211	116.681	75.28647	0
2296	212	701.2956	-30.84103	0
2296	213	-43.37151	-16.38718	0
2296	214	502.4813	73.00572	0
2296	215	123.0855	78.67909	0
2296	216	524.7269	72.83636	0
2296	217	713.1139	-40.56293	0
2296	218	-40.86852	-24.84152	0
2296	219	158.1253	76.0264	0
2296	220	521.7886	79.69427	0
2296	221	861.6024	-74.97183	0
2296	222	-196.2515	-46.71188	0
2296	223	507.1419	70.17639	0
2296	224	174.2038	80.46104	0
2296	225	576.1136	-72.49979	0
2296	226	-80.25652	-59.78882	0
2296	227	60.4465	85.35202	0
2296	228	504.3477	75.76823	0
2296	229	751.9144	-65.45227	0
2296	230	62.25357	91.83162	0
2296	231	-305.3312	-86.62442	0
2296	232	485.0261	77.47798	0
2296	233	1011.887	-128.4763	0
2296	234	139.09	88.30775	0
2296	235	-441.0029	-131.7091	0
2296	236	1267.344	-221.0889	0
2296	237	502.6346	81.92894	0
2296	238	131.1071	82.92418	0
2296	239	-740.1583	-228.6603	0
2296	240	2490.456	-642.0308	0
2296	241	145.5908	94.32971	0
2296	242	496.4788	86.03517	0
2296	243	-71.93655	-100.6035	0
2296	244	606.3943	-171.7951	0
2296	245	158.3172	101.4165	0
2296	246	491.6664	100.5817	0
2296	247	-647.2276	-539.558	0
2296	248	606.2415	-111.4478	0
2296	249	179.8766	110.7275	0
2296	250	-114.4937	-85.267	0
2296	251	494.4688	92.01984	0
2296	252	81.93008	131.5975	0
2296	253	630.8948	-328.9672	0
2296	254	409.7744	131.8923	0
2296	255	7306.318	2595.316	0
2296	256	260.8765	127.9032	0
2296	257	-1124.073	588.085	0
2296	258	451.4861	103.5174	0
2296	259	-1637.783	-542.686	0
2296	260	396.7033	204.4302	0
2296	261	-213.3802	-152.8133	0
2296	262	368.1186	140.3744	0
2296	263	83.33129	214.7752	0
2296	264	185.8866	130.9565	0
2296	265	1171.878	413.1253	0
2296	266	479.3668	129.2582	0
2296	267	-320.5162	374.4563	0
2296	268	-274.7022	-226.9503	0
2296	269	84.65152	250.0002	0
2296	270	-126.7531	935.3718	0
2296	271	425.7324	111.6435	0
2296	272	72.15686	186.5497	0
2296	273	198.9369	155.4398	0
2296	274	2019.857	1670.709	0
2296	275	489.8788	158.1902	0
2296	276	-17.91671	1103.371	0
2296	277	421.2269	556.2173	0
2296	278	448.2339	358.4648	0
2296	279	244.8978	117.133	0
2296	280	564.1958	284.5428	0
2296	281	171.2041	258.9432	0
2296	282	497.2302	265.2178	0
2296	283	299.1949	177.0604	0
2296	284	302.7404	156.9283	0
2296	285	339.8681	138.6911	0
2296	286	446.8836	2426.257	0
2296	287	533.2084	172.3625	0
2296	288	393.0992	159.4807	0
2296	289	469.5786	172.86	0
2296	290	-115.738	-671.1749	0
2296	291	313.3344	152.0764	0
2296	292	351.6642	289.661	0
2296	293	237.5386	186.4442	0
2296	294	-1213.36	-544.5005	0
2296	295	1386.188	-708.9899	0
2296	296	356.3489	120.4763	0
2296	297	305.3419	127.4422	0
2296	298	-468.0918	-214.9822	0
2296	299	319.893	204.239	0
2296	300	371.3967	105.1385	0
2296	301	239.5629	111.7571	0
2296	302	4480.371	2095.477	0
2296	303	404.0667	97.26596	0
2296	304	165.3457	344.6131	0
2296	305	284.4233	102.6827	0
2296	306	-595.4877	1085.961	0
2296	307	-2335.545	-643.61	0
2296	308	413.5567	89.03461	0
2296	309	6.928969	-74.49469	0
2296	310	1582.92	-267.7661	0
2296	311	-2.19858	158.6724	0
2296	312	542.7996	112.9266	0
2296	313	-385.1326	-151.073	0
2296	314	217.05	100.0104	0
2296	315	-268.4963	265.7203	0
2296	316	458.9688	81.63982	0
2296	317	8.929518	-43.24673	0
2296	318	23.71109	124.134	0
2296	319	-2327.963	839.5294	0
2296	320	22.98426	-54.32532	0
2296	321	542.5919	92.18608	0
2296	322	-4717.389	2333.688	0
2296	323	-773.6118	-195.342	0
2296	324	121.6388	123.4331	0
2296	325	434.5633	84.51073	0
2296	326	85.56702	92.87317	0
2296	327	698.3026	-106.0281	0
2296	328	2.382994	-105.5836	0
2296	329	550.3792	101.8302	0
2296	330	776.0847	-183.0222	0
2296	331	96.89482	85.6347	0
2296	332	-250.1852	-96.14905	0
2296	333	547.4799	79.48486	0
2296	334	107.8194	102.416	0
2296	335	1116.656	-136.1032	0
2296	336	548.3051	85.0694	0
2296	337	-170.8195	-48.7117	0
2296	338	654.6208	-46.80768	0
2296	339	117.6498	91.90852	0
2296	340	443.0864	77.2187	0
2296	341	19.70414	-31.19412	0
2296	342	462.2556	72.64	0
2296	343	152.4586	74.06749	0
2296	344	604.0037	-31.84003	0
2296	345	-134.9415	-36.77499	0
2296	346	474.0659	69.62865	0
2296	347	640.7238	-58.86694	0
2296	348	88.23679	79.90529	0
2296	349	-181.4723	-62.92908	0
2296	350	72.58562	74.91032	0
2296	351	25.46066	-22.39325	0
2296	352	784.7234	-39.02017	0
2296	353	548.7026	74.96239	0
2296	354	848.6182	-53.40079	0
2296	355	133.5102	69.49915	0
2296	356	544.6296	71.18123	0
2296	357	-127.3476	-28.90039	0
2296	358	542.9504	68.35504	0
2296	359	745.928	-24.67938	0
2296	360	45.99588	-10.94531	0
2296	361	142.6753	71.59009	0
2296	362	488.2815	66.64638	0
2296	363	843.3953	-39.20056	0
2296	364	16.4084	-17.34964	0
2296	365	130.3894	67.12383	0
2296	366	476.868	62.56281	0
2296	367	-105	-21.28033	0
2296	368	748.9998	-29.70706	0
2296	369	119.7519	65.52464	0
2296	370	473.4474	64.08235	0
2296	371	605.3054	-11.74438	0
2296	372	30.11526	-3.400513	0
2296	373	92.17225	72.84343	0
2296	374	496.5136	64.21713	0
2296	375	565.5713	-9.714386	0
2296	376	83.52486	69.39128	0
2296	377	-68.64761	-14.67941	0
2296	378	541.9579	66.02951	0
2296	379	73.08822	71.78401	0
2296	380	616.4626	-8.186768	0
2296	381	-38.29377	-2.874237	0
2296	382	586.195	-6.358612	0
2296	383	101.6275	62.93744	0
2296	384	487.75	60.82214	0
2296	385	-9.461946	1.53241	0
2296	386	700.7575	-17.26028	0
2296	387	57.42096	67.95439	0
2296	388	538.9124	63.72145	0
2296	389	14.7815	1.81485	0
2296	390	671.7695	-4.882874	0
2296	391	122.4828	62.53735	0
2296	392	531.357	61.64928	0
2296	393	-31.89764	0.815155	0
2296	394	40.27114	65.39543	0
2296	395	684.5297	-9.751221	0
2296	396	523.708	58.10695	0
2296	397	51.14226	64.16824	0
2296	398	-36.49355	-0.559967	0
2296	399	602.8566	1.895416	0
2297	165	77.70807	63.14223	0
2297	167	2.556408	0.2507629	0
2297	169	87.36663	63.51706	0
2297	171	-18.45215	-1.13324	0
2297	172	646.7139	-5.028046	0
2297	173	515.6212	60.31535	0
2297	174	64.91924	67.4437	0
2297	175	684.2106	-16.8302	0
2297	176	-12.95261	1.206635	0
2297	177	97.04878	65.80434	0
2297	178	522.8029	59.91019	0
2297	179	656.5599	-11.21402	0
2297	180	89.53195	64.70526	0
2297	181	-6.861314	-4.475769	0
2297	182	633.4232	-5.17514	0
2297	183	522.4261	61.51434	0
2297	184	96.47403	67.4296	0
2297	185	-19.31216	-7.374268	0
2297	186	517.5842	64.198	0
2297	187	-16.15981	-3.14801	0
2297	188	641.7072	-8.111847	0
2297	189	59.09666	70.89912	0
2297	190	519.9235	62.69135	0
2297	191	103.12	70.82582	0
2297	192	-35.92785	-11.34494	0
2297	193	713.8036	-24.71552	0
2297	194	525.1578	66.2397	0
2297	195	659.9088	-21.77774	0
2297	196	105.0584	68.57721	0
2297	197	-7.541222	-10.39246	0
2297	198	509.3124	65.98209	0
2297	199	61.2752	77.34828	0
2297	200	638.8293	-12.51895	0
2297	201	485.0002	64.09343	0
2297	202	-23.81367	-17.70941	0
2297	203	59.66605	73.87602	0
2297	204	660.1279	-17.76352	0
2297	205	503.4802	67.87537	0
2297	206	52.15664	-20.07776	0
2297	207	113.2794	72.43611	0
2297	208	586.4564	-29.51199	0
2297	209	524.6522	68.74904	0
2297	210	-51.1018	-33.81351	0
2297	211	116.4815	75.2113	0
2297	212	700.6951	-30.60202	0
2297	213	-43.1363	-16.25	0
2297	214	502.5443	72.92764	0
2297	215	122.8647	78.5901	0
2297	216	524.7484	72.76027	0
2297	217	712.5165	-40.2605	0
2297	218	-40.70024	-24.66867	0
2297	219	157.8102	75.96005	0
2297	220	521.8237	79.58604	0
2297	221	859.4253	-74.24442	0
2297	222	-195.7527	-46.43027	0
2297	223	507.2115	70.11043	0
2297	224	173.7901	80.37428	0
2297	225	576.3048	-71.91235	0
2297	226	-79.77261	-59.33569	0
2297	227	60.45919	85.22	0
2297	228	504.4248	75.67603	0
2297	229	750.9222	-64.92831	0
2297	230	62.1183	91.67601	0
2297	231	-302.8653	-85.81024	0
2297	232	485.1403	77.37805	0
2297	233	1006.261	-126.7663	0
2297	234	138.9843	88.14822	0
2297	235	-435.9792	-130.136	0
2297	236	1256.021	-217.3251	0
2297	237	502.7668	81.81842	0
2297	238	130.9309	82.80511	0
2297	239	-727.9964	-224.8041	0
2297	240	2412.264	-615.3218	0
2297	241	145.3833	94.1467	0
2297	242	496.5984	85.89772	0
2297	243	-71.60833	-99.74078	0
2297	244	606.4542	-169.7346	0
2297	245	157.8877	101.2077	0
2297	246	491.7986	100.3393	0
2297	247	-627.302	-523.2158	0
2297	248	606.0847	-110.3315	0
2297	249	179.2504	110.4572	0
2297	250	-113.6596	-84.52203	0
2297	251	494.577	91.84213	0
2297	252	81.87318	131.1256	0
2297	253	630.408	-322.7256	0
2297	254	410.7242	131.3118	0
2297	255	8405.225	2981.992	0
2297	256	259.585	127.5099	0
2297	257	-1179.928	606.8409	0
2297	258	451.9522	103.2772	0
2297	259	-1588.886	-526.0775	0
2297	260	393.6765	202.9074	0
2297	261	-210.9937	-151.062	0
2297	262	369.6947	139.8133	0
2297	263	78.78076	216.3791	0
2297	264	184.8599	130.5169	0
2297	265	1193.213	420.4147	0
2297	266	479.7661	128.7413	0
2297	267	-337.2821	381.1347	0
2297	268	-270.0762	-223.4	0
2297	269	83.70617	248.0193	0
2297	270	-158.5041	959.5519	0
2297	271	426.332	111.3531	0
2297	272	71.87509	185.1684	0
2297	273	196.5963	156.2596	0
2297	274	2201.7	1819.141	0
2297	275	490.6728	157.3958	0
2297	276	-16.65943	1073.037	0
2297	277	418.037	571.7061	0
2297	278	455.8797	363.9605	0
2297	279	246.4144	116.8237	0
2297	280	559.1477	281.9855	0
2297	281	173.2804	261.4835	0
2297	282	495.975	267.54	0
2297	283	297.2617	176.204	0
2297	284	303.8722	156.2509	0
2297	285	341.22	139.0741	0
2297	286	412.275	2210.661	0
2297	287	533.499	173.4193	0
2297	288	394.5544	158.7876	0
2297	289	472.159	173.9411	0
2297	290	-121.8188	-696.8204	0
2297	291	311.9809	152.6736	0
2297	292	353.5316	285.8753	0
2297	293	238.685	187.5875	0
2297	294	-1249.194	-561.5114	0
2297	295	1424.265	-741.793	0
2297	296	355.3872	120.8058	0
2297	297	306.4394	127.7611	0
2297	298	-474.6727	-218.2151	0
2297	299	321.9599	202.9801	0
2297	300	370.6594	105.3915	0
2297	301	240.2699	112.0139	0
2297	302	4074.887	1909.49	0
2297	303	403.5337	97.46687	0
2297	304	171.6187	339.2931	0
2297	305	285.2058	102.9183	0
2297	306	-538.9841	1031.345	0
2297	307	-2427.192	-669.4789	0
2297	308	413.1544	89.19261	0
2297	309	6.886402	-75.07156	0
2297	310	1601.481	-273.1275	0
2297	311	-2.477753	159.4563	0
2297	312	542.6898	113.2509	0
2297	313	-388.0975	-152.6459	0
2297	314	217.6405	100.2124	0
2297	315	-258.0613	262.8254	0
2297	316	458.7146	81.75706	0
2297	317	8.77151	-43.55734	0
2297	318	23.80476	124.5042	0
2297	319	-2209.504	806.6299	0
2297	320	22.8696	-54.74384	0
2297	321	542.5242	92.3528	0
2297	322	-4201.902	2112.336	0
2297	323	-784.1425	-198.2224	0
2297	324	122.1194	123.7812	0
2297	325	434.247	84.64095	0
2297	326	85.71589	93.04263	0
2297	327	699.8427	-107.2041	0
2297	328	2.398589	-106.6126	0
2297	329	550.2733	102.0587	0
2297	330	779.8179	-185.9868	0
2297	331	97.05648	85.75403	0
2297	332	-251.5446	-96.93069	0
2297	333	547.444	79.58392	0
2297	334	107.8825	102.6672	0
2297	335	1121.911	-137.6749	0
2297	336	548.3122	85.20749	0
2297	337	-170.9811	-49.01105	0
2297	338	655.1599	-47.19333	0
2297	339	117.815	92.08305	0
2297	340	442.8114	77.30376	0
2297	341	19.51682	-31.44772	0
2297	342	462.0785	72.71425	0
2297	343	152.6817	74.13983	0
2297	344	604.6376	-32.11145	0
2297	345	-135.375	-37.00473	0
2297	346	473.8932	69.68938	0
2297	347	641.1546	-59.37286	0
2297	348	88.30176	80.00748	0
2297	349	-182.2875	-63.38162	0
2297	350	72.63669	74.99721	0
2297	351	25.21978	-22.5784	0
2297	352	785.7127	-39.34558	0
2297	353	548.7201	75.04712	0
2297	354	849.9915	-53.84918	0
2297	355	133.7061	69.55234	0
2297	356	544.6475	71.2547	0
2297	357	-127.8783	-29.11386	0
2297	358	542.9915	68.41704	0
2297	359	746.782	-24.88922	0
2297	360	45.97868	-11.05386	0
2297	361	142.9033	71.65314	0
2297	362	488.1088	66.69736	0
2297	363	844.6085	-39.50793	0
2297	364	16.39546	-17.49271	0
2297	365	130.561	67.17142	0
2297	366	476.7259	62.59427	0
2297	367	-105.5719	-21.46164	0
2297	368	749.8332	-29.95782	0
2297	369	119.9342	65.56488	0
2297	370	473.122	64.11372	0
2297	371	605.3915	-11.86639	0
2297	372	30.13884	-3.476074	0
2297	373	92.29585	72.91277	0
2297	374	496.4669	64.25919	0
2297	375	565.5522	-9.825439	0
2297	376	83.54549	69.44742	0
2297	377	-69.16429	-14.81992	0
2297	378	541.9693	66.0784	0
2297	379	73.15903	71.85057	0
2297	380	616.4678	-8.279205	0
2297	381	-38.77583	-2.974915	0
2297	382	586.1353	-6.444427	0
2297	383	101.7922	62.96744	0
2297	384	487.6684	60.85663	0
2297	385	-9.061702	1.548798	0
2297	386	701.3777	-17.41312	0
2297	387	57.18843	68.01399	0
2297	388	538.9543	63.7682	0
2297	389	15.09793	1.778351	0
2297	390	672.0351	-4.970459	0
2297	391	122.6062	62.57436	0
2297	392	531.4724	61.69142	0
2297	393	-32.21015	0.7579956	0
2297	394	40.2257	65.44591	0
2297	395	685.0283	-9.877197	0
2297	396	523.6609	58.13232	0
2297	397	51.21325	64.19604	0
2297	398	-36.97557	-0.6444702	0
2297	399	602.8862	1.873718	0
2298	165	77.95995	63.09047	0
2298	167	2.555146	0.3015442	0
2298	169	87.16186	63.48737	0
2298	171	-18.27898	-1.067047	0
2298	172	646.3776	-4.921936	0
2298	173	515.6747	60.28383	0
2298	174	65.39234	67.37251	0
2298	175	683.6604	-16.672	0
2298	176	-13.3558	1.1987	0
2298	177	96.86284	65.76248	0
2298	178	522.8651	59.87411	0
2298	179	656.3452	-11.09332	0
2298	180	89.38793	64.66833	0
2298	181	-6.852687	-4.39798	0
2298	182	633.2607	-5.084869	0
2298	183	522.4027	61.47832	0
2298	184	96.36945	67.37753	0
2298	185	-19.18811	-7.279694	0
2298	186	517.6299	64.1519	0
2298	187	-16.07038	-3.075317	0
2298	188	641.6152	-8.012085	0
2298	189	59.12501	70.82927	0
2298	190	519.9127	62.65021	0
2298	191	103.0604	70.75685	0
2298	192	-35.65497	-11.22336	0
2298	193	712.8882	-24.49066	0
2298	194	525.1586	66.18611	0
2298	195	659.4882	-21.59924	0
2298	196	104.9361	68.52528	0
2298	197	-7.3149	-10.27817	0
2298	198	509.4059	65.93466	0
2298	199	61.34382	77.2608	0
2298	200	638.6548	-12.39755	0
2298	201	485.3713	64.07364	0
2298	202	-23.73362	-17.57385	0
2298	203	59.61248	73.80344	0
2298	204	659.7338	-17.60272	0
2298	205	503.5862	67.82222	0
2298	206	52.0619	-19.93225	0
2298	207	113.0753	72.37872	0
2298	208	586.2459	-29.28671	0
2298	209	524.6628	68.68718	0
2298	210	-50.86674	-33.57892	0
2298	211	116.278	75.13681	0
2298	212	700.0905	-30.36389	0
2298	213	-42.89619	-16.11331	0
2298	214	502.6091	72.85011	0
2298	215	122.642	78.5023	0
2298	216	524.7695	72.68423	0
2298	217	711.9207	-39.9603	0
2298	218	-40.53898	-24.49753	0
2298	219	157.4984	75.89462	0
2298	220	521.8593	79.47873	0
2298	221	857.3086	-73.53223	0
2298	222	-195.1903	-46.14227	0
2298	223	507.2787	70.04471	0
2298	224	173.3789	80.28783	0
2298	225	576.5004	-71.33099	0
2298	226	-79.3055	-58.88922	0
2298	227	60.47488	85.08914	0
2298	228	504.5011	75.58415	0
2298	229	749.9519	-64.41232	0
2298	230	61.99131	91.52019	0
2298	231	-300.4613	-85.01465	0
2298	232	485.2508	77.27881	0
2298	233	1000.75	-125.093	0
2298	234	138.8784	87.98816	0
2298	235	-431.0425	-128.5873	0
2298	236	1244.928	-213.6483	0
2298	237	502.8931	81.70805	0
2298	238	130.7547	82.68694	0
2298	239	-716.3065	-221.0867	0
2298	240	2340.341	-590.7379	0
2298	241	145.1796	93.96487	0
2298	242	496.7218	85.76108	0
2298	243	-71.28926	-98.89056	0
2298	244	606.5076	-167.7203	0
2298	245	157.4727	100.9997	0
2298	246	491.9314	100.0987	0
2298	247	-608.3895	-507.7233	0
2298	248	605.9335	-109.2332	0
2298	249	178.6365	110.189	0
2298	250	-112.8314	-83.78687	0
2298	251	494.6842	91.66573	0
2298	252	81.79262	130.6587	0
2298	253	629.9272	-316.689	0
2298	254	411.6709	130.7423	0
2298	255	9890.661	3504.674	0
2298	256	258.3288	127.1267	0
2298	257	-1239.402	626.781	0
2298	258	452.4161	103.0386	0
2298	259	-1542.401	-510.3269	0
2298	260	390.7346	201.4141	0
2298	261	-208.6432	-149.3352	0
2298	262	371.2517	139.254	0
2298	263	74.10623	218.0325	0
2298	264	183.8571	130.0815	0
2298	265	1215.322	427.9534	0
2298	266	480.1694	128.2346	0
2298	267	-354.5314	388.0154	0
2298	268	-265.5718	-219.9446	0
2298	269	82.82075	246.0595	0
2298	270	-193.2673	987.5638	0
2298	271	426.9228	111.0646	0
2298	272	71.62743	183.8084	0
2298	273	194.2355	157.0871	0
2298	274	2417.553	1995.138	0
2298	275	491.3741	156.5805	0
2298	276	-14.76613	1041.513	0
2298	277	414.6001	587.9802	0
2298	278	463.7746	369.7422	0
2298	279	247.9232	116.5186	0
2298	280	554.2578	279.4586	0
2298	281	175.358	264.0685	0
2298	282	494.6135	269.9013	0
2298	283	295.3228	175.3608	0
2298	284	304.754	155.6739	0
2298	285	342.5891	139.4741	0
2298	286	383.4121	2031.848	0
2298	287	533.8005	174.5015	0
2298	288	395.9964	158.1006	0
2298	289	474.8131	175.0542	0
2298	290	-128.318	-724.3483	0
2298	291	310.8976	153.1425	0
2298	292	355.3648	282.2205	0
2298	293	239.8083	188.7649	0
2298	294	-1286.961	-579.4652	0
2298	295	1465.802	-777.5868	0
2298	296	354.4226	121.132	0
2298	297	307.5283	128.0851	0
2298	298	-481.4742	-221.5466	0
2298	299	324.0247	201.7507	0
2298	300	369.9166	105.647	0
2298	301	240.9622	112.2697	0
2298	302	3735.988	1754.026	0
2298	303	402.9934	97.66849	0
2298	304	177.7248	334.1688	0
2298	305	285.9971	103.1544	0
2298	306	-488.2476	982.0558	0
2298	307	-2525.727	-697.2977	0
2298	308	412.7499	89.35155	0
2298	309	6.856379	-75.6514	0
2298	310	1620.671	-278.6721	0
2298	311	-2.746718	160.2494	0
2298	312	542.5712	113.5774	0
2298	313	-391.0889	-154.2396	0
2298	314	218.233	100.4153	0
2298	315	-247.9058	260.0151	0
2298	316	458.4618	81.87483	0
2298	317	8.623259	-43.86887	0
2298	318	23.89652	124.8772	0
2298	319	-2101.025	776.5122	0
2298	320	22.7534	-55.16568	0
2298	321	542.4567	92.52045	0
2298	322	-3779.371	1930.969	0
2298	323	-794.9412	-201.177	0
2298	324	122.6172	124.1327	0
2298	325	433.929	84.77193	0
2298	326	85.8519	93.21506	0
2298	327	701.4195	-108.4013	0
2298	328	2.390603	-107.6628	0
2298	329	550.1678	102.2885	0
2298	330	783.6488	-189.0317	0
2298	331	97.21867	85.87361	0
2298	332	-252.9205	-97.72028	0
2298	333	547.4134	79.68344	0
2298	334	107.9457	102.9203	0
2298	335	1127.278	-139.2756	0
2298	336	548.3148	85.34601	0
2298	337	-171.2308	-49.32486	0
2298	338	655.6763	-47.57745	0
2298	339	117.9776	92.25932	0
2298	340	442.5372	77.38937	0
2298	341	19.33326	-31.70129	0
2298	342	461.8997	72.78859	0
2298	343	152.9028	74.21175	0
2298	344	605.2977	-32.39349	0
2298	345	-135.7869	-37.23309	0
2298	346	473.7212	69.75026	0
2298	347	641.595	-59.8844	0
2298	348	88.36798	80.1093	0
2298	349	-183.0848	-63.83316	0
2298	350	72.6871	75.08401	0
2298	351	24.96434	-22.76721	0
2298	352	786.697	-39.67166	0
2298	353	548.7377	75.13269	0
2298	354	851.3741	-54.30145	0
2298	355	133.903	69.60556	0
2298	356	544.6617	71.32831	0
2298	357	-128.4074	-29.32822	0
2298	358	543.0317	68.47913	0
2298	359	747.6409	-25.10022	0
2298	360	45.96103	-11.16293	0
2298	361	143.1319	71.71645	0
2298	362	487.9313	66.74785	0
2298	363	845.8306	-39.81784	0
2298	364	16.38027	-17.63666	0
2298	365	130.7331	67.21931	0
2298	366	476.5815	62.62549	0
2298	367	-106.1458	-21.64404	0
2298	368	750.6582	-30.21054	0
2298	369	120.1164	65.60527	0
2298	370	472.8105	64.14711	0
2298	371	605.4784	-11.98929	0
2298	372	30.16043	-3.552185	0
2298	373	92.42174	72.98235	0
2298	374	496.423	64.30127	0
2298	375	565.5333	-9.937012	0
2298	376	83.57012	69.50385	0
2298	377	-69.68225	-14.9614	0
2298	378	541.9831	66.1275	0
2298	379	73.22971	71.91702	0
2298	380	616.4756	-8.371948	0
2298	381	-39.25431	-3.076019	0
2298	382	586.0744	-6.530457	0
2298	383	101.9573	62.99767	0
2298	384	487.5865	60.89124	0
2298	385	-8.507951	1.573486	0
2298	386	702.0144	-17.56808	0
2298	387	56.95504	68.07568	0
2298	388	538.994	63.81499	0
2298	389	15.40187	1.741364	0
2298	390	672.3016	-5.058258	0
2298	391	122.73	62.6115	0
2298	392	531.5858	61.73358	0
2298	393	-32.52387	0.7005005	0
2298	394	40.18013	65.49669	0
2298	395	685.5239	-10.00351	0
2298	396	523.6135	58.15796	0
2298	397	51.28333	64.22469	0
2298	398	-37.4602	-0.7305603	0
2298	399	602.9232	1.846619	0
2299	165	78.22272	63.03835	0
2299	167	2.542715	0.3512268	0
2299	169	86.9567	63.4574	0
2299	171	-18.10769	-1.001038	0
2299	172	646.04	-4.816132	0
2299	173	515.7342	60.25255	0
2299	174	65.85287	67.30063	0
2299	175	683.1077	-16.51392	0
2299	176	-13.79801	1.191101	0
2299	177	96.68166	65.72061	0
2299	178	522.9341	59.83862	0
2299	179	656.142	-10.97391	0
2299	180	89.24223	64.63182	0
2299	181	-6.840671	-4.32016	0
2299	182	633.1013	-4.995361	0
2299	183	522.3773	61.44225	0
2299	184	96.25571	67.326	0
2299	185	-19.07382	-7.186401	0
2299	186	517.6725	64.1058	0
2299	187	-15.97526	-3.002838	0
2299	188	641.5121	-7.911835	0
2299	189	59.16029	70.75906	0
2299	190	519.9008	62.6091	0
2299	191	102.9967	70.68811	0
2299	192	-35.38823	-11.10202	0
2299	193	711.9926	-24.26797	0
2299	194	525.1616	66.1329	0
2299	195	659.0695	-21.42166	0
2299	196	104.8153	68.47354	0
2299	197	-7.088502	-10.16425	0
2299	198	509.5007	65.88791	0
2299	199	61.40473	77.1752	0
2299	200	638.4841	-12.27725	0
2299	201	485.7243	64.05232	0
2299	202	-23.64457	-17.43817	0
2299	203	59.56406	73.73083	0
2299	204	659.3506	-17.44409	0
2299	205	503.6963	67.76927	0
2299	206	51.96928	-19.78696	0
2299	207	112.8794	72.32118	0
2299	208	586.0459	-29.05951	0
2299	209	524.6738	68.62561	0
2299	210	-50.63152	-33.3461	0
2299	211	116.0707	75.06306	0
2299	212	699.4812	-30.12674	0
2299	213	-42.65115	-15.97717	0
2299	214	502.6761	72.77312	0
2299	215	122.4179	78.41559	0
2299	216	524.7902	72.60829	0
2299	217	711.3267	-39.6622	0
2299	218	-40.38562	-24.32797	0
2299	219	157.1897	75.83018	0
2299	220	521.8948	79.37234	0
2299	221	855.2467	-72.83423	0
2299	222	-194.5748	-45.8493	0
2299	223	507.344	69.97926	0
2299	224	172.97	80.20166	0
2299	225	576.702	-70.75607	0
2299	226	-78.85523	-58.44943	0
2299	227	60.49298	84.9595	0
2299	228	504.5771	75.49269	0
2299	229	749.004	-63.90417	0
2299	230	61.87196	91.36435	0
2299	231	-298.1177	-84.23688	0
2299	232	485.3588	77.18039	0
2299	233	995.3482	-123.4545	0
2299	234	138.7705	87.82776	0
2299	235	-426.1972	-127.0634	0
2299	236	1234.052	-210.0535	0
2299	237	503.0141	81.59784	0
2299	238	130.5784	82.56947	0
2299	239	-705.0567	-217.5005	0
2299	240	2274.027	-568.0531	0
2299	241	144.9797	93.78435	0
2299	242	496.8491	85.62521	0
2299	243	-70.98018	-98.05283	0
2299	244	606.5505	-165.7485	0
2299	245	157.073	100.7923	0
2299	246	492.0646	99.86012	0
2299	247	-590.4356	-493.0273	0
2299	248	605.7878	-108.1535	0
2299	249	178.0335	109.9229	0
2299	250	-112.0084	-83.06149	0
2299	251	494.7901	91.49068	0
2299	252	81.69174	130.1961	0
2299	253	629.4522	-310.8444	0
2299	254	412.6124	130.183	0
2299	255	12009.29	4250.15	0
2299	256	257.1053	126.7546	0
2299	257	-1302.86	648.0299	0
2299	258	452.8771	102.8013	0
2299	259	-1498.1	-495.3555	0
2299	260	387.8797	199.9518	0
2299	261	-206.3234	-147.6317	0
2299	262	372.7899	138.6969	0
2299	263	69.30354	219.7357	0
2299	264	182.8797	129.6505	0
2299	265	1238.261	435.7598	0
2299	266	480.5759	127.7374	0
2299	267	-372.2903	395.1068	0
2299	268	-261.194	-216.5852	0
2299	269	82.00494	244.1198	0
2299	270	-231.4836	1020.032	0
2299	271	427.5056	110.778	0
2299	272	71.40981	182.4707	0
2299	273	191.857	157.9216	0
2299	274	2678.309	2207.556	0
2299	275	491.9972	155.7489	0
2299	276	-12.48614	1009.314	0
2299	277	410.8963	605.0674	0
2299	278	471.9378	375.8254	0
2299	279	249.4267	116.2174	0
2299	280	549.5178	276.9535	0
2299	281	177.4303	266.6978	0
2299	282	493.1561	272.3156	0
2299	283	293.3749	174.5298	0
2299	284	305.251	155.2453	0
2299	285	343.9786	139.8921	0
2299	286	358.9235	1881.124	0
2299	287	534.1077	175.6089	0
2299	288	397.4236	157.4196	0
2299	289	477.5369	176.1979	0
2299	290	-135.2901	-753.9879	0
2299	291	310.2113	153.4517	0
2299	292	357.1666	278.6936	0
2299	293	240.9108	189.9772	0
2299	294	-1326.827	-598.4417	0
2299	295	1511.311	-816.8164	0
2299	296	353.4539	121.4551	0
2299	297	308.6066	128.414	0
2299	298	-488.5011	-224.9805	0
2299	299	326.0841	200.5464	0
2299	300	369.1691	105.9051	0
2299	301	241.6375	112.5245	0
2299	302	3448.718	1622.232	0
2299	303	402.4459	97.87074	0
2299	304	183.6677	329.2415	0
2299	305	286.7975	103.3911	0
2299	306	-442.3841	937.2323	0
2299	307	-2631.992	-727.3026	0
2299	308	412.3431	89.51138	0
2299	309	6.839069	-76.23456	0
2299	310	1640.52	-284.4094	0
2299	311	-3.003402	161.0509	0
2299	312	542.4431	113.9056	0
2299	313	-394.1109	-155.8542	0
2299	314	218.8284	100.6193	0
2299	315	-238.0241	257.288	0
2299	316	458.2097	81.99315	0
2299	317	8.484539	-44.18155	0
2299	318	23.98486	125.2529	0
2299	319	-2001.353	748.8467	0
2299	320	22.63698	-55.5907	0
2299	321	542.3896	92.68901	0
2299	322	-3426.628	1779.618	0
2299	323	-806.011	-204.2066	0
2299	324	123.1293	124.4888	0
2299	325	433.6092	84.90363	0
2299	326	85.97493	93.3903	0
2299	327	703.0331	-109.62	0
2299	328	2.359751	-108.7332	0
2299	329	550.0626	102.5197	0
2299	330	787.5793	-192.1587	0
2299	331	97.38139	85.99358	0
2299	332	-254.3143	-98.51807	0
2299	333	547.3882	79.78349	0
2299	334	108.0094	103.1754	0
2299	335	1132.776	-140.9101	0
2299	336	548.3125	85.48486	0
2299	337	-171.5601	-49.65152	0
2299	338	656.1714	-47.96054	0
2299	339	118.1386	92.43724	0
2299	340	442.2635	77.47549	0
2299	341	19.15155	-31.9549	0
2299	342	461.7187	72.86292	0
2299	343	153.1218	74.28317	0
2299	344	605.9527	-32.68185	0
2299	345	-136.1756	-37.46008	0
2299	346	473.5491	69.81128	0
2299	347	642.0447	-60.40173	0
2299	348	88.43659	80.21068	0
2299	349	-183.8656	-64.28409	0
2299	350	72.73833	75.1705	0
2299	351	24.69714	-22.95956	0
2299	352	787.6772	-39.99872	0
2299	353	548.7544	75.21901	0
2299	354	852.7672	-54.75793	0
2299	355	134.1008	69.65883	0
2299	356	544.6727	71.40198	0
2299	357	-128.9356	-29.5434	0
2299	358	543.0708	68.54134	0
2299	359	748.5047	-25.3125	0
2299	360	45.9428	-11.27258	0
2299	361	143.3608	71.78001	0
2299	362	487.7495	66.79793	0
2299	363	847.0622	-40.13031	0
2299	364	16.36159	-17.78146	0
2299	365	130.9055	67.2675	0
2299	366	476.4346	62.65654	0
2299	367	-106.7217	-21.82755	0
2299	368	751.4739	-30.4649	0
2299	369	120.2985	65.64577	0
2299	370	472.5121	64.18228	0
2299	371	605.5668	-12.11319	0
2299	372	30.17954	-3.628906	0
2299	373	92.54971	73.05219	0
2299	374	496.3818	64.34351	0
2299	375	565.5144	-10.04919	0
2299	376	83.59785	69.56055	0
2299	377	-70.2009	-15.10382	0
2299	378	541.9994	66.17677	0
2299	379	73.30119	71.98329	0
2299	380	616.486	-8.464874	0
2299	381	-39.72847	-3.177368	0
2299	382	586.0115	-6.616699	0
2299	383	102.1224	63.02811	0
2299	384	487.5046	60.92593	0
2299	385	-7.867558	1.600281	0
2299	386	702.6684	-17.72534	0
2299	387	56.73751	68.13808	0
2299	388	539.0312	63.86174	0
2299	389	15.69619	1.703949	0
2299	390	672.5707	-5.146332	0
2299	391	122.8542	62.64873	0
2299	392	531.6978	61.77577	0
2299	393	-32.83947	0.6426392	0
2299	394	40.13457	65.54779	0
2299	395	686.0165	-10.13	0
2299	396	523.5656	58.18375	0
2299	397	51.35242	64.25407	0
2299	398	-37.94754	-0.8182373	0
2299	399	602.9665	1.814819	0
2300	165	78.49648	62.98584	0
2300	167	2.518418	0.3998108	0
2300	169	86.75217	63.42714	0
2300	171	-17.93961	-0.9353943	0
2300	172	645.701	-4.710693	0
2300	173	515.7996	60.22157	0
2300	174	66.29034	67.229	0
2300	175	682.5521	-16.35568	0
2300	176	-14.20797	1.189636	0
2300	177	96.50577	65.67867	0
2300	178	523.0094	59.80373	0
2300	179	655.9489	-10.85577	0
2300	180	89.09451	64.59569	0
2300	181	-6.824774	-4.242401	0
2300	182	632.946	-4.906586	0
2300	183	522.3499	61.40599	0
2300	184	96.13306	67.27505	0
2300	185	-18.96801	-7.094238	0
2300	186	517.712	64.05969	0
2300	187	-15.87393	-2.930542	0
2300	188	641.3978	-7.811066	0
2300	189	59.20285	70.68857	0
2300	190	519.8879	62.56804	0
2300	191	102.9291	70.61983	0
2300	192	-35.12853	-10.98096	0
2300	193	711.116	-24.04764	0
2300	194	525.1665	66.08005	0
2300	195	658.6534	-21.24524	0
2300	196	104.6953	68.42194	0
2300	197	-6.862632	-10.05084	0
2300	198	509.5977	65.84181	0
2300	199	61.45617	77.09152	0
2300	200	638.3185	-12.15814	0
2300	201	486.0602	64.02956	0
2300	202	-23.5464	-17.30246	0
2300	203	59.52002	73.65839	0
2300	204	658.9768	-17.28732	0
2300	205	503.8099	67.71642	0
2300	206	51.87899	-19.64172	0
2300	207	112.6918	72.26337	0
2300	208	585.8751	-28.83328	0
2300	209	524.685	68.56439	0
2300	210	-50.39669	-33.11517	0
2300	211	115.8596	74.99011	0
2300	212	698.8681	-29.8905	0
2300	213	-42.40083	-15.84149	0
2300	214	502.7451	72.69667	0
2300	215	122.1928	78.32976	0
2300	216	524.8109	72.53256	0
2300	217	710.7355	-39.36646	0
2300	218	-40.24109	-24.16013	0
2300	219	156.884	75.76671	0
2300	220	521.93	79.26689	0
2300	221	853.2344	-72.14923	0
2300	222	-193.916	-45.55267	0
2300	223	507.4079	69.91423	0
2300	224	172.5635	80.11581	0
2300	225	576.9109	-70.18802	0
2300	226	-78.42105	-58.0162	0
2300	227	60.51282	84.83121	0
2300	228	504.653	75.40166	0
2300	229	748.079	-63.40335	0
2300	230	61.75972	91.20865	0
2300	231	-295.8337	-83.4765	0
2300	232	485.4655	77.08282	0
2300	233	990.0507	-121.8486	0
2300	234	138.659	87.66731	0
2300	235	-421.4468	-125.5649	0
2300	236	1223.383	-206.5356	0
2300	237	503.1306	81.48775	0
2300	238	130.4018	82.45261	0
2300	239	-694.2151	-214.0365	0
2300	240	2212.747	-547.0721	0
2300	241	144.7835	93.60522	0
2300	242	496.9804	85.4901	0
2300	243	-70.68168	-97.22736	0
2300	244	606.5798	-163.8154	0
2300	245	156.6878	100.5856	0
2300	246	492.1982	99.62358	0
2300	247	-573.3828	-479.0793	0
2300	248	605.6477	-107.0923	0
2300	249	177.4403	109.6588	0
2300	250	-111.1901	-82.34576	0
2300	251	494.8946	91.31699	0
2300	252	81.57478	129.7373	0
2300	253	628.9837	-305.181	0
2300	254	413.5463	129.6329	0
2300	255	15274.98	5399.232	0
2300	256	255.9119	126.3944	0
2300	257	-1370.727	670.7358	0
2300	258	453.3347	102.5653	0
2300	259	-1455.777	-481.0912	0
2300	260	385.1134	198.5215	0
2300	261	-204.03	-145.9501	0
2300	262	374.3082	138.1418	0
2300	263	64.36773	221.49	0
2300	264	181.9291	129.2241	0
2300	265	1262.091	443.854	0
2300	266	480.9848	127.249	0
2300	267	-390.5859	402.4172	0
2300	268	-256.9451	-213.3214	0
2300	269	81.2674	242.1986	0
2300	270	-273.6763	1057.676	0
2300	271	428.0809	110.4935	0
2300	272	71.21854	181.1559	0
2300	273	189.4609	158.7624	0
2300	274	3000.026	2469.489	0
2300	275	492.5555	154.9055	0
2300	276	-9.913914	976.9203	0
2300	277	406.9079	623.0004	0
2300	278	480.3953	382.2301	0
2300	279	250.9326	115.9223	0
2300	280	544.9061	274.4602	0
2300	281	179.491	269.371	0
2300	282	491.625	274.7985	0
2300	283	291.4161	173.7099	0
2300	284	305.2823	154.9704	0
2300	285	345.3921	140.3292	0
2300	286	337.8383	1752.34	0
2300	287	534.4153	176.7408	0
2300	288	398.8342	156.7449	0
2300	289	480.3278	177.3712	0
2300	290	-142.8022	-786.0115	0
2300	291	309.9966	153.6141	0
2300	292	358.9386	275.291	0
2300	293	241.9965	191.2255	0
2300	294	-1368.976	-618.528	0
2300	295	1561.401	-860.0106	0
2300	296	352.4797	121.7753	0
2300	297	309.673	128.7474	0
2300	298	-495.759	-228.522	0
2300	299	328.1347	199.3627	0
2300	300	368.4174	106.1659	0
2300	301	242.2889	112.7767	0
2300	302	3202.271	1509.144	0
2300	303	401.8914	98.07362	0
2300	304	189.4523	324.5092	0
2300	305	287.6076	103.6281	0
2300	306	-400.6571	896.1677	0
2300	307	-2747.007	-759.7805	0
2300	308	411.9339	89.67218	0
2300	309	6.834172	-76.82169	0
2300	310	1661.058	-290.3489	0
2300	311	-3.246036	161.86	0
2300	312	542.3047	114.2354	0
2300	313	-397.1693	-157.4907	0
2300	314	219.4273	100.8243	0
2300	315	-228.4102	254.6422	0
2300	316	457.9581	82.11209	0
2300	317	8.354803	-44.49567	0
2300	318	24.06832	125.6313	0
2300	319	-1909.472	723.3492	0
2300	320	22.52134	-56.01892	0
2300	321	542.3232	92.85854	0
2300	322	-3127.627	1651.376	0
2300	323	-817.3553	-207.3127	0
2300	324	123.6524	124.8501	0
2300	325	433.2875	85.03606	0
2300	326	86.08523	93.56821	0
2300	327	704.6832	-110.8603	0
2300	328	2.306505	-109.8226	0
2300	329	549.9578	102.7523	0
2300	330	791.6118	-195.3701	0
2300	331	97.54497	86.11401	0
2300	332	-255.7286	-99.32489	0
2300	333	547.3687	79.88422	0
2300	334	108.0737	103.4323	0
2300	335	1138.42	-142.5833	0
2300	336	548.305	85.6239	0
2300	337	-171.9603	-49.98972	0
2300	338	656.6465	-48.34314	0
2300	339	118.2989	92.61659	0
2300	340	441.9902	77.56212	0
2300	341	18.97132	-32.2088	0
2300	342	461.5351	72.93721	0
2300	343	153.3387	74.35411	0
2300	344	606.5929	-32.97501	0
2300	345	-136.5413	-37.68588	0
2300	346	473.3766	69.87244	0
2300	347	642.5034	-60.92487	0
2300	348	88.50871	80.31157	0
2300	349	-184.6314	-64.73499	0
2300	350	72.79215	75.25648	0
2300	351	24.42113	-23.15558	0
2300	352	788.6546	-40.32712	0
2300	353	548.7695	75.30608	0
2300	354	854.171	-55.2186	0
2300	355	134.2998	69.7122	0
2300	356	544.6812	71.4756	0
2300	357	-129.4633	-29.75961	0
2300	358	543.1088	68.60355	0
2300	359	749.3737	-25.526	0
2300	360	45.92404	-11.38278	0
2300	361	143.5898	71.84383	0
2300	362	487.5631	66.84766	0
2300	363	848.3033	-40.44547	0
2300	364	16.33821	-17.92703	0
2300	365	131.0786	67.31595	0
2300	366	476.2847	62.68742	0
2300	367	-107.2993	-22.01224	0
2300	368	752.2792	-30.72043	0
2300	369	120.4803	65.68634	0
2300	370	472.2261	64.21906	0
2300	371	605.6573	-12.23804	0
2300	372	30.1955	-3.706207	0
2300	373	92.67944	73.12218	0
2300	374	496.3432	64.38596	0
2300	375	565.4956	-10.16196	0
2300	376	83.62819	69.61749	0
2300	377	-70.71943	-15.2471	0
2300	378	542.0182	66.2263	0
2300	379	73.37451	72.04939	0
2300	380	616.4988	-8.558105	0
2300	381	-40.19788	-3.279053	0
2300	382	585.9466	-6.703125	0
2300	383	102.2871	63.05881	0
2300	384	487.4225	60.96071	0
2300	385	-7.201475	1.624695	0
2300	386	703.3398	-17.88504	0
2300	387	56.53636	68.201	0
2300	388	539.0664	63.90849	0
2300	389	15.98338	1.666168	0
2300	390	672.8434	-5.234863	0
2300	391	122.9789	62.6861	0
2300	392	531.8084	61.81799	0
2300	393	-33.15786	0.5842285	0
2300	394	40.08918	65.59911	0
2300	395	686.5055	-10.25647	0
2300	396	523.5175	58.20975	0
2300	397	51.42054	64.28415	0
2300	398	-38.43721	-0.9072571	0
2300	399	603.0156	1.778809	0
