24	1	836.248	1.573456	0
24	2	-1013.008	210.2531	0
24	3	421.3686	5.492157	0
24	4	1596.808	176.7567	0
24	5	85.87286	83.31351	0
24	6	735.7848	82.27594	0
24	7	380.685	79.16254	0
24	8	-54.69266	0.1038208	0
25	1	836.6967	1.496826	0
25	2	-1010.672	210.2519	0
25	3	421.4082	5.422272	0
25	4	1599.944	177.2316	0
25	5	85.92155	83.34787	0
25	6	735.748	82.30835	0
25	7	380.8652	79.19614	0
25	8	-54.44598	0.06530762	0
26	1	837.1698	1.416077	0
26	2	-1008.218	210.2507	0
26	3	421.45	5.348511	0
26	4	1603.264	177.7345	0
26	5	85.97285	83.38403	0
26	6	735.709	82.34244	0
26	7	381.055	79.23151	0
26	8	-54.18621	0.02478027	0
27	1	837.6644	1.331635	0
27	2	-1005.662	210.2494	0
27	3	421.4937	5.271484	0
27	4	1606.752	178.2626	0
27	5	86.02645	83.42184	0
27	6	735.6685	82.37805	0
27	7	381.2532	79.26849	0
27	8	-53.91512	-0.01751709	0
28	1	838.1782	1.243866	0
28	2	-1003.015	210.248	0
28	3	421.5391	5.191467	0
28	4	1610.39	178.8136	0
28	5	86.08199	83.461	0
28	6	735.6265	82.41498	0
28	7	381.4588	79.30685	0
28	8	-53.63412	-0.06143188	0
29	1	838.7089	1.153259	0
29	2	-1000.293	210.2466	0
29	3	421.586	5.108734	0
29	4	1614.168	179.3856	0
29	5	86.13927	83.5014	0
29	6	735.5831	82.45303	0
29	7	381.6709	79.34637	0
29	8	-53.34428	-0.1066589	0
30	1	839.2549	1.059998	0
30	2	-997.5024	210.2452	0
30	3	421.6342	5.023682	0
30	4	1618.072	179.9769	0
30	5	86.19816	83.54288	0
30	6	735.5386	82.49213	0
30	7	381.8888	79.38702	0
30	8	-53.0468	-0.1530762	0
31	1	839.8143	0.9644775	0
31	2	-994.6545	210.2437	0
31	3	421.6837	4.936493	0
31	4	1622.094	180.586	0
31	5	86.25834	83.58533	0
31	6	735.493	82.53214	0
31	7	382.1118	79.42859	0
31	8	-52.7426	-0.2006226	0
35	1	842.1636	0.563324	0
35	2	-982.5864	210.2114	0
35	3	421.8913	4.570557	0
35	4	1639.208	183.1777	0
35	5	86.51006	83.76279	0
35	6	735.3026	82.69937	0
35	7	383.0445	79.60251	0
35	8	-51.47215	-0.3988342	0
35	9	-1797.939	299.482	0
35	10	-20.1071	4.783203	0
36	1	842.7739	0.459137	0
36	2	-979.4138	210.1952	0
36	3	421.9452	4.475464	0
36	4	1643.714	183.8601	0
36	5	86.57513	83.80869	0
36	6	735.2534	82.74258	0
36	7	383.2859	79.64752	0
36	8	-51.14397	-0.4501343	0
36	9	-1802.358	300.2048	0
36	10	-20.14258	4.758392	0
37	1	843.3918	0.3536377	0
37	2	-976.2014	210.1773	0
37	3	421.9997	4.379242	0
37	4	1648.304	184.5551	0
37	5	86.64092	83.85507	0
37	6	735.2036	82.78629	0
37	7	383.5299	79.69302	0
37	8	-50.81246	-0.5018616	0
37	9	-1807.555	301.0557	0
37	10	-20.18686	4.727417	0
39	1	844.6484	0.1390991	0
39	2	-969.6921	210.1386	0
39	3	422.1107	4.183472	0
39	4	1657.718	185.9808	0
39	5	86.77431	83.94913	0
39	6	735.1027	82.87485	0
39	7	384.0249	79.78531	0
39	8	-50.14059	-0.6066895	0
39	9	-1819.914	303.0833	0
39	10	-20.29775	4.649872	0
39	11	660.9153	79.03104	0
45	1	848.5551	-0.5280151	0
45	2	-949.9586	210.0343	0
45	3	422.4558	3.574921	0
45	4	1687.713	190.5231	0
45	5	87.18592	84.23929	0
45	6	734.7916	83.14807	0
45	7	385.4969	80.06696	0
45	8	-48.07176	-0.9296875	0
45	9	-1868.095	311.0395	0
45	10	-20.75195	4.332397	0
45	11	660.6877	79.13919	0
45	12	145.4583	81.33316	0
45	13	799.0894	-1.053497	0
45	14	400.0581	80.89325	0
45	15	425.1501	-2.428925	0
45	16	2935.101	326.2031	0
46	1	849.2234	-0.6421204	0
46	2	-946.6861	210.022	0
46	3	422.5149	3.470856	0
46	4	1692.956	191.3171	0
46	5	87.25582	84.28857	0
46	6	734.7388	83.19449	0
46	7	385.7306	80.11389	0
46	8	-47.72082	-0.984436	0
46	9	-1877.286	312.5658	0
46	10	-20.83963	4.271088	0
46	11	660.6311	79.16605	0
46	12	145.6687	81.34933	0
46	13	799.1595	-1.102905	0
46	14	400.2333	80.92148	0
46	15	425.1765	-2.476349	0
46	16	2924.317	325.1625	0
47	1	849.8959	-0.756958	0
47	2	-943.4211	210.0111	0
47	3	422.5743	3.366089	0
47	4	1698.268	192.1216	0
47	5	87.32608	84.3381	0
47	6	734.6856	83.24109	0
47	7	385.9615	80.16086	0
47	8	-47.36847	-1.039459	0
47	9	-1886.744	314.1382	0
47	10	-20.92964	4.20813	0
47	11	660.5709	79.19464	0
47	12	145.8999	81.36713	0
47	13	799.2388	-1.158691	0
47	14	400.4318	80.9534	0
47	15	425.2097	-2.535736	0
47	16	2910.965	323.8741	0
48	1	850.5729	-0.8725586	0
48	2	-940.163	210.0014	0
48	3	422.6341	3.260651	0
48	4	1703.648	192.9363	0
48	5	87.39661	84.38785	0
48	6	734.6323	83.2879	0
48	7	386.19	80.20782	0
48	8	-47.01468	-1.094666	0
48	9	-1896.453	315.7544	0
48	10	-21.02182	4.143707	0
48	11	660.5075	79.22476	0
48	12	146.1494	81.38632	0
48	13	799.3259	-1.220093	0
48	14	400.6508	80.98853	0
48	15	425.2486	-2.605438	0
48	16	2895.466	322.3785	0
49	1	851.2539	-0.9888	0
49	2	-936.9106	209.9929	0
49	3	422.6943	3.154572	0
49	4	1709.097	193.7615	0
49	5	87.46748	84.43777	0
49	6	734.5787	83.3349	0
49	7	386.4163	80.25485	0
49	8	-46.65977	-1.150085	0
49	9	-1906.405	317.4122	0
49	10	-21.11599	4.077881	0
49	11	660.4413	79.25616	0
49	12	146.4147	81.40674	0
49	13	799.4202	-1.286469	0
49	14	400.8879	81.0264	0
49	15	425.2927	-2.684326	0
49	16	2878.189	320.7115	0
50	1	851.9392	-1.105835	0
50	2	-933.6631	209.9853	0
50	3	422.7548	3.047882	0
50	4	1714.615	194.5972	0
50	5	87.53856	84.48792	0
50	6	734.525	83.38208	0
50	7	386.6407	80.30194	0
50	8	-46.30355	-1.205688	0
50	9	-1916.588	319.1098	0
50	10	-21.21185	4.010864	0
50	11	660.3727	79.28879	0
50	12	146.6938	81.42819	0
50	13	799.5206	-1.357117	0
50	14	401.1408	81.06677	0
50	15	425.3412	-2.77121	0
50	16	2859.458	318.9041	0
51	1	852.6283	-1.223541	0
51	2	-930.4201	209.9785	0
51	3	422.8156	2.940552	0
51	4	1720.202	195.4433	0
51	5	87.60993	84.53824	0
51	6	734.4711	83.42941	0
51	7	386.8636	80.34909	0
51	8	-45.94613	-1.261475	0
51	9	-1926.995	320.8458	0
51	10	-21.3092	3.942841	0
51	11	660.3019	79.32242	0
51	12	146.985	81.45059	0
51	13	799.6264	-1.431641	0
51	14	401.4077	81.10928	0
51	15	425.3936	-2.865173	0
51	16	2839.554	316.9835	0
53	1	854.0184	-1.460876	0
53	2	-923.9448	209.9671	0
53	3	422.9384	2.724091	0
53	4	1731.587	197.1674	0
53	5	87.75352	84.63943	0
53	6	734.3627	83.52466	0
53	7	387.3056	80.4437	0
53	8	-45.22795	-1.373535	0
53	9	-1948.455	324.4282	0
53	10	-21.50783	3.803925	0
53	11	660.1549	79.39224	0
53	12	147.5977	81.49774	0
53	13	799.8517	-1.590271	0
53	14	401.9772	81.19974	0
53	15	425.5086	-3.071106	0
53	16	2797.156	312.8923	0
53	17	-1193.612	223.2257	0
54	1	854.7193	-1.580566	0
54	2	-920.7114	209.9622	0
54	3	423.0003	2.614929	0
54	4	1737.386	198.0457	0
54	5	87.82567	84.69031	0
54	6	734.3082	83.57251	0
54	7	387.5252	80.49112	0
54	8	-44.86725	-1.42984	0
54	9	-1959.5	326.2729	0
54	10	-21.60895	3.733246	0
54	11	660.0791	79.42825	0
54	12	147.9168	81.52228	0
54	13	799.9702	-1.673798	0
54	14	402.277	81.24728	0
54	15	425.5704	-3.181641	0
54	16	2775.046	310.7589	0
54	17	-1191.086	223.0319	0
55	1	855.4239	-1.700867	0
55	2	-917.4808	209.9578	0
55	3	423.0626	2.505188	0
55	4	1743.258	198.9348	0
55	5	87.8981	84.74136	0
55	6	734.2535	83.62048	0
55	7	387.7442	80.53873	0
55	8	-44.50557	-1.486359	0
55	9	-1970.748	328.1523	0
55	10	-21.7111	3.661835	0
55	11	660.002	79.4649	0
55	12	148.243	81.54736	0
55	13	800.092	-1.759552	0
55	14	402.5854	81.29614	0
55	15	425.6346	-3.296692	0
55	16	2752.537	308.5869	0
55	17	-1187.552	222.7609	0
56	1	856.1323	-1.821838	0
56	2	-914.2522	209.9538	0
56	3	423.1251	2.394867	0
56	4	1749.202	199.835	0
56	5	87.97073	84.79257	0
56	6	734.1987	83.66867	0
56	7	387.9626	80.58636	0
56	8	-44.14274	-1.542969	0
56	9	-1982.198	330.0661	0
56	10	-21.81411	3.589813	0
56	11	659.9236	79.50211	0
56	12	148.5754	81.57297	0
56	13	800.2169	-1.847473	0
56	14	402.9012	81.3461	0
56	15	425.701	-3.415649	0
56	16	2729.755	306.3887	0
56	17	-1183.154	222.4237	0
58	1	857.5605	-2.065704	0
58	2	-907.8	209.9468	0
58	3	423.2512	2.172424	0
58	4	1761.313	201.6691	0
58	5	88.10458	84.89691	0
58	6	734.0884	83.76544	0
58	7	388.3989	80.68213	0
58	8	-43.41436	-1.656647	0
58	9	-2005.703	333.9956	0
58	10	-22.02279	3.443939	0
58	11	659.7639	79.57797	0
58	12	149.2562	81.62531	0
58	13	800.4742	-2.028687	0
58	14	403.5521	81.44904	0
58	15	425.8396	-3.663879	0
58	16	2683.789	301.9533	0
58	17	-1172.258	221.5881	0
58	18	99.77009	83.46289	0
60	1	859.0037	-2.312134	0
60	2	-901.3536	209.9409	0
60	3	423.3787	1.947723	0
60	4	1773.729	203.5493	0
60	5	88.19989	85.00677	0
60	6	733.9775	83.86279	0
60	7	388.8352	80.77838	0
60	8	-42.65557	-1.77005	0
60	9	-2030.008	338.0605	0
60	10	-22.23451	3.295898	0
60	11	659.6008	79.65546	0
60	12	149.9543	81.67902	0
60	13	800.7402	-2.215973	0
60	14	404.2242	81.55524	0
60	15	425.9847	-3.923798	0
60	16	2637.81	297.5165	0
60	17	-1159.223	220.5885	0
60	18	100.0474	83.4744	0
60	19	-70.24237	-2.697144	0
62	1	860.462	-2.561127	0
62	2	-894.9116	209.9358	0
62	3	423.5074	1.720703	0
62	4	1786.438	205.4748	0
62	5	88.27032	85.12076	0
62	6	733.866	83.96075	0
62	7	389.2727	80.87521	0
62	8	-41.80485	-1.881012	0
62	9	-2055.119	342.2614	0
62	10	-22.44885	3.146057	0
62	11	659.4349	79.73422	0
62	12	150.6661	81.73376	0
62	13	801.0446	-2.411499	0
62	14	404.9129	81.66409	0
62	15	426.1352	-4.193573	0
62	16	2592.362	293.1322	0
62	17	-1144.676	219.473	0
62	18	100.4827	83.49301	0
62	19	-70.75037	-2.77298	0
62	20	784.8649	-0.6775208	0
64	1	861.9354	-2.812744	0
64	2	-888.4727	209.9312	0
64	3	423.6375	1.491425	0
64	4	1799.369	207.4382	0
64	5	88.32526	85.23773	0
64	6	733.7538	84.05966	0
64	7	389.7122	80.97269	0
64	8	-40.89162	-1.990784	0
64	9	-2081.052	346.6002	0
64	10	-22.6656	2.994507	0
64	11	659.2667	79.81412	0
64	12	151.3889	81.78937	0
64	13	801.46	-2.622559	0
64	14	405.6151	81.77505	0
64	15	426.2903	-4.471558	0
64	16	2547.928	288.849	0
64	17	-1129.084	218.2774	0
64	18	101.0344	83.51718	0
64	19	-71.54922	-2.893097	0
64	20	784.5561	-0.703186	0
64	21	733.5895	82.25375	0
66	1	863.4238	-3.066895	0
66	2	-882.0363	209.9272	0
66	3	423.77	1.259064	0
66	4	1812.457	209.4329	0
66	5	88.37086	85.35693	0
66	6	733.6412	84.16052	0
66	7	390.1543	81.07077	0
66	8	-39.93658	-2.100189	0
66	9	-2107.823	351.0801	0
66	10	-22.88449	2.841522	0
66	11	659.0966	79.89493	0
66	12	152.1205	81.84564	0
66	13	801.9521	-2.845764	0
66	14	406.3279	81.88788	0
66	15	426.4494	-4.756714	0
66	16	2504.822	284.6984	0
66	17	-1112.798	217.0285	0
66	18	101.6721	83.54584	0
66	19	-72.56377	-3.046661	0
66	20	784.0756	-0.7442017	0
66	21	733.7108	82.28546	0
66	22	418.2692	5.245636	0
69	1	865.6852	-3.453033	0
69	2	-872.3851	209.9217	0
69	3	423.9772	0.901825	0
69	4	1832.311	212.475	0
69	5	88.4308	85.5387	0
69	6	733.4708	84.31424	0
69	7	390.836	81.21658	0
69	8	-38.45759	-2.264252	0
69	9	-2149.61	358.0736	0
69	10	-23.21667	2.609314	0
69	11	658.8381	80.01767	0
69	12	153.2313	81.93106	0
69	13	802.7836	-3.197327	0
69	14	407.4287	82.05954	0
69	15	426.6945	-5.196167	0
69	16	2443.025	278.7591	0
69	17	-1087.612	215.0972	0
69	18	102.7421	83.59537	0
69	19	-74.37312	-3.323303	0
69	20	783.1343	-0.8275146	0
69	21	734.0207	82.36694	0
69	22	418.3165	5.148773	0
69	23	383.6113	82.56451	0
69	24	1554.223	192.152	0
70	1	866.4468	-3.583069	0
70	2	-869.1686	209.92	0
70	3	424.0478	0.7808838	0
70	4	1839.021	213.5043	0
70	5	88.4499	85.59985	0
70	6	733.4135	84.36597	0
70	7	391.0728	81.26404	0
70	8	-37.95752	-2.319061	0
70	9	-2163.988	360.4802	0
70	10	-23.32824	2.531281	0
70	11	658.7513	80.0589	0
70	12	153.6046	81.95978	0
70	13	803.0778	-3.318024	0
70	14	407.8078	82.11719	0
70	15	426.7777	-5.34552	0
70	16	2423.233	276.8599	0
70	17	-1079.107	214.4449	0
70	18	103.1211	83.61331	0
70	19	-75.03323	-3.425049	0
70	20	782.7784	-0.8599548	0
70	21	734.1501	82.401	0
70	22	418.3403	5.100494	0
70	23	383.4748	82.58795	0
70	24	1552.585	192.0304	0
71	1	867.2123	-3.713776	0
71	2	-865.9525	209.9184	0
71	3	424.119	0.6591797	0
71	4	1845.774	214.5409	0
71	5	88.46904	85.66125	0
71	6	733.356	84.41791	0
71	7	391.3143	81.31107	0
71	8	-37.45571	-2.374084	0
71	9	-2178.599	362.9257	0
71	10	-23.44039	2.452881	0
71	11	658.6641	80.10034	0
71	12	153.9792	81.98865	0
71	13	803.3779	-3.440125	0
71	14	408.1914	82.17514	0
71	15	426.8618	-5.496063	0
71	16	2403.848	275.0015	0
71	17	-1070.575	213.7907	0
71	18	103.5087	83.63187	0
71	19	-75.7155	-3.53067	0
71	20	782.4067	-0.8943787	0
71	21	734.2898	82.4379	0
71	22	418.3674	5.045776	0
71	23	383.3039	82.61722	0
71	24	1550.291	191.86	0
24	1	906.4442	-10.65436	0
24	2	-2812.618	393.2941	0
24	3	448.7339	1.742615	0
24	4	1569.07	201.2348	0
24	5	113.3646	84.17749	0
24	6	687.8597	77.81284	0
24	7	393.8566	81.0264	0
24	8	-136.425	-3.637238	0
25	1	907.1595	-10.77689	0
25	2	-2840.368	396.6456	0
25	3	449.0652	1.666443	0
25	4	1562.504	200.5634	0
25	5	113.6594	84.19922	0
25	6	687.8135	77.83847	0
25	7	393.6517	81.06537	0
25	8	-136.6071	-3.706573	0
26	1	907.9144	-10.9061	0
26	2	-2870.114	400.2381	0
26	3	449.4145	1.586151	0
26	4	1555.666	199.8643	0
26	5	113.9695	84.22208	0
26	6	687.7649	77.86548	0
26	7	393.4358	81.10638	0
26	8	-136.7992	-3.779755	0
27	1	908.7045	-11.04135	0
27	2	-2901.765	404.0608	0
27	3	449.7798	1.502136	0
27	4	1548.607	199.1426	0
27	5	114.293	84.24594	0
27	6	687.7141	77.89365	0
27	7	393.2104	81.14923	0
27	8	-136.9998	-3.856201	0
28	1	909.5261	-11.18204	0
28	2	-2935.251	408.1049	0
28	3	450.1592	1.414886	0
28	4	1541.374	198.403	0
28	5	114.6283	84.27072	0
28	6	687.6615	77.92288	0
28	7	392.9765	81.1937	0
28	8	-137.2081	-3.935547	0
29	1	910.3757	-11.32745	0
29	2	-2970.518	412.3642	0
29	3	450.5512	1.324768	0
29	4	1534.002	197.6493	0
29	5	114.9738	84.2962	0
29	6	687.6073	77.953	0
29	7	392.7351	81.23956	0
29	8	-137.4231	-4.017395	0
30	1	911.2504	-11.47726	0
30	2	-3007.527	416.8339	0
30	3	450.9543	1.232056	0
30	4	1526.526	196.8849	0
30	5	115.3283	84.32236	0
30	6	687.5516	77.98392	0
30	7	392.4871	81.28668	0
30	8	-137.6441	-4.101563	0
31	1	912.1478	-11.63089	0
31	2	-3046.253	421.511	0
31	3	451.3675	1.137085	0
31	4	1518.972	196.1125	0
31	5	115.6907	84.34912	0
31	6	687.4946	78.01559	0
31	7	392.2332	81.33496	0
31	8	-137.8705	-4.187805	0
32	1	913.0659	-11.78806	0
32	2	-3086.684	426.394	0
32	3	451.7898	1.040039	0
32	4	1511.366	195.3348	0
32	5	116.06	84.37631	0
32	6	687.4365	78.04782	0
32	7	391.974	81.38419	0
32	8	-138.1015	-4.275787	0
34	1	914.9569	-12.11188	0
34	2	-3172.664	436.7781	0
34	3	452.6579	0.8403931	0
34	4	1496.07	193.7709	0
34	5	116.8163	84.43213	0
34	6	687.3173	78.11398	0
34	7	391.4377	81.48544	0
34	8	-138.5761	-4.456543	0
34	9	413.2454	80.54544	0
38	1	918.92	-12.79037	0
38	2	-3365.652	460.086	0
38	3	454.4707	0.423584	0
38	4	1465.546	190.6499	0
38	5	118.3826	84.5477	0
38	6	687.0703	78.25119	0
38	7	390.2838	81.69778	0
38	8	-139.5647	-4.833069	0
38	9	412.623	80.60831	0
38	10	661.9634	78.97885	0
38	11	828.9	3.740265	0
38	12	407.1713	5.186401	0
42	1	923.0752	-13.50186	0
42	2	-3589.008	487.0615	0
42	3	456.3622	-0.0112915	0
42	4	1435.59	187.587	0
42	5	119.998	84.66684	0
42	6	686.8146	78.39319	0
42	7	389.0633	81.91946	0
42	8	-140.5927	-5.224609	0
42	9	411.5551	80.71555	0
42	10	661.787	79.06305	0
42	11	829.967	3.560242	0
42	12	408.2445	5.050507	0
42	13	1911.516	206.0849	0
42	14	114.8434	80.73911	0
42	15	-3.20925	6.876648	0
44	1	925.2134	-13.86792	0
44	2	-3713.438	502.0894	0
44	3	457.3316	-0.2341614	0
44	4	1420.929	186.0881	0
44	5	120.8186	84.72742	0
44	6	686.6844	78.46542	0
44	7	388.437	82.03287	0
44	8	-141.1183	-5.424744	0
44	9	410.914	80.77966	0
44	10	661.6714	79.11823	0
44	11	830.7211	3.432983	0
44	12	409.0021	4.95459	0
44	13	1901.285	205.2402	0
44	14	115.171	80.76398	0
44	15	-2.937148	6.835938	0
44	16	-1705.201	303.917	0
45	1	926.2963	-14.05331	0
45	2	-3779.162	510.0271	0
45	3	457.8217	-0.3468323	0
45	4	1413.688	185.3477	0
45	5	121.2316	84.75787	0
45	6	686.6188	78.50183	0
45	7	388.1208	82.09012	0
45	8	-141.3836	-5.525818	0
45	9	410.5738	80.81363	0
45	10	661.6088	79.14816	0
45	11	831.1387	3.362549	0
45	12	409.4209	4.90155	0
45	13	1895.112	204.7306	0
45	14	115.3707	80.77911	0
45	15	-2.771344	6.811157	0
45	16	-1698.651	303.2122	0
46	1	927.3881	-14.2402	0
46	2	-3847.374	518.2653	0
46	3	458.3151	-0.4602966	0
46	4	1406.509	184.6137	0
46	5	121.6462	84.78845	0
46	6	686.553	78.53842	0
46	7	387.8028	82.14774	0
46	8	-141.6505	-5.627472	0
46	9	410.2224	80.84869	0
46	10	661.5433	79.17944	0
46	11	831.5787	3.2883	0
46	12	409.8621	4.845673	0
46	13	1888.379	204.1747	0
46	14	115.5901	80.79578	0
46	15	-2.588912	6.783936	0
46	16	-1689.527	302.2302	0
47	1	928.4885	-14.42865	0
47	2	-3918.194	526.8185	0
47	3	458.8117	-0.5744324	0
47	4	1399.393	183.8861	0
47	5	122.0622	84.81918	0
47	6	686.4869	78.57513	0
47	7	387.4831	82.20566	0
47	8	-141.919	-5.729675	0
47	9	409.8611	80.88467	0
47	10	661.4755	79.21179	0
47	11	832.0386	3.210693	0
47	12	410.323	4.787292	0
47	13	1881.178	203.5803	0
47	14	115.8268	80.81372	0
47	15	-2.39217	6.754517	0
47	16	-1678.231	301.0146	0
48	1	929.5974	-14.6185	0
48	2	-3991.757	535.7029	0
48	3	459.3115	-0.6893616	0
48	4	1392.341	183.1651	0
48	5	122.4796	84.84998	0
48	6	686.4205	78.612	0
48	7	387.1618	82.26385	0
48	8	-142.1888	-5.83252	0
48	9	409.4912	80.92151	0
48	10	661.4054	79.24527	0
48	11	832.5164	3.130096	0
48	12	410.8013	4.726746	0
48	13	1873.589	202.9537	0
48	14	116.0784	80.83282	0
48	15	-2.182861	6.723236	0
48	16	-1665.122	299.6039	0
49	1	930.7146	-14.80975	0
49	2	-4068.209	544.9363	0
49	3	459.8144	-0.8049622	0
49	4	1385.354	182.4507	0
49	5	122.8982	84.88083	0
49	6	686.3538	78.64902	0
49	7	386.839	82.32239	0
49	8	-142.4601	-5.935791	0
49	9	409.1135	80.95908	0
49	10	661.3336	79.27957	0
49	11	833.0099	3.046814	0
49	12	411.2949	4.664215	0
49	13	1865.68	202.3008	0
49	14	116.3431	80.85291	0
49	15	-1.962627	6.690338	0
49	16	-1650.516	298.0321	0
50	1	931.8399	-15.00244	0
50	2	-4147.708	554.5376	0
50	3	460.3203	-0.9212646	0
50	4	1378.433	181.743	0
50	5	123.318	84.91183	0
50	6	686.2869	78.68616	0
50	7	386.5148	82.38116	0
50	8	-142.7327	-6.039642	0
50	9	408.729	80.99728	0
50	10	661.2601	79.3147	0
50	11	833.5175	2.961182	0
50	12	411.8022	4.600037	0
50	13	1857.51	201.6263	0
50	14	116.6193	80.87384	0
50	15	-1.732676	6.656036	0
50	16	-1634.686	296.3286	0
51	1	932.9734	-15.19644	0
51	2	-4230.423	564.5275	0
51	3	460.8291	-1.0383	0
51	4	1371.576	181.042	0
51	5	123.739	84.94287	0
51	6	686.2197	78.72345	0
51	7	386.1892	82.44025	0
51	8	-143.0066	-6.143951	0
51	9	408.3383	81.0361	0
51	10	661.1851	79.35052	0
51	11	834.0375	2.873474	0
51	12	412.3216	4.534241	0
51	13	1849.131	200.9345	0
51	14	116.9054	80.89557	0
51	15	-1.494363	6.620422	0
51	16	-1617.87	294.519	0
52	1	934.1149	-15.39194	0
52	2	-4316.55	574.9293	0
52	3	461.3408	-1.155945	0
52	4	1364.786	180.3477	0
52	5	124.1611	84.97403	0
52	6	686.1523	78.76083	0
52	7	385.8623	82.4996	0
52	8	-143.282	-6.24884	0
52	9	407.942	81.07544	0
52	10	661.1088	79.38696	0
52	11	834.5688	2.783813	0
52	12	412.8517	4.467102	0
52	13	1840.585	200.2289	0
52	14	117.2003	80.91794	0
52	15	-1.248654	6.58374	0
52	16	-1600.274	292.6254	0
53	1	935.2645	-15.58875	0
53	2	-4406.283	585.7667	0
53	3	461.8554	-1.274261	0
53	4	1358.06	179.66	0
53	5	124.5842	85.00525	0
53	6	686.0849	78.79837	0
53	7	385.5341	82.55923	0
53	8	-143.5585	-6.354187	0
53	9	407.5408	81.11523	0
53	10	661.0314	79.42395	0
53	11	835.1104	2.692413	0
53	12	413.3914	4.398773	0
53	13	1831.911	199.5128	0
53	14	117.5029	80.94092	0
53	15	-0.9965644	6.546051	0
53	16	-1582.073	290.6668	0
54	1	936.4219	-15.7869	0
54	2	-4499.85	597.0671	0
54	3	462.3728	-1.393188	0
54	4	1351.399	178.979	0
54	5	125.0083	85.03653	0
54	6	686.0171	78.83597	0
54	7	385.2047	82.61911	0
54	8	-143.8364	-6.459991	0
54	9	407.1352	81.15543	0
54	10	660.9529	79.46143	0
54	11	835.661	2.599518	0
54	12	413.9399	4.329285	0
54	13	1823.14	198.7887	0
54	14	117.8122	80.96436	0
54	15	-0.7385772	6.507538	0
54	16	-1563.417	288.6591	0
