20	1	2324.146	274.4422	0
20	2	993.3172	146.1404	2
20	3	995.3766	146.568	2
20	4	-267.8766	211.4217	0
21	1	2316.637	275.1062	0
21	2	993.274	144.8455	2
21	3	994.9122	146.681	2
21	4	-268.3774	212.7012	0
22	1	2312.071	275.3998	0
22	2	992.6348	145.1161	2
22	3	994.3769	146.8333	2
22	4	-267.9127	213.1464	0
23	1	2307.345	275.5917	0
23	2	991.89	145.4237	2
23	3	993.7679	147.023	2
23	4	-267.5552	213.7188	0
24	1	2302.305	275.7053	0
24	2	991.1206	146.0429	2
24	3	993.1055	147.2157	2
24	4	-267.2278	214.263	0
25	1	2296.521	275.9049	0
25	2	990.3366	146.4349	2
25	3	992.3959	147.351	2
25	4	-266.5971	214.4885	0
26	1	2289.74	276.1707	0
26	2	989.3635	146.7811	2
26	3	991.5696	147.5314	2
26	4	-266.0133	214.5585	0
27	1	2282.266	276.3892	0
27	2	988.3102	147.1436	2
27	3	990.532	147.8019	2
27	4	-265.2679	214.5115	0
28	1	2276.483	276.1586	0
28	2	987.5929	147.1748	2
28	3	988.903	148.1973	2
28	4	-264.0438	214.4824	0
29	1	2270.662	275.6129	0
29	2	987.5131	147.4149	2
29	3	987.4698	148.236	2
29	4	-261.4005	214.4434	0
30	1	2265.172	274.9968	0
30	2	986.9172	147.5082	2
30	3	986.4485	148.6859	2
30	4	-258.7204	214.3217	0
31	1	2261.046	274.7444	0
31	2	986.3229	147.6127	2
31	3	985.7676	147.5372	2
31	4	-257.4412	214.3625	0
32	1	2259.571	274.942	0
32	2	985.7894	147.8705	2
32	3	985.2173	147.8874	2
32	4	-255.7121	214.6068	0
33	1	2255.357	274.6241	0
33	2	985.0847	148.3149	2
33	3	984.4536	148.3066	2
33	4	-253.5879	215.0293	0
34	1	2250.012	274.5082	0
34	2	984.2378	148.6439	2
34	3	983.4595	148.8	2
34	4	-251.307	215.5787	0
35	1	2244.825	274.7549	0
35	2	983.175	148.7445	2
35	3	982.2691	149.3166	2
35	4	-248.9847	216.2391	0
36	1	2239.61	275.2757	0
36	2	982.1359	148.9511	2
36	3	981.662	148.3556	2
36	4	-246.5123	216.868	0
37	1	2234.07	275.9158	0
37	2	981.1707	149.3065	2
37	3	981.1856	149.2811	2
37	4	-244.5668	217.3838	0
38	1	2227.961	276.599	0
38	2	980.166	149.5033	2
38	3	980.3558	149.6628	2
38	4	-242.6983	217.6727	0
39	1	2221.573	277.0388	0
39	2	979.0037	149.74	2
39	3	979.1136	149.6886	2
39	4	-241.3229	217.593	0
40	1	2215.022	277.1923	0
40	2	977.7485	150.1448	2
40	3	977.8577	150.1852	2
40	4	-240.6789	217.1628	0
41	1	2208.523	276.9268	0
41	2	976.8809	150.2254	2
41	3	977.759	149.2022	2
41	4	-240.0723	216.8209	0
42	1	2201.518	275.9622	0
42	2	976.7609	150.4974	2
42	3	976.7627	149.7025	2
42	4	-238.899	217.1791	0
43	1	2194.737	274.7275	0
43	2	976.0586	150.5538	2
43	3	975.8173	150.4148	2
43	4	-237.209	217.8376	0
44	1	2188.038	273.9391	0
44	2	975.4913	150.6291	2
44	3	974.7802	150.7783	2
44	4	-235.2523	218.7358	0
45	1	2180.812	274.0588	0
45	2	974.9919	150.9144	2
45	3	973.3388	151.351	2
45	4	-233.3886	219.3486	0
46	1	2173.558	274.531	0
46	2	974.3216	151.3964	2
46	3	974.08	150.1061	2
46	4	-231.482	219.851	0
47	1	2166.204	275.1683	0
47	2	973.5371	151.7343	2
47	3	972.3815	150.9807	2
47	4	-229.9831	220.7202	0
20	1	1828.456	240.0663	0
20	2	991.1605	140.4431	0
20	3	-413.1391	224.0349	2
20	4	-432.8836	236.7015	2
21	1	1823.389	240.4667	0
21	2	990.555	140.9245	0
21	3	-406.5825	224.8614	2
21	4	-436.4544	235.9065	2
22	1	1819.088	240.1008	0
22	2	989.7373	141.4448	0
22	3	-400.7491	225.5248	2
22	4	-436.9624	235.9027	2
23	1	1814.445	239.5978	0
23	2	988.7507	141.8693	0
23	3	-396.8522	225.3226	2
23	4	-427.927	235.2243	2
24	1	1809.583	238.9124	0
24	2	988.7461	140.2839	0
24	3	-393.8238	224.7281	2
24	4	-427.0299	235.2381	2
25	1	1804.647	238.0637	0
25	2	988.1963	140.9139	0
25	3	-391.529	223.9965	2
25	4	-425.5923	235.2643	2
26	1	1799.929	237.2239	0
26	2	987.4224	140.912	0
26	3	-389.7617	223.453	2
26	4	-425.2446	236.7827	2
27	1	1794.84	236.4208	0
27	2	986.5413	141.5054	0
27	3	-387.7661	223.109	2
27	4	-423.5411	237.3528	2
28	1	1789.62	235.9088	0
28	2	985.6768	142.1952	0
28	3	-385.6719	223.1042	2
28	4	-421.3013	237.7296	2
29	1	1784.113	235.4457	0
29	2	984.7191	142.4733	0
29	3	-383.5245	223.2434	2
29	4	-418.6652	237.7502	2
30	1	1778.475	235.1214	0
30	2	983.3306	143.052	0
30	3	-381.3444	223.3996	2
30	4	-415.5459	237.5703	2
31	1	1772.766	234.7984	0
31	2	984.5964	141.3713	0
31	3	-379.1848	223.6237	2
31	4	-411.0217	237.3347	2
32	1	1767.208	234.2881	0
32	2	982.8279	142.387	0
32	3	-377.007	223.8688	2
32	4	-404.7704	236.8895	2
33	1	1761.386	233.757	0
33	2	981.8849	142.5533	0
33	3	-374.8763	224.0928	2
33	4	-401.0616	236.678	2
34	1	1755.52	233.3293	0
34	2	982.2514	142.7502	0
34	3	-372.772	224.2405	2
34	4	-396.5755	236.8148	2
35	1	1749.626	232.8483	0
35	2	981.7991	143.0233	0
35	3	-370.6752	224.3333	2
35	4	-391.514	237.2184	2
36	1	1743.815	231.9058	0
36	2	981.1464	143.3597	0
36	3	-368.4283	224.5157	2
36	4	-386.3718	237.797	2
37	1	1737.983	230.7647	0
37	2	980.5719	143.7143	0
37	3	-366.2877	224.7877	2
37	4	-381.0818	238.3139	2
38	1	1732.079	229.7256	0
38	2	980.5297	142.5026	0
38	3	-364.2227	225.1929	2
38	4	-376.6942	238.6194	2
39	1	1725.817	228.9356	0
39	2	980.4299	143.4322	0
39	3	-362.115	225.4904	2
39	4	-372.6668	238.5493	2
40	1	1719.977	228.047	0
40	2	980.0128	144.2275	0
40	3	-359.7721	225.4961	2
40	4	-369.4956	238.0192	2
41	1	1714.357	227.3019	0
41	2	979.2006	144.248	0
41	3	-357.4331	225.3796	2
41	4	-367.2168	237.4061	2
42	1	1708.564	226.7748	0
42	2	978.1611	144.2398	0
42	3	-354.8594	225.4088	2
42	4	-364.4332	237.1688	2
43	1	1702.668	226.4	0
43	2	977.1902	144.7678	0
43	3	-351.2505	225.314	2
43	4	-361.2576	237.5043	2
44	1	1696.721	226.0923	0
44	2	976.2787	145.3878	0
44	3	-344.9372	224.9974	2
44	4	-357.7996	238.0147	2
45	1	1690.609	225.767	0
45	2	976.8141	143.6892	0
45	3	-340.2314	224.6029	2
45	4	-354.2518	238.5829	2
46	1	1684.639	225.2917	0
46	2	975.6939	144.5511	0
46	3	-335.5514	224.7001	2
46	4	-350.9239	238.8741	2
47	1	1678.963	224.6865	0
47	2	974.6507	145.3066	0
47	3	-329.8777	225.2421	2
47	4	-347.5073	239.139	2
48	1	1673.451	223.8048	0
48	2	973.5271	145.8121	0
48	3	-324.6855	225.7382	2
48	4	-344.3481	239.6367	2
49	1	1668.268	222.6054	0
49	2	972.9569	145.8439	0
49	3	-319.733	226.1176	2
49	4	-341.3378	240.1373	2
50	1	1663.723	221.4998	0
50	2	972.765	146.1586	0
50	3	-315.682	226.2944	2
50	4	-337.9038	239.9202	2
51	1	1658.907	220.8002	0
51	2	972.5547	146.5551	0
51	3	-311.9983	226.278	2
51	4	-334.4886	239.4777	2
52	1	1653.892	220.4055	0
52	2	972.7062	144.9531	0
52	3	-308.6904	226.0367	2
52	4	-330.7236	239.0609	2
53	1	1648.795	220.2057	0
53	2	972.6285	145.3519	0
53	3	-305.9003	225.5633	2
53	4	-325.5817	238.682	2
54	1	1643.792	219.9598	0
54	2	972.6118	145.9562	0
54	3	-303.6659	225.0711	2
54	4	-320.6731	238.2635	2
55	1	1638.926	219.4801	0
55	2	972.2988	146.6235	0
55	3	-301.284	224.7169	2
55	4	-317.1776	238.1205	2
56	1	1633.858	219.1024	0
56	2	971.836	147.1815	0
56	3	-298.6427	224.8206	2
56	4	-313.2829	238.1851	2
57	1	1628.852	218.795	0
57	2	971.254	147.5859	0
57	3	-295.4561	225.292	2
57	4	-309.0917	238.4048	2
58	1	1623.91	217.9702	0
58	2	970.4485	147.8413	0
58	3	-291.8813	226.0743	2
58	4	-304.8857	238.7163	2
59	1	1618.973	216.9105	0
59	2	969.739	148.382	0
59	3	-288.1357	226.9245	2
59	4	-300.6577	239.1043	2
60	1	1613.962	215.9753	0
60	2	970.403	146.5856	0
60	3	-284.7155	227.0482	2
60	4	-296.2904	239.4496	2
61	1	1608.531	215.2864	0
61	2	969.6582	147.1049	0
61	3	-281.1712	227.3204	2
61	4	-292.3473	239.7114	2
62	1	1603.73	214.7258	0
62	2	969.5406	147.2457	0
62	3	-277.5523	227.3823	2
62	4	-288.745	239.7789	2
20	1	2059.982	298.3218	0
20	2	988.4594	142.8873	0
20	3	-1210.099	301.8617	2
20	4	-1225.719	341.5302	2
21	1	2054.606	299.3785	0
21	2	987.4998	143.1973	0
21	3	-1197.131	302.0048	2
21	4	-1228.448	340.3311	2
22	1	2047.895	298.2652	0
22	2	986.5607	143.7865	0
22	3	-1184.001	302.622	2
22	4	-1229.597	340.3732	2
23	1	2040.556	296.8327	0
23	2	985.5389	144.1158	0
23	3	-1172.927	302.9111	2
23	4	-1212.243	338.6881	2
24	1	2032.635	295.2237	0
24	2	985.9939	142.719	0
24	3	-1165.193	302.7423	2
24	4	-1210.393	338.6364	2
25	1	2023.995	293.6518	0
25	2	984.8293	143.5361	0
25	3	-1158.722	302.2696	2
25	4	-1207.424	338.5737	2
26	1	2014.134	292.1616	0
26	2	983.4332	144.3792	0
26	3	-1153.411	301.6295	2
26	4	-1200.224	339.6637	2
27	1	2003.985	290.5022	0
27	2	982.8768	144.3409	0
27	3	-1149.258	300.8902	2
27	4	-1194.553	339.8949	2
28	1	1995.048	288.7997	0
28	2	982.4524	144.4457	0
28	3	-1145.945	300.1745	2
28	4	-1188.294	340.0165	2
29	1	1985.513	287.3452	0
29	2	982.3785	144.8224	0
29	3	-1143.152	299.6693	2
29	4	-1182.658	339.7687	2
30	1	1975.592	286.1287	0
30	2	981.5532	145.0854	0
30	3	-1139.916	299.2817	2
30	4	-1177.867	339.3958	2
31	1	1965.429	285.108	0
31	2	981.5715	143.856	0
31	3	-1136.321	299.1825	2
31	4	-1172.289	339.1258	2
32	1	1955.131	284.1869	0
32	2	981.4651	144.3283	0
32	3	-1132.544	299.3442	2
32	4	-1165.781	339.5437	2
33	1	1944.582	283.2993	0
33	2	981.2692	145.0526	0
33	3	-1128.475	299.5023	2
33	4	-1158.292	340.2663	2
34	1	1933.799	282.1535	0
34	2	980.6463	145.5176	0
34	3	-1124.268	299.7759	2
34	4	-1150.472	341.1003	2
35	1	1923.94	280.8701	0
35	2	979.8582	145.8409	0
35	3	-1119.825	300.1328	2
35	4	-1143.224	341.4308	2
36	1	1914.336	279.2603	0
36	2	978.8438	146.0054	0
36	3	-1115.271	300.5034	2
36	4	-1136.082	342.1389	2
37	1	1905.331	277.0738	0
37	2	977.8081	146.3954	0
37	3	-1110.69	300.7864	2
37	4	-1129.628	342.8959	2
38	1	1897.472	274.5416	0
38	2	978.067	145.0339	0
38	3	-1106.194	300.8942	2
38	4	-1122.026	342.0983	2
39	1	1890.234	272.3436	0
39	2	977.2318	145.4365	0
39	3	-1101.315	301.1305	2
39	4	-1114.155	340.9851	2
40	1	1882.472	271.089	0
40	2	976.4236	146.1848	0
40	3	-1096.629	301.5338	2
40	4	-1103.021	339.8677	2
41	1	1874.139	270.1974	0
41	2	975.7128	146.6213	0
41	3	-1092.255	302.2051	2
41	4	-1091.337	338.6706	2
42	1	1865.617	269.6657	0
42	2	974.6459	147.1349	0
42	3	-1087.908	303.2737	2
42	4	-1084.018	338.2382	2
43	1	1857.412	268.9873	0
43	2	973.6841	147.5086	0
43	3	-1082.359	303.4418	2
43	4	-1075.708	338.1135	2
44	1	1849.455	267.8839	0
44	2	972.9955	147.7687	0
44	3	-1076.012	302.8547	2
44	4	-1066.823	338.187	2
45	1	1841.234	267.0002	0
45	2	973.7795	146.2838	0
45	3	-1065.87	301.8485	2
45	4	-1058.036	338.3826	2
46	1	1833.284	266.2398	0
46	2	973.204	146.806	0
46	3	-1049.06	300.1261	2
46	4	-1049.347	338.677	2
47	1	1825.266	264.4275	0
47	2	973.1342	146.9823	0
47	3	-1040.779	299.478	2
47	4	-1040.608	338.808	2
48	1	1817.289	262.1553	0
48	2	972.6212	147.473	0
48	3	-1030.899	299.4281	2
48	4	-1033.077	338.8975	2
49	1	1808.981	260.1206	0
49	2	972.1742	147.9796	0
49	3	-1020.872	299.6834	2
49	4	-1025.769	338.7439	2
50	1	1799.215	258.5359	0
50	2	971.6337	148.5597	0
50	3	-1011.474	300.0609	2
50	4	-1019.388	338.2873	2
51	1	1791.285	256.8288	0
51	2	970.8692	149.102	0
51	3	-1002.297	300.3323	2
51	4	-1014.205	337.6087	2
52	1	1783.708	255.5399	0
52	2	970.8906	147.6092	0
52	3	-994.4767	300.4371	2
52	4	-1009.481	337.0453	2
53	1	1775.695	254.6584	0
53	2	970.5751	148.4615	0
53	3	-987.4614	300.3691	2
53	4	-1003.834	336.9905	2
54	1	1767.59	254.0416	0
54	2	969.9177	148.5174	0
54	3	-980.9949	300.0513	2
54	4	-997.5066	337.2838	2
55	1	1759.408	253.5251	0
55	2	969.2111	148.8112	0
55	3	-975.5991	299.4388	2
55	4	-990.7782	337.7878	2
56	1	1750.942	252.8461	0
56	2	968.5829	149.5365	0
56	3	-971.3135	298.6473	2
56	4	-983.918	338.3126	2
57	1	1743.332	251.9501	0
57	2	967.937	150.0637	0
57	3	-967.0625	298.139	2
57	4	-977.4484	338.5092	2
58	1	1736.09	250.7439	0
58	2	967.1483	150.4575	0
58	3	-961.6949	298.1428	2
58	4	-970.8395	338.684	2
59	1	1729.437	248.9547	0
59	2	966.2533	151.0824	0
59	3	-955.1015	298.8522	2
59	4	-964.6946	339.1643	2
60	1	1723.87	246.8304	0
60	2	967.7602	149.3275	0
60	3	-948.0351	299.6367	2
60	4	-958.9196	339.7543	2
61	1	1718.61	245.0602	0
61	2	966.3073	150.1604	0
61	3	-941.1126	300.2734	2
61	4	-952.3895	339.394	2
62	1	1712.947	244.2548	0
62	2	965.9926	150.3923	0
62	3	-934.8759	300.3512	2
62	4	-945.98	338.74	2
63	1	1706.835	243.7645	0
63	2	966.8526	150.654	0
63	3	-928.3534	300.561	2
63	4	-939.122	338.0447	2
64	1	1700.598	243.5203	0
64	2	966.6393	151.0242	0
64	3	-922.6763	301.1099	2
64	4	-930.0743	337.292	2
65	1	1694.756	242.9551	0
65	2	966.6641	151.4695	0
65	3	-917.4419	301.7197	2
65	4	-919.7455	336.3545	2
66	1	1688.747	242.219	0
66	2	966.7492	152.0302	0
66	3	-911.4657	301.7704	2
66	4	-913.2991	335.9331	2
67	1	1682.935	241.7591	0
67	2	966.7034	152.6915	0
67	3	-905.1161	301.1	2
67	4	-906.0261	335.757	2
68	1	1677.154	240.9443	0
68	2	967.1306	151.1418	0
68	3	-897.5909	299.8975	2
68	4	-898.1552	335.7473	2
69	1	1671.254	239.3008	0
69	2	967.1951	152.1382	0
69	3	-887.1676	298.814	2
69	4	-890.0895	335.8668	2
70	1	1665.3	238.3431	0
70	2	967.2845	152.2968	0
70	3	-880.3221	298.7376	2
70	4	-883.2147	335.7762	2
21	1	1662.214	261.8528	2
21	2	1706.451	246.1771	2
21	3	1025.88	155.6813	3
21	4	1028.479	150.7686	3
21	5	-430.2216	223.8986	0
22	1	1656.24	261.5325	2
22	2	1707.057	246.1732	2
22	3	1025.533	156.5717	3
22	4	1027.837	150.905	3
22	5	-413.6227	223.4442	0
23	1	1650.647	261.8923	2
23	2	1709.634	247.1714	2
23	3	1024.938	156.8608	3
23	4	1027.112	151.0856	3
23	5	-404.3215	220.1115	0
24	1	1645.662	262.2094	2
24	2	1708.521	247.1795	2
24	3	1024.094	156.7535	3
24	4	1026.299	151.3295	3
24	5	-396.0481	221.4151	0
25	1	1641.473	262.1746	2
25	2	1706.647	247.1874	2
25	3	1023.249	157.1962	3
25	4	1025.417	151.592	3
25	5	-386.1997	221.9757	0
26	1	1637.561	262.0909	2
26	2	1701.216	248.1528	2
26	3	1022.424	157.7966	3
26	4	1024.485	151.7806	3
26	5	-374.6244	220.8675	0
27	1	1633.719	262.0676	2
27	2	1696.797	248.5616	2
27	3	1021.545	158.1125	3
27	4	1022.58	152.4723	3
27	5	-362.3703	220.1464	0
28	1	1629.937	262.0975	2
28	2	1690.992	249.1113	2
28	3	1020.372	158.5862	3
28	4	1020.403	152.9026	3
28	5	-348.1061	220.2861	0
29	1	1626.733	262.0997	2
29	2	1686.745	249.114	2
29	3	1019.63	158.8678	3
29	4	1018.693	153.1149	3
29	5	-333.409	219.4781	0
19	1	2393.833	306.6289	0
19	2	1151.453	155.9088	0
19	3	-278.3781	207.6439	0
20	1	2390.544	306.5924	0
20	2	1151.954	155.9796	0
20	3	-277.7662	207.7278	0
21	1	2384.424	308.4388	0
21	2	1152.666	156.1924	0
21	3	-277.0708	207.8321	0
22	1	2379.352	308.6541	0
22	2	1153.344	156.3304	0
22	3	-275.1516	208.7578	0
23	1	2373.669	308.7037	0
23	2	1154.084	156.5021	0
23	3	-274.006	209.1276	0
24	1	2367.35	308.4323	0
24	2	1154.869	156.699	0
24	3	-272.8429	209.4903	0
25	1	2360.397	307.7857	0
25	2	1155.702	156.9243	0
25	3	-271.8732	209.8523	0
26	1	2353.481	307.0073	0
26	2	1156.574	157.1785	0
26	3	-270.8682	210.162	0
27	1	2346.45	306.2841	0
27	2	1157.532	157.4186	0
27	3	-269.9744	210.3824	0
28	1	2338.817	306.1027	0
28	2	1158.429	157.6379	0
28	3	-269.3797	210.4357	0
29	1	2330.832	306.194	0
29	2	1159.369	157.8188	0
29	3	-269.1548	210.3244	0
30	1	2322.593	306.5764	0
30	2	1160.335	157.9268	0
30	3	-269.1164	210.2038	0
31	1	2314.078	307.0781	0
31	2	1161.294	157.9196	0
31	3	-268.7942	210.2194	0
32	1	2305.92	307.3062	0
32	2	1162.162	157.8473	0
32	3	-268.272	210.6472	0
33	1	2297.61	307.3069	0
33	2	1163.044	157.8177	0
33	3	-267.5053	211.1847	0
34	1	2287.86	307.4649	0
34	2	1163.871	158.0017	0
34	3	-266.5728	211.9044	0
35	1	2276.588	307.6644	0
35	2	1164.755	158.2672	0
35	3	-265.6223	212.5837	0
36	1	2268.471	307.1447	0
36	2	1165.64	158.6239	0
36	3	-264.8143	212.993	0
37	1	2260.703	306.1096	0
37	2	1166.538	158.956	0
37	3	-263.9954	213.5642	0
19	1	1731.774	224.275	0
19	2	1033.843	153.131	0
19	3	-1212.826	338.7354	0
20	1	1729.2	223.958	0
20	2	1033.843	153.3651	0
20	3	-1204.886	338.0941	0
21	1	1726.078	224.2522	0
21	2	1033.296	153.667	0
21	3	-1192.352	337.5459	0
22	1	1722.607	223.7747	0
22	2	1032.498	154.0018	0
22	3	-1181.722	336.6837	0
23	1	1718.698	223.3026	0
23	2	1031.752	154.3582	0
23	3	-1170.071	335.8063	0
24	1	1714.219	222.8195	0
24	2	1031.45	153.4825	0
24	3	-1157.529	334.9586	0
25	1	1709.575	222.2352	0
25	2	1031.254	154.2563	0
25	3	-1144.209	334.168	0
26	1	1705.122	221.6045	0
26	2	1030.769	154.9439	0
26	3	-1130.411	333.4267	0
27	1	1700.367	221.0742	0
27	2	1029.925	155.0284	0
27	3	-1115.953	332.7296	0
28	1	1695.401	220.6462	0
28	2	1028.856	155.0905	0
28	3	-1100.758	331.9888	0
29	1	1690.235	220.3146	0
29	2	1027.814	155.592	0
29	3	-1085.464	331.1181	0
30	1	1684.988	220.0407	0
30	2	1026.776	156.1857	0
30	3	-1070.736	330.1784	0
31	1	1679.574	219.8017	0
31	2	1026.959	154.9332	0
31	3	-1056.042	328.9758	0
32	1	1673.908	219.4727	0
32	2	1025.943	155.6404	0
32	3	-1041.829	327.3886	0
33	1	1668.538	219.043	0
33	2	1024.958	156.2826	0
33	3	-1028.62	325.5049	0
34	1	1663.279	218.4803	0
34	2	1023.85	156.7603	0
34	3	-1016.692	323.8115	0
35	1	1658.128	217.6472	0
35	2	1023.162	156.8712	0
35	3	-1003.735	322.6677	0
36	1	1653.245	216.4875	0
36	2	1022.724	157.2239	0
36	3	-990.0484	322.0032	0
37	1	1649.032	215.3833	0
37	2	1022.248	157.6566	0
37	3	-975.9604	321.6358	0
38	1	1644.52	214.5738	0
38	2	1022.124	156.4704	0
38	3	-961.7547	321.3029	0
39	1	1639.838	214.2072	0
39	2	1021.956	156.8202	0
39	3	-948.288	320.5327	0
40	1	1635.006	214.0275	0
40	2	1021.755	157.3742	0
40	3	-934.0516	319.8206	0
41	1	1630.13	213.9045	0
41	2	1021.188	157.9808	0
41	3	-920.0745	319.5436	0
42	1	1625.493	213.5184	0
42	2	1020.443	158.515	0
42	3	-906.1761	318.6221	0
43	1	1620.598	213.1266	0
43	2	1019.542	158.9395	0
43	3	-892.3513	316.7829	0
44	1	1615.811	212.9041	0
44	2	1018.426	159.2751	0
44	3	-878.4662	314.7235	0
45	1	1611.04	212.3672	0
45	2	1018.443	158.1113	0
45	3	-863.6583	312.827	0
46	1	1606.216	211.7934	0
46	2	1018.166	158.2264	0
46	3	-849.9385	311.7107	0
19	1	2527.655	310.675	0
19	2	1098.398	142.4038	0
19	3	-1555.933	360.5374	0
20	1	2520.417	309.8565	0
20	2	1098.742	142.4523	0
20	3	-1551.302	360.4052	0
21	1	2509.516	309.3148	0
21	2	1098.396	143.0469	0
21	3	-1540.606	361.8792	0
22	1	2499.65	308.306	0
22	2	1098.805	143.0945	0
22	3	-1533.991	361.9303	0
23	1	2488.78	307.1825	0
23	2	1099.312	143.1213	0
23	3	-1527.529	361.8051	0
24	1	2477.696	305.7858	0
24	2	1099.965	143.1606	0
24	3	-1521.576	361.4737	0
25	1	2465.89	304.459	0
25	2	1100.884	143.2189	0
25	3	-1516.401	361.0454	0
26	1	2453.563	303.2236	0
26	2	1101.922	143.2518	0
26	3	-1511.115	360.6117	0
27	1	2440.72	302.0979	0
27	2	1102.664	143.2662	0
27	3	-1504.833	360.505	0
28	1	2427.658	301.0685	0
28	2	1103.475	143.3564	0
28	3	-1497.741	360.8121	0
29	1	2414.178	300.0737	0
29	2	1104.342	143.5129	0
29	3	-1489.822	361.2643	0
30	1	2400.22	299.0867	0
30	2	1105.249	143.7343	0
30	3	-1481.306	361.9422	0
31	1	2385.846	297.9137	0
31	2	1106.165	143.995	0
31	3	-1472.815	362.4982	0
32	1	2372.016	296.6247	0
32	2	1107.089	144.2943	0
32	3	-1464.795	362.6455	0
33	1	2358.383	295.1263	0
33	2	1108.097	144.5643	0
33	3	-1456.338	363.0606	0
34	1	2344.951	293.2095	0
34	2	1108.984	144.7787	0
34	3	-1449.145	364.0195	0
35	1	2332.105	290.9043	0
35	2	1109.903	144.9113	0
35	3	-1441.401	364.259	0
36	1	2320.636	288.8045	0
36	2	1110.817	144.8973	0
36	3	-1433.044	363.4676	0
37	1	2308.538	287.2231	0
37	2	1111.661	144.7174	0
37	3	-1424.29	362.331	0
38	1	2296.046	286.1171	0
38	2	1112.367	144.5368	0
38	3	-1412.616	361.1654	0
39	1	2283.41	285.3032	0
39	2	1113.093	144.573	0
39	3	-1395.229	359.5197	0
40	1	2270.828	284.5188	0
40	2	1113.82	144.8087	0
40	3	-1385.615	358.611	0
41	1	2258.9	283.3754	0
41	2	1114.555	145.1627	0
41	3	-1375.305	358.2339	0
42	1	2246.264	282.265	0
42	2	1115.305	145.5208	0
42	3	-1363.523	358.1604	0
43	1	2233.545	281.3557	0
43	2	1116.09	145.7117	0
43	3	-1351.226	358.3221	0
44	1	2221.323	279.9261	0
44	2	1116.893	145.9756	0
44	3	-1338.904	358.684	0
45	1	2209.394	277.9263	0
45	2	1117.496	146.3524	0
45	3	-1326.196	358.921	0
46	1	2197.607	275.8817	0
46	2	1118.39	146.441	0
46	3	-1315.532	359.071	0
47	1	2185.97	274.5867	0
47	2	1119.378	146.5658	0
47	3	-1305.804	358.8539	0
19	1	2602.599	362.9563	0
19	2	987.8979	147.4614	0
19	3	-864.4401	285.8336	0
20	1	2596.813	362.6789	0
20	2	987.1013	147.5767	0
20	3	-858.1134	285.3589	0
21	1	2588.301	363.6277	0
21	2	986.0705	147.6351	0
21	3	-846.257	286.4818	0
22	1	2581.157	363.2371	0
22	2	985.097	148.0641	0
22	3	-837.2579	286.1805	0
23	1	2573.578	362.9891	0
23	2	984.1461	148.5931	0
23	3	-827.5559	285.7064	0
24	1	2565.725	362.9308	0
24	2	984.325	147.3029	0
24	3	-817.4108	284.9816	0
25	1	2557.668	363.1012	0
25	2	983.3753	147.9746	0
25	3	-807.1376	283.928	0
26	1	2549.17	363.4884	0
26	2	982.479	148.556	0
26	3	-797.312	282.6714	0
27	1	2540.267	364.0044	0
27	2	981.3981	149.0092	0
27	3	-787.9755	281.4714	0
28	1	2530.439	364.5992	0
28	2	980.713	149.095	0
28	3	-777.7393	280.5629	0
29	1	2519.95	365.1604	0
29	2	980.2551	149.3743	0
29	3	-767.0203	280.2028	0
30	1	2508.556	365.3715	0
30	2	979.874	149.7591	0
30	3	-755.6895	279.9945	0
31	1	2497.075	365.2861	0
31	2	979.7482	148.5511	0
31	3	-743.9312	280.0194	0
32	1	2485.469	364.7097	0
32	2	979.5784	148.8664	0
32	3	-732.4113	279.9171	0
33	1	2473.099	363.2202	0
33	2	979.3779	149.3619	0
33	3	-721.1456	279.3658	0
34	1	2460.546	361.0561	0
34	2	978.8692	149.9091	0
34	3	-708.9926	279.0301	0
35	1	2448.78	359.1996	0
35	2	978.2047	150.3915	0
35	3	-696.9993	279.1355	0
36	1	2436.03	358.5672	0
36	2	977.4031	150.7691	0
36	3	-685.1108	278.3889	0
37	1	2422.912	358.5345	0
37	2	976.3743	151.0521	0
37	3	-673.2647	276.7654	0
38	1	2411.405	358.1108	0
38	2	975.5904	151.3323	0
38	3	-661.2466	275.8765	0
19	1	2994.443	365.2418	0
19	2	1159.48	144.4247	0
19	3	-1165.181	342.8117	0
20	1	2989.829	365.1197	0
20	2	1159.825	144.474	0
20	3	-1156.829	342.0666	0
21	1	2977.331	365.8239	0
21	2	1160.246	144.7056	0
21	3	-1143.896	342.2409	0
22	1	2970.232	365.7906	0
22	2	1160.658	144.7241	0
22	3	-1132.069	341.6795	0
23	1	2962.127	365.811	0
23	2	1161.079	144.8064	0
23	3	-1118.916	340.9532	0
24	1	2952.697	365.8219	0
24	2	1161.518	144.9512	0
24	3	-1105.459	340.1914	0
25	1	2941.615	365.8574	0
25	2	1162.003	145.1281	0
25	3	-1091.696	339.3224	0
26	1	2931.734	365.6254	0
26	2	1162.503	145.3662	0
26	3	-1077.503	338.2408	0
27	1	2922.72	365.0555	0
27	2	1163.028	145.6224	0
27	3	-1063.206	336.8508	0
28	1	2913.761	364.2393	0
28	2	1163.586	145.8193	0
28	3	-1049.2	335.1006	0
29	1	2905.388	363.5074	0
29	2	1164.179	145.981	0
29	3	-1036.52	333.3447	0
30	1	2900.03	363.4044	0
30	2	1164.739	146.2089	0
30	3	-1023.406	331.6693	0
31	1	2897.623	363.7204	0
31	2	1165.173	146.514	0
31	3	-1009.759	330.7486	0
32	1	2889.104	363.0627	0
32	2	1165.818	146.629	0
32	3	-995.1979	330.0023	0
33	1	2880.58	362.8689	0
33	2	1166.601	146.5804	0
33	3	-980.2623	329.5732	0
34	1	2872.243	363.0511	0
34	2	1167.47	146.4745	0
34	3	-965.3184	329.126	0
35	1	2863.874	363.4915	0
35	2	1168.527	146.4429	0
35	3	-951.0007	328.2205	0
36	1	2854.898	364.0223	0
36	2	1170.023	146.4665	0
36	3	-935.7673	327.3927	0
37	1	2845.271	364.5473	0
37	2	1170.977	146.4305	0
37	3	-920.798	327.0139	0
38	1	2835.043	364.7431	0
38	2	1171.865	146.5207	0
38	3	-905.9316	326.0885	0
39	1	2824.87	364.6421	0
39	2	1172.813	146.722	0
39	3	-891.1731	324.1253	0
40	1	2814.667	364.045	0
40	2	1173.778	147.0002	0
40	3	-876.3903	321.8571	0
41	1	2803.78	362.6634	0
41	2	1174.731	147.3255	0
41	3	-860.929	319.7612	0
42	1	2793.384	361.1115	0
42	2	1175.734	147.6512	0
42	3	-843.7595	317.4972	0
43	1	2782.873	360.1409	0
43	2	1176.654	147.8994	0
43	3	-830.1926	315.7432	0
44	1	2771.584	360.0425	0
44	2	1177.572	148.0532	0
44	3	-815.7549	314.4586	0
45	1	2760.203	360.333	0
45	2	1178.477	148.0422	0
45	3	-800.698	313.4943	0
46	1	2748.758	360.7267	0
46	2	1179.289	147.8472	0
46	3	-785.613	312.7562	0
47	1	2738.126	360.6215	0
47	2	1179.962	147.6615	0
47	3	-770.2703	312.151	0
48	1	2726.409	360.5569	0
48	2	1180.628	147.7437	0
48	3	-754.491	311.3276	0
49	1	2712.207	360.5588	0
49	2	1181.319	147.9998	0
49	3	-740.0389	310.4009	0
50	1	2700.801	360.0634	0
50	2	1182.008	148.3783	0
50	3	-726.0847	309.0988	0
51	1	2691.178	358.934	0
51	2	1182.715	148.7131	0
51	3	-712.867	307.2332	0
52	1	2682.526	357.829	0
52	2	1183.471	148.9058	0
52	3	-701.3599	305.181	0
53	1	2678.052	357.7491	0
53	2	1184.158	149.2028	0
53	3	-690.0168	303.4819	0
54	1	2674.256	357.7019	0
54	2	1184.704	149.5546	0
54	3	-678.1063	302.8313	0
55	1	2665.36	357.1611	0
55	2	1185.661	149.5379	0
55	3	-665.5695	302.4633	0
56	1	2656.711	357.2164	0
56	2	1186.723	149.3771	0
56	3	-652.8732	302.3036	0
57	1	2648.167	357.6836	0
57	2	1187.945	149.2786	0
57	3	-640.89	301.7235	0
58	1	2639.176	358.2887	0
58	2	1189.693	149.2897	0
58	3	-628.3605	301.0457	0
59	1	2629.465	358.8815	0
59	2	1190.873	149.2407	0
59	3	-615.8837	300.8346	0
60	1	2619.166	359.0771	0
60	2	1191.9	149.3451	0
60	3	-603.5832	300.0282	0
61	1	2609.124	358.9258	0
61	2	1192.993	149.5875	0
61	3	-591.4658	298.2174	0
62	1	2598.971	358.1507	0
62	2	1194.089	149.9133	0
62	3	-579.3637	296.2023	0
63	1	2588.265	356.5653	0
63	2	1195.166	150.2911	0
63	3	-566.7119	294.3935	0
64	1	2578.361	355.0406	0
64	2	1196.327	150.6335	0
64	3	-553.8356	292.4945	0
65	1	2567.881	354.4234	0
65	2	1197.334	150.8822	0
65	3	-542.7535	291.162	0
66	1	2557.04	354.4364	0
66	2	1198.379	151.0015	0
66	3	-531.0587	290.2362	0
67	1	2546.003	354.8571	0
67	2	1199.379	150.9073	0
67	3	-518.9717	289.5941	0
68	1	2535.325	355.138	0
68	2	1200.208	150.6721	0
68	3	-506.8628	289.1236	0
69	1	2525.02	354.961	0
69	2	1201.021	150.5454	0
69	3	-494.4344	288.6978	0
70	1	2512.979	354.9357	0
70	2	1201.746	150.7649	0
70	3	-475.8192	288.2823	0
71	1	2499.57	354.8398	0
71	2	1202.529	151.1074	0
71	3	-454.4953	286.3471	0
72	1	2490.155	354.0158	0
72	2	1203.316	151.5263	0
72	3	-431.8861	284.055	0
73	1	2481.253	352.7991	0
73	2	1204.136	151.7857	0
73	3	-407.5645	282.6729	0
74	1	2474.097	352.0973	0
74	2	1205	152.0503	0
74	3	-394.706	276.5134	0
75	1	2471.465	352.4221	0
75	2	1205.651	152.4409	0
75	3	-384.1608	277.0219	0
76	1	2463.988	351.7917	0
76	2	1206.508	152.6271	0
76	3	-370.8707	277.962	0
77	1	2455.443	351.5863	0
77	2	1207.641	152.519	0
77	3	-353.2069	276.9372	0
78	1	2447.112	351.886	0
78	2	1208.884	152.363	0
78	3	-332.2906	276.2479	0
79	1	2438.75	352.4457	0
79	2	1210.51	152.3477	0
79	3	-309.7068	274.0676	0
80	1	2429.605	353.0669	0
80	2	1212.287	152.3248	0
80	3	-285.6768	272.0055	0
81	1	2420.167	353.5022	0
81	2	1213.389	152.3513	0
81	3	-274.6431	265.5558	0
82	1	2410.172	353.495	0
82	2	1214.566	152.5502	0
82	3	-264.3375	265.5612	0
83	1	2400.599	353.0847	0
83	2	1215.796	152.871	0
83	3	-252.8503	264.8142	0
84	1	2390.553	351.8673	0
84	2	1217.004	153.2543	0
84	3	-236.7489	264.2688	0
85	1	2380.726	350.2373	0
85	2	1218.235	153.6641	0
85	3	-218.4701	263.3333	0
86	1	2371.51	349.9879	0
86	2	1219.345	153.8209	0
86	3	-200.6075	261.6351	0
20	1	2016.769	274.5583	2
20	2	2102.519	263.7109	2
20	3	1172.313	155.8792	0
20	4	-759.2054	239.5267	0
21	1	2004.771	273.456	2
21	2	2104.828	263.6029	2
21	3	1171.246	156.0759	0
21	4	-758.2239	240.6648	0
22	1	1994.047	272.5145	2
22	2	2106.228	263.7682	2
22	3	1170.462	156.2151	0
22	4	-756.1916	240.9054	0
23	1	1983.71	271.1613	2
23	2	2093.954	263.0007	2
23	3	1169.603	156.3784	0
23	4	-753.9394	241.2111	0
24	1	1974.611	269.098	2
24	2	2091.445	262.6999	2
24	3	1168.708	156.5352	0
24	4	-751.7618	241.6259	0
25	1	1966.495	267.1534	2
25	2	2087.286	262.2063	2
25	3	1167.782	156.6375	0
25	4	-749.6568	242.1271	0
26	1	1959.202	265.604	2
26	2	2080.765	262.2656	2
26	3	1166.762	156.7651	0
26	4	-747.0927	242.2393	0
27	1	1952.468	264.4706	2
27	2	2073.674	261.9872	2
27	3	1165.614	156.928	0
27	4	-744.4977	242.1465	0
28	1	1946.015	263.5136	2
28	2	2065.486	261.6335	2
28	3	1164.308	157.137	0
28	4	-741.7214	241.9086	0
29	1	1940.29	262.5861	2
29	2	2056.785	260.9479	2
29	3	1163.161	157.1969	0
29	4	-738.4006	241.6713	0
30	1	1935.087	261.7391	2
30	2	2046.987	260.329	2
30	3	1162.025	157.1381	0
30	4	-733.4124	241.4131	0
31	1	1929.909	261.0195	2
31	2	2036.777	259.9184	2
31	3	1160.909	157.0255	0
31	4	-728.1738	241.0673	0
32	1	1924.778	260.3842	2
32	2	2026.467	258.6964	2
32	3	1159.922	156.9668	0
32	4	-724.8354	240.9249	0
33	1	1919.654	259.8163	2
33	2	2015.974	256.5856	2
33	3	1159.311	156.9951	0
33	4	-720.9055	240.973	0
34	1	1914.499	259.295	2
34	2	2005.19	254.4241	2
34	3	1158.469	156.9591	0
34	4	-716.4854	241.1772	0
35	1	1909.355	258.8019	2
35	2	1993.183	252.8582	2
35	3	1157.381	156.9766	0
35	4	-711.8785	241.494	0
36	1	1904.063	258.3147	2
36	2	1983.156	251.103	2
36	3	1156.325	157.0959	0
36	4	-707.2153	241.9019	0
37	1	1898.606	257.8439	2
37	2	1973.032	249.9554	2
37	3	1155.276	157.2976	0
37	4	-702.3843	242.2842	0
38	1	1892.893	257.3304	2
38	2	1962.492	249.2971	2
38	3	1154.198	157.5412	0
38	4	-698.1825	242.5723	0
39	1	1887.078	256.7628	2
39	2	1952.021	248.8418	2
39	3	1153.034	157.8105	0
39	4	-694.2018	242.6879	0
40	1	1881.322	256.1545	2
40	2	1941.362	248.3374	2
40	3	1151.81	158.0208	0
40	4	-690.6932	242.5162	0
41	1	1875.46	255.4753	2
41	2	1931.272	247.4927	2
41	3	1149.244	158.316	0
41	4	-688.0221	242.027	0
42	1	1868.398	254.7798	2
42	2	1922.14	246.4132	2
42	3	1145.909	158.0769	0
42	4	-685.8802	241.5639	0
43	1	1860.829	253.5987	2
43	2	1913.568	244.8929	2
43	3	1142.329	157.7055	0
43	4	-683.0725	241.5457	0
44	1	1853.637	251.9933	2
44	2	1905.758	242.9264	2
44	3	1138.449	157.827	0
44	4	-679.7395	241.9243	0
45	1	1846.369	250.4771	2
45	2	1899.282	241.1799	2
45	3	1134.219	158.056	0
45	4	-676.0688	242.5352	0
46	1	1838.52	249.7983	2
46	2	1892.288	239.9283	2
46	3	1129.788	157.9532	0
46	4	-672.3876	243.1181	0
47	1	1830.189	249.5576	2
47	2	1885.065	239.3086	2
47	3	1124.799	158.0096	0
47	4	-668.9703	243.3666	0
48	1	1822.744	248.8691	2
48	2	1877.653	238.9243	2
48	3	1119.637	157.9386	0
48	4	-665.4691	243.8043	0
49	1	1815.511	247.9265	2
49	2	1870.156	238.6522	2
49	3	1116.804	156.2535	0
49	4	-662.5779	244.5256	0
50	1	1808.544	247.1939	2
50	2	1863.086	238.1171	2
50	3	1114.787	156.6077	0
50	4	-659.0378	244.4388	0
51	1	1801.922	246.4445	2
51	2	1855.897	237.421	2
51	3	1112.469	156.6345	0
51	4	-655.4971	243.934	0
52	1	1795.623	245.2256	2
52	2	1848.637	236.9003	2
52	3	1110.667	156.5464	0
52	4	-651.4146	243.4086	0
53	1	1789.545	243.8738	2
53	2	1841.46	236.4233	2
53	3	1108.833	156.679	0
53	4	-645.0291	242.9189	0
54	1	1783.611	242.6247	2
54	2	1834.48	235.2286	2
54	3	1106.961	157.0795	0
54	4	-639.837	242.4515	0
55	1	1777.587	241.6486	2
55	2	1827.569	233.7155	2
55	3	1105.075	157.5441	0
55	4	-635.8505	242.3615	0
56	1	1771.209	240.779	2
56	2	1820.672	232.2778	2
56	3	1103.07	158.0249	0
56	4	-631.2091	242.5223	0
57	1	1765.06	239.8036	2
57	2	1813.376	231.2205	2
57	3	1101.078	158.4141	0
57	4	-626.2045	242.8582	0
58	1	1758.569	238.9601	2
58	2	1805.807	230.1979	2
58	3	1100.537	157.1092	0
58	4	-621.1785	243.3085	0
59	1	1751.578	238.3505	2
59	2	1799.626	229.1319	2
59	3	1099.791	157.6791	0
59	4	-616.029	243.7397	0
60	1	1744.94	237.8161	2
60	2	1793.092	228.3815	2
60	3	1098.867	157.7421	0
60	4	-611.5944	244.0417	0
61	1	1738.526	237.3311	2
61	2	1786.357	227.8636	2
61	3	1097.767	158.373	0
61	4	-607.4401	244.1232	0
62	1	1732.224	236.8156	2
62	2	1779.637	227.497	2
62	3	1096.644	159.071	0
62	4	-603.8918	243.8508	0
63	1	1726.266	236.1815	2
63	2	1772.851	227.1869	2
63	3	1095.424	159.4095	0
63	4	-601.2791	243.2768	0
64	1	1720.782	235.4933	2
64	2	1765.928	226.8538	2
64	3	1093.78	160.0475	0
64	4	-598.85	242.8197	0
65	1	1715.487	234.6867	2
65	2	1759.159	226.342	2
65	3	1094.821	158.6514	0
65	4	-595.7941	243.0165	0
66	1	1709.724	233.7479	2
66	2	1752.886	225.7172	2
66	3	1093.006	159.5674	0
66	4	-592.1837	243.4741	0
67	1	1704.236	232.4163	2
67	2	1746.774	224.8613	2
67	3	1091.987	159.7653	0
67	4	-588.3221	244.1479	0
68	1	1699.601	231.1681	2
68	2	1740.988	223.6469	2
68	3	1092.237	160.0682	0
68	4	-584.6586	244.6133	0
69	1	1694.81	230.4269	2
69	2	1735.813	222.2357	2
69	3	1091.484	160.4105	0
69	4	-581.0097	244.8919	0
70	1	1689.913	229.9229	2
70	2	1731.066	221.0178	2
70	3	1090.663	160.83	0
70	4	-577.661	245.4807	0
71	1	1685.058	229.5789	2
71	2	1726.023	220.3169	2
71	3	1089.89	161.2952	0
71	4	-574.4631	245.9638	0
72	1	1680.226	229.2706	2
72	2	1720.727	219.9034	2
72	3	1089.673	160.3054	0
72	4	-570.7455	245.605	0
73	1	1675.205	228.964	2
73	2	1715.36	219.7079	2
73	3	1089.422	161.2124	0
73	4	-566.9253	245.0211	0
74	1	1669.889	228.4966	2
74	2	1709.948	219.5507	2
74	3	1088.845	161.9894	0
74	4	-561.8573	244.543	0
75	1	1664.725	227.9708	2
75	2	1704.82	219.1541	2
75	3	1087.893	162.0691	0
75	4	-554.8503	243.9785	0
76	1	1659.8	227.4969	2
76	2	1699.558	218.6658	2
76	3	1086.712	162.1664	0
76	4	-551.1982	243.701	0
77	1	1655.028	226.5972	2
77	2	1694.293	218.3173	2
77	3	1085.577	162.7812	0
77	4	-546.798	243.7491	0
78	1	1650.398	225.5387	2
78	2	1689.104	218.0356	2
78	3	1084.447	163.4631	0
78	4	-541.854	244.0173	0
79	1	1645.854	224.5152	2
79	2	1683.967	217.1705	2
79	3	1084.814	162.0583	0
79	4	-536.8069	244.4178	0
80	1	1640.705	223.7401	2
80	2	1678.857	216.022	2
80	3	1083.617	162.8742	0
80	4	-531.7458	244.9133	0
81	1	1634.552	222.9948	2
81	2	1673.726	214.8752	2
81	3	1082.421	163.6395	0
81	4	-526.7417	245.2606	0
82	1	1630.045	222.0469	2
82	2	1668.27	214.0117	2
82	3	1081.223	164.1541	0
82	4	-522.4586	245.4706	0
83	1	1625.387	221.3908	2
83	2	1662.193	213.2605	2
83	3	1080.499	164.2876	0
83	4	-518.4645	245.3777	0
84	1	1620.708	220.9108	2
84	2	1657.488	212.368	2
84	3	1080.154	164.7381	0
84	4	-515.2574	244.895	0
85	1	1616.088	220.5394	2
85	2	1652.561	211.7463	2
85	3	1079.607	165.2344	0
85	4	-512.8546	244.3488	0
86	1	1611.558	220.2109	2
86	2	1647.482	211.3322	2
86	3	1079.582	163.9219	0
86	4	-509.8709	244.1779	0
87	1	1606.517	220.0433	2
87	2	1642.323	211.0637	2
87	3	1079.403	164.3519	0
87	4	-506.3906	244.5646	0
88	1	1601.749	219.4107	2
88	2	1637.541	210.4964	2
88	3	1078.981	164.5469	0
88	4	-502.2743	244.6278	0
21	1	1999.266	338.0058	2
21	2	2078.641	334.2535	2
21	3	1077.396	142.6017	0
21	4	-134.0432	219.7131	3
21	5	-180.3178	205.0621	3
22	1	1993.002	336.7974	2
22	2	2079.902	334.3186	2
22	3	1077.906	142.7669	0
22	4	-130.7554	220.2432	3
22	5	-186.3689	207.5175	3
23	1	1990.316	336.6869	2
23	2	2085.5	336.4944	2
23	3	1078.473	142.9301	0
23	4	-126.4342	221.0114	3
23	5	-192.1066	208.3371	3
24	1	1982.408	335.7428	2
24	2	2083.11	336.3707	2
24	3	1079.021	143.0878	0
24	4	-120.9985	221.9111	3
24	5	-197.0708	208.2137	3
25	1	1975.225	335.4972	2
25	2	2079.244	336.188	2
25	3	1079.613	143.2261	0
25	4	-115.1044	222.1678	3
25	5	-200.2728	207.9942	3
26	1	1968.695	335.5391	2
26	2	2066.625	336.595	2
26	3	1080.235	143.3223	0
26	4	-108.9436	222.8367	3
26	5	-201.7771	207.944	3
27	1	1962.66	335.653	2
27	2	2058.98	336.2078	2
27	3	1080.858	143.3366	0
27	4	-101.9019	222.4148	3
27	5	-202.0774	208.0269	3
28	1	1956.955	335.7533	2
28	2	2051.03	335.9309	2
28	3	1081.454	143.2648	0
28	4	-94.0201	221.9692	3
28	5	-201.2359	208.1661	3
29	1	1951.429	335.8385	2
29	2	2045.616	336.1452	2
29	3	1081.971	143.1821	0
29	4	-85.49553	221.5872	3
29	5	-198.9986	208.2609	3
30	1	1946.058	335.9089	2
30	2	2039.977	336.1202	2
30	3	1082.548	143.17	0
30	4	-78.06821	221.3739	3
30	5	-195.8625	208.2266	3
31	1	1940.916	335.918	2
31	2	2031.455	335.6653	2
31	3	1083.079	143.3331	0
31	4	-69.95634	221.2274	3
31	5	-193.412	208.19	3
32	1	1935.675	335.848	2
32	2	2022.872	335.8023	2
32	3	1083.66	143.5518	0
32	4	-61.31158	221.4521	3
32	5	-190.2101	208.2874	3
33	1	1930.553	335.7582	2
33	2	2014.158	336.5007	2
33	3	1084.247	143.8445	0
33	4	-52.81398	221.7438	3
33	5	-186.2513	208.5631	3
34	1	1925.386	335.6191	2
34	2	2004.818	337.4676	2
34	3	1084.85	144.1008	0
34	4	-44.65968	221.6777	3
34	5	-181.651	209.0535	3
35	1	1919.976	335.3808	2
35	2	1994.56	338.3788	2
35	3	1085.484	144.2527	0
35	4	-37.30943	221.395	3
35	5	-173.3174	209.9959	3
36	1	1914.245	334.9414	2
36	2	1983.617	338.5811	2
36	3	1086.104	144.4792	0
36	4	-29.7605	221.5724	3
36	5	-162.7935	210.2545	3
37	1	1908.165	334.2911	2
37	2	1973.231	338.0724	2
37	3	1086.58	144.7904	0
37	4	-22.01577	221.8372	3
37	5	-151.2539	210.244	3
38	1	1902.063	333.5575	2
38	2	1962.398	336.2532	2
38	3	1087.294	144.8651	0
38	4	-14.64694	221.6844	3
38	5	-146.5167	206.5219	3
39	1	1896.161	333.3766	2
39	2	1952.706	335.9551	2
39	3	1088.088	144.9724	0
39	4	-6.471755	221.6169	3
39	5	-142.1988	206.419	3
23	1	2418.194	315.1472	2
23	2	2602.543	315.3326	2
23	3	1232.532	160.5603	3
23	4	1209.193	157.8929	3
23	5	1221.192	161.105	3
23	6	-898.7281	265.0877	4
23	7	-961.7465	256.5565	4
24	1	2403.278	313.0014	2
24	2	2597.977	314.8424	2
24	3	1234.058	160.8877	3
24	4	1209.05	157.2631	3
24	5	1221.775	161.1859	3
24	6	-896.5673	264.0866	4
24	7	-960.1911	256.5342	4
25	1	2390.466	311.012	2
25	2	2590.665	314.0527	2
25	3	1235.281	161.1533	3
25	4	1208.801	157.2321	3
25	5	1222.613	161.442	3
25	6	-893.5781	263.5173	4
25	7	-957.8824	256.5145	4
26	1	2379.015	309.3441	2
26	2	2578.71	313.2738	2
26	3	1236.282	161.6096	3
26	4	1211.311	157.3422	3
26	5	1223.444	161.6304	3
26	6	-890.2775	263.5878	4
26	7	-953.0838	257.0842	4
27	1	2368.281	308.0025	2
27	2	2566.633	312.2059	2
27	3	1237.499	161.832	3
27	4	1211.549	157.3706	3
27	5	1224.354	161.8566	3
27	6	-886.7623	263.7135	4
27	7	-948.6232	257.4264	4
28	1	2358.32	306.8757	2
28	2	2552.155	311.1024	2
28	3	1239.077	161.6356	3
28	4	1211.969	157.4244	3
28	5	1225.343	162.1218	3
28	6	-883.3263	263.923	4
28	7	-943.1723	257.9755	4
29	1	2348.933	305.8845	2
29	2	2536.575	310.0145	2
29	3	1240.49	161.4351	3
29	4	1212.55	157.5021	3
29	5	1226.431	162.4654	3
29	6	-879.9626	264.1551	4
29	7	-937.0586	258.5161	4
30	1	2340.198	304.9836	2
30	2	2519.613	308.9551	2
30	3	1241.744	161.3227	3
30	4	1213.427	158.2631	3
30	5	1227.667	162.8298	3
30	6	-876.7822	264.3456	4
30	7	-931.0874	259.0295	4
31	1	2331.744	304.1248	2
31	2	2501.183	307.8412	2
31	3	1242.955	161.3097	3
31	4	1214.355	158.5305	3
31	5	1228.853	163.1251	3
31	6	-873.7714	264.444	4
31	7	-925.3267	259.3914	4
32	1	2323.455	303.3078	2
32	2	2482.27	306.4072	2
32	3	1244.225	161.3438	3
32	4	1215.407	158.6781	3
32	5	1230.057	163.3622	3
32	6	-870.9101	264.4446	4
32	7	-920.0178	259.3218	4
33	1	2315.166	302.4829	2
33	2	2463.994	304.6453	2
33	3	1245.405	161.3807	3
33	4	1216.456	158.6614	3
33	5	1231.221	163.4158	3
33	6	-867.9354	264.5421	4
33	7	-916.3381	258.5941	4
34	1	2306.864	301.621	2
34	2	2446.147	302.0574	2
34	3	1246.267	161.4131	3
34	4	1217.52	158.6202	3
34	5	1232.311	163.3762	3
34	6	-865.1137	264.7276	4
34	7	-913.8966	257.7747	4
35	1	2298.705	300.7476	2
35	2	2430.11	298.7514	2
35	3	1247.144	161.4973	3
35	4	1218.517	158.9562	3
35	5	1233.307	163.293	3
35	6	-862.467	265.0423	4
35	7	-910.1429	257.9112	4
36	1	2290.49	299.8458	2
36	2	2415.417	295.9843	2
36	3	1248.035	161.6138	3
36	4	1219.562	159.538	3
36	5	1234.247	163.2792	3
36	6	-859.9652	265.3998	4
36	7	-905.192	258.6446	4
37	1	2282.073	298.8622	2
37	2	2399.905	294.5615	2
37	3	1248.934	161.756	3
37	4	1220.61	160.0785	3
37	5	1235.258	163.3587	3
37	6	-857.1271	265.4435	4
37	7	-899.7813	259.6834	4
38	1	2273.457	297.7504	2
38	2	2383.97	293.6235	2
38	3	1249.84	161.9255	3
38	4	1221.774	160.5167	3
38	5	1236.223	163.6166	3
38	6	-854.321	265.371	4
38	7	-895.0182	260.1306	4
39	1	2264.716	296.4633	2
39	2	2368.478	292.7171	2
39	3	1250.735	162.1056	3
39	4	1222.753	161.0513	3
39	5	1237.249	163.9412	3
39	6	-851.4789	265.2039	4
39	7	-890.1047	260.6671	4
40	1	2255.959	295.0259	2
40	2	2353.928	291.252	2
40	3	1251.643	162.2996	3
40	4	1224.499	160.8794	3
40	5	1238.291	164.3495	3
40	6	-848.3771	264.9948	4
40	7	-886.3312	261.6495	4
41	1	2247.658	293.6571	2
41	2	2338.763	289.9341	2
41	3	1252.563	162.5121	3
41	4	1226.605	160.6858	3
41	5	1239.354	164.7183	3
41	6	-844.595	264.799	4
41	7	-881.4959	261.3558	4
42	1	2237.471	292.1922	2
42	2	2323.906	288.7539	2
42	3	1253.518	162.7336	3
42	4	1229.29	160.6384	3
42	5	1240.483	164.9686	3
42	6	-838.4778	264.6875	4
42	7	-876.7296	260.4703	4
43	1	2226.296	291.047	2
43	2	2310.293	286.7206	2
43	3	1254.525	162.9406	3
43	4	1230.889	160.7266	3
43	5	1241.612	165.3107	3
43	6	-831.3053	264.3144	4
43	7	-871.2855	259.6227	4
44	1	2213.951	290.0388	2
44	2	2297.073	284.328	2
44	3	1255.471	163.1378	3
44	4	1232.636	161.1584	3
44	5	1242.565	165.7519	3
44	6	-826.035	264.1832	4
44	7	-862.8019	258.8651	4
45	1	2200.839	289.3412	2
45	2	2284.194	282.1582	2
45	3	1256.578	163.4584	3
45	4	1234.37	161.7761	3
45	5	1243.837	165.9186	3
45	6	-819.3547	264.3846	4
45	7	-855.3074	258.1271	4
46	1	2188.138	288.3068	2
46	2	2271.384	280.5428	2
46	3	1257.819	163.7245	3
46	4	1236.168	162.3572	3
46	5	1245.281	165.8885	3
46	6	-811.3929	264.9587	4
46	7	-850.4707	257.8677	4
47	1	2174.504	287.1774	2
47	2	2258.952	278.8831	2
47	3	1259.149	163.8472	3
47	4	1237.781	162.652	3
47	5	1246.836	165.8318	3
47	6	-803.0928	265.8418	4
47	7	-844.7622	257.9023	4
48	1	2161.7	285.8865	2
48	2	2247.284	277.3094	2
48	3	1260.466	163.7906	3
48	4	1239.387	162.5179	3
48	5	1248.749	165.8955	3
48	6	-796.0423	266.0951	4
48	7	-838.4183	258.1562	4
49	1	2150.231	283.8501	2
49	2	2235.289	276.0905	2
49	3	1261.689	163.7065	3
49	4	1240.663	162.1469	3
49	5	1250.829	165.9473	3
49	6	-790.6863	266.0901	4
49	7	-832.0103	258.5378	4
50	1	2139.406	281.705	2
50	2	2223.069	275.1334	2
50	3	1262.891	163.9202	3
50	4	1241.858	162.2199	3
50	5	1252.292	166.0419	3
50	6	-785.9439	265.7553	4
50	7	-825.628	259.0291	4
51	1	2129.094	279.8955	2
51	2	2211.003	274.3258	2
51	3	1264.146	164.3486	3
51	4	1243.042	162.5212	3
51	5	1253.846	166.3082	3
51	6	-782.1954	265.1187	4
51	7	-819.0635	259.3826	4
52	1	2119	278.5336	2
52	2	2198.78	273.5657	2
52	3	1265.399	164.9545	3
52	4	1244.18	162.8896	3
52	5	1255.473	166.7045	3
52	6	-779.3654	264.4487	4
52	7	-813.682	259.6414	4
53	1	2109.344	277.1799	2
53	2	2186.292	272.6544	2
53	3	1266.687	165.4021	3
53	4	1245.286	163.2968	3
53	5	1257.097	167.1741	3
53	6	-776.3058	263.9744	4
53	7	-808.5074	259.6513	4
54	1	2100.491	275.8721	2
54	2	2174.586	271.5909	2
54	3	1268.07	165.8364	3
54	4	1246.459	163.5596	3
54	5	1258.785	167.6732	3
54	6	-772.7475	264.061	4
54	7	-804.0525	259.3121	4
55	1	2091.542	274.8003	2
55	2	2163.404	270.357	2
55	3	1269.135	166.4702	3
55	4	1247.62	163.9296	3
55	5	1260.42	168.0718	3
55	6	-768.7469	264.3454	4
55	7	-800.6576	258.6345	4
56	1	2082.62	273.8993	2
56	2	2152.58	268.7751	2
56	3	1270.866	166.5307	3
56	4	1248.582	164.4086	3
56	5	1262.044	168.3372	3
56	6	-764.5382	264.7982	4
56	7	-798.0038	258.0196	4
57	1	2072.794	273.1733	2
57	2	2142.281	266.8115	2
57	3	1272.903	166.3047	3
57	4	1249.963	164.53	3
57	5	1263.682	168.3614	3
57	6	-759.8863	265.6291	4
57	7	-794.5021	257.7897	4
58	1	2062.265	272.5161	2
58	2	2133.357	264.9977	2
58	3	1275.475	166.2685	3
58	4	1251.524	164.4438	3
58	5	1265.155	168.1658	3
58	6	-755.2759	266.2558	4
58	7	-790.4624	258.1582	4
59	1	2050.935	271.8298	2
59	2	2124.035	263.478	2
59	3	1278.053	166.2269	3
59	4	1253.239	164.3709	3
59	5	1266.546	168.0815	3
59	6	-750.4326	266.7925	4
59	7	-785.9384	258.7083	4
60	1	2040.685	270.7282	2
60	2	2114.592	262.6197	2
60	3	1279.884	166.4034	3
60	4	1255.504	164.436	3
60	5	1267.83	168.4238	3
60	6	-746.0981	267.3126	4
60	7	-781.1693	259.4058	4
61	1	2031.367	269.5504	2
61	2	2104.871	261.9192	2
61	3	1281.842	166.8629	3
61	4	1257.411	164.4418	3
61	5	1269.167	168.9426	3
61	6	-741.9654	267.6235	4
61	7	-776.6408	259.8821	4
62	1	2022.556	268.1921	2
62	2	2095.063	261.3979	2
62	3	1283.801	167.4703	3
62	4	1258.977	164.6041	3
62	5	1270.517	169.4962	3
62	6	-737.3521	267.1128	4
62	7	-772.2375	260.0907	4
63	1	2014.263	266.6084	2
63	2	2085.644	260.765	2
63	3	1285.856	168.1115	3
63	4	1260.64	164.9475	3
63	5	1271.948	169.8411	3
63	6	-732.9782	266.446	4
63	7	-767.8702	260.5668	4
64	1	2006.813	265.0474	2
64	2	2076.476	259.832	2
64	3	1287.747	168.5681	3
64	4	1262.327	165.4085	3
64	5	1273.323	170.329	3
64	6	-728.3268	265.8706	4
64	7	-764.1553	261.355	4
65	1	1998.844	264.0844	2
65	2	2067.064	258.7816	2
65	3	1289.587	168.832	3
65	4	1263.903	165.6352	3
65	5	1275.053	170.5839	3
65	6	-723.7327	265.887	4
65	7	-759.2186	261.3723	4
