24	1	1082.295	-583.2325	0
24	2	-506.6455	281.4922	0
24	3	617.4313	-755.395	0
24	4	1088.224	303.7235	0
24	5	57.75783	-30.30975	0
24	6	517.5919	-40.89398	0
24	7	293.5369	-34.54764	0
24	8	-187.2037	-507.6283	0
25	1	1082.36	-583.8387	0
25	2	-504.6772	281.3295	0
25	3	618.8575	-758.3887	0
25	4	1086.394	303.5799	0
25	5	57.76329	-30.19464	0
25	6	517.4952	-40.78561	0
25	7	293.6786	-34.43683	0
25	8	-188.0729	-508.4946	0
26	1	1082.129	-584.217	0
26	2	-502.8019	281.2278	0
26	3	620.3991	-761.6328	0
26	4	1084.27	303.3528	0
26	5	57.70607	-30.07983	0
26	6	517.3915	-40.65872	0
26	7	293.8072	-34.34299	0
26	8	-189.0231	-509.4813	0
27	1	1081.659	-584.3979	0
27	2	-500.9726	281.1304	0
27	3	621.9681	-764.9484	0
27	4	1081.965	303.0664	0
27	5	57.5983	-29.94629	0
27	6	517.2817	-40.52066	0
27	7	293.9266	-34.25287	0
27	8	-190.0515	-510.5721	0
28	1	1081.209	-584.5927	0
28	2	-499.2261	281.0341	0
28	3	623.4592	-768.2117	0
28	4	1080.244	302.9235	0
28	5	57.51482	-29.79034	0
28	6	517.1584	-40.37036	0
28	7	294.0642	-34.13144	0
28	8	-191.066	-511.6382	0
29	1	1081.047	-585.1304	0
29	2	-497.7557	280.9848	0
29	3	624.9524	-771.3771	0
29	4	1078.617	302.7655	0
29	5	57.455	-29.61325	0
29	6	517.0213	-40.21002	0
29	7	294.2039	-33.95804	0
29	8	-192.0239	-512.5891	0
30	1	1081.149	-585.9861	0
30	2	-496.6455	281.0057	0
30	3	626.3336	-774.2839	0
30	4	1077.092	302.6513	0
30	5	57.40932	-29.41901	0
30	6	516.881	-40.05609	0
30	7	294.3589	-33.76373	0
30	8	-193.1256	-513.6953	0
31	1	1081.435	-587.0448	0
31	2	-495.7332	281.0666	0
31	3	627.5103	-776.788	0
31	4	1075.786	302.7397	0
31	5	57.36288	-29.20901	0
31	6	516.7245	-39.91797	0
31	7	294.5206	-33.54214	0
31	8	-194.4389	-514.9675	0
32	1	1081.837	-588.2574	0
32	2	-494.4451	281.0989	0
32	3	628.4919	-778.9634	0
32	4	1075.012	303.2112	0
32	5	57.30816	-28.9834	0
32	6	516.5762	-39.79767	0
32	7	294.6838	-33.32855	0
32	8	-195.7412	-516.1876	0
34	1	1082.247	-590.1961	0
34	2	-490.7663	281.2019	0
34	3	631.1423	-785.2244	0
34	4	1072.021	303.2637	0
34	5	57.11785	-28.55927	0
34	6	516.2529	-39.67285	0
34	7	295.0169	-32.94122	0
34	8	-197.5173	-517.6943	0
34	9	44.83632	-21.80511	0
38	1	1081.833	-593.3091	0
38	2	-482.845	281.3953	0
38	3	637.9591	-801.7616	0
38	4	1064.222	303.5552	0
38	5	56.27478	-28.02133	0
38	6	515.4987	-39.23209	0
38	7	295.7183	-32.28867	0
38	8	-200.14	-520.741	0
38	9	45.68651	-21.53604	0
38	10	1561.297	-824.9227	0
38	11	-732.5269	319.7957	0
38	12	958.9301	218.5793	0
39	1	1081.628	-593.6691	0
39	2	-480.98	281.6536	0
39	3	639.7032	-806.3092	0
39	4	1062.075	303.5736	0
39	5	56.09678	-27.83502	0
39	6	515.2884	-39.05408	0
39	7	295.9991	-32.18204	0
39	8	-201.103	-521.8289	0
39	9	45.98766	-21.43915	0
39	10	1564.077	-826.6271	0
39	11	-731.6338	319.6938	0
39	12	959.0707	218.8376	0
41	1	1083.38	-595.5374	0
41	2	-477.8749	281.441	0
41	3	643.0747	-814.6475	0
41	4	1058.027	303.4017	0
41	5	55.8404	-27.35049	0
41	6	514.8897	-38.76382	0
41	7	296.616	-31.9675	0
41	8	-203.2243	-524.4141	0
41	9	46.61849	-21.23221	0
41	10	1573.482	-832.9214	0
41	11	-726.6485	319.3557	0
41	12	959.4755	219.6314	0
41	13	-314.6907	-512.1602	0
43	1	1083.914	-597.2646	0
43	2	-473.355	280.4079	0
43	3	646.5283	-820.8207	0
43	4	1054.469	302.8168	0
43	5	55.56678	-26.89816	0
43	6	514.3951	-38.46225	0
43	7	297.105	-31.59976	0
43	8	-205.6428	-527.2336	0
43	9	47.25171	-21.0491	0
43	10	1580.968	-837.5038	0
43	11	-723.3187	319.1562	0
43	12	958.3002	220.5467	0
43	13	-315.5048	-512.8221	0
43	14	276.7351	-46.90771	0
45	1	1085.631	-600.1795	0
45	2	-469.3187	279.7782	0
45	3	651.2623	-827.6707	0
45	4	1050.34	302.3307	0
45	5	55.17859	-26.3707	0
45	6	514.1213	-38.33243	0
45	7	297.6289	-31.13089	0
45	8	-207.9435	-529.5311	0
45	9	47.76142	-20.96164	0
45	10	1590.942	-844.0702	0
45	11	-721.0998	319.1794	0
45	12	959.0358	221.8726	0
45	13	-316.9265	-514.1671	0
45	14	276.9217	-46.836	0
45	15	533.8001	-31.33731	0
47	1	1087.19	-603.2099	0
47	2	-464.4113	279.2865	0
47	3	655.5943	-836.2959	0
47	4	1045.428	302.0204	0
47	5	54.77601	-26.08362	0
47	6	514.1182	-38.10025	0
47	7	298.1296	-30.67014	0
47	8	-210.0137	-530.9355	0
47	9	48.20578	-20.87201	0
47	10	1603.008	-852.214	0
47	11	-718.9501	319.2719	0
47	12	960.7275	223.6954	0
47	13	-318.4795	-515.6139	0
47	14	277.1413	-46.5528	0
47	15	533.6143	-31.27582	0
47	16	603.2076	-759.2344	0
48	1	1087.524	-604.3311	0
48	2	-461.7519	279.0668	0
48	3	658.2382	-841.6202	0
48	4	1043.232	301.8689	0
48	5	54.61573	-25.95984	0
48	6	513.9797	-38.00778	0
48	7	298.3565	-30.48959	0
48	8	-211.1292	-531.8283	0
48	9	48.50757	-20.7319	0
48	10	1609.045	-856.2051	0
48	11	-717.1279	319.326	0
48	12	961.4752	224.5749	0
48	13	-319.385	-516.4871	0
48	14	277.3054	-46.44525	0
48	15	533.4725	-31.23178	0
48	16	603.5384	-759.9424	0
49	1	1087.477	-605.0629	0
49	2	-459.0323	278.8536	0
49	3	661.0483	-847.5007	0
49	4	1040.877	301.685	0
49	5	54.65803	-25.82889	0
49	6	513.8411	-37.86703	0
49	7	298.5571	-30.36276	0
49	8	-212.4859	-533.1565	0
49	9	48.85254	-20.56668	0
49	10	1615.05	-860.0784	0
49	11	-714.9747	319.3388	0
49	12	962.0735	225.4633	0
49	13	-320.3822	-517.4536	0
49	14	277.4741	-46.31937	0
49	15	533.2637	-31.04727	0
49	16	603.9946	-760.9579	0
50	1	1086.73	-605.1769	0
50	2	-456.6696	278.7383	0
50	3	664.0189	-853.6609	0
50	4	1038.022	301.3297	0
50	5	54.59235	-25.70129	0
50	6	513.7024	-37.69144	0
50	7	298.7112	-30.28314	0
50	8	-213.9306	-534.677	0
50	9	49.22826	-20.37039	0
50	10	1621.664	-864.5128	0
50	11	-712.491	319.3503	0
50	12	962.6666	226.4199	0
50	13	-321.5052	-518.5337	0
50	14	277.6464	-46.16858	0
50	15	533.0551	-30.94696	0
50	16	604.5656	-762.2524	0
51	1	1085.751	-605.0358	0
51	2	-454.5676	278.6185	0
51	3	666.6202	-859.3098	0
51	4	1035.66	301.0735	0
51	5	54.45729	-25.52789	0
51	6	513.5519	-37.50076	0
51	7	298.8664	-30.18549	0
51	8	-215.4038	-536.2505	0
51	9	49.58597	-20.19861	0
51	10	1628.542	-869.3984	0
51	11	-710.0408	319.355	0
51	12	963.2403	227.4414	0
51	13	-322.7053	-519.6796	0
51	14	277.8423	-46.05127	0
51	15	532.8231	-30.84421	0
51	16	605.2395	-763.7988	0
52	1	1085.297	-605.4483	0
52	2	-452.9254	278.5538	0
52	3	669.0066	-864.21	0
52	4	1033.939	300.9295	0
52	5	54.37727	-25.31744	0
52	6	513.3783	-37.29919	0
52	7	299.0271	-29.98441	0
52	8	-216.6989	-537.541	0
52	9	49.92304	-20.06653	0
52	10	1634.89	-873.4174	0
52	11	-708.0162	319.3438	0
52	12	963.7731	228.4907	0
52	13	-323.9756	-520.8202	0
52	14	278.0602	-45.96786	0
52	15	532.5643	-30.74585	0
52	16	606.7104	-767.6802	0
53	1	1085.419	-606.5262	0
53	2	-451.8906	278.5993	0
53	3	670.8352	-867.8944	0
53	4	1032.398	300.851	0
53	5	54.33017	-25.08163	0
53	6	513.2008	-37.11511	0
53	7	299.2106	-29.74384	0
53	8	-218.1804	-539.0148	0
53	9	50.27624	-19.87991	0
53	10	1640.722	-876.7452	0
53	11	-705.7314	319.3679	0
53	12	964.258	229.5793	0
53	13	-325.2589	-521.9117	0
53	14	278.2922	-45.90259	0
53	15	532.2986	-30.65186	0
53	16	607.5369	-769.6606	0
54	1	1085.861	-607.9442	0
54	2	-450.9785	278.6702	0
54	3	672.2043	-870.7517	0
54	4	1031.308	301.175	0
54	5	54.27963	-24.82748	0
54	6	513.0131	-36.96307	0
54	7	299.3999	-29.47467	0
54	8	-220.0044	-540.7542	0
54	9	50.60062	-19.63864	0
54	10	1646.581	-879.9279	0
54	11	-703.5526	319.6293	0
54	12	964.7663	230.7206	0
54	13	-326.4988	-522.9028	0
54	14	278.544	-45.84207	0
54	15	532.0176	-30.57315	0
54	16	608.3374	-771.6108	0
56	1	1086.485	-610.4216	0
56	2	-447.4188	278.8093	0
56	3	676.731	-881.5895	0
56	4	1028.81	301.6246	0
56	5	54.09949	-24.32141	0
56	6	512.6431	-36.79742	0
56	7	299.7793	-29.02975	0
56	8	-222.3538	-542.799	0
56	9	51.25009	-19.55768	0
56	10	1662.434	-888.2458	0
56	11	-700.0025	319.7239	0
56	12	965.8265	232.9234	0
56	13	-328.8821	-524.3186	0
56	14	279.2279	-45.72961	0
56	15	531.4111	-30.51492	0
56	16	609.9826	-775.6443	0
56	17	36.3914	-27.28458	0
60	1	1086.03	-613.9699	0
60	2	-439.1632	279.0664	0
60	3	687.3311	-908.3553	0
60	4	1020.733	301.9927	0
60	5	53.20093	-23.71204	0
60	6	511.793	-36.38617	0
60	7	300.5687	-28.30356	0
60	8	-225.443	-546.3239	0
60	9	53.04588	-19.54553	0
60	10	1694.133	-907.4017	0
60	11	-690.3892	317.4637	0
60	12	968.6122	236.791	0
60	13	-334.6392	-528.4982	0
60	14	280.4191	-45.31006	0
60	15	530.0839	-30.23569	0
60	16	614.6283	-787.6904	0
60	17	37.10904	-27.01932	0
60	18	-790.5505	335.73	0
60	19	874.1072	153.524	0
61	1	1085.888	-614.4047	0
61	2	-437.2734	279.3116	0
61	3	689.8031	-913.121	0
61	4	1018.512	302.0039	0
61	5	52.99962	-23.5249	0
61	6	511.5556	-36.19855	0
61	7	300.9001	-28.19162	0
61	8	-226.6011	-547.6391	0
61	9	53.50762	-19.43057	0
61	10	1703.911	-913.6412	0
61	11	-688.075	317.2087	0
61	12	968.8723	237.7715	0
61	13	-336.4354	-530.0542	0
61	14	280.744	-45.15152	0
61	15	529.7064	-30.08551	0
61	16	615.9658	-791.1534	0
61	17	37.3353	-26.94568	0
61	18	-788.5646	335.1749	0
61	19	873.4197	153.3775	0
67	1	1090.728	-622.3233	0
67	2	-425.3683	277.3195	0
67	3	709.2969	-947.1791	0
67	4	1006.612	300.8436	0
67	5	52.03345	-21.97058	0
67	6	510.2418	-35.46771	0
67	7	302.6437	-27.02676	0
67	8	-234.6755	-556.5255	0
67	9	56.29672	-18.61279	0
67	10	1751.109	-941.9878	0
67	11	-669.1493	315.3437	0
67	12	970.0684	244.166	0
67	13	-346.0132	-537.2661	0
67	14	282.5796	-44.46417	0
67	15	527.4347	-29.49564	0
67	16	624.0627	-811.885	0
67	17	38.64325	-26.5972	0
67	18	-771.3385	331.3806	0
67	19	864.6923	151.4328	0
67	20	1087.398	-589.9996	0
67	21	558.666	-34.57394	0
67	22	381.9156	-568.8723	0
67	23	-390.0498	-540.748	0
67	24	299.6856	-38.85486	0
68	1	1091.705	-624.1398	0
68	2	-422.9157	277.0656	0
68	3	713.3559	-955.6655	0
68	4	1004.12	300.7199	0
68	5	51.8372	-21.79587	0
68	6	510.185	-35.35611	0
68	7	302.9193	-26.77762	0
68	8	-235.8919	-557.3446	0
68	9	56.50076	-18.6246	0
68	10	1758.815	-946.9342	0
68	11	-667.4706	315.264	0
68	12	970.9216	245.2918	0
68	13	-346.6568	-537.9351	0
68	14	282.8297	-44.41232	0
68	15	527.1442	-29.46201	0
68	16	625.4407	-814.7565	0
68	17	38.91555	-26.48654	0
68	18	-767.4996	330.1085	0
68	19	863.2515	151.0143	0
68	20	1088.463	-591.0302	0
68	21	558.5283	-34.49164	0
68	22	381.8192	-570.6302	0
68	23	-390.5494	-541.1979	0
68	24	299.5855	-38.82294	0
69	1	1092.15	-625.5306	0
69	2	-420.3333	276.8189	0
69	3	717.1478	-963.7288	0
69	4	1001.785	300.6049	0
69	5	51.61093	-21.66394	0
69	6	510.1899	-35.23032	0
69	7	303.1618	-26.56061	0
69	8	-237.0478	-558.1271	0
69	9	56.72546	-18.6066	0
69	10	1767.975	-952.9827	0
69	11	-666.8301	315.3663	0
69	12	971.9792	246.4377	0
69	13	-346.6784	-538.5029	0
69	14	283.0842	-44.26721	0
69	15	526.9857	-29.35403	0
69	16	627.1005	-817.8644	0
69	17	39.21322	-26.35565	0
69	18	-763.4902	328.7209	0
69	19	861.8508	150.6819	0
69	20	1089.63	-592.1433	0
69	21	558.3882	-34.41772	0
69	22	381.9531	-571.8783	0
69	23	-391.1473	-541.7296	0
69	24	299.446	-38.77756	0
70	1	1092.245	-626.5057	0
70	2	-417.6812	276.6235	0
70	3	720.535	-970.7562	0
70	4	999.6014	300.4722	0
70	5	51.44763	-21.5293	0
70	6	510.0269	-35.13736	0
70	7	303.3958	-26.39032	0
70	8	-238.5059	-559.4539	0
70	9	57.05408	-18.44711	0
70	10	1778.128	-959.8459	0
70	11	-666.3138	315.4942	0
70	12	973.1727	247.6719	0
70	13	-347.7166	-539.2899	0
70	14	283.3612	-44.08987	0
70	15	526.8098	-29.26508	0
70	16	629.2682	-821.1765	0
70	17	39.53078	-26.20917	0
70	18	-760.088	327.6903	0
70	19	860.6143	150.5391	0
70	20	1090.748	-593.2681	0
70	21	558.2563	-34.35004	0
70	22	382.1035	-573.1464	0
70	23	-394.2322	-544.082	0
70	24	299.2722	-38.72031	0
71	1	1091.494	-626.7068	0
71	2	-415.0648	276.4168	0
71	3	723.2675	-976.2672	0
71	4	996.9453	300.2108	0
71	5	51.49735	-21.38925	0
71	6	509.8639	-34.99667	0
71	7	303.5932	-26.27948	0
71	8	-240.1065	-561.0721	0
71	9	57.45251	-18.23984	0
71	10	1787.76	-966.2361	0
71	11	-664.6503	315.6042	0
71	12	974.9052	249.1606	0
71	13	-348.9134	-540.4407	0
71	14	283.6451	-43.8858	0
71	15	526.5039	-29.1871	0
71	16	630.9404	-824.297	0
71	17	39.83865	-26.08051	0
71	18	-756.2568	326.5847	0
71	19	859.3237	150.3185	0
71	20	1091.867	-594.3954	0
71	21	558.1359	-34.27707	0
71	22	382.258	-574.3827	0
71	23	-395.0884	-544.7455	0
71	24	298.9571	-38.6178	0
72	1	1090.321	-626.4705	0
72	2	-412.8764	276.3254	0
72	3	725.1648	-980.2109	0
72	4	994.2504	299.8945	0
72	5	51.4138	-21.25052	0
72	6	509.7011	-34.82166	0
72	7	303.7457	-26.19608	0
72	8	-241.8323	-562.9121	0
72	9	57.87527	-18.00809	0
72	10	1797.019	-972.1812	0
72	11	-662.2588	315.6505	0
72	12	976.0771	250.3864	0
72	13	-350.21	-541.8505	0
72	14	283.9223	-43.71866	0
72	15	526.197	-29.05707	0
72	16	632.5774	-827.8376	0
72	17	40.13437	-25.97498	0
72	18	-752.0895	325.4203	0
72	19	857.7935	149.9475	0
72	20	1092.958	-595.4899	0
72	21	558.0677	-34.18033	0
72	22	382.4263	-575.8478	0
72	23	-395.885	-545.3756	0
72	24	298.7118	-38.52597	0
73	1	1089.759	-626.8781	0
73	2	-410.9553	276.2202	0
73	3	727.6592	-985.7587	0
73	4	992.5242	299.8039	0
73	5	51.27476	-21.06223	0
73	6	509.5279	-34.63208	0
73	7	303.9198	-26.03952	0
73	8	-243.4463	-564.5955	0
73	9	58.24238	-17.8508	0
73	10	1807.126	-979.0243	0
73	11	-659.4109	315.6829	0
73	12	976.8819	251.5747	0
73	13	-351.6295	-543.4246	0
73	14	284.2118	-43.56458	0
73	15	525.8849	-28.89017	0
73	16	634.4222	-831.8094	0
73	17	40.44479	-25.83713	0
73	18	-747.6872	324.2281	0
73	19	856.1655	149.6371	0
73	20	1093.901	-596.4571	0
73	21	558.0778	-34.06116	0
73	22	382.5327	-577.4933	0
73	23	-396.595	-546.0146	0
73	24	298.4467	-38.41812	0
74	1	1089.908	-628.1174	0
74	2	-409.5945	276.2081	0
74	3	730.9492	-993.5814	0
74	4	991.0037	299.7581	0
74	5	51.19343	-20.83575	0
74	6	509.3311	-34.43179	0
74	7	304.1057	-25.80469	0
74	8	-244.9848	-566.1191	0
74	9	58.63765	-17.66116	0
74	10	1817.193	-985.9244	0
74	11	-656.8353	315.7005	0
74	12	977.6317	252.8366	0
74	13	-353.2381	-545.158	0
74	14	284.4819	-43.36285	0
74	15	525.5524	-28.70718	0
74	16	636.4418	-836.1788	0
74	17	40.73816	-25.65906	0
74	18	-743.1326	323.0308	0
74	19	854.4527	149.3809	0
74	20	1094.594	-597.2121	0
74	21	558.0101	-33.97028	0
74	22	382.5802	-579.3361	0
74	23	-396.9845	-546.6108	0
74	24	298.1677	-38.28726	0
75	1	1090.44	-629.7772	0
75	2	-408.7177	276.2923	0
75	3	734.6934	-1002.604	0
75	4	989.8647	300.0789	0
75	5	51.14503	-20.58374	0
75	6	509.1322	-34.24579	0
75	7	304.3029	-25.52957	0
75	8	-246.8698	-567.9582	0
75	9	58.9923	-17.39001	0
75	10	1825.825	-990.8879	0
75	11	-654.6263	315.7032	0
75	12	978.3159	254.1356	0
75	13	-354.8637	-546.7808	0
75	14	284.7526	-43.17917	0
75	15	525.1941	-28.51785	0
75	16	638.5254	-840.7616	0
75	17	41.0363	-25.56799	0
75	18	-738.4172	321.8205	0
75	19	852.6861	149.1519	0
75	20	1095.078	-597.7994	0
75	21	557.895	-33.86728	0
75	22	382.7582	-580.7009	0
75	23	-397.055	-547.1189	0
75	24	297.8709	-38.14166	0
76	1	1090.936	-631.3681	0
76	2	-407.4677	276.3405	0
76	3	738.1686	-1010.746	0
76	4	989.1638	300.7139	0
76	5	51.09084	-20.31091	0
76	6	508.9182	-34.09177	0
76	7	304.5019	-25.26013	0
76	8	-248.8516	-569.822	0
76	9	59.35695	-17.29706	0
76	10	1834.049	-995.313	0
76	11	-652.2804	315.9042	0
76	12	978.9185	255.4548	0
76	13	-356.3703	-548.1631	0
76	14	285.0688	-43.11276	0
76	15	524.8199	-28.36136	0
76	16	640.6749	-845.6295	0
76	17	41.32254	-25.53122	0
76	18	-733.7526	320.582	0
76	19	850.8005	148.9101	0
76	20	1095.647	-598.4586	0
76	21	557.7795	-33.73706	0
76	22	382.9418	-581.8575	0
76	23	-397.7232	-547.7383	0
76	24	297.5685	-38.00262	0
77	1	1091.082	-632.533	0
77	2	-405.6506	276.4245	0
77	3	741.7709	-1019.164	0
77	4	987.4968	300.6955	0
77	5	51.02173	-20.03195	0
77	6	508.7166	-33.97174	0
77	7	304.7012	-25.04446	0
77	8	-250.1204	-570.9341	0
77	9	59.70114	-17.30466	0
77	10	1843.722	-1000.532	0
77	11	-650.1448	316.2481	0
77	12	979.5383	256.8202	0
77	13	-357.6972	-549.172	0
77	14	285.3976	-43.07666	0
77	15	524.4625	-28.24036	0
77	16	642.894	-850.553	0
77	17	41.62104	-25.5116	0
77	18	-729.481	319.4482	0
77	19	848.8183	148.6422	0
77	20	1096.56	-599.5286	0
77	21	557.6608	-33.5806	0
77	22	383.1699	-582.9165	0
77	23	-398.495	-548.5248	0
77	24	297.2536	-37.88535	0
78	1	1091.2	-633.9483	0
78	2	-403.5321	276.4802	0
78	3	745.4407	-1029.098	0
78	4	985.676	300.796	0
78	5	50.88864	-19.77463	0
78	6	508.504	-33.90903	0
78	7	304.8946	-24.78317	0
78	8	-251.2471	-571.8574	0
78	9	60.11069	-17.32495	0
78	10	1856.134	-1006.957	0
78	11	-648.4444	316.1078	0
78	12	980.1534	258.1354	0
78	13	-358.8893	-549.7513	0
78	14	285.7711	-43.02893	0
78	15	524.1056	-28.17896	0
78	16	644.8816	-855.2037	0
78	17	42.01467	-25.49237	0
78	18	-725.4708	318.3041	0
78	19	846.8316	148.2945	0
78	20	1097.719	-600.8551	0
78	21	557.5356	-33.40964	0
78	22	383.5583	-584.0881	0
78	23	-399.3085	-549.4337	0
78	24	296.9047	-37.74228	0
79	1	1091.097	-635.2916	0
79	2	-401.3267	276.529	0
79	3	748.8882	-1036.476	0
79	4	983.7434	300.9743	0
79	5	50.73218	-19.55206	0
79	6	508.289	-33.88611	0
79	7	305.0421	-24.48035	0
79	8	-252.1662	-572.8551	0
79	9	60.76532	-17.3786	0
79	10	1864.991	-1011.962	0
79	11	-647.0074	315.8974	0
79	12	980.8491	259.4037	0
79	13	-360.0085	-550.3036	0
79	14	286.2469	-42.99219	0
79	15	523.7407	-28.19226	0
79	16	646.8112	-859.5609	0
79	17	42.52404	-25.49893	0
79	18	-721.9982	317.2217	0
79	19	844.9493	147.9131	0
79	20	1099.082	-602.4065	0
79	21	557.3911	-33.22592	0
79	22	384.3519	-585.3628	0
79	23	-400.1934	-550.4808	0
79	24	296.519	-37.58163	0
81	1	1090.345	-636.1184	0
81	2	-397.4388	276.6054	0
81	3	756.0381	-1048.708	0
81	4	979.4319	301.2713	0
81	5	50.18027	-19.25333	0
81	6	507.831	-33.69995	0
81	7	305.5193	-24.20447	0
81	8	-253.7286	-574.8855	0
81	9	61.63111	-17.30264	0
81	10	1887.978	-1025.994	0
81	11	-640.6008	313.9981	0
81	12	982.6195	261.7931	0
81	13	-363.6041	-553.3985	0
81	14	286.8813	-42.81604	0
81	15	523.0269	-28.13181	0
81	16	650.0254	-866.8259	0
81	17	43.18629	-25.37347	0
81	18	-716.1896	315.357	0
81	19	841.4031	146.8031	0
81	20	1101.792	-605.4601	0
81	21	557.0699	-32.87323	0
81	22	385.2313	-587.948	0
81	23	-402.1978	-552.8474	0
81	24	295.7366	-37.33771	0
81	25	32.27843	-33.08572	0
82	1	1090.901	-637.0396	0
82	2	-395.4917	276.892	0
82	3	761.1266	-1055.564	0
82	4	977.1937	301.2791	0
82	5	49.89739	-19.12595	0
82	6	507.5818	-33.53406	0
82	7	305.8085	-24.09085	0
82	8	-255.0508	-576.2997	0
82	9	62.14073	-17.1716	0
82	10	1901.091	-1034.221	0
82	11	-638.7704	313.7148	0
82	12	983.4278	262.7989	0
82	13	-365.678	-555.3633	0
82	14	287.2301	-42.67145	0
82	15	522.6306	-27.99353	0
82	16	651.3063	-869.8425	0
82	17	43.59834	-25.26328	0
82	18	-712.4913	314.4605	0
82	19	839.8803	146.1764	0
82	20	1103.058	-606.8776	0
82	21	556.9099	-32.73032	0
82	22	385.6647	-589.6589	0
82	23	-403.3533	-554.1681	0
82	24	295.3475	-37.28046	0
82	25	32.27988	-33.04776	0
83	1	1092.426	-638.4553	0
83	2	-393.7317	276.8946	0
83	3	764.6082	-1062.359	0
83	4	975.1604	301.2584	0
83	5	49.6964	-18.90207	0
83	6	507.3229	-33.34518	0
83	7	306.245	-23.97491	0
83	8	-256.4539	-577.9504	0
83	9	62.68164	-17.00983	0
83	10	1914.988	-1043.077	0
83	11	-636.2868	313.4301	0
83	12	984.0817	263.8937	0
83	13	-367.4313	-556.9124	0
83	14	287.5817	-42.50854	0
83	15	522.2184	-27.81458	0
83	16	652.8977	-873.6914	0
83	17	44.02921	-25.13358	0
83	18	-708.3741	313.5012	0
83	19	838.1914	145.6426	0
83	20	1104.317	-608.4656	0
83	21	556.7529	-32.62518	0
83	22	386.1713	-591.6412	0
83	23	-404.4845	-555.4246	0
83	24	294.977	-37.21472	0
83	25	32.28732	-32.99554	0
