17	1	410.0472	356.4818	0
18	1	410.0472	356.4818	0
18	2	423.7881	97.26276	0
19	1	410.0472	356.4818	0
19	2	423.7881	97.26276	0
19	3	384.8755	355.9711	0
20	1	410.0472	356.4818	0
20	2	423.7881	97.26276	0
20	3	384.8755	355.9711	0
20	4	340.3036	266.4522	0
21	1	410.0472	356.4818	0
21	2	423.7881	97.26276	0
21	3	384.8755	355.9711	0
21	4	340.3036	266.4522	0
21	5	535.427	499.9143	0
22	1	410.0472	356.4818	0
22	2	423.7881	97.26276	0
22	3	384.8755	355.9711	0
22	4	340.3036	266.4522	0
22	5	535.427	499.9143	0
22	6	496.8406	262.0327	0
23	1	410.0472	356.4818	0
23	2	423.7881	97.26276	0
23	3	384.8755	355.9711	0
23	4	340.3036	266.4522	0
23	5	535.427	499.9143	0
23	6	496.8406	262.0327	0
23	7	477.0128	364.0385	0
24	1	410.0472	356.4818	0
24	2	423.7881	97.26276	0
24	3	384.8755	355.9711	0
24	4	340.3036	266.4522	0
24	5	535.427	499.9143	0
24	6	496.8406	262.0327	0
24	7	477.0128	364.0385	0
24	8	543.4189	368.9762	0
25	1	410.0472	356.4818	0
25	2	423.7881	97.26276	0
25	3	384.8755	355.9711	0
25	4	340.3036	266.4522	0
25	5	535.427	499.9143	0
25	6	496.8406	262.0327	0
25	7	477.0128	364.0385	0
25	8	543.4189	368.9762	0
25	9	417.5141	69.84924	0
26	1	410.0472	356.4818	0
26	2	423.7881	97.26276	0
26	3	384.8755	355.9711	0
26	4	340.3036	266.4522	0
26	5	535.427	499.9143	0
26	6	496.8406	262.0327	0
26	7	477.0128	364.0385	0
26	8	543.4189	368.9762	0
26	9	417.5141	69.84924	0
27	1	410.0472	356.4818	0
27	2	423.7881	97.26276	0
27	3	384.8755	355.9711	0
27	4	340.3036	266.4522	0
27	5	535.427	499.9143	0
27	6	496.8406	262.0327	0
27	7	477.0128	364.0385	0
27	8	543.4189	368.9762	0
27	9	417.5141	69.84924	0
27	10	501.6782	455.9698	0
28	1	410.0472	356.4818	0
28	2	423.7881	97.26276	0
28	3	384.8755	355.9711	0
28	4	340.3036	266.4522	0
28	5	535.427	499.9143	0
28	6	496.8406	262.0327	0
28	7	477.0128	364.0385	0
28	8	543.4189	368.9762	0
28	9	417.5141	69.84924	0
28	10	501.6782	455.9698	0
28	11	281.8383	-27.01837	0
29	1	410.0472	356.4818	0
29	2	423.7881	97.26276	0
29	3	384.8755	355.9711	0
29	4	340.3036	266.4522	0
29	5	535.427	499.9143	0
29	6	496.8406	262.0327	0
29	7	477.0128	364.0385	0
29	8	543.4189	368.9762	0
29	9	417.5141	69.84924	0
29	10	501.6782	455.9698	0
29	11	281.8383	-27.01837	0
29	12	286.9878	57.94269	0
30	1	410.0472	356.4818	0
30	2	423.7881	97.26276	0
30	3	384.8755	355.9711	0
30	4	340.3036	266.4522	0
30	5	535.427	499.9143	0
30	6	496.8406	262.0327	0
30	7	477.0128	364.0385	0
30	8	543.4189	368.9762	0
30	9	417.5141	69.84924	0
30	10	501.6782	455.9698	0
30	11	281.8383	-27.01837	0
30	12	286.9878	57.94269	0
30	13	339.3148	314.965	0
31	1	410.0472	356.4818	0
31	2	423.7881	97.26276	0
31	3	384.8755	355.9711	0
31	4	340.3036	266.4522	0
31	5	535.427	499.9143	0
31	6	496.8406	262.0327	0
31	7	477.0128	364.0385	0
31	8	543.4189	368.9762	0
31	9	417.5141	69.84924	0
31	10	501.6782	455.9698	0
31	11	281.8383	-27.01837	0
31	12	286.9878	57.94269	0
31	13	339.3148	314.965	0
31	14	403.9259	126.6093	0
32	1	410.0472	356.4818	0
32	2	423.7881	97.26276	0
32	3	384.8755	355.9711	0
32	4	340.3036	266.4522	0
32	5	535.427	499.9143	0
32	6	496.8406	262.0327	0
32	7	477.0128	364.0385	0
32	8	543.4189	368.9762	0
32	9	417.5141	69.84924	0
32	10	501.6782	455.9698	0
32	11	281.8383	-27.01837	0
32	12	286.9878	57.94269	0
32	13	339.3148	314.965	0
32	14	403.9259	126.6093	0
32	15	352.3105	67.24969	0
33	1	410.0472	356.4818	0
33	2	423.7881	97.26276	0
33	3	384.8755	355.9711	0
33	4	340.3036	266.4522	0
33	5	535.427	499.9143	0
33	6	496.8406	262.0327	0
33	7	477.0128	364.0385	0
33	8	543.4189	368.9762	0
33	9	417.5141	69.84924	0
33	10	501.6782	455.9698	0
33	11	281.8383	-27.01837	0
33	12	286.9878	57.94269	0
33	13	339.3148	314.965	0
33	14	403.9259	126.6093	0
33	15	352.3105	67.24969	0
33	16	432.6126	257.4828	0
34	1	410.0472	356.4818	0
34	2	423.7881	97.26276	0
34	3	384.8755	355.9711	0
34	4	340.3036	266.4522	0
34	5	535.427	499.9143	0
34	6	496.8406	262.0327	0
34	7	477.0128	364.0385	0
34	8	543.4189	368.9762	0
34	9	417.5141	69.84924	0
34	10	501.6782	455.9698	0
34	11	281.8383	-27.01837	0
34	12	286.9878	57.94269	0
34	13	339.3148	314.965	0
34	14	403.9259	126.6093	0
34	15	352.3105	67.24969	0
34	16	432.6126	257.4828	0
34	17	378.0253	155.9226	0
35	1	410.0472	356.4818	0
35	2	423.7881	97.26276	0
35	3	384.8755	355.9711	0
35	4	340.3036	266.4522	0
35	5	535.427	499.9143	0
35	6	496.8406	262.0327	0
35	7	477.0128	364.0385	0
35	8	543.4189	368.9762	0
35	9	417.5141	69.84924	0
35	10	501.6782	455.9698	0
35	11	281.8383	-27.01837	0
35	12	286.9878	57.94269	0
35	13	339.3148	314.965	0
35	14	403.9259	126.6093	0
35	15	352.3105	67.24969	0
35	16	432.6126	257.4828	0
35	17	378.0253	155.9226	0
35	18	356.9078	93.77753	0
36	1	410.0472	356.4818	0
36	2	423.7881	97.26276	0
36	3	384.8755	355.9711	0
36	4	340.3036	266.4522	0
36	5	535.427	499.9143	0
36	6	496.8406	262.0327	0
36	7	477.0128	364.0385	0
36	8	543.4189	368.9762	0
36	9	417.5141	69.84924	0
36	10	501.6782	455.9698	0
36	11	281.8383	-27.01837	0
36	12	286.9878	57.94269	0
36	13	339.3148	314.965	0
36	14	403.9259	126.6093	0
36	15	352.3105	67.24969	0
36	16	432.6126	257.4828	0
36	17	378.0253	155.9226	0
36	18	356.9078	93.77753	0
37	1	410.0472	356.4818	0
37	2	423.7881	97.26276	0
37	3	384.8755	355.9711	0
37	4	340.3036	266.4522	0
37	5	535.427	499.9143	0
37	6	496.8406	262.0327	0
37	7	477.0128	364.0385	0
37	8	543.4189	368.9762	0
37	9	417.5141	69.84924	0
37	10	501.6782	455.9698	0
37	11	281.8383	-27.01837	0
37	12	286.9878	57.94269	0
37	13	339.3148	314.965	0
37	14	403.9259	126.6093	0
37	15	352.3105	67.24969	0
37	16	432.6126	257.4828	0
37	17	378.0253	155.9226	0
37	18	356.9078	93.77753	0
37	19	528.7886	424.5194	0
38	1	410.0472	356.4818	0
38	2	423.7881	97.26276	0
38	3	384.8755	355.9711	0
38	4	340.3036	266.4522	0
38	5	535.427	499.9143	0
38	6	496.8406	262.0327	0
38	7	477.0128	364.0385	0
38	8	543.4189	368.9762	0
38	9	417.5141	69.84924	0
38	10	501.6782	455.9698	0
38	11	281.8383	-27.01837	0
38	12	286.9878	57.94269	0
38	13	339.3148	314.965	0
38	14	403.9259	126.6093	0
38	15	352.3105	67.24969	0
38	16	432.6126	257.4828	0
38	17	378.0253	155.9226	0
38	18	356.9078	93.77753	0
38	19	528.7886	424.5194	0
38	20	506.9263	314.452	0
39	1	410.0472	356.4818	0
39	2	423.7881	97.26276	0
39	3	384.8755	355.9711	0
39	4	340.3036	266.4522	0
39	5	535.427	499.9143	0
39	6	496.8406	262.0327	0
39	7	477.0128	364.0385	0
39	8	543.4189	368.9762	0
39	9	417.5141	69.84924	0
39	10	501.6782	455.9698	0
39	11	281.8383	-27.01837	0
39	12	286.9878	57.94269	0
39	13	339.3148	314.965	0
39	14	403.9259	126.6093	0
39	15	352.3105	67.24969	0
39	16	432.6126	257.4828	0
39	17	378.0253	155.9226	0
39	18	356.9078	93.77753	0
39	19	528.7886	424.5194	0
39	20	506.9263	314.452	0
39	21	531.0947	617.5176	0
40	1	410.0472	356.4818	0
40	2	423.7881	97.26276	0
40	3	384.8755	355.9711	0
40	4	340.3036	266.4522	0
40	5	535.427	499.9143	0
40	6	496.8406	262.0327	0
40	7	477.0128	364.0385	0
40	8	543.4189	368.9762	0
40	9	417.5141	69.84924	0
40	10	501.6782	455.9698	0
40	11	281.8383	-27.01837	0
40	12	286.9878	57.94269	0
40	13	339.3148	314.965	0
40	14	403.9259	126.6093	0
40	15	352.3105	67.24969	0
40	16	432.6126	257.4828	0
40	17	378.0253	155.9226	0
40	18	356.9078	93.77753	0
40	19	528.7886	424.5194	0
40	20	506.9263	314.452	0
40	21	531.0947	617.5176	0
40	22	555.048	554.4016	0
41	1	410.0472	356.4818	0
41	2	423.7881	97.26276	0
41	3	384.8755	355.9711	0
41	4	340.3036	266.4522	0
41	5	535.427	499.9143	0
41	6	496.8406	262.0327	0
41	7	477.0128	364.0385	0
41	8	543.4189	368.9762	0
41	9	417.5141	69.84924	0
41	10	501.6782	455.9698	0
41	11	281.8383	-27.01837	0
41	12	286.9878	57.94269	0
41	13	339.3148	314.965	0
41	14	403.9259	126.6093	0
41	15	352.3105	67.24969	0
41	16	432.6126	257.4828	0
41	17	378.0253	155.9226	0
41	18	356.9078	93.77753	0
41	19	528.7886	424.5194	0
41	20	506.9263	314.452	0
41	21	531.0947	617.5176	0
41	22	555.048	554.4016	0
41	23	406.2504	271.6493	0
42	1	410.0472	356.4818	0
42	2	423.7881	97.26276	0
42	3	384.8755	355.9711	0
42	4	340.3036	266.4522	0
42	5	535.427	499.9143	0
42	6	496.8406	262.0327	0
42	7	477.0128	364.0385	0
42	8	543.4189	368.9762	0
42	9	417.5141	69.84924	0
42	10	501.6782	455.9698	0
42	11	281.8383	-27.01837	0
42	12	286.9878	57.94269	0
42	13	339.3148	314.965	0
42	14	403.9259	126.6093	0
42	15	352.3105	67.24969	0
42	16	432.6126	257.4828	0
42	17	378.0253	155.9226	0
42	18	356.9078	93.77753	0
42	19	528.7886	424.5194	0
42	20	506.9263	314.452	0
42	21	531.0947	617.5176	0
42	22	555.048	554.4016	0
42	23	406.2504	271.6493	0
42	24	327.8368	63.21271	0
43	1	410.0472	356.4818	0
43	2	423.7881	97.26276	0
43	3	384.8755	355.9711	0
43	4	340.3036	266.4522	0
43	5	535.427	499.9143	0
43	6	496.8406	262.0327	0
43	7	477.0128	364.0385	0
43	8	543.4189	368.9762	0
43	9	417.5141	69.84924	0
43	10	501.6782	455.9698	0
43	11	281.8383	-27.01837	0
43	12	286.9878	57.94269	0
43	13	339.3148	314.965	0
43	14	403.9259	126.6093	0
43	15	352.3105	67.24969	0
43	16	432.6126	257.4828	0
43	17	378.0253	155.9226	0
43	18	356.9078	93.77753	0
43	19	528.7886	424.5194	0
43	20	506.9263	314.452	0
43	21	531.0947	617.5176	0
43	22	555.048	554.4016	0
43	23	406.2504	271.6493	0
43	24	327.8368	63.21271	0
43	25	547.4277	395.4173	0
44	1	410.0472	356.4818	0
44	2	423.7881	97.26276	0
44	3	384.8755	355.9711	0
44	4	340.3036	266.4522	0
44	5	535.427	499.9143	0
44	6	496.8406	262.0327	0
44	7	477.0128	364.0385	0
44	8	543.4189	368.9762	0
44	9	417.5141	69.84924	0
44	10	501.6782	455.9698	0
44	11	281.8383	-27.01837	0
44	12	286.9878	57.94269	0
44	13	339.3148	314.965	0
44	14	403.9259	126.6093	0
44	15	352.3105	67.24969	0
44	16	432.6126	257.4828	0
44	17	378.0253	155.9226	0
44	18	356.9078	93.77753	0
44	19	528.7886	424.5194	0
44	20	506.9263	314.452	0
44	21	531.0947	617.5176	0
44	22	555.048	554.4016	0
44	23	406.2504	271.6493	0
44	24	327.8368	63.21271	0
44	25	547.4277	395.4173	0
44	26	444.5459	160.4251	0
45	1	410.0472	356.4818	0
45	2	423.7881	97.26276	0
45	3	384.8755	355.9711	0
45	4	340.3036	266.4522	0
45	5	535.427	499.9143	0
45	6	496.8406	262.0327	0
45	7	477.0128	364.0385	0
45	8	543.4189	368.9762	0
45	9	417.5141	69.84924	0
45	10	501.6782	455.9698	0
45	11	281.8383	-27.01837	0
45	12	286.9878	57.94269	0
45	13	339.3148	314.965	0
45	14	403.9259	126.6093	0
45	15	352.3105	67.24969	0
45	16	432.6126	257.4828	0
45	17	378.0253	155.9226	0
45	18	356.9078	93.77753	0
45	19	528.7886	424.5194	0
45	20	506.9263	314.452	0
45	21	531.0947	617.5176	0
45	22	555.048	554.4016	0
45	23	406.2504	271.6493	0
45	24	327.8368	63.21271	0
45	25	547.4277	395.4173	0
45	26	444.5459	160.4251	0
45	27	469.74	130.4694	0
46	1	410.0472	356.4818	0
46	2	423.7881	97.26276	0
46	3	384.8755	355.9711	0
46	4	340.3036	266.4522	0
46	5	535.427	499.9143	0
46	6	496.8406	262.0327	0
46	7	477.0128	364.0385	0
46	8	543.4189	368.9762	0
46	9	417.5141	69.84924	0
46	10	501.6782	455.9698	0
46	11	281.8383	-27.01837	0
46	12	286.9878	57.94269	0
46	13	339.3148	314.965	0
46	14	403.9259	126.6093	0
46	15	352.3105	67.24969	0
46	16	432.6126	257.4828	0
46	17	378.0253	155.9226	0
46	18	356.9078	93.77753	0
46	19	528.7886	424.5194	0
46	20	506.9263	314.452	0
46	21	531.0947	617.5176	0
46	22	555.048	554.4016	0
46	23	406.2504	271.6493	0
46	24	327.8368	63.21271	0
46	25	547.4277	395.4173	0
46	26	444.5459	160.4251	0
46	27	469.74	130.4694	0
47	1	410.0472	356.4818	0
47	2	423.7881	97.26276	0
47	3	384.8755	355.9711	0
47	4	340.3036	266.4522	0
47	5	535.427	499.9143	0
47	6	496.8406	262.0327	0
47	7	477.0128	364.0385	0
47	8	543.4189	368.9762	0
47	9	417.5141	69.84924	0
47	10	501.6782	455.9698	0
47	11	281.8383	-27.01837	0
47	12	286.9878	57.94269	0
47	13	339.3148	314.965	0
47	14	403.9259	126.6093	0
47	15	352.3105	67.24969	0
47	16	432.6126	257.4828	0
47	17	378.0253	155.9226	0
47	18	356.9078	93.77753	0
47	19	528.7886	424.5194	0
47	20	506.9263	314.452	0
47	21	531.0947	617.5176	0
47	22	555.048	554.4016	0
47	23	406.2504	271.6493	0
47	24	327.8368	63.21271	0
47	25	547.4277	395.4173	0
47	26	444.5459	160.4251	0
47	27	469.74	130.4694	0
47	28	464.5564	612.0283	0
48	1	410.0472	356.4818	0
48	2	423.7881	97.26276	0
48	3	384.8755	355.9711	0
48	4	340.3036	266.4522	0
48	5	535.427	499.9143	0
48	6	496.8406	262.0327	0
48	7	477.0128	364.0385	0
48	8	543.4189	368.9762	0
48	9	417.5141	69.84924	0
48	10	501.6782	455.9698	0
48	11	281.8383	-27.01837	0
48	12	286.9878	57.94269	0
48	13	339.3148	314.965	0
48	14	403.9259	126.6093	0
48	15	352.3105	67.24969	0
48	16	432.6126	257.4828	0
48	17	378.0253	155.9226	0
48	18	356.9078	93.77753	0
48	19	528.7886	424.5194	0
48	20	506.9263	314.452	0
48	21	531.0947	617.5176	0
48	22	555.048	554.4016	0
48	23	406.2504	271.6493	0
48	24	327.8368	63.21271	0
48	25	547.4277	395.4173	0
48	26	444.5459	160.4251	0
48	27	469.74	130.4694	0
48	28	464.5564	612.0283	0
48	29	259.9419	60.2258	0
17	1	410.1126	355.769	0
18	1	410.1126	355.769	0
18	2	423.1672	99.08701	0
19	1	410.1126	355.769	0
19	2	423.1672	99.08701	0
19	3	384.4938	357.1265	0
20	1	410.1126	355.769	0
20	2	423.1672	99.08701	0
20	3	384.4938	357.1265	0
20	4	340.0845	265.6508	0
21	1	410.1126	355.769	0
21	2	423.1672	99.08701	0
21	3	384.4938	357.1265	0
21	4	340.0845	265.6508	0
21	5	535.1568	500.331	0
22	1	410.1126	355.769	0
22	2	423.1672	99.08701	0
22	3	384.4938	357.1265	0
22	4	340.0845	265.6508	0
22	5	535.1568	500.331	0
22	6	497.0144	260.7028	0
23	1	410.1126	355.769	0
23	2	423.1672	99.08701	0
23	3	384.4938	357.1265	0
23	4	340.0845	265.6508	0
23	5	535.1568	500.331	0
23	6	497.0144	260.7028	0
23	7	477.9956	364.5959	0
24	1	410.1126	355.769	0
24	2	423.1672	99.08701	0
24	3	384.4938	357.1265	0
24	4	340.0845	265.6508	0
24	5	535.1568	500.331	0
24	6	497.0144	260.7028	0
24	7	477.9956	364.5959	0
24	8	542.1422	368.362	0
25	1	410.1126	355.769	0
25	2	423.1672	99.08701	0
25	3	384.4938	357.1265	0
25	4	340.0845	265.6508	0
25	5	535.1568	500.331	0
25	6	497.0144	260.7028	0
25	7	477.9956	364.5959	0
25	8	542.1422	368.362	0
25	9	419.4284	70.50806	0
26	1	410.1126	355.769	0
26	2	423.1672	99.08701	0
26	3	384.4938	357.1265	0
26	4	340.0845	265.6508	0
26	5	535.1568	500.331	0
26	6	497.0144	260.7028	0
26	7	477.9956	364.5959	0
26	8	542.1422	368.362	0
26	9	419.4284	70.50806	0
27	1	410.1126	355.769	0
27	2	423.1672	99.08701	0
27	3	384.4938	357.1265	0
27	4	340.0845	265.6508	0
27	5	535.1568	500.331	0
27	6	497.0144	260.7028	0
27	7	477.9956	364.5959	0
27	8	542.1422	368.362	0
27	9	419.4284	70.50806	0
27	10	502.9475	453.8464	0
28	1	410.1126	355.769	0
28	2	423.1672	99.08701	0
28	3	384.4938	357.1265	0
28	4	340.0845	265.6508	0
28	5	535.1568	500.331	0
28	6	497.0144	260.7028	0
28	7	477.9956	364.5959	0
28	8	542.1422	368.362	0
28	9	419.4284	70.50806	0
28	10	502.9475	453.8464	0
28	11	282.0546	-26.04413	0
29	1	410.1126	355.769	0
29	2	423.1672	99.08701	0
29	3	384.4938	357.1265	0
29	4	340.0845	265.6508	0
29	5	535.1568	500.331	0
29	6	497.0144	260.7028	0
29	7	477.9956	364.5959	0
29	8	542.1422	368.362	0
29	9	419.4284	70.50806	0
29	10	502.9475	453.8464	0
29	11	282.0546	-26.04413	0
29	12	285.0839	57.93753	0
30	1	410.1126	355.769	0
30	2	423.1672	99.08701	0
30	3	384.4938	357.1265	0
30	4	340.0845	265.6508	0
30	5	535.1568	500.331	0
30	6	497.0144	260.7028	0
30	7	477.9956	364.5959	0
30	8	542.1422	368.362	0
30	9	419.4284	70.50806	0
30	10	502.9475	453.8464	0
30	11	282.0546	-26.04413	0
30	12	285.0839	57.93753	0
30	13	339.4981	315.7979	0
31	1	410.1126	355.769	0
31	2	423.1672	99.08701	0
31	3	384.4938	357.1265	0
31	4	340.0845	265.6508	0
31	5	535.1568	500.331	0
31	6	497.0144	260.7028	0
31	7	477.9956	364.5959	0
31	8	542.1422	368.362	0
31	9	419.4284	70.50806	0
31	10	502.9475	453.8464	0
31	11	282.0546	-26.04413	0
31	12	285.0839	57.93753	0
31	13	339.4981	315.7979	0
31	14	405.5725	125.5175	0
32	1	410.1126	355.769	0
32	2	423.1672	99.08701	0
32	3	384.4938	357.1265	0
32	4	340.0845	265.6508	0
32	5	535.1568	500.331	0
32	6	497.0144	260.7028	0
32	7	477.9956	364.5959	0
32	8	542.1422	368.362	0
32	9	419.4284	70.50806	0
32	10	502.9475	453.8464	0
32	11	282.0546	-26.04413	0
32	12	285.0839	57.93753	0
32	13	339.4981	315.7979	0
32	14	405.5725	125.5175	0
32	15	352.6274	66.16022	0
33	1	410.1126	355.769	0
33	2	423.1672	99.08701	0
33	3	384.4938	357.1265	0
33	4	340.0845	265.6508	0
33	5	535.1568	500.331	0
33	6	497.0144	260.7028	0
33	7	477.9956	364.5959	0
33	8	542.1422	368.362	0
33	9	419.4284	70.50806	0
33	10	502.9475	453.8464	0
33	11	282.0546	-26.04413	0
33	12	285.0839	57.93753	0
33	13	339.4981	315.7979	0
33	14	405.5725	125.5175	0
33	15	352.6274	66.16022	0
33	16	432.1344	256.5414	0
34	1	410.1126	355.769	0
34	2	423.1672	99.08701	0
34	3	384.4938	357.1265	0
34	4	340.0845	265.6508	0
34	5	535.1568	500.331	0
34	6	497.0144	260.7028	0
34	7	477.9956	364.5959	0
34	8	542.1422	368.362	0
34	9	419.4284	70.50806	0
34	10	502.9475	453.8464	0
34	11	282.0546	-26.04413	0
34	12	285.0839	57.93753	0
34	13	339.4981	315.7979	0
34	14	405.5725	125.5175	0
34	15	352.6274	66.16022	0
34	16	432.1344	256.5414	0
34	17	378.1823	158.1671	0
35	1	410.1126	355.769	0
35	2	423.1672	99.08701	0
35	3	384.4938	357.1265	0
35	4	340.0845	265.6508	0
35	5	535.1568	500.331	0
35	6	497.0144	260.7028	0
35	7	477.9956	364.5959	0
35	8	542.1422	368.362	0
35	9	419.4284	70.50806	0
35	10	502.9475	453.8464	0
35	11	282.0546	-26.04413	0
35	12	285.0839	57.93753	0
35	13	339.4981	315.7979	0
35	14	405.5725	125.5175	0
35	15	352.6274	66.16022	0
35	16	432.1344	256.5414	0
35	17	378.1823	158.1671	0
35	18	356.798	93.08682	0
36	1	410.1126	355.769	0
36	2	423.1672	99.08701	0
36	3	384.4938	357.1265	0
36	4	340.0845	265.6508	0
36	5	535.1568	500.331	0
36	6	497.0144	260.7028	0
36	7	477.9956	364.5959	0
36	8	542.1422	368.362	0
36	9	419.4284	70.50806	0
36	10	502.9475	453.8464	0
36	11	282.0546	-26.04413	0
36	12	285.0839	57.93753	0
36	13	339.4981	315.7979	0
36	14	405.5725	125.5175	0
36	15	352.6274	66.16022	0
36	16	432.1344	256.5414	0
36	17	378.1823	158.1671	0
36	18	356.798	93.08682	0
37	1	410.1126	355.769	0
37	2	423.1672	99.08701	0
37	3	384.4938	357.1265	0
37	4	340.0845	265.6508	0
37	5	535.1568	500.331	0
37	6	497.0144	260.7028	0
37	7	477.9956	364.5959	0
37	8	542.1422	368.362	0
37	9	419.4284	70.50806	0
37	10	502.9475	453.8464	0
37	11	282.0546	-26.04413	0
37	12	285.0839	57.93753	0
37	13	339.4981	315.7979	0
37	14	405.5725	125.5175	0
37	15	352.6274	66.16022	0
37	16	432.1344	256.5414	0
37	17	378.1823	158.1671	0
37	18	356.798	93.08682	0
37	19	529.078	423.8901	0
38	1	410.1126	355.769	0
38	2	423.1672	99.08701	0
38	3	384.4938	357.1265	0
38	4	340.0845	265.6508	0
38	5	535.1568	500.331	0
38	6	497.0144	260.7028	0
38	7	477.9956	364.5959	0
38	8	542.1422	368.362	0
38	9	419.4284	70.50806	0
38	10	502.9475	453.8464	0
38	11	282.0546	-26.04413	0
38	12	285.0839	57.93753	0
38	13	339.4981	315.7979	0
38	14	405.5725	125.5175	0
38	15	352.6274	66.16022	0
38	16	432.1344	256.5414	0
38	17	378.1823	158.1671	0
38	18	356.798	93.08682	0
38	19	529.078	423.8901	0
38	20	506.6537	315.4144	0
39	1	410.1126	355.769	0
39	2	423.1672	99.08701	0
39	3	384.4938	357.1265	0
39	4	340.0845	265.6508	0
39	5	535.1568	500.331	0
39	6	497.0144	260.7028	0
39	7	477.9956	364.5959	0
39	8	542.1422	368.362	0
39	9	419.4284	70.50806	0
39	10	502.9475	453.8464	0
39	11	282.0546	-26.04413	0
39	12	285.0839	57.93753	0
39	13	339.4981	315.7979	0
39	14	405.5725	125.5175	0
39	15	352.6274	66.16022	0
39	16	432.1344	256.5414	0
39	17	378.1823	158.1671	0
39	18	356.798	93.08682	0
39	19	529.078	423.8901	0
39	20	506.6537	315.4144	0
39	21	531.3239	618.1381	0
40	1	410.1126	355.769	0
40	2	423.1672	99.08701	0
40	3	384.4938	357.1265	0
40	4	340.0845	265.6508	0
40	5	535.1568	500.331	0
40	6	497.0144	260.7028	0
40	7	477.9956	364.5959	0
40	8	542.1422	368.362	0
40	9	419.4284	70.50806	0
40	10	502.9475	453.8464	0
40	11	282.0546	-26.04413	0
40	12	285.0839	57.93753	0
40	13	339.4981	315.7979	0
40	14	405.5725	125.5175	0
40	15	352.6274	66.16022	0
40	16	432.1344	256.5414	0
40	17	378.1823	158.1671	0
40	18	356.798	93.08682	0
40	19	529.078	423.8901	0
40	20	506.6537	315.4144	0
40	21	531.3239	618.1381	0
40	22	556.9993	555.0568	0
41	1	410.1126	355.769	0
41	2	423.1672	99.08701	0
41	3	384.4938	357.1265	0
41	4	340.0845	265.6508	0
41	5	535.1568	500.331	0
41	6	497.0144	260.7028	0
41	7	477.9956	364.5959	0
41	8	542.1422	368.362	0
41	9	419.4284	70.50806	0
41	10	502.9475	453.8464	0
41	11	282.0546	-26.04413	0
41	12	285.0839	57.93753	0
41	13	339.4981	315.7979	0
41	14	405.5725	125.5175	0
41	15	352.6274	66.16022	0
41	16	432.1344	256.5414	0
41	17	378.1823	158.1671	0
41	18	356.798	93.08682	0
41	19	529.078	423.8901	0
41	20	506.6537	315.4144	0
41	21	531.3239	618.1381	0
41	22	556.9993	555.0568	0
41	23	405.3758	271.2221	0
42	1	410.1126	355.769	0
42	2	423.1672	99.08701	0
42	3	384.4938	357.1265	0
42	4	340.0845	265.6508	0
42	5	535.1568	500.331	0
42	6	497.0144	260.7028	0
42	7	477.9956	364.5959	0
42	8	542.1422	368.362	0
42	9	419.4284	70.50806	0
42	10	502.9475	453.8464	0
42	11	282.0546	-26.04413	0
42	12	285.0839	57.93753	0
42	13	339.4981	315.7979	0
42	14	405.5725	125.5175	0
42	15	352.6274	66.16022	0
42	16	432.1344	256.5414	0
42	17	378.1823	158.1671	0
42	18	356.798	93.08682	0
42	19	529.078	423.8901	0
42	20	506.6537	315.4144	0
42	21	531.3239	618.1381	0
42	22	556.9993	555.0568	0
42	23	405.3758	271.2221	0
42	24	327.7468	62.68323	0
43	1	410.1126	355.769	0
43	2	423.1672	99.08701	0
43	3	384.4938	357.1265	0
43	4	340.0845	265.6508	0
43	5	535.1568	500.331	0
43	6	497.0144	260.7028	0
43	7	477.9956	364.5959	0
43	8	542.1422	368.362	0
43	9	419.4284	70.50806	0
43	10	502.9475	453.8464	0
43	11	282.0546	-26.04413	0
43	12	285.0839	57.93753	0
43	13	339.4981	315.7979	0
43	14	405.5725	125.5175	0
43	15	352.6274	66.16022	0
43	16	432.1344	256.5414	0
43	17	378.1823	158.1671	0
43	18	356.798	93.08682	0
43	19	529.078	423.8901	0
43	20	506.6537	315.4144	0
43	21	531.3239	618.1381	0
43	22	556.9993	555.0568	0
43	23	405.3758	271.2221	0
43	24	327.7468	62.68323	0
43	25	548.0203	395.8155	0
44	1	410.1126	355.769	0
44	2	423.1672	99.08701	0
44	3	384.4938	357.1265	0
44	4	340.0845	265.6508	0
44	5	535.1568	500.331	0
44	6	497.0144	260.7028	0
44	7	477.9956	364.5959	0
44	8	542.1422	368.362	0
44	9	419.4284	70.50806	0
44	10	502.9475	453.8464	0
44	11	282.0546	-26.04413	0
44	12	285.0839	57.93753	0
44	13	339.4981	315.7979	0
44	14	405.5725	125.5175	0
44	15	352.6274	66.16022	0
44	16	432.1344	256.5414	0
44	17	378.1823	158.1671	0
44	18	356.798	93.08682	0
44	19	529.078	423.8901	0
44	20	506.6537	315.4144	0
44	21	531.3239	618.1381	0
44	22	556.9993	555.0568	0
44	23	405.3758	271.2221	0
44	24	327.7468	62.68323	0
44	25	548.0203	395.8155	0
44	26	443.8488	162.2311	0
45	1	410.1126	355.769	0
45	2	423.1672	99.08701	0
45	3	384.4938	357.1265	0
45	4	340.0845	265.6508	0
45	5	535.1568	500.331	0
45	6	497.0144	260.7028	0
45	7	477.9956	364.5959	0
45	8	542.1422	368.362	0
45	9	419.4284	70.50806	0
45	10	502.9475	453.8464	0
45	11	282.0546	-26.04413	0
45	12	285.0839	57.93753	0
45	13	339.4981	315.7979	0
45	14	405.5725	125.5175	0
45	15	352.6274	66.16022	0
45	16	432.1344	256.5414	0
45	17	378.1823	158.1671	0
45	18	356.798	93.08682	0
45	19	529.078	423.8901	0
45	20	506.6537	315.4144	0
45	21	531.3239	618.1381	0
45	22	556.9993	555.0568	0
45	23	405.3758	271.2221	0
45	24	327.7468	62.68323	0
45	25	548.0203	395.8155	0
45	26	443.8488	162.2311	0
45	27	471.5336	129.6176	0
