24	1	897.4418	-5.969788	0
24	2	-13051.64	1598.384	0
24	3	449.8829	3.068054	0
24	4	1865.554	205.1749	0
24	5	91.10412	81.47806	0
24	6	674.8444	81.75629	0
24	7	362.4359	81.73114	0
24	8	-38.47818	-1.568909	0
25	1	897.2248	-6.021271	0
25	2	-12935.22	1587.494	0
25	3	450.2026	2.995972	0
25	4	1870.388	205.8653	0
25	5	91.15128	81.50912	0
25	6	674.7827	81.78928	0
25	7	362.0875	81.76566	0
25	8	-38.91396	-1.653625	0
26	1	896.9961	-6.075531	0
26	2	-12814.59	1576.209	0
26	3	450.5397	2.919983	0
26	4	1875.513	206.5974	0
26	5	91.20092	81.54184	0
26	6	674.7176	81.82407	0
26	7	361.7206	81.802	0
26	8	-39.37367	-1.74292	0
27	1	896.7575	-6.132172	0
27	2	-12690.81	1564.629	0
27	3	450.892	2.840515	0
27	4	1880.903	207.3674	0
27	5	91.25276	81.57599	0
27	6	674.6497	81.86038	0
27	7	361.3375	81.83997	0
27	8	-39.85436	-1.836273	0
28	1	896.51	-6.190857	0
28	2	-12564.68	1552.831	0
28	3	451.258	2.757996	0
28	4	1886.537	208.1721	0
28	5	91.30654	81.61142	0
28	6	674.5792	81.89798	0
28	7	360.9402	81.87936	0
28	8	-40.35375	-1.933289	0
29	1	896.2548	-6.251404	0
29	2	-12436.92	1540.879	0
29	3	451.636	2.672791	0
29	4	1892.394	209.0089	0
29	5	91.36201	81.64795	0
29	6	674.5065	81.9368	0
29	7	360.5302	81.91998	0
29	8	-40.86977	-2.033539	0
30	1	895.9928	-6.313568	0
30	2	-12308.07	1528.826	0
30	3	452.0248	2.585144	0
30	4	1898.459	209.8753	0
30	5	91.41893	81.68542	0
30	6	674.4319	81.97672	0
30	7	360.1093	81.9617	0
30	8	-41.40044	-2.136597	0
31	1	895.7246	-6.377197	0
31	2	-12178.65	1516.718	0
31	3	452.4233	2.4953	0
31	4	1904.718	210.7694	0
31	5	91.4772	81.72379	0
31	6	674.3555	82.01749	0
31	7	359.6784	82.00439	0
31	8	-41.9446	-2.242249	0
36	1	894.3141	-6.711975	0
36	2	-11535.91	1456.591	0
36	3	454.53	2.020294	0
36	4	1938.56	215.6036	0
36	5	91.78358	81.92563	0
36	6	673.9056	82.23294	0
36	7	357.4109	82.2291	0
36	8	-44.82365	-2.801483	0
36	9	1351.463	173.5062	0
36	10	144.6727	82.10373	0
36	11	689.5681	81.91052	0
40	1	893.1265	-6.993683	0
40	2	-11039.78	1410.18	0
40	3	456.3172	1.61734	0
40	4	1968.295	219.8513	0
40	5	92.04132	82.09543	0
40	6	673.4359	82.41626	0
40	7	355.5009	82.41837	0
40	8	-47.26908	-3.27655	0
40	9	1339.788	172.6724	0
40	10	145.4905	82.16623	0
40	11	689.5222	82.00601	0
40	12	-1675.598	304.9561	0
40	13	737.9453	4.298004	0
40	14	410.7334	76.79852	0
41	1	892.8239	-7.065552	0
41	2	-10919.29	1398.909	0
41	3	456.7749	1.51413	0
41	4	1976.067	220.9614	0
41	5	92.10704	82.1387	0
41	6	673.3101	82.4632	0
41	7	355.0138	82.46664	0
41	8	-47.89576	-3.398315	0
41	9	1336.298	172.4232	0
41	10	145.7497	82.18604	0
41	11	689.5054	82.03629	0
41	12	-1683.996	306.1653	0
41	13	737.8431	4.278442	0
41	14	410.7936	76.80862	0
43	1	892.2126	-7.21051	0
43	2	-10682.88	1376.793	0
43	3	457.7014	1.305267	0
43	4	1992.003	223.2379	0
43	5	92.23969	82.22604	0
43	6	673.0526	82.55817	0
43	7	354.0301	82.56409	0
43	8	-49.16496	-3.644775	0
43	9	1328.857	171.8918	0
43	10	146.3155	82.22928	0
43	11	689.4658	82.10248	0
43	12	-1705.297	309.232	0
43	13	737.5659	4.225189	0
43	14	410.9838	76.84067	0
43	15	-27.81819	5.922607	0
44	1	891.9045	-7.2836	0
44	2	-10567.05	1365.958	0
44	3	458.1698	1.199646	0
44	4	2000.167	224.404	0
44	5	92.30653	82.27008	0
44	6	672.9216	82.60611	0
44	7	353.5339	82.61328	0
44	8	-49.80695	-3.769501	0
44	9	1324.953	171.613	0
44	10	146.6181	82.25241	0
44	11	689.4431	82.13788	0
44	12	-1717.927	311.0504	0
44	13	737.3967	4.192657	0
44	14	411.1078	76.86154	0
44	15	-27.93237	5.901947	0
46	1	891.2836	-7.430939	0
46	2	-10340.16	1344.733	0
46	3	459.1166	0.9862061	0
46	4	2016.883	226.792	0
46	5	92.44121	82.35883	0
46	6	672.6564	82.70291	0
46	7	352.5338	82.7124	0
46	8	-51.10515	-4.021667	0
46	9	1316.876	171.0362	0
46	10	147.2548	82.30109	0
46	11	689.3926	82.21246	0
46	12	-1746.63	315.1829	0
46	13	737.01	4.118408	0
46	14	411.4021	76.9111	0
46	15	-28.29313	5.8367	0
46	16	452.5818	-5.205505	0
47	1	890.9709	-7.505096	0
47	2	-10229.13	1334.347	0
47	3	459.5945	0.878418	0
47	4	2025.438	228.014	0
47	5	92.50908	82.40353	0
47	6	672.5226	82.75168	0
47	7	352.0302	82.7623	0
47	8	-51.76097	-4.149078	0
47	9	1312.732	170.7403	0
47	10	147.5864	82.32639	0
47	11	689.3649	82.25137	0
47	12	-1762.545	317.4741	0
47	13	736.7964	4.077362	0
47	14	411.5684	76.93912	0
47	15	-28.52859	5.794098	0
47	16	452.6143	-5.243164	0
48	1	890.6571	-7.579559	0
48	2	-10119.67	1324.107	0
48	3	460.0755	0.7699585	0
48	4	2034.123	229.2547	0
48	5	92.57719	82.44836	0
48	6	672.3884	82.80069	0
48	7	351.5243	82.81244	0
48	8	-52.42095	-4.277283	0
48	9	1308.536	170.4406	0
48	10	147.9254	82.35229	0
48	11	689.3357	82.29117	0
48	12	-1779.419	319.9035	0
48	13	736.5716	4.03418	0
48	14	411.7455	76.96887	0
48	15	-28.7947	5.745911	0
48	16	452.66	-5.296021	0
51	1	889.7078	-7.80481	0
51	2	-9800.749	1294.273	0
51	3	461.5356	0.4407654	0
51	4	2060.983	233.0917	0
51	5	92.7565	82.58777	0
51	6	671.9836	82.94907	0
51	7	349.9939	82.96411	0
51	8	-54.42578	-4.666687	0
51	9	1295.659	169.5226	0
51	10	148.9785	82.4328	0
51	11	689.2397	82.41504	0
51	12	-1835.36	327.9575	0
51	13	735.8422	3.894104	0
51	14	412.3286	77.06702	0
51	15	-29.74099	5.574738	0
51	16	452.8603	-5.528076	0
51	17	100.5301	81.41562	0
51	18	1374.872	173.4887	0
52	1	889.389	-7.880493	0
52	2	-9697.53	1284.617	0
52	3	462.0278	0.3298035	0
52	4	2070.21	234.4096	0
52	5	92.8025	82.63666	0
52	6	671.8484	82.99893	0
52	7	349.4797	83.01505	0
52	8	-55.10204	-4.798035	0
52	9	1291.213	169.2079	0
52	10	149.3394	82.46036	0
52	11	689.2053	82.45758	0
52	12	-1855.676	330.8823	0
52	13	735.5845	3.844604	0
52	14	412.5369	77.10211	0
52	15	-30.09619	5.510437	0
52	16	452.9439	-5.625122	0
52	17	100.5746	81.42761	0
52	18	1373.418	173.3457	0
53	1	889.069	-7.95639	0
53	2	-9595.803	1275.101	0
53	3	462.5227	0.2182312	0
53	4	2079.576	235.7475	0
53	5	92.84397	82.68655	0
53	6	671.713	83.04898	0
53	7	348.9637	83.06619	0
53	8	-55.78223	-4.930176	0
53	9	1286.707	168.89	0
53	10	149.7041	82.48825	0
53	11	689.1696	82.50061	0
53	12	-1876.79	333.9222	0
53	13	735.3207	3.793884	0
53	14	412.7509	77.13809	0
53	15	-30.46734	5.443268	0
53	16	453.0342	-5.730164	0
53	17	100.6292	81.44269	0
53	18	1371.383	173.1456	0
54	1	888.748	-8.032593	0
54	2	-9495.581	1265.726	0
54	3	463.0202	0.1060181	0
54	4	2089.083	237.1056	0
54	5	92.88192	82.73721	0
54	6	671.5776	83.09918	0
54	7	348.4459	83.11752	0
54	8	-56.46623	-5.063049	0
54	9	1282.153	168.5695	0
54	10	150.0725	82.51639	0
54	11	689.1328	82.54413	0
54	12	-1898.691	337.0753	0
54	13	735.0516	3.742188	0
54	14	412.9698	77.17496	0
54	15	-30.8527	5.373566	0
54	16	453.1305	-5.842194	0
54	17	100.6923	81.46045	0
54	18	1368.846	172.8964	0
55	1	888.426	-8.108978	0
55	2	-9396.804	1256.485	0
55	3	463.5204	-0.006744385	0
55	4	2098.735	238.4843	0
55	5	92.91711	82.78857	0
55	6	671.4423	83.1496	0
55	7	347.9262	83.16901	0
55	8	-57.15419	-5.196655	0
55	9	1277.565	168.2472	0
55	10	150.444	82.54477	0
55	11	689.0949	82.58804	0
55	12	-1921.37	340.3405	0
55	13	734.7778	3.689606	0
55	14	413.1932	77.21255	0
55	15	-31.25068	5.301575	0
55	16	453.232	-5.960541	0
55	17	100.7625	81.48056	0
55	18	1365.878	172.6052	0
56	1	888.1028	-8.185699	0
56	2	-9299.474	1247.38	0
56	3	464.0233	-0.1200562	0
56	4	2108.533	239.884	0
56	5	92.95022	82.84055	0
56	6	671.3069	83.2002	0
56	7	347.4047	83.22067	0
56	8	-57.84598	-5.331055	0
56	9	1272.952	167.9237	0
56	10	150.8183	82.57336	0
56	11	689.056	82.63232	0
56	12	-1944.826	343.7174	0
56	13	734.4999	3.636261	0
56	14	413.4205	77.25082	0
56	15	-31.65982	5.227509	0
56	16	453.3381	-6.084381	0
56	17	100.8388	81.50281	0
56	18	1362.543	172.2782	0
57	1	887.7787	-8.262512	0
57	2	-9203.559	1238.407	0
57	3	464.5287	-0.2340393	0
57	4	2118.481	241.305	0
57	5	92.98179	82.89304	0
57	6	671.1717	83.25092	0
57	7	346.8815	83.27252	0
57	8	-58.54153	-5.466156	0
57	9	1268.325	167.5996	0
57	10	151.1951	82.60217	0
57	11	689.0162	82.67703	0
57	12	-1969.058	347.2062	0
57	13	734.2182	3.582153	0
57	14	413.6514	77.28967	0
57	15	-32.07887	5.151703	0
57	16	453.4484	-6.213165	0
57	17	100.92	81.52689	0
57	18	1358.894	171.9207	0
61	1	886.4722	-8.572571	0
61	2	-8834.822	1203.953	0
61	3	466.5764	-0.6956177	0
61	4	2159.825	247.211	0
61	5	93.1007	83.10696	0
61	6	670.6313	83.45547	0
61	7	344.7714	83.48163	0
61	8	-61.36185	-6.014008	0
61	9	1249.797	166.3059	0
61	10	152.7238	82.71899	0
61	11	688.8479	82.85867	0
61	12	-2073.774	362.2847	0
61	13	733.0612	3.359863	0
61	14	414.6034	77.44992	0
61	15	-33.83611	4.833771	0
61	16	453.9234	-6.768158	0
61	17	101.2796	81.63791	0
61	18	1342.018	170.2701	0
61	19	779.5945	3.959961	0
61	20	26.45991	6.676117	0
61	21	707.7001	80.65851	0
63	1	885.8129	-8.729004	0
63	2	-8662.511	1187.988	0
63	3	467.6157	-0.9299927	0
63	4	2181.475	250.3036	0
63	5	93.1591	83.21567	0
63	6	670.3618	83.55865	0
63	7	343.7061	83.58722	0
63	8	-62.79477	-6.292328	0
63	9	1240.594	165.6648	0
63	10	153.4983	82.77817	0
63	11	688.7589	82.95105	0
63	12	-2130.684	370.4865	0
63	13	732.4681	3.245972	0
63	14	415.0935	77.53217	0
63	15	-34.75315	4.667877	0
63	16	454.1774	-7.064606	0
63	17	101.4732	81.70004	0
63	18	1332.667	169.357	0
63	19	779.6877	3.885681	0
63	20	26.40552	6.612854	0
63	21	707.6628	80.68341	0
63	22	407.7526	79.49927	0
65	1	885.1499	-8.886322	0
65	2	-8500.183	1173.125	0
65	3	468.6654	-1.166626	0
65	4	2203.814	253.4947	0
65	5	93.21851	83.32523	0
65	6	670.0926	83.66248	0
65	7	342.6342	83.69342	0
65	8	-64.24306	-6.573608	0
65	9	1231.465	165.0299	0
65	10	154.2784	82.8378	0
65	11	688.6668	83.04434	0
65	12	-2190.58	379.1271	0
65	13	731.8674	3.130585	0
65	14	415.593	77.61511	0
65	15	-35.69036	4.498322	0
65	16	454.4402	-7.370667	0
65	17	101.6721	81.7655	0
65	18	1322.957	168.4101	0
65	19	779.8073	3.790497	0
65	20	26.33577	6.531769	0
65	21	707.6036	80.72287	0
65	22	407.9129	79.52899	0
65	23	-1252.343	221.3856	0
66	1	884.8168	-8.965271	0
66	2	-8422.965	1166.138	0
66	3	469.1942	-1.285889	0
66	4	2215.252	255.1286	0
66	5	93.24886	83.38031	0
66	6	669.9581	83.71463	0
66	7	342.0958	83.74677	0
66	8	-64.97304	-6.715424	0
66	9	1226.934	164.7151	0
66	10	154.6703	82.86777	0
66	11	688.6197	83.09122	0
66	12	-2221.653	383.6134	0
66	13	731.5645	3.072388	0
66	14	415.8459	77.65677	0
66	15	-36.16563	4.412292	0
66	16	454.5746	-7.526917	0
66	17	101.773	81.79932	0
66	18	1318.01	167.928	0
66	19	779.8749	3.736572	0
66	20	26.2963	6.485931	0
66	21	707.5676	80.74692	0
66	22	408.0298	79.55072	0
66	23	-1253.409	221.576	0
67	1	884.4829	-9.044556	0
67	2	-8348.469	1159.461	0
67	3	469.7257	-1.405701	0
67	4	2226.875	256.7889	0
67	5	93.27966	83.43552	0
67	6	669.8238	83.76688	0
67	7	341.5556	83.80032	0
67	8	-65.70692	-6.857941	0
67	9	1222.428	164.4021	0
67	10	155.0634	82.8978	0
67	11	688.572	83.13834	0
67	12	-2253.484	388.2122	0
67	13	731.2601	3.013885	0
67	14	416.1008	77.69852	0
67	15	-36.64482	4.325592	0
67	16	454.7106	-7.685089	0
67	17	101.8746	81.83371	0
67	18	1313.018	167.4419	0
67	19	779.947	3.679199	0
67	20	26.25437	6.437103	0
67	21	707.5278	80.77344	0
67	22	408.1667	79.57629	0
67	23	-1254.91	221.8437	0
68	1	884.1479	-9.123962	0
68	2	-8276.672	1153.094	0
68	3	470.2597	-1.526123	0
68	4	2238.686	258.4761	0
68	5	93.31098	83.49088	0
68	6	669.6895	83.81934	0
68	7	341.0138	83.85397	0
68	8	-66.44463	-7.001282	0
68	9	1217.948	164.0911	0
68	10	155.4575	82.92789	0
68	11	688.5235	83.18567	0
68	12	-2286.083	392.925	0
68	13	730.9542	2.95517	0
68	14	416.3575	77.74036	0
68	15	-37.12768	4.23822	0
68	16	454.8484	-7.845154	0
68	17	101.9768	81.86862	0
68	18	1307.993	166.9528	0
68	19	780.0228	3.618774	0
68	20	26.21011	6.385742	0
68	21	707.485	80.80197	0
68	22	408.3211	79.60522	0
68	23	-1256.789	222.1791	0
69	1	883.812	-9.203674	0
69	2	-8207.571	1147.038	0
69	3	470.7965	-1.647125	0
69	4	2250.691	260.191	0
69	5	93.34288	83.54639	0
69	6	669.5554	83.87192	0
69	7	340.4704	83.90784	0
69	8	-67.18636	-7.145355	0
69	9	1213.494	163.7821	0
69	10	155.8527	82.95813	0
69	11	688.4744	83.23315	0
69	12	-2319.464	397.7538	0
69	13	730.6469	2.896118	0
69	14	416.6161	77.78232	0
69	15	-37.61426	4.150208	0
69	16	454.9876	-8.006897	0
69	17	102.0795	81.90405	0
69	18	1302.945	166.4618	0
69	19	780.1021	3.555603	0
69	20	26.1639	6.332031	0
69	21	707.4394	80.8324	0
69	22	408.4908	79.63708	0
69	23	-1259.002	222.574	0
70	1	883.4754	-9.283661	0
70	2	-8141.171	1141.297	0
70	3	471.3358	-1.768707	0
70	4	2262.894	261.9341	0
70	5	93.37537	83.60199	0
70	6	669.4213	83.92465	0
70	7	339.9253	83.96185	0
70	8	-67.93194	-7.290222	0
70	9	1209.068	163.4751	0
70	10	156.2488	82.9884	0
70	11	688.4247	83.28082	0
70	12	-2353.638	402.7007	0
70	13	730.3383	2.836884	0
70	14	416.8764	77.82434	0
70	15	-38.10413	4.061584	0
70	16	455.1284	-8.170319	0
70	17	102.1825	81.93994	0
70	18	1297.882	165.9695	0
70	19	780.1844	3.490051	0
70	20	26.116	6.276276	0
70	21	707.3914	80.86441	0
70	22	408.6737	79.67151	0
70	23	-1261.51	223.0215	0
71	1	883.1374	-9.363739	0
71	2	-8077.42	1135.867	0
71	3	471.8779	-1.8909	0
71	4	2275.299	263.7062	0
71	5	93.40848	83.65775	0
71	6	669.2872	83.97754	0
71	7	339.3785	84.01602	0
71	8	-68.68159	-7.435822	0
71	9	1204.669	163.1702	0
71	10	156.6459	83.01874	0
71	11	688.3743	83.32864	0
71	12	-2388.623	407.7683	0
71	13	730.0286	2.777344	0
71	14	417.1383	77.86649	0
71	15	-38.59715	3.972351	0
71	16	455.2705	-8.335327	0
71	17	102.2857	81.97623	0
71	18	1292.81	165.4766	0
71	19	780.2693	3.422394	0
71	20	26.0665	6.218811	0
71	21	707.3412	80.89783	0
71	22	408.8682	79.70819	0
71	23	-1264.278	223.5155	0
72	1	882.7986	-9.444092	0
72	2	-8016.279	1130.746	0
72	3	472.4227	-2.013763	0
72	4	2287.913	265.508	0
72	5	93.44227	83.71362	0
72	6	669.1531	84.03058	0
72	7	338.83	84.0704	0
72	8	-69.4351	-7.582184	0
72	9	1200.299	162.8673	0
72	10	157.044	83.04916	0
72	11	688.3234	83.37668	0
72	12	-2424.437	412.9595	0
72	13	729.7175	2.717651	0
72	14	417.4017	77.90869	0
72	15	-39.0933	3.882599	0
72	16	455.4141	-8.501831	0
72	17	102.3892	82.01294	0
72	18	1287.736	164.9838	0
72	19	780.3566	3.352875	0
72	20	26.01574	6.15976	0
72	21	707.2892	80.9325	0
72	22	409.0728	79.74686	0
72	23	-1267.278	224.0508	0
75	1	881.7767	-9.686584	0
75	2	-7848.112	1117.202	0
75	3	474.0734	-2.385925	0
75	4	2327.052	271.099	0
75	5	93.52135	83.88522	0
75	6	668.7515	84.19052	0
75	7	337.1745	84.23447	0
75	8	-71.7203	-8.026062	0
75	9	1187.361	161.9711	0
75	10	158.2433	83.14081	0
75	11	688.1667	83.52167	0
75	12	-2537.077	429.308	0
75	13	728.7778	2.537109	0
75	14	418.2006	78.03592	0
75	15	-40.59908	3.610138	0
75	16	455.8522	-9.009888	0
75	17	102.6081	82.11954	0
75	18	1272.549	163.5105	0
75	19	780.6302	3.134918	0
75	20	25.85653	5.974731	0
75	21	707.1243	81.04248	0
75	22	409.7358	79.87259	0
75	23	-1277.436	225.8636	0
75	24	105.8278	82.25906	0
75	25	395.2995	-6.048767	0
78	1	880.7458	-9.931183	0
78	2	-7701.569	1106.281	0
78	3	475.7491	-2.763733	0
78	4	2369.812	277.179	0
78	5	93.55083	84.06519	0
78	6	668.3502	84.35187	0
78	7	335.5038	84.39999	0
78	8	-74.04237	-8.477112	0
78	9	1174.681	161.0934	0
78	10	159.4501	83.23303	0
78	11	688.005	83.66809	0
78	12	-2658.077	446.9019	0
78	13	727.8286	2.354828	0
78	14	419.011	78.164	0
78	15	-42.08884	3.335205	0
78	16	456.3009	-9.529968	0
78	17	102.5437	82.21765	0
78	18	1257.489	162.0519	0
78	19	780.9175	2.906067	0
78	20	25.68942	5.780579	0
78	21	706.9491	81.1593	0
78	22	410.4539	80.00937	0
78	23	-1288.967	227.9212	0
78	24	106.8236	82.30118	0
78	25	395.3296	-6.210297	0
78	26	2122.164	246.116	0
78	27	-86.14626	1.387207	0
79	1	880.4003	-10.01321	0
79	2	-7657.237	1103.197	0
79	3	476.3132	-2.8909	0
79	4	2385.464	279.3896	0
79	5	93.55478	84.1264	0
79	6	668.2166	84.40591	0
79	7	334.9435	84.45554	0
79	8	-74.8247	-8.629059	0
79	9	1170.511	160.8048	0
79	10	159.854	83.26392	0
79	11	687.9499	83.71725	0
79	12	-2700.418	453.0651	0
79	13	727.5103	2.29364	0
79	14	419.2834	78.20691	0
79	15	-42.56707	3.243683	0
79	16	456.4527	-9.705963	0
79	17	102.4668	82.25027	0
79	18	1252.508	161.5702	0
79	19	781.0157	2.82782	0
79	20	25.63246	5.714294	0
79	21	706.8889	81.19937	0
79	22	410.7026	80.05679	0
79	23	-1293.055	228.6507	0
79	24	107.2775	82.31854	0
79	25	395.3445	-6.290405	0
79	26	2117.18	245.672	0
79	27	-86.39463	1.350433	0
81	1	879.7061	-10.17789	0
81	2	-7574.925	1097.824	0
81	3	477.4502	-3.147247	0
81	4	2418.598	284.0561	0
81	5	93.5583	84.25006	0
81	6	667.9491	84.51459	0
81	7	333.8177	84.56711	0
81	8	-76.4024	-8.935516	0
81	9	1162.256	160.2334	0
81	10	160.664	83.32581	0
81	11	687.8381	83.81595	0
81	12	-2788.333	465.8719	0
81	13	726.8705	2.170746	0
81	14	419.8316	78.29303	0
81	15	-43.50461	3.060364	0
81	16	456.7597	-10.06161	0
81	17	102.2581	82.31711	0
81	18	1242.619	160.6145	0
81	19	781.1949	2.671082	0
81	20	25.51659	5.579742	0
81	21	706.7666	81.28094	0
81	22	411.2109	80.15387	0
81	23	-1301.542	230.1653	0
81	24	108.3093	82.35574	0
81	25	395.38	-6.48114	0
81	26	2103.858	244.488	0
81	27	-87.0694	1.25058	0
81	28	804.8497	0.3734131	0
82	1	879.3575	-10.26059	0
82	2	-7536.828	1095.523	0
82	3	478.0229	-3.276367	0
82	4	2436.019	286.5045	0
82	5	93.55884	84.31232	0
82	6	667.8154	84.56912	0
82	7	333.2522	84.62317	0
82	8	-77.19768	-9.089996	0
82	9	1158.17	159.9505	0
82	10	161.0702	83.35684	0
82	11	687.7814	83.86551	0
82	12	-2833.996	472.528	0
82	13	726.5492	2.109039	0
82	14	420.1072	78.33627	0
82	15	-43.96606	2.968536	0
82	16	456.9148	-10.24124	0
82	17	102.1391	82.35165	0
82	18	1237.713	160.1408	0
82	19	781.2576	2.594391	0
82	20	25.45805	5.511627	0
82	21	706.7045	81.32233	0
82	22	411.4699	80.2034	0
82	23	-1305.927	230.9478	0
82	24	108.8668	82.37512	0
82	25	395.4001	-6.589172	0
82	26	2095.877	243.7806	0
82	27	-87.48081	1.189636	0
82	28	804.8205	0.3539124	0
83	1	879.0081	-10.34351	0
83	2	-7500.67	1093.47	0
83	3	478.5986	-3.406189	0
83	4	2453.977	289.0258	0
83	5	93.5591	84.37485	0
83	6	667.6818	84.62381	0
83	7	332.6849	84.67935	0
83	8	-77.99722	-9.24527	0
83	9	1154.112	159.6695	0
83	10	161.4772	83.38794	0
83	11	687.7242	83.91525	0
83	12	-2880.86	479.3618	0
83	13	726.227	2.04718	0
83	14	420.3837	78.37961	0
83	15	-44.42417	2.876404	0
83	16	457.071	-10.42224	0
83	17	102.0192	82.38702	0
83	18	1232.833	159.67	0
83	19	781.3046	2.518616	0
83	20	25.39895	5.442993	0
83	21	706.642	81.36404	0
83	22	411.7318	80.25345	0
83	23	-1310.399	231.7458	0
83	24	109.439	82.39481	0
83	25	395.4216	-6.704407	0
83	26	2087.217	243.0145	0
83	27	-87.93342	1.12262	0
83	28	804.7805	0.3265686	0
84	1	878.6574	-10.42667	0
84	2	-7466.37	1091.657	0
84	3	479.1772	-3.536652	0
84	4	2472.451	291.6175	0
84	5	93.55942	84.43747	0
84	6	667.548	84.67868	0
84	7	332.116	84.73575	0
84	8	-78.80119	-9.401459	0
84	9	1150.08	159.3904	0
84	10	161.8849	83.41913	0
84	11	687.6664	83.96515	0
84	12	-2928.977	486.3808	0
84	13	725.9039	1.985077	0
84	14	420.6613	78.42307	0
84	15	-44.87957	2.784058	0
84	16	457.2282	-10.60443	0
84	17	101.9052	82.42325	0
84	18	1227.982	159.2021	0
84	19	781.3373	2.443665	0
84	20	25.3394	5.37384	0
84	21	706.5789	81.4061	0
84	22	411.9962	80.30405	0
84	23	-1314.952	232.5583	0
84	24	110.0171	82.41479	0
84	25	395.4443	-6.826141	0
84	26	2078.002	242.2011	0
84	27	-88.42179	1.050293	0
84	28	804.7317	0.2922974	0
85	1	878.306	-10.5101	0
85	2	-7433.87	1090.077	0
85	3	479.7588	-3.667816	0
85	4	2491.427	294.2777	0
85	5	93.56019	84.50027	0
85	6	667.4143	84.73364	0
85	7	331.5452	84.7923	0
85	8	-79.60962	-9.558472	0
85	9	1146.075	159.1129	0
85	10	162.2933	83.45032	0
85	11	687.6082	84.0152	0
85	12	-2978.405	493.5931	0
85	13	725.5797	1.922791	0
85	14	420.9398	78.46664	0
85	15	-45.33305	2.691467	0
85	16	457.3865	-10.78781	0
85	17	101.8006	82.4603	0
85	18	1223.158	158.7373	0
85	19	781.3571	2.369354	0
85	20	25.27956	5.30426	0
85	21	706.5154	81.44843	0
85	22	412.263	80.35507	0
85	23	-1319.584	233.3848	0
85	24	110.5931	82.435	0
85	25	395.468	-6.953491	0
85	26	2068.34	241.3502	0
85	27	-88.94144	0.9733276	0
85	28	804.6757	0.2520447	0
86	1	877.9535	-10.59381	0
86	2	-7403.094	1088.722	0
86	3	480.3434	-3.79953	0
86	4	2510.888	297.0048	0
86	5	93.56152	84.56311	0
86	6	667.2806	84.78882	0
86	7	330.9727	84.84903	0
86	8	-80.42245	-9.7164	0
86	9	1142.097	158.8373	0
86	10	162.7026	83.4816	0
86	11	687.5493	84.0654	0
86	12	-3029.205	501.0074	0
86	13	725.2546	1.860382	0
86	14	421.2191	78.51038	0
86	15	-45.78531	2.598511	0
86	16	457.5459	-10.97238	0
86	17	101.7044	82.49811	0
86	18	1218.364	158.2756	0
86	19	781.3651	2.295624	0
86	20	25.21925	5.234161	0
86	21	706.4515	81.49106	0
86	22	412.532	80.40652	0
86	23	-1324.289	234.2245	0
86	24	111.1667	82.45544	0
86	25	395.4927	-7.085907	0
86	26	2058.326	240.4704	0
86	27	-89.48874	0.8921814	0
86	28	804.6139	0.206543	0
87	1	877.6	-10.6777	0
87	2	-7373.964	1087.586	0
87	3	480.9309	-3.932007	0
87	4	2530.823	299.7973	0
87	5	93.56372	84.62601	0
87	6	667.1469	84.84415	0
87	7	330.3985	84.90594	0
87	8	-81.23972	-9.875153	0
87	9	1138.145	158.5634	0
87	10	163.1125	83.51294	0
87	11	687.49	84.11572	0
87	12	-3081.444	508.6332	0
87	13	724.9286	1.79776	0
87	14	421.4994	78.5542	0
87	15	-46.2368	2.50528	0
87	16	457.7064	-11.15829	0
87	17	101.6154	82.53665	0
87	18	1213.599	157.8171	0
87	19	781.3627	2.222351	0
87	20	25.15871	5.163788	0
87	21	706.3872	81.53391	0
87	22	412.8031	80.45837	0
87	23	-1329.066	235.0769	0
87	24	111.7379	82.47614	0
87	25	395.5182	-7.22287	0
87	26	2048.037	239.5689	0
87	27	-90.06025	0.8074036	0
87	28	804.5472	0.1564941	0
88	1	877.2452	-10.76178	0
88	2	-7346.387	1086.657	0
88	3	481.5214	-4.065155	0
88	4	2551.223	302.6542	0
88	5	93.56693	84.6889	0
88	6	667.013	84.89963	0
88	7	329.8224	84.96301	0
88	8	-82.06149	-10.03476	0
88	9	1134.218	158.2911	0
88	10	163.5232	83.54431	0
88	11	687.4301	84.16626	0
88	12	-3135.197	516.4811	0
88	13	724.6017	1.734985	0
88	14	421.7806	78.59818	0
88	15	-46.68814	2.411652	0
88	16	457.8679	-11.3454	0
88	17	101.5327	82.57584	0
88	18	1208.863	157.3617	0
88	19	781.351	2.149506	0
88	20	25.09777	5.092957	0
88	21	706.3226	81.577	0
88	22	413.0761	80.51062	0
88	23	-1333.911	235.9417	0
88	24	112.3067	82.49701	0
88	25	395.5445	-7.363861	0
88	26	2037.544	238.652	0
88	27	-90.65289	0.7194519	0
88	28	804.4765	0.1024475	0
90	1	876.5331	-10.93079	0
90	2	-7295.609	1085.394	0
90	3	482.7117	-4.333496	0
90	4	2593.38	308.5574	0
90	5	93.57716	84.8147	0
90	6	666.7453	85.01105	0
90	7	328.665	85.07773	0
90	8	-83.71876	-10.35666	0
90	9	1126.44	157.7515	0
90	10	164.3469	83.60724	0
90	11	687.3089	84.2677	0
90	12	-3247.567	532.8882	0
90	13	723.9451	1.608856	0
90	14	422.3455	78.68649	0
90	15	-47.5917	2.223389	0
90	16	458.1942	-11.72327	0
90	17	101.3835	82.65619	0
90	18	1199.483	156.4607	0
90	19	781.3032	2.004547	0
90	20	24.97499	4.950226	0
90	21	706.1847	81.66397	0
90	22	413.6273	80.61603	0
90	23	-1343.802	237.7065	0
90	24	113.4372	82.53925	0
90	25	395.599	-7.656586	0
90	26	2016.169	236.7924	0
90	27	-91.89246	0.5353394	0
90	28	804.326	-0.01574707	0
90	29	722.0065	81.34122	0
96	1	874.3716	-11.44366	0
96	2	-7170.869	1085.503	0
96	3	486.3575	-5.155518	0
96	4	2730.338	327.7504	0
96	5	93.64606	85.19049	0
96	6	665.941	85.34921	0
96	7	325.1492	85.42612	0
96	8	-88.80304	-11.34433	0
96	9	1103.691	156.1696	0
96	10	166.8358	83.79745	0
96	11	686.9332	84.57581	0
96	12	-3631.096	588.8517	0
96	13	721.9531	1.226227	0
96	14	424.0623	78.95523	0
96	15	-50.25066	1.651733	0
96	16	459.1993	-12.88742	0
96	17	101.0316	82.91028	0
96	18	1172.074	153.8357	0
96	19	781.0192	1.572937	0
96	20	24.59986	4.514221	0
96	21	705.6478	81.93207	0
96	22	415.318	80.93887	0
96	23	-1374.975	243.2695	0
96	24	116.7704	82.6698	0
96	25	395.7748	-8.600586	0
96	26	1951.726	231.2599	0
96	27	-93.31262	0.03961182	0
96	28	803.8297	-0.4264832	0
96	29	721.2481	81.41501	0
96	30	-4433.655	616.2446	0
96	31	79.40771	81.82083	0
96	32	412.8481	76.87021	0
96	33	-101.0603	-0.07971191	0
96	34	1485.318	163.0896	0
97	1	874.0076	-11.53003	0
97	2	-7152.855	1085.941	0
97	3	486.9764	-5.295074	0
97	4	2754.663	331.1643	0
97	5	93.66405	85.25281	0
97	6	665.8068	85.40613	0
97	7	324.5569	85.48483	0
97	8	-89.66725	-11.51218	0
97	9	1099.981	155.911	0
97	10	167.2532	83.82935	0
97	11	686.8687	84.62769	0
97	12	-3703.184	599.3574	0
97	13	721.6178	1.161835	0
97	14	424.3514	79.00055	0
97	15	-50.6786	1.555725	0
97	16	459.3708	-13.086	0
97	17	100.9839	82.95428	0
97	18	1167.612	153.4096	0
97	19	780.9575	1.501068	0
97	20	24.53641	4.440521	0
97	21	705.5491	81.97763	0
97	22	415.6046	80.99356	0
97	23	-1380.384	244.2346	0
97	24	117.3169	82.69214	0
97	25	395.8056	-8.765533	0
97	26	1941.206	230.3684	0
97	27	-93.22668	-0.0390625	0
97	28	803.7429	-0.5007019	0
97	29	721.0569	81.43326	0
97	30	-4465.296	620.6495	0
97	31	79.58929	81.83423	0
97	32	412.7365	76.89124	0
97	33	-101.7854	-0.1367493	0
97	34	1483.333	162.9763	0
98	1	873.6425	-11.61658	0
98	2	-7135.258	1086.451	0
98	3	487.5985	-5.435394	0
98	4	2779.415	334.6402	0
98	5	93.68401	85.31503	0
98	6	665.6724	85.46326	0
98	7	323.9626	85.5437	0
98	8	-90.53645	-11.681	0
98	9	1096.294	155.6537	0
98	10	167.6714	83.86133	0
98	11	686.8038	84.67975	0
98	12	-3778.061	610.2634	0
98	13	721.2817	1.09726	0
98	14	424.6413	79.04602	0
98	15	-51.10414	1.459442	0
98	16	459.5433	-13.28586	0
98	17	100.9387	82.9986	0
98	18	1163.182	152.9868	0
98	19	780.893	1.429077	0
98	20	24.47275	4.366516	0
98	21	705.449	82.02341	0
98	22	415.8925	81.0484	0
98	23	-1385.852	245.2105	0
98	24	117.8607	82.71466	0
98	25	395.8366	-8.932312	0
98	26	1930.793	229.4895	0
98	27	-93.17302	-0.1212769	0
98	28	803.6553	-0.5760498	0
98	29	720.8527	81.4527	0
98	30	-4500.61	625.5659	0
98	31	79.79411	81.84933	0
98	32	412.6103	76.91495	0
98	33	-102.5075	-0.197876	0
98	34	1481.011	162.8438	0
99	1	873.2765	-11.70346	0
99	2	-7117.897	1087.01	0
99	3	488.2238	-5.576324	0
99	4	2804.593	338.1785	0
99	5	93.70608	85.37711	0
99	6	665.5379	85.52054	0
99	7	323.3665	85.60278	0
99	8	-91.41061	-11.8508	0
99	9	1092.628	155.3978	0
99	10	168.0903	83.89334	0
99	11	686.7385	84.73193	0
99	12	-3855.943	621.6	0
99	13	720.9446	1.032501	0
99	14	424.9319	79.09155	0
99	15	-51.52817	1.362823	0
99	16	459.7169	-13.48697	0
99	17	100.896	83.04337	0
99	18	1158.781	152.5672	0
99	19	780.8259	1.357086	0
99	20	24.40879	4.292206	0
99	21	705.348	82.06943	0
99	22	416.1816	81.10349	0
99	23	-1391.381	246.1972	0
99	24	118.4017	82.73734	0
99	25	395.868	-9.100769	0
99	26	1920.494	228.6239	0
99	27	-93.16466	-0.2072449	0
99	28	803.567	-0.6524658	0
99	29	720.6368	81.47311	0
99	30	-4539.342	630.9579	0
99	31	80.01932	81.86591	0
99	32	412.4717	76.94107	0
99	33	-103.2122	-0.2624207	0
99	34	1478.398	162.6947	0
100	1	872.9094	-11.79059	0
100	2	-7100.595	1087.594	0
100	3	488.8525	-5.718109	0
100	4	2830.2	341.7796	0
100	5	93.73025	85.43909	0
100	6	665.4034	85.57794	0
100	7	322.7685	85.66205	0
100	8	-92.28967	-12.02155	0
100	9	1088.985	155.1432	0
100	10	168.5099	83.92542	0
100	11	686.6727	84.7843	0
100	12	-3937.071	633.4009	0
100	13	720.6065	0.9675598	0
100	14	425.2232	79.13727	0
100	15	-51.95085	1.26593	0
100	16	459.8918	-13.68951	0
100	17	100.8558	83.08847	0
100	18	1154.41	152.1508	0
100	19	780.7565	1.284973	0
100	20	24.3446	4.217621	0
100	21	705.2462	82.11563	0
100	22	416.472	81.15875	0
100	23	-1396.971	247.1946	0
100	24	118.9399	82.76016	0
100	25	395.8997	-9.270935	0
100	26	1910.32	227.7723	0
100	27	-93.21091	-0.2965393	0
100	28	803.4778	-0.7298889	0
100	29	720.4108	81.49442	0
100	30	-4581.287	636.7974	0
100	31	80.2622	81.88382	0
100	32	412.3221	76.96927	0
100	33	-103.8888	-0.3299255	0
100	34	1475.537	162.5314	0
101	1	872.5413	-11.87793	0
101	2	-7083.145	1088.177	0
101	3	489.4846	-5.860565	0
101	4	2856.238	345.4442	0
101	5	93.75655	85.50101	0
101	6	665.2687	85.63553	0
101	7	322.1687	85.72147	0
101	8	-93.1737	-12.19327	0
101	9	1085.363	154.8899	0
101	10	168.9304	83.95752	0
101	11	686.6064	84.83685	0
101	12	-4021.711	645.7032	0
101	13	720.2675	0.9024353	0
101	14	425.5152	79.18311	0
101	15	-52.373	1.16864	0
101	16	460.0678	-13.89337	0
101	17	100.8179	83.13397	0
101	18	1150.07	151.7376	0
101	19	780.6851	1.212769	0
101	20	24.28021	4.142761	0
101	21	705.1438	82.16202	0
101	22	416.7636	81.21423	0
101	23	-1402.621	248.203	0
101	24	119.4752	82.7832	0
101	25	395.9317	-9.442657	0
101	26	1900.275	226.9352	0
101	27	-93.31804	-0.3891907	0
101	28	803.388	-0.808136	0
101	29	720.1756	81.51651	0
101	30	-4626.274	643.0603	0
101	31	80.52045	81.90283	0
101	32	412.1628	76.99927	0
101	33	-104.532	-0.3999634	0
101	34	1472.464	162.356	0
102	1	872.1719	-11.96555	0
102	2	-7065.364	1088.732	0
102	3	490.1199	-6.003845	0
102	4	2882.709	349.173	0
102	5	93.78506	85.56277	0
102	6	665.134	85.6933	0
102	7	321.5669	85.78113	0
102	8	-94.06294	-12.36603	0
102	9	1081.762	154.6378	0
102	10	169.3516	83.98975	0
102	11	686.5396	84.88953	0
102	12	-4110.166	658.5496	0
102	13	719.9275	0.8371582	0
102	14	425.808	79.2291	0
102	15	-52.79485	1.070984	0
102	16	460.2451	-14.09857	0
102	17	100.7823	83.17975	0
102	18	1145.759	151.3276	0
102	19	780.6122	1.140381	0
102	20	24.21558	4.067627	0
102	21	705.0411	82.20865	0
102	22	417.0565	81.2699	0
102	23	-1408.333	249.2222	0
102	24	120.0076	82.8064	0
102	25	395.964	-9.615906	0
102	26	1890.364	226.113	0
102	27	-93.48862	-0.4847412	0
102	28	803.2977	-0.8872986	0
102	29	719.9324	81.53922	0
102	30	-4674.177	649.7291	0
102	31	80.79212	81.92285	0
102	32	411.9952	77.03088	0
102	33	-105.1448	-0.472168	0
102	34	1469.21	162.1703	0
103	1	871.8016	-12.05347	0
103	2	-7047.021	1089.228	0
103	3	490.7588	-6.147888	0
103	4	2909.617	352.9666	0
103	5	93.81573	85.62442	0
103	6	664.9991	85.75122	0
103	7	320.9633	85.84094	0
103	8	-94.95732	-12.5397	0
103	9	1078.183	154.387	0
103	10	169.7735	84.02197	0
103	11	686.4723	84.94235	0
103	12	-4202.766	671.9865	0
103	13	719.5866	0.771637	0
103	14	426.1016	79.27524	0
103	15	-53.21657	0.9729919	0
103	16	460.4234	-14.30524	0
103	17	100.749	83.2258	0
103	18	1141.478	150.9207	0
103	19	780.5377	1.067932	0
103	20	24.15071	3.992218	0
103	21	704.9382	82.25546	0
103	22	417.3506	81.32578	0
103	23	-1414.106	250.2526	0
103	24	120.5371	82.82983	0
103	25	395.9966	-9.790619	0
103	26	1880.592	225.306	0
103	27	-93.71606	-0.5830994	0
103	28	803.2066	-0.9671631	0
103	29	719.6819	81.56253	0
103	30	-4724.893	656.7896	0
103	31	81.07551	81.94376	0
103	32	411.8201	77.0639	0
103	33	-105.7304	-0.5463867	0
103	34	1465.802	161.9758	0
105	1	871.0575	-12.22998	0
105	2	-7007.752	1089.916	0
105	3	492.055	-6.440979	0
105	4	2964.762	360.752	0
105	5	93.88377	85.74744	0
105	6	664.7292	85.86761	0
105	7	319.7502	85.96115	0
105	8	-96.76159	-12.89023	0
105	9	1071.086	153.8889	0
105	10	170.6197	84.08664	0
105	11	686.3362	85.04852	0
105	12	-4401.939	700.8481	0
105	13	718.9019	0.6401672	0
105	14	426.691	79.36792	0
105	15	-54.0613	0.7758484	0
105	16	460.7838	-14.7226	0
105	17	100.6891	83.31888	0
105	18	1133.005	150.1165	0
105	19	780.3851	0.9225769	0
105	20	24.02019	3.840546	0
105	21	704.7324	82.34961	0
105	22	417.9422	81.43811	0
105	23	-1425.842	252.3467	0
105	24	121.5871	82.8772	0
105	25	396.0624	-10.14438	0
105	26	1861.467	223.7375	0
105	27	-94.31881	-0.7872009	0
105	28	803.0223	-1.128815	0
105	29	719.1624	81.61057	0
105	30	-4834.482	672.0463	0
105	31	81.67183	81.98767	0
105	32	411.4513	77.13345	0
105	33	-106.8298	-0.6992493	0
105	34	1458.614	161.5656	0
105	35	481.6205	-3.093842	0
106	1	870.6838	-12.31863	0
106	2	-6986.391	1090.044	0
106	3	492.7198	-6.592407	0
106	4	2993.027	364.7482	0
106	5	93.92114	85.80878	0
106	6	664.5941	85.92606	0
106	7	319.1407	86.02155	0
106	8	-97.67158	-13.06699	0
106	9	1067.568	153.6416	0
106	10	171.0439	84.11905	0
106	11	686.2675	85.10184	0
106	12	-4509.399	716.3981	0
106	13	718.5581	0.5740967	0
106	14	426.9868	79.41452	0
106	15	-54.4847	0.6766968	0
106	16	460.9659	-14.93335	0
106	17	100.6624	83.36584	0
106	18	1128.812	149.719	0
106	19	780.3072	0.8497009	0
106	20	23.95452	3.764282	0
106	21	704.6296	82.39694	0
106	22	418.2397	81.49457	0
106	23	-1431.804	253.4107	0
106	24	122.1074	82.90115	0
106	25	396.0958	-10.32336	0
106	26	1852.104	222.9746	0
106	27	-94.6841	-0.8926086	0
106	28	802.9293	-1.210571	0
106	29	718.8945	81.63519	0
106	30	-4893.28	680.2318	0
106	31	81.98228	82.01056	0
106	32	411.259	77.16974	0
106	33	-107.3483	-0.7777405	0
106	34	1454.873	161.3521	0
106	35	481.6501	-3.124268	0
107	1	870.3091	-12.40753	0
107	2	-6963.564	1089.983	0
107	3	493.3943	-6.746552	0
107	4	3021.808	368.8203	0
107	5	93.96081	85.87	0
107	6	664.4588	85.98468	0
107	7	318.5294	86.08212	0
107	8	-98.58678	-13.24475	0
107	9	1064.07	153.3954	0
107	10	171.4689	84.15152	0
107	11	686.1984	85.15533	0
107	12	-4622.781	732.7896	0
107	13	718.2134	0.5078735	0
107	14	427.2835	79.46121	0
107	15	-54.90898	0.5771484	0
107	16	461.1491	-15.14563	0
107	17	100.6379	83.41306	0
107	18	1124.648	149.3246	0
107	19	780.2286	0.7766418	0
107	20	23.88873	3.687775	0
107	21	704.5269	82.44446	0
107	22	418.5385	81.55121	0
107	23	-1437.831	254.4863	0
107	24	122.6248	82.92538	0
107	25	396.1294	-10.50366	0
107	26	1842.861	222.2242	0
107	27	-95.08639	-0.9999084	0
107	28	802.8356	-1.292877	0
107	29	718.622	81.66019	0
107	30	-4954.717	688.7847	0
107	31	82.29964	82.03394	0
107	32	411.0622	77.20688	0
107	33	-107.8487	-0.8571777	0
107	34	1451.054	161.1342	0
107	35	481.6919	-3.167206	0
108	1	869.9332	-12.49673	0
108	2	-6939.08	1089.702	0
108	3	494.078	-6.903107	0
108	4	3051.144	372.9741	0
108	5	94.00278	85.93118	0
108	6	664.3234	86.04349	0
108	7	317.9161	86.14291	0
108	8	-99.50755	-13.42358	0
108	9	1060.592	153.1504	0
108	10	171.8946	84.18408	0
108	11	686.1287	85.20898	0
108	12	-4742.663	750.1044	0
108	13	717.8676	0.4414368	0
108	14	427.5809	79.50806	0
108	15	-55.33446	0.4772034	0
108	16	461.3336	-15.35928	0
108	17	100.6156	83.46057	0
108	18	1120.512	148.9333	0
108	19	780.1494	0.7033997	0
108	20	23.82265	3.610992	0
108	21	704.4244	82.49213	0
108	22	418.8384	81.60803	0
108	23	-1443.923	255.5734	0
108	24	123.1391	82.94977	0
108	25	396.1632	-10.68533	0
108	26	1833.73	221.4853	0
108	27	-95.52202	-1.10907	0
108	28	802.7411	-1.375824	0
108	29	718.3454	81.68542	0
108	30	-5018.799	697.7061	0
108	31	82.62305	82.0578	0
108	32	410.8614	77.24475	0
108	33	-108.3326	-0.9376221	0
108	34	1447.172	160.9126	0
108	35	481.7445	-3.221039	0
109	1	869.5562	-12.58618	0
109	2	-6912.725	1089.17	0
109	3	494.7701	-7.06192	0
109	4	3081.078	377.215	0
109	5	94.047	85.99219	0
109	6	664.1878	86.10245	0
109	7	317.3008	86.20386	0
109	8	-100.4335	-13.60345	0
109	9	1057.133	152.9064	0
109	10	172.3211	84.21667	0
109	11	686.0586	85.26276	0
109	12	-4869.696	768.4354	0
109	13	717.5209	0.3749084	0
109	14	427.8791	79.55508	0
109	15	-55.76115	0.3768311	0
109	16	461.5194	-15.57437	0
109	17	100.5955	83.5083	0
109	18	1116.405	148.5451	0
109	19	780.0695	0.6300049	0
109	20	23.75636	3.533936	0
109	21	704.3223	82.54001	0
109	22	419.1395	81.66501	0
109	23	-1450.082	256.6723	0
109	24	123.6502	82.97437	0
109	25	396.1973	-10.86835	0
109	26	1824.706	220.7571	0
109	27	-95.98801	-1.220001	0
109	28	802.6459	-1.459198	0
109	29	718.0649	81.71097	0
109	30	-5085.549	706.9987	0
109	31	82.95175	82.082	0
109	32	410.657	77.28333	0
109	33	-108.802	-1.018921	0
109	34	1443.236	160.6879	0
109	35	481.8065	-3.284515	0
114	1	867.6766	-13.04376	0
114	2	-6747.807	1081.874	0
114	3	498.3393	-7.881531	0
114	4	3241.152	399.9235	0
114	5	94.30251	86.29599	0
114	6	663.5082	86.39993	0
114	7	314.1948	86.51166	0
114	8	-105.1464	-14.51889	0
114	9	1040.125	151.7024	0
114	10	174.4652	84.38052	0
114	11	685.7009	85.53427	0
114	12	-5640.951	879.4427	0
114	13	715.7728	0.03909302	0
114	14	429.3822	79.79248	0
114	15	-57.91714	-0.131073	0
114	16	462.4675	-16.67236	0
114	17	100.5274	83.75024	0
114	18	1096.291	146.6485	0
114	19	779.6653	0.2602234	0
114	20	23.42117	3.14447	0
114	21	703.8157	82.78189	0
114	22	420.6626	81.95282	0
114	23	-1481.895	262.3494	0
114	24	126.1592	83.10068	0
114	25	396.3714	-11.8028	0
114	26	1780.998	217.2518	0
114	27	-98.68491	-1.797302	0
114	28	802.0834	-1.874268	0
114	29	716.6162	81.84158	0
114	30	-5460.701	759.2365	0
114	31	84.65588	82.20758	0
114	32	409.5937	77.48395	0
114	33	-110.9699	-1.434113	0
114	34	1423.06	159.5365	0
114	35	482.2247	-3.711609	0
114	36	847.7752	-6.931885	0
114	37	643.8635	76.75571	0
114	38	-16486.15	1919.832	0
115	1	867.301	-13.13727	0
115	2	-6707.582	1079.369	0
115	3	499.0725	-8.049774	0
115	4	3275.541	404.8063	0
115	5	94.36055	86.35651	0
115	6	663.3718	86.45996	0
115	7	313.5676	86.57385	0
115	8	-106.1058	-14.70526	0
115	9	1036.778	151.4646	0
115	10	174.8963	84.41348	0
115	11	685.628	85.58908	0
115	12	-5829.753	906.5636	0
115	13	715.4203	-0.02865601	0
115	14	429.6852	79.84045	0
115	15	-58.35354	-0.2338867	0
115	16	462.6611	-16.89661	0
115	17	100.5204	83.79926	0
115	18	1092.351	146.278	0
115	19	779.584	0.18573	0
115	20	23.35342	3.065765	0
115	21	703.7154	82.83075	0
115	22	420.9707	82.01096	0
115	23	-1488.468	263.5225	0
115	24	126.6517	83.12659	0
115	25	396.4069	-11.99353	0
115	26	1772.511	216.5743	0
115	27	-99.28427	-1.916931	0
115	28	801.9484	-1.956299	0
115	29	716.3188	81.86816	0
115	30	-5544.11	770.8668	0
115	31	85.00587	82.23337	0
115	32	409.3745	77.52533	0
115	33	-111.3747	-1.518524	0
115	34	1418.971	159.3031	0
115	35	482.3247	-3.81369	0
115	36	847.6422	-6.974426	0
115	37	643.8279	76.77066	0
115	38	-16430.52	1914.662	0
117	1	866.5472	-13.32538	0
117	2	-6619.773	1073.258	0
117	3	500.5564	-8.389587	0
117	4	3347.036	414.9611	0
117	5	94.4834	86.47729	0
117	6	663.0986	86.5806	0
117	7	312.3071	86.69873	0
117	8	-108.042	-15.08136	0
117	9	1030.139	150.992	0
117	10	175.761	84.47952	0
117	11	685.4807	85.69919	0
117	12	-6253.054	967.321	0
117	13	714.712	-0.1646729	0
117	14	430.2939	79.93683	0
117	15	-59.23197	-0.4408569	0
117	16	463.0523	-17.34967	0
117	17	100.5128	83.89786	0
117	18	1084.553	145.5455	0
117	19	779.4211	0.03613281	0
117	20	23.21723	2.907471	0
117	21	703.5159	82.92902	0
117	22	421.5905	82.12772	0
117	23	-1501.836	265.908	0
117	24	127.6274	83.17914	0
117	25	396.4787	-12.37909	0
117	26	1755.83	215.2481	0
117	27	-100.5317	-2.15976	0
117	28	801.6595	-2.119659	0
117	29	715.7179	81.9216	0
117	30	-5720.09	795.4207	0
117	31	85.71268	82.28546	0
117	32	408.931	77.60904	0
117	33	-112.1617	-1.688232	0
117	34	1410.773	158.8353	0
117	35	482.537	-4.030243	0
117	36	847.332	-7.075989	0
117	37	643.739	76.80795	0
117	38	-16255.91	1898.417	0
117	39	1438.826	173.3382	0
118	1	866.1688	-13.42001	0
118	2	-6572.334	1069.662	0
118	3	501.3067	-8.561096	0
118	4	3384.238	420.2463	0
118	5	94.54825	86.53763	0
118	6	662.9617	86.6412	0
118	7	311.6738	86.76151	0
118	8	-109.0189	-15.27112	0
118	9	1026.846	150.7571	0
118	10	176.1945	84.51266	0
118	11	685.4064	85.75449	0
118	12	-6491.295	1001.495	0
118	13	714.3564	-0.2329712	0
118	14	430.5994	79.98526	0
118	15	-59.67422	-0.5449829	0
118	16	463.2499	-17.57858	0
118	17	100.5123	83.94742	0
118	18	1080.695	145.1834	0
118	19	779.3398	-0.03897095	0
118	20	23.14873	2.827881	0
118	21	703.4167	82.97839	0
118	22	421.9021	82.1864	0
118	23	-1508.632	267.1208	0
118	24	128.111	83.20566	0
118	25	396.515	-12.57373	0
118	26	1747.685	214.606	0
118	27	-101.1776	-2.282959	0
118	28	801.5063	-2.201233	0
118	29	715.4145	81.94852	0
118	30	-5813.007	808.3895	0
118	31	86.06904	82.31171	0
118	32	408.7069	77.65131	0
118	33	-112.5449	-1.773529	0
118	34	1406.671	158.6012	0
118	35	482.6485	-4.143921	0
118	36	847.1596	-7.133881	0
118	37	643.6871	76.82971	0
118	38	-16143.1	1887.913	0
118	39	1439.138	173.4395	0
122	1	864.6406	-13.80087	0
122	2	-6361.694	1051.952	0
122	3	504.3611	-9.25705	0
122	4	3543.897	442.9357	0
122	5	94.86763	86.78098	0
122	6	662.4125	86.88535	0
122	7	309.12	87.01456	0
122	8	-112.9857	-16.04163	0
122	9	1013.839	149.8273	0
122	10	177.9364	84.64578	0
122	11	685.1046	85.97742	0
122	12	-7681.27	1172.059	0
122	13	712.924	-0.5082092	0
122	14	431.8301	80.1806	0
122	15	-61.46389	-0.9659729	0
122	16	464.0546	-18.5105	0
122	17	100.5857	84.14172	0
122	18	1065.533	143.7618	0
122	19	779.0144	-0.3412781	0
122	20	22.87242	2.506744	0
122	21	703.0237	83.17755	0
122	22	423.1606	82.42297	0
122	23	-1536.594	272.1105	0
122	24	130.0211	83.31363	0
122	25	396.6625	-13.3656	0
122	26	1716.224	212.1559	0
122	27	-103.9121	-2.791443	0
122	28	800.8445	-2.526672	0
122	29	714.1844	82.05688	0
122	30	-6221.771	865.4554	0
122	31	87.5103	82.41794	0
122	32	407.7978	77.82291	0
122	33	-114.1155	-2.127075	0
122	34	1390.297	157.6652	0
122	35	483.123	-4.627655	0
122	36	846.3901	-7.400879	0
122	37	643.4437	76.93192	0
122	38	-15581.14	1835.525	0
122	39	1441.492	174.2048	0
122	40	82.20861	85.98389	0
122	41	-83.61279	1.285004	0
122	42	373.8403	80.39175	0
124	1	863.8672	-13.99258	0
124	2	-6246.112	1041.374	0
124	3	505.9188	-9.610504	0
124	4	3631.02	455.3199	0
124	5	95.06551	86.90469	0
124	6	662.1369	87.00854	0
124	7	307.8305	87.14236	0
124	8	-115.0057	-16.43405	0
124	9	1007.431	149.3683	0
124	10	178.8121	84.71271	0
124	11	684.9509	86.0899	0
124	12	-8470.827	1285.176	0
124	13	712.2015	-0.6469727	0
124	14	432.4506	80.27924	0
124	15	-62.37185	-1.179108	0
124	16	464.4657	-18.98645	0
124	17	100.6821	84.23511	0
124	18	1058.112	143.0666	0
124	19	778.8523	-0.4935608	0
124	20	22.73284	2.344452	0
124	21	702.8293	83.27811	0
124	22	423.797	82.54239	0
124	23	-1551.059	274.6919	0
124	24	130.9631	83.3685	0
124	25	396.7378	-13.76959	0
124	26	1701.085	210.9929	0
124	27	-105.3626	-3.054962	0
124	28	800.4883	-2.689545	0
124	29	713.5602	82.11145	0
124	30	-6451.36	897.5095	0
124	31	88.23878	82.47162	0
124	32	407.3364	77.91	0
124	33	-114.9422	-2.312866	0
124	34	1382.153	157.1987	0
124	35	483.3746	-4.883881	0
124	36	845.9728	-7.55069	0
124	37	643.306	76.98972	0
124	38	-15260.05	1805.564	0
124	39	1443.144	174.7449	0
124	40	82.48634	86.01862	0
124	41	-83.66162	1.223297	0
124	42	374.0977	80.41489	0
124	43	432.2687	4.063354	0
125	1	863.4784	-14.08875	0
125	2	-6186.412	1035.737	0
125	3	506.7051	-9.788544	0
125	4	3676.619	461.8021	0
125	5	95.17023	86.96692	0
125	6	661.9987	87.07043	0
125	7	307.1826	87.20654	0
125	8	-116.025	-16.63196	0
125	9	1004.249	149.1403	0
125	10	179.2511	84.74628	0
125	11	684.8734	86.14639	0
125	12	-8933.088	1351.397	0
125	13	711.8387	-0.7166443	0
125	14	432.7621	80.32883	0
125	15	-62.82919	-1.286377	0
125	16	464.6734	-19.22705	0
125	17	100.7431	84.28116	0
125	18	1054.441	142.7229	0
125	19	778.7714	-0.5700073	0
125	20	22.66258	2.262848	0
125	21	702.7328	83.32864	0
125	22	424.117	82.60236	0
125	23	-1558.418	276.005	0
125	24	131.4313	83.39615	0
125	25	396.7758	-13.97354	0
125	26	1693.649	210.4252	0
125	27	-106.1053	-3.188751	0
125	28	800.3047	-2.771027	0
125	29	713.246	82.13882	0
125	30	-6573.313	914.5356	0
125	31	88.60468	82.49857	0
125	32	407.1042	77.95383	0
125	33	-115.36	-2.407227	0
125	34	1378.095	156.966	0
125	35	483.5034	-5.015045	0
125	36	845.7585	-7.628662	0
125	37	643.2342	77.01987	0
125	38	-15094.45	1790.106	0
125	39	1444.053	175.0433	0
125	40	82.65551	86.03989	0
125	41	-83.6943	1.185303	0
125	42	374.2856	80.43173	0
125	43	432.2867	4.03772	0
126	1	863.0879	-14.18509	0
126	2	-6125.69	1029.903	0
126	3	507.4962	-9.967438	0
126	4	3723.668	468.4908	0
126	5	95.27789	87.02945	0
126	6	661.8605	87.13251	0
126	7	306.5327	87.271	0
126	8	-117.0506	-16.83121	0
126	9	1001.083	148.9132	0
126	10	179.691	84.77988	0
126	11	684.7955	86.20306	0
126	12	-9450.829	1425.567	0
126	13	711.4749	-0.786499	0
126	14	433.0745	80.37854	0
126	15	-63.28899	-1.394135	0
126	16	464.8826	-19.46933	0
126	17	100.8118	84.32678	0
126	18	1050.796	142.3816	0
126	19	778.6907	-0.6466675	0
126	20	22.59218	2.181	0
126	21	702.6366	83.37933	0
126	22	424.4382	82.6626	0
126	23	-1565.863	277.3335	0
126	24	131.8976	83.42392	0
126	25	396.8141	-14.17892	0
126	26	1686.297	209.8665	0
126	27	-106.8589	-3.323547	0
126	28	800.118	-2.852661	0
126	29	712.9305	82.16623	0
126	30	-6700.405	932.2791	0
126	31	88.9716	82.5256	0
126	32	406.871	77.99783	0
126	33	-115.7797	-2.502411	0
126	34	1374.048	156.734	0
126	35	483.6342	-5.148071	0
126	36	845.5414	-7.708496	0
126	37	643.1608	77.05069	0
126	38	-14926.84	1774.457	0
126	39	1445.007	175.3573	0
126	40	82.84142	86.06335	0
126	41	-83.73239	1.143188	0
126	42	374.5062	80.45157	0
126	43	432.3119	4.001648	0
127	1	862.6959	-14.28171	0
127	2	-6064.134	1023.896	0
127	3	508.2922	-10.14719	0
127	4	3772.241	475.3965	0
127	5	95.38781	87.09219	0
127	6	661.7219	87.19473	0
127	7	305.8805	87.3356	0
127	8	-118.0826	-17.03168	0
127	9	997.9318	148.6872	0
127	10	180.1316	84.81357	0
127	11	684.717	86.25992	0
127	12	-10034.49	1509.183	0
127	13	711.11	-0.8566284	0
127	14	433.3878	80.4285	0
127	15	-63.75083	-1.502258	0
127	16	465.0934	-19.71341	0
127	17	100.8877	84.37207	0
127	18	1047.176	142.0428	0
127	19	778.6101	-0.7234802	0
127	20	22.52143	2.098785	0
127	21	702.5408	83.43021	0
127	22	424.7606	82.72296	0
127	23	-1573.394	278.6776	0
127	24	132.3623	83.45181	0
127	25	396.8526	-14.38577	0
127	26	1679.027	209.3162	0
127	27	-107.6227	-3.459595	0
127	28	799.928	-2.93454	0
127	29	712.6138	82.1937	0
127	30	-6832.947	950.7832	0
127	31	89.33944	82.55273	0
127	32	406.6369	78.04202	0
127	33	-116.2001	-2.598267	0
127	34	1370.014	156.5026	0
127	35	483.7668	-5.282837	0
127	36	845.3217	-7.789886	0
127	37	643.0859	77.08212	0
127	38	-14758.02	1758.692	0
127	39	1446	175.6849	0
127	40	83.04186	86.08868	0
127	41	-83.77565	1.097382	0
127	42	374.7552	80.47394	0
127	43	432.3435	3.956635	0
128	1	862.3024	-14.37845	0
128	2	-6001.946	1017.744	0
128	3	509.093	-10.32776	0
128	4	3822.417	482.5302	0
128	5	95.49966	87.15521	0
128	6	661.5832	87.2572	0
128	7	305.2262	87.40045	0
128	8	-119.1209	-17.23334	0
128	9	994.7949	148.4621	0
128	10	180.5731	84.84729	0
128	11	684.6382	86.31696	0
128	12	-10697.13	1604.119	0
128	13	710.7441	-0.9269104	0
128	14	433.7021	80.47855	0
128	15	-64.21508	-1.610962	0
128	16	465.3056	-19.95923	0
128	17	100.9705	84.41705	0
128	18	1043.582	141.7064	0
128	19	778.5297	-0.8005066	0
128	20	22.45045	2.016327	0
128	21	702.4453	83.48123	0
128	22	425.0843	82.78354	0
128	23	-1581.015	280.0375	0
128	24	132.8253	83.47983	0
128	25	396.8913	-14.5939	0
128	26	1671.836	208.7743	0
128	27	-108.396	-3.59668	0
128	28	799.7351	-3.016388	0
128	29	712.2958	82.22122	0
128	30	-6971.253	970.0917	0
128	31	89.7082	82.5799	0
128	32	406.4019	78.0864	0
128	33	-116.6208	-2.694672	0
128	34	1365.992	156.2719	0
128	35	483.9012	-5.419312	0
128	36	845.0997	-7.872742	0
128	37	643.0098	77.11411	0
128	38	-14588.71	1742.879	0
128	39	1447.025	176.0244	0
128	40	83.25511	86.11572	0
128	41	-83.8238	1.04837	0
128	42	375.029	80.49857	0
128	43	432.3806	3.903656	0
130	1	861.511	-14.57278	0
130	2	-5876.347	1005.1	0
130	3	510.7087	-10.69141	0
130	4	3927.916	497.53	0
130	5	95.72732	87.2818	0
130	6	661.3052	87.38269	0
130	7	303.9111	87.53076	0
130	8	-121.2172	-17.64053	0
130	9	988.5644	148.0149	0
130	10	181.4584	84.91495	0
130	11	684.4791	86.43155	0
130	12	-12331.83	1838.356	0
130	13	710.009	-1.068146	0
130	14	434.3331	80.57922	0
130	15	-65.15079	-1.829651	0
130	16	465.7349	-20.45639	0
130	17	101.1545	84.50641	0
130	18	1036.47	141.0408	0
130	19	778.3697	-0.9551392	0
130	20	22.30775	1.850494	0
130	21	702.2554	83.58377	0
130	22	425.7353	82.9053	0
130	23	-1596.529	282.8061	0
130	24	133.7468	83.53625	0
130	25	396.9697	-15.01447	0
130	26	1657.682	207.7143	0
130	27	-109.9704	-3.87384	0
130	28	799.3408	-3.180817	0
130	29	711.656	82.27643	0
130	30	-7266.64	1011.327	0
130	31	90.4483	82.63443	0
130	32	405.9293	78.17557	0
130	33	-117.4604	-2.888947	0
130	34	1357.99	155.8131	0
130	35	484.1751	-5.69696	0
130	36	844.6505	-8.042328	0
130	37	642.8542	77.17941	0
130	38	-14250.75	1711.308	0
130	39	1449.154	176.7327	0
130	40	83.71358	86.1741	0
130	41	-83.9343	0.941864	0
130	42	375.6389	80.55341	0
130	43	432.4687	3.777863	0
130	44	812.7408	4.459534	0
131	1	861.1129	-14.67029	0
131	2	-5813.271	998.6569	0
131	3	511.5237	-10.87448	0
131	4	3983.421	505.4219	0
131	5	95.84258	87.34543	0
131	6	661.1658	87.44574	0
131	7	303.2503	87.59625	0
131	8	-122.2751	-17.84604	0
131	9	985.4704	147.7928	0
131	10	181.9023	84.94888	0
131	11	684.3988	86.48914	0
131	12	-13355.19	1985.016	0
131	13	709.64	-1.139038	0
131	14	434.6501	80.62979	0
131	15	-65.62219	-1.939697	0
131	16	465.9518	-20.70761	0
131	17	101.2551	84.55078	0
131	18	1032.952	140.7116	0
131	19	778.29	-1.032715	0
131	20	22.23604	1.76712	0
131	21	702.1609	83.63531	0
131	22	426.0626	82.96643	0
131	23	-1604.426	284.2153	0
131	24	134.2053	83.56461	0
131	25	397.0093	-15.22687	0
131	26	1650.714	207.1958	0
131	27	-110.771	-4.013885	0
131	28	799.1398	-3.263275	0
131	29	711.3343	82.30408	0
131	30	-7424.538	1033.369	0
131	31	90.81954	82.6618	0
131	32	405.6917	78.2204	0
131	33	-117.8788	-2.986633	0
131	34	1354.011	155.5852	0
131	35	484.3146	-5.837952	0
131	36	844.4236	-8.128784	0
131	37	642.775	77.21271	0
131	38	-14083	1695.633	0
131	39	1450.25	177.099	0
131	40	83.9562	86.20508	0
131	41	-83.99622	0.8849487	0
131	42	375.9698	80.58313	0
131	43	432.5186	3.706635	0
131	44	812.7728	4.440857	0
132	1	860.7134	-14.76797	0
132	2	-5750.215	992.162	0
132	3	512.3433	-11.05841	0
132	4	4040.896	513.5943	0
132	5	95.9585	87.40921	0
132	6	661.0263	87.50897	0
132	7	302.5874	87.66193	0
132	8	-123.3398	-18.05286	0
132	9	982.3905	147.5716	0
132	10	182.347	84.98288	0
132	11	684.3182	86.54684	0
132	12	-14565.57	2158.5	0
132	13	709.2697	-1.210114	0
132	14	434.9678	80.68054	0
132	15	-66.09601	-2.050232	0
132	16	466.1704	-20.96069	0
132	17	101.3608	84.59503	0
132	18	1029.457	140.3847	0
132	19	778.2107	-1.110504	0
132	20	22.16406	1.683411	0
132	21	702.0668	83.68701	0
132	22	426.3911	83.0278	0
132	23	-1612.419	285.6415	0
132	24	134.6625	83.59308	0
132	25	397.0491	-15.44077	0
132	26	1643.815	206.6846	0
132	27	-111.5797	-4.154846	0
132	28	798.9362	-3.345947	0
132	29	711.0115	82.33179	0
132	30	-7589.844	1056.443	0
132	31	91.19154	82.68921	0
132	32	405.4533	78.26538	0
132	33	-118.2956	-3.084717	0
132	34	1350.046	155.3582	0
132	35	484.4557	-5.980438	0
132	36	844.1953	-8.216278	0
132	37	642.6948	77.24634	0
132	38	-13916.52	1680.075	0
132	39	1451.363	177.4719	0
132	40	84.20638	86.23709	0
132	41	-84.06216	0.8258972	0
132	42	376.3153	80.61417	0
132	43	432.5718	3.630676	0
132	44	812.8176	4.414551	0
