17	1	408.8032	365.6627	0
18	1	408.8057	365.6519	0
18	2	422.2343	81.85968	0
19	1	408.8075	365.6393	0
19	2	422.2361	81.84869	0
19	3	381.5239	366.8975	0
20	1	408.8079	365.6272	0
20	2	422.2382	81.83615	0
20	3	381.6056	366.9308	0
20	4	331.2176	267.7644	0
21	1	408.8065	365.6157	0
21	2	422.2384	81.82474	0
21	3	381.6596	366.9608	0
21	4	331.2877	267.7949	0
21	5	541.4023	518.8046	0
22	1	408.7949	365.6056	0
22	2	422.2361	81.81421	0
22	3	381.6813	366.9781	0
22	4	331.3296	267.8192	0
22	5	541.3613	518.8162	0
22	6	505.2531	260.4731	0
23	1	408.7814	365.5955	0
23	2	422.2242	81.8046	0
23	3	381.6726	366.9803	0
23	4	331.3405	267.8322	0
23	5	541.3215	518.8254	0
23	6	505.2991	260.4987	0
23	7	480.2201	374.5259	0
24	1	408.7686	365.5851	0
24	2	422.2112	81.79495	0
24	3	381.6667	366.9354	0
24	4	331.3329	267.821	0
24	5	541.2817	518.8358	0
24	6	505.311	260.5135	0
24	7	480.3051	374.5444	0
24	8	553.6121	378.5238	0
25	1	408.7553	365.5723	0
25	2	422.1989	81.78516	0
25	3	381.6484	366.8908	0
25	4	331.3245	267.7797	0
25	5	541.2429	518.8481	0
25	6	505.302	260.5027	0
25	7	480.386	374.5696	0
25	8	553.7123	378.5413	0
25	9	417.7688	50.26907	0
26	1	408.7392	365.5574	0
26	2	422.1855	81.77264	0
26	3	381.6168	366.8508	0
26	4	331.3052	267.7397	0
26	5	541.2068	518.8616	0
26	6	505.292	260.4586	0
26	7	480.4537	374.5991	0
26	8	553.8145	378.5651	0
26	9	417.7742	50.26138	0
27	1	408.7287	365.5449	0
27	2	422.1702	81.75903	0
27	3	381.5738	366.8145	0
27	4	331.2729	267.7039	0
27	5	541.1743	518.8768	0
27	6	505.2702	260.4155	0
27	7	480.4952	374.6232	0
27	8	553.9099	378.5974	0
27	9	417.7791	50.25421	0
27	10	508.8158	469.1818	0
28	1	408.723	365.534	0
28	2	422.1604	81.74799	0
28	3	381.5211	366.7828	0
28	4	331.2312	267.6716	0
28	5	541.1436	518.896	0
28	6	505.2348	260.3766	0
28	7	480.5068	374.636	0
28	8	553.9865	378.6327	0
28	9	417.784	50.24725	0
28	10	508.8875	469.1955	0
28	11	270.1765	-49.57092	0
29	1	408.7269	365.5297	0
29	2	422.1555	81.73929	0
29	3	381.4644	366.759	0
29	4	331.1805	267.6442	0
29	5	541.1152	518.9201	0
29	6	505.1898	260.3415	0
29	7	480.4997	374.6265	0
29	8	554.0296	378.6588	0
29	9	417.7893	50.23978	0
29	10	508.9588	469.2143	0
29	11	270.1483	-49.54803	0
29	12	273.1314	41.53232	0
30	1	408.7463	365.5322	0
30	2	422.1609	81.73697	0
30	3	381.4075	366.7438	0
30	4	331.1287	267.6249	0
30	5	541.0908	518.9432	0
30	6	505.1359	260.3115	0
30	7	480.4914	374.587	0
30	8	554.0352	378.6724	0
30	9	417.7949	50.23148	0
30	10	509.0218	469.2388	0
30	11	270.125	-49.52771	0
30	12	273.2128	41.54941	0
30	13	331.4606	319.0374	0
31	1	408.7831	365.5425	0
31	2	422.1815	81.74042	0
31	3	381.3536	366.7306	0
31	4	331.0761	267.6106	0
31	5	541.0739	518.9637	0
31	6	505.0811	260.29	0
31	7	480.4728	374.5487	0
31	8	554.0276	378.6475	0
31	9	417.7999	50.22159	0
31	10	509.0661	469.2624	0
31	11	270.1096	-49.51056	0
31	12	273.2941	41.57169	0
31	13	331.4616	319.032	0
31	14	402.3127	114.0785	0
32	1	408.8352	365.5552	0
32	2	422.2191	81.75165	0
32	3	381.3002	366.7316	0
32	4	331.0273	267.6019	0
32	5	541.0632	518.9794	0
32	6	505.0237	260.2744	0
32	7	480.4419	374.5143	0
32	8	554.0142	378.5999	0
32	9	417.8003	50.20972	0
32	10	509.0866	469.2775	0
32	11	270.1002	-49.49908	0
32	12	273.3656	41.5979	0
32	13	331.4757	319.0334	0
32	14	402.3204	114.0785	0
32	15	344.5974	49.60413	0
33	1	408.9022	365.5667	0
33	2	422.2713	81.76471	0
33	3	381.2469	366.7433	0
33	4	330.9775	267.6057	0
33	5	541.0587	518.9885	0
33	6	504.9701	260.2643	0
33	7	480.4021	374.4834	0
33	8	553.9881	378.5546	0
33	9	417.8017	50.19711	0
33	10	509.08	469.287	0
33	11	270.0975	-49.49323	0
33	12	273.4161	41.62177	0
33	13	331.5048	319.0409	0
33	14	402.3304	114.0795	0
33	15	344.5541	49.61301	0
33	16	431.4298	257.4691	0
34	1	408.9791	365.5762	0
34	2	422.3378	81.77634	0
34	3	381.1961	366.756	0
34	4	330.9284	267.6174	0
34	5	541.0592	518.9906	0
34	6	504.9167	260.2676	0
34	7	480.354	374.457	0
34	8	553.9473	378.5139	0
34	9	417.8012	50.18555	0
34	10	509.0765	469.2535	0
34	11	270.1	-49.49237	0
34	12	273.4405	41.63733	0
34	13	331.5482	319.0523	0
34	14	402.3423	114.0803	0
34	15	344.5114	49.61993	0
34	16	431.4261	257.431	0
34	17	373.085	148.6315	0
35	1	409.0672	365.5858	0
35	2	422.4134	81.78522	0
35	3	381.1453	366.7668	0
35	4	330.8813	267.6271	0
35	5	541.0635	518.9901	0
35	6	504.8646	260.2795	0
35	7	480.3045	374.4384	0
35	8	553.8965	378.4775	0
35	9	417.7955	50.17502	0
35	10	509.0635	469.2197	0
35	11	270.1047	-49.49274	0
35	12	273.4351	41.64703	0
35	13	331.605	319.0626	0
35	14	402.3528	114.0795	0
35	15	344.4696	49.62952	0
35	16	431.4114	257.3931	0
35	17	373.1088	148.6376	0
35	18	350.3714	77.30774	0
36	1	409.1629	365.5995	0
36	2	422.5	81.79532	0
36	3	381.0957	366.7807	0
36	4	330.8339	267.6375	0
36	5	541.0685	518.9893	0
36	6	504.8147	260.2897	0
36	7	480.2542	374.4244	0
36	8	553.8367	378.4474	0
36	9	417.7822	50.16522	0
36	10	509.0413	469.1888	0
36	11	270.1106	-49.4928	0
36	12	273.431	41.61536	0
36	13	331.6714	319.0717	0
36	14	402.3609	114.0763	0
36	15	344.4286	49.64194	0
36	16	431.3857	257.3586	0
36	17	373.1451	148.6473	0
36	18	350.3991	77.32584	0
37	1	409.2618	365.6176	0
37	2	422.5932	81.81012	0
37	3	381.0476	366.7972	0
37	4	330.7878	267.6505	0
37	5	541.0759	518.9887	0
37	6	504.7646	260.3007	0
37	7	480.2076	374.4156	0
37	8	553.7762	378.4272	0
37	9	417.769	50.15503	0
37	10	509.01	469.1605	0
37	11	270.1194	-49.49274	0
37	12	273.4183	41.57916	0
37	13	331.7473	319.0799	0
37	14	402.3662	114.0703	0
37	15	344.3926	49.65582	0
37	16	431.3496	257.3275	0
37	17	373.1929	148.6568	0
37	18	350.3901	77.33624	0
37	19	537.6136	438.6469	0
38	1	409.3618	365.6422	0
38	2	422.6895	81.83023	0
38	3	381.0052	366.8146	0
38	4	330.7449	267.666	0
38	5	541.0854	518.9893	0
38	6	504.7158	260.3147	0
38	7	480.161	374.4194	0
38	8	553.7156	378.4103	0
38	9	417.7569	50.14423	0
38	10	508.972	469.1354	0
38	11	270.1299	-49.49176	0
38	12	273.3952	41.54547	0
38	13	331.8315	319.0912	0
38	14	402.3705	114.064	0
38	15	344.3587	49.67227	0
38	16	431.3054	257.3002	0
38	17	373.2485	148.6653	0
38	18	350.3864	77.2908	0
38	19	537.5647	438.651	0
38	20	510.3778	318.528	0
39	1	409.4524	365.6748	0
39	2	422.7859	81.85654	0
39	3	380.9649	366.8357	0
39	4	330.7064	267.6824	0
39	5	541.0973	518.9902	0
39	6	504.6699	260.3309	0
39	7	480.1155	374.4312	0
39	8	553.6594	378.403	0
39	9	417.7421	50.13092	0
39	10	508.9305	469.1158	0
39	11	270.1421	-49.49164	0
39	12	273.3618	41.51495	0
39	13	331.9189	319.1064	0
39	14	402.3744	114.0582	0
39	15	344.327	49.69397	0
39	16	431.2567	257.2789	0
39	17	373.3116	148.6727	0
39	18	350.3694	77.24579	0
39	19	537.5173	438.6633	0
39	20	510.3788	318.5298	0
39	21	539.1063	648.6437	0
40	1	409.5201	365.7084	0
40	2	422.8722	81.88815	0
40	3	380.927	366.864	0
40	4	330.6697	267.7033	0
40	5	541.1077	518.9896	0
40	6	504.6288	260.3489	0
40	7	480.0718	374.4411	0
40	8	553.6031	378.4103	0
40	9	417.7286	50.11786	0
40	10	508.8882	469.1035	0
40	11	270.1517	-49.49335	0
40	12	273.3208	41.48795	0
40	13	332.0085	319.1271	0
40	14	402.3783	114.0528	0
40	15	344.2982	49.71799	0
40	16	431.2079	257.2664	0
40	17	373.3825	148.6826	0
40	18	350.3392	77.20468	0
40	19	537.4718	438.6736	0
40	20	510.383	318.5295	0
40	21	539.0705	648.6097	0
40	22	568.2819	580.4227	0
41	1	409.5551	365.7313	0
41	2	422.9343	81.91757	0
41	3	380.8931	366.8932	0
41	4	330.6353	267.7303	0
41	5	541.1161	518.987	0
41	6	504.59	260.3715	0
41	7	480.0278	374.4514	0
41	8	553.5493	378.4253	0
41	9	417.7208	50.10672	0
41	10	508.8467	469.0919	0
41	11	270.1588	-49.49829	0
41	12	273.2747	41.46609	0
41	13	332.0917	319.1548	0
41	14	402.3825	114.047	0
41	15	344.2743	49.73969	0
41	16	431.1612	257.2543	0
41	17	373.4565	148.696	0
41	18	350.2962	77.16776	0
41	19	537.4261	438.6848	0
41	20	510.3881	318.5291	0
41	21	539.0263	648.5793	0
41	22	568.3682	580.4435	0
41	23	403.6747	270.2246	0
42	1	409.5534	365.7435	0
42	2	422.9649	81.93616	0
42	3	380.8664	366.9194	0
42	4	330.6047	267.7563	0
42	5	541.1215	518.9813	0
42	6	504.5538	260.4004	0
42	7	479.9849	374.4641	0
42	8	553.497	378.4365	0
42	9	417.7188	50.09952	0
42	10	508.8067	469.0905	0
42	11	270.1634	-49.50507	0
42	12	273.2285	41.45355	0
42	13	332.1573	319.185	0
42	14	402.3869	114.0406	0
42	15	344.2586	49.75806	0
42	16	431.1157	257.2535	0
42	17	373.5327	148.7141	0
42	18	350.2434	77.13516	0
42	19	537.3815	438.6984	0
42	20	510.3954	318.5288	0
42	21	538.9761	648.5554	0
42	22	568.4467	580.4722	0
42	23	403.6638	270.2165	0
42	24	319.0847	48.05798	0
43	1	409.5474	365.709	0
43	2	422.9594	81.94678	0
43	3	380.849	366.9413	0
43	4	330.5825	267.7795	0
43	5	541.1257	518.9746	0
43	6	504.5221	260.4287	0
43	7	479.9443	374.4788	0
43	8	553.4446	378.4498	0
43	9	417.7294	50.09924	0
43	10	508.7668	469.0981	0
43	11	270.1679	-49.51105	0
43	12	273.1823	41.44141	0
43	13	332.1943	319.2078	0
43	14	402.391	114.033	0
43	15	344.2492	49.77075	0
43	16	431.0701	257.262	0
43	17	373.6044	148.7374	0
43	18	350.1847	77.10947	0
43	19	537.3397	438.7135	0
43	20	510.4048	318.5296	0
43	21	538.9256	648.5398	0
43	22	568.5055	580.5026	0
43	23	403.6529	270.2079	0
43	24	319.0557	48.08124	0
43	25	558.0123	406.8703	0
44	1	409.5328	365.6626	0
44	2	422.9547	81.90775	0
44	3	380.8392	366.9555	0
44	4	330.5678	267.7977	0
44	5	541.1295	518.9689	0
44	6	504.4992	260.4539	0
44	7	479.908	374.4945	0
44	8	553.3931	378.4658	0
44	9	417.7559	50.10504	0
44	10	508.729	469.1085	0
44	11	270.1719	-49.51685	0
44	12	273.1373	41.43839	0
44	13	332.2001	319.2197	0
44	14	402.3915	114.0237	0
44	15	344.2465	49.77734	0
44	16	431.0268	257.2728	0
44	17	373.6622	148.762	0
44	18	350.1261	77.09515	0
44	19	537.3021	438.7304	0
44	20	510.4161	318.5303	0
44	21	538.8763	648.5251	0
44	22	568.5358	580.5234	0
44	23	403.6429	270.1988	0
44	24	319.0309	48.10233	0
44	25	558.0171	406.87	0
44	26	445.1685	151.6453	0
45	1	409.5056	365.6195	0
45	2	422.9391	81.86411	0
45	3	380.837	366.9612	0
45	4	330.5607	267.8087	0
45	5	541.1335	518.9636	0
45	6	504.4846	260.4737	0
45	7	479.8734	374.5143	0
45	8	553.3455	378.4838	0
45	9	417.7993	50.11752	0
45	10	508.6915	469.1166	0
45	11	270.1759	-49.52258	0
45	12	273.0914	41.44421	0
45	13	332.1934	319.2007	0
45	14	402.3927	114.0136	0
45	15	344.2491	49.77859	0
45	16	430.9836	257.2812	0
45	17	373.6964	148.781	0
45	18	350.0697	77.08087	0
45	19	537.2667	438.7516	0
45	20	510.4258	318.5295	0
45	21	538.8297	648.5221	0
45	22	568.5333	580.5357	0
45	23	403.6307	270.1875	0
45	24	319.0141	48.12067	0
45	25	558.0228	406.8692	0
45	26	445.1783	151.646	0
45	27	472.7417	118.7072	0
46	1	409.4648	365.5807	0
46	2	422.911	81.82394	0
46	3	380.8406	366.961	0
46	4	330.5602	267.8121	0
46	5	541.1378	518.9588	0
46	6	504.4778	260.4858	0
46	7	479.8409	374.5399	0
46	8	553.302	378.5036	0
46	9	417.8573	50.13046	0
46	10	508.6548	469.1272	0
46	11	270.1801	-49.52881	0
46	12	273.0473	41.45319	0
46	13	332.1832	319.1597	0
46	14	402.3922	114.0043	0
46	15	344.2542	49.77856	0
46	16	430.9413	257.2923	0
46	17	373.7039	148.792	0
46	18	350.0146	77.07925	0
46	19	537.2337	438.7786	0
46	20	510.4335	318.5266	0
46	21	538.7831	648.5314	0
46	22	568.5273	580.5045	0
46	23	403.6196	270.1762	0
46	24	319.0034	48.13385	0
46	25	558.0311	406.8687	0
46	26	445.1907	151.6466	0
46	27	472.7364	118.7171	0
47	1	409.4141	365.5461	0
47	2	422.8701	81.78784	0
47	3	380.8463	366.9597	0
47	4	330.5645	267.8117	0
47	5	541.1426	518.9536	0
47	6	504.4775	260.4899	0
47	7	479.8124	374.565	0
47	8	553.2612	378.5292	0
47	9	417.928	50.14218	0
47	10	508.6185	469.1392	0
47	11	270.1845	-49.5354	0
47	12	273.004	41.46008	0
47	13	332.1624	319.1205	0
47	14	402.3885	113.9958	0
47	15	344.2604	49.77866	0
47	16	430.8996	257.306	0
47	17	373.6971	148.7815	0
47	18	349.9589	77.08807	0
47	19	537.205	438.8051	0
47	20	510.4384	318.5208	0
47	21	538.739	648.5457	0
47	22	568.5133	580.4633	0
47	23	403.6132	270.1664	0
47	24	318.9993	48.14096	0
47	25	558.042	406.8695	0
47	26	445.2019	151.6458	0
47	27	472.7371	118.7202	0
47	28	468.6206	644.0515	0
48	1	409.3558	365.5182	0
48	2	422.8197	81.75586	0
48	3	380.8539	366.9587	0
48	4	330.5699	267.8106	0
48	5	541.147	518.9468	0
48	6	504.4824	260.49	0
48	7	479.7917	374.5873	0
48	8	553.2235	378.5609	0
48	9	418.0063	50.15146	0
48	10	508.5866	469.152	0
48	11	270.1878	-49.54376	0
48	12	272.9615	41.46957	0
48	13	332.1285	319.0854	0
48	14	402.3781	113.9879	0
48	15	344.2694	49.77893	0
48	16	430.863	257.3206	0
48	17	373.6892	148.7472	0
48	18	349.9058	77.09964	0
48	19	537.1844	438.8287	0
48	20	510.4424	318.5147	0
48	21	538.6953	648.5563	0
48	22	568.4887	580.4248	0
48	23	403.6116	270.1597	0
48	24	319.0005	48.14249	0
48	25	558.0555	406.8705	0
48	26	445.2107	151.6426	0
48	27	472.7421	118.7203	0
48	28	468.6071	644.0389	0
48	29	243.9859	41.53351	0
49	1	409.2975	365.5008	0
49	2	422.763	81.73019	0
49	3	380.8649	366.9586	0
49	4	330.5779	267.8099	0
49	5	541.1476	518.9379	0
49	6	504.4886	260.4895	0
49	7	479.7782	374.6051	0
49	8	553.191	378.5904	0
49	9	418.0963	50.1633	0
49	10	508.5565	469.1677	0
49	11	270.1883	-49.55365	0
49	12	272.9202	41.48193	0
49	13	332.086	319.054	0
49	14	402.3676	113.9797	0
49	15	344.2802	49.78009	0
49	16	430.8282	257.338	0
49	17	373.6722	148.714	0
49	18	349.853	77.10855	0
49	19	537.1713	438.8473	0
49	20	510.4461	318.5093	0
49	21	538.6521	648.5693	0
49	22	568.4523	580.3896	0
49	23	403.6206	270.1591	0
49	24	319.0048	48.14206	0
49	25	558.0675	406.8699	0
49	26	445.2168	151.6362	0
49	27	472.7481	118.7201	0
49	28	468.595	644.0261	0
49	29	243.9824	41.52527	0
49	30	256.0766	92.32504	0
50	1	409.2975	365.5008	0
50	2	422.763	81.73019	0
50	3	380.8649	366.9586	0
50	4	330.5779	267.8099	0
50	5	541.1476	518.9379	0
50	6	504.4886	260.4895	0
50	7	479.7782	374.6051	0
50	8	553.191	378.5904	0
50	9	418.0963	50.1633	0
50	10	508.5565	469.1677	0
50	11	270.1883	-49.55365	0
50	12	272.9202	41.48193	0
50	13	332.086	319.054	0
50	14	402.3676	113.9797	0
50	15	344.2802	49.78009	0
50	16	430.8282	257.338	0
50	17	373.6722	148.714	0
50	18	349.853	77.10855	0
50	19	537.1713	438.8473	0
50	20	510.4461	318.5093	0
50	21	538.6521	648.5693	0
50	22	568.4523	580.3896	0
50	23	403.6206	270.1591	0
50	24	319.0048	48.14206	0
50	25	558.0675	406.8699	0
50	26	445.2168	151.6362	0
50	27	472.7481	118.7201	0
50	28	468.595	644.0261	0
50	29	243.9824	41.52527	0
50	30	256.0766	92.32504	0
50	31	581.6023	476.8788	0
17	1	409.6777	365.1476	0
18	1	409.7686	365.1658	0
18	2	422.3165	80.77777	0
19	1	409.8583	365.1904	0
19	2	422.3962	80.78714	0
19	3	381.0862	365.478	0
20	1	409.936	365.2211	0
20	2	422.4875	80.79776	0
20	3	381.0384	365.4879	0
20	4	331.0847	266.8583	0
21	1	409.989	365.2494	0
21	2	422.5858	80.81335	0
21	3	380.9905	365.4993	0
21	4	331.0583	266.8808	0
21	5	543.5618	524.4731	0
22	1	409.989	365.2494	0
22	2	422.5858	80.81335	0
22	3	380.9905	365.4993	0
22	4	331.0583	266.8808	0
22	5	543.5618	524.4731	0
22	6	503.917	262.3231	0
17	1	410.9796	365.1231	0
18	1	410.9739	365.1115	0
18	2	425.6136	85.30795	0
19	1	410.976	365.1056	0
19	2	425.6041	85.32086	0
19	3	384.4396	363.6547	0
20	1	410.9929	365.1074	0
20	2	425.6009	85.32779	0
20	3	384.4246	363.6739	0
20	4	334.6773	267.1057	0
21	1	411.0263	365.1161	0
21	2	425.6027	85.32935	0
21	3	384.4159	363.687	0
21	4	334.7584	267.1234	0
21	5	546.6806	521.0684	0
22	1	411.0753	365.1283	0
22	2	425.6072	85.32928	0
22	3	384.4138	363.6929	0
22	4	334.8364	267.1467	0
22	5	546.6714	521.0593	0
22	6	506.4669	261.2098	0
23	1	411.139	365.1398	0
23	2	425.6129	85.32932	0
23	3	384.4168	363.6934	0
23	4	334.9013	267.1738	0
23	5	546.6591	521.0504	0
23	6	506.5344	261.2296	0
23	7	484.4936	373.3933	0
24	1	411.139	365.1398	0
24	2	425.6129	85.32932	0
24	3	384.4168	363.6934	0
24	4	334.9013	267.1738	0
24	5	546.6591	521.0504	0
24	6	506.5344	261.2296	0
24	7	484.4936	373.3933	0
24	8	556.634	377.1685	0
17	1	411.3126	366.3561	0
18	1	411.3038	366.343	0
18	2	425.5787	85.80396	0
19	1	411.3011	366.3343	0
19	2	425.5667	85.7934	0
19	3	383.1483	365.4774	0
20	1	411.3122	366.3335	0
20	2	425.5552	85.78268	0
20	3	383.0981	365.4753	0
20	4	336.4391	267.4117	0
21	1	411.34	366.3394	0
21	2	425.5482	85.77365	0
21	3	383.0472	365.4845	0
21	4	336.5063	267.4398	0
21	5	546.0913	522.1462	0
22	1	411.3857	366.3521	0
22	2	425.5456	85.7677	0
22	3	382.9988	365.4974	0
22	4	336.5485	267.4634	0
22	5	546.0963	522.1405	0
22	6	507.937	260.2497	0
23	1	411.4469	366.3647	0
23	2	425.553	85.76721	0
23	3	382.9508	365.5073	0
23	4	336.5628	267.4766	0
23	5	546.1018	522.1345	0
23	6	507.9607	260.266	0
23	7	483.0913	374.8271	0
24	1	411.5217	366.3762	0
24	2	425.5732	85.77145	0
24	3	382.9037	365.5198	0
24	4	336.5555	267.4724	0
24	5	546.1074	522.1273	0
24	6	507.9535	260.2763	0
24	7	483.0509	374.8475	0
24	8	557.1681	378.6532	0
25	1	411.6067	366.3855	0
25	2	425.607	85.78152	0
25	3	382.8572	365.535	0
25	4	336.5492	267.4344	0
25	5	546.1096	522.1174	0
25	6	507.9494	260.2396	0
25	7	483.0134	374.8749	0
25	8	557.1291	378.6713	0
25	9	420.0395	49.93649	0
26	1	411.7029	366.3971	0
26	2	425.6527	85.79193	0
26	3	382.8163	365.5511	0
26	4	336.5327	267.3972	0
26	5	546.1107	522.1059	0
26	6	507.9347	260.2017	0
26	7	482.9796	374.9044	0
26	8	557.0923	378.6942	0
26	9	420.045	49.92838	0
27	1	411.7029	366.3971	0
27	2	425.6527	85.79193	0
27	3	382.8163	365.5511	0
27	4	336.5327	267.3972	0
27	5	546.1107	522.1059	0
27	6	507.9347	260.2017	0
27	7	482.9796	374.9044	0
27	8	557.0923	378.6942	0
27	9	420.045	49.92838	0
27	10	514.2441	476.268	0
