17	1	2.414299	0.05315447	1.682784	2.373024	1.663437	1.711043	0
18	1	2.414299	0.05315447	1.682784	2.373158	1.663379	1.711186	0
18	2	3.006267	0.05315447	12.84993	2.993071	1.667255	12.87404	0
19	1	2.414299	0.05315447	1.682784	2.373844	1.663356	1.711089	0
19	2	3.006267	0.05315447	12.84993	2.994609	1.66739	12.87313	0
19	3	1.329904	0.05315447	1.704784	1.288885	1.789347	1.733626	0
20	1	2.414299	0.05315447	1.682784	2.375146	1.663328	1.71072	0
20	2	3.006267	0.05315447	12.84993	2.994875	1.667457	12.87262	0
20	3	1.329904	0.05315447	1.704784	1.288831	1.789315	1.734075	0
20	4	-0.5902478	0.05315447	5.561255	-0.6285115	1.510016	5.580929	0
21	1	2.414299	0.05315447	1.682784	2.376995	1.663284	1.710255	0
21	2	3.006267	0.05315447	12.84993	2.994565	1.667443	12.87327	0
21	3	1.329904	0.05315447	1.704784	1.288399	1.789306	1.734474	0
21	4	-0.5902478	0.05315447	5.561255	-0.6283222	1.509985	5.580967	0
21	5	7.815653	0.05315447	-4.496291	7.772182	1.878328	-4.466974	0
22	1	2.414299	0.05315447	1.682784	2.379379	1.663246	1.709839	0
22	2	3.006267	0.05315447	12.84993	2.994148	1.667374	12.87491	0
22	3	1.329904	0.05315447	1.704784	1.287867	1.789295	1.734872	0
22	4	-0.5902478	0.05315447	5.561255	-0.6280461	1.509956	5.580991	0
22	5	7.815653	0.05315447	-4.496291	7.770663	1.878375	-4.468202	0
22	6	6.153359	0.05315447	5.751643	6.141394	1.718631	5.773242	0
23	1	2.414299	0.05315447	1.682784	2.382114	1.663254	1.709498	0
23	2	3.006267	0.05315447	12.84993	2.993302	1.667301	12.87648	0
23	3	1.329904	0.05315447	1.704784	1.287367	1.789272	1.735282	0
23	4	-0.5902478	0.05315447	5.561255	-0.6276629	1.509935	5.580975	0
23	5	7.815653	0.05315447	-4.496291	7.769341	1.878451	-4.46935	0
23	6	6.153359	0.05315447	5.751643	6.141095	1.718624	5.773828	0
23	7	5.299172	0.05315447	1.357237	5.258262	1.761562	1.382177	0
24	1	2.414299	0.05315447	1.682784	2.385247	1.663236	1.709151	0
24	2	3.006267	0.05315447	12.84993	2.991946	1.667229	12.87791	0
24	3	1.329904	0.05315447	1.704784	1.286868	1.789252	1.735772	0
24	4	-0.5902478	0.05315447	5.561255	-0.6271849	1.509941	5.580943	0
24	5	7.815653	0.05315447	-4.496291	7.768417	1.878521	-4.470369	0
24	6	6.153359	0.05315447	5.751643	6.140705	1.718559	5.775519	0
24	7	5.299172	0.05315447	1.357237	5.258484	1.761598	1.382522	0
24	8	8.159946	0.05315447	1.144519	8.125171	1.450356	1.170705	0
25	1	2.414299	0.05315447	1.682784	2.388652	1.663173	1.708652	0
25	2	3.006267	0.05315447	12.84993	2.99025	1.667161	12.87919	0
25	3	1.329904	0.05315447	1.704784	1.286254	1.789207	1.736332	0
25	4	-0.5902478	0.05315447	5.561255	-0.6267325	1.509945	5.580966	0
25	5	7.815653	0.05315447	-4.496291	7.767816	1.878592	-4.471144	0
25	6	6.153359	0.05315447	5.751643	6.139872	1.718486	5.777153	0
25	7	5.299172	0.05315447	1.357237	5.258526	1.761605	1.38296	0
25	8	8.159946	0.05315447	1.144519	8.126378	1.450331	1.170365	0
25	9	2.735983	0.05315447	14.0309	2.713844	1.607145	14.05534	0
26	1	2.414299	0.05315447	1.682784	2.392172	1.663072	1.707983	0
26	2	3.006267	0.05315447	12.84993	2.988238	1.667114	12.88027	0
26	3	1.329904	0.05315447	1.704784	1.28585	1.789146	1.736807	0
26	4	-0.5902478	0.05315447	5.561255	-0.626377	1.509958	5.581079	0
26	5	7.815653	0.05315447	-4.496291	7.767554	1.878625	-4.471588	0
26	6	6.153359	0.05315447	5.751643	6.138496	1.718416	5.778615	0
26	7	5.299172	0.05315447	1.357237	5.258611	1.761618	1.383441	0
26	8	8.159946	0.05315447	1.144519	8.128057	1.450293	1.169967	0
26	9	2.735983	0.05315447	14.0309	2.717295	1.607045	14.0545	0
27	1	2.414299	0.05315447	1.682784	2.395728	1.662973	1.707084	0
27	2	3.006267	0.05315447	12.84993	2.986222	1.667044	12.88102	0
27	3	1.329904	0.05315447	1.704784	1.285642	1.789077	1.737228	0
27	4	-0.5902478	0.05315447	5.561255	-0.6261293	1.509974	5.581316	0
27	5	7.815653	0.05315447	-4.496291	7.767561	1.878596	-4.471702	0
27	6	6.153359	0.05315447	5.751643	6.13675	1.718351	5.779926	0
27	7	5.299172	0.05315447	1.357237	5.25861	1.761602	1.383887	0
27	8	8.159946	0.05315447	1.144519	8.1302	1.450261	1.169594	0
27	9	2.735983	0.05315447	14.0309	2.720486	1.607035	14.05342	0
27	10	6.361754	0.05315447	-2.603161	6.352561	1.324618	-2.58497	0
28	1	2.414299	0.05315447	1.682784	2.39896	1.662988	1.705928	0
28	2	3.006267	0.05315447	12.84993	2.984105	1.666975	12.8816	0
28	3	1.329904	0.05315447	1.704784	1.285784	1.789014	1.737409	0
28	4	-0.5902478	0.05315447	5.561255	-0.6259435	1.509964	5.58159	0
28	5	7.815653	0.05315447	-4.496291	7.767766	1.878564	-4.471672	0
28	6	6.153359	0.05315447	5.751643	6.134646	1.718308	5.781036	0
28	7	5.299172	0.05315447	1.357237	5.25845	1.761575	1.3843	0
28	8	8.159946	0.05315447	1.144519	8.132559	1.450287	1.169277	0
28	9	2.735983	0.05315447	14.0309	2.722995	1.607167	14.05227	0
28	10	6.361754	0.05315447	-2.603161	6.352301	1.324566	-2.583682	0
28	11	-3.108922	0.05315447	18.20395	-3.119901	1.340192	18.22343	0
29	1	2.414299	0.05315447	1.682784	2.401386	1.663134	1.704764	0
29	2	3.006267	0.05315447	12.84993	2.982135	1.666947	12.88192	0
29	3	1.329904	0.05315447	1.704784	1.286516	1.788989	1.737309	0
29	4	-0.5902478	0.05315447	5.561255	-0.6257678	1.509965	5.581832	0
29	5	7.815653	0.05315447	-4.496291	7.768013	1.878524	-4.471629	0
29	6	6.153359	0.05315447	5.751643	6.132505	1.718252	5.781802	0
29	7	5.299172	0.05315447	1.357237	5.257954	1.761566	1.384672	0
29	8	8.159946	0.05315447	1.144519	8.135298	1.450276	1.168949	0
29	9	2.735983	0.05315447	14.0309	2.724379	1.607295	14.05144	0
29	10	6.361754	0.05315447	-2.603161	6.351698	1.324505	-2.582422	0
29	11	-3.108922	0.05315447	18.20395	-3.118449	1.340307	18.22263	0
29	12	-2.887081	0.05315447	14.54383	-2.929207	1.653279	14.5656	0
30	1	2.414299	0.05315447	1.682784	2.402653	1.663254	1.703975	0
30	2	3.006267	0.05315447	12.84993	2.98014	1.667019	12.88174	0
30	3	1.329904	0.05315447	1.704784	1.287911	1.788963	1.736926	0
30	4	-0.5902478	0.05315447	5.561255	-0.6255857	1.50997	5.582059	0
30	5	7.815653	0.05315447	-4.496291	7.768384	1.878489	-4.471601	0
30	6	6.153359	0.05315447	5.751643	6.130332	1.718177	5.782393	0
30	7	5.299172	0.05315447	1.357237	5.257449	1.761556	1.385054	0
30	8	8.159946	0.05315447	1.144519	8.138259	1.450227	1.168494	0
30	9	2.735983	0.05315447	14.0309	2.724526	1.607355	14.05101	0
30	10	6.361754	0.05315447	-2.603161	6.350698	1.32445	-2.581282	0
30	11	-3.108922	0.05315447	18.20395	-3.117974	1.340371	18.22217	0
30	12	-2.887081	0.05315447	14.54383	-2.929271	1.653266	14.56541	0
30	13	-0.6328447	0.05315447	3.471327	-0.6442004	1.665206	3.494262	0
31	1	2.414299	0.05315447	1.682784	2.402607	1.663309	1.703552	0
31	2	3.006267	0.05315447	12.84993	2.978203	1.667143	12.88128	0
31	3	1.329904	0.05315447	1.704784	1.289911	1.788917	1.736431	0
31	4	-0.5902478	0.05315447	5.561255	-0.6253929	1.510009	5.582272	0
31	5	7.815653	0.05315447	-4.496291	7.76888	1.878468	-4.471632	0
31	6	6.153359	0.05315447	5.751643	6.128326	1.718143	5.782721	0
31	7	5.299172	0.05315447	1.357237	5.25698	1.761534	1.385456	0
31	8	8.159946	0.05315447	1.144519	8.141326	1.450143	1.167887	0
31	9	2.735983	0.05315447	14.0309	2.724282	1.607332	14.05187	0
31	10	6.361754	0.05315447	-2.603161	6.349406	1.324396	-2.580248	0
31	11	-3.108922	0.05315447	18.20395	-3.118251	1.340383	18.22229	0
31	12	-2.887081	0.05315447	14.54383	-2.92913	1.653239	14.56542	0
31	13	-0.6328447	0.05315447	3.471327	-0.6444817	1.665256	3.493814	0
31	14	2.150601	0.05315447	11.58568	2.108865	1.741037	11.61037	0
32	1	2.414299	0.05315447	1.682784	2.40239	1.66327	1.704755	0
32	2	3.006267	0.05315447	12.84993	2.976336	1.667255	12.88092	0
32	3	1.329904	0.05315447	1.704784	1.292493	1.788874	1.735968	0
32	4	-0.5902478	0.05315447	5.561255	-0.6251861	1.510062	5.582501	0
32	5	7.815653	0.05315447	-4.496291	7.769493	1.878475	-4.471667	0
32	6	6.153359	0.05315447	5.751643	6.126291	1.718215	5.782539	0
32	7	5.299172	0.05315447	1.357237	5.256423	1.761506	1.385968	0
32	8	8.159946	0.05315447	1.144519	8.1444	1.450068	1.167079	0
32	9	2.735983	0.05315447	14.0309	2.723842	1.607267	14.05345	0
32	10	6.361754	0.05315447	-2.603161	6.347853	1.324355	-2.579363	0
32	11	-3.108922	0.05315447	18.20395	-3.118491	1.34033	18.22359	0
32	12	-2.887081	0.05315447	14.54383	-2.928926	1.653206	14.56546	0
32	13	-0.6328447	0.05315447	3.471327	-0.6446598	1.665197	3.495339	0
32	14	2.150601	0.05315447	11.58568	2.109238	1.741067	11.61054	0
32	15	-0.0729873	0.05315447	14.14289	-0.09553436	1.556393	14.1727	0
33	1	2.414299	0.05315447	1.682784	2.40187	1.663198	1.70639	0
33	2	3.006267	0.05315447	12.84993	2.974466	1.667354	12.8805	0
33	3	1.329904	0.05315447	1.704784	1.295382	1.788898	1.73556	0
33	4	-0.5902478	0.05315447	5.561255	-0.6249839	1.510096	5.582778	0
33	5	7.815653	0.05315447	-4.496291	7.770037	1.878481	-4.471623	0
33	6	6.153359	0.05315447	5.751643	6.12431	1.718346	5.78205	0
33	7	5.299172	0.05315447	1.357237	5.255861	1.761451	1.386506	0
33	8	8.159946	0.05315447	1.144519	8.147141	1.450098	1.166066	0
33	9	2.735983	0.05315447	14.0309	2.722979	1.607204	14.05495	0
33	10	6.361754	0.05315447	-2.603161	6.346263	1.324308	-2.578716	0
33	11	-3.108922	0.05315447	18.20395	-3.119085	1.340267	18.22487	0
33	12	-2.887081	0.05315447	14.54383	-2.928644	1.653172	14.56549	0
33	13	-0.6328447	0.05315447	3.471327	-0.6452685	1.665115	3.496966	0
33	14	2.150601	0.05315447	11.58568	2.109472	1.741069	11.61084	0
33	15	-0.0729873	0.05315447	14.14289	-0.097393	1.556463	14.17252	0
33	16	3.38642	0.05315447	5.947653	3.355062	1.305935	5.965987	0
34	1	2.414299	0.05315447	1.682784	2.400905	1.663136	1.707911	0
34	2	3.006267	0.05315447	12.84993	2.97265	1.66742	12.87997	0
34	3	1.329904	0.05315447	1.704784	1.298719	1.788895	1.735167	0
34	4	-0.5902478	0.05315447	5.561255	-0.6249236	1.510105	5.583137	0
34	5	7.815653	0.05315447	-4.496291	7.770467	1.878504	-4.47146	0
34	6	6.153359	0.05315447	5.751643	6.122404	1.718467	5.781663	0
34	7	5.299172	0.05315447	1.357237	5.255517	1.761388	1.386961	0
34	8	8.159946	0.05315447	1.144519	8.149125	1.450223	1.165093	0
34	9	2.735983	0.05315447	14.0309	2.721624	1.607137	14.05629	0
34	10	6.361754	0.05315447	-2.603161	6.344599	1.324248	-2.578266	0
34	11	-3.108922	0.05315447	18.20395	-3.120073	1.340213	18.22604	0
34	12	-2.887081	0.05315447	14.54383	-2.928237	1.653147	14.56548	0
34	13	-0.6328447	0.05315447	3.471327	-0.6463293	1.665054	3.498467	0
34	14	2.150601	0.05315447	11.58568	2.109679	1.741045	11.61114	0
34	15	-0.0729873	0.05315447	14.14289	-0.09919365	1.55658	14.17209	0
34	16	3.38642	0.05315447	5.947653	3.355426	1.305935	5.966017	0
34	17	1.034805	0.05315447	10.32287	0.9964396	1.669441	10.3483	0
35	1	2.414299	0.05315447	1.682784	2.399449	1.663069	1.709281	0
35	2	3.006267	0.05315447	12.84993	2.970972	1.66744	12.87936	0
35	3	1.329904	0.05315447	1.704784	1.302376	1.788838	1.734627	0
35	4	-0.5902478	0.05315447	5.561255	-0.6248536	1.510116	5.583549	0
35	5	7.815653	0.05315447	-4.496291	7.770753	1.878516	-4.471143	0
35	6	6.153359	0.05315447	5.751643	6.12048	1.71857	5.781234	0
35	7	5.299172	0.05315447	1.357237	5.255376	1.761313	1.387285	0
35	8	8.159946	0.05315447	1.144519	8.150099	1.450318	1.16445	0
35	9	2.735983	0.05315447	14.0309	2.719934	1.607076	14.05749	0
35	10	6.361754	0.05315447	-2.603161	6.343036	1.324216	-2.577949	0
35	11	-3.108922	0.05315447	18.20395	-3.121364	1.340158	18.22709	0
35	12	-2.887081	0.05315447	14.54383	-2.927732	1.653152	14.56544	0
35	13	-0.6328447	0.05315447	3.471327	-0.6478394	1.664983	3.499835	0
35	14	2.150601	0.05315447	11.58568	2.109866	1.741046	11.61142	0
35	15	-0.0729873	0.05315447	14.14289	-0.1009329	1.556683	14.17176	0
35	16	3.38642	0.05315447	5.947653	3.355712	1.305953	5.966131	0
35	17	1.034805	0.05315447	10.32287	0.9966079	1.669471	10.34866	0
35	18	0.1250655	0.05315447	13.00007	0.09138785	1.379191	13.02464	0
36	1	2.414299	0.05315447	1.682784	2.397644	1.663005	1.7105	0
36	2	3.006267	0.05315447	12.84993	2.969454	1.66747	12.87868	0
36	3	1.329904	0.05315447	1.704784	1.306164	1.788741	1.73391	0
36	4	-0.5902478	0.05315447	5.561255	-0.6248479	1.510108	5.583931	0
36	5	7.815653	0.05315447	-4.496291	7.770986	1.878501	-4.470806	0
36	6	6.153359	0.05315447	5.751643	6.118606	1.71864	5.780692	0
36	7	5.299172	0.05315447	1.357237	5.255694	1.761265	1.387343	0
36	8	8.159946	0.05315447	1.144519	8.149926	1.450362	1.164056	0
36	9	2.735983	0.05315447	14.0309	2.717938	1.607042	14.05848	0
36	10	6.361754	0.05315447	-2.603161	6.341467	1.324261	-2.578024	0
36	11	-3.108922	0.05315447	18.20395	-3.122923	1.340113	18.22799	0
36	12	-2.887081	0.05315447	14.54383	-2.927211	1.653154	14.56546	0
36	13	-0.6328447	0.05315447	3.471327	-0.649682	1.664916	3.501044	0
36	14	2.150601	0.05315447	11.58568	2.110058	1.741066	11.61167	0
36	15	-0.0729873	0.05315447	14.14289	-0.1026722	1.556776	14.17136	0
36	16	3.38642	0.05315447	5.947653	3.355895	1.305957	5.96635	0
36	17	1.034805	0.05315447	10.32287	0.9966202	1.669478	10.3491	0
36	18	0.1250655	0.05315447	13.00007	0.09125672	1.379136	13.02493	0
37	1	2.414299	0.05315447	1.682784	2.395567	1.662977	1.711489	0
37	2	3.006267	0.05315447	12.84993	2.968024	1.667494	12.87782	0
37	3	1.329904	0.05315447	1.704784	1.310006	1.788639	1.732948	0
37	4	-0.5902478	0.05315447	5.561255	-0.6249208	1.510082	5.584292	0
37	5	7.815653	0.05315447	-4.496291	7.771203	1.878506	-4.470507	0
37	6	6.153359	0.05315447	5.751643	6.116863	1.718662	5.780057	0
37	7	5.299172	0.05315447	1.357237	5.256616	1.761245	1.387168	0
37	8	8.159946	0.05315447	1.144519	8.149747	1.450317	1.165252	0
37	9	2.735983	0.05315447	14.0309	2.71593	1.606979	14.05913	0
37	10	6.361754	0.05315447	-2.603161	6.339927	1.324353	-2.578362	0
37	11	-3.108922	0.05315447	18.20395	-3.124539	1.34007	18.22867	0
37	12	-2.887081	0.05315447	14.54383	-2.926808	1.653161	14.56556	0
37	13	-0.6328447	0.05315447	3.471327	-0.6517226	1.664881	3.502007	0
37	14	2.150601	0.05315447	11.58568	2.110261	1.741117	11.61194	0
37	15	-0.0729873	0.05315447	14.14289	-0.1043645	1.556834	14.17086	0
37	16	3.38642	0.05315447	5.947653	3.356047	1.305941	5.966577	0
37	17	1.034805	0.05315447	10.32287	0.9966628	1.669486	10.34955	0
37	18	0.1250655	0.05315447	13.00007	0.09143493	1.379094	13.02503	0
37	19	7.529672	0.05315447	-1.248281	7.489277	1.724457	-1.22138	0
38	1	2.414299	0.05315447	1.682784	2.393487	1.662903	1.712095	0
38	2	3.006267	0.05315447	12.84993	2.96669	1.667539	12.87673	0
38	3	1.329904	0.05315447	1.704784	1.313503	1.788647	1.731715	0
38	4	-0.5902478	0.05315447	5.561255	-0.6253152	1.510075	5.584612	0
38	5	7.815653	0.05315447	-4.496291	7.771432	1.878518	-4.470227	0
38	6	6.153359	0.05315447	5.751643	6.115289	1.718689	5.779374	0
38	7	5.299172	0.05315447	1.357237	5.258195	1.761208	1.386709	0
38	8	8.159946	0.05315447	1.144519	8.149247	1.450248	1.166664	0
38	9	2.735983	0.05315447	14.0309	2.713919	1.606914	14.05968	0
38	10	6.361754	0.05315447	-2.603161	6.338454	1.324447	-2.578666	0
38	11	-3.108922	0.05315447	18.20395	-3.126217	1.340007	18.22912	0
38	12	-2.887081	0.05315447	14.54383	-2.926512	1.653187	14.5658	0
38	13	-0.6328447	0.05315447	3.471327	-0.6537833	1.664792	3.502583	0
38	14	2.150601	0.05315447	11.58568	2.110476	1.741168	11.61223	0
38	15	-0.0729873	0.05315447	14.14289	-0.1059158	1.556852	14.17029	0
38	16	3.38642	0.05315447	5.947653	3.356186	1.305942	5.966779	0
38	17	1.034805	0.05315447	10.32287	0.9966517	1.669463	10.34998	0
38	18	0.1250655	0.05315447	13.00007	0.092071	1.379079	13.02493	0
38	19	7.529672	0.05315447	-1.248281	7.488785	1.724443	-1.221007	0
38	20	6.587848	0.05315447	3.493422	6.557694	1.668728	3.521855	0
39	1	2.414299	0.05315447	1.682784	2.391436	1.66284	1.712659	0
39	2	3.006267	0.05315447	12.84993	2.965528	1.667608	12.8757	0
39	3	1.329904	0.05315447	1.704784	1.316154	1.788796	1.730471	0
39	4	-0.5902478	0.05315447	5.561255	-0.6257489	1.510068	5.584937	0
39	5	7.815653	0.05315447	-4.496291	7.771676	1.87857	-4.469958	0
39	6	6.153359	0.05315447	5.751643	6.113794	1.718711	5.778502	0
39	7	5.299172	0.05315447	1.357237	5.260336	1.761161	1.386229	0
39	8	8.159946	0.05315447	1.144519	8.148361	1.450194	1.167976	0
39	9	2.735983	0.05315447	14.0309	2.712046	1.606895	14.05991	0
39	10	6.361754	0.05315447	-2.603161	6.336977	1.324524	-2.578979	0
39	11	-3.108922	0.05315447	18.20395	-3.127806	1.339973	18.22947	0
39	12	-2.887081	0.05315447	14.54383	-2.92631	1.653181	14.5661	0
39	13	-0.6328447	0.05315447	3.471327	-0.6558248	1.664737	3.503136	0
39	14	2.150601	0.05315447	11.58568	2.110654	1.741199	11.6126	0
39	15	-0.0729873	0.05315447	14.14289	-0.1073255	1.55688	14.16965	0
39	16	3.38642	0.05315447	5.947653	3.356328	1.305951	5.966972	0
39	17	1.034805	0.05315447	10.32287	0.9963929	1.669445	10.35037	0
39	18	0.1250655	0.05315447	13.00007	0.09322227	1.379055	13.0246	0
39	19	7.529672	0.05315447	-1.248281	7.488334	1.724424	-1.2206	0
39	20	6.587848	0.05315447	3.493422	6.561025	1.668689	3.52141	0
39	21	7.629015	0.05315447	-9.562639	7.59515	1.412275	-9.542761	0
40	1	2.414299	0.05315447	1.682784	2.389497	1.662838	1.712818	0
40	2	3.006267	0.05315447	12.84993	2.964715	1.667669	12.87478	0
40	3	1.329904	0.05315447	1.704784	1.317559	1.788927	1.729597	0
40	4	-0.5902478	0.05315447	5.561255	-0.6261562	1.510048	5.585268	0
40	5	7.815653	0.05315447	-4.496291	7.771935	1.878634	-4.469665	0
40	6	6.153359	0.05315447	5.751643	6.112393	1.718753	5.777389	0
40	7	5.299172	0.05315447	1.357237	5.263005	1.761133	1.385798	0
40	8	8.159946	0.05315447	1.144519	8.147072	1.450132	1.16917	0
40	9	2.735983	0.05315447	14.0309	2.710142	1.606974	14.05968	0
40	10	6.361754	0.05315447	-2.603161	6.335543	1.324584	-2.579383	0
40	11	-3.108922	0.05315447	18.20395	-3.129392	1.340013	18.22941	0
40	12	-2.887081	0.05315447	14.54383	-2.926113	1.653172	14.56637	0
40	13	-0.6328447	0.05315447	3.471327	-0.6578003	1.664752	3.503238	0
40	14	2.150601	0.05315447	11.58568	2.110669	1.741207	11.61306	0
40	15	-0.0729873	0.05315447	14.14289	-0.108652	1.556904	14.16883	0
40	16	3.38642	0.05315447	5.947653	3.356478	1.305987	5.967166	0
40	17	1.034805	0.05315447	10.32287	0.9959021	1.669435	10.35073	0
40	18	0.1250655	0.05315447	13.00007	0.09482063	1.379019	13.02422	0
40	19	7.529672	0.05315447	-1.248281	7.487756	1.724393	-1.220091	0
40	20	6.587848	0.05315447	3.493422	6.564507	1.668613	3.520808	0
40	21	7.629015	0.05315447	-9.562639	7.595502	1.412275	-9.542691	0
40	22	8.660926	0.05315447	-6.843602	8.632731	1.687893	-6.813598	0
41	1	2.414299	0.05315447	1.682784	2.387532	1.662929	1.712528	0
41	2	3.006267	0.05315447	12.84993	2.964193	1.667732	12.87408	0
41	3	1.329904	0.05315447	1.704784	1.317558	1.788988	1.729086	0
41	4	-0.5902478	0.05315447	5.561255	-0.6266015	1.510028	5.58569	0
41	5	7.815653	0.05315447	-4.496291	7.772177	1.878674	-4.469301	0
41	6	6.153359	0.05315447	5.751643	6.111165	1.718821	5.77633	0
41	7	5.299172	0.05315447	1.357237	5.266027	1.761144	1.385459	0
41	8	8.159946	0.05315447	1.144519	8.145496	1.450073	1.170229	0
41	9	2.735983	0.05315447	14.0309	2.708306	1.6071	14.05921	0
41	10	6.361754	0.05315447	-2.603161	6.334188	1.324604	-2.579853	0
41	11	-3.108922	0.05315447	18.20395	-3.130955	1.340104	18.22908	0
41	12	-2.887081	0.05315447	14.54383	-2.925918	1.653178	14.56663	0
41	13	-0.6328447	0.05315447	3.471327	-0.6597841	1.664849	3.502921	0
41	14	2.150601	0.05315447	11.58568	2.110716	1.741215	11.61353	0
41	15	-0.0729873	0.05315447	14.14289	-0.1098858	1.556947	14.16782	0
41	16	3.38642	0.05315447	5.947653	3.356638	1.306027	5.967381	0
41	17	1.034805	0.05315447	10.32287	0.9954224	1.66942	10.35111	0
41	18	0.1250655	0.05315447	13.00007	0.09685779	1.378989	13.02387	0
41	19	7.529672	0.05315447	-1.248281	7.487243	1.724337	-1.219588	0
41	20	6.587848	0.05315447	3.493422	6.568096	1.668511	3.519999	0
41	21	7.629015	0.05315447	-9.562639	7.595768	1.412299	-9.542517	0
41	22	8.660926	0.05315447	-6.843602	8.630849	1.688022	-6.814036	0
41	23	2.250736	0.05315447	5.337361	2.206377	1.805464	5.369555	0
42	1	2.414299	0.05315447	1.682784	2.385652	1.663063	1.712047	0
42	2	3.006267	0.05315447	12.84993	2.963967	1.667764	12.87367	0
42	3	1.329904	0.05315447	1.704784	1.317279	1.78895	1.730233	0
42	4	-0.5902478	0.05315447	5.561255	-0.6271107	1.509985	5.586159	0
42	5	7.815653	0.05315447	-4.496291	7.772227	1.878682	-4.468837	0
42	6	6.153359	0.05315447	5.751643	6.110288	1.718883	5.775387	0
42	7	5.299172	0.05315447	1.357237	5.269472	1.761106	1.385051	0
42	8	8.159946	0.05315447	1.144519	8.143728	1.450042	1.171082	0
42	9	2.735983	0.05315447	14.0309	2.706522	1.607207	14.05887	0
42	10	6.361754	0.05315447	-2.603161	6.332981	1.324624	-2.580372	0
42	11	-3.108922	0.05315447	18.20395	-3.132448	1.340201	18.22876	0
42	12	-2.887081	0.05315447	14.54383	-2.92571	1.653217	14.56686	0
42	13	-0.6328447	0.05315447	3.471327	-0.6616726	1.664979	3.50247	0
42	14	2.150601	0.05315447	11.58568	2.110707	1.741191	11.61398	0
42	15	-0.0729873	0.05315447	14.14289	-0.1109545	1.55701	14.16686	0
42	16	3.38642	0.05315447	5.947653	3.356782	1.306052	5.967647	0
42	17	1.034805	0.05315447	10.32287	0.9949847	1.669401	10.35152	0
42	18	0.1250655	0.05315447	13.00007	0.09909767	1.379014	13.02357	0
42	19	7.529672	0.05315447	-1.248281	7.48693	1.724274	-1.219139	0
42	20	6.587848	0.05315447	3.493422	6.571515	1.668465	3.518931	0
42	21	7.629015	0.05315447	-9.562639	7.595938	1.412294	-9.542257	0
42	22	8.660926	0.05315447	-6.843602	8.628963	1.688123	-6.814417	0
42	23	2.250736	0.05315447	5.337361	2.206117	1.805399	5.370023	0
42	24	-1.12731	0.05315447	14.3168	-1.137483	1.501588	14.33722	0
43	1	2.414299	0.05315447	1.682784	2.383804	1.663168	1.711693	0
43	2	3.006267	0.05315447	12.84993	2.963986	1.66774	12.87355	0
43	3	1.329904	0.05315447	1.704784	1.31673	1.78887	1.731989	0
43	4	-0.5902478	0.05315447	5.561255	-0.6274359	1.509931	5.586548	0
43	5	7.815653	0.05315447	-4.496291	7.772319	1.878696	-4.468321	0
43	6	6.153359	0.05315447	5.751643	6.109714	1.71895	5.774655	0
43	7	5.299172	0.05315447	1.357237	5.273124	1.761029	1.38447	0
43	8	8.159946	0.05315447	1.144519	8.141952	1.449967	1.171601	0
43	9	2.735983	0.05315447	14.0309	2.704742	1.607303	14.05845	0
43	10	6.361754	0.05315447	-2.603161	6.331839	1.324644	-2.581021	0
43	11	-3.108922	0.05315447	18.20395	-3.133941	1.340279	18.22845	0
43	12	-2.887081	0.05315447	14.54383	-2.925487	1.653274	14.56711	0
43	13	-0.6328447	0.05315447	3.471327	-0.663539	1.665077	3.502117	0
43	14	2.150601	0.05315447	11.58568	2.110443	1.741172	11.61439	0
43	15	-0.0729873	0.05315447	14.14289	-0.1116939	1.557068	14.16601	0
43	16	3.38642	0.05315447	5.947653	3.356796	1.306057	5.967978	0
43	17	1.034805	0.05315447	10.32287	0.9944251	1.66937	10.35202	0
43	18	0.1250655	0.05315447	13.00007	0.1017007	1.379003	13.02326	0
43	19	7.529672	0.05315447	-1.248281	7.486838	1.724201	-1.218853	0
43	20	6.587848	0.05315447	3.493422	6.574338	1.668573	3.517732	0
43	21	7.629015	0.05315447	-9.562639	7.596101	1.412278	-9.542027	0
43	22	8.660926	0.05315447	-6.843602	8.627127	1.688209	-6.814918	0
43	23	2.250736	0.05315447	5.337361	2.206139	1.805327	5.370279	0
43	24	-1.12731	0.05315447	14.3168	-1.13778	1.501586	14.33761	0
43	25	8.332644	0.05315447	0.005438663	8.297516	1.766244	0.0374851	0
44	1	2.414299	0.05315447	1.682784	2.381969	1.663266	1.711243	0
44	2	3.006267	0.05315447	12.84993	2.964186	1.667713	12.87355	0
44	3	1.329904	0.05315447	1.704784	1.315713	1.788798	1.73365	0
44	4	-0.5902478	0.05315447	5.561255	-0.6276018	1.509869	5.586862	0
44	5	7.815653	0.05315447	-4.496291	7.772317	1.87868	-4.467844	0
44	6	6.153359	0.05315447	5.751643	6.109447	1.718985	5.774222	0
44	7	5.299172	0.05315447	1.357237	5.276896	1.760913	1.383687	0
44	8	8.159946	0.05315447	1.144519	8.140171	1.449917	1.172089	0
44	9	2.735983	0.05315447	14.0309	2.702999	1.607358	14.05792	0
44	10	6.361754	0.05315447	-2.603161	6.330772	1.324677	-2.581857	0
44	11	-3.108922	0.05315447	18.20395	-3.135393	1.340343	18.22805	0
44	12	-2.887081	0.05315447	14.54383	-2.925263	1.653314	14.5674	0
44	13	-0.6328447	0.05315447	3.471327	-0.6653665	1.665173	3.501647	0
44	14	2.150601	0.05315447	11.58568	2.109931	1.741162	11.61477	0
44	15	-0.0729873	0.05315447	14.14289	-0.1121676	1.557126	14.16537	0
44	16	3.38642	0.05315447	5.947653	3.356839	1.306065	5.968332	0
44	17	1.034805	0.05315447	10.32287	0.9939587	1.669317	10.35251	0
44	18	0.1250655	0.05315447	13.00007	0.1045122	1.378956	13.02282	0
44	19	7.529672	0.05315447	-1.248281	7.487239	1.72416	-1.218839	0
44	20	6.587848	0.05315447	3.493422	6.576059	1.668715	3.516766	0
44	21	7.629015	0.05315447	-9.562639	7.596253	1.412279	-9.54181	0
44	22	8.660926	0.05315447	-6.843602	8.625344	1.688239	-6.815526	0
44	23	2.250736	0.05315447	5.337361	2.20673	1.805294	5.370232	0
44	24	-1.12731	0.05315447	14.3168	-1.138108	1.501527	14.33908	0
44	25	8.332644	0.05315447	0.005438663	8.295663	1.766273	0.03685818	0
44	26	3.900507	0.05315447	10.12889	3.851543	1.903309	10.15388	0
45	1	2.414299	0.05315447	1.682784	2.380162	1.663315	1.710682	0
45	2	3.006267	0.05315447	12.84993	2.964426	1.66768	12.87357	0
45	3	1.329904	0.05315447	1.704784	1.31417	1.78872	1.735153	0
45	4	-0.5902478	0.05315447	5.561255	-0.6274254	1.509821	5.58696	0
45	5	7.815653	0.05315447	-4.496291	7.772165	1.87865	-4.467401	0
45	6	6.153359	0.05315447	5.751643	6.109431	1.718961	5.774096	0
45	7	5.299172	0.05315447	1.357237	5.280606	1.76083	1.382647	0
45	8	8.159946	0.05315447	1.144519	8.138461	1.449923	1.172208	0
45	9	2.735983	0.05315447	14.0309	2.701405	1.607375	14.05733	0
45	10	6.361754	0.05315447	-2.603161	6.329829	1.324729	-2.582687	0
45	11	-3.108922	0.05315447	18.20395	-3.136776	1.340364	18.22758	0
45	12	-2.887081	0.05315447	14.54383	-2.92516	1.65333	14.56778	0
45	13	-0.6328447	0.05315447	3.471327	-0.6671652	1.665212	3.501078	0
45	14	2.150601	0.05315447	11.58568	2.109428	1.741146	11.61517	0
45	15	-0.0729873	0.05315447	14.14289	-0.1123626	1.557153	14.165	0
45	16	3.38642	0.05315447	5.947653	3.356825	1.306051	5.968666	0
45	17	1.034805	0.05315447	10.32287	0.9936889	1.669258	10.35294	0
45	18	0.1250655	0.05315447	13.00007	0.1074234	1.378877	13.02225	0
45	19	7.529672	0.05315447	-1.248281	7.488241	1.72414	-1.219059	0
45	20	6.587848	0.05315447	3.493422	6.576535	1.66879	3.516207	0
45	21	7.629015	0.05315447	-9.562639	7.596409	1.412307	-9.541606	0
45	22	8.660926	0.05315447	-6.843602	8.623766	1.688258	-6.816171	0
45	23	2.250736	0.05315447	5.337361	2.207969	1.805274	5.369916	0
45	24	-1.12731	0.05315447	14.3168	-1.138823	1.501459	14.34051	0
45	25	8.332644	0.05315447	0.005438663	8.294023	1.766297	0.03617058	0
45	26	3.900507	0.05315447	10.12889	3.851609	1.903278	10.15381	0
45	27	4.985867	0.05315447	11.41938	4.944305	1.655278	11.44284	0
46	1	2.414299	0.05315447	1.682784	2.378549	1.663331	1.710062	0
46	2	3.006267	0.05315447	12.84993	2.964765	1.66765	12.87358	0
46	3	1.329904	0.05315447	1.704784	1.31227	1.788647	1.736498	0
46	4	-0.5902478	0.05315447	5.561255	-0.6267457	1.509802	5.586853	0
46	5	7.815653	0.05315447	-4.496291	7.77164	1.878641	-4.467003	0
46	6	6.153359	0.05315447	5.751643	6.109609	1.718932	5.774118	0
46	7	5.299172	0.05315447	1.357237	5.283839	1.760904	1.381378	0
46	8	8.159946	0.05315447	1.144519	8.136739	1.450004	1.171952	0
46	9	2.735983	0.05315447	14.0309	2.699941	1.607401	14.05667	0
46	10	6.361754	0.05315447	-2.603161	6.329134	1.324776	-2.58343	0
46	11	-3.108922	0.05315447	18.20395	-3.138005	1.340383	18.22706	0
46	12	-2.887081	0.05315447	14.54383	-2.925105	1.653341	14.56823	0
46	13	-0.6328447	0.05315447	3.471327	-0.6687478	1.66523	3.500455	0
46	14	2.150601	0.05315447	11.58568	2.10897	1.741126	11.61559	0
46	15	-0.0729873	0.05315447	14.14289	-0.1123332	1.55713	14.1649	0
46	16	3.38642	0.05315447	5.947653	3.356672	1.306033	5.968973	0
46	17	1.034805	0.05315447	10.32287	0.993648	1.66919	10.35322	0
46	18	0.1250655	0.05315447	13.00007	0.1103388	1.378805	13.02148	0
46	19	7.529672	0.05315447	-1.248281	7.48987	1.7241	-1.219524	0
46	20	6.587848	0.05315447	3.493422	6.576193	1.668795	3.516528	0
46	21	7.629015	0.05315447	-9.562639	7.596578	1.412353	-9.541385	0
46	22	8.660926	0.05315447	-6.843602	8.622269	1.688283	-6.816959	0
46	23	2.250736	0.05315447	5.337361	2.209846	1.805229	5.369423	0
46	24	-1.12731	0.05315447	14.3168	-1.139996	1.501395	14.3418	0
46	25	8.332644	0.05315447	0.005438663	8.29247	1.766326	0.03531931	0
46	26	3.900507	0.05315447	10.12889	3.851834	1.903244	10.15385	0
46	27	4.985867	0.05315447	11.41938	4.944611	1.655246	11.44285	0
47	1	2.414299	0.05315447	1.682784	2.377043	1.663359	1.70936	0
47	2	3.006267	0.05315447	12.84993	2.965211	1.66763	12.87354	0
47	3	1.329904	0.05315447	1.704784	1.310081	1.788604	1.737602	0
47	4	-0.5902478	0.05315447	5.561255	-0.6255025	1.509774	5.586493	0
47	5	7.815653	0.05315447	-4.496291	7.771101	1.878631	-4.466594	0
47	6	6.153359	0.05315447	5.751643	6.109829	1.718896	5.774159	0
47	7	5.299172	0.05315447	1.357237	5.286029	1.761065	1.380228	0
47	8	8.159946	0.05315447	1.144519	8.135096	1.450117	1.171555	0
47	9	2.735983	0.05315447	14.0309	2.698568	1.607423	14.05581	0
47	10	6.361754	0.05315447	-2.603161	6.328686	1.324829	-2.584018	0
47	11	-3.108922	0.05315447	18.20395	-3.139167	1.340404	18.22641	0
47	12	-2.887081	0.05315447	14.54383	-2.925084	1.653338	14.56865	0
47	13	-0.6328447	0.05315447	3.471327	-0.6702396	1.66526	3.499709	0
47	14	2.150601	0.05315447	11.58568	2.108387	1.741095	11.61612	0
47	15	-0.0729873	0.05315447	14.14289	-0.1121425	1.557105	14.16491	0
47	16	3.38642	0.05315447	5.947653	3.356298	1.306026	5.969252	0
47	17	1.034805	0.05315447	10.32287	0.9940966	1.669154	10.35322	0
47	18	0.1250655	0.05315447	13.00007	0.1129355	1.378836	13.02051	0
47	19	7.529672	0.05315447	-1.248281	7.492054	1.724055	-1.219982	0
47	20	6.587848	0.05315447	3.493422	6.575852	1.668728	3.518165	0
47	21	7.629015	0.05315447	-9.562639	7.59675	1.412387	-9.541133	0
47	22	8.660926	0.05315447	-6.843602	8.620872	1.688318	-6.818009	0
47	23	2.250736	0.05315447	5.337361	2.212311	1.805183	5.368952	0
47	24	-1.12731	0.05315447	14.3168	-1.141487	1.501334	14.34296	0
47	25	8.332644	0.05315447	0.005438663	8.291017	1.766368	0.0342109	0
47	26	3.900507	0.05315447	10.12889	3.852106	1.903203	10.15389	0
47	27	4.985867	0.05315447	11.41938	4.945033	1.655222	11.44283	0
47	28	4.762548	0.05315447	-9.326156	4.717364	1.827516	-9.302202	0
48	1	2.414299	0.05315447	1.682784	2.377043	1.663359	1.70936	0
48	2	3.006267	0.05315447	12.84993	2.965211	1.66763	12.87354	0
48	3	1.329904	0.05315447	1.704784	1.310081	1.788604	1.737602	0
48	4	-0.5902478	0.05315447	5.561255	-0.6255025	1.509774	5.586493	0
48	5	7.815653	0.05315447	-4.496291	7.771101	1.878631	-4.466594	0
48	6	6.153359	0.05315447	5.751643	6.109829	1.718896	5.774159	0
48	7	5.299172	0.05315447	1.357237	5.286029	1.761065	1.380228	0
48	8	8.159946	0.05315447	1.144519	8.135096	1.450117	1.171555	0
48	9	2.735983	0.05315447	14.0309	2.698568	1.607423	14.05581	0
48	10	6.361754	0.05315447	-2.603161	6.328686	1.324829	-2.584018	0
48	11	-3.108922	0.05315447	18.20395	-3.139167	1.340404	18.22641	0
48	12	-2.887081	0.05315447	14.54383	-2.925084	1.653338	14.56865	0
48	13	-0.6328447	0.05315447	3.471327	-0.6702396	1.66526	3.499709	0
48	14	2.150601	0.05315447	11.58568	2.108387	1.741095	11.61612	0
48	15	-0.0729873	0.05315447	14.14289	-0.1121425	1.557105	14.16491	0
48	16	3.38642	0.05315447	5.947653	3.356298	1.306026	5.969252	0
48	17	1.034805	0.05315447	10.32287	0.9940966	1.669154	10.35322	0
48	18	0.1250655	0.05315447	13.00007	0.1129355	1.378836	13.02051	0
48	19	7.529672	0.05315447	-1.248281	7.492054	1.724055	-1.219982	0
48	20	6.587848	0.05315447	3.493422	6.575852	1.668728	3.518165	0
48	21	7.629015	0.05315447	-9.562639	7.59675	1.412387	-9.541133	0
48	22	8.660926	0.05315447	-6.843602	8.620872	1.688318	-6.818009	0
48	23	2.250736	0.05315447	5.337361	2.212311	1.805183	5.368952	0
48	24	-1.12731	0.05315447	14.3168	-1.141487	1.501334	14.34296	0
48	25	8.332644	0.05315447	0.005438663	8.291017	1.766368	0.0342109	0
48	26	3.900507	0.05315447	10.12889	3.852106	1.903203	10.15389	0
48	27	4.985867	0.05315447	11.41938	4.945033	1.655222	11.44283	0
48	28	4.762548	0.05315447	-9.326156	4.717364	1.827516	-9.302202	0
48	29	-4.052218	0.05315447	14.44548	-4.052218	1.837041	14.40064	0
17	1	2.417117	0.05315447	1.713493	2.384893	1.349959	1.736759	0
18	1	2.417117	0.05315447	1.713493	2.384453	1.349922	1.737182	0
18	2	2.979517	0.05315447	12.77134	2.935386	1.744458	12.79517	0
19	1	2.417117	0.05315447	1.713493	2.384181	1.349875	1.737531	0
19	2	2.979517	0.05315447	12.77134	2.934899	1.744519	12.79452	0
19	3	1.313461	0.05315447	1.655011	1.277871	1.49231	1.676079	0
20	1	2.417117	0.05315447	1.713493	2.384057	1.349822	1.737811	0
20	2	2.979517	0.05315447	12.77134	2.934721	1.744532	12.79419	0
20	3	1.313461	0.05315447	1.655011	1.278201	1.492331	1.676208	0
20	4	-0.5996869	0.05315447	5.595783	-0.6366857	1.570721	5.617364	0
21	1	2.417117	0.05315447	1.713493	2.384242	1.349781	1.737901	0
21	2	2.979517	0.05315447	12.77134	2.934785	1.744505	12.79413	0
21	3	1.313461	0.05315447	1.655011	1.278412	1.492335	1.676458	0
21	4	-0.5996869	0.05315447	5.595783	-0.6364951	1.570753	5.617586	0
21	5	7.804013	0.05315447	-4.51424	7.778832	1.70718	-4.487928	0
22	1	2.417117	0.05315447	1.713493	2.384875	1.349766	1.737797	0
22	2	2.979517	0.05315447	12.77134	2.934991	1.744473	12.79417	0
22	3	1.313461	0.05315447	1.655011	1.278587	1.492316	1.676718	0
22	4	-0.5996869	0.05315447	5.595783	-0.6362914	1.570805	5.617822	0
22	5	7.804013	0.05315447	-4.51424	7.782501	1.707068	-4.488708	0
22	6	6.160846	0.05315447	5.808933	6.146463	1.646426	5.834899	0
23	1	2.417117	0.05315447	1.713493	2.386013	1.349743	1.737477	0
23	2	2.979517	0.05315447	12.77134	2.935242	1.744436	12.7942	0
23	3	1.313461	0.05315447	1.655011	1.278745	1.492318	1.676952	0
23	4	-0.5996869	0.05315447	5.595783	-0.6360822	1.570846	5.61808	0
23	5	7.804013	0.05315447	-4.51424	7.786069	1.706997	-4.489745	0
23	6	6.160846	0.05315447	5.808933	6.144751	1.646364	5.836136	0
23	7	5.341516	0.05315447	1.333224	5.30216	1.679945	1.357826	0
24	1	2.417117	0.05315447	1.713493	2.387586	1.349707	1.737108	0
24	2	2.979517	0.05315447	12.77134	2.935621	1.744406	12.79422	0
24	3	1.313461	0.05315447	1.655011	1.278908	1.492327	1.677173	0
24	4	-0.5996869	0.05315447	5.595783	-0.6359441	1.570868	5.618425	0
24	5	7.804013	0.05315447	-4.51424	7.789133	1.707086	-4.490979	0
24	6	6.160846	0.05315447	5.808933	6.142716	1.646328	5.837169	0
24	7	5.341516	0.05315447	1.333224	5.302338	1.679946	1.358086	0
24	8	8.104946	0.05315447	1.17098	8.072551	1.42189	1.194104	0
25	1	2.417117	0.05315447	1.713493	2.389586	1.349678	1.736762	0
25	2	2.979517	0.05315447	12.77134	2.936106	1.744396	12.79418	0
25	3	1.313461	0.05315447	1.655011	1.27908	1.492368	1.677396	0
25	4	-0.5996869	0.05315447	5.595783	-0.6359144	1.570876	5.618844	0
25	5	7.804013	0.05315447	-4.51424	7.791141	1.707241	-4.492056	0
25	6	6.160846	0.05315447	5.808933	6.140668	1.646267	5.837855	0
25	7	5.341516	0.05315447	1.333224	5.302524	1.679975	1.35833	0
25	8	8.104946	0.05315447	1.17098	8.072214	1.421882	1.194418	0
25	9	2.818449	0.05315447	14.00252	2.792125	1.523634	14.02658	0
26	1	2.417117	0.05315447	1.713493	2.391783	1.349703	1.736469	0
26	2	2.979517	0.05315447	12.77134	2.936687	1.7444	12.79416	0
26	3	1.313461	0.05315447	1.655011	1.279263	1.492415	1.677643	0
26	4	-0.5996869	0.05315447	5.595783	-0.6358757	1.570878	5.619255	0
26	5	7.804013	0.05315447	-4.51424	7.791908	1.707332	-4.492671	0
26	6	6.160846	0.05315447	5.808933	6.1386	1.646199	5.838418	0
26	7	5.341516	0.05315447	1.333224	5.302722	1.680028	1.358593	0
26	8	8.104946	0.05315447	1.17098	8.071795	1.421874	1.194731	0
26	9	2.818449	0.05315447	14.00252	2.795241	1.523574	14.02612	0
27	1	2.417117	0.05315447	1.713493	2.394336	1.349692	1.736162	0
27	2	2.979517	0.05315447	12.77134	2.937163	1.7444	12.79422	0
27	3	1.313461	0.05315447	1.655011	1.279429	1.492444	1.677948	0
27	4	-0.5996869	0.05315447	5.595783	-0.6358747	1.570851	5.619644	0
27	5	7.804013	0.05315447	-4.51424	7.791585	1.707358	-4.492662	0
27	6	6.160846	0.05315447	5.808933	6.136686	1.646175	5.838677	0
27	7	5.341516	0.05315447	1.333224	5.302928	1.680071	1.358886	0
27	8	8.104946	0.05315447	1.17098	8.0714	1.421856	1.195054	0
27	9	2.818449	0.05315447	14.00252	2.798464	1.52348	14.02549	0
27	10	6.416439	0.05315447	-2.511688	6.37066	1.821457	-2.484899	0
28	1	2.417117	0.05315447	1.713493	2.397087	1.349645	1.735735	0
28	2	2.979517	0.05315447	12.77134	2.937538	1.744432	12.79441	0
28	3	1.313461	0.05315447	1.655011	1.279446	1.49245	1.678329	0
28	4	-0.5996869	0.05315447	5.595783	-0.6361954	1.570842	5.619991	0
28	5	7.804013	0.05315447	-4.51424	7.791339	1.707295	-4.490983	0
28	6	6.160846	0.05315447	5.808933	6.134738	1.646254	5.838457	0
28	7	5.341516	0.05315447	1.333224	5.30307	1.680096	1.35926	0
28	8	8.104946	0.05315447	1.17098	8.071009	1.42184	1.195438	0
28	9	2.818449	0.05315447	14.00252	2.801703	1.523393	14.02466	0
28	10	6.416439	0.05315447	-2.511688	6.370247	1.821513	-2.485511	0
28	11	-3.099603	0.05315447	18.16198	-3.14618	1.879281	18.19315	0
29	1	2.417117	0.05315447	1.713493	2.399936	1.349567	1.735166	0
29	2	2.979517	0.05315447	12.77134	2.937776	1.744438	12.79472	0
29	3	1.313461	0.05315447	1.655011	1.279494	1.492459	1.678735	0
29	4	-0.5996869	0.05315447	5.595783	-0.6366577	1.570832	5.620323	0
29	5	7.804013	0.05315447	-4.51424	7.790618	1.707215	-4.489328	0
29	6	6.160846	0.05315447	5.808933	6.132855	1.646382	5.837978	0
29	7	5.341516	0.05315447	1.333224	5.303082	1.680105	1.359712	0
29	8	8.104946	0.05315447	1.17098	8.070522	1.421805	1.195879	0
29	9	2.818449	0.05315447	14.00252	2.804621	1.52342	14.02359	0
29	10	6.416439	0.05315447	-2.511688	6.370147	1.821512	-2.4858	0
29	11	-3.099603	0.05315447	18.16198	-3.146587	1.879214	18.19364	0
29	12	-2.969102	0.05315447	14.54406	-3.006511	1.468996	14.56323	0
30	1	2.417117	0.05315447	1.713493	2.402784	1.349499	1.734409	0
30	2	2.979517	0.05315447	12.77134	2.937988	1.744419	12.79502	0
30	3	1.313461	0.05315447	1.655011	1.279477	1.492443	1.67912	0
30	4	-0.5996869	0.05315447	5.595783	-0.6370991	1.570814	5.620662	0
30	5	7.804013	0.05315447	-4.51424	7.789394	1.707154	-4.487838	0
30	6	6.160846	0.05315447	5.808933	6.131029	1.646493	5.83762	0
30	7	5.341516	0.05315447	1.333224	5.303109	1.680108	1.360161	0
30	8	8.104946	0.05315447	1.17098	8.070202	1.421757	1.196253	0
30	9	2.818449	0.05315447	14.00252	2.806762	1.523555	14.02254	0
30	10	6.416439	0.05315447	-2.511688	6.37029	1.821485	-2.485835	0
30	11	-3.099603	0.05315447	18.16198	-3.146792	1.879136	18.19403	0
30	12	-2.969102	0.05315447	14.54406	-3.006488	1.468973	14.56316	0
30	13	-0.6249524	0.05315447	3.435443	-0.6701575	1.859001	3.465822	0
31	1	2.417117	0.05315447	1.713493	2.405312	1.349532	1.733465	0
31	2	2.979517	0.05315447	12.77134	2.938181	1.744426	12.7953	0
31	3	1.313461	0.05315447	1.655011	1.279305	1.492422	1.679473	0
31	4	-0.5996869	0.05315447	5.595783	-0.637512	1.570799	5.621059	0
31	5	7.804013	0.05315447	-4.51424	7.787749	1.707086	-4.486492	0
31	6	6.160846	0.05315447	5.808933	6.129194	1.646592	5.837196	0
31	7	5.341516	0.05315447	1.333224	5.303095	1.68008	1.360591	0
31	8	8.104946	0.05315447	1.17098	8.070034	1.421703	1.196587	0
31	9	2.818449	0.05315447	14.00252	2.807846	1.523659	14.02185	0
31	10	6.416439	0.05315447	-2.511688	6.370534	1.82145	-2.485816	0
31	11	-3.099603	0.05315447	18.16198	-3.146567	1.879075	18.19415	0
31	12	-2.969102	0.05315447	14.54406	-3.006324	1.468948	14.56319	0
31	13	-0.6249524	0.05315447	3.435443	-0.6707451	1.858943	3.466387	0
31	14	2.221537	0.05315447	11.63271	2.173624	1.867939	11.65718	0
32	1	2.417117	0.05315447	1.713493	2.40712	1.349648	1.732569	0
32	2	2.979517	0.05315447	12.77134	2.938387	1.744447	12.79555	0
32	3	1.313461	0.05315447	1.655011	1.278876	1.492414	1.679794	0
32	4	-0.5996869	0.05315447	5.595783	-0.6380671	1.570763	5.621532	0
32	5	7.804013	0.05315447	-4.51424	7.78574	1.707031	-4.48532	0
32	6	6.160846	0.05315447	5.808933	6.127403	1.646652	5.836665	0
32	7	5.341516	0.05315447	1.333224	5.302759	1.680068	1.360975	0
32	8	8.104946	0.05315447	1.17098	8.070139	1.421653	1.196734	0
32	9	2.818449	0.05315447	14.00252	2.807723	1.523706	14.02147	0
32	10	6.416439	0.05315447	-2.511688	6.370842	1.821414	-2.485805	0
32	11	-3.099603	0.05315447	18.16198	-3.145722	1.879052	18.19403	0
32	12	-2.969102	0.05315447	14.54406	-3.006125	1.468916	14.56322	0
32	13	-0.6249524	0.05315447	3.435443	-0.6711037	1.858875	3.466868	0
32	14	2.221537	0.05315447	11.63271	2.173867	1.8679	11.65722	0
32	15	-0.05933297	0.05315447	14.18982	-0.09795275	1.650044	14.21272	0
33	1	2.417117	0.05315447	1.713493	2.40799	1.349734	1.731984	0
33	2	2.979517	0.05315447	12.77134	2.938607	1.744502	12.79581	0
33	3	1.313461	0.05315447	1.655011	1.278447	1.492404	1.680131	0
33	4	-0.5996869	0.05315447	5.595783	-0.6384699	1.570709	5.621952	0
33	5	7.804013	0.05315447	-4.51424	7.78359	1.706995	-4.484447	0
33	6	6.160846	0.05315447	5.808933	6.125761	1.646671	5.836053	0
33	7	5.341516	0.05315447	1.333224	5.302259	1.680057	1.361342	0
33	8	8.104946	0.05315447	1.17098	8.070709	1.421633	1.196657	0
33	9	2.818449	0.05315447	14.00252	2.807546	1.523665	14.0227	0
33	10	6.416439	0.05315447	-2.511688	6.371283	1.821386	-2.48581	0
33	11	-3.099603	0.05315447	18.16198	-3.144163	1.879017	18.19357	0
33	12	-2.969102	0.05315447	14.54406	-3.005828	1.46889	14.56324	0
33	13	-0.6249524	0.05315447	3.435443	-0.6712433	1.858797	3.467205	0
33	14	2.221537	0.05315447	11.63271	2.174217	1.867864	11.65725	0
33	15	-0.05933297	0.05315447	14.18982	-0.09773612	1.650097	14.21297	0
33	16	3.36582	0.05315447	5.988209	3.338053	1.526951	6.012486	0
34	1	2.417117	0.05315447	1.713493	2.407794	1.349774	1.731622	0
34	2	2.979517	0.05315447	12.77134	2.938839	1.744554	12.79608	0
34	3	1.313461	0.05315447	1.655011	1.278051	1.492385	1.680487	0
34	4	-0.5996869	0.05315447	5.595783	-0.6387063	1.57065	5.622348	0
34	5	7.804013	0.05315447	-4.51424	7.78143	1.706911	-4.48389	0
34	6	6.160846	0.05315447	5.808933	6.124263	1.646698	5.835386	0
34	7	5.341516	0.05315447	1.333224	5.301781	1.680038	1.361725	0
34	8	8.104946	0.05315447	1.17098	8.0718	1.421613	1.196359	0
34	9	2.818449	0.05315447	14.00252	2.807043	1.523596	14.02419	0
34	10	6.416439	0.05315447	-2.511688	6.371821	1.821386	-2.485866	0
34	11	-3.099603	0.05315447	18.16198	-3.141994	1.878968	18.19305	0
34	12	-2.969102	0.05315447	14.54406	-3.005434	1.468877	14.56322	0
34	13	-0.6249524	0.05315447	3.435443	-0.6708876	1.858747	3.467257	0
34	14	2.221537	0.05315447	11.63271	2.174701	1.867839	11.65723	0
34	15	-0.05933297	0.05315447	14.18982	-0.09751107	1.650143	14.21323	0
34	16	3.36582	0.05315447	5.988209	3.34111	1.526905	6.012084	0
34	17	1.041571	0.05315447	10.22617	0.9983243	1.772913	10.25844	0
35	1	2.417117	0.05315447	1.713493	2.407639	1.349729	1.73279	0
35	2	2.979517	0.05315447	12.77134	2.939033	1.744586	12.79644	0
35	3	1.313461	0.05315447	1.655011	1.277575	1.492361	1.680929	0
35	4	-0.5996869	0.05315447	5.595783	-0.6386871	1.570587	5.622548	0
35	5	7.804013	0.05315447	-4.51424	7.779395	1.706862	-4.483421	0
35	6	6.160846	0.05315447	5.808933	6.122845	1.64672	5.834522	0
35	7	5.341516	0.05315447	1.333224	5.301339	1.680021	1.362157	0
35	8	8.104946	0.05315447	1.17098	8.073369	1.421576	1.195969	0
35	9	2.818449	0.05315447	14.00252	2.806127	1.523543	14.02557	0
35	10	6.416439	0.05315447	-2.511688	6.372423	1.821384	-2.485882	0
35	11	-3.099603	0.05315447	18.16198	-3.139233	1.878928	18.19258	0
35	12	-2.969102	0.05315447	14.54406	-3.004955	1.468881	14.56319	0
35	13	-0.6249524	0.05315447	3.435443	-0.6698924	1.858726	3.467062	0
35	14	2.221537	0.05315447	11.63271	2.175301	1.867846	11.65719	0
35	15	-0.05933297	0.05315447	14.18982	-0.09734322	1.65017	14.21359	0
35	16	3.36582	0.05315447	5.988209	3.344289	1.526826	6.011539	0
35	17	1.041571	0.05315447	10.22617	0.9995243	1.772892	10.25813	0
35	18	0.1203351	0.05315447	13.02983	0.09464289	1.349994	13.05438	0
36	1	2.417117	0.05315447	1.713493	2.407164	1.349664	1.734099	0
36	2	2.979517	0.05315447	12.77134	2.939062	1.744593	12.79689	0
36	3	1.313461	0.05315447	1.655011	1.277129	1.492315	1.68138	0
36	4	-0.5996869	0.05315447	5.595783	-0.6381683	1.570558	5.622496	0
36	5	7.804013	0.05315447	-4.51424	7.77738	1.706905	-4.483469	0
36	6	6.160846	0.05315447	5.808933	6.121523	1.646762	5.833449	0
36	7	5.341516	0.05315447	1.333224	5.300756	1.679986	1.36267	0
36	8	8.104946	0.05315447	1.17098	8.075397	1.421542	1.195604	0
36	9	2.818449	0.05315447	14.00252	2.804774	1.523481	14.02681	0
36	10	6.416439	0.05315447	-2.511688	6.372889	1.821381	-2.485803	0
36	11	-3.099603	0.05315447	18.16198	-3.136079	1.878941	18.19221	0
36	12	-2.969102	0.05315447	14.54406	-3.004541	1.468884	14.56323	0
36	13	-0.6249524	0.05315447	3.435443	-0.6682043	1.858686	3.466573	0
36	14	2.221537	0.05315447	11.63271	2.175867	1.867852	11.65722	0
36	15	-0.05933297	0.05315447	14.18982	-0.09731362	1.650178	14.21402	0
36	16	3.36582	0.05315447	5.988209	3.347565	1.526726	6.010798	0
36	17	1.041571	0.05315447	10.22617	1.001355	1.772849	10.25765	0
36	18	0.1203351	0.05315447	13.02983	0.0931841	1.350042	13.05395	0
37	1	2.417117	0.05315447	1.713493	2.406327	1.349615	1.735312	0
37	2	2.979517	0.05315447	12.77134	2.939126	1.744602	12.79736	0
37	3	1.313461	0.05315447	1.655011	1.276867	1.492263	1.681766	0
37	4	-0.5996869	0.05315447	5.595783	-0.6370863	1.570537	5.622212	0
37	5	7.804013	0.05315447	-4.51424	7.775379	1.707021	-4.483891	0
37	6	6.160846	0.05315447	5.808933	6.120375	1.646828	5.832448	0
37	7	5.341516	0.05315447	1.333224	5.300332	1.679929	1.36313	0
37	8	8.104946	0.05315447	1.17098	8.077671	1.42156	1.19528	0
37	9	2.818449	0.05315447	14.00252	2.803102	1.523424	14.02792	0
37	10	6.416439	0.05315447	-2.511688	6.373249	1.821415	-2.485593	0
37	11	-3.099603	0.05315447	18.16198	-3.132468	1.878914	18.1918	0
37	12	-2.969102	0.05315447	14.54406	-3.004214	1.468906	14.56337	0
37	13	-0.6249524	0.05315447	3.435443	-0.6659223	1.858637	3.466067	0
37	14	2.221537	0.05315447	11.63271	2.176312	1.867869	11.65736	0
37	15	-0.05933297	0.05315447	14.18982	-0.09725939	1.650183	14.21446	0
37	16	3.36582	0.05315447	5.988209	3.350672	1.526685	6.009813	0
37	17	1.041571	0.05315447	10.22617	1.003762	1.772804	10.25719	0
37	18	0.1203351	0.05315447	13.02983	0.09185447	1.350057	13.05346	0
37	19	7.542141	0.05315447	-1.22117	7.522572	1.302261	-1.199696	0
38	1	2.417117	0.05315447	1.713493	2.405121	1.349557	1.736416	0
38	2	2.979517	0.05315447	12.77134	2.939133	1.744579	12.7978	0
38	3	1.313461	0.05315447	1.655011	1.27679	1.492202	1.682033	0
38	4	-0.5996869	0.05315447	5.595783	-0.6354607	1.570498	5.621776	0
38	5	7.804013	0.05315447	-4.51424	7.773472	1.707152	-4.484333	0
38	6	6.160846	0.05315447	5.808933	6.119577	1.646889	5.831563	0
38	7	5.341516	0.05315447	1.333224	5.300093	1.679869	1.363562	0
38	8	8.104946	0.05315447	1.17098	8.080296	1.421559	1.194971	0
38	9	2.818449	0.05315447	14.00252	2.801202	1.523399	14.0288	0
38	10	6.416439	0.05315447	-2.511688	6.373469	1.821411	-2.485257	0
38	11	-3.099603	0.05315447	18.16198	-3.128584	1.87884	18.19122	0
38	12	-2.969102	0.05315447	14.54406	-3.004001	1.468914	14.56362	0
38	13	-0.6249524	0.05315447	3.435443	-0.6630895	1.858609	3.465615	0
38	14	2.221537	0.05315447	11.63271	2.176619	1.867888	11.65766	0
38	15	-0.05933297	0.05315447	14.18982	-0.09724745	1.650157	14.21487	0
38	16	3.36582	0.05315447	5.988209	3.353241	1.526792	6.008709	0
38	17	1.041571	0.05315447	10.22617	1.006561	1.772809	10.25676	0
38	18	0.1203351	0.05315447	13.02983	0.09064002	1.350081	13.0529	0
38	19	7.542141	0.05315447	-1.22117	7.525309	1.302188	-1.20023	0
38	20	6.576105	0.05315447	3.451959	6.533379	1.691657	3.475928	0
39	1	2.417117	0.05315447	1.713493	2.403649	1.349503	1.737393	0
39	2	2.979517	0.05315447	12.77134	2.938883	1.744559	12.7982	0
39	3	1.313461	0.05315447	1.655011	1.277117	1.492165	1.682068	0
39	4	-0.5996869	0.05315447	5.595783	-0.6333295	1.570459	5.621379	0
39	5	7.804013	0.05315447	-4.51424	7.771565	1.707253	-4.484719	0
39	6	6.160846	0.05315447	5.808933	6.11906	1.646951	5.830894	0
39	7	5.341516	0.05315447	1.333224	5.30012	1.679802	1.363797	0
39	8	8.104946	0.05315447	1.17098	8.083176	1.421515	1.194547	0
39	9	2.818449	0.05315447	14.00252	2.799298	1.523328	14.02933	0
39	10	6.416439	0.05315447	-2.511688	6.373683	1.821386	-2.484954	0
39	11	-3.099603	0.05315447	18.16198	-3.124569	1.878722	18.19043	0
39	12	-2.969102	0.05315447	14.54406	-3.003821	1.4689	14.56388	0
39	13	-0.6249524	0.05315447	3.435443	-0.6598799	1.858619	3.465258	0
39	14	2.221537	0.05315447	11.63271	2.176845	1.867876	11.658	0
39	15	-0.05933297	0.05315447	14.18982	-0.097537	1.650144	14.21524	0
39	16	3.36582	0.05315447	5.988209	3.35479	1.526924	6.007829	0
39	17	1.041571	0.05315447	10.22617	1.009743	1.772823	10.25638	0
39	18	0.1203351	0.05315447	13.02983	0.08949769	1.350102	13.05219	0
39	19	7.542141	0.05315447	-1.22117	7.528062	1.302118	-1.200942	0
39	20	6.576105	0.05315447	3.451959	6.533616	1.691624	3.475948	0
39	21	7.638884	0.05315447	-9.589368	7.599938	1.626487	-9.565268	0
40	1	2.417117	0.05315447	1.713493	2.402009	1.349475	1.738177	0
40	2	2.979517	0.05315447	12.77134	2.938375	1.74455	12.79857	0
40	3	1.313461	0.05315447	1.655011	1.277956	1.49215	1.681895	0
40	4	-0.5996869	0.05315447	5.595783	-0.6308187	1.570457	5.621035	0
40	5	7.804013	0.05315447	-4.51424	7.76971	1.70734	-4.485228	0
40	6	6.160846	0.05315447	5.808933	6.118838	1.646978	5.830515	0
40	7	5.341516	0.05315447	1.333224	5.300677	1.679773	1.363749	0
40	8	8.104946	0.05315447	1.17098	8.08616	1.421438	1.193983	0
40	9	2.818449	0.05315447	14.00252	2.797439	1.523273	14.02984	0
40	10	6.416439	0.05315447	-2.511688	6.373877	1.821389	-2.484672	0
40	11	-3.099603	0.05315447	18.16198	-3.120549	1.878617	18.18938	0
40	12	-2.969102	0.05315447	14.54406	-3.003655	1.468905	14.56411	0
40	13	-0.6249524	0.05315447	3.435443	-0.6562279	1.858578	3.46482	0
40	14	2.221537	0.05315447	11.63271	2.177052	1.867876	11.6583	0
40	15	-0.05933297	0.05315447	14.18982	-0.09801927	1.650134	14.21559	0
40	16	3.36582	0.05315447	5.988209	3.3552	1.526992	6.00736	0
40	17	1.041571	0.05315447	10.22617	1.013313	1.772776	10.2559	0
40	18	0.1203351	0.05315447	13.02983	0.08843797	1.350139	13.05131	0
40	19	7.542141	0.05315447	-1.22117	7.530535	1.302139	-1.201843	0
40	20	6.576105	0.05315447	3.451959	6.533939	1.691592	3.475959	0
40	21	7.638884	0.05315447	-9.589368	7.598831	1.626551	-9.566244	0
40	22	8.744985	0.05315447	-6.871825	8.717806	1.45487	-6.845142	0
41	1	2.417117	0.05315447	1.713493	2.400356	1.349404	1.738649	0
41	2	2.979517	0.05315447	12.77134	2.937876	1.744535	12.79895	0
41	3	1.313461	0.05315447	1.655011	1.279349	1.492119	1.681507	0
41	4	-0.5996869	0.05315447	5.595783	-0.6279531	1.570452	5.620725	0
41	5	7.804013	0.05315447	-4.51424	7.767908	1.70737	-4.485842	0
41	6	6.160846	0.05315447	5.808933	6.118849	1.646953	5.830421	0
41	7	5.341516	0.05315447	1.333224	5.301837	1.679753	1.363452	0
41	8	8.104946	0.05315447	1.17098	8.08919	1.421358	1.193228	0
41	9	2.818449	0.05315447	14.00252	2.795665	1.523278	14.02995	0
41	10	6.416439	0.05315447	-2.511688	6.374078	1.82142	-2.484406	0
41	11	-3.099603	0.05315447	18.16198	-3.116947	1.878657	18.18806	0
41	12	-2.969102	0.05315447	14.54406	-3.003478	1.468917	14.56433	0
41	13	-0.6249524	0.05315447	3.435443	-0.6523644	1.858494	3.464201	0
41	14	2.221537	0.05315447	11.63271	2.177266	1.867883	11.65859	0
41	15	-0.05933297	0.05315447	14.18982	-0.09848648	1.650117	14.21595	0
41	16	3.36582	0.05315447	5.988209	3.354928	1.526991	6.007774	0
41	17	1.041571	0.05315447	10.22617	1.017029	1.772691	10.25524	0
41	18	0.1203351	0.05315447	13.02983	0.08752432	1.350194	13.05049	0
41	19	7.542141	0.05315447	-1.22117	7.532353	1.302249	-1.202721	0
41	20	6.576105	0.05315447	3.451959	6.534378	1.691569	3.475931	0
41	21	7.638884	0.05315447	-9.589368	7.598075	1.626614	-9.567102	0
41	22	8.744985	0.05315447	-6.871825	8.716224	1.454941	-6.845578	0
41	23	2.213058	0.05315447	5.355765	2.170964	1.823128	5.383529	0
42	1	2.417117	0.05315447	1.713493	2.398708	1.349359	1.739098	0
42	2	2.979517	0.05315447	12.77134	2.937421	1.744516	12.79936	0
42	3	1.313461	0.05315447	1.655011	1.281219	1.49208	1.681104	0
42	4	-0.5996869	0.05315447	5.595783	-0.6247765	1.5704	5.620291	0
42	5	7.804013	0.05315447	-4.51424	7.766311	1.707389	-4.486496	0
42	6	6.160846	0.05315447	5.808933	6.11903	1.646925	5.830449	0
42	7	5.341516	0.05315447	1.333224	5.303587	1.679712	1.362993	0
42	8	8.104946	0.05315447	1.17098	8.091953	1.421362	1.192258	0
42	9	2.818449	0.05315447	14.00252	2.793873	1.523365	14.02966	0
42	10	6.416439	0.05315447	-2.511688	6.374294	1.821479	-2.48412	0
42	11	-3.099603	0.05315447	18.16198	-3.11433	1.878827	18.18676	0
42	12	-2.969102	0.05315447	14.54406	-3.00329	1.46896	14.56454	0
42	13	-0.6249524	0.05315447	3.435443	-0.6483729	1.858372	3.463367	0
42	14	2.221537	0.05315447	11.63271	2.177493	1.867931	11.65885	0
42	15	-0.05933297	0.05315447	14.18982	-0.09891427	1.650101	14.21635	0
42	16	3.36582	0.05315447	5.988209	3.354608	1.526934	6.009272	0
42	17	1.041571	0.05315447	10.22617	1.02085	1.772583	10.25435	0
42	18	0.1203351	0.05315447	13.02983	0.08689851	1.350245	13.04976	0
42	19	7.542141	0.05315447	-1.22117	7.533276	1.302337	-1.203314	0
42	20	6.576105	0.05315447	3.451959	6.534915	1.691575	3.475885	0
42	21	7.638884	0.05315447	-9.589368	7.597593	1.626673	-9.567736	0
42	22	8.744985	0.05315447	-6.871825	8.714708	1.454965	-6.846092	0
42	23	2.213058	0.05315447	5.355765	2.171177	1.823166	5.383896	0
42	24	-1.131188	0.05315447	14.33961	-1.16606	1.508405	14.36195	0
43	1	2.417117	0.05315447	1.713493	2.397121	1.349367	1.739195	0
43	2	2.979517	0.05315447	12.77134	2.93683	1.744483	12.79988	0
43	3	1.313461	0.05315447	1.655011	1.283509	1.492062	1.680728	0
43	4	-0.5996869	0.05315447	5.595783	-0.6214877	1.570314	5.619709	0
43	5	7.804013	0.05315447	-4.51424	7.764797	1.707415	-4.487297	0
43	6	6.160846	0.05315447	5.808933	6.119248	1.64689	5.830487	0
43	7	5.341516	0.05315447	1.333224	5.305884	1.679669	1.362556	0
43	8	8.104946	0.05315447	1.17098	8.094056	1.421479	1.191275	0
43	9	2.818449	0.05315447	14.00252	2.792163	1.523487	14.02923	0
43	10	6.416439	0.05315447	-2.511688	6.374517	1.821525	-2.4838	0
43	11	-3.099603	0.05315447	18.16198	-3.11304	1.878954	18.18593	0
43	12	-2.969102	0.05315447	14.54406	-3.003091	1.469008	14.56477	0
43	13	-0.6249524	0.05315447	3.435443	-0.6444604	1.858288	3.462257	0
43	14	2.221537	0.05315447	11.63271	2.177737	1.867996	11.65914	0
43	15	-0.05933297	0.05315447	14.18982	-0.0994909	1.650067	14.21685	0
43	16	3.36582	0.05315447	5.988209	3.353892	1.526869	6.010725	0
43	17	1.041571	0.05315447	10.22617	1.024448	1.772546	10.25319	0
43	18	0.1203351	0.05315447	13.02983	0.08649941	1.350294	13.04922	0
43	19	7.542141	0.05315447	-1.22117	7.533174	1.302378	-1.20367	0
43	20	6.576105	0.05315447	3.451959	6.535432	1.691577	3.475896	0
43	21	7.638884	0.05315447	-9.589368	7.5974	1.626693	-9.56808	0
43	22	8.744985	0.05315447	-6.871825	8.713367	1.454985	-6.846655	0
43	23	2.213058	0.05315447	5.355765	2.171206	1.823173	5.384356	0
43	24	-1.131188	0.05315447	14.33961	-1.166066	1.508391	14.36233	0
43	25	8.358174	0.05315447	-0.01171562	8.320819	1.606413	0.01299563	0
44	1	2.417117	0.05315447	1.713493	2.395524	1.349444	1.738948	0
44	2	2.979517	0.05315447	12.77134	2.93632	1.744426	12.80038	0
44	3	1.313461	0.05315447	1.655011	1.28604	1.492087	1.680414	0
44	4	-0.5996869	0.05315447	5.595783	-0.6181153	1.570214	5.618917	0
44	5	7.804013	0.05315447	-4.51424	7.763389	1.70745	-4.488362	0
44	6	6.160846	0.05315447	5.808933	6.119575	1.646859	5.830512	0
44	7	5.341516	0.05315447	1.333224	5.308541	1.679676	1.362154	0
44	8	8.104946	0.05315447	1.17098	8.09518	1.421583	1.19058	0
44	9	2.818449	0.05315447	14.00252	2.790474	1.523581	14.02891	0
44	10	6.416439	0.05315447	-2.511688	6.374665	1.821551	-2.48339	0
44	11	-3.099603	0.05315447	18.16198	-3.113239	1.879012	18.18547	0
44	12	-2.969102	0.05315447	14.54406	-3.002912	1.469037	14.56506	0
44	13	-0.6249524	0.05315447	3.435443	-0.641066	1.858371	3.460913	0
44	14	2.221537	0.05315447	11.63271	2.177981	1.868038	11.65949	0
44	15	-0.05933297	0.05315447	14.18982	-0.09994264	1.650011	14.2173	0
44	16	3.36582	0.05315447	5.988209	3.352699	1.526808	6.012026	0
44	17	1.041571	0.05315447	10.22617	1.027363	1.772673	10.25192	0
44	18	0.1203351	0.05315447	13.02983	0.0863402	1.350315	13.04891	0
44	19	7.542141	0.05315447	-1.22117	7.533	1.302342	-1.202681	0
44	20	6.576105	0.05315447	3.451959	6.535838	1.691587	3.476006	0
44	21	7.638884	0.05315447	-9.589368	7.597434	1.626667	-9.56815	0
44	22	8.744985	0.05315447	-6.871825	8.712099	1.455008	-6.847353	0
44	23	2.213058	0.05315447	5.355765	2.171271	1.823186	5.384859	0
44	24	-1.131188	0.05315447	14.33961	-1.166204	1.508368	14.36268	0
44	25	8.358174	0.05315447	-0.01171562	8.32035	1.606404	0.01333347	0
44	26	3.870479	0.05315447	10.05109	3.846668	1.344233	10.07594	0
45	1	2.417117	0.05315447	1.713493	2.395524	1.349444	1.738948	0
45	2	2.979517	0.05315447	12.77134	2.93632	1.744426	12.80038	0
45	3	1.313461	0.05315447	1.655011	1.28604	1.492087	1.680414	0
45	4	-0.5996869	0.05315447	5.595783	-0.6181153	1.570214	5.618917	0
45	5	7.804013	0.05315447	-4.51424	7.763389	1.70745	-4.488362	0
45	6	6.160846	0.05315447	5.808933	6.119575	1.646859	5.830512	0
45	7	5.341516	0.05315447	1.333224	5.308541	1.679676	1.362154	0
45	8	8.104946	0.05315447	1.17098	8.09518	1.421583	1.19058	0
45	9	2.818449	0.05315447	14.00252	2.790474	1.523581	14.02891	0
45	10	6.416439	0.05315447	-2.511688	6.374665	1.821551	-2.48339	0
45	11	-3.099603	0.05315447	18.16198	-3.113239	1.879012	18.18547	0
45	12	-2.969102	0.05315447	14.54406	-3.002912	1.469037	14.56506	0
45	13	-0.6249524	0.05315447	3.435443	-0.641066	1.858371	3.460913	0
45	14	2.221537	0.05315447	11.63271	2.177981	1.868038	11.65949	0
45	15	-0.05933297	0.05315447	14.18982	-0.09994264	1.650011	14.2173	0
45	16	3.36582	0.05315447	5.988209	3.352699	1.526808	6.012026	0
45	17	1.041571	0.05315447	10.22617	1.027363	1.772673	10.25192	0
45	18	0.1203351	0.05315447	13.02983	0.0863402	1.350315	13.04891	0
45	19	7.542141	0.05315447	-1.22117	7.533	1.302342	-1.202681	0
45	20	6.576105	0.05315447	3.451959	6.535838	1.691587	3.476006	0
45	21	7.638884	0.05315447	-9.589368	7.597434	1.626667	-9.56815	0
45	22	8.744985	0.05315447	-6.871825	8.712099	1.455008	-6.847353	0
45	23	2.213058	0.05315447	5.355765	2.171271	1.823186	5.384859	0
45	24	-1.131188	0.05315447	14.33961	-1.166204	1.508368	14.36268	0
45	25	8.358174	0.05315447	-0.01171562	8.32035	1.606404	0.01333347	0
45	26	3.870479	0.05315447	10.05109	3.846668	1.344233	10.07594	0
45	27	5.063138	0.05315447	11.45608	5.063138	1.623051	11.41533	0
