17	1	400.8533	364.7211	0
18	1	400.8533	364.7211	0
18	2	415.2351	100.0846	0
19	1	400.8533	364.7211	0
19	2	415.2351	100.0846	0
19	3	375.6228	366.6061	0
20	1	400.8533	364.7211	0
20	2	415.2351	100.0846	0
20	3	375.6228	366.6061	0
20	4	328.2201	275.0758	0
21	1	400.8533	364.7211	0
21	2	415.2351	100.0846	0
21	3	375.6228	366.6061	0
21	4	328.2201	275.0758	0
21	5	529.0815	514.8397	0
22	1	400.8533	364.7211	0
22	2	415.2351	100.0846	0
22	3	375.6228	366.6061	0
22	4	328.2201	275.0758	0
22	5	529.0815	514.8397	0
22	6	491.3346	268.4898	0
23	1	400.8533	364.7211	0
23	2	415.2351	100.0846	0
23	3	375.6228	366.6061	0
23	4	328.2201	275.0758	0
23	5	529.0815	514.8397	0
23	6	491.3346	268.4898	0
23	7	470.0522	373.4985	0
24	1	400.8533	364.7211	0
24	2	415.2351	100.0846	0
24	3	375.6228	366.6061	0
24	4	328.2201	275.0758	0
24	5	529.0815	514.8397	0
24	6	491.3346	268.4898	0
24	7	470.0522	373.4985	0
24	8	536.3804	377.8038	0
25	1	400.8533	364.7211	0
25	2	415.2351	100.0846	0
25	3	375.6228	366.6061	0
25	4	328.2201	275.0758	0
25	5	529.0815	514.8397	0
25	6	491.3346	268.4898	0
25	7	470.0522	373.4985	0
25	8	536.3804	377.8038	0
25	9	410.465	73.6225	0
26	1	400.8533	364.7211	0
26	2	415.2351	100.0846	0
26	3	375.6228	366.6061	0
26	4	328.2201	275.0758	0
26	5	529.0815	514.8397	0
26	6	491.3346	268.4898	0
26	7	470.0522	373.4985	0
26	8	536.3804	377.8038	0
26	9	410.465	73.6225	0
27	1	400.8533	364.7211	0
27	2	415.2351	100.0846	0
27	3	375.6228	366.6061	0
27	4	328.2201	275.0758	0
27	5	529.0815	514.8397	0
27	6	491.3346	268.4898	0
27	7	470.0522	373.4985	0
27	8	536.3804	377.8038	0
27	9	410.465	73.6225	0
27	10	494.0953	467.4443	0
28	1	400.8533	364.7211	0
28	2	415.2351	100.0846	0
28	3	375.6228	366.6061	0
28	4	328.2201	275.0758	0
28	5	529.0815	514.8397	0
28	6	491.3346	268.4898	0
28	7	470.0522	373.4985	0
28	8	536.3804	377.8038	0
28	9	410.465	73.6225	0
28	10	494.0953	467.4443	0
28	11	268.5124	-27.74176	0
29	1	400.8533	364.7211	0
29	2	415.2351	100.0846	0
29	3	375.6228	366.6061	0
29	4	328.2201	275.0758	0
29	5	529.0815	514.8397	0
29	6	491.3346	268.4898	0
29	7	470.0522	373.4985	0
29	8	536.3804	377.8038	0
29	9	410.465	73.6225	0
29	10	494.0953	467.4443	0
29	11	268.5124	-27.74176	0
29	12	272.687	59.18222	0
30	1	400.8533	364.7211	0
30	2	415.2351	100.0846	0
30	3	375.6228	366.6061	0
30	4	328.2201	275.0758	0
30	5	529.0815	514.8397	0
30	6	491.3346	268.4898	0
30	7	470.0522	373.4985	0
30	8	536.3804	377.8038	0
30	9	410.465	73.6225	0
30	10	494.0953	467.4443	0
30	11	268.5124	-27.74176	0
30	12	272.687	59.18222	0
30	13	327.4964	323.8907	0
31	1	400.8533	364.7211	0
31	2	415.2351	100.0846	0
31	3	375.6228	366.6061	0
31	4	328.2201	275.0758	0
31	5	529.0815	514.8397	0
31	6	491.3346	268.4898	0
31	7	470.0522	373.4985	0
31	8	536.3804	377.8038	0
31	9	410.465	73.6225	0
31	10	494.0953	467.4443	0
31	11	268.5124	-27.74176	0
31	12	272.687	59.18222	0
31	13	327.4964	323.8907	0
31	14	395.0254	129.8799	0
32	1	400.8533	364.7211	0
32	2	415.2351	100.0846	0
32	3	375.6228	366.6061	0
32	4	328.2201	275.0758	0
32	5	529.0815	514.8397	0
32	6	491.3346	268.4898	0
32	7	470.0522	373.4985	0
32	8	536.3804	377.8038	0
32	9	410.465	73.6225	0
32	10	494.0953	467.4443	0
32	11	268.5124	-27.74176	0
32	12	272.687	59.18222	0
32	13	327.4964	323.8907	0
32	14	395.0254	129.8799	0
32	15	341.9367	68.3606	0
33	1	400.8533	364.7211	0
33	2	415.2351	100.0846	0
33	3	375.6228	366.6061	0
33	4	328.2201	275.0758	0
33	5	529.0815	514.8397	0
33	6	491.3346	268.4898	0
33	7	470.0522	373.4985	0
33	8	536.3804	377.8038	0
33	9	410.465	73.6225	0
33	10	494.0953	467.4443	0
33	11	268.5124	-27.74176	0
33	12	272.687	59.18222	0
33	13	327.4964	323.8907	0
33	14	395.0254	129.8799	0
33	15	341.9367	68.3606	0
33	16	422.1618	263.7384	0
34	1	400.8533	364.7211	0
34	2	415.2351	100.0846	0
34	3	375.6228	366.6061	0
34	4	328.2201	275.0758	0
34	5	529.0815	514.8397	0
34	6	491.3346	268.4898	0
34	7	470.0522	373.4985	0
34	8	536.3804	377.8038	0
34	9	410.465	73.6225	0
34	10	494.0953	467.4443	0
34	11	268.5124	-27.74176	0
34	12	272.687	59.18222	0
34	13	327.4964	323.8907	0
34	14	395.0254	129.8799	0
34	15	341.9367	68.3606	0
34	16	422.1618	263.7384	0
34	17	367.5892	161.3733	0
35	1	400.8533	364.7211	0
35	2	415.2351	100.0846	0
35	3	375.6228	366.6061	0
35	4	328.2201	275.0758	0
35	5	529.0815	514.8397	0
35	6	491.3346	268.4898	0
35	7	470.0522	373.4985	0
35	8	536.3804	377.8038	0
35	9	410.465	73.6225	0
35	10	494.0953	467.4443	0
35	11	268.5124	-27.74176	0
35	12	272.687	59.18222	0
35	13	327.4964	323.8907	0
35	14	395.0254	129.8799	0
35	15	341.9367	68.3606	0
35	16	422.1618	263.7384	0
35	17	367.5892	161.3733	0
35	18	347.2596	95.46777	0
36	1	400.8533	364.7211	0
36	2	415.2351	100.0846	0
36	3	375.6228	366.6061	0
36	4	328.2201	275.0758	0
36	5	529.0815	514.8397	0
36	6	491.3346	268.4898	0
36	7	470.0522	373.4985	0
36	8	536.3804	377.8038	0
36	9	410.465	73.6225	0
36	10	494.0953	467.4443	0
36	11	268.5124	-27.74176	0
36	12	272.687	59.18222	0
36	13	327.4964	323.8907	0
36	14	395.0254	129.8799	0
36	15	341.9367	68.3606	0
36	16	422.1618	263.7384	0
36	17	367.5892	161.3733	0
36	18	347.2596	95.46777	0
37	1	400.8533	364.7211	0
37	2	415.2351	100.0846	0
37	3	375.6228	366.6061	0
37	4	328.2201	275.0758	0
37	5	529.0815	514.8397	0
37	6	491.3346	268.4898	0
37	7	470.0522	373.4985	0
37	8	536.3804	377.8038	0
37	9	410.465	73.6225	0
37	10	494.0953	467.4443	0
37	11	268.5124	-27.74176	0
37	12	272.687	59.18222	0
37	13	327.4964	323.8907	0
37	14	395.0254	129.8799	0
37	15	341.9367	68.3606	0
37	16	422.1618	263.7384	0
37	17	367.5892	161.3733	0
37	18	347.2596	95.46777	0
37	19	522.2068	434.4322	0
38	1	400.8533	364.7211	0
38	2	415.2351	100.0846	0
38	3	375.6228	366.6061	0
38	4	328.2201	275.0758	0
38	5	529.0815	514.8397	0
38	6	491.3346	268.4898	0
38	7	470.0522	373.4985	0
38	8	536.3804	377.8038	0
38	9	410.465	73.6225	0
38	10	494.0953	467.4443	0
38	11	268.5124	-27.74176	0
38	12	272.687	59.18222	0
38	13	327.4964	323.8907	0
38	14	395.0254	129.8799	0
38	15	341.9367	68.3606	0
38	16	422.1618	263.7384	0
38	17	367.5892	161.3733	0
38	18	347.2596	95.46777	0
38	19	522.2068	434.4322	0
38	20	500.071	322.8381	0
39	1	400.8533	364.7211	0
39	2	415.2351	100.0846	0
39	3	375.6228	366.6061	0
39	4	328.2201	275.0758	0
39	5	529.0815	514.8397	0
39	6	491.3346	268.4898	0
39	7	470.0522	373.4985	0
39	8	536.3804	377.8038	0
39	9	410.465	73.6225	0
39	10	494.0953	467.4443	0
39	11	268.5124	-27.74176	0
39	12	272.687	59.18222	0
39	13	327.4964	323.8907	0
39	14	395.0254	129.8799	0
39	15	341.9367	68.3606	0
39	16	422.1618	263.7384	0
39	17	367.5892	161.3733	0
39	18	347.2596	95.46777	0
39	19	522.2068	434.4322	0
39	20	500.071	322.8381	0
39	21	524.7084	634.0358	0
40	1	400.8533	364.7211	0
40	2	415.2351	100.0846	0
40	3	375.6228	366.6061	0
40	4	328.2201	275.0758	0
40	5	529.0815	514.8397	0
40	6	491.3346	268.4898	0
40	7	470.0522	373.4985	0
40	8	536.3804	377.8038	0
40	9	410.465	73.6225	0
40	10	494.0953	467.4443	0
40	11	268.5124	-27.74176	0
40	12	272.687	59.18222	0
40	13	327.4964	323.8907	0
40	14	395.0254	129.8799	0
40	15	341.9367	68.3606	0
40	16	422.1618	263.7384	0
40	17	367.5892	161.3733	0
40	18	347.2596	95.46777	0
40	19	522.2068	434.4322	0
40	20	500.071	322.8381	0
40	21	524.7084	634.0358	0
40	22	550.7971	570.7928	0
41	1	400.8533	364.7211	0
41	2	415.2351	100.0846	0
41	3	375.6228	366.6061	0
41	4	328.2201	275.0758	0
41	5	529.0815	514.8397	0
41	6	491.3346	268.4898	0
41	7	470.0522	373.4985	0
41	8	536.3804	377.8038	0
41	9	410.465	73.6225	0
41	10	494.0953	467.4443	0
41	11	268.5124	-27.74176	0
41	12	272.687	59.18222	0
41	13	327.4964	323.8907	0
41	14	395.0254	129.8799	0
41	15	341.9367	68.3606	0
41	16	422.1618	263.7384	0
41	17	367.5892	161.3733	0
41	18	347.2596	95.46777	0
41	19	522.2068	434.4322	0
41	20	500.071	322.8381	0
41	21	524.7084	634.0358	0
41	22	550.7971	570.7928	0
41	23	395.7761	278.6613	0
42	1	400.8533	364.7211	0
42	2	415.2351	100.0846	0
42	3	375.6228	366.6061	0
42	4	328.2201	275.0758	0
42	5	529.0815	514.8397	0
42	6	491.3346	268.4898	0
42	7	470.0522	373.4985	0
42	8	536.3804	377.8038	0
42	9	410.465	73.6225	0
42	10	494.0953	467.4443	0
42	11	268.5124	-27.74176	0
42	12	272.687	59.18222	0
42	13	327.4964	323.8907	0
42	14	395.0254	129.8799	0
42	15	341.9367	68.3606	0
42	16	422.1618	263.7384	0
42	17	367.5892	161.3733	0
42	18	347.2596	95.46777	0
42	19	522.2068	434.4322	0
42	20	500.071	322.8381	0
42	21	524.7084	634.0358	0
42	22	550.7971	570.7928	0
42	23	395.7761	278.6613	0
42	24	314.6742	66.23575	0
43	1	400.8533	364.7211	0
43	2	415.2351	100.0846	0
43	3	375.6228	366.6061	0
43	4	328.2201	275.0758	0
43	5	529.0815	514.8397	0
43	6	491.3346	268.4898	0
43	7	470.0522	373.4985	0
43	8	536.3804	377.8038	0
43	9	410.465	73.6225	0
43	10	494.0953	467.4443	0
43	11	268.5124	-27.74176	0
43	12	272.687	59.18222	0
43	13	327.4964	323.8907	0
43	14	395.0254	129.8799	0
43	15	341.9367	68.3606	0
43	16	422.1618	263.7384	0
43	17	367.5892	161.3733	0
43	18	347.2596	95.46777	0
43	19	522.2068	434.4322	0
43	20	500.071	322.8381	0
43	21	524.7084	634.0358	0
43	22	550.7971	570.7928	0
43	23	395.7761	278.6613	0
43	24	314.6742	66.23575	0
43	25	543.5589	405.6474	0
44	1	400.8533	364.7211	0
44	2	415.2351	100.0846	0
44	3	375.6228	366.6061	0
44	4	328.2201	275.0758	0
44	5	529.0815	514.8397	0
44	6	491.3346	268.4898	0
44	7	470.0522	373.4985	0
44	8	536.3804	377.8038	0
44	9	410.465	73.6225	0
44	10	494.0953	467.4443	0
44	11	268.5124	-27.74176	0
44	12	272.687	59.18222	0
44	13	327.4964	323.8907	0
44	14	395.0254	129.8799	0
44	15	341.9367	68.3606	0
44	16	422.1618	263.7384	0
44	17	367.5892	161.3733	0
44	18	347.2596	95.46777	0
44	19	522.2068	434.4322	0
44	20	500.071	322.8381	0
44	21	524.7084	634.0358	0
44	22	550.7971	570.7928	0
44	23	395.7761	278.6613	0
44	24	314.6742	66.23575	0
44	25	543.5589	405.6474	0
44	26	434.9357	166.3033	0
45	1	400.8533	364.7211	0
45	2	415.2351	100.0846	0
45	3	375.6228	366.6061	0
45	4	328.2201	275.0758	0
45	5	529.0815	514.8397	0
45	6	491.3346	268.4898	0
45	7	470.0522	373.4985	0
45	8	536.3804	377.8038	0
45	9	410.465	73.6225	0
45	10	494.0953	467.4443	0
45	11	268.5124	-27.74176	0
45	12	272.687	59.18222	0
45	13	327.4964	323.8907	0
45	14	395.0254	129.8799	0
45	15	341.9367	68.3606	0
45	16	422.1618	263.7384	0
45	17	367.5892	161.3733	0
45	18	347.2596	95.46777	0
45	19	522.2068	434.4322	0
45	20	500.071	322.8381	0
45	21	524.7084	634.0358	0
45	22	550.7971	570.7928	0
45	23	395.7761	278.6613	0
45	24	314.6742	66.23575	0
45	25	543.5589	405.6474	0
45	26	434.9357	166.3033	0
45	27	462.8906	133.4845	0
46	1	400.8533	364.7211	0
46	2	415.2351	100.0846	0
46	3	375.6228	366.6061	0
46	4	328.2201	275.0758	0
46	5	529.0815	514.8397	0
46	6	491.3346	268.4898	0
46	7	470.0522	373.4985	0
46	8	536.3804	377.8038	0
46	9	410.465	73.6225	0
46	10	494.0953	467.4443	0
46	11	268.5124	-27.74176	0
46	12	272.687	59.18222	0
46	13	327.4964	323.8907	0
46	14	395.0254	129.8799	0
46	15	341.9367	68.3606	0
46	16	422.1618	263.7384	0
46	17	367.5892	161.3733	0
46	18	347.2596	95.46777	0
46	19	522.2068	434.4322	0
46	20	500.071	322.8381	0
46	21	524.7084	634.0358	0
46	22	550.7971	570.7928	0
46	23	395.7761	278.6613	0
46	24	314.6742	66.23575	0
46	25	543.5589	405.6474	0
46	26	434.9357	166.3033	0
46	27	462.8906	133.4845	0
47	1	400.8533	364.7211	0
47	2	415.2351	100.0846	0
47	3	375.6228	366.6061	0
47	4	328.2201	275.0758	0
47	5	529.0815	514.8397	0
47	6	491.3346	268.4898	0
47	7	470.0522	373.4985	0
47	8	536.3804	377.8038	0
47	9	410.465	73.6225	0
47	10	494.0953	467.4443	0
47	11	268.5124	-27.74176	0
47	12	272.687	59.18222	0
47	13	327.4964	323.8907	0
47	14	395.0254	129.8799	0
47	15	341.9367	68.3606	0
47	16	422.1618	263.7384	0
47	17	367.5892	161.3733	0
47	18	347.2596	95.46777	0
47	19	522.2068	434.4322	0
47	20	500.071	322.8381	0
47	21	524.7084	634.0358	0
47	22	550.7971	570.7928	0
47	23	395.7761	278.6613	0
47	24	314.6742	66.23575	0
47	25	543.5589	405.6474	0
47	26	434.9357	166.3033	0
47	27	462.8906	133.4845	0
47	28	456.7094	629.6149	0
48	1	400.8533	364.7211	0
48	2	415.2351	100.0846	0
48	3	375.6228	366.6061	0
48	4	328.2201	275.0758	0
48	5	529.0815	514.8397	0
48	6	491.3346	268.4898	0
48	7	470.0522	373.4985	0
48	8	536.3804	377.8038	0
48	9	410.465	73.6225	0
48	10	494.0953	467.4443	0
48	11	268.5124	-27.74176	0
48	12	272.687	59.18222	0
48	13	327.4964	323.8907	0
48	14	395.0254	129.8799	0
48	15	341.9367	68.3606	0
48	16	422.1618	263.7384	0
48	17	367.5892	161.3733	0
48	18	347.2596	95.46777	0
48	19	522.2068	434.4322	0
48	20	500.071	322.8381	0
48	21	524.7084	634.0358	0
48	22	550.7971	570.7928	0
48	23	395.7761	278.6613	0
48	24	314.6742	66.23575	0
48	25	543.5589	405.6474	0
48	26	434.9357	166.3033	0
48	27	462.8906	133.4845	0
48	28	456.7094	629.6149	0
48	29	247.555	61.59448	0
49	1	400.8533	364.7211	0
49	2	415.2351	100.0846	0
49	3	375.6228	366.6061	0
49	4	328.2201	275.0758	0
49	5	529.0815	514.8397	0
49	6	491.3346	268.4898	0
49	7	470.0522	373.4985	0
49	8	536.3804	377.8038	0
49	9	410.465	73.6225	0
49	10	494.0953	467.4443	0
49	11	268.5124	-27.74176	0
49	12	272.687	59.18222	0
49	13	327.4964	323.8907	0
49	14	395.0254	129.8799	0
49	15	341.9367	68.3606	0
49	16	422.1618	263.7384	0
49	17	367.5892	161.3733	0
49	18	347.2596	95.46777	0
49	19	522.2068	434.4322	0
49	20	500.071	322.8381	0
49	21	524.7084	634.0358	0
49	22	550.7971	570.7928	0
49	23	395.7761	278.6613	0
49	24	314.6742	66.23575	0
49	25	543.5589	405.6474	0
49	26	434.9357	166.3033	0
49	27	462.8906	133.4845	0
49	28	456.7094	629.6149	0
49	29	247.555	61.59448	0
49	30	257.6626	108.8724	0
50	1	400.8533	364.7211	0
50	2	415.2351	100.0846	0
50	3	375.6228	366.6061	0
50	4	328.2201	275.0758	0
50	5	529.0815	514.8397	0
50	6	491.3346	268.4898	0
50	7	470.0522	373.4985	0
50	8	536.3804	377.8038	0
50	9	410.465	73.6225	0
50	10	494.0953	467.4443	0
50	11	268.5124	-27.74176	0
50	12	272.687	59.18222	0
50	13	327.4964	323.8907	0
50	14	395.0254	129.8799	0
50	15	341.9367	68.3606	0
50	16	422.1618	263.7384	0
50	17	367.5892	161.3733	0
50	18	347.2596	95.46777	0
50	19	522.2068	434.4322	0
50	20	500.071	322.8381	0
50	21	524.7084	634.0358	0
50	22	550.7971	570.7928	0
50	23	395.7761	278.6613	0
50	24	314.6742	66.23575	0
50	25	543.5589	405.6474	0
50	26	434.9357	166.3033	0
50	27	462.8906	133.4845	0
50	28	456.7094	629.6149	0
50	29	247.555	61.59448	0
50	30	257.6626	108.8724	0
50	31	562.9764	471.4159	0
51	1	400.8533	364.7211	0
51	2	415.2351	100.0846	0
51	3	375.6228	366.6061	0
51	4	328.2201	275.0758	0
51	5	529.0815	514.8397	0
51	6	491.3346	268.4898	0
51	7	470.0522	373.4985	0
51	8	536.3804	377.8038	0
51	9	410.465	73.6225	0
51	10	494.0953	467.4443	0
51	11	268.5124	-27.74176	0
51	12	272.687	59.18222	0
51	13	327.4964	323.8907	0
51	14	395.0254	129.8799	0
51	15	341.9367	68.3606	0
51	16	422.1618	263.7384	0
51	17	367.5892	161.3733	0
51	18	347.2596	95.46777	0
51	19	522.2068	434.4322	0
51	20	500.071	322.8381	0
51	21	524.7084	634.0358	0
51	22	550.7971	570.7928	0
51	23	395.7761	278.6613	0
51	24	314.6742	66.23575	0
51	25	543.5589	405.6474	0
51	26	434.9357	166.3033	0
51	27	462.8906	133.4845	0
51	28	456.7094	629.6149	0
51	29	247.555	61.59448	0
51	30	257.6626	108.8724	0
51	31	562.9764	471.4159	0
51	32	200.0574	-31.33325	0
52	1	400.8533	364.7211	0
52	2	415.2351	100.0846	0
52	3	375.6228	366.6061	0
52	4	328.2201	275.0758	0
52	5	529.0815	514.8397	0
52	6	491.3346	268.4898	0
52	7	470.0522	373.4985	0
52	8	536.3804	377.8038	0
52	9	410.465	73.6225	0
52	10	494.0953	467.4443	0
52	11	268.5124	-27.74176	0
52	12	272.687	59.18222	0
52	13	327.4964	323.8907	0
52	14	395.0254	129.8799	0
52	15	341.9367	68.3606	0
52	16	422.1618	263.7384	0
52	17	367.5892	161.3733	0
52	18	347.2596	95.46777	0
52	19	522.2068	434.4322	0
52	20	500.071	322.8381	0
52	21	524.7084	634.0358	0
52	22	550.7971	570.7928	0
52	23	395.7761	278.6613	0
52	24	314.6742	66.23575	0
52	25	543.5589	405.6474	0
52	26	434.9357	166.3033	0
52	27	462.8906	133.4845	0
52	28	456.7094	629.6149	0
52	29	247.555	61.59448	0
52	30	257.6626	108.8724	0
52	31	562.9764	471.4159	0
52	32	200.0574	-31.33325	0
52	33	303.4812	13.33978	0
53	1	400.8533	364.7211	0
53	2	415.2351	100.0846	0
53	3	375.6228	366.6061	0
53	4	328.2201	275.0758	0
53	5	529.0815	514.8397	0
53	6	491.3346	268.4898	0
53	7	470.0522	373.4985	0
53	8	536.3804	377.8038	0
53	9	410.465	73.6225	0
53	10	494.0953	467.4443	0
53	11	268.5124	-27.74176	0
53	12	272.687	59.18222	0
53	13	327.4964	323.8907	0
53	14	395.0254	129.8799	0
53	15	341.9367	68.3606	0
53	16	422.1618	263.7384	0
53	17	367.5892	161.3733	0
53	18	347.2596	95.46777	0
53	19	522.2068	434.4322	0
53	20	500.071	322.8381	0
53	21	524.7084	634.0358	0
53	22	550.7971	570.7928	0
53	23	395.7761	278.6613	0
53	24	314.6742	66.23575	0
53	25	543.5589	405.6474	0
53	26	434.9357	166.3033	0
53	27	462.8906	133.4845	0
53	28	456.7094	629.6149	0
53	29	247.555	61.59448	0
53	30	257.6626	108.8724	0
53	31	562.9764	471.4159	0
53	32	200.0574	-31.33325	0
53	33	303.4812	13.33978	0
53	34	384.8378	413.8099	0
54	1	400.8533	364.7211	0
54	2	415.2351	100.0846	0
54	3	375.6228	366.6061	0
54	4	328.2201	275.0758	0
54	5	529.0815	514.8397	0
54	6	491.3346	268.4898	0
54	7	470.0522	373.4985	0
54	8	536.3804	377.8038	0
54	9	410.465	73.6225	0
54	10	494.0953	467.4443	0
54	11	268.5124	-27.74176	0
54	12	272.687	59.18222	0
54	13	327.4964	323.8907	0
54	14	395.0254	129.8799	0
54	15	341.9367	68.3606	0
54	16	422.1618	263.7384	0
54	17	367.5892	161.3733	0
54	18	347.2596	95.46777	0
54	19	522.2068	434.4322	0
54	20	500.071	322.8381	0
54	21	524.7084	634.0358	0
54	22	550.7971	570.7928	0
54	23	395.7761	278.6613	0
54	24	314.6742	66.23575	0
54	25	543.5589	405.6474	0
54	26	434.9357	166.3033	0
54	27	462.8906	133.4845	0
54	28	456.7094	629.6149	0
54	29	247.555	61.59448	0
54	30	257.6626	108.8724	0
54	31	562.9764	471.4159	0
54	32	200.0574	-31.33325	0
54	33	303.4812	13.33978	0
54	34	384.8378	413.8099	0
54	35	618.3522	574.5014	0
55	1	400.8533	364.7211	0
55	2	415.2351	100.0846	0
55	3	375.6228	366.6061	0
55	4	328.2201	275.0758	0
55	5	529.0815	514.8397	0
55	6	491.3346	268.4898	0
55	7	470.0522	373.4985	0
55	8	536.3804	377.8038	0
55	9	410.465	73.6225	0
55	10	494.0953	467.4443	0
55	11	268.5124	-27.74176	0
55	12	272.687	59.18222	0
55	13	327.4964	323.8907	0
55	14	395.0254	129.8799	0
55	15	341.9367	68.3606	0
55	16	422.1618	263.7384	0
55	17	367.5892	161.3733	0
55	18	347.2596	95.46777	0
55	19	522.2068	434.4322	0
55	20	500.071	322.8381	0
55	21	524.7084	634.0358	0
55	22	550.7971	570.7928	0
55	23	395.7761	278.6613	0
55	24	314.6742	66.23575	0
55	25	543.5589	405.6474	0
55	26	434.9357	166.3033	0
55	27	462.8906	133.4845	0
55	28	456.7094	629.6149	0
55	29	247.555	61.59448	0
55	30	257.6626	108.8724	0
55	31	562.9764	471.4159	0
55	32	200.0574	-31.33325	0
55	33	303.4812	13.33978	0
55	34	384.8378	413.8099	0
55	35	618.3522	574.5014	0
55	36	452.8106	419.3036	0
56	1	400.8533	364.7211	0
56	2	415.2351	100.0846	0
56	3	375.6228	366.6061	0
56	4	328.2201	275.0758	0
56	5	529.0815	514.8397	0
56	6	491.3346	268.4898	0
56	7	470.0522	373.4985	0
56	8	536.3804	377.8038	0
56	9	410.465	73.6225	0
56	10	494.0953	467.4443	0
56	11	268.5124	-27.74176	0
56	12	272.687	59.18222	0
56	13	327.4964	323.8907	0
56	14	395.0254	129.8799	0
56	15	341.9367	68.3606	0
56	16	422.1618	263.7384	0
56	17	367.5892	161.3733	0
56	18	347.2596	95.46777	0
56	19	522.2068	434.4322	0
56	20	500.071	322.8381	0
56	21	524.7084	634.0358	0
56	22	550.7971	570.7928	0
56	23	395.7761	278.6613	0
56	24	314.6742	66.23575	0
56	25	543.5589	405.6474	0
56	26	434.9357	166.3033	0
56	27	462.8906	133.4845	0
56	28	456.7094	629.6149	0
56	29	247.555	61.59448	0
56	30	257.6626	108.8724	0
56	31	562.9764	471.4159	0
56	32	200.0574	-31.33325	0
56	33	303.4812	13.33978	0
56	34	384.8378	413.8099	0
56	35	618.3522	574.5014	0
56	36	452.8106	419.3036	0
57	1	400.8533	364.7211	0
57	2	415.2351	100.0846	0
57	3	375.6228	366.6061	0
57	4	328.2201	275.0758	0
57	5	529.0815	514.8397	0
57	6	491.3346	268.4898	0
57	7	470.0522	373.4985	0
57	8	536.3804	377.8038	0
57	9	410.465	73.6225	0
57	10	494.0953	467.4443	0
57	11	268.5124	-27.74176	0
57	12	272.687	59.18222	0
57	13	327.4964	323.8907	0
57	14	395.0254	129.8799	0
57	15	341.9367	68.3606	0
57	16	422.1618	263.7384	0
57	17	367.5892	161.3733	0
57	18	347.2596	95.46777	0
57	19	522.2068	434.4322	0
57	20	500.071	322.8381	0
57	21	524.7084	634.0358	0
57	22	550.7971	570.7928	0
57	23	395.7761	278.6613	0
57	24	314.6742	66.23575	0
57	25	543.5589	405.6474	0
57	26	434.9357	166.3033	0
57	27	462.8906	133.4845	0
57	28	456.7094	629.6149	0
57	29	247.555	61.59448	0
57	30	257.6626	108.8724	0
57	31	562.9764	471.4159	0
57	32	200.0574	-31.33325	0
57	33	303.4812	13.33978	0
57	34	384.8378	413.8099	0
57	35	618.3522	574.5014	0
57	36	452.8106	419.3036	0
57	37	396.9582	327.0481	0
58	1	400.8533	364.7211	0
58	2	415.2351	100.0846	0
58	3	375.6228	366.6061	0
58	4	328.2201	275.0758	0
58	5	529.0815	514.8397	0
58	6	491.3346	268.4898	0
58	7	470.0522	373.4985	0
58	8	536.3804	377.8038	0
58	9	410.465	73.6225	0
58	10	494.0953	467.4443	0
58	11	268.5124	-27.74176	0
58	12	272.687	59.18222	0
58	13	327.4964	323.8907	0
58	14	395.0254	129.8799	0
58	15	341.9367	68.3606	0
58	16	422.1618	263.7384	0
58	17	367.5892	161.3733	0
58	18	347.2596	95.46777	0
58	19	522.2068	434.4322	0
58	20	500.071	322.8381	0
58	21	524.7084	634.0358	0
58	22	550.7971	570.7928	0
58	23	395.7761	278.6613	0
58	24	314.6742	66.23575	0
58	25	543.5589	405.6474	0
58	26	434.9357	166.3033	0
58	27	462.8906	133.4845	0
58	28	456.7094	629.6149	0
58	29	247.555	61.59448	0
58	30	257.6626	108.8724	0
58	31	562.9764	471.4159	0
58	32	200.0574	-31.33325	0
58	33	303.4812	13.33978	0
58	34	384.8378	413.8099	0
58	35	618.3522	574.5014	0
58	36	452.8106	419.3036	0
58	37	396.9582	327.0481	0
58	38	591.6196	439.9068	0
59	1	400.8533	364.7211	0
59	2	415.2351	100.0846	0
59	3	375.6228	366.6061	0
59	4	328.2201	275.0758	0
59	5	529.0815	514.8397	0
59	6	491.3346	268.4898	0
59	7	470.0522	373.4985	0
59	8	536.3804	377.8038	0
59	9	410.465	73.6225	0
59	10	494.0953	467.4443	0
59	11	268.5124	-27.74176	0
59	12	272.687	59.18222	0
59	13	327.4964	323.8907	0
59	14	395.0254	129.8799	0
59	15	341.9367	68.3606	0
59	16	422.1618	263.7384	0
59	17	367.5892	161.3733	0
59	18	347.2596	95.46777	0
59	19	522.2068	434.4322	0
59	20	500.071	322.8381	0
59	21	524.7084	634.0358	0
59	22	550.7971	570.7928	0
59	23	395.7761	278.6613	0
59	24	314.6742	66.23575	0
59	25	543.5589	405.6474	0
59	26	434.9357	166.3033	0
59	27	462.8906	133.4845	0
59	28	456.7094	629.6149	0
59	29	247.555	61.59448	0
59	30	257.6626	108.8724	0
59	31	562.9764	471.4159	0
59	32	200.0574	-31.33325	0
59	33	303.4812	13.33978	0
59	34	384.8378	413.8099	0
59	35	618.3522	574.5014	0
59	36	452.8106	419.3036	0
59	37	396.9582	327.0481	0
59	38	591.6196	439.9068	0
59	39	324.4781	111.8127	0
60	1	400.8533	364.7211	0
60	2	415.2351	100.0846	0
60	3	375.6228	366.6061	0
60	4	328.2201	275.0758	0
60	5	529.0815	514.8397	0
60	6	491.3346	268.4898	0
60	7	470.0522	373.4985	0
60	8	536.3804	377.8038	0
60	9	410.465	73.6225	0
60	10	494.0953	467.4443	0
60	11	268.5124	-27.74176	0
60	12	272.687	59.18222	0
60	13	327.4964	323.8907	0
60	14	395.0254	129.8799	0
60	15	341.9367	68.3606	0
60	16	422.1618	263.7384	0
60	17	367.5892	161.3733	0
60	18	347.2596	95.46777	0
60	19	522.2068	434.4322	0
60	20	500.071	322.8381	0
60	21	524.7084	634.0358	0
60	22	550.7971	570.7928	0
60	23	395.7761	278.6613	0
60	24	314.6742	66.23575	0
60	25	543.5589	405.6474	0
60	26	434.9357	166.3033	0
60	27	462.8906	133.4845	0
60	28	456.7094	629.6149	0
60	29	247.555	61.59448	0
60	30	257.6626	108.8724	0
60	31	562.9764	471.4159	0
60	32	200.0574	-31.33325	0
60	33	303.4812	13.33978	0
60	34	384.8378	413.8099	0
60	35	618.3522	574.5014	0
60	36	452.8106	419.3036	0
60	37	396.9582	327.0481	0
60	38	591.6196	439.9068	0
60	39	324.4781	111.8127	0
60	40	371.9689	17.15598	0
61	1	400.8533	364.7211	0
61	2	415.2351	100.0846	0
61	3	375.6228	366.6061	0
61	4	328.2201	275.0758	0
61	5	529.0815	514.8397	0
61	6	491.3346	268.4898	0
61	7	470.0522	373.4985	0
61	8	536.3804	377.8038	0
61	9	410.465	73.6225	0
61	10	494.0953	467.4443	0
61	11	268.5124	-27.74176	0
61	12	272.687	59.18222	0
61	13	327.4964	323.8907	0
61	14	395.0254	129.8799	0
61	15	341.9367	68.3606	0
61	16	422.1618	263.7384	0
61	17	367.5892	161.3733	0
61	18	347.2596	95.46777	0
61	19	522.2068	434.4322	0
61	20	500.071	322.8381	0
61	21	524.7084	634.0358	0
61	22	550.7971	570.7928	0
61	23	395.7761	278.6613	0
61	24	314.6742	66.23575	0
61	25	543.5589	405.6474	0
61	26	434.9357	166.3033	0
61	27	462.8906	133.4845	0
61	28	456.7094	629.6149	0
61	29	247.555	61.59448	0
61	30	257.6626	108.8724	0
61	31	562.9764	471.4159	0
61	32	200.0574	-31.33325	0
61	33	303.4812	13.33978	0
61	34	384.8378	413.8099	0
61	35	618.3522	574.5014	0
61	36	452.8106	419.3036	0
61	37	396.9582	327.0481	0
61	38	591.6196	439.9068	0
61	39	324.4781	111.8127	0
61	40	371.9689	17.15598	0
61	41	442.8466	370.6646	0
62	1	400.8533	364.7211	0
62	2	415.2351	100.0846	0
62	3	375.6228	366.6061	0
62	4	328.2201	275.0758	0
62	5	529.0815	514.8397	0
62	6	491.3346	268.4898	0
62	7	470.0522	373.4985	0
62	8	536.3804	377.8038	0
62	9	410.465	73.6225	0
62	10	494.0953	467.4443	0
62	11	268.5124	-27.74176	0
62	12	272.687	59.18222	0
62	13	327.4964	323.8907	0
62	14	395.0254	129.8799	0
62	15	341.9367	68.3606	0
62	16	422.1618	263.7384	0
62	17	367.5892	161.3733	0
62	18	347.2596	95.46777	0
62	19	522.2068	434.4322	0
62	20	500.071	322.8381	0
62	21	524.7084	634.0358	0
62	22	550.7971	570.7928	0
62	23	395.7761	278.6613	0
62	24	314.6742	66.23575	0
62	25	543.5589	405.6474	0
62	26	434.9357	166.3033	0
62	27	462.8906	133.4845	0
62	28	456.7094	629.6149	0
62	29	247.555	61.59448	0
62	30	257.6626	108.8724	0
62	31	562.9764	471.4159	0
62	32	200.0574	-31.33325	0
62	33	303.4812	13.33978	0
62	34	384.8378	413.8099	0
62	35	618.3522	574.5014	0
62	36	452.8106	419.3036	0
62	37	396.9582	327.0481	0
62	38	591.6196	439.9068	0
62	39	324.4781	111.8127	0
62	40	371.9689	17.15598	0
62	41	442.8466	370.6646	0
62	42	474.0244	402.3987	0
63	1	400.8533	364.7211	0
63	2	415.2351	100.0846	0
63	3	375.6228	366.6061	0
63	4	328.2201	275.0758	0
63	5	529.0815	514.8397	0
63	6	491.3346	268.4898	0
63	7	470.0522	373.4985	0
63	8	536.3804	377.8038	0
63	9	410.465	73.6225	0
63	10	494.0953	467.4443	0
63	11	268.5124	-27.74176	0
63	12	272.687	59.18222	0
63	13	327.4964	323.8907	0
63	14	395.0254	129.8799	0
63	15	341.9367	68.3606	0
63	16	422.1618	263.7384	0
63	17	367.5892	161.3733	0
63	18	347.2596	95.46777	0
63	19	522.2068	434.4322	0
63	20	500.071	322.8381	0
63	21	524.7084	634.0358	0
63	22	550.7971	570.7928	0
63	23	395.7761	278.6613	0
63	24	314.6742	66.23575	0
63	25	543.5589	405.6474	0
63	26	434.9357	166.3033	0
63	27	462.8906	133.4845	0
63	28	456.7094	629.6149	0
63	29	247.555	61.59448	0
63	30	257.6626	108.8724	0
63	31	562.9764	471.4159	0
63	32	200.0574	-31.33325	0
63	33	303.4812	13.33978	0
63	34	384.8378	413.8099	0
63	35	618.3522	574.5014	0
63	36	452.8106	419.3036	0
63	37	396.9582	327.0481	0
63	38	591.6196	439.9068	0
63	39	324.4781	111.8127	0
63	40	371.9689	17.15598	0
63	41	442.8466	370.6646	0
63	42	474.0244	402.3987	0
63	43	430.8654	319.7737	0
17	1	401.1489	365.3588	0
18	1	401.1489	365.3588	0
18	2	413.9601	101.1059	0
19	1	401.1489	365.3588	0
19	2	413.9601	101.1059	0
19	3	375.5967	366.0229	0
20	1	401.1489	365.3588	0
20	2	413.9601	101.1059	0
20	3	375.5967	366.0229	0
20	4	328.2078	273.5391	0
21	1	401.1489	365.3588	0
21	2	413.9601	101.1059	0
21	3	375.5967	366.0229	0
21	4	328.2078	273.5391	0
21	5	528.6247	514.9844	0
22	1	401.1489	365.3588	0
22	2	413.9601	101.1059	0
22	3	375.5967	366.0229	0
22	4	328.2078	273.5391	0
22	5	528.6247	514.9844	0
22	6	491.1923	268.4327	0
23	1	401.1489	365.3588	0
23	2	413.9601	101.1059	0
23	3	375.5967	366.0229	0
23	4	328.2078	273.5391	0
23	5	528.6247	514.9844	0
23	6	491.1923	268.4327	0
23	7	469.6573	373.3892	0
24	1	401.1489	365.3588	0
24	2	413.9601	101.1059	0
24	3	375.5967	366.0229	0
24	4	328.2078	273.5391	0
24	5	528.6247	514.9844	0
24	6	491.1923	268.4327	0
24	7	469.6573	373.3892	0
24	8	538.1782	379.3242	0
25	1	401.1489	365.3588	0
25	2	413.9601	101.1059	0
25	3	375.5967	366.0229	0
25	4	328.2078	273.5391	0
25	5	528.6247	514.9844	0
25	6	491.1923	268.4327	0
25	7	469.6573	373.3892	0
25	8	538.1782	379.3242	0
25	9	409.9727	72.42438	0
26	1	401.1489	365.3588	0
26	2	413.9601	101.1059	0
26	3	375.5967	366.0229	0
26	4	328.2078	273.5391	0
26	5	528.6247	514.9844	0
26	6	491.1923	268.4327	0
26	7	469.6573	373.3892	0
26	8	538.1782	379.3242	0
26	9	409.9727	72.42438	0
27	1	401.1489	365.3588	0
27	2	413.9601	101.1059	0
27	3	375.5967	366.0229	0
27	4	328.2078	273.5391	0
27	5	528.6247	514.9844	0
27	6	491.1923	268.4327	0
27	7	469.6573	373.3892	0
27	8	538.1782	379.3242	0
27	9	409.9727	72.42438	0
27	10	495.4843	467.644	0
28	1	401.1489	365.3588	0
28	2	413.9601	101.1059	0
28	3	375.5967	366.0229	0
28	4	328.2078	273.5391	0
28	5	528.6247	514.9844	0
28	6	491.1923	268.4327	0
28	7	469.6573	373.3892	0
28	8	538.1782	379.3242	0
28	9	409.9727	72.42438	0
28	10	495.4843	467.644	0
28	11	269.4574	-28.35944	0
29	1	401.1489	365.3588	0
29	2	413.9601	101.1059	0
29	3	375.5967	366.0229	0
29	4	328.2078	273.5391	0
29	5	528.6247	514.9844	0
29	6	491.1923	268.4327	0
29	7	469.6573	373.3892	0
29	8	538.1782	379.3242	0
29	9	409.9727	72.42438	0
29	10	495.4843	467.644	0
29	11	269.4574	-28.35944	0
29	12	272.638	60.48929	0
30	1	401.1489	365.3588	0
30	2	413.9601	101.1059	0
30	3	375.5967	366.0229	0
30	4	328.2078	273.5391	0
30	5	528.6247	514.9844	0
30	6	491.1923	268.4327	0
30	7	469.6573	373.3892	0
30	8	538.1782	379.3242	0
30	9	409.9727	72.42438	0
30	10	495.4843	467.644	0
30	11	269.4574	-28.35944	0
30	12	272.638	60.48929	0
30	13	328.6648	322.8543	0
31	1	401.1489	365.3588	0
31	2	413.9601	101.1059	0
31	3	375.5967	366.0229	0
31	4	328.2078	273.5391	0
31	5	528.6247	514.9844	0
31	6	491.1923	268.4327	0
31	7	469.6573	373.3892	0
31	8	538.1782	379.3242	0
31	9	409.9727	72.42438	0
31	10	495.4843	467.644	0
31	11	269.4574	-28.35944	0
31	12	272.638	60.48929	0
31	13	328.6648	322.8543	0
31	14	395.1862	129.1802	0
32	1	401.1489	365.3588	0
32	2	413.9601	101.1059	0
32	3	375.5967	366.0229	0
32	4	328.2078	273.5391	0
32	5	528.6247	514.9844	0
32	6	491.1923	268.4327	0
32	7	469.6573	373.3892	0
32	8	538.1782	379.3242	0
32	9	409.9727	72.42438	0
32	10	495.4843	467.644	0
32	11	269.4574	-28.35944	0
32	12	272.638	60.48929	0
32	13	328.6648	322.8543	0
32	14	395.1862	129.1802	0
32	15	341.1652	68.04315	0
33	1	401.1489	365.3588	0
33	2	413.9601	101.1059	0
33	3	375.5967	366.0229	0
33	4	328.2078	273.5391	0
33	5	528.6247	514.9844	0
33	6	491.1923	268.4327	0
33	7	469.6573	373.3892	0
33	8	538.1782	379.3242	0
33	9	409.9727	72.42438	0
33	10	495.4843	467.644	0
33	11	269.4574	-28.35944	0
33	12	272.638	60.48929	0
33	13	328.6648	322.8543	0
33	14	395.1862	129.1802	0
33	15	341.1652	68.04315	0
33	16	421.7777	264.2111	0
34	1	401.1489	365.3588	0
34	2	413.9601	101.1059	0
34	3	375.5967	366.0229	0
34	4	328.2078	273.5391	0
34	5	528.6247	514.9844	0
34	6	491.1923	268.4327	0
34	7	469.6573	373.3892	0
34	8	538.1782	379.3242	0
34	9	409.9727	72.42438	0
34	10	495.4843	467.644	0
34	11	269.4574	-28.35944	0
34	12	272.638	60.48929	0
34	13	328.6648	322.8543	0
34	14	395.1862	129.1802	0
34	15	341.1652	68.04315	0
34	16	421.7777	264.2111	0
34	17	367.7012	160.05	0
35	1	401.1489	365.3588	0
35	2	413.9601	101.1059	0
35	3	375.5967	366.0229	0
35	4	328.2078	273.5391	0
35	5	528.6247	514.9844	0
35	6	491.1923	268.4327	0
35	7	469.6573	373.3892	0
35	8	538.1782	379.3242	0
35	9	409.9727	72.42438	0
35	10	495.4843	467.644	0
35	11	269.4574	-28.35944	0
35	12	272.638	60.48929	0
35	13	328.6648	322.8543	0
35	14	395.1862	129.1802	0
35	15	341.1652	68.04315	0
35	16	421.7777	264.2111	0
35	17	367.7012	160.05	0
35	18	346.1171	96.48868	0
36	1	401.1489	365.3588	0
36	2	413.9601	101.1059	0
36	3	375.5967	366.0229	0
36	4	328.2078	273.5391	0
36	5	528.6247	514.9844	0
36	6	491.1923	268.4327	0
36	7	469.6573	373.3892	0
36	8	538.1782	379.3242	0
36	9	409.9727	72.42438	0
36	10	495.4843	467.644	0
36	11	269.4574	-28.35944	0
36	12	272.638	60.48929	0
36	13	328.6648	322.8543	0
36	14	395.1862	129.1802	0
36	15	341.1652	68.04315	0
36	16	421.7777	264.2111	0
36	17	367.7012	160.05	0
36	18	346.1171	96.48868	0
37	1	401.1489	365.3588	0
37	2	413.9601	101.1059	0
37	3	375.5967	366.0229	0
37	4	328.2078	273.5391	0
37	5	528.6247	514.9844	0
37	6	491.1923	268.4327	0
37	7	469.6573	373.3892	0
37	8	538.1782	379.3242	0
37	9	409.9727	72.42438	0
37	10	495.4843	467.644	0
37	11	269.4574	-28.35944	0
37	12	272.638	60.48929	0
37	13	328.6648	322.8543	0
37	14	395.1862	129.1802	0
37	15	341.1652	68.04315	0
37	16	421.7777	264.2111	0
37	17	367.7012	160.05	0
37	18	346.1171	96.48868	0
37	19	521.6752	435.2744	0
38	1	401.1489	365.3588	0
38	2	413.9601	101.1059	0
38	3	375.5967	366.0229	0
38	4	328.2078	273.5391	0
38	5	528.6247	514.9844	0
38	6	491.1923	268.4327	0
38	7	469.6573	373.3892	0
38	8	538.1782	379.3242	0
38	9	409.9727	72.42438	0
38	10	495.4843	467.644	0
38	11	269.4574	-28.35944	0
38	12	272.638	60.48929	0
38	13	328.6648	322.8543	0
38	14	395.1862	129.1802	0
38	15	341.1652	68.04315	0
38	16	421.7777	264.2111	0
38	17	367.7012	160.05	0
38	18	346.1171	96.48868	0
38	19	521.6752	435.2744	0
38	20	500.1052	322.7681	0
39	1	401.1489	365.3588	0
39	2	413.9601	101.1059	0
39	3	375.5967	366.0229	0
39	4	328.2078	273.5391	0
39	5	528.6247	514.9844	0
39	6	491.1923	268.4327	0
39	7	469.6573	373.3892	0
39	8	538.1782	379.3242	0
39	9	409.9727	72.42438	0
39	10	495.4843	467.644	0
39	11	269.4574	-28.35944	0
39	12	272.638	60.48929	0
39	13	328.6648	322.8543	0
39	14	395.1862	129.1802	0
39	15	341.1652	68.04315	0
39	16	421.7777	264.2111	0
39	17	367.7012	160.05	0
39	18	346.1171	96.48868	0
39	19	521.6752	435.2744	0
39	20	500.1052	322.7681	0
39	21	525.8068	634.545	0
40	1	401.1489	365.3588	0
40	2	413.9601	101.1059	0
40	3	375.5967	366.0229	0
40	4	328.2078	273.5391	0
40	5	528.6247	514.9844	0
40	6	491.1923	268.4327	0
40	7	469.6573	373.3892	0
40	8	538.1782	379.3242	0
40	9	409.9727	72.42438	0
40	10	495.4843	467.644	0
40	11	269.4574	-28.35944	0
40	12	272.638	60.48929	0
40	13	328.6648	322.8543	0
40	14	395.1862	129.1802	0
40	15	341.1652	68.04315	0
40	16	421.7777	264.2111	0
40	17	367.7012	160.05	0
40	18	346.1171	96.48868	0
40	19	521.6752	435.2744	0
40	20	500.1052	322.7681	0
40	21	525.8068	634.545	0
40	22	551.211	570.9185	0
41	1	401.1489	365.3588	0
41	2	413.9601	101.1059	0
41	3	375.5967	366.0229	0
41	4	328.2078	273.5391	0
41	5	528.6247	514.9844	0
41	6	491.1923	268.4327	0
41	7	469.6573	373.3892	0
41	8	538.1782	379.3242	0
41	9	409.9727	72.42438	0
41	10	495.4843	467.644	0
41	11	269.4574	-28.35944	0
41	12	272.638	60.48929	0
41	13	328.6648	322.8543	0
41	14	395.1862	129.1802	0
41	15	341.1652	68.04315	0
41	16	421.7777	264.2111	0
41	17	367.7012	160.05	0
41	18	346.1171	96.48868	0
41	19	521.6752	435.2744	0
41	20	500.1052	322.7681	0
41	21	525.8068	634.545	0
41	22	551.211	570.9185	0
41	23	396.1334	278.9351	0
42	1	401.1489	365.3588	0
42	2	413.9601	101.1059	0
42	3	375.5967	366.0229	0
42	4	328.2078	273.5391	0
42	5	528.6247	514.9844	0
42	6	491.1923	268.4327	0
42	7	469.6573	373.3892	0
42	8	538.1782	379.3242	0
42	9	409.9727	72.42438	0
42	10	495.4843	467.644	0
42	11	269.4574	-28.35944	0
42	12	272.638	60.48929	0
42	13	328.6648	322.8543	0
42	14	395.1862	129.1802	0
42	15	341.1652	68.04315	0
42	16	421.7777	264.2111	0
42	17	367.7012	160.05	0
42	18	346.1171	96.48868	0
42	19	521.6752	435.2744	0
42	20	500.1052	322.7681	0
42	21	525.8068	634.545	0
42	22	551.211	570.9185	0
42	23	396.1334	278.9351	0
42	24	315.8956	64.24698	0
43	1	401.1489	365.3588	0
43	2	413.9601	101.1059	0
43	3	375.5967	366.0229	0
43	4	328.2078	273.5391	0
43	5	528.6247	514.9844	0
43	6	491.1923	268.4327	0
43	7	469.6573	373.3892	0
43	8	538.1782	379.3242	0
43	9	409.9727	72.42438	0
43	10	495.4843	467.644	0
43	11	269.4574	-28.35944	0
43	12	272.638	60.48929	0
43	13	328.6648	322.8543	0
43	14	395.1862	129.1802	0
43	15	341.1652	68.04315	0
43	16	421.7777	264.2111	0
43	17	367.7012	160.05	0
43	18	346.1171	96.48868	0
43	19	521.6752	435.2744	0
43	20	500.1052	322.7681	0
43	21	525.8068	634.545	0
43	22	551.211	570.9185	0
43	23	396.1334	278.9351	0
43	24	315.8956	64.24698	0
43	25	542.9684	406.4143	0
44	1	401.1489	365.3588	0
44	2	413.9601	101.1059	0
44	3	375.5967	366.0229	0
44	4	328.2078	273.5391	0
44	5	528.6247	514.9844	0
44	6	491.1923	268.4327	0
44	7	469.6573	373.3892	0
44	8	538.1782	379.3242	0
44	9	409.9727	72.42438	0
44	10	495.4843	467.644	0
44	11	269.4574	-28.35944	0
44	12	272.638	60.48929	0
44	13	328.6648	322.8543	0
44	14	395.1862	129.1802	0
44	15	341.1652	68.04315	0
44	16	421.7777	264.2111	0
44	17	367.7012	160.05	0
44	18	346.1171	96.48868	0
44	19	521.6752	435.2744	0
44	20	500.1052	322.7681	0
44	21	525.8068	634.545	0
44	22	551.211	570.9185	0
44	23	396.1334	278.9351	0
44	24	315.8956	64.24698	0
44	25	542.9684	406.4143	0
44	26	436.2012	166.2899	0
45	1	401.1489	365.3588	0
45	2	413.9601	101.1059	0
45	3	375.5967	366.0229	0
45	4	328.2078	273.5391	0
45	5	528.6247	514.9844	0
45	6	491.1923	268.4327	0
45	7	469.6573	373.3892	0
45	8	538.1782	379.3242	0
45	9	409.9727	72.42438	0
45	10	495.4843	467.644	0
45	11	269.4574	-28.35944	0
45	12	272.638	60.48929	0
45	13	328.6648	322.8543	0
45	14	395.1862	129.1802	0
45	15	341.1652	68.04315	0
45	16	421.7777	264.2111	0
45	17	367.7012	160.05	0
45	18	346.1171	96.48868	0
45	19	521.6752	435.2744	0
45	20	500.1052	322.7681	0
45	21	525.8068	634.545	0
45	22	551.211	570.9185	0
45	23	396.1334	278.9351	0
45	24	315.8956	64.24698	0
45	25	542.9684	406.4143	0
45	26	436.2012	166.2899	0
45	27	462.776	133.7655	0
17	1	401.2831	364.4639	0
18	1	401.2831	364.4639	0
18	2	415.54	101.6964	0
19	1	401.2831	364.4639	0
19	2	415.54	101.6964	0
19	3	374.5795	367.2815	0
20	1	401.2831	364.4639	0
20	2	415.54	101.6964	0
20	3	374.5795	367.2815	0
20	4	329.2688	274.159	0
21	1	401.2831	364.4639	0
21	2	415.54	101.6964	0
21	3	374.5795	367.2815	0
21	4	329.2688	274.159	0
21	5	528.3226	514.457	0
22	1	401.2831	364.4639	0
22	2	415.54	101.6964	0
22	3	374.5795	367.2815	0
22	4	329.2688	274.159	0
22	5	528.3226	514.457	0
22	6	489.8651	269.0697	0
23	1	401.2831	364.4639	0
23	2	415.54	101.6964	0
23	3	374.5795	367.2815	0
23	4	329.2688	274.159	0
23	5	528.3226	514.457	0
23	6	489.8651	269.0697	0
23	7	468.7058	374.5965	0
24	1	401.2831	364.4639	0
24	2	415.54	101.6964	0
24	3	374.5795	367.2815	0
24	4	329.2688	274.159	0
24	5	528.3226	514.457	0
24	6	489.8651	269.0697	0
24	7	468.7058	374.5965	0
24	8	536.7723	379.0089	0
25	1	401.2831	364.4639	0
25	2	415.54	101.6964	0
25	3	374.5795	367.2815	0
25	4	329.2688	274.159	0
25	5	528.3226	514.457	0
25	6	489.8651	269.0697	0
25	7	468.7058	374.5965	0
25	8	536.7723	379.0089	0
25	9	408.3167	73.63763	0
26	1	401.2831	364.4639	0
26	2	415.54	101.6964	0
26	3	374.5795	367.2815	0
26	4	329.2688	274.159	0
26	5	528.3226	514.457	0
26	6	489.8651	269.0697	0
26	7	468.7058	374.5965	0
26	8	536.7723	379.0089	0
26	9	408.3167	73.63763	0
27	1	401.2831	364.4639	0
27	2	415.54	101.6964	0
27	3	374.5795	367.2815	0
27	4	329.2688	274.159	0
27	5	528.3226	514.457	0
27	6	489.8651	269.0697	0
27	7	468.7058	374.5965	0
27	8	536.7723	379.0089	0
27	9	408.3167	73.63763	0
27	10	496.544	467.0414	0
28	1	401.2831	364.4639	0
28	2	415.54	101.6964	0
28	3	374.5795	367.2815	0
28	4	329.2688	274.159	0
28	5	528.3226	514.457	0
28	6	489.8651	269.0697	0
28	7	468.7058	374.5965	0
28	8	536.7723	379.0089	0
28	9	408.3167	73.63763	0
28	10	496.544	467.0414	0
28	11	268.2878	-27.992	0
29	1	401.2831	364.4639	0
29	2	415.54	101.6964	0
29	3	374.5795	367.2815	0
29	4	329.2688	274.159	0
29	5	528.3226	514.457	0
29	6	489.8651	269.0697	0
29	7	468.7058	374.5965	0
29	8	536.7723	379.0089	0
29	9	408.3167	73.63763	0
29	10	496.544	467.0414	0
29	11	268.2878	-27.992	0
29	12	274.1559	59.13672	0
30	1	401.2831	364.4639	0
30	2	415.54	101.6964	0
30	3	374.5795	367.2815	0
30	4	329.2688	274.159	0
30	5	528.3226	514.457	0
30	6	489.8651	269.0697	0
30	7	468.7058	374.5965	0
30	8	536.7723	379.0089	0
30	9	408.3167	73.63763	0
30	10	496.544	467.0414	0
30	11	268.2878	-27.992	0
30	12	274.1559	59.13672	0
30	13	329.6068	324.1413	0
31	1	401.2831	364.4639	0
31	2	415.54	101.6964	0
31	3	374.5795	367.2815	0
31	4	329.2688	274.159	0
31	5	528.3226	514.457	0
31	6	489.8651	269.0697	0
31	7	468.7058	374.5965	0
31	8	536.7723	379.0089	0
31	9	408.3167	73.63763	0
31	10	496.544	467.0414	0
31	11	268.2878	-27.992	0
31	12	274.1559	59.13672	0
31	13	329.6068	324.1413	0
31	14	395.6913	129.7613	0
32	1	401.2831	364.4639	0
32	2	415.54	101.6964	0
32	3	374.5795	367.2815	0
32	4	329.2688	274.159	0
32	5	528.3226	514.457	0
32	6	489.8651	269.0697	0
32	7	468.7058	374.5965	0
32	8	536.7723	379.0089	0
32	9	408.3167	73.63763	0
32	10	496.544	467.0414	0
32	11	268.2878	-27.992	0
32	12	274.1559	59.13672	0
32	13	329.6068	324.1413	0
32	14	395.6913	129.7613	0
32	15	339.8704	68.10791	0
33	1	401.2831	364.4639	0
33	2	415.54	101.6964	0
33	3	374.5795	367.2815	0
33	4	329.2688	274.159	0
33	5	528.3226	514.457	0
33	6	489.8651	269.0697	0
33	7	468.7058	374.5965	0
33	8	536.7723	379.0089	0
33	9	408.3167	73.63763	0
33	10	496.544	467.0414	0
33	11	268.2878	-27.992	0
33	12	274.1559	59.13672	0
33	13	329.6068	324.1413	0
33	14	395.6913	129.7613	0
33	15	339.8704	68.10791	0
33	16	422.9273	265.0011	0
34	1	401.2831	364.4639	0
34	2	415.54	101.6964	0
34	3	374.5795	367.2815	0
34	4	329.2688	274.159	0
34	5	528.3226	514.457	0
34	6	489.8651	269.0697	0
34	7	468.7058	374.5965	0
34	8	536.7723	379.0089	0
34	9	408.3167	73.63763	0
34	10	496.544	467.0414	0
34	11	268.2878	-27.992	0
34	12	274.1559	59.13672	0
34	13	329.6068	324.1413	0
34	14	395.6913	129.7613	0
34	15	339.8704	68.10791	0
34	16	422.9273	265.0011	0
34	17	367.1448	162.9828	0
35	1	401.2831	364.4639	0
35	2	415.54	101.6964	0
35	3	374.5795	367.2815	0
35	4	329.2688	274.159	0
35	5	528.3226	514.457	0
35	6	489.8651	269.0697	0
35	7	468.7058	374.5965	0
35	8	536.7723	379.0089	0
35	9	408.3167	73.63763	0
35	10	496.544	467.0414	0
35	11	268.2878	-27.992	0
35	12	274.1559	59.13672	0
35	13	329.6068	324.1413	0
35	14	395.6913	129.7613	0
35	15	339.8704	68.10791	0
35	16	422.9273	265.0011	0
35	17	367.1448	162.9828	0
35	18	346.5938	97.0528	0
36	1	401.2831	364.4639	0
36	2	415.54	101.6964	0
36	3	374.5795	367.2815	0
36	4	329.2688	274.159	0
36	5	528.3226	514.457	0
36	6	489.8651	269.0697	0
36	7	468.7058	374.5965	0
36	8	536.7723	379.0089	0
36	9	408.3167	73.63763	0
36	10	496.544	467.0414	0
36	11	268.2878	-27.992	0
36	12	274.1559	59.13672	0
36	13	329.6068	324.1413	0
36	14	395.6913	129.7613	0
36	15	339.8704	68.10791	0
36	16	422.9273	265.0011	0
36	17	367.1448	162.9828	0
36	18	346.5938	97.0528	0
37	1	401.2831	364.4639	0
37	2	415.54	101.6964	0
37	3	374.5795	367.2815	0
37	4	329.2688	274.159	0
37	5	528.3226	514.457	0
37	6	489.8651	269.0697	0
37	7	468.7058	374.5965	0
37	8	536.7723	379.0089	0
37	9	408.3167	73.63763	0
37	10	496.544	467.0414	0
37	11	268.2878	-27.992	0
37	12	274.1559	59.13672	0
37	13	329.6068	324.1413	0
37	14	395.6913	129.7613	0
37	15	339.8704	68.10791	0
37	16	422.9273	265.0011	0
37	17	367.1448	162.9828	0
37	18	346.5938	97.0528	0
37	19	522.2994	433.8991	0
38	1	401.2831	364.4639	0
38	2	415.54	101.6964	0
38	3	374.5795	367.2815	0
38	4	329.2688	274.159	0
38	5	528.3226	514.457	0
38	6	489.8651	269.0697	0
38	7	468.7058	374.5965	0
38	8	536.7723	379.0089	0
38	9	408.3167	73.63763	0
38	10	496.544	467.0414	0
38	11	268.2878	-27.992	0
38	12	274.1559	59.13672	0
38	13	329.6068	324.1413	0
38	14	395.6913	129.7613	0
38	15	339.8704	68.10791	0
38	16	422.9273	265.0011	0
38	17	367.1448	162.9828	0
38	18	346.5938	97.0528	0
38	19	522.2994	433.8991	0
38	20	499.8858	322.7885	0
39	1	401.2831	364.4639	0
39	2	415.54	101.6964	0
39	3	374.5795	367.2815	0
39	4	329.2688	274.159	0
39	5	528.3226	514.457	0
39	6	489.8651	269.0697	0
39	7	468.7058	374.5965	0
39	8	536.7723	379.0089	0
39	9	408.3167	73.63763	0
39	10	496.544	467.0414	0
39	11	268.2878	-27.992	0
39	12	274.1559	59.13672	0
39	13	329.6068	324.1413	0
39	14	395.6913	129.7613	0
39	15	339.8704	68.10791	0
39	16	422.9273	265.0011	0
39	17	367.1448	162.9828	0
39	18	346.5938	97.0528	0
39	19	522.2994	433.8991	0
39	20	499.8858	322.7885	0
39	21	523.7791	632.8899	0
40	1	401.2831	364.4639	0
40	2	415.54	101.6964	0
40	3	374.5795	367.2815	0
40	4	329.2688	274.159	0
40	5	528.3226	514.457	0
40	6	489.8651	269.0697	0
40	7	468.7058	374.5965	0
40	8	536.7723	379.0089	0
40	9	408.3167	73.63763	0
40	10	496.544	467.0414	0
40	11	268.2878	-27.992	0
40	12	274.1559	59.13672	0
40	13	329.6068	324.1413	0
40	14	395.6913	129.7613	0
40	15	339.8704	68.10791	0
40	16	422.9273	265.0011	0
40	17	367.1448	162.9828	0
40	18	346.5938	97.0528	0
40	19	522.2994	433.8991	0
40	20	499.8858	322.7885	0
40	21	523.7791	632.8899	0
40	22	550.1545	569.7787	0
41	1	401.2831	364.4639	0
41	2	415.54	101.6964	0
41	3	374.5795	367.2815	0
41	4	329.2688	274.159	0
41	5	528.3226	514.457	0
41	6	489.8651	269.0697	0
41	7	468.7058	374.5965	0
41	8	536.7723	379.0089	0
41	9	408.3167	73.63763	0
41	10	496.544	467.0414	0
41	11	268.2878	-27.992	0
41	12	274.1559	59.13672	0
41	13	329.6068	324.1413	0
41	14	395.6913	129.7613	0
41	15	339.8704	68.10791	0
41	16	422.9273	265.0011	0
41	17	367.1448	162.9828	0
41	18	346.5938	97.0528	0
41	19	522.2994	433.8991	0
41	20	499.8858	322.7885	0
41	21	523.7791	632.8899	0
41	22	550.1545	569.7787	0
41	23	397.3173	278.6534	0
42	1	401.2831	364.4639	0
42	2	415.54	101.6964	0
42	3	374.5795	367.2815	0
42	4	329.2688	274.159	0
42	5	528.3226	514.457	0
42	6	489.8651	269.0697	0
42	7	468.7058	374.5965	0
42	8	536.7723	379.0089	0
42	9	408.3167	73.63763	0
42	10	496.544	467.0414	0
42	11	268.2878	-27.992	0
42	12	274.1559	59.13672	0
42	13	329.6068	324.1413	0
42	14	395.6913	129.7613	0
42	15	339.8704	68.10791	0
42	16	422.9273	265.0011	0
42	17	367.1448	162.9828	0
42	18	346.5938	97.0528	0
42	19	522.2994	433.8991	0
42	20	499.8858	322.7885	0
42	21	523.7791	632.8899	0
42	22	550.1545	569.7787	0
42	23	397.3173	278.6534	0
42	24	315.2511	64.33557	0
43	1	401.2831	364.4639	0
43	2	415.54	101.6964	0
43	3	374.5795	367.2815	0
43	4	329.2688	274.159	0
43	5	528.3226	514.457	0
43	6	489.8651	269.0697	0
43	7	468.7058	374.5965	0
43	8	536.7723	379.0089	0
43	9	408.3167	73.63763	0
43	10	496.544	467.0414	0
43	11	268.2878	-27.992	0
43	12	274.1559	59.13672	0
43	13	329.6068	324.1413	0
43	14	395.6913	129.7613	0
43	15	339.8704	68.10791	0
43	16	422.9273	265.0011	0
43	17	367.1448	162.9828	0
43	18	346.5938	97.0528	0
43	19	522.2994	433.8991	0
43	20	499.8858	322.7885	0
43	21	523.7791	632.8899	0
43	22	550.1545	569.7787	0
43	23	397.3173	278.6534	0
43	24	315.2511	64.33557	0
43	25	542.9681	406.8145	0
44	1	401.2831	364.4639	0
44	2	415.54	101.6964	0
44	3	374.5795	367.2815	0
44	4	329.2688	274.159	0
44	5	528.3226	514.457	0
44	6	489.8651	269.0697	0
44	7	468.7058	374.5965	0
44	8	536.7723	379.0089	0
44	9	408.3167	73.63763	0
44	10	496.544	467.0414	0
44	11	268.2878	-27.992	0
44	12	274.1559	59.13672	0
44	13	329.6068	324.1413	0
44	14	395.6913	129.7613	0
44	15	339.8704	68.10791	0
44	16	422.9273	265.0011	0
44	17	367.1448	162.9828	0
44	18	346.5938	97.0528	0
44	19	522.2994	433.8991	0
44	20	499.8858	322.7885	0
44	21	523.7791	632.8899	0
44	22	550.1545	569.7787	0
44	23	397.3173	278.6534	0
44	24	315.2511	64.33557	0
44	25	542.9681	406.8145	0
44	26	436.0119	165.9541	0
45	1	401.2831	364.4639	0
45	2	415.54	101.6964	0
45	3	374.5795	367.2815	0
45	4	329.2688	274.159	0
45	5	528.3226	514.457	0
45	6	489.8651	269.0697	0
45	7	468.7058	374.5965	0
45	8	536.7723	379.0089	0
45	9	408.3167	73.63763	0
45	10	496.544	467.0414	0
45	11	268.2878	-27.992	0
45	12	274.1559	59.13672	0
45	13	329.6068	324.1413	0
45	14	395.6913	129.7613	0
45	15	339.8704	68.10791	0
45	16	422.9273	265.0011	0
45	17	367.1448	162.9828	0
45	18	346.5938	97.0528	0
45	19	522.2994	433.8991	0
45	20	499.8858	322.7885	0
45	21	523.7791	632.8899	0
45	22	550.1545	569.7787	0
45	23	397.3173	278.6534	0
45	24	315.2511	64.33557	0
45	25	542.9681	406.8145	0
45	26	436.0119	165.9541	0
45	27	462.2536	134.1783	0
46	1	401.2831	364.4639	0
46	2	415.54	101.6964	0
46	3	374.5795	367.2815	0
46	4	329.2688	274.159	0
46	5	528.3226	514.457	0
46	6	489.8651	269.0697	0
46	7	468.7058	374.5965	0
46	8	536.7723	379.0089	0
46	9	408.3167	73.63763	0
46	10	496.544	467.0414	0
46	11	268.2878	-27.992	0
46	12	274.1559	59.13672	0
46	13	329.6068	324.1413	0
46	14	395.6913	129.7613	0
46	15	339.8704	68.10791	0
46	16	422.9273	265.0011	0
46	17	367.1448	162.9828	0
46	18	346.5938	97.0528	0
46	19	522.2994	433.8991	0
46	20	499.8858	322.7885	0
46	21	523.7791	632.8899	0
46	22	550.1545	569.7787	0
46	23	397.3173	278.6534	0
46	24	315.2511	64.33557	0
46	25	542.9681	406.8145	0
46	26	436.0119	165.9541	0
46	27	462.2536	134.1783	0
47	1	401.2831	364.4639	0
47	2	415.54	101.6964	0
47	3	374.5795	367.2815	0
47	4	329.2688	274.159	0
47	5	528.3226	514.457	0
47	6	489.8651	269.0697	0
47	7	468.7058	374.5965	0
47	8	536.7723	379.0089	0
47	9	408.3167	73.63763	0
47	10	496.544	467.0414	0
47	11	268.2878	-27.992	0
47	12	274.1559	59.13672	0
47	13	329.6068	324.1413	0
47	14	395.6913	129.7613	0
47	15	339.8704	68.10791	0
47	16	422.9273	265.0011	0
47	17	367.1448	162.9828	0
47	18	346.5938	97.0528	0
47	19	522.2994	433.8991	0
47	20	499.8858	322.7885	0
47	21	523.7791	632.8899	0
47	22	550.1545	569.7787	0
47	23	397.3173	278.6534	0
47	24	315.2511	64.33557	0
47	25	542.9681	406.8145	0
47	26	436.0119	165.9541	0
47	27	462.2536	134.1783	0
47	28	456.7991	628.2893	0
48	1	401.2831	364.4639	0
48	2	415.54	101.6964	0
48	3	374.5795	367.2815	0
48	4	329.2688	274.159	0
48	5	528.3226	514.457	0
48	6	489.8651	269.0697	0
48	7	468.7058	374.5965	0
48	8	536.7723	379.0089	0
48	9	408.3167	73.63763	0
48	10	496.544	467.0414	0
48	11	268.2878	-27.992	0
48	12	274.1559	59.13672	0
48	13	329.6068	324.1413	0
48	14	395.6913	129.7613	0
48	15	339.8704	68.10791	0
48	16	422.9273	265.0011	0
48	17	367.1448	162.9828	0
48	18	346.5938	97.0528	0
48	19	522.2994	433.8991	0
48	20	499.8858	322.7885	0
48	21	523.7791	632.8899	0
48	22	550.1545	569.7787	0
48	23	397.3173	278.6534	0
48	24	315.2511	64.33557	0
48	25	542.9681	406.8145	0
48	26	436.0119	165.9541	0
48	27	462.2536	134.1783	0
48	28	456.7991	628.2893	0
48	29	247.5461	60.47476	0
