63	1	313.1304	145.1065	0
63	2	562.5896	146.7517	0
63	3	311.5319	138.7969	0
63	4	382.6461	129.8273	0
63	5	112.7103	190.924	0
63	6	427.7317	171.3151	0
63	7	304.3889	164.3997	0
63	8	297.638	193.8667	0
63	9	584.0104	145.3172	0
63	10	192.3887	174.8359	0
63	11	579.4247	119.8846	0
63	12	522.7887	120.8595	0
63	13	344.6921	130.3532	0
63	14	524.6619	142.4536	0
63	15	546.8412	131.3014	0
63	16	410.7925	150.0192	0
63	17	483.1826	136.4858	0
63	18	526.5509	132.2611	0
63	19	224.7033	186.909	0
63	20	364.6086	175.4556	0
63	21	-49.10144	189.9702	0
63	22	10.15169	204.2686	0
63	23	390.7208	143.4301	0
63	24	536.7478	126.9352	0
63	25	256.0858	197.5936	0
63	26	511.7214	152.4624	0
63	27	561.3373	160.1948	0
63	28	25.0678	162.1317	0
63	29	511.8133	117.4824	0
63	30	484.9082	118.9048	0
63	31	153.2596	210.394	0
63	32	551.7903	112.0781	0
63	33	568.1645	124.8785	0
63	34	267.8495	141.3761	0
63	35	-106.5806	262.6371	0
63	36	257.6991	159.3279	0
63	37	345.7091	143.7585	0
63	38	187.6944	230.7042	0
63	39	504.9136	128.713	0
63	40	604.7408	136.6202	0
63	41	308.4801	155.8252	0
63	42	270.7906	166.447	0
63	43	358.5106	152.7548	0
64	1	313.1304	145.1065	0
64	2	562.5896	146.7517	0
64	3	311.5319	138.7969	0
64	4	382.6461	129.8273	0
64	5	112.7103	190.924	0
64	6	427.7317	171.3151	0
64	7	304.3889	164.3997	0
64	8	297.638	193.8667	0
64	9	584.0104	145.3172	0
64	10	192.3887	174.8359	0
64	11	579.4247	119.8846	0
64	12	522.7887	120.8595	0
64	13	344.6921	130.3532	0
64	14	524.6619	142.4536	0
64	15	546.8412	131.3014	0
64	16	410.7925	150.0192	0
64	17	483.1826	136.4858	0
64	18	526.5509	132.2611	0
64	19	224.7033	186.909	0
64	20	364.6086	175.4556	0
64	21	-49.10144	189.9702	0
64	22	10.15169	204.2686	0
64	23	390.7208	143.4301	0
64	24	536.7478	126.9352	0
64	25	256.0858	197.5936	0
64	26	511.7214	152.4624	0
64	27	561.3373	160.1948	0
64	28	25.0678	162.1317	0
64	29	511.8133	117.4824	0
64	30	484.9082	118.9048	0
64	31	153.2596	210.394	0
64	32	551.7903	112.0781	0
64	33	568.1645	124.8785	0
64	34	267.8495	141.3761	0
64	35	-106.5806	262.6371	0
64	36	257.6991	159.3279	0
64	37	345.7091	143.7585	0
64	38	187.6944	230.7042	0
64	39	504.9136	128.713	0
64	40	604.7408	136.6202	0
64	41	308.4801	155.8252	0
64	42	270.7906	166.447	0
64	43	358.5106	152.7548	0
65	1	313.1304	145.1065	0
65	2	562.5896	146.7517	0
65	3	311.5319	138.7969	0
65	4	382.6461	129.8273	0
65	5	112.7103	190.924	0
65	6	427.7317	171.3151	0
65	7	304.3889	164.3997	0
65	8	297.638	193.8667	0
65	9	584.0104	145.3172	0
65	10	192.3887	174.8359	0
65	11	579.4247	119.8846	0
65	12	522.7887	120.8595	0
65	13	344.6921	130.3532	0
65	14	524.6619	142.4536	0
65	15	546.8412	131.3014	0
65	16	410.7925	150.0192	0
65	17	483.1826	136.4858	0
65	18	526.5509	132.2611	0
65	19	224.7033	186.909	0
65	20	364.6086	175.4556	0
65	21	-49.10144	189.9702	0
65	22	10.15169	204.2686	0
65	23	390.7208	143.4301	0
65	24	536.7478	126.9352	0
65	25	256.0858	197.5936	0
65	26	511.7214	152.4624	0
65	27	561.3373	160.1948	0
65	28	25.0678	162.1317	0
65	29	511.8133	117.4824	0
65	30	484.9082	118.9048	0
65	31	153.2596	210.394	0
65	32	551.7903	112.0781	0
65	33	568.1645	124.8785	0
65	34	267.8495	141.3761	0
65	35	-106.5806	262.6371	0
65	36	257.6991	159.3279	0
65	37	345.7091	143.7585	0
65	38	187.6944	230.7042	0
65	39	504.9136	128.713	0
65	40	604.7408	136.6202	0
65	41	308.4801	155.8252	0
65	42	270.7906	166.447	0
65	43	358.5106	152.7548	0
66	1	313.1304	145.1065	0
66	2	562.5896	146.7517	0
66	3	311.5319	138.7969	0
66	4	382.6461	129.8273	0
66	5	112.7103	190.924	0
66	6	427.7317	171.3151	0
66	7	304.3889	164.3997	0
66	8	297.638	193.8667	0
66	9	584.0104	145.3172	0
66	10	192.3887	174.8359	0
66	11	579.4247	119.8846	0
66	12	522.7887	120.8595	0
66	13	344.6921	130.3532	0
66	14	524.6619	142.4536	0
66	15	546.8412	131.3014	0
66	16	410.7925	150.0192	0
66	17	483.1826	136.4858	0
66	18	526.5509	132.2611	0
66	19	224.7033	186.909	0
66	20	364.6086	175.4556	0
66	21	-49.10144	189.9702	0
66	22	10.15169	204.2686	0
66	23	390.7208	143.4301	0
66	24	536.7478	126.9352	0
66	25	256.0858	197.5936	0
66	26	511.7214	152.4624	0
66	27	561.3373	160.1948	0
66	28	25.0678	162.1317	0
66	29	511.8133	117.4824	0
66	30	484.9082	118.9048	0
66	31	153.2596	210.394	0
66	32	551.7903	112.0781	0
66	33	568.1645	124.8785	0
66	34	267.8495	141.3761	0
66	35	-106.5806	262.6371	0
66	36	257.6991	159.3279	0
66	37	345.7091	143.7585	0
66	38	187.6944	230.7042	0
66	39	504.9136	128.713	0
66	40	604.7408	136.6202	0
66	41	308.4801	155.8252	0
66	42	270.7906	166.447	0
66	43	358.5106	152.7548	0
67	1	313.1304	145.1065	0
67	2	562.5896	146.7517	0
67	3	311.5319	138.7969	0
67	4	382.6461	129.8273	0
67	5	112.7103	190.924	0
67	6	427.7317	171.3151	0
67	7	304.3889	164.3997	0
67	8	297.638	193.8667	0
67	9	584.0104	145.3172	0
67	10	192.3887	174.8359	0
67	11	579.4247	119.8846	0
67	12	522.7887	120.8595	0
67	13	344.6921	130.3532	0
67	14	524.6619	142.4536	0
67	15	546.8412	131.3014	0
67	16	410.7925	150.0192	0
67	17	483.1826	136.4858	0
67	18	526.5509	132.2611	0
67	19	224.7033	186.909	0
67	20	364.6086	175.4556	0
67	21	-49.10144	189.9702	0
67	22	10.15169	204.2686	0
67	23	390.7208	143.4301	0
67	24	536.7478	126.9352	0
67	25	256.0858	197.5936	0
67	26	511.7214	152.4624	0
67	27	561.3373	160.1948	0
67	28	25.0678	162.1317	0
67	29	511.8133	117.4824	0
67	30	484.9082	118.9048	0
67	31	153.2596	210.394	0
67	32	551.7903	112.0781	0
67	33	568.1645	124.8785	0
67	34	267.8495	141.3761	0
67	35	-106.5806	262.6371	0
67	36	257.6991	159.3279	0
67	37	345.7091	143.7585	0
67	38	187.6944	230.7042	0
67	39	504.9136	128.713	0
67	40	604.7408	136.6202	0
67	41	308.4801	155.8252	0
67	42	270.7906	166.447	0
67	43	358.5106	152.7548	0
68	1	313.1304	145.1065	0
68	2	562.5896	146.7517	0
68	3	311.5319	138.7969	0
68	4	382.6461	129.8273	0
68	5	112.7103	190.924	0
68	6	427.7317	171.3151	0
68	7	304.3889	164.3997	0
68	8	297.638	193.8667	0
68	9	584.0104	145.3172	0
68	10	192.3887	174.8359	0
68	11	579.4247	119.8846	0
68	12	522.7887	120.8595	0
68	13	344.6921	130.3532	0
68	14	524.6619	142.4536	0
68	15	546.8412	131.3014	0
68	16	410.7925	150.0192	0
68	17	483.1826	136.4858	0
68	18	526.5509	132.2611	0
68	19	224.7033	186.909	0
68	20	364.6086	175.4556	0
68	21	-49.10144	189.9702	0
68	22	10.15169	204.2686	0
68	23	390.7208	143.4301	0
68	24	536.7478	126.9352	0
68	25	256.0858	197.5936	0
68	26	511.7214	152.4624	0
68	27	561.3373	160.1948	0
68	28	25.0678	162.1317	0
68	29	511.8133	117.4824	0
68	30	484.9082	118.9048	0
68	31	153.2596	210.394	0
68	32	551.7903	112.0781	0
68	33	568.1645	124.8785	0
68	34	267.8495	141.3761	0
68	35	-106.5806	262.6371	0
68	36	257.6991	159.3279	0
68	37	345.7091	143.7585	0
68	38	187.6944	230.7042	0
68	39	504.9136	128.713	0
68	40	604.7408	136.6202	0
68	41	308.4801	155.8252	0
68	42	270.7906	166.447	0
68	43	358.5106	152.7548	0
69	1	313.1304	145.1065	0
69	2	562.5896	146.7517	0
69	3	311.5319	138.7969	0
69	4	382.6461	129.8273	0
69	5	112.7103	190.924	0
69	6	427.7317	171.3151	0
69	7	304.3889	164.3997	0
69	8	297.638	193.8667	0
69	9	584.0104	145.3172	0
69	10	192.3887	174.8359	0
69	11	579.4247	119.8846	0
69	12	522.7887	120.8595	0
69	13	344.6921	130.3532	0
69	14	524.6619	142.4536	0
69	15	546.8412	131.3014	0
69	16	410.7925	150.0192	0
69	17	483.1826	136.4858	0
69	18	526.5509	132.2611	0
69	19	224.7033	186.909	0
69	20	364.6086	175.4556	0
69	21	-49.10144	189.9702	0
69	22	10.15169	204.2686	0
69	23	390.7208	143.4301	0
69	24	536.7478	126.9352	0
69	25	256.0858	197.5936	0
69	26	511.7214	152.4624	0
69	27	561.3373	160.1948	0
69	28	25.0678	162.1317	0
69	29	511.8133	117.4824	0
69	30	484.9082	118.9048	0
69	31	153.2596	210.394	0
69	32	551.7903	112.0781	0
69	33	568.1645	124.8785	0
69	34	267.8495	141.3761	0
69	35	-106.5806	262.6371	0
69	36	257.6991	159.3279	0
69	37	345.7091	143.7585	0
69	38	187.6944	230.7042	0
69	39	504.9136	128.713	0
69	40	604.7408	136.6202	0
69	41	308.4801	155.8252	0
69	42	270.7906	166.447	0
69	43	358.5106	152.7548	0
70	1	313.1304	145.1065	0
70	2	562.5896	146.7517	0
70	3	311.5319	138.7969	0
70	4	382.6461	129.8273	0
70	5	112.7103	190.924	0
70	6	427.7317	171.3151	0
70	7	304.3889	164.3997	0
70	8	297.638	193.8667	0
70	9	584.0104	145.3172	0
70	10	192.3887	174.8359	0
70	11	579.4247	119.8846	0
70	12	522.7887	120.8595	0
70	13	344.6921	130.3532	0
70	14	524.6619	142.4536	0
70	15	546.8412	131.3014	0
70	16	410.7925	150.0192	0
70	17	483.1826	136.4858	0
70	18	526.5509	132.2611	0
70	19	224.7033	186.909	0
70	20	364.6086	175.4556	0
70	21	-49.10144	189.9702	0
70	22	10.15169	204.2686	0
70	23	390.7208	143.4301	0
70	24	536.7478	126.9352	0
70	25	256.0858	197.5936	0
70	26	511.7214	152.4624	0
70	27	561.3373	160.1948	0
70	28	25.0678	162.1317	0
70	29	511.8133	117.4824	0
70	30	484.9082	118.9048	0
70	31	153.2596	210.394	0
70	32	551.7903	112.0781	0
70	33	568.1645	124.8785	0
70	34	267.8495	141.3761	0
70	35	-106.5806	262.6371	0
70	36	257.6991	159.3279	0
70	37	345.7091	143.7585	0
70	38	187.6944	230.7042	0
70	39	504.9136	128.713	0
70	40	604.7408	136.6202	0
70	41	308.4801	155.8252	0
70	42	270.7906	166.447	0
70	43	358.5106	152.7548	0
71	1	313.1304	145.1065	0
71	2	562.5896	146.7517	0
71	3	311.5319	138.7969	0
71	4	382.6461	129.8273	0
71	5	112.7103	190.924	0
71	6	427.7317	171.3151	0
71	7	304.3889	164.3997	0
71	8	297.638	193.8667	0
71	9	584.0104	145.3172	0
71	10	192.3887	174.8359	0
71	11	579.4247	119.8846	0
71	12	522.7887	120.8595	0
71	13	344.6921	130.3532	0
71	14	524.6619	142.4536	0
71	15	546.8412	131.3014	0
71	16	410.7925	150.0192	0
71	17	483.1826	136.4858	0
71	18	526.5509	132.2611	0
71	19	224.7033	186.909	0
71	20	364.6086	175.4556	0
71	21	-49.10144	189.9702	0
71	22	10.15169	204.2686	0
71	23	390.7208	143.4301	0
71	24	536.7478	126.9352	0
71	25	256.0858	197.5936	0
71	26	511.7214	152.4624	0
71	27	561.3373	160.1948	0
71	28	25.0678	162.1317	0
71	29	511.8133	117.4824	0
71	30	484.9082	118.9048	0
71	31	153.2596	210.394	0
71	32	551.7903	112.0781	0
71	33	568.1645	124.8785	0
71	34	267.8495	141.3761	0
71	35	-106.5806	262.6371	0
71	36	257.6991	159.3279	0
71	37	345.7091	143.7585	0
71	38	187.6944	230.7042	0
71	39	504.9136	128.713	0
71	40	604.7408	136.6202	0
71	41	308.4801	155.8252	0
71	42	270.7906	166.447	0
71	43	358.5106	152.7548	0
72	1	313.1304	145.1065	0
72	2	562.5896	146.7517	0
72	3	311.5319	138.7969	0
72	4	382.6461	129.8273	0
72	5	112.7103	190.924	0
72	6	427.7317	171.3151	0
72	7	304.3889	164.3997	0
72	8	297.638	193.8667	0
72	9	584.0104	145.3172	0
72	10	192.3887	174.8359	0
72	11	579.4247	119.8846	0
72	12	522.7887	120.8595	0
72	13	344.6921	130.3532	0
72	14	524.6619	142.4536	0
72	15	546.8412	131.3014	0
72	16	410.7925	150.0192	0
72	17	483.1826	136.4858	0
72	18	526.5509	132.2611	0
72	19	224.7033	186.909	0
72	20	364.6086	175.4556	0
72	21	-49.10144	189.9702	0
72	22	10.15169	204.2686	0
72	23	390.7208	143.4301	0
72	24	536.7478	126.9352	0
72	25	256.0858	197.5936	0
72	26	511.7214	152.4624	0
72	27	561.3373	160.1948	0
72	28	25.0678	162.1317	0
72	29	511.8133	117.4824	0
72	30	484.9082	118.9048	0
72	31	153.2596	210.394	0
72	32	551.7903	112.0781	0
72	33	568.1645	124.8785	0
72	34	267.8495	141.3761	0
72	35	-106.5806	262.6371	0
72	36	257.6991	159.3279	0
72	37	345.7091	143.7585	0
72	38	187.6944	230.7042	0
72	39	504.9136	128.713	0
72	40	604.7408	136.6202	0
72	41	308.4801	155.8252	0
72	42	270.7906	166.447	0
72	43	358.5106	152.7548	0
73	1	313.1304	145.1065	0
73	2	562.5896	146.7517	0
73	3	311.5319	138.7969	0
73	4	382.6461	129.8273	0
73	5	112.7103	190.924	0
73	6	427.7317	171.3151	0
73	7	304.3889	164.3997	0
73	8	297.638	193.8667	0
73	9	584.0104	145.3172	0
73	10	192.3887	174.8359	0
73	11	579.4247	119.8846	0
73	12	522.7887	120.8595	0
73	13	344.6921	130.3532	0
73	14	524.6619	142.4536	0
73	15	546.8412	131.3014	0
73	16	410.7925	150.0192	0
73	17	483.1826	136.4858	0
73	18	526.5509	132.2611	0
73	19	224.7033	186.909	0
73	20	364.6086	175.4556	0
73	21	-49.10144	189.9702	0
73	22	10.15169	204.2686	0
73	23	390.7208	143.4301	0
73	24	536.7478	126.9352	0
73	25	256.0858	197.5936	0
73	26	511.7214	152.4624	0
73	27	561.3373	160.1948	0
73	28	25.0678	162.1317	0
73	29	511.8133	117.4824	0
73	30	484.9082	118.9048	0
73	31	153.2596	210.394	0
73	32	551.7903	112.0781	0
73	33	568.1645	124.8785	0
73	34	267.8495	141.3761	0
73	35	-106.5806	262.6371	0
73	36	257.6991	159.3279	0
73	37	345.7091	143.7585	0
73	38	187.6944	230.7042	0
73	39	504.9136	128.713	0
73	40	604.7408	136.6202	0
73	41	308.4801	155.8252	0
73	42	270.7906	166.447	0
73	43	358.5106	152.7548	0
74	1	313.1304	145.1065	0
74	2	562.5896	146.7517	0
74	3	311.5319	138.7969	0
74	4	382.6461	129.8273	0
74	5	112.7103	190.924	0
74	6	427.7317	171.3151	0
74	7	304.3889	164.3997	0
74	8	297.638	193.8667	0
74	9	584.0104	145.3172	0
74	10	192.3887	174.8359	0
74	11	579.4247	119.8846	0
74	12	522.7887	120.8595	0
74	13	344.6921	130.3532	0
74	14	524.6619	142.4536	0
74	15	546.8412	131.3014	0
74	16	410.7925	150.0192	0
74	17	483.1826	136.4858	0
74	18	526.5509	132.2611	0
74	19	224.7033	186.909	0
74	20	364.6086	175.4556	0
74	21	-49.10144	189.9702	0
74	22	10.15169	204.2686	0
74	23	390.7208	143.4301	0
74	24	536.7478	126.9352	0
74	25	256.0858	197.5936	0
74	26	511.7214	152.4624	0
74	27	561.3373	160.1948	0
74	28	25.0678	162.1317	0
74	29	511.8133	117.4824	0
74	30	484.9082	118.9048	0
74	31	153.2596	210.394	0
74	32	551.7903	112.0781	0
74	33	568.1645	124.8785	0
74	34	267.8495	141.3761	0
74	35	-106.5806	262.6371	0
74	36	257.6991	159.3279	0
74	37	345.7091	143.7585	0
74	38	187.6944	230.7042	0
74	39	504.9136	128.713	0
74	40	604.7408	136.6202	0
74	41	308.4801	155.8252	0
74	42	270.7906	166.447	0
74	43	358.5106	152.7548	0
75	1	313.1304	145.1065	0
75	2	562.5896	146.7517	0
75	3	311.5319	138.7969	0
75	4	382.6461	129.8273	0
75	5	112.7103	190.924	0
75	6	427.7317	171.3151	0
75	7	304.3889	164.3997	0
75	8	297.638	193.8667	0
75	9	584.0104	145.3172	0
75	10	192.3887	174.8359	0
75	11	579.4247	119.8846	0
75	12	522.7887	120.8595	0
75	13	344.6921	130.3532	0
75	14	524.6619	142.4536	0
75	15	546.8412	131.3014	0
75	16	410.7925	150.0192	0
75	17	483.1826	136.4858	0
75	18	526.5509	132.2611	0
75	19	224.7033	186.909	0
75	20	364.6086	175.4556	0
75	21	-49.10144	189.9702	0
75	22	10.15169	204.2686	0
75	23	390.7208	143.4301	0
75	24	536.7478	126.9352	0
75	25	256.0858	197.5936	0
75	26	511.7214	152.4624	0
75	27	561.3373	160.1948	0
75	28	25.0678	162.1317	0
75	29	511.8133	117.4824	0
75	30	484.9082	118.9048	0
75	31	153.2596	210.394	0
75	32	551.7903	112.0781	0
75	33	568.1645	124.8785	0
75	34	267.8495	141.3761	0
75	35	-106.5806	262.6371	0
75	36	257.6991	159.3279	0
75	37	345.7091	143.7585	0
75	38	187.6944	230.7042	0
75	39	504.9136	128.713	0
75	40	604.7408	136.6202	0
75	41	308.4801	155.8252	0
75	42	270.7906	166.447	0
75	43	358.5106	152.7548	0
76	1	313.1304	145.1065	0
76	2	562.5896	146.7517	0
76	3	311.5319	138.7969	0
76	4	382.6461	129.8273	0
76	5	112.7103	190.924	0
76	6	427.7317	171.3151	0
76	7	304.3889	164.3997	0
76	8	297.638	193.8667	0
76	9	584.0104	145.3172	0
76	10	192.3887	174.8359	0
76	11	579.4247	119.8846	0
76	12	522.7887	120.8595	0
76	13	344.6921	130.3532	0
76	14	524.6619	142.4536	0
76	15	546.8412	131.3014	0
76	16	410.7925	150.0192	0
76	17	483.1826	136.4858	0
76	18	526.5509	132.2611	0
76	19	224.7033	186.909	0
76	20	364.6086	175.4556	0
76	21	-49.10144	189.9702	0
76	22	10.15169	204.2686	0
76	23	390.7208	143.4301	0
76	24	536.7478	126.9352	0
76	25	256.0858	197.5936	0
76	26	511.7214	152.4624	0
76	27	561.3373	160.1948	0
76	28	25.0678	162.1317	0
76	29	511.8133	117.4824	0
76	30	484.9082	118.9048	0
76	31	153.2596	210.394	0
76	32	551.7903	112.0781	0
76	33	568.1645	124.8785	0
76	34	267.8495	141.3761	0
76	35	-106.5806	262.6371	0
76	36	257.6991	159.3279	0
76	37	345.7091	143.7585	0
76	38	187.6944	230.7042	0
76	39	504.9136	128.713	0
76	40	604.7408	136.6202	0
76	41	308.4801	155.8252	0
76	42	270.7906	166.447	0
76	43	358.5106	152.7548	0
77	1	313.1304	145.1065	0
77	2	562.5896	146.7517	0
77	3	311.5319	138.7969	0
77	4	382.6461	129.8273	0
77	5	112.7103	190.924	0
77	6	427.7317	171.3151	0
77	7	304.3889	164.3997	0
77	8	297.638	193.8667	0
77	9	584.0104	145.3172	0
77	10	192.3887	174.8359	0
77	11	579.4247	119.8846	0
77	12	522.7887	120.8595	0
77	13	344.6921	130.3532	0
77	14	524.6619	142.4536	0
77	15	546.8412	131.3014	0
77	16	410.7925	150.0192	0
77	17	483.1826	136.4858	0
77	18	526.5509	132.2611	0
77	19	224.7033	186.909	0
77	20	364.6086	175.4556	0
77	21	-49.10144	189.9702	0
77	22	10.15169	204.2686	0
77	23	390.7208	143.4301	0
77	24	536.7478	126.9352	0
77	25	256.0858	197.5936	0
77	26	511.7214	152.4624	0
77	27	561.3373	160.1948	0
77	28	25.0678	162.1317	0
77	29	511.8133	117.4824	0
77	30	484.9082	118.9048	0
77	31	153.2596	210.394	0
77	32	551.7903	112.0781	0
77	33	568.1645	124.8785	0
77	34	267.8495	141.3761	0
77	35	-106.5806	262.6371	0
77	36	257.6991	159.3279	0
77	37	345.7091	143.7585	0
77	38	187.6944	230.7042	0
77	39	504.9136	128.713	0
77	40	604.7408	136.6202	0
77	41	308.4801	155.8252	0
77	42	270.7906	166.447	0
77	43	358.5106	152.7548	0
78	1	313.1304	145.1065	0
78	2	562.5896	146.7517	0
78	3	311.5319	138.7969	0
78	4	382.6461	129.8273	0
78	5	112.7103	190.924	0
78	6	427.7317	171.3151	0
78	7	304.3889	164.3997	0
78	8	297.638	193.8667	0
78	9	584.0104	145.3172	0
78	10	192.3887	174.8359	0
78	11	579.4247	119.8846	0
78	12	522.7887	120.8595	0
78	13	344.6921	130.3532	0
78	14	524.6619	142.4536	0
78	15	546.8412	131.3014	0
78	16	410.7925	150.0192	0
78	17	483.1826	136.4858	0
78	18	526.5509	132.2611	0
78	19	224.7033	186.909	0
78	20	364.6086	175.4556	0
78	21	-49.10144	189.9702	0
78	22	10.15169	204.2686	0
78	23	390.7208	143.4301	0
78	24	536.7478	126.9352	0
78	25	256.0858	197.5936	0
78	26	511.7214	152.4624	0
78	27	561.3373	160.1948	0
78	28	25.0678	162.1317	0
78	29	511.8133	117.4824	0
78	30	484.9082	118.9048	0
78	31	153.2596	210.394	0
78	32	551.7903	112.0781	0
78	33	568.1645	124.8785	0
78	34	267.8495	141.3761	0
78	35	-106.5806	262.6371	0
78	36	257.6991	159.3279	0
78	37	345.7091	143.7585	0
78	38	187.6944	230.7042	0
78	39	504.9136	128.713	0
78	40	604.7408	136.6202	0
78	41	308.4801	155.8252	0
78	42	270.7906	166.447	0
78	43	358.5106	152.7548	0
79	1	313.1304	145.1065	0
79	2	562.5896	146.7517	0
79	3	311.5319	138.7969	0
79	4	382.6461	129.8273	0
79	5	112.7103	190.924	0
79	6	427.7317	171.3151	0
79	7	304.3889	164.3997	0
79	8	297.638	193.8667	0
79	9	584.0104	145.3172	0
79	10	192.3887	174.8359	0
79	11	579.4247	119.8846	0
79	12	522.7887	120.8595	0
79	13	344.6921	130.3532	0
79	14	524.6619	142.4536	0
79	15	546.8412	131.3014	0
79	16	410.7925	150.0192	0
79	17	483.1826	136.4858	0
79	18	526.5509	132.2611	0
79	19	224.7033	186.909	0
79	20	364.6086	175.4556	0
79	21	-49.10144	189.9702	0
79	22	10.15169	204.2686	0
79	23	390.7208	143.4301	0
79	24	536.7478	126.9352	0
79	25	256.0858	197.5936	0
79	26	511.7214	152.4624	0
79	27	561.3373	160.1948	0
79	28	25.0678	162.1317	0
79	29	511.8133	117.4824	0
79	30	484.9082	118.9048	0
79	31	153.2596	210.394	0
79	32	551.7903	112.0781	0
79	33	568.1645	124.8785	0
79	34	267.8495	141.3761	0
79	35	-106.5806	262.6371	0
79	36	257.6991	159.3279	0
79	37	345.7091	143.7585	0
79	38	187.6944	230.7042	0
79	39	504.9136	128.713	0
79	40	604.7408	136.6202	0
79	41	308.4801	155.8252	0
79	42	270.7906	166.447	0
79	43	358.5106	152.7548	0
80	1	313.1304	145.1065	0
80	2	562.5896	146.7517	0
80	3	311.5319	138.7969	0
80	4	382.6461	129.8273	0
80	5	112.7103	190.924	0
80	6	427.7317	171.3151	0
80	7	304.3889	164.3997	0
80	8	297.638	193.8667	0
80	9	584.0104	145.3172	0
80	10	192.3887	174.8359	0
80	11	579.4247	119.8846	0
80	12	522.7887	120.8595	0
80	13	344.6921	130.3532	0
80	14	524.6619	142.4536	0
80	15	546.8412	131.3014	0
80	16	410.7925	150.0192	0
80	17	483.1826	136.4858	0
80	18	526.5509	132.2611	0
80	19	224.7033	186.909	0
80	20	364.6086	175.4556	0
80	21	-49.10144	189.9702	0
80	22	10.15169	204.2686	0
80	23	390.7208	143.4301	0
80	24	536.7478	126.9352	0
80	25	256.0858	197.5936	0
80	26	511.7214	152.4624	0
80	27	561.3373	160.1948	0
80	28	25.0678	162.1317	0
80	29	511.8133	117.4824	0
80	30	484.9082	118.9048	0
80	31	153.2596	210.394	0
80	32	551.7903	112.0781	0
80	33	568.1645	124.8785	0
80	34	267.8495	141.3761	0
80	35	-106.5806	262.6371	0
80	36	257.6991	159.3279	0
80	37	345.7091	143.7585	0
80	38	187.6944	230.7042	0
80	39	504.9136	128.713	0
80	40	604.7408	136.6202	0
80	41	308.4801	155.8252	0
80	42	270.7906	166.447	0
80	43	358.5106	152.7548	0
81	1	313.1304	145.1065	0
81	2	562.5896	146.7517	0
81	3	311.5319	138.7969	0
81	4	382.6461	129.8273	0
81	5	112.7103	190.924	0
81	6	427.7317	171.3151	0
81	7	304.3889	164.3997	0
81	8	297.638	193.8667	0
81	9	584.0104	145.3172	0
81	10	192.3887	174.8359	0
81	11	579.4247	119.8846	0
81	12	522.7887	120.8595	0
81	13	344.6921	130.3532	0
81	14	524.6619	142.4536	0
81	15	546.8412	131.3014	0
81	16	410.7925	150.0192	0
81	17	483.1826	136.4858	0
81	18	526.5509	132.2611	0
81	19	224.7033	186.909	0
81	20	364.6086	175.4556	0
81	21	-49.10144	189.9702	0
81	22	10.15169	204.2686	0
81	23	390.7208	143.4301	0
81	24	536.7478	126.9352	0
81	25	256.0858	197.5936	0
81	26	511.7214	152.4624	0
81	27	561.3373	160.1948	0
81	28	25.0678	162.1317	0
81	29	511.8133	117.4824	0
81	30	484.9082	118.9048	0
81	31	153.2596	210.394	0
81	32	551.7903	112.0781	0
81	33	568.1645	124.8785	0
81	34	267.8495	141.3761	0
81	35	-106.5806	262.6371	0
81	36	257.6991	159.3279	0
81	37	345.7091	143.7585	0
81	38	187.6944	230.7042	0
81	39	504.9136	128.713	0
81	40	604.7408	136.6202	0
81	41	308.4801	155.8252	0
81	42	270.7906	166.447	0
81	43	358.5106	152.7548	0
82	1	313.1304	145.1065	0
82	2	562.5896	146.7517	0
82	3	311.5319	138.7969	0
82	4	382.6461	129.8273	0
82	5	112.7103	190.924	0
82	6	427.7317	171.3151	0
82	7	304.3889	164.3997	0
82	8	297.638	193.8667	0
82	9	584.0104	145.3172	0
82	10	192.3887	174.8359	0
82	11	579.4247	119.8846	0
82	12	522.7887	120.8595	0
82	13	344.6921	130.3532	0
82	14	524.6619	142.4536	0
82	15	546.8412	131.3014	0
82	16	410.7925	150.0192	0
82	17	483.1826	136.4858	0
82	18	526.5509	132.2611	0
82	19	224.7033	186.909	0
82	20	364.6086	175.4556	0
82	21	-49.10144	189.9702	0
82	22	10.15169	204.2686	0
82	23	390.7208	143.4301	0
82	24	536.7478	126.9352	0
82	25	256.0858	197.5936	0
82	26	511.7214	152.4624	0
82	27	561.3373	160.1948	0
82	28	25.0678	162.1317	0
82	29	511.8133	117.4824	0
82	30	484.9082	118.9048	0
82	31	153.2596	210.394	0
82	32	551.7903	112.0781	0
82	33	568.1645	124.8785	0
82	34	267.8495	141.3761	0
82	35	-106.5806	262.6371	0
82	36	257.6991	159.3279	0
82	37	345.7091	143.7585	0
82	38	187.6944	230.7042	0
82	39	504.9136	128.713	0
82	40	604.7408	136.6202	0
82	41	308.4801	155.8252	0
82	42	270.7906	166.447	0
82	43	358.5106	152.7548	0
83	1	313.1304	145.1065	0
83	2	562.5896	146.7517	0
83	3	311.5319	138.7969	0
83	4	382.6461	129.8273	0
83	5	112.7103	190.924	0
83	6	427.7317	171.3151	0
83	7	304.3889	164.3997	0
83	8	297.638	193.8667	0
83	9	584.0104	145.3172	0
83	10	192.3887	174.8359	0
83	11	579.4247	119.8846	0
83	12	522.7887	120.8595	0
83	13	344.6921	130.3532	0
83	14	524.6619	142.4536	0
83	15	546.8412	131.3014	0
83	16	410.7925	150.0192	0
83	17	483.1826	136.4858	0
83	18	526.5509	132.2611	0
83	19	224.7033	186.909	0
83	20	364.6086	175.4556	0
83	21	-49.10144	189.9702	0
83	22	10.15169	204.2686	0
83	23	390.7208	143.4301	0
83	24	536.7478	126.9352	0
83	25	256.0858	197.5936	0
83	26	511.7214	152.4624	0
83	27	561.3373	160.1948	0
83	28	25.0678	162.1317	0
83	29	511.8133	117.4824	0
83	30	484.9082	118.9048	0
83	31	153.2596	210.394	0
83	32	551.7903	112.0781	0
83	33	568.1645	124.8785	0
83	34	267.8495	141.3761	0
83	35	-106.5806	262.6371	0
83	36	257.6991	159.3279	0
83	37	345.7091	143.7585	0
83	38	187.6944	230.7042	0
83	39	504.9136	128.713	0
83	40	604.7408	136.6202	0
83	41	308.4801	155.8252	0
83	42	270.7906	166.447	0
83	43	358.5106	152.7548	0
84	1	313.1304	145.1065	0
84	2	562.5896	146.7517	0
84	3	311.5319	138.7969	0
84	4	382.6461	129.8273	0
84	5	112.7103	190.924	0
84	6	427.7317	171.3151	0
84	7	304.3889	164.3997	0
84	8	297.638	193.8667	0
84	9	584.0104	145.3172	0
84	10	192.3887	174.8359	0
84	11	579.4247	119.8846	0
84	12	522.7887	120.8595	0
84	13	344.6921	130.3532	0
84	14	524.6619	142.4536	0
84	15	546.8412	131.3014	0
84	16	410.7925	150.0192	0
84	17	483.1826	136.4858	0
84	18	526.5509	132.2611	0
84	19	224.7033	186.909	0
84	20	364.6086	175.4556	0
84	21	-49.10144	189.9702	0
84	22	10.15169	204.2686	0
84	23	390.7208	143.4301	0
84	24	536.7478	126.9352	0
84	25	256.0858	197.5936	0
84	26	511.7214	152.4624	0
84	27	561.3373	160.1948	0
84	28	25.0678	162.1317	0
84	29	511.8133	117.4824	0
84	30	484.9082	118.9048	0
84	31	153.2596	210.394	0
84	32	551.7903	112.0781	0
84	33	568.1645	124.8785	0
84	34	267.8495	141.3761	0
84	35	-106.5806	262.6371	0
84	36	257.6991	159.3279	0
84	37	345.7091	143.7585	0
84	38	187.6944	230.7042	0
84	39	504.9136	128.713	0
84	40	604.7408	136.6202	0
84	41	308.4801	155.8252	0
84	42	270.7906	166.447	0
84	43	358.5106	152.7548	0
85	1	313.1304	145.1065	0
85	2	562.5896	146.7517	0
85	3	311.5319	138.7969	0
85	4	382.6461	129.8273	0
85	5	112.7103	190.924	0
85	6	427.7317	171.3151	0
85	7	304.3889	164.3997	0
85	8	297.638	193.8667	0
85	9	584.0104	145.3172	0
85	10	192.3887	174.8359	0
85	11	579.4247	119.8846	0
85	12	522.7887	120.8595	0
85	13	344.6921	130.3532	0
85	14	524.6619	142.4536	0
85	15	546.8412	131.3014	0
85	16	410.7925	150.0192	0
85	17	483.1826	136.4858	0
85	18	526.5509	132.2611	0
85	19	224.7033	186.909	0
85	20	364.6086	175.4556	0
85	21	-49.10144	189.9702	0
85	22	10.15169	204.2686	0
85	23	390.7208	143.4301	0
85	24	536.7478	126.9352	0
85	25	256.0858	197.5936	0
85	26	511.7214	152.4624	0
85	27	561.3373	160.1948	0
85	28	25.0678	162.1317	0
85	29	511.8133	117.4824	0
85	30	484.9082	118.9048	0
85	31	153.2596	210.394	0
85	32	551.7903	112.0781	0
85	33	568.1645	124.8785	0
85	34	267.8495	141.3761	0
85	35	-106.5806	262.6371	0
85	36	257.6991	159.3279	0
85	37	345.7091	143.7585	0
85	38	187.6944	230.7042	0
85	39	504.9136	128.713	0
85	40	604.7408	136.6202	0
85	41	308.4801	155.8252	0
85	42	270.7906	166.447	0
85	43	358.5106	152.7548	0
86	1	313.1304	145.1065	0
86	2	562.5896	146.7517	0
86	3	311.5319	138.7969	0
86	4	382.6461	129.8273	0
86	5	112.7103	190.924	0
86	6	427.7317	171.3151	0
86	7	304.3889	164.3997	0
86	8	297.638	193.8667	0
86	9	584.0104	145.3172	0
86	10	192.3887	174.8359	0
86	11	579.4247	119.8846	0
86	12	522.7887	120.8595	0
86	13	344.6921	130.3532	0
86	14	524.6619	142.4536	0
86	15	546.8412	131.3014	0
86	16	410.7925	150.0192	0
86	17	483.1826	136.4858	0
86	18	526.5509	132.2611	0
86	19	224.7033	186.909	0
86	20	364.6086	175.4556	0
86	21	-49.10144	189.9702	0
86	22	10.15169	204.2686	0
86	23	390.7208	143.4301	0
86	24	536.7478	126.9352	0
86	25	256.0858	197.5936	0
86	26	511.7214	152.4624	0
86	27	561.3373	160.1948	0
86	28	25.0678	162.1317	0
86	29	511.8133	117.4824	0
86	30	484.9082	118.9048	0
86	31	153.2596	210.394	0
86	32	551.7903	112.0781	0
86	33	568.1645	124.8785	0
86	34	267.8495	141.3761	0
86	35	-106.5806	262.6371	0
86	36	257.6991	159.3279	0
86	37	345.7091	143.7585	0
86	38	187.6944	230.7042	0
86	39	504.9136	128.713	0
86	40	604.7408	136.6202	0
86	41	308.4801	155.8252	0
86	42	270.7906	166.447	0
86	43	358.5106	152.7548	0
87	1	313.1304	145.1065	0
87	2	562.5896	146.7517	0
87	3	311.5319	138.7969	0
87	4	382.6461	129.8273	0
87	5	112.7103	190.924	0
87	6	427.7317	171.3151	0
87	7	304.3889	164.3997	0
87	8	297.638	193.8667	0
87	9	584.0104	145.3172	0
87	10	192.3887	174.8359	0
87	11	579.4247	119.8846	0
87	12	522.7887	120.8595	0
87	13	344.6921	130.3532	0
87	14	524.6619	142.4536	0
87	15	546.8412	131.3014	0
87	16	410.7925	150.0192	0
87	17	483.1826	136.4858	0
87	18	526.5509	132.2611	0
87	19	224.7033	186.909	0
87	20	364.6086	175.4556	0
87	21	-49.10144	189.9702	0
87	22	10.15169	204.2686	0
87	23	390.7208	143.4301	0
87	24	536.7478	126.9352	0
87	25	256.0858	197.5936	0
87	26	511.7214	152.4624	0
87	27	561.3373	160.1948	0
87	28	25.0678	162.1317	0
87	29	511.8133	117.4824	0
87	30	484.9082	118.9048	0
87	31	153.2596	210.394	0
87	32	551.7903	112.0781	0
87	33	568.1645	124.8785	0
87	34	267.8495	141.3761	0
87	35	-106.5806	262.6371	0
87	36	257.6991	159.3279	0
87	37	345.7091	143.7585	0
87	38	187.6944	230.7042	0
87	39	504.9136	128.713	0
87	40	604.7408	136.6202	0
87	41	308.4801	155.8252	0
87	42	270.7906	166.447	0
87	43	358.5106	152.7548	0
88	1	313.1304	145.1065	0
88	2	562.5896	146.7517	0
88	3	311.5319	138.7969	0
88	4	382.6461	129.8273	0
88	5	112.7103	190.924	0
88	6	427.7317	171.3151	0
88	7	304.3889	164.3997	0
88	8	297.638	193.8667	0
88	9	584.0104	145.3172	0
88	10	192.3887	174.8359	0
88	11	579.4247	119.8846	0
88	12	522.7887	120.8595	0
88	13	344.6921	130.3532	0
88	14	524.6619	142.4536	0
88	15	546.8412	131.3014	0
88	16	410.7925	150.0192	0
88	17	483.1826	136.4858	0
88	18	526.5509	132.2611	0
88	19	224.7033	186.909	0
88	20	364.6086	175.4556	0
88	21	-49.10144	189.9702	0
88	22	10.15169	204.2686	0
88	23	390.7208	143.4301	0
88	24	536.7478	126.9352	0
88	25	256.0858	197.5936	0
88	26	511.7214	152.4624	0
88	27	561.3373	160.1948	0
88	28	25.0678	162.1317	0
88	29	511.8133	117.4824	0
88	30	484.9082	118.9048	0
88	31	153.2596	210.394	0
88	32	551.7903	112.0781	0
88	33	568.1645	124.8785	0
88	34	267.8495	141.3761	0
88	35	-106.5806	262.6371	0
88	36	257.6991	159.3279	0
88	37	345.7091	143.7585	0
88	38	187.6944	230.7042	0
88	39	504.9136	128.713	0
88	40	604.7408	136.6202	0
88	41	308.4801	155.8252	0
88	42	270.7906	166.447	0
88	43	358.5106	152.7548	0
89	1	313.1304	145.1065	0
89	2	562.5896	146.7517	0
89	3	311.5319	138.7969	0
89	4	382.6461	129.8273	0
89	5	112.7103	190.924	0
89	6	427.7317	171.3151	0
89	7	304.3889	164.3997	0
89	8	297.638	193.8667	0
89	9	584.0104	145.3172	0
89	10	192.3887	174.8359	0
89	11	579.4247	119.8846	0
89	12	522.7887	120.8595	0
89	13	344.6921	130.3532	0
89	14	524.6619	142.4536	0
89	15	546.8412	131.3014	0
89	16	410.7925	150.0192	0
89	17	483.1826	136.4858	0
89	18	526.5509	132.2611	0
89	19	224.7033	186.909	0
89	20	364.6086	175.4556	0
89	21	-49.10144	189.9702	0
89	22	10.15169	204.2686	0
89	23	390.7208	143.4301	0
89	24	536.7478	126.9352	0
89	25	256.0858	197.5936	0
89	26	511.7214	152.4624	0
89	27	561.3373	160.1948	0
89	28	25.0678	162.1317	0
89	29	511.8133	117.4824	0
89	30	484.9082	118.9048	0
89	31	153.2596	210.394	0
89	32	551.7903	112.0781	0
89	33	568.1645	124.8785	0
89	34	267.8495	141.3761	0
89	35	-106.5806	262.6371	0
89	36	257.6991	159.3279	0
89	37	345.7091	143.7585	0
89	38	187.6944	230.7042	0
89	39	504.9136	128.713	0
89	40	604.7408	136.6202	0
89	41	308.4801	155.8252	0
89	42	270.7906	166.447	0
89	43	358.5106	152.7548	0
90	1	313.1304	145.1065	0
90	2	562.5896	146.7517	0
90	3	311.5319	138.7969	0
90	4	382.6461	129.8273	0
90	5	112.7103	190.924	0
90	6	427.7317	171.3151	0
90	7	304.3889	164.3997	0
90	8	297.638	193.8667	0
90	9	584.0104	145.3172	0
90	10	192.3887	174.8359	0
90	11	579.4247	119.8846	0
90	12	522.7887	120.8595	0
90	13	344.6921	130.3532	0
90	14	524.6619	142.4536	0
90	15	546.8412	131.3014	0
90	16	410.7925	150.0192	0
90	17	483.1826	136.4858	0
90	18	526.5509	132.2611	0
90	19	224.7033	186.909	0
90	20	364.6086	175.4556	0
90	21	-49.10144	189.9702	0
90	22	10.15169	204.2686	0
90	23	390.7208	143.4301	0
90	24	536.7478	126.9352	0
90	25	256.0858	197.5936	0
90	26	511.7214	152.4624	0
90	27	561.3373	160.1948	0
90	28	25.0678	162.1317	0
90	29	511.8133	117.4824	0
90	30	484.9082	118.9048	0
90	31	153.2596	210.394	0
90	32	551.7903	112.0781	0
90	33	568.1645	124.8785	0
90	34	267.8495	141.3761	0
90	35	-106.5806	262.6371	0
90	36	257.6991	159.3279	0
90	37	345.7091	143.7585	0
90	38	187.6944	230.7042	0
90	39	504.9136	128.713	0
90	40	604.7408	136.6202	0
90	41	308.4801	155.8252	0
90	42	270.7906	166.447	0
90	43	358.5106	152.7548	0
91	1	313.1304	145.1065	0
91	2	562.5896	146.7517	0
91	3	311.5319	138.7969	0
91	4	382.6461	129.8273	0
91	5	112.7103	190.924	0
91	6	427.7317	171.3151	0
91	7	304.3889	164.3997	0
91	8	297.638	193.8667	0
91	9	584.0104	145.3172	0
91	10	192.3887	174.8359	0
91	11	579.4247	119.8846	0
91	12	522.7887	120.8595	0
91	13	344.6921	130.3532	0
91	14	524.6619	142.4536	0
91	15	546.8412	131.3014	0
91	16	410.7925	150.0192	0
91	17	483.1826	136.4858	0
91	18	526.5509	132.2611	0
91	19	224.7033	186.909	0
91	20	364.6086	175.4556	0
91	21	-49.10144	189.9702	0
91	22	10.15169	204.2686	0
91	23	390.7208	143.4301	0
91	24	536.7478	126.9352	0
91	25	256.0858	197.5936	0
91	26	511.7214	152.4624	0
91	27	561.3373	160.1948	0
91	28	25.0678	162.1317	0
91	29	511.8133	117.4824	0
91	30	484.9082	118.9048	0
91	31	153.2596	210.394	0
91	32	551.7903	112.0781	0
91	33	568.1645	124.8785	0
91	34	267.8495	141.3761	0
91	35	-106.5806	262.6371	0
91	36	257.6991	159.3279	0
91	37	345.7091	143.7585	0
91	38	187.6944	230.7042	0
91	39	504.9136	128.713	0
91	40	604.7408	136.6202	0
91	41	308.4801	155.8252	0
91	42	270.7906	166.447	0
91	43	358.5106	152.7548	0
92	1	313.1304	145.1065	0
92	2	562.5896	146.7517	0
92	3	311.5319	138.7969	0
92	4	382.6461	129.8273	0
92	5	112.7103	190.924	0
92	6	427.7317	171.3151	0
92	7	304.3889	164.3997	0
92	8	297.638	193.8667	0
92	9	584.0104	145.3172	0
92	10	192.3887	174.8359	0
92	11	579.4247	119.8846	0
92	12	522.7887	120.8595	0
92	13	344.6921	130.3532	0
92	14	524.6619	142.4536	0
92	15	546.8412	131.3014	0
92	16	410.7925	150.0192	0
92	17	483.1826	136.4858	0
92	18	526.5509	132.2611	0
92	19	224.7033	186.909	0
92	20	364.6086	175.4556	0
92	21	-49.10144	189.9702	0
92	22	10.15169	204.2686	0
92	23	390.7208	143.4301	0
92	24	536.7478	126.9352	0
92	25	256.0858	197.5936	0
92	26	511.7214	152.4624	0
92	27	561.3373	160.1948	0
92	28	25.0678	162.1317	0
92	29	511.8133	117.4824	0
92	30	484.9082	118.9048	0
92	31	153.2596	210.394	0
92	32	551.7903	112.0781	0
92	33	568.1645	124.8785	0
92	34	267.8495	141.3761	0
92	35	-106.5806	262.6371	0
92	36	257.6991	159.3279	0
92	37	345.7091	143.7585	0
92	38	187.6944	230.7042	0
92	39	504.9136	128.713	0
92	40	604.7408	136.6202	0
92	41	308.4801	155.8252	0
92	42	270.7906	166.447	0
92	43	358.5106	152.7548	0
93	1	313.1304	145.1065	0
93	2	562.5896	146.7517	0
93	3	311.5319	138.7969	0
93	4	382.6461	129.8273	0
93	5	112.7103	190.924	0
93	6	427.7317	171.3151	0
93	7	304.3889	164.3997	0
93	8	297.638	193.8667	0
93	9	584.0104	145.3172	0
93	10	192.3887	174.8359	0
93	11	579.4247	119.8846	0
93	12	522.7887	120.8595	0
93	13	344.6921	130.3532	0
93	14	524.6619	142.4536	0
93	15	546.8412	131.3014	0
93	16	410.7925	150.0192	0
93	17	483.1826	136.4858	0
93	18	526.5509	132.2611	0
93	19	224.7033	186.909	0
93	20	364.6086	175.4556	0
93	21	-49.10144	189.9702	0
93	22	10.15169	204.2686	0
93	23	390.7208	143.4301	0
93	24	536.7478	126.9352	0
93	25	256.0858	197.5936	0
93	26	511.7214	152.4624	0
93	27	561.3373	160.1948	0
93	28	25.0678	162.1317	0
93	29	511.8133	117.4824	0
93	30	484.9082	118.9048	0
93	31	153.2596	210.394	0
93	32	551.7903	112.0781	0
93	33	568.1645	124.8785	0
93	34	267.8495	141.3761	0
93	35	-106.5806	262.6371	0
93	36	257.6991	159.3279	0
93	37	345.7091	143.7585	0
93	38	187.6944	230.7042	0
93	39	504.9136	128.713	0
93	40	604.7408	136.6202	0
93	41	308.4801	155.8252	0
93	42	270.7906	166.447	0
93	43	358.5106	152.7548	0
94	1	313.1304	145.1065	0
94	2	562.5896	146.7517	0
94	3	311.5319	138.7969	0
94	4	382.6461	129.8273	0
94	5	112.7103	190.924	0
94	6	427.7317	171.3151	0
94	7	304.3889	164.3997	0
94	8	297.638	193.8667	0
94	9	584.0104	145.3172	0
94	10	192.3887	174.8359	0
94	11	579.4247	119.8846	0
94	12	522.7887	120.8595	0
94	13	344.6921	130.3532	0
94	14	524.6619	142.4536	0
94	15	546.8412	131.3014	0
94	16	410.7925	150.0192	0
94	17	483.1826	136.4858	0
94	18	526.5509	132.2611	0
94	19	224.7033	186.909	0
94	20	364.6086	175.4556	0
94	21	-49.10144	189.9702	0
94	22	10.15169	204.2686	0
94	23	390.7208	143.4301	0
94	24	536.7478	126.9352	0
94	25	256.0858	197.5936	0
94	26	511.7214	152.4624	0
94	27	561.3373	160.1948	0
94	28	25.0678	162.1317	0
94	29	511.8133	117.4824	0
94	30	484.9082	118.9048	0
94	31	153.2596	210.394	0
94	32	551.7903	112.0781	0
94	33	568.1645	124.8785	0
94	34	267.8495	141.3761	0
94	35	-106.5806	262.6371	0
94	36	257.6991	159.3279	0
94	37	345.7091	143.7585	0
94	38	187.6944	230.7042	0
94	39	504.9136	128.713	0
94	40	604.7408	136.6202	0
94	41	308.4801	155.8252	0
94	42	270.7906	166.447	0
94	43	358.5106	152.7548	0
95	1	313.1304	145.1065	0
95	2	562.5896	146.7517	0
95	3	311.5319	138.7969	0
95	4	382.6461	129.8273	0
95	5	112.7103	190.924	0
95	6	427.7317	171.3151	0
95	7	304.3889	164.3997	0
95	8	297.638	193.8667	0
95	9	584.0104	145.3172	0
95	10	192.3887	174.8359	0
95	11	579.4247	119.8846	0
95	12	522.7887	120.8595	0
95	13	344.6921	130.3532	0
95	14	524.6619	142.4536	0
95	15	546.8412	131.3014	0
95	16	410.7925	150.0192	0
95	17	483.1826	136.4858	0
95	18	526.5509	132.2611	0
95	19	224.7033	186.909	0
95	20	364.6086	175.4556	0
95	21	-49.10144	189.9702	0
95	22	10.15169	204.2686	0
95	23	390.7208	143.4301	0
95	24	536.7478	126.9352	0
95	25	256.0858	197.5936	0
95	26	511.7214	152.4624	0
95	27	561.3373	160.1948	0
95	28	25.0678	162.1317	0
95	29	511.8133	117.4824	0
95	30	484.9082	118.9048	0
95	31	153.2596	210.394	0
95	32	551.7903	112.0781	0
95	33	568.1645	124.8785	0
95	34	267.8495	141.3761	0
95	35	-106.5806	262.6371	0
95	36	257.6991	159.3279	0
95	37	345.7091	143.7585	0
95	38	187.6944	230.7042	0
95	39	504.9136	128.713	0
95	40	604.7408	136.6202	0
95	41	308.4801	155.8252	0
95	42	270.7906	166.447	0
95	43	358.5106	152.7548	0
96	1	313.1304	145.1065	0
96	2	562.5896	146.7517	0
96	3	311.5319	138.7969	0
96	4	382.6461	129.8273	0
96	5	112.7103	190.924	0
96	6	427.7317	171.3151	0
96	7	304.3889	164.3997	0
96	8	297.638	193.8667	0
96	9	584.0104	145.3172	0
96	10	192.3887	174.8359	0
96	11	579.4247	119.8846	0
96	12	522.7887	120.8595	0
96	13	344.6921	130.3532	0
96	14	524.6619	142.4536	0
96	15	546.8412	131.3014	0
96	16	410.7925	150.0192	0
96	17	483.1826	136.4858	0
96	18	526.5509	132.2611	0
96	19	224.7033	186.909	0
96	20	364.6086	175.4556	0
96	21	-49.10144	189.9702	0
96	22	10.15169	204.2686	0
96	23	390.7208	143.4301	0
96	24	536.7478	126.9352	0
96	25	256.0858	197.5936	0
96	26	511.7214	152.4624	0
96	27	561.3373	160.1948	0
96	28	25.0678	162.1317	0
96	29	511.8133	117.4824	0
96	30	484.9082	118.9048	0
96	31	153.2596	210.394	0
96	32	551.7903	112.0781	0
96	33	568.1645	124.8785	0
96	34	267.8495	141.3761	0
96	35	-106.5806	262.6371	0
96	36	257.6991	159.3279	0
96	37	345.7091	143.7585	0
96	38	187.6944	230.7042	0
96	39	504.9136	128.713	0
96	40	604.7408	136.6202	0
96	41	308.4801	155.8252	0
96	42	270.7906	166.447	0
96	43	358.5106	152.7548	0
97	1	313.1304	145.1065	0
97	2	562.5896	146.7517	0
97	3	311.5319	138.7969	0
97	4	382.6461	129.8273	0
97	5	112.7103	190.924	0
97	6	427.7317	171.3151	0
97	7	304.3889	164.3997	0
97	8	297.638	193.8667	0
97	9	584.0104	145.3172	0
97	10	192.3887	174.8359	0
97	11	579.4247	119.8846	0
97	12	522.7887	120.8595	0
97	13	344.6921	130.3532	0
97	14	524.6619	142.4536	0
97	15	546.8412	131.3014	0
97	16	410.7925	150.0192	0
97	17	483.1826	136.4858	0
97	18	526.5509	132.2611	0
97	19	224.7033	186.909	0
97	20	364.6086	175.4556	0
97	21	-49.10144	189.9702	0
97	22	10.15169	204.2686	0
97	23	390.7208	143.4301	0
97	24	536.7478	126.9352	0
97	25	256.0858	197.5936	0
97	26	511.7214	152.4624	0
97	27	561.3373	160.1948	0
97	28	25.0678	162.1317	0
97	29	511.8133	117.4824	0
97	30	484.9082	118.9048	0
97	31	153.2596	210.394	0
97	32	551.7903	112.0781	0
97	33	568.1645	124.8785	0
97	34	267.8495	141.3761	0
97	35	-106.5806	262.6371	0
97	36	257.6991	159.3279	0
97	37	345.7091	143.7585	0
97	38	187.6944	230.7042	0
97	39	504.9136	128.713	0
97	40	604.7408	136.6202	0
97	41	308.4801	155.8252	0
97	42	270.7906	166.447	0
97	43	358.5106	152.7548	0
98	1	313.1304	145.1065	0
98	2	562.5896	146.7517	0
98	3	311.5319	138.7969	0
98	4	382.6461	129.8273	0
98	5	112.7103	190.924	0
98	6	427.7317	171.3151	0
98	7	304.3889	164.3997	0
98	8	297.638	193.8667	0
98	9	584.0104	145.3172	0
98	10	192.3887	174.8359	0
98	11	579.4247	119.8846	0
98	12	522.7887	120.8595	0
98	13	344.6921	130.3532	0
98	14	524.6619	142.4536	0
98	15	546.8412	131.3014	0
98	16	410.7925	150.0192	0
98	17	483.1826	136.4858	0
98	18	526.5509	132.2611	0
98	19	224.7033	186.909	0
98	20	364.6086	175.4556	0
98	21	-49.10144	189.9702	0
98	22	10.15169	204.2686	0
98	23	390.7208	143.4301	0
98	24	536.7478	126.9352	0
98	25	256.0858	197.5936	0
98	26	511.7214	152.4624	0
98	27	561.3373	160.1948	0
98	28	25.0678	162.1317	0
98	29	511.8133	117.4824	0
98	30	484.9082	118.9048	0
98	31	153.2596	210.394	0
98	32	551.7903	112.0781	0
98	33	568.1645	124.8785	0
98	34	267.8495	141.3761	0
98	35	-106.5806	262.6371	0
98	36	257.6991	159.3279	0
98	37	345.7091	143.7585	0
98	38	187.6944	230.7042	0
98	39	504.9136	128.713	0
98	40	604.7408	136.6202	0
98	41	308.4801	155.8252	0
98	42	270.7906	166.447	0
98	43	358.5106	152.7548	0
99	1	313.1304	145.1065	0
99	2	562.5896	146.7517	0
99	3	311.5319	138.7969	0
99	4	382.6461	129.8273	0
99	5	112.7103	190.924	0
99	6	427.7317	171.3151	0
99	7	304.3889	164.3997	0
99	8	297.638	193.8667	0
99	9	584.0104	145.3172	0
99	10	192.3887	174.8359	0
99	11	579.4247	119.8846	0
99	12	522.7887	120.8595	0
99	13	344.6921	130.3532	0
99	14	524.6619	142.4536	0
99	15	546.8412	131.3014	0
99	16	410.7925	150.0192	0
99	17	483.1826	136.4858	0
99	18	526.5509	132.2611	0
99	19	224.7033	186.909	0
99	20	364.6086	175.4556	0
99	21	-49.10144	189.9702	0
99	22	10.15169	204.2686	0
99	23	390.7208	143.4301	0
99	24	536.7478	126.9352	0
99	25	256.0858	197.5936	0
99	26	511.7214	152.4624	0
99	27	561.3373	160.1948	0
99	28	25.0678	162.1317	0
99	29	511.8133	117.4824	0
99	30	484.9082	118.9048	0
99	31	153.2596	210.394	0
99	32	551.7903	112.0781	0
99	33	568.1645	124.8785	0
99	34	267.8495	141.3761	0
99	35	-106.5806	262.6371	0
99	36	257.6991	159.3279	0
99	37	345.7091	143.7585	0
99	38	187.6944	230.7042	0
99	39	504.9136	128.713	0
99	40	604.7408	136.6202	0
99	41	308.4801	155.8252	0
99	42	270.7906	166.447	0
99	43	358.5106	152.7548	0
100	1	313.1304	145.1065	0
100	2	562.5896	146.7517	0
100	3	311.5319	138.7969	0
100	4	382.6461	129.8273	0
100	5	112.7103	190.924	0
100	6	427.7317	171.3151	0
100	7	304.3889	164.3997	0
100	8	297.638	193.8667	0
100	9	584.0104	145.3172	0
100	10	192.3887	174.8359	0
100	11	579.4247	119.8846	0
100	12	522.7887	120.8595	0
100	13	344.6921	130.3532	0
100	14	524.6619	142.4536	0
100	15	546.8412	131.3014	0
100	16	410.7925	150.0192	0
100	17	483.1826	136.4858	0
100	18	526.5509	132.2611	0
100	19	224.7033	186.909	0
100	20	364.6086	175.4556	0
100	21	-49.10144	189.9702	0
100	22	10.15169	204.2686	0
100	23	390.7208	143.4301	0
100	24	536.7478	126.9352	0
100	25	256.0858	197.5936	0
100	26	511.7214	152.4624	0
100	27	561.3373	160.1948	0
100	28	25.0678	162.1317	0
100	29	511.8133	117.4824	0
100	30	484.9082	118.9048	0
100	31	153.2596	210.394	0
100	32	551.7903	112.0781	0
100	33	568.1645	124.8785	0
100	34	267.8495	141.3761	0
100	35	-106.5806	262.6371	0
100	36	257.6991	159.3279	0
100	37	345.7091	143.7585	0
100	38	187.6944	230.7042	0
100	39	504.9136	128.713	0
100	40	604.7408	136.6202	0
100	41	308.4801	155.8252	0
100	42	270.7906	166.447	0
100	43	358.5106	152.7548	0
101	1	313.1304	145.1065	0
101	2	562.5896	146.7517	0
101	3	311.5319	138.7969	0
101	4	382.6461	129.8273	0
101	5	112.7103	190.924	0
101	6	427.7317	171.3151	0
101	7	304.3889	164.3997	0
101	8	297.638	193.8667	0
101	9	584.0104	145.3172	0
101	10	192.3887	174.8359	0
101	11	579.4247	119.8846	0
101	12	522.7887	120.8595	0
101	13	344.6921	130.3532	0
101	14	524.6619	142.4536	0
101	15	546.8412	131.3014	0
101	16	410.7925	150.0192	0
101	17	483.1826	136.4858	0
101	18	526.5509	132.2611	0
101	19	224.7033	186.909	0
101	20	364.6086	175.4556	0
101	21	-49.10144	189.9702	0
101	22	10.15169	204.2686	0
101	23	390.7208	143.4301	0
101	24	536.7478	126.9352	0
101	25	256.0858	197.5936	0
101	26	511.7214	152.4624	0
101	27	561.3373	160.1948	0
101	28	25.0678	162.1317	0
101	29	511.8133	117.4824	0
101	30	484.9082	118.9048	0
101	31	153.2596	210.394	0
101	32	551.7903	112.0781	0
101	33	568.1645	124.8785	0
101	34	267.8495	141.3761	0
101	35	-106.5806	262.6371	0
101	36	257.6991	159.3279	0
101	37	345.7091	143.7585	0
101	38	187.6944	230.7042	0
101	39	504.9136	128.713	0
101	40	604.7408	136.6202	0
101	41	308.4801	155.8252	0
101	42	270.7906	166.447	0
101	43	358.5106	152.7548	0
102	1	313.1304	145.1065	0
102	2	562.5896	146.7517	0
102	3	311.5319	138.7969	0
102	4	382.6461	129.8273	0
102	5	112.7103	190.924	0
102	6	427.7317	171.3151	0
102	7	304.3889	164.3997	0
102	8	297.638	193.8667	0
102	9	584.0104	145.3172	0
102	10	192.3887	174.8359	0
102	11	579.4247	119.8846	0
102	12	522.7887	120.8595	0
102	13	344.6921	130.3532	0
102	14	524.6619	142.4536	0
102	15	546.8412	131.3014	0
102	16	410.7925	150.0192	0
102	17	483.1826	136.4858	0
102	18	526.5509	132.2611	0
102	19	224.7033	186.909	0
102	20	364.6086	175.4556	0
102	21	-49.10144	189.9702	0
102	22	10.15169	204.2686	0
102	23	390.7208	143.4301	0
102	24	536.7478	126.9352	0
102	25	256.0858	197.5936	0
102	26	511.7214	152.4624	0
102	27	561.3373	160.1948	0
102	28	25.0678	162.1317	0
102	29	511.8133	117.4824	0
102	30	484.9082	118.9048	0
102	31	153.2596	210.394	0
102	32	551.7903	112.0781	0
102	33	568.1645	124.8785	0
102	34	267.8495	141.3761	0
102	35	-106.5806	262.6371	0
102	36	257.6991	159.3279	0
102	37	345.7091	143.7585	0
102	38	187.6944	230.7042	0
102	39	504.9136	128.713	0
102	40	604.7408	136.6202	0
102	41	308.4801	155.8252	0
102	42	270.7906	166.447	0
102	43	358.5106	152.7548	0
103	1	313.1304	145.1065	0
103	2	562.5896	146.7517	0
103	3	311.5319	138.7969	0
103	4	382.6461	129.8273	0
103	5	112.7103	190.924	0
103	6	427.7317	171.3151	0
103	7	304.3889	164.3997	0
103	8	297.638	193.8667	0
103	9	584.0104	145.3172	0
103	10	192.3887	174.8359	0
103	11	579.4247	119.8846	0
103	12	522.7887	120.8595	0
103	13	344.6921	130.3532	0
103	14	524.6619	142.4536	0
103	15	546.8412	131.3014	0
103	16	410.7925	150.0192	0
103	17	483.1826	136.4858	0
103	18	526.5509	132.2611	0
103	19	224.7033	186.909	0
103	20	364.6086	175.4556	0
103	21	-49.10144	189.9702	0
103	22	10.15169	204.2686	0
103	23	390.7208	143.4301	0
103	24	536.7478	126.9352	0
103	25	256.0858	197.5936	0
103	26	511.7214	152.4624	0
103	27	561.3373	160.1948	0
103	28	25.0678	162.1317	0
103	29	511.8133	117.4824	0
103	30	484.9082	118.9048	0
103	31	153.2596	210.394	0
103	32	551.7903	112.0781	0
103	33	568.1645	124.8785	0
103	34	267.8495	141.3761	0
103	35	-106.5806	262.6371	0
103	36	257.6991	159.3279	0
103	37	345.7091	143.7585	0
103	38	187.6944	230.7042	0
103	39	504.9136	128.713	0
103	40	604.7408	136.6202	0
103	41	308.4801	155.8252	0
103	42	270.7906	166.447	0
103	43	358.5106	152.7548	0
104	1	313.1304	145.1065	0
104	2	562.5896	146.7517	0
104	3	311.5319	138.7969	0
104	4	382.6461	129.8273	0
104	5	112.7103	190.924	0
104	6	427.7317	171.3151	0
104	7	304.3889	164.3997	0
104	8	297.638	193.8667	0
104	9	584.0104	145.3172	0
104	10	192.3887	174.8359	0
104	11	579.4247	119.8846	0
104	12	522.7887	120.8595	0
104	13	344.6921	130.3532	0
104	14	524.6619	142.4536	0
104	15	546.8412	131.3014	0
104	16	410.7925	150.0192	0
104	17	483.1826	136.4858	0
104	18	526.5509	132.2611	0
104	19	224.7033	186.909	0
104	20	364.6086	175.4556	0
104	21	-49.10144	189.9702	0
104	22	10.15169	204.2686	0
104	23	390.7208	143.4301	0
104	24	536.7478	126.9352	0
104	25	256.0858	197.5936	0
104	26	511.7214	152.4624	0
104	27	561.3373	160.1948	0
104	28	25.0678	162.1317	0
104	29	511.8133	117.4824	0
104	30	484.9082	118.9048	0
104	31	153.2596	210.394	0
104	32	551.7903	112.0781	0
104	33	568.1645	124.8785	0
104	34	267.8495	141.3761	0
104	35	-106.5806	262.6371	0
104	36	257.6991	159.3279	0
104	37	345.7091	143.7585	0
104	38	187.6944	230.7042	0
104	39	504.9136	128.713	0
104	40	604.7408	136.6202	0
104	41	308.4801	155.8252	0
104	42	270.7906	166.447	0
104	43	358.5106	152.7548	0
105	1	313.1304	145.1065	0
105	2	562.5896	146.7517	0
105	3	311.5319	138.7969	0
105	4	382.6461	129.8273	0
105	5	112.7103	190.924	0
105	6	427.7317	171.3151	0
105	7	304.3889	164.3997	0
105	8	297.638	193.8667	0
105	9	584.0104	145.3172	0
105	10	192.3887	174.8359	0
105	11	579.4247	119.8846	0
105	12	522.7887	120.8595	0
105	13	344.6921	130.3532	0
105	14	524.6619	142.4536	0
105	15	546.8412	131.3014	0
105	16	410.7925	150.0192	0
105	17	483.1826	136.4858	0
105	18	526.5509	132.2611	0
105	19	224.7033	186.909	0
105	20	364.6086	175.4556	0
105	21	-49.10144	189.9702	0
105	22	10.15169	204.2686	0
105	23	390.7208	143.4301	0
105	24	536.7478	126.9352	0
105	25	256.0858	197.5936	0
105	26	511.7214	152.4624	0
105	27	561.3373	160.1948	0
105	28	25.0678	162.1317	0
105	29	511.8133	117.4824	0
105	30	484.9082	118.9048	0
105	31	153.2596	210.394	0
105	32	551.7903	112.0781	0
105	33	568.1645	124.8785	0
105	34	267.8495	141.3761	0
105	35	-106.5806	262.6371	0
105	36	257.6991	159.3279	0
105	37	345.7091	143.7585	0
105	38	187.6944	230.7042	0
105	39	504.9136	128.713	0
105	40	604.7408	136.6202	0
105	41	308.4801	155.8252	0
105	42	270.7906	166.447	0
105	43	358.5106	152.7548	0
