17	1	400.9831	361.1633	0
18	1	400.9831	361.1633	0
18	2	416.3517	99.51309	0
19	1	400.9831	361.1633	0
19	2	416.3517	99.51309	0
19	3	377.0575	361.4173	0
20	1	400.9831	361.1633	0
20	2	416.3517	99.51309	0
20	3	377.0575	361.4173	0
20	4	331.1369	271.2003	0
21	1	400.9831	361.1633	0
21	2	416.3517	99.51309	0
21	3	377.0575	361.4173	0
21	4	331.1369	271.2003	0
21	5	527.0123	509.0126	0
22	1	400.9831	361.1633	0
22	2	416.3517	99.51309	0
22	3	377.0575	361.4173	0
22	4	331.1369	271.2003	0
22	5	527.0123	509.0126	0
22	6	490.1321	266.2636	0
23	1	400.9831	361.1633	0
23	2	416.3517	99.51309	0
23	3	377.0575	361.4173	0
23	4	331.1369	271.2003	0
23	5	527.0123	509.0126	0
23	6	490.1321	266.2636	0
23	7	470.0089	369.5738	0
24	1	400.9831	361.1633	0
24	2	416.3517	99.51309	0
24	3	377.0575	361.4173	0
24	4	331.1369	271.2003	0
24	5	527.0123	509.0126	0
24	6	490.1321	266.2636	0
24	7	470.0089	369.5738	0
24	8	536.6292	374.8018	0
25	1	400.9831	361.1633	0
25	2	416.3517	99.51309	0
25	3	377.0575	361.4173	0
25	4	331.1369	271.2003	0
25	5	527.0123	509.0126	0
25	6	490.1321	266.2636	0
25	7	470.0089	369.5738	0
25	8	536.6292	374.8018	0
25	9	409.8845	71.60449	0
26	1	400.9831	361.1633	0
26	2	416.3517	99.51309	0
26	3	377.0575	361.4173	0
26	4	331.1369	271.2003	0
26	5	527.0123	509.0126	0
26	6	490.1321	266.2636	0
26	7	470.0089	369.5738	0
26	8	536.6292	374.8018	0
26	9	409.8845	71.60449	0
17	1	402.6003	361.6404	0
18	1	402.6003	361.6404	0
18	2	416.497	100.1744	0
19	1	402.6003	361.6404	0
19	2	416.497	100.1744	0
19	3	376.0747	363.1082	0
20	1	402.6003	361.6404	0
20	2	416.497	100.1744	0
20	3	376.0747	363.1082	0
20	4	330.5571	270.2674	0
17	1	403.5629	361.4911	0
18	1	403.5629	361.4911	0
18	2	416.1134	100.498	0
19	1	403.5629	361.4911	0
19	2	416.1134	100.498	0
19	3	377.1721	363.1488	0
17	1	403.2558	362.1213	0
18	1	403.2558	362.1213	0
18	2	415.1987	98.61215	0
19	1	403.2558	362.1213	0
19	2	415.1987	98.61215	0
19	3	376.9097	361.7516	0
20	1	403.2558	362.1213	0
20	2	415.1987	98.61215	0
20	3	376.9097	361.7516	0
20	4	330.7957	270.9804	0
21	1	403.2558	362.1213	0
21	2	415.1987	98.61215	0
21	3	376.9097	361.7516	0
21	4	330.7957	270.9804	0
21	5	527.6437	508.173	0
17	1	401.4916	361.332	0
18	1	401.4916	361.332	0
18	2	416.6735	98.45602	0
19	1	401.4916	361.332	0
19	2	416.6735	98.45602	0
19	3	376.6282	363.8286	0
20	1	401.4916	361.332	0
20	2	416.6735	98.45602	0
20	3	376.6282	363.8286	0
20	4	329.2541	271.1199	0
21	1	401.4916	361.332	0
21	2	416.6735	98.45602	0
21	3	376.6282	363.8286	0
21	4	329.2541	271.1199	0
21	5	528.7977	509.3317	0
22	1	401.4916	361.332	0
22	2	416.6735	98.45602	0
22	3	376.6282	363.8286	0
22	4	329.2541	271.1199	0
22	5	528.7977	509.3317	0
22	6	491.2752	266.3679	0
23	1	401.4916	361.332	0
23	2	416.6735	98.45602	0
23	3	376.6282	363.8286	0
23	4	329.2541	271.1199	0
23	5	528.7977	509.3317	0
23	6	491.2752	266.3679	0
23	7	469.049	369.6666	0
24	1	401.4916	361.332	0
24	2	416.6735	98.45602	0
24	3	376.6282	363.8286	0
24	4	329.2541	271.1199	0
24	5	528.7977	509.3317	0
24	6	491.2752	266.3679	0
24	7	469.049	369.6666	0
24	8	537.7455	373.2598	0
25	1	401.4916	361.332	0
25	2	416.6735	98.45602	0
25	3	376.6282	363.8286	0
25	4	329.2541	271.1199	0
25	5	528.7977	509.3317	0
25	6	491.2752	266.3679	0
25	7	469.049	369.6666	0
25	8	537.7455	373.2598	0
25	9	410.3294	71.08856	0
26	1	401.4916	361.332	0
26	2	416.6735	98.45602	0
26	3	376.6282	363.8286	0
26	4	329.2541	271.1199	0
26	5	528.7977	509.3317	0
26	6	491.2752	266.3679	0
26	7	469.049	369.6666	0
26	8	537.7455	373.2598	0
26	9	410.3294	71.08856	0
27	1	401.4916	361.332	0
27	2	416.6735	98.45602	0
27	3	376.6282	363.8286	0
27	4	329.2541	271.1199	0
27	5	528.7977	509.3317	0
27	6	491.2752	266.3679	0
27	7	469.049	369.6666	0
27	8	537.7455	373.2598	0
27	9	410.3294	71.08856	0
27	10	494.1529	461.5221	0
28	1	401.4916	361.332	0
28	2	416.6735	98.45602	0
28	3	376.6282	363.8286	0
28	4	329.2541	271.1199	0
28	5	528.7977	509.3317	0
28	6	491.2752	266.3679	0
28	7	469.049	369.6666	0
28	8	537.7455	373.2598	0
28	9	410.3294	71.08856	0
28	10	494.1529	461.5221	0
28	11	270.9599	-28.13086	0
29	1	401.4916	361.332	0
29	2	416.6735	98.45602	0
29	3	376.6282	363.8286	0
29	4	329.2541	271.1199	0
29	5	528.7977	509.3317	0
29	6	491.2752	266.3679	0
29	7	469.049	369.6666	0
29	8	537.7455	373.2598	0
29	9	410.3294	71.08856	0
29	10	494.1529	461.5221	0
29	11	270.9599	-28.13086	0
29	12	276.0254	60.11301	0
30	1	401.4916	361.332	0
30	2	416.6735	98.45602	0
30	3	376.6282	363.8286	0
30	4	329.2541	271.1199	0
30	5	528.7977	509.3317	0
30	6	491.2752	266.3679	0
30	7	469.049	369.6666	0
30	8	537.7455	373.2598	0
30	9	410.3294	71.08856	0
30	10	494.1529	461.5221	0
30	11	270.9599	-28.13086	0
30	12	276.0254	60.11301	0
30	13	330.3934	320.01	0
31	1	401.4916	361.332	0
31	2	416.6735	98.45602	0
31	3	376.6282	363.8286	0
31	4	329.2541	271.1199	0
31	5	528.7977	509.3317	0
31	6	491.2752	266.3679	0
31	7	469.049	369.6666	0
31	8	537.7455	373.2598	0
31	9	410.3294	71.08856	0
31	10	494.1529	461.5221	0
31	11	270.9599	-28.13086	0
31	12	276.0254	60.11301	0
31	13	330.3934	320.01	0
31	14	395.8082	127.9175	0
32	1	401.4916	361.332	0
32	2	416.6735	98.45602	0
32	3	376.6282	363.8286	0
32	4	329.2541	271.1199	0
32	5	528.7977	509.3317	0
32	6	491.2752	266.3679	0
32	7	469.049	369.6666	0
32	8	537.7455	373.2598	0
32	9	410.3294	71.08856	0
32	10	494.1529	461.5221	0
32	11	270.9599	-28.13086	0
32	12	276.0254	60.11301	0
32	13	330.3934	320.01	0
32	14	395.8082	127.9175	0
32	15	342.6658	67.99713	0
33	1	401.4916	361.332	0
33	2	416.6735	98.45602	0
33	3	376.6282	363.8286	0
33	4	329.2541	271.1199	0
33	5	528.7977	509.3317	0
33	6	491.2752	266.3679	0
33	7	469.049	369.6666	0
33	8	537.7455	373.2598	0
33	9	410.3294	71.08856	0
33	10	494.1529	461.5221	0
33	11	270.9599	-28.13086	0
33	12	276.0254	60.11301	0
33	13	330.3934	320.01	0
33	14	395.8082	127.9175	0
33	15	342.6658	67.99713	0
33	16	423.1668	260.4881	0
34	1	401.4916	361.332	0
34	2	416.6735	98.45602	0
34	3	376.6282	363.8286	0
34	4	329.2541	271.1199	0
34	5	528.7977	509.3317	0
34	6	491.2752	266.3679	0
34	7	469.049	369.6666	0
34	8	537.7455	373.2598	0
34	9	410.3294	71.08856	0
34	10	494.1529	461.5221	0
34	11	270.9599	-28.13086	0
34	12	276.0254	60.11301	0
34	13	330.3934	320.01	0
34	14	395.8082	127.9175	0
34	15	342.6658	67.99713	0
34	16	423.1668	260.4881	0
34	17	368.9214	159.0137	0
35	1	401.4916	361.332	0
35	2	416.6735	98.45602	0
35	3	376.6282	363.8286	0
35	4	329.2541	271.1199	0
35	5	528.7977	509.3317	0
35	6	491.2752	266.3679	0
35	7	469.049	369.6666	0
35	8	537.7455	373.2598	0
35	9	410.3294	71.08856	0
35	10	494.1529	461.5221	0
35	11	270.9599	-28.13086	0
35	12	276.0254	60.11301	0
35	13	330.3934	320.01	0
35	14	395.8082	127.9175	0
35	15	342.6658	67.99713	0
35	16	423.1668	260.4881	0
35	17	368.9214	159.0137	0
35	18	346.9738	95.01233	0
36	1	401.4916	361.332	0
36	2	416.6735	98.45602	0
36	3	376.6282	363.8286	0
36	4	329.2541	271.1199	0
36	5	528.7977	509.3317	0
36	6	491.2752	266.3679	0
36	7	469.049	369.6666	0
36	8	537.7455	373.2598	0
36	9	410.3294	71.08856	0
36	10	494.1529	461.5221	0
36	11	270.9599	-28.13086	0
36	12	276.0254	60.11301	0
36	13	330.3934	320.01	0
36	14	395.8082	127.9175	0
36	15	342.6658	67.99713	0
36	16	423.1668	260.4881	0
36	17	368.9214	159.0137	0
36	18	346.9738	95.01233	0
37	1	401.4916	361.332	0
37	2	416.6735	98.45602	0
37	3	376.6282	363.8286	0
37	4	329.2541	271.1199	0
37	5	528.7977	509.3317	0
37	6	491.2752	266.3679	0
37	7	469.049	369.6666	0
37	8	537.7455	373.2598	0
37	9	410.3294	71.08856	0
37	10	494.1529	461.5221	0
37	11	270.9599	-28.13086	0
37	12	276.0254	60.11301	0
37	13	330.3934	320.01	0
37	14	395.8082	127.9175	0
37	15	342.6658	67.99713	0
37	16	423.1668	260.4881	0
37	17	368.9214	159.0137	0
37	18	346.9738	95.01233	0
37	19	522.8396	429.3235	0
38	1	401.4916	361.332	0
38	2	416.6735	98.45602	0
38	3	376.6282	363.8286	0
38	4	329.2541	271.1199	0
38	5	528.7977	509.3317	0
38	6	491.2752	266.3679	0
38	7	469.049	369.6666	0
38	8	537.7455	373.2598	0
38	9	410.3294	71.08856	0
38	10	494.1529	461.5221	0
38	11	270.9599	-28.13086	0
38	12	276.0254	60.11301	0
38	13	330.3934	320.01	0
38	14	395.8082	127.9175	0
38	15	342.6658	67.99713	0
38	16	423.1668	260.4881	0
38	17	368.9214	159.0137	0
38	18	346.9738	95.01233	0
38	19	522.8396	429.3235	0
38	20	500.5883	319.2734	0
39	1	401.4916	361.332	0
39	2	416.6735	98.45602	0
39	3	376.6282	363.8286	0
39	4	329.2541	271.1199	0
39	5	528.7977	509.3317	0
39	6	491.2752	266.3679	0
39	7	469.049	369.6666	0
39	8	537.7455	373.2598	0
39	9	410.3294	71.08856	0
39	10	494.1529	461.5221	0
39	11	270.9599	-28.13086	0
39	12	276.0254	60.11301	0
39	13	330.3934	320.01	0
39	14	395.8082	127.9175	0
39	15	342.6658	67.99713	0
39	16	423.1668	260.4881	0
39	17	368.9214	159.0137	0
39	18	346.9738	95.01233	0
39	19	522.8396	429.3235	0
39	20	500.5883	319.2734	0
39	21	523.4396	626.5923	0
40	1	401.4916	361.332	0
40	2	416.6735	98.45602	0
40	3	376.6282	363.8286	0
40	4	329.2541	271.1199	0
40	5	528.7977	509.3317	0
40	6	491.2752	266.3679	0
40	7	469.049	369.6666	0
40	8	537.7455	373.2598	0
40	9	410.3294	71.08856	0
40	10	494.1529	461.5221	0
40	11	270.9599	-28.13086	0
40	12	276.0254	60.11301	0
40	13	330.3934	320.01	0
40	14	395.8082	127.9175	0
40	15	342.6658	67.99713	0
40	16	423.1668	260.4881	0
40	17	368.9214	159.0137	0
40	18	346.9738	95.01233	0
40	19	522.8396	429.3235	0
40	20	500.5883	319.2734	0
40	21	523.4396	626.5923	0
40	22	549.2742	564.2808	0
41	1	401.4916	361.332	0
41	2	416.6735	98.45602	0
41	3	376.6282	363.8286	0
41	4	329.2541	271.1199	0
41	5	528.7977	509.3317	0
41	6	491.2752	266.3679	0
41	7	469.049	369.6666	0
41	8	537.7455	373.2598	0
41	9	410.3294	71.08856	0
41	10	494.1529	461.5221	0
41	11	270.9599	-28.13086	0
41	12	276.0254	60.11301	0
41	13	330.3934	320.01	0
41	14	395.8082	127.9175	0
41	15	342.6658	67.99713	0
41	16	423.1668	260.4881	0
41	17	368.9214	159.0137	0
41	18	346.9738	95.01233	0
41	19	522.8396	429.3235	0
41	20	500.5883	319.2734	0
41	21	523.4396	626.5923	0
41	22	549.2742	564.2808	0
41	23	397.4096	274.025	0
42	1	401.4916	361.332	0
42	2	416.6735	98.45602	0
42	3	376.6282	363.8286	0
42	4	329.2541	271.1199	0
42	5	528.7977	509.3317	0
42	6	491.2752	266.3679	0
42	7	469.049	369.6666	0
42	8	537.7455	373.2598	0
42	9	410.3294	71.08856	0
42	10	494.1529	461.5221	0
42	11	270.9599	-28.13086	0
42	12	276.0254	60.11301	0
42	13	330.3934	320.01	0
42	14	395.8082	127.9175	0
42	15	342.6658	67.99713	0
42	16	423.1668	260.4881	0
42	17	368.9214	159.0137	0
42	18	346.9738	95.01233	0
42	19	522.8396	429.3235	0
42	20	500.5883	319.2734	0
42	21	523.4396	626.5923	0
42	22	549.2742	564.2808	0
42	23	397.4096	274.025	0
42	24	318.4542	63.2384	0
43	1	401.4916	361.332	0
43	2	416.6735	98.45602	0
43	3	376.6282	363.8286	0
43	4	329.2541	271.1199	0
43	5	528.7977	509.3317	0
43	6	491.2752	266.3679	0
43	7	469.049	369.6666	0
43	8	537.7455	373.2598	0
43	9	410.3294	71.08856	0
43	10	494.1529	461.5221	0
43	11	270.9599	-28.13086	0
43	12	276.0254	60.11301	0
43	13	330.3934	320.01	0
43	14	395.8082	127.9175	0
43	15	342.6658	67.99713	0
43	16	423.1668	260.4881	0
43	17	368.9214	159.0137	0
43	18	346.9738	95.01233	0
43	19	522.8396	429.3235	0
43	20	500.5883	319.2734	0
43	21	523.4396	626.5923	0
43	22	549.2742	564.2808	0
43	23	397.4096	274.025	0
43	24	318.4542	63.2384	0
43	25	542.1138	401.7377	0
44	1	401.4916	361.332	0
44	2	416.6735	98.45602	0
44	3	376.6282	363.8286	0
44	4	329.2541	271.1199	0
44	5	528.7977	509.3317	0
44	6	491.2752	266.3679	0
44	7	469.049	369.6666	0
44	8	537.7455	373.2598	0
44	9	410.3294	71.08856	0
44	10	494.1529	461.5221	0
44	11	270.9599	-28.13086	0
44	12	276.0254	60.11301	0
44	13	330.3934	320.01	0
44	14	395.8082	127.9175	0
44	15	342.6658	67.99713	0
44	16	423.1668	260.4881	0
44	17	368.9214	159.0137	0
44	18	346.9738	95.01233	0
44	19	522.8396	429.3235	0
44	20	500.5883	319.2734	0
44	21	523.4396	626.5923	0
44	22	549.2742	564.2808	0
44	23	397.4096	274.025	0
44	24	318.4542	63.2384	0
44	25	542.1138	401.7377	0
44	26	435.6766	163.4036	0
45	1	401.4916	361.332	0
45	2	416.6735	98.45602	0
45	3	376.6282	363.8286	0
45	4	329.2541	271.1199	0
45	5	528.7977	509.3317	0
45	6	491.2752	266.3679	0
45	7	469.049	369.6666	0
45	8	537.7455	373.2598	0
45	9	410.3294	71.08856	0
45	10	494.1529	461.5221	0
45	11	270.9599	-28.13086	0
45	12	276.0254	60.11301	0
45	13	330.3934	320.01	0
45	14	395.8082	127.9175	0
45	15	342.6658	67.99713	0
45	16	423.1668	260.4881	0
45	17	368.9214	159.0137	0
45	18	346.9738	95.01233	0
45	19	522.8396	429.3235	0
45	20	500.5883	319.2734	0
45	21	523.4396	626.5923	0
45	22	549.2742	564.2808	0
45	23	397.4096	274.025	0
45	24	318.4542	63.2384	0
45	25	542.1138	401.7377	0
45	26	435.6766	163.4036	0
45	27	464.3302	131.6453	0
46	1	401.4916	361.332	0
46	2	416.6735	98.45602	0
46	3	376.6282	363.8286	0
46	4	329.2541	271.1199	0
46	5	528.7977	509.3317	0
46	6	491.2752	266.3679	0
46	7	469.049	369.6666	0
46	8	537.7455	373.2598	0
46	9	410.3294	71.08856	0
46	10	494.1529	461.5221	0
46	11	270.9599	-28.13086	0
46	12	276.0254	60.11301	0
46	13	330.3934	320.01	0
46	14	395.8082	127.9175	0
46	15	342.6658	67.99713	0
46	16	423.1668	260.4881	0
46	17	368.9214	159.0137	0
46	18	346.9738	95.01233	0
46	19	522.8396	429.3235	0
46	20	500.5883	319.2734	0
46	21	523.4396	626.5923	0
46	22	549.2742	564.2808	0
46	23	397.4096	274.025	0
46	24	318.4542	63.2384	0
46	25	542.1138	401.7377	0
46	26	435.6766	163.4036	0
46	27	464.3302	131.6453	0
47	1	401.4916	361.332	0
47	2	416.6735	98.45602	0
47	3	376.6282	363.8286	0
47	4	329.2541	271.1199	0
47	5	528.7977	509.3317	0
47	6	491.2752	266.3679	0
47	7	469.049	369.6666	0
47	8	537.7455	373.2598	0
47	9	410.3294	71.08856	0
47	10	494.1529	461.5221	0
47	11	270.9599	-28.13086	0
47	12	276.0254	60.11301	0
47	13	330.3934	320.01	0
47	14	395.8082	127.9175	0
47	15	342.6658	67.99713	0
47	16	423.1668	260.4881	0
47	17	368.9214	159.0137	0
47	18	346.9738	95.01233	0
47	19	522.8396	429.3235	0
47	20	500.5883	319.2734	0
47	21	523.4396	626.5923	0
47	22	549.2742	564.2808	0
47	23	397.4096	274.025	0
47	24	318.4542	63.2384	0
47	25	542.1138	401.7377	0
47	26	435.6766	163.4036	0
47	27	464.3302	131.6453	0
47	28	457.7543	623.5339	0
48	1	401.4916	361.332	0
48	2	416.6735	98.45602	0
48	3	376.6282	363.8286	0
48	4	329.2541	271.1199	0
48	5	528.7977	509.3317	0
48	6	491.2752	266.3679	0
48	7	469.049	369.6666	0
48	8	537.7455	373.2598	0
48	9	410.3294	71.08856	0
48	10	494.1529	461.5221	0
48	11	270.9599	-28.13086	0
48	12	276.0254	60.11301	0
48	13	330.3934	320.01	0
48	14	395.8082	127.9175	0
48	15	342.6658	67.99713	0
48	16	423.1668	260.4881	0
48	17	368.9214	159.0137	0
48	18	346.9738	95.01233	0
48	19	522.8396	429.3235	0
48	20	500.5883	319.2734	0
48	21	523.4396	626.5923	0
48	22	549.2742	564.2808	0
48	23	397.4096	274.025	0
48	24	318.4542	63.2384	0
48	25	542.1138	401.7377	0
48	26	435.6766	163.4036	0
48	27	464.3302	131.6453	0
48	28	457.7543	623.5339	0
48	29	251.4383	60.74277	0
49	1	401.4916	361.332	0
49	2	416.6735	98.45602	0
49	3	376.6282	363.8286	0
49	4	329.2541	271.1199	0
49	5	528.7977	509.3317	0
49	6	491.2752	266.3679	0
49	7	469.049	369.6666	0
49	8	537.7455	373.2598	0
49	9	410.3294	71.08856	0
49	10	494.1529	461.5221	0
49	11	270.9599	-28.13086	0
49	12	276.0254	60.11301	0
49	13	330.3934	320.01	0
49	14	395.8082	127.9175	0
49	15	342.6658	67.99713	0
49	16	423.1668	260.4881	0
49	17	368.9214	159.0137	0
49	18	346.9738	95.01233	0
49	19	522.8396	429.3235	0
49	20	500.5883	319.2734	0
49	21	523.4396	626.5923	0
49	22	549.2742	564.2808	0
49	23	397.4096	274.025	0
49	24	318.4542	63.2384	0
49	25	542.1138	401.7377	0
49	26	435.6766	163.4036	0
49	27	464.3302	131.6453	0
49	28	457.7543	623.5339	0
49	29	251.4383	60.74277	0
49	30	259.5093	107.4209	0
50	1	401.4916	361.332	0
50	2	416.6735	98.45602	0
50	3	376.6282	363.8286	0
50	4	329.2541	271.1199	0
50	5	528.7977	509.3317	0
50	6	491.2752	266.3679	0
50	7	469.049	369.6666	0
50	8	537.7455	373.2598	0
50	9	410.3294	71.08856	0
50	10	494.1529	461.5221	0
50	11	270.9599	-28.13086	0
50	12	276.0254	60.11301	0
50	13	330.3934	320.01	0
50	14	395.8082	127.9175	0
50	15	342.6658	67.99713	0
50	16	423.1668	260.4881	0
50	17	368.9214	159.0137	0
50	18	346.9738	95.01233	0
50	19	522.8396	429.3235	0
50	20	500.5883	319.2734	0
50	21	523.4396	626.5923	0
50	22	549.2742	564.2808	0
50	23	397.4096	274.025	0
50	24	318.4542	63.2384	0
50	25	542.1138	401.7377	0
50	26	435.6766	163.4036	0
50	27	464.3302	131.6453	0
50	28	457.7543	623.5339	0
50	29	251.4383	60.74277	0
50	30	259.5093	107.4209	0
50	31	561.682	465.3294	0
51	1	401.4916	361.332	0
51	2	416.6735	98.45602	0
51	3	376.6282	363.8286	0
51	4	329.2541	271.1199	0
51	5	528.7977	509.3317	0
51	6	491.2752	266.3679	0
51	7	469.049	369.6666	0
51	8	537.7455	373.2598	0
51	9	410.3294	71.08856	0
51	10	494.1529	461.5221	0
51	11	270.9599	-28.13086	0
51	12	276.0254	60.11301	0
51	13	330.3934	320.01	0
51	14	395.8082	127.9175	0
51	15	342.6658	67.99713	0
51	16	423.1668	260.4881	0
51	17	368.9214	159.0137	0
51	18	346.9738	95.01233	0
51	19	522.8396	429.3235	0
51	20	500.5883	319.2734	0
51	21	523.4396	626.5923	0
51	22	549.2742	564.2808	0
51	23	397.4096	274.025	0
51	24	318.4542	63.2384	0
51	25	542.1138	401.7377	0
51	26	435.6766	163.4036	0
51	27	464.3302	131.6453	0
51	28	457.7543	623.5339	0
51	29	251.4383	60.74277	0
51	30	259.5093	107.4209	0
51	31	561.682	465.3294	0
51	32	202.9464	-32.01349	0
52	1	401.4916	361.332	0
52	2	416.6735	98.45602	0
52	3	376.6282	363.8286	0
52	4	329.2541	271.1199	0
52	5	528.7977	509.3317	0
52	6	491.2752	266.3679	0
52	7	469.049	369.6666	0
52	8	537.7455	373.2598	0
52	9	410.3294	71.08856	0
52	10	494.1529	461.5221	0
52	11	270.9599	-28.13086	0
52	12	276.0254	60.11301	0
52	13	330.3934	320.01	0
52	14	395.8082	127.9175	0
52	15	342.6658	67.99713	0
52	16	423.1668	260.4881	0
52	17	368.9214	159.0137	0
52	18	346.9738	95.01233	0
52	19	522.8396	429.3235	0
52	20	500.5883	319.2734	0
52	21	523.4396	626.5923	0
52	22	549.2742	564.2808	0
52	23	397.4096	274.025	0
52	24	318.4542	63.2384	0
52	25	542.1138	401.7377	0
52	26	435.6766	163.4036	0
52	27	464.3302	131.6453	0
52	28	457.7543	623.5339	0
52	29	251.4383	60.74277	0
52	30	259.5093	107.4209	0
52	31	561.682	465.3294	0
52	32	202.9464	-32.01349	0
52	33	306.7073	12.92557	0
53	1	401.4916	361.332	0
53	2	416.6735	98.45602	0
53	3	376.6282	363.8286	0
53	4	329.2541	271.1199	0
53	5	528.7977	509.3317	0
53	6	491.2752	266.3679	0
53	7	469.049	369.6666	0
53	8	537.7455	373.2598	0
53	9	410.3294	71.08856	0
53	10	494.1529	461.5221	0
53	11	270.9599	-28.13086	0
53	12	276.0254	60.11301	0
53	13	330.3934	320.01	0
53	14	395.8082	127.9175	0
53	15	342.6658	67.99713	0
53	16	423.1668	260.4881	0
53	17	368.9214	159.0137	0
53	18	346.9738	95.01233	0
53	19	522.8396	429.3235	0
53	20	500.5883	319.2734	0
53	21	523.4396	626.5923	0
53	22	549.2742	564.2808	0
53	23	397.4096	274.025	0
53	24	318.4542	63.2384	0
53	25	542.1138	401.7377	0
53	26	435.6766	163.4036	0
53	27	464.3302	131.6453	0
53	28	457.7543	623.5339	0
53	29	251.4383	60.74277	0
53	30	259.5093	107.4209	0
53	31	561.682	465.3294	0
53	32	202.9464	-32.01349	0
53	33	306.7073	12.92557	0
53	34	386.8506	409.0919	0
54	1	401.4916	361.332	0
54	2	416.6735	98.45602	0
54	3	376.6282	363.8286	0
54	4	329.2541	271.1199	0
54	5	528.7977	509.3317	0
54	6	491.2752	266.3679	0
54	7	469.049	369.6666	0
54	8	537.7455	373.2598	0
54	9	410.3294	71.08856	0
54	10	494.1529	461.5221	0
54	11	270.9599	-28.13086	0
54	12	276.0254	60.11301	0
54	13	330.3934	320.01	0
54	14	395.8082	127.9175	0
54	15	342.6658	67.99713	0
54	16	423.1668	260.4881	0
54	17	368.9214	159.0137	0
54	18	346.9738	95.01233	0
54	19	522.8396	429.3235	0
54	20	500.5883	319.2734	0
54	21	523.4396	626.5923	0
54	22	549.2742	564.2808	0
54	23	397.4096	274.025	0
54	24	318.4542	63.2384	0
54	25	542.1138	401.7377	0
54	26	435.6766	163.4036	0
54	27	464.3302	131.6453	0
54	28	457.7543	623.5339	0
54	29	251.4383	60.74277	0
54	30	259.5093	107.4209	0
54	31	561.682	465.3294	0
54	32	202.9464	-32.01349	0
54	33	306.7073	12.92557	0
54	34	386.8506	409.0919	0
54	35	617.015	566.6814	0
55	1	401.4916	361.332	0
55	2	416.6735	98.45602	0
55	3	376.6282	363.8286	0
55	4	329.2541	271.1199	0
55	5	528.7977	509.3317	0
55	6	491.2752	266.3679	0
55	7	469.049	369.6666	0
55	8	537.7455	373.2598	0
55	9	410.3294	71.08856	0
55	10	494.1529	461.5221	0
55	11	270.9599	-28.13086	0
55	12	276.0254	60.11301	0
55	13	330.3934	320.01	0
55	14	395.8082	127.9175	0
55	15	342.6658	67.99713	0
55	16	423.1668	260.4881	0
55	17	368.9214	159.0137	0
55	18	346.9738	95.01233	0
55	19	522.8396	429.3235	0
55	20	500.5883	319.2734	0
55	21	523.4396	626.5923	0
55	22	549.2742	564.2808	0
55	23	397.4096	274.025	0
55	24	318.4542	63.2384	0
55	25	542.1138	401.7377	0
55	26	435.6766	163.4036	0
55	27	464.3302	131.6453	0
55	28	457.7543	623.5339	0
55	29	251.4383	60.74277	0
55	30	259.5093	107.4209	0
55	31	561.682	465.3294	0
55	32	202.9464	-32.01349	0
55	33	306.7073	12.92557	0
55	34	386.8506	409.0919	0
55	35	617.015	566.6814	0
55	36	453.0946	413.8181	0
56	1	401.4916	361.332	0
56	2	416.6735	98.45602	0
56	3	376.6282	363.8286	0
56	4	329.2541	271.1199	0
56	5	528.7977	509.3317	0
56	6	491.2752	266.3679	0
56	7	469.049	369.6666	0
56	8	537.7455	373.2598	0
56	9	410.3294	71.08856	0
56	10	494.1529	461.5221	0
56	11	270.9599	-28.13086	0
56	12	276.0254	60.11301	0
56	13	330.3934	320.01	0
56	14	395.8082	127.9175	0
56	15	342.6658	67.99713	0
56	16	423.1668	260.4881	0
56	17	368.9214	159.0137	0
56	18	346.9738	95.01233	0
56	19	522.8396	429.3235	0
56	20	500.5883	319.2734	0
56	21	523.4396	626.5923	0
56	22	549.2742	564.2808	0
56	23	397.4096	274.025	0
56	24	318.4542	63.2384	0
56	25	542.1138	401.7377	0
56	26	435.6766	163.4036	0
56	27	464.3302	131.6453	0
56	28	457.7543	623.5339	0
56	29	251.4383	60.74277	0
56	30	259.5093	107.4209	0
56	31	561.682	465.3294	0
56	32	202.9464	-32.01349	0
56	33	306.7073	12.92557	0
56	34	386.8506	409.0919	0
56	35	617.015	566.6814	0
56	36	453.0946	413.8181	0
57	1	401.4916	361.332	0
57	2	416.6735	98.45602	0
57	3	376.6282	363.8286	0
57	4	329.2541	271.1199	0
57	5	528.7977	509.3317	0
57	6	491.2752	266.3679	0
57	7	469.049	369.6666	0
57	8	537.7455	373.2598	0
57	9	410.3294	71.08856	0
57	10	494.1529	461.5221	0
57	11	270.9599	-28.13086	0
57	12	276.0254	60.11301	0
57	13	330.3934	320.01	0
57	14	395.8082	127.9175	0
57	15	342.6658	67.99713	0
57	16	423.1668	260.4881	0
57	17	368.9214	159.0137	0
57	18	346.9738	95.01233	0
57	19	522.8396	429.3235	0
57	20	500.5883	319.2734	0
57	21	523.4396	626.5923	0
57	22	549.2742	564.2808	0
57	23	397.4096	274.025	0
57	24	318.4542	63.2384	0
57	25	542.1138	401.7377	0
57	26	435.6766	163.4036	0
57	27	464.3302	131.6453	0
57	28	457.7543	623.5339	0
57	29	251.4383	60.74277	0
57	30	259.5093	107.4209	0
57	31	561.682	465.3294	0
57	32	202.9464	-32.01349	0
57	33	306.7073	12.92557	0
57	34	386.8506	409.0919	0
57	35	617.015	566.6814	0
57	36	453.0946	413.8181	0
57	37	398.6807	323.4942	0
58	1	401.4916	361.332	0
58	2	416.6735	98.45602	0
58	3	376.6282	363.8286	0
58	4	329.2541	271.1199	0
58	5	528.7977	509.3317	0
58	6	491.2752	266.3679	0
58	7	469.049	369.6666	0
58	8	537.7455	373.2598	0
58	9	410.3294	71.08856	0
58	10	494.1529	461.5221	0
58	11	270.9599	-28.13086	0
58	12	276.0254	60.11301	0
58	13	330.3934	320.01	0
58	14	395.8082	127.9175	0
58	15	342.6658	67.99713	0
58	16	423.1668	260.4881	0
58	17	368.9214	159.0137	0
58	18	346.9738	95.01233	0
58	19	522.8396	429.3235	0
58	20	500.5883	319.2734	0
58	21	523.4396	626.5923	0
58	22	549.2742	564.2808	0
58	23	397.4096	274.025	0
58	24	318.4542	63.2384	0
58	25	542.1138	401.7377	0
58	26	435.6766	163.4036	0
58	27	464.3302	131.6453	0
58	28	457.7543	623.5339	0
58	29	251.4383	60.74277	0
58	30	259.5093	107.4209	0
58	31	561.682	465.3294	0
58	32	202.9464	-32.01349	0
58	33	306.7073	12.92557	0
58	34	386.8506	409.0919	0
58	35	617.015	566.6814	0
58	36	453.0946	413.8181	0
58	37	398.6807	323.4942	0
58	38	590.2117	434.5908	0
59	1	401.4916	361.332	0
59	2	416.6735	98.45602	0
59	3	376.6282	363.8286	0
59	4	329.2541	271.1199	0
59	5	528.7977	509.3317	0
59	6	491.2752	266.3679	0
59	7	469.049	369.6666	0
59	8	537.7455	373.2598	0
59	9	410.3294	71.08856	0
59	10	494.1529	461.5221	0
59	11	270.9599	-28.13086	0
59	12	276.0254	60.11301	0
59	13	330.3934	320.01	0
59	14	395.8082	127.9175	0
59	15	342.6658	67.99713	0
59	16	423.1668	260.4881	0
59	17	368.9214	159.0137	0
59	18	346.9738	95.01233	0
59	19	522.8396	429.3235	0
59	20	500.5883	319.2734	0
59	21	523.4396	626.5923	0
59	22	549.2742	564.2808	0
59	23	397.4096	274.025	0
59	24	318.4542	63.2384	0
59	25	542.1138	401.7377	0
59	26	435.6766	163.4036	0
59	27	464.3302	131.6453	0
59	28	457.7543	623.5339	0
59	29	251.4383	60.74277	0
59	30	259.5093	107.4209	0
59	31	561.682	465.3294	0
59	32	202.9464	-32.01349	0
59	33	306.7073	12.92557	0
59	34	386.8506	409.0919	0
59	35	617.015	566.6814	0
59	36	453.0946	413.8181	0
59	37	398.6807	323.4942	0
59	38	590.2117	434.5908	0
59	39	327.3137	111.0597	0
60	1	401.4916	361.332	0
60	2	416.6735	98.45602	0
60	3	376.6282	363.8286	0
60	4	329.2541	271.1199	0
60	5	528.7977	509.3317	0
60	6	491.2752	266.3679	0
60	7	469.049	369.6666	0
60	8	537.7455	373.2598	0
60	9	410.3294	71.08856	0
60	10	494.1529	461.5221	0
60	11	270.9599	-28.13086	0
60	12	276.0254	60.11301	0
60	13	330.3934	320.01	0
60	14	395.8082	127.9175	0
60	15	342.6658	67.99713	0
60	16	423.1668	260.4881	0
60	17	368.9214	159.0137	0
60	18	346.9738	95.01233	0
60	19	522.8396	429.3235	0
60	20	500.5883	319.2734	0
60	21	523.4396	626.5923	0
60	22	549.2742	564.2808	0
60	23	397.4096	274.025	0
60	24	318.4542	63.2384	0
60	25	542.1138	401.7377	0
60	26	435.6766	163.4036	0
60	27	464.3302	131.6453	0
60	28	457.7543	623.5339	0
60	29	251.4383	60.74277	0
60	30	259.5093	107.4209	0
60	31	561.682	465.3294	0
60	32	202.9464	-32.01349	0
60	33	306.7073	12.92557	0
60	34	386.8506	409.0919	0
60	35	617.015	566.6814	0
60	36	453.0946	413.8181	0
60	37	398.6807	323.4942	0
60	38	590.2117	434.5908	0
60	39	327.3137	111.0597	0
60	40	372.7029	16.88104	0
61	1	401.4916	361.332	0
61	2	416.6735	98.45602	0
61	3	376.6282	363.8286	0
61	4	329.2541	271.1199	0
61	5	528.7977	509.3317	0
61	6	491.2752	266.3679	0
61	7	469.049	369.6666	0
61	8	537.7455	373.2598	0
61	9	410.3294	71.08856	0
61	10	494.1529	461.5221	0
61	11	270.9599	-28.13086	0
61	12	276.0254	60.11301	0
61	13	330.3934	320.01	0
61	14	395.8082	127.9175	0
61	15	342.6658	67.99713	0
61	16	423.1668	260.4881	0
61	17	368.9214	159.0137	0
61	18	346.9738	95.01233	0
61	19	522.8396	429.3235	0
61	20	500.5883	319.2734	0
61	21	523.4396	626.5923	0
61	22	549.2742	564.2808	0
61	23	397.4096	274.025	0
61	24	318.4542	63.2384	0
61	25	542.1138	401.7377	0
61	26	435.6766	163.4036	0
61	27	464.3302	131.6453	0
61	28	457.7543	623.5339	0
61	29	251.4383	60.74277	0
61	30	259.5093	107.4209	0
61	31	561.682	465.3294	0
61	32	202.9464	-32.01349	0
61	33	306.7073	12.92557	0
61	34	386.8506	409.0919	0
61	35	617.015	566.6814	0
61	36	453.0946	413.8181	0
61	37	398.6807	323.4942	0
61	38	590.2117	434.5908	0
61	39	327.3137	111.0597	0
61	40	372.7029	16.88104	0
61	41	443.1836	367.0023	0
62	1	401.4916	361.332	0
62	2	416.6735	98.45602	0
62	3	376.6282	363.8286	0
62	4	329.2541	271.1199	0
62	5	528.7977	509.3317	0
62	6	491.2752	266.3679	0
62	7	469.049	369.6666	0
62	8	537.7455	373.2598	0
62	9	410.3294	71.08856	0
62	10	494.1529	461.5221	0
62	11	270.9599	-28.13086	0
62	12	276.0254	60.11301	0
62	13	330.3934	320.01	0
62	14	395.8082	127.9175	0
62	15	342.6658	67.99713	0
62	16	423.1668	260.4881	0
62	17	368.9214	159.0137	0
62	18	346.9738	95.01233	0
62	19	522.8396	429.3235	0
62	20	500.5883	319.2734	0
62	21	523.4396	626.5923	0
62	22	549.2742	564.2808	0
62	23	397.4096	274.025	0
62	24	318.4542	63.2384	0
62	25	542.1138	401.7377	0
62	26	435.6766	163.4036	0
62	27	464.3302	131.6453	0
62	28	457.7543	623.5339	0
62	29	251.4383	60.74277	0
62	30	259.5093	107.4209	0
62	31	561.682	465.3294	0
62	32	202.9464	-32.01349	0
62	33	306.7073	12.92557	0
62	34	386.8506	409.0919	0
62	35	617.015	566.6814	0
62	36	453.0946	413.8181	0
62	37	398.6807	323.4942	0
62	38	590.2117	434.5908	0
62	39	327.3137	111.0597	0
62	40	372.7029	16.88104	0
62	41	443.1836	367.0023	0
62	42	475.191	397.3015	0
63	1	401.4916	361.332	0
63	2	416.6735	98.45602	0
63	3	376.6282	363.8286	0
63	4	329.2541	271.1199	0
63	5	528.7977	509.3317	0
63	6	491.2752	266.3679	0
63	7	469.049	369.6666	0
63	8	537.7455	373.2598	0
63	9	410.3294	71.08856	0
63	10	494.1529	461.5221	0
63	11	270.9599	-28.13086	0
63	12	276.0254	60.11301	0
63	13	330.3934	320.01	0
63	14	395.8082	127.9175	0
63	15	342.6658	67.99713	0
63	16	423.1668	260.4881	0
63	17	368.9214	159.0137	0
63	18	346.9738	95.01233	0
63	19	522.8396	429.3235	0
63	20	500.5883	319.2734	0
63	21	523.4396	626.5923	0
63	22	549.2742	564.2808	0
63	23	397.4096	274.025	0
63	24	318.4542	63.2384	0
63	25	542.1138	401.7377	0
63	26	435.6766	163.4036	0
63	27	464.3302	131.6453	0
63	28	457.7543	623.5339	0
63	29	251.4383	60.74277	0
63	30	259.5093	107.4209	0
63	31	561.682	465.3294	0
63	32	202.9464	-32.01349	0
63	33	306.7073	12.92557	0
63	34	386.8506	409.0919	0
63	35	617.015	566.6814	0
63	36	453.0946	413.8181	0
63	37	398.6807	323.4942	0
63	38	590.2117	434.5908	0
63	39	327.3137	111.0597	0
63	40	372.7029	16.88104	0
63	41	443.1836	367.0023	0
63	42	475.191	397.3015	0
63	43	431.8126	315.6804	0
64	1	401.4916	361.332	0
64	2	416.6735	98.45602	0
64	3	376.6282	363.8286	0
64	4	329.2541	271.1199	0
64	5	528.7977	509.3317	0
64	6	491.2752	266.3679	0
64	7	469.049	369.6666	0
64	8	537.7455	373.2598	0
64	9	410.3294	71.08856	0
64	10	494.1529	461.5221	0
64	11	270.9599	-28.13086	0
64	12	276.0254	60.11301	0
64	13	330.3934	320.01	0
64	14	395.8082	127.9175	0
64	15	342.6658	67.99713	0
64	16	423.1668	260.4881	0
64	17	368.9214	159.0137	0
64	18	346.9738	95.01233	0
64	19	522.8396	429.3235	0
64	20	500.5883	319.2734	0
64	21	523.4396	626.5923	0
64	22	549.2742	564.2808	0
64	23	397.4096	274.025	0
64	24	318.4542	63.2384	0
64	25	542.1138	401.7377	0
64	26	435.6766	163.4036	0
64	27	464.3302	131.6453	0
64	28	457.7543	623.5339	0
64	29	251.4383	60.74277	0
64	30	259.5093	107.4209	0
64	31	561.682	465.3294	0
64	32	202.9464	-32.01349	0
64	33	306.7073	12.92557	0
64	34	386.8506	409.0919	0
64	35	617.015	566.6814	0
64	36	453.0946	413.8181	0
64	37	398.6807	323.4942	0
64	38	590.2117	434.5908	0
64	39	327.3137	111.0597	0
64	40	372.7029	16.88104	0
64	41	443.1836	367.0023	0
64	42	475.191	397.3015	0
64	43	431.8126	315.6804	0
65	1	401.4916	361.332	0
65	2	416.6735	98.45602	0
65	3	376.6282	363.8286	0
65	4	329.2541	271.1199	0
65	5	528.7977	509.3317	0
65	6	491.2752	266.3679	0
65	7	469.049	369.6666	0
65	8	537.7455	373.2598	0
65	9	410.3294	71.08856	0
65	10	494.1529	461.5221	0
65	11	270.9599	-28.13086	0
65	12	276.0254	60.11301	0
65	13	330.3934	320.01	0
65	14	395.8082	127.9175	0
65	15	342.6658	67.99713	0
65	16	423.1668	260.4881	0
65	17	368.9214	159.0137	0
65	18	346.9738	95.01233	0
65	19	522.8396	429.3235	0
65	20	500.5883	319.2734	0
65	21	523.4396	626.5923	0
65	22	549.2742	564.2808	0
65	23	397.4096	274.025	0
65	24	318.4542	63.2384	0
65	25	542.1138	401.7377	0
65	26	435.6766	163.4036	0
65	27	464.3302	131.6453	0
65	28	457.7543	623.5339	0
65	29	251.4383	60.74277	0
65	30	259.5093	107.4209	0
65	31	561.682	465.3294	0
65	32	202.9464	-32.01349	0
65	33	306.7073	12.92557	0
65	34	386.8506	409.0919	0
65	35	617.015	566.6814	0
65	36	453.0946	413.8181	0
65	37	398.6807	323.4942	0
65	38	590.2117	434.5908	0
65	39	327.3137	111.0597	0
65	40	372.7029	16.88104	0
65	41	443.1836	367.0023	0
65	42	475.191	397.3015	0
65	43	431.8126	315.6804	0
66	1	401.4916	361.332	0
66	2	416.6735	98.45602	0
66	3	376.6282	363.8286	0
66	4	329.2541	271.1199	0
66	5	528.7977	509.3317	0
66	6	491.2752	266.3679	0
66	7	469.049	369.6666	0
66	8	537.7455	373.2598	0
66	9	410.3294	71.08856	0
66	10	494.1529	461.5221	0
66	11	270.9599	-28.13086	0
66	12	276.0254	60.11301	0
66	13	330.3934	320.01	0
66	14	395.8082	127.9175	0
66	15	342.6658	67.99713	0
66	16	423.1668	260.4881	0
66	17	368.9214	159.0137	0
66	18	346.9738	95.01233	0
66	19	522.8396	429.3235	0
66	20	500.5883	319.2734	0
66	21	523.4396	626.5923	0
66	22	549.2742	564.2808	0
66	23	397.4096	274.025	0
66	24	318.4542	63.2384	0
66	25	542.1138	401.7377	0
66	26	435.6766	163.4036	0
66	27	464.3302	131.6453	0
66	28	457.7543	623.5339	0
66	29	251.4383	60.74277	0
66	30	259.5093	107.4209	0
66	31	561.682	465.3294	0
66	32	202.9464	-32.01349	0
66	33	306.7073	12.92557	0
66	34	386.8506	409.0919	0
66	35	617.015	566.6814	0
66	36	453.0946	413.8181	0
66	37	398.6807	323.4942	0
66	38	590.2117	434.5908	0
66	39	327.3137	111.0597	0
66	40	372.7029	16.88104	0
66	41	443.1836	367.0023	0
66	42	475.191	397.3015	0
66	43	431.8126	315.6804	0
67	1	401.4916	361.332	0
67	2	416.6735	98.45602	0
67	3	376.6282	363.8286	0
67	4	329.2541	271.1199	0
67	5	528.7977	509.3317	0
67	6	491.2752	266.3679	0
67	7	469.049	369.6666	0
67	8	537.7455	373.2598	0
67	9	410.3294	71.08856	0
67	10	494.1529	461.5221	0
67	11	270.9599	-28.13086	0
67	12	276.0254	60.11301	0
67	13	330.3934	320.01	0
67	14	395.8082	127.9175	0
67	15	342.6658	67.99713	0
67	16	423.1668	260.4881	0
67	17	368.9214	159.0137	0
67	18	346.9738	95.01233	0
67	19	522.8396	429.3235	0
67	20	500.5883	319.2734	0
67	21	523.4396	626.5923	0
67	22	549.2742	564.2808	0
67	23	397.4096	274.025	0
67	24	318.4542	63.2384	0
67	25	542.1138	401.7377	0
67	26	435.6766	163.4036	0
67	27	464.3302	131.6453	0
67	28	457.7543	623.5339	0
67	29	251.4383	60.74277	0
67	30	259.5093	107.4209	0
67	31	561.682	465.3294	0
67	32	202.9464	-32.01349	0
67	33	306.7073	12.92557	0
67	34	386.8506	409.0919	0
67	35	617.015	566.6814	0
67	36	453.0946	413.8181	0
67	37	398.6807	323.4942	0
67	38	590.2117	434.5908	0
67	39	327.3137	111.0597	0
67	40	372.7029	16.88104	0
67	41	443.1836	367.0023	0
67	42	475.191	397.3015	0
67	43	431.8126	315.6804	0
68	1	401.4916	361.332	0
68	2	416.6735	98.45602	0
68	3	376.6282	363.8286	0
68	4	329.2541	271.1199	0
68	5	528.7977	509.3317	0
68	6	491.2752	266.3679	0
68	7	469.049	369.6666	0
68	8	537.7455	373.2598	0
68	9	410.3294	71.08856	0
68	10	494.1529	461.5221	0
68	11	270.9599	-28.13086	0
68	12	276.0254	60.11301	0
68	13	330.3934	320.01	0
68	14	395.8082	127.9175	0
68	15	342.6658	67.99713	0
68	16	423.1668	260.4881	0
68	17	368.9214	159.0137	0
68	18	346.9738	95.01233	0
68	19	522.8396	429.3235	0
68	20	500.5883	319.2734	0
68	21	523.4396	626.5923	0
68	22	549.2742	564.2808	0
68	23	397.4096	274.025	0
68	24	318.4542	63.2384	0
68	25	542.1138	401.7377	0
68	26	435.6766	163.4036	0
68	27	464.3302	131.6453	0
68	28	457.7543	623.5339	0
68	29	251.4383	60.74277	0
68	30	259.5093	107.4209	0
68	31	561.682	465.3294	0
68	32	202.9464	-32.01349	0
68	33	306.7073	12.92557	0
68	34	386.8506	409.0919	0
68	35	617.015	566.6814	0
68	36	453.0946	413.8181	0
68	37	398.6807	323.4942	0
68	38	590.2117	434.5908	0
68	39	327.3137	111.0597	0
68	40	372.7029	16.88104	0
68	41	443.1836	367.0023	0
68	42	475.191	397.3015	0
68	43	431.8126	315.6804	0
69	1	401.4916	361.332	0
69	2	416.6735	98.45602	0
69	3	376.6282	363.8286	0
69	4	329.2541	271.1199	0
69	5	528.7977	509.3317	0
69	6	491.2752	266.3679	0
69	7	469.049	369.6666	0
69	8	537.7455	373.2598	0
69	9	410.3294	71.08856	0
69	10	494.1529	461.5221	0
69	11	270.9599	-28.13086	0
69	12	276.0254	60.11301	0
69	13	330.3934	320.01	0
69	14	395.8082	127.9175	0
69	15	342.6658	67.99713	0
69	16	423.1668	260.4881	0
69	17	368.9214	159.0137	0
69	18	346.9738	95.01233	0
69	19	522.8396	429.3235	0
69	20	500.5883	319.2734	0
69	21	523.4396	626.5923	0
69	22	549.2742	564.2808	0
69	23	397.4096	274.025	0
69	24	318.4542	63.2384	0
69	25	542.1138	401.7377	0
69	26	435.6766	163.4036	0
69	27	464.3302	131.6453	0
69	28	457.7543	623.5339	0
69	29	251.4383	60.74277	0
69	30	259.5093	107.4209	0
69	31	561.682	465.3294	0
69	32	202.9464	-32.01349	0
69	33	306.7073	12.92557	0
69	34	386.8506	409.0919	0
69	35	617.015	566.6814	0
69	36	453.0946	413.8181	0
69	37	398.6807	323.4942	0
69	38	590.2117	434.5908	0
69	39	327.3137	111.0597	0
69	40	372.7029	16.88104	0
69	41	443.1836	367.0023	0
69	42	475.191	397.3015	0
69	43	431.8126	315.6804	0
70	1	401.4916	361.332	0
70	2	416.6735	98.45602	0
70	3	376.6282	363.8286	0
70	4	329.2541	271.1199	0
70	5	528.7977	509.3317	0
70	6	491.2752	266.3679	0
70	7	469.049	369.6666	0
70	8	537.7455	373.2598	0
70	9	410.3294	71.08856	0
70	10	494.1529	461.5221	0
70	11	270.9599	-28.13086	0
70	12	276.0254	60.11301	0
70	13	330.3934	320.01	0
70	14	395.8082	127.9175	0
70	15	342.6658	67.99713	0
70	16	423.1668	260.4881	0
70	17	368.9214	159.0137	0
70	18	346.9738	95.01233	0
70	19	522.8396	429.3235	0
70	20	500.5883	319.2734	0
70	21	523.4396	626.5923	0
70	22	549.2742	564.2808	0
70	23	397.4096	274.025	0
70	24	318.4542	63.2384	0
70	25	542.1138	401.7377	0
70	26	435.6766	163.4036	0
70	27	464.3302	131.6453	0
70	28	457.7543	623.5339	0
70	29	251.4383	60.74277	0
70	30	259.5093	107.4209	0
70	31	561.682	465.3294	0
70	32	202.9464	-32.01349	0
70	33	306.7073	12.92557	0
70	34	386.8506	409.0919	0
70	35	617.015	566.6814	0
70	36	453.0946	413.8181	0
70	37	398.6807	323.4942	0
70	38	590.2117	434.5908	0
70	39	327.3137	111.0597	0
70	40	372.7029	16.88104	0
70	41	443.1836	367.0023	0
70	42	475.191	397.3015	0
70	43	431.8126	315.6804	0
71	1	401.4916	361.332	0
71	2	416.6735	98.45602	0
71	3	376.6282	363.8286	0
71	4	329.2541	271.1199	0
71	5	528.7977	509.3317	0
71	6	491.2752	266.3679	0
71	7	469.049	369.6666	0
71	8	537.7455	373.2598	0
71	9	410.3294	71.08856	0
71	10	494.1529	461.5221	0
71	11	270.9599	-28.13086	0
71	12	276.0254	60.11301	0
71	13	330.3934	320.01	0
71	14	395.8082	127.9175	0
71	15	342.6658	67.99713	0
71	16	423.1668	260.4881	0
71	17	368.9214	159.0137	0
71	18	346.9738	95.01233	0
71	19	522.8396	429.3235	0
71	20	500.5883	319.2734	0
71	21	523.4396	626.5923	0
71	22	549.2742	564.2808	0
71	23	397.4096	274.025	0
71	24	318.4542	63.2384	0
71	25	542.1138	401.7377	0
71	26	435.6766	163.4036	0
71	27	464.3302	131.6453	0
71	28	457.7543	623.5339	0
71	29	251.4383	60.74277	0
71	30	259.5093	107.4209	0
71	31	561.682	465.3294	0
71	32	202.9464	-32.01349	0
71	33	306.7073	12.92557	0
71	34	386.8506	409.0919	0
71	35	617.015	566.6814	0
71	36	453.0946	413.8181	0
71	37	398.6807	323.4942	0
71	38	590.2117	434.5908	0
71	39	327.3137	111.0597	0
71	40	372.7029	16.88104	0
71	41	443.1836	367.0023	0
71	42	475.191	397.3015	0
71	43	431.8126	315.6804	0
72	1	401.4916	361.332	0
72	2	416.6735	98.45602	0
72	3	376.6282	363.8286	0
72	4	329.2541	271.1199	0
72	5	528.7977	509.3317	0
72	6	491.2752	266.3679	0
72	7	469.049	369.6666	0
72	8	537.7455	373.2598	0
72	9	410.3294	71.08856	0
72	10	494.1529	461.5221	0
72	11	270.9599	-28.13086	0
72	12	276.0254	60.11301	0
72	13	330.3934	320.01	0
72	14	395.8082	127.9175	0
72	15	342.6658	67.99713	0
72	16	423.1668	260.4881	0
72	17	368.9214	159.0137	0
72	18	346.9738	95.01233	0
72	19	522.8396	429.3235	0
72	20	500.5883	319.2734	0
72	21	523.4396	626.5923	0
72	22	549.2742	564.2808	0
72	23	397.4096	274.025	0
72	24	318.4542	63.2384	0
72	25	542.1138	401.7377	0
72	26	435.6766	163.4036	0
72	27	464.3302	131.6453	0
72	28	457.7543	623.5339	0
72	29	251.4383	60.74277	0
72	30	259.5093	107.4209	0
72	31	561.682	465.3294	0
72	32	202.9464	-32.01349	0
72	33	306.7073	12.92557	0
72	34	386.8506	409.0919	0
72	35	617.015	566.6814	0
72	36	453.0946	413.8181	0
72	37	398.6807	323.4942	0
72	38	590.2117	434.5908	0
72	39	327.3137	111.0597	0
72	40	372.7029	16.88104	0
72	41	443.1836	367.0023	0
72	42	475.191	397.3015	0
72	43	431.8126	315.6804	0
73	1	401.4916	361.332	0
73	2	416.6735	98.45602	0
73	3	376.6282	363.8286	0
73	4	329.2541	271.1199	0
73	5	528.7977	509.3317	0
73	6	491.2752	266.3679	0
73	7	469.049	369.6666	0
73	8	537.7455	373.2598	0
73	9	410.3294	71.08856	0
73	10	494.1529	461.5221	0
73	11	270.9599	-28.13086	0
73	12	276.0254	60.11301	0
73	13	330.3934	320.01	0
73	14	395.8082	127.9175	0
73	15	342.6658	67.99713	0
73	16	423.1668	260.4881	0
73	17	368.9214	159.0137	0
73	18	346.9738	95.01233	0
73	19	522.8396	429.3235	0
73	20	500.5883	319.2734	0
73	21	523.4396	626.5923	0
73	22	549.2742	564.2808	0
73	23	397.4096	274.025	0
73	24	318.4542	63.2384	0
73	25	542.1138	401.7377	0
73	26	435.6766	163.4036	0
73	27	464.3302	131.6453	0
73	28	457.7543	623.5339	0
73	29	251.4383	60.74277	0
73	30	259.5093	107.4209	0
73	31	561.682	465.3294	0
73	32	202.9464	-32.01349	0
73	33	306.7073	12.92557	0
73	34	386.8506	409.0919	0
73	35	617.015	566.6814	0
73	36	453.0946	413.8181	0
73	37	398.6807	323.4942	0
73	38	590.2117	434.5908	0
73	39	327.3137	111.0597	0
73	40	372.7029	16.88104	0
73	41	443.1836	367.0023	0
73	42	475.191	397.3015	0
73	43	431.8126	315.6804	0
74	1	401.4916	361.332	0
74	2	416.6735	98.45602	0
74	3	376.6282	363.8286	0
74	4	329.2541	271.1199	0
74	5	528.7977	509.3317	0
74	6	491.2752	266.3679	0
74	7	469.049	369.6666	0
74	8	537.7455	373.2598	0
74	9	410.3294	71.08856	0
74	10	494.1529	461.5221	0
74	11	270.9599	-28.13086	0
74	12	276.0254	60.11301	0
74	13	330.3934	320.01	0
74	14	395.8082	127.9175	0
74	15	342.6658	67.99713	0
74	16	423.1668	260.4881	0
74	17	368.9214	159.0137	0
74	18	346.9738	95.01233	0
74	19	522.8396	429.3235	0
74	20	500.5883	319.2734	0
74	21	523.4396	626.5923	0
74	22	549.2742	564.2808	0
74	23	397.4096	274.025	0
74	24	318.4542	63.2384	0
74	25	542.1138	401.7377	0
74	26	435.6766	163.4036	0
74	27	464.3302	131.6453	0
74	28	457.7543	623.5339	0
74	29	251.4383	60.74277	0
74	30	259.5093	107.4209	0
74	31	561.682	465.3294	0
74	32	202.9464	-32.01349	0
74	33	306.7073	12.92557	0
74	34	386.8506	409.0919	0
74	35	617.015	566.6814	0
74	36	453.0946	413.8181	0
74	37	398.6807	323.4942	0
74	38	590.2117	434.5908	0
74	39	327.3137	111.0597	0
74	40	372.7029	16.88104	0
74	41	443.1836	367.0023	0
74	42	475.191	397.3015	0
74	43	431.8126	315.6804	0
75	1	401.4916	361.332	0
75	2	416.6735	98.45602	0
75	3	376.6282	363.8286	0
75	4	329.2541	271.1199	0
75	5	528.7977	509.3317	0
75	6	491.2752	266.3679	0
75	7	469.049	369.6666	0
75	8	537.7455	373.2598	0
75	9	410.3294	71.08856	0
75	10	494.1529	461.5221	0
75	11	270.9599	-28.13086	0
75	12	276.0254	60.11301	0
75	13	330.3934	320.01	0
75	14	395.8082	127.9175	0
75	15	342.6658	67.99713	0
75	16	423.1668	260.4881	0
75	17	368.9214	159.0137	0
75	18	346.9738	95.01233	0
75	19	522.8396	429.3235	0
75	20	500.5883	319.2734	0
75	21	523.4396	626.5923	0
75	22	549.2742	564.2808	0
75	23	397.4096	274.025	0
75	24	318.4542	63.2384	0
75	25	542.1138	401.7377	0
75	26	435.6766	163.4036	0
75	27	464.3302	131.6453	0
75	28	457.7543	623.5339	0
75	29	251.4383	60.74277	0
75	30	259.5093	107.4209	0
75	31	561.682	465.3294	0
75	32	202.9464	-32.01349	0
75	33	306.7073	12.92557	0
75	34	386.8506	409.0919	0
75	35	617.015	566.6814	0
75	36	453.0946	413.8181	0
75	37	398.6807	323.4942	0
75	38	590.2117	434.5908	0
75	39	327.3137	111.0597	0
75	40	372.7029	16.88104	0
75	41	443.1836	367.0023	0
75	42	475.191	397.3015	0
75	43	431.8126	315.6804	0
76	1	401.4916	361.332	0
76	2	416.6735	98.45602	0
76	3	376.6282	363.8286	0
76	4	329.2541	271.1199	0
76	5	528.7977	509.3317	0
76	6	491.2752	266.3679	0
76	7	469.049	369.6666	0
76	8	537.7455	373.2598	0
76	9	410.3294	71.08856	0
76	10	494.1529	461.5221	0
76	11	270.9599	-28.13086	0
76	12	276.0254	60.11301	0
76	13	330.3934	320.01	0
76	14	395.8082	127.9175	0
76	15	342.6658	67.99713	0
76	16	423.1668	260.4881	0
76	17	368.9214	159.0137	0
76	18	346.9738	95.01233	0
76	19	522.8396	429.3235	0
76	20	500.5883	319.2734	0
76	21	523.4396	626.5923	0
76	22	549.2742	564.2808	0
76	23	397.4096	274.025	0
76	24	318.4542	63.2384	0
76	25	542.1138	401.7377	0
76	26	435.6766	163.4036	0
76	27	464.3302	131.6453	0
76	28	457.7543	623.5339	0
76	29	251.4383	60.74277	0
76	30	259.5093	107.4209	0
76	31	561.682	465.3294	0
76	32	202.9464	-32.01349	0
76	33	306.7073	12.92557	0
76	34	386.8506	409.0919	0
76	35	617.015	566.6814	0
76	36	453.0946	413.8181	0
76	37	398.6807	323.4942	0
76	38	590.2117	434.5908	0
76	39	327.3137	111.0597	0
76	40	372.7029	16.88104	0
76	41	443.1836	367.0023	0
76	42	475.191	397.3015	0
76	43	431.8126	315.6804	0
77	1	401.4916	361.332	0
77	2	416.6735	98.45602	0
77	3	376.6282	363.8286	0
77	4	329.2541	271.1199	0
77	5	528.7977	509.3317	0
77	6	491.2752	266.3679	0
77	7	469.049	369.6666	0
77	8	537.7455	373.2598	0
77	9	410.3294	71.08856	0
77	10	494.1529	461.5221	0
77	11	270.9599	-28.13086	0
77	12	276.0254	60.11301	0
77	13	330.3934	320.01	0
77	14	395.8082	127.9175	0
77	15	342.6658	67.99713	0
77	16	423.1668	260.4881	0
77	17	368.9214	159.0137	0
77	18	346.9738	95.01233	0
77	19	522.8396	429.3235	0
77	20	500.5883	319.2734	0
77	21	523.4396	626.5923	0
77	22	549.2742	564.2808	0
77	23	397.4096	274.025	0
77	24	318.4542	63.2384	0
77	25	542.1138	401.7377	0
77	26	435.6766	163.4036	0
77	27	464.3302	131.6453	0
77	28	457.7543	623.5339	0
77	29	251.4383	60.74277	0
77	30	259.5093	107.4209	0
77	31	561.682	465.3294	0
77	32	202.9464	-32.01349	0
77	33	306.7073	12.92557	0
77	34	386.8506	409.0919	0
77	35	617.015	566.6814	0
77	36	453.0946	413.8181	0
77	37	398.6807	323.4942	0
77	38	590.2117	434.5908	0
77	39	327.3137	111.0597	0
77	40	372.7029	16.88104	0
77	41	443.1836	367.0023	0
77	42	475.191	397.3015	0
77	43	431.8126	315.6804	0
78	1	401.4916	361.332	0
78	2	416.6735	98.45602	0
78	3	376.6282	363.8286	0
78	4	329.2541	271.1199	0
78	5	528.7977	509.3317	0
78	6	491.2752	266.3679	0
78	7	469.049	369.6666	0
78	8	537.7455	373.2598	0
78	9	410.3294	71.08856	0
78	10	494.1529	461.5221	0
78	11	270.9599	-28.13086	0
78	12	276.0254	60.11301	0
78	13	330.3934	320.01	0
78	14	395.8082	127.9175	0
78	15	342.6658	67.99713	0
78	16	423.1668	260.4881	0
78	17	368.9214	159.0137	0
78	18	346.9738	95.01233	0
78	19	522.8396	429.3235	0
78	20	500.5883	319.2734	0
78	21	523.4396	626.5923	0
78	22	549.2742	564.2808	0
78	23	397.4096	274.025	0
78	24	318.4542	63.2384	0
78	25	542.1138	401.7377	0
78	26	435.6766	163.4036	0
78	27	464.3302	131.6453	0
78	28	457.7543	623.5339	0
78	29	251.4383	60.74277	0
78	30	259.5093	107.4209	0
78	31	561.682	465.3294	0
78	32	202.9464	-32.01349	0
78	33	306.7073	12.92557	0
78	34	386.8506	409.0919	0
78	35	617.015	566.6814	0
78	36	453.0946	413.8181	0
78	37	398.6807	323.4942	0
78	38	590.2117	434.5908	0
78	39	327.3137	111.0597	0
78	40	372.7029	16.88104	0
78	41	443.1836	367.0023	0
78	42	475.191	397.3015	0
78	43	431.8126	315.6804	0
79	1	401.4916	361.332	0
79	2	416.6735	98.45602	0
79	3	376.6282	363.8286	0
79	4	329.2541	271.1199	0
79	5	528.7977	509.3317	0
79	6	491.2752	266.3679	0
79	7	469.049	369.6666	0
79	8	537.7455	373.2598	0
79	9	410.3294	71.08856	0
79	10	494.1529	461.5221	0
79	11	270.9599	-28.13086	0
79	12	276.0254	60.11301	0
79	13	330.3934	320.01	0
79	14	395.8082	127.9175	0
79	15	342.6658	67.99713	0
79	16	423.1668	260.4881	0
79	17	368.9214	159.0137	0
79	18	346.9738	95.01233	0
79	19	522.8396	429.3235	0
79	20	500.5883	319.2734	0
79	21	523.4396	626.5923	0
79	22	549.2742	564.2808	0
79	23	397.4096	274.025	0
79	24	318.4542	63.2384	0
79	25	542.1138	401.7377	0
79	26	435.6766	163.4036	0
79	27	464.3302	131.6453	0
79	28	457.7543	623.5339	0
79	29	251.4383	60.74277	0
79	30	259.5093	107.4209	0
79	31	561.682	465.3294	0
79	32	202.9464	-32.01349	0
79	33	306.7073	12.92557	0
79	34	386.8506	409.0919	0
79	35	617.015	566.6814	0
79	36	453.0946	413.8181	0
79	37	398.6807	323.4942	0
79	38	590.2117	434.5908	0
79	39	327.3137	111.0597	0
79	40	372.7029	16.88104	0
79	41	443.1836	367.0023	0
79	42	475.191	397.3015	0
79	43	431.8126	315.6804	0
80	1	401.4916	361.332	0
80	2	416.6735	98.45602	0
80	3	376.6282	363.8286	0
80	4	329.2541	271.1199	0
80	5	528.7977	509.3317	0
80	6	491.2752	266.3679	0
80	7	469.049	369.6666	0
80	8	537.7455	373.2598	0
80	9	410.3294	71.08856	0
80	10	494.1529	461.5221	0
80	11	270.9599	-28.13086	0
80	12	276.0254	60.11301	0
80	13	330.3934	320.01	0
80	14	395.8082	127.9175	0
80	15	342.6658	67.99713	0
80	16	423.1668	260.4881	0
80	17	368.9214	159.0137	0
80	18	346.9738	95.01233	0
80	19	522.8396	429.3235	0
80	20	500.5883	319.2734	0
80	21	523.4396	626.5923	0
80	22	549.2742	564.2808	0
80	23	397.4096	274.025	0
80	24	318.4542	63.2384	0
80	25	542.1138	401.7377	0
80	26	435.6766	163.4036	0
80	27	464.3302	131.6453	0
80	28	457.7543	623.5339	0
80	29	251.4383	60.74277	0
80	30	259.5093	107.4209	0
80	31	561.682	465.3294	0
80	32	202.9464	-32.01349	0
80	33	306.7073	12.92557	0
80	34	386.8506	409.0919	0
80	35	617.015	566.6814	0
80	36	453.0946	413.8181	0
80	37	398.6807	323.4942	0
80	38	590.2117	434.5908	0
80	39	327.3137	111.0597	0
80	40	372.7029	16.88104	0
80	41	443.1836	367.0023	0
80	42	475.191	397.3015	0
80	43	431.8126	315.6804	0
81	1	401.4916	361.332	0
81	2	416.6735	98.45602	0
81	3	376.6282	363.8286	0
81	4	329.2541	271.1199	0
81	5	528.7977	509.3317	0
81	6	491.2752	266.3679	0
81	7	469.049	369.6666	0
81	8	537.7455	373.2598	0
81	9	410.3294	71.08856	0
81	10	494.1529	461.5221	0
81	11	270.9599	-28.13086	0
81	12	276.0254	60.11301	0
81	13	330.3934	320.01	0
81	14	395.8082	127.9175	0
81	15	342.6658	67.99713	0
81	16	423.1668	260.4881	0
81	17	368.9214	159.0137	0
81	18	346.9738	95.01233	0
81	19	522.8396	429.3235	0
81	20	500.5883	319.2734	0
81	21	523.4396	626.5923	0
81	22	549.2742	564.2808	0
81	23	397.4096	274.025	0
81	24	318.4542	63.2384	0
81	25	542.1138	401.7377	0
81	26	435.6766	163.4036	0
81	27	464.3302	131.6453	0
81	28	457.7543	623.5339	0
81	29	251.4383	60.74277	0
81	30	259.5093	107.4209	0
81	31	561.682	465.3294	0
81	32	202.9464	-32.01349	0
81	33	306.7073	12.92557	0
81	34	386.8506	409.0919	0
81	35	617.015	566.6814	0
81	36	453.0946	413.8181	0
81	37	398.6807	323.4942	0
81	38	590.2117	434.5908	0
81	39	327.3137	111.0597	0
81	40	372.7029	16.88104	0
81	41	443.1836	367.0023	0
81	42	475.191	397.3015	0
81	43	431.8126	315.6804	0
82	1	401.4916	361.332	0
82	2	416.6735	98.45602	0
82	3	376.6282	363.8286	0
82	4	329.2541	271.1199	0
82	5	528.7977	509.3317	0
82	6	491.2752	266.3679	0
82	7	469.049	369.6666	0
82	8	537.7455	373.2598	0
82	9	410.3294	71.08856	0
82	10	494.1529	461.5221	0
82	11	270.9599	-28.13086	0
82	12	276.0254	60.11301	0
82	13	330.3934	320.01	0
82	14	395.8082	127.9175	0
82	15	342.6658	67.99713	0
82	16	423.1668	260.4881	0
82	17	368.9214	159.0137	0
82	18	346.9738	95.01233	0
82	19	522.8396	429.3235	0
82	20	500.5883	319.2734	0
82	21	523.4396	626.5923	0
82	22	549.2742	564.2808	0
82	23	397.4096	274.025	0
82	24	318.4542	63.2384	0
82	25	542.1138	401.7377	0
82	26	435.6766	163.4036	0
82	27	464.3302	131.6453	0
82	28	457.7543	623.5339	0
82	29	251.4383	60.74277	0
82	30	259.5093	107.4209	0
82	31	561.682	465.3294	0
82	32	202.9464	-32.01349	0
82	33	306.7073	12.92557	0
82	34	386.8506	409.0919	0
82	35	617.015	566.6814	0
82	36	453.0946	413.8181	0
82	37	398.6807	323.4942	0
82	38	590.2117	434.5908	0
82	39	327.3137	111.0597	0
82	40	372.7029	16.88104	0
82	41	443.1836	367.0023	0
82	42	475.191	397.3015	0
82	43	431.8126	315.6804	0
83	1	401.4916	361.332	0
83	2	416.6735	98.45602	0
83	3	376.6282	363.8286	0
83	4	329.2541	271.1199	0
83	5	528.7977	509.3317	0
83	6	491.2752	266.3679	0
83	7	469.049	369.6666	0
83	8	537.7455	373.2598	0
83	9	410.3294	71.08856	0
83	10	494.1529	461.5221	0
83	11	270.9599	-28.13086	0
83	12	276.0254	60.11301	0
83	13	330.3934	320.01	0
83	14	395.8082	127.9175	0
83	15	342.6658	67.99713	0
83	16	423.1668	260.4881	0
83	17	368.9214	159.0137	0
83	18	346.9738	95.01233	0
83	19	522.8396	429.3235	0
83	20	500.5883	319.2734	0
83	21	523.4396	626.5923	0
83	22	549.2742	564.2808	0
83	23	397.4096	274.025	0
83	24	318.4542	63.2384	0
83	25	542.1138	401.7377	0
83	26	435.6766	163.4036	0
83	27	464.3302	131.6453	0
83	28	457.7543	623.5339	0
83	29	251.4383	60.74277	0
83	30	259.5093	107.4209	0
83	31	561.682	465.3294	0
83	32	202.9464	-32.01349	0
83	33	306.7073	12.92557	0
83	34	386.8506	409.0919	0
83	35	617.015	566.6814	0
83	36	453.0946	413.8181	0
83	37	398.6807	323.4942	0
83	38	590.2117	434.5908	0
83	39	327.3137	111.0597	0
83	40	372.7029	16.88104	0
83	41	443.1836	367.0023	0
83	42	475.191	397.3015	0
83	43	431.8126	315.6804	0
84	1	401.4916	361.332	0
84	2	416.6735	98.45602	0
84	3	376.6282	363.8286	0
84	4	329.2541	271.1199	0
84	5	528.7977	509.3317	0
84	6	491.2752	266.3679	0
84	7	469.049	369.6666	0
84	8	537.7455	373.2598	0
84	9	410.3294	71.08856	0
84	10	494.1529	461.5221	0
84	11	270.9599	-28.13086	0
84	12	276.0254	60.11301	0
84	13	330.3934	320.01	0
84	14	395.8082	127.9175	0
84	15	342.6658	67.99713	0
84	16	423.1668	260.4881	0
84	17	368.9214	159.0137	0
84	18	346.9738	95.01233	0
84	19	522.8396	429.3235	0
84	20	500.5883	319.2734	0
84	21	523.4396	626.5923	0
84	22	549.2742	564.2808	0
84	23	397.4096	274.025	0
84	24	318.4542	63.2384	0
84	25	542.1138	401.7377	0
84	26	435.6766	163.4036	0
84	27	464.3302	131.6453	0
84	28	457.7543	623.5339	0
84	29	251.4383	60.74277	0
84	30	259.5093	107.4209	0
84	31	561.682	465.3294	0
84	32	202.9464	-32.01349	0
84	33	306.7073	12.92557	0
84	34	386.8506	409.0919	0
84	35	617.015	566.6814	0
84	36	453.0946	413.8181	0
84	37	398.6807	323.4942	0
84	38	590.2117	434.5908	0
84	39	327.3137	111.0597	0
84	40	372.7029	16.88104	0
84	41	443.1836	367.0023	0
84	42	475.191	397.3015	0
84	43	431.8126	315.6804	0
85	1	401.4916	361.332	0
85	2	416.6735	98.45602	0
85	3	376.6282	363.8286	0
85	4	329.2541	271.1199	0
85	5	528.7977	509.3317	0
85	6	491.2752	266.3679	0
85	7	469.049	369.6666	0
85	8	537.7455	373.2598	0
85	9	410.3294	71.08856	0
85	10	494.1529	461.5221	0
85	11	270.9599	-28.13086	0
85	12	276.0254	60.11301	0
85	13	330.3934	320.01	0
85	14	395.8082	127.9175	0
85	15	342.6658	67.99713	0
85	16	423.1668	260.4881	0
85	17	368.9214	159.0137	0
85	18	346.9738	95.01233	0
85	19	522.8396	429.3235	0
85	20	500.5883	319.2734	0
85	21	523.4396	626.5923	0
85	22	549.2742	564.2808	0
85	23	397.4096	274.025	0
85	24	318.4542	63.2384	0
85	25	542.1138	401.7377	0
85	26	435.6766	163.4036	0
85	27	464.3302	131.6453	0
85	28	457.7543	623.5339	0
85	29	251.4383	60.74277	0
85	30	259.5093	107.4209	0
85	31	561.682	465.3294	0
85	32	202.9464	-32.01349	0
85	33	306.7073	12.92557	0
85	34	386.8506	409.0919	0
85	35	617.015	566.6814	0
85	36	453.0946	413.8181	0
85	37	398.6807	323.4942	0
85	38	590.2117	434.5908	0
85	39	327.3137	111.0597	0
85	40	372.7029	16.88104	0
85	41	443.1836	367.0023	0
85	42	475.191	397.3015	0
85	43	431.8126	315.6804	0
86	1	401.4916	361.332	0
86	2	416.6735	98.45602	0
86	3	376.6282	363.8286	0
86	4	329.2541	271.1199	0
86	5	528.7977	509.3317	0
86	6	491.2752	266.3679	0
86	7	469.049	369.6666	0
86	8	537.7455	373.2598	0
86	9	410.3294	71.08856	0
86	10	494.1529	461.5221	0
86	11	270.9599	-28.13086	0
86	12	276.0254	60.11301	0
86	13	330.3934	320.01	0
86	14	395.8082	127.9175	0
86	15	342.6658	67.99713	0
86	16	423.1668	260.4881	0
86	17	368.9214	159.0137	0
86	18	346.9738	95.01233	0
86	19	522.8396	429.3235	0
86	20	500.5883	319.2734	0
86	21	523.4396	626.5923	0
86	22	549.2742	564.2808	0
86	23	397.4096	274.025	0
86	24	318.4542	63.2384	0
86	25	542.1138	401.7377	0
86	26	435.6766	163.4036	0
86	27	464.3302	131.6453	0
86	28	457.7543	623.5339	0
86	29	251.4383	60.74277	0
86	30	259.5093	107.4209	0
86	31	561.682	465.3294	0
86	32	202.9464	-32.01349	0
86	33	306.7073	12.92557	0
86	34	386.8506	409.0919	0
86	35	617.015	566.6814	0
86	36	453.0946	413.8181	0
86	37	398.6807	323.4942	0
86	38	590.2117	434.5908	0
86	39	327.3137	111.0597	0
86	40	372.7029	16.88104	0
86	41	443.1836	367.0023	0
86	42	475.191	397.3015	0
86	43	431.8126	315.6804	0
87	1	401.4916	361.332	0
87	2	416.6735	98.45602	0
87	3	376.6282	363.8286	0
87	4	329.2541	271.1199	0
87	5	528.7977	509.3317	0
87	6	491.2752	266.3679	0
87	7	469.049	369.6666	0
87	8	537.7455	373.2598	0
87	9	410.3294	71.08856	0
87	10	494.1529	461.5221	0
87	11	270.9599	-28.13086	0
87	12	276.0254	60.11301	0
87	13	330.3934	320.01	0
87	14	395.8082	127.9175	0
87	15	342.6658	67.99713	0
87	16	423.1668	260.4881	0
87	17	368.9214	159.0137	0
87	18	346.9738	95.01233	0
87	19	522.8396	429.3235	0
87	20	500.5883	319.2734	0
87	21	523.4396	626.5923	0
87	22	549.2742	564.2808	0
87	23	397.4096	274.025	0
87	24	318.4542	63.2384	0
87	25	542.1138	401.7377	0
87	26	435.6766	163.4036	0
87	27	464.3302	131.6453	0
87	28	457.7543	623.5339	0
87	29	251.4383	60.74277	0
87	30	259.5093	107.4209	0
87	31	561.682	465.3294	0
87	32	202.9464	-32.01349	0
87	33	306.7073	12.92557	0
87	34	386.8506	409.0919	0
87	35	617.015	566.6814	0
87	36	453.0946	413.8181	0
87	37	398.6807	323.4942	0
87	38	590.2117	434.5908	0
87	39	327.3137	111.0597	0
87	40	372.7029	16.88104	0
87	41	443.1836	367.0023	0
87	42	475.191	397.3015	0
87	43	431.8126	315.6804	0
88	1	401.4916	361.332	0
88	2	416.6735	98.45602	0
88	3	376.6282	363.8286	0
88	4	329.2541	271.1199	0
88	5	528.7977	509.3317	0
88	6	491.2752	266.3679	0
88	7	469.049	369.6666	0
88	8	537.7455	373.2598	0
88	9	410.3294	71.08856	0
88	10	494.1529	461.5221	0
88	11	270.9599	-28.13086	0
88	12	276.0254	60.11301	0
88	13	330.3934	320.01	0
88	14	395.8082	127.9175	0
88	15	342.6658	67.99713	0
88	16	423.1668	260.4881	0
88	17	368.9214	159.0137	0
88	18	346.9738	95.01233	0
88	19	522.8396	429.3235	0
88	20	500.5883	319.2734	0
88	21	523.4396	626.5923	0
88	22	549.2742	564.2808	0
88	23	397.4096	274.025	0
88	24	318.4542	63.2384	0
88	25	542.1138	401.7377	0
88	26	435.6766	163.4036	0
88	27	464.3302	131.6453	0
88	28	457.7543	623.5339	0
88	29	251.4383	60.74277	0
88	30	259.5093	107.4209	0
88	31	561.682	465.3294	0
88	32	202.9464	-32.01349	0
88	33	306.7073	12.92557	0
88	34	386.8506	409.0919	0
88	35	617.015	566.6814	0
88	36	453.0946	413.8181	0
88	37	398.6807	323.4942	0
88	38	590.2117	434.5908	0
88	39	327.3137	111.0597	0
88	40	372.7029	16.88104	0
88	41	443.1836	367.0023	0
88	42	475.191	397.3015	0
88	43	431.8126	315.6804	0
89	1	401.4916	361.332	0
89	2	416.6735	98.45602	0
89	3	376.6282	363.8286	0
89	4	329.2541	271.1199	0
89	5	528.7977	509.3317	0
89	6	491.2752	266.3679	0
89	7	469.049	369.6666	0
89	8	537.7455	373.2598	0
89	9	410.3294	71.08856	0
89	10	494.1529	461.5221	0
89	11	270.9599	-28.13086	0
89	12	276.0254	60.11301	0
89	13	330.3934	320.01	0
89	14	395.8082	127.9175	0
89	15	342.6658	67.99713	0
89	16	423.1668	260.4881	0
89	17	368.9214	159.0137	0
89	18	346.9738	95.01233	0
89	19	522.8396	429.3235	0
89	20	500.5883	319.2734	0
89	21	523.4396	626.5923	0
89	22	549.2742	564.2808	0
89	23	397.4096	274.025	0
89	24	318.4542	63.2384	0
89	25	542.1138	401.7377	0
89	26	435.6766	163.4036	0
89	27	464.3302	131.6453	0
89	28	457.7543	623.5339	0
89	29	251.4383	60.74277	0
89	30	259.5093	107.4209	0
89	31	561.682	465.3294	0
89	32	202.9464	-32.01349	0
89	33	306.7073	12.92557	0
89	34	386.8506	409.0919	0
89	35	617.015	566.6814	0
89	36	453.0946	413.8181	0
89	37	398.6807	323.4942	0
89	38	590.2117	434.5908	0
89	39	327.3137	111.0597	0
89	40	372.7029	16.88104	0
89	41	443.1836	367.0023	0
89	42	475.191	397.3015	0
89	43	431.8126	315.6804	0
90	1	401.4916	361.332	0
90	2	416.6735	98.45602	0
90	3	376.6282	363.8286	0
90	4	329.2541	271.1199	0
90	5	528.7977	509.3317	0
90	6	491.2752	266.3679	0
90	7	469.049	369.6666	0
90	8	537.7455	373.2598	0
90	9	410.3294	71.08856	0
90	10	494.1529	461.5221	0
90	11	270.9599	-28.13086	0
90	12	276.0254	60.11301	0
90	13	330.3934	320.01	0
90	14	395.8082	127.9175	0
90	15	342.6658	67.99713	0
90	16	423.1668	260.4881	0
90	17	368.9214	159.0137	0
90	18	346.9738	95.01233	0
90	19	522.8396	429.3235	0
90	20	500.5883	319.2734	0
90	21	523.4396	626.5923	0
90	22	549.2742	564.2808	0
90	23	397.4096	274.025	0
90	24	318.4542	63.2384	0
90	25	542.1138	401.7377	0
90	26	435.6766	163.4036	0
90	27	464.3302	131.6453	0
90	28	457.7543	623.5339	0
90	29	251.4383	60.74277	0
90	30	259.5093	107.4209	0
90	31	561.682	465.3294	0
90	32	202.9464	-32.01349	0
90	33	306.7073	12.92557	0
90	34	386.8506	409.0919	0
90	35	617.015	566.6814	0
90	36	453.0946	413.8181	0
90	37	398.6807	323.4942	0
90	38	590.2117	434.5908	0
90	39	327.3137	111.0597	0
90	40	372.7029	16.88104	0
90	41	443.1836	367.0023	0
90	42	475.191	397.3015	0
90	43	431.8126	315.6804	0
91	1	401.4916	361.332	0
91	2	416.6735	98.45602	0
91	3	376.6282	363.8286	0
91	4	329.2541	271.1199	0
91	5	528.7977	509.3317	0
91	6	491.2752	266.3679	0
91	7	469.049	369.6666	0
91	8	537.7455	373.2598	0
91	9	410.3294	71.08856	0
91	10	494.1529	461.5221	0
91	11	270.9599	-28.13086	0
91	12	276.0254	60.11301	0
91	13	330.3934	320.01	0
91	14	395.8082	127.9175	0
91	15	342.6658	67.99713	0
91	16	423.1668	260.4881	0
91	17	368.9214	159.0137	0
91	18	346.9738	95.01233	0
91	19	522.8396	429.3235	0
91	20	500.5883	319.2734	0
91	21	523.4396	626.5923	0
91	22	549.2742	564.2808	0
91	23	397.4096	274.025	0
91	24	318.4542	63.2384	0
91	25	542.1138	401.7377	0
91	26	435.6766	163.4036	0
91	27	464.3302	131.6453	0
91	28	457.7543	623.5339	0
91	29	251.4383	60.74277	0
91	30	259.5093	107.4209	0
91	31	561.682	465.3294	0
91	32	202.9464	-32.01349	0
91	33	306.7073	12.92557	0
91	34	386.8506	409.0919	0
91	35	617.015	566.6814	0
91	36	453.0946	413.8181	0
91	37	398.6807	323.4942	0
91	38	590.2117	434.5908	0
91	39	327.3137	111.0597	0
91	40	372.7029	16.88104	0
91	41	443.1836	367.0023	0
91	42	475.191	397.3015	0
91	43	431.8126	315.6804	0
92	1	401.4916	361.332	0
92	2	416.6735	98.45602	0
92	3	376.6282	363.8286	0
92	4	329.2541	271.1199	0
92	5	528.7977	509.3317	0
92	6	491.2752	266.3679	0
92	7	469.049	369.6666	0
92	8	537.7455	373.2598	0
92	9	410.3294	71.08856	0
92	10	494.1529	461.5221	0
92	11	270.9599	-28.13086	0
92	12	276.0254	60.11301	0
92	13	330.3934	320.01	0
92	14	395.8082	127.9175	0
92	15	342.6658	67.99713	0
92	16	423.1668	260.4881	0
92	17	368.9214	159.0137	0
92	18	346.9738	95.01233	0
92	19	522.8396	429.3235	0
92	20	500.5883	319.2734	0
92	21	523.4396	626.5923	0
92	22	549.2742	564.2808	0
92	23	397.4096	274.025	0
92	24	318.4542	63.2384	0
92	25	542.1138	401.7377	0
92	26	435.6766	163.4036	0
92	27	464.3302	131.6453	0
92	28	457.7543	623.5339	0
92	29	251.4383	60.74277	0
92	30	259.5093	107.4209	0
92	31	561.682	465.3294	0
92	32	202.9464	-32.01349	0
92	33	306.7073	12.92557	0
92	34	386.8506	409.0919	0
92	35	617.015	566.6814	0
92	36	453.0946	413.8181	0
92	37	398.6807	323.4942	0
92	38	590.2117	434.5908	0
92	39	327.3137	111.0597	0
92	40	372.7029	16.88104	0
92	41	443.1836	367.0023	0
92	42	475.191	397.3015	0
92	43	431.8126	315.6804	0
93	1	401.4916	361.332	0
93	2	416.6735	98.45602	0
93	3	376.6282	363.8286	0
93	4	329.2541	271.1199	0
93	5	528.7977	509.3317	0
93	6	491.2752	266.3679	0
93	7	469.049	369.6666	0
93	8	537.7455	373.2598	0
93	9	410.3294	71.08856	0
93	10	494.1529	461.5221	0
93	11	270.9599	-28.13086	0
93	12	276.0254	60.11301	0
93	13	330.3934	320.01	0
93	14	395.8082	127.9175	0
93	15	342.6658	67.99713	0
93	16	423.1668	260.4881	0
93	17	368.9214	159.0137	0
93	18	346.9738	95.01233	0
93	19	522.8396	429.3235	0
93	20	500.5883	319.2734	0
93	21	523.4396	626.5923	0
93	22	549.2742	564.2808	0
93	23	397.4096	274.025	0
93	24	318.4542	63.2384	0
93	25	542.1138	401.7377	0
93	26	435.6766	163.4036	0
93	27	464.3302	131.6453	0
93	28	457.7543	623.5339	0
93	29	251.4383	60.74277	0
93	30	259.5093	107.4209	0
93	31	561.682	465.3294	0
93	32	202.9464	-32.01349	0
93	33	306.7073	12.92557	0
93	34	386.8506	409.0919	0
93	35	617.015	566.6814	0
93	36	453.0946	413.8181	0
93	37	398.6807	323.4942	0
93	38	590.2117	434.5908	0
93	39	327.3137	111.0597	0
93	40	372.7029	16.88104	0
93	41	443.1836	367.0023	0
93	42	475.191	397.3015	0
93	43	431.8126	315.6804	0
94	1	401.4916	361.332	0
94	2	416.6735	98.45602	0
94	3	376.6282	363.8286	0
94	4	329.2541	271.1199	0
94	5	528.7977	509.3317	0
94	6	491.2752	266.3679	0
94	7	469.049	369.6666	0
94	8	537.7455	373.2598	0
94	9	410.3294	71.08856	0
94	10	494.1529	461.5221	0
94	11	270.9599	-28.13086	0
94	12	276.0254	60.11301	0
94	13	330.3934	320.01	0
94	14	395.8082	127.9175	0
94	15	342.6658	67.99713	0
94	16	423.1668	260.4881	0
94	17	368.9214	159.0137	0
94	18	346.9738	95.01233	0
94	19	522.8396	429.3235	0
94	20	500.5883	319.2734	0
94	21	523.4396	626.5923	0
94	22	549.2742	564.2808	0
94	23	397.4096	274.025	0
94	24	318.4542	63.2384	0
94	25	542.1138	401.7377	0
94	26	435.6766	163.4036	0
94	27	464.3302	131.6453	0
94	28	457.7543	623.5339	0
94	29	251.4383	60.74277	0
94	30	259.5093	107.4209	0
94	31	561.682	465.3294	0
94	32	202.9464	-32.01349	0
94	33	306.7073	12.92557	0
94	34	386.8506	409.0919	0
94	35	617.015	566.6814	0
94	36	453.0946	413.8181	0
94	37	398.6807	323.4942	0
94	38	590.2117	434.5908	0
94	39	327.3137	111.0597	0
94	40	372.7029	16.88104	0
94	41	443.1836	367.0023	0
94	42	475.191	397.3015	0
94	43	431.8126	315.6804	0
95	1	401.4916	361.332	0
95	2	416.6735	98.45602	0
95	3	376.6282	363.8286	0
95	4	329.2541	271.1199	0
95	5	528.7977	509.3317	0
95	6	491.2752	266.3679	0
95	7	469.049	369.6666	0
95	8	537.7455	373.2598	0
95	9	410.3294	71.08856	0
95	10	494.1529	461.5221	0
95	11	270.9599	-28.13086	0
95	12	276.0254	60.11301	0
95	13	330.3934	320.01	0
95	14	395.8082	127.9175	0
95	15	342.6658	67.99713	0
95	16	423.1668	260.4881	0
95	17	368.9214	159.0137	0
95	18	346.9738	95.01233	0
95	19	522.8396	429.3235	0
95	20	500.5883	319.2734	0
95	21	523.4396	626.5923	0
95	22	549.2742	564.2808	0
95	23	397.4096	274.025	0
95	24	318.4542	63.2384	0
95	25	542.1138	401.7377	0
95	26	435.6766	163.4036	0
95	27	464.3302	131.6453	0
95	28	457.7543	623.5339	0
95	29	251.4383	60.74277	0
95	30	259.5093	107.4209	0
95	31	561.682	465.3294	0
95	32	202.9464	-32.01349	0
95	33	306.7073	12.92557	0
95	34	386.8506	409.0919	0
95	35	617.015	566.6814	0
95	36	453.0946	413.8181	0
95	37	398.6807	323.4942	0
95	38	590.2117	434.5908	0
95	39	327.3137	111.0597	0
95	40	372.7029	16.88104	0
95	41	443.1836	367.0023	0
95	42	475.191	397.3015	0
95	43	431.8126	315.6804	0
96	1	401.4916	361.332	0
96	2	416.6735	98.45602	0
96	3	376.6282	363.8286	0
96	4	329.2541	271.1199	0
96	5	528.7977	509.3317	0
96	6	491.2752	266.3679	0
96	7	469.049	369.6666	0
96	8	537.7455	373.2598	0
96	9	410.3294	71.08856	0
96	10	494.1529	461.5221	0
96	11	270.9599	-28.13086	0
96	12	276.0254	60.11301	0
96	13	330.3934	320.01	0
96	14	395.8082	127.9175	0
96	15	342.6658	67.99713	0
96	16	423.1668	260.4881	0
96	17	368.9214	159.0137	0
96	18	346.9738	95.01233	0
96	19	522.8396	429.3235	0
96	20	500.5883	319.2734	0
96	21	523.4396	626.5923	0
96	22	549.2742	564.2808	0
96	23	397.4096	274.025	0
96	24	318.4542	63.2384	0
96	25	542.1138	401.7377	0
96	26	435.6766	163.4036	0
96	27	464.3302	131.6453	0
96	28	457.7543	623.5339	0
96	29	251.4383	60.74277	0
96	30	259.5093	107.4209	0
96	31	561.682	465.3294	0
96	32	202.9464	-32.01349	0
96	33	306.7073	12.92557	0
96	34	386.8506	409.0919	0
96	35	617.015	566.6814	0
96	36	453.0946	413.8181	0
96	37	398.6807	323.4942	0
96	38	590.2117	434.5908	0
96	39	327.3137	111.0597	0
96	40	372.7029	16.88104	0
96	41	443.1836	367.0023	0
96	42	475.191	397.3015	0
96	43	431.8126	315.6804	0
97	1	401.4916	361.332	0
97	2	416.6735	98.45602	0
97	3	376.6282	363.8286	0
97	4	329.2541	271.1199	0
97	5	528.7977	509.3317	0
97	6	491.2752	266.3679	0
97	7	469.049	369.6666	0
97	8	537.7455	373.2598	0
97	9	410.3294	71.08856	0
97	10	494.1529	461.5221	0
97	11	270.9599	-28.13086	0
97	12	276.0254	60.11301	0
97	13	330.3934	320.01	0
97	14	395.8082	127.9175	0
97	15	342.6658	67.99713	0
97	16	423.1668	260.4881	0
97	17	368.9214	159.0137	0
97	18	346.9738	95.01233	0
97	19	522.8396	429.3235	0
97	20	500.5883	319.2734	0
97	21	523.4396	626.5923	0
97	22	549.2742	564.2808	0
97	23	397.4096	274.025	0
97	24	318.4542	63.2384	0
97	25	542.1138	401.7377	0
97	26	435.6766	163.4036	0
97	27	464.3302	131.6453	0
97	28	457.7543	623.5339	0
97	29	251.4383	60.74277	0
97	30	259.5093	107.4209	0
97	31	561.682	465.3294	0
97	32	202.9464	-32.01349	0
97	33	306.7073	12.92557	0
97	34	386.8506	409.0919	0
97	35	617.015	566.6814	0
97	36	453.0946	413.8181	0
97	37	398.6807	323.4942	0
97	38	590.2117	434.5908	0
97	39	327.3137	111.0597	0
97	40	372.7029	16.88104	0
97	41	443.1836	367.0023	0
97	42	475.191	397.3015	0
97	43	431.8126	315.6804	0
98	1	401.4916	361.332	0
98	2	416.6735	98.45602	0
98	3	376.6282	363.8286	0
98	4	329.2541	271.1199	0
98	5	528.7977	509.3317	0
98	6	491.2752	266.3679	0
98	7	469.049	369.6666	0
98	8	537.7455	373.2598	0
98	9	410.3294	71.08856	0
98	10	494.1529	461.5221	0
98	11	270.9599	-28.13086	0
98	12	276.0254	60.11301	0
98	13	330.3934	320.01	0
98	14	395.8082	127.9175	0
98	15	342.6658	67.99713	0
98	16	423.1668	260.4881	0
98	17	368.9214	159.0137	0
98	18	346.9738	95.01233	0
98	19	522.8396	429.3235	0
98	20	500.5883	319.2734	0
98	21	523.4396	626.5923	0
98	22	549.2742	564.2808	0
98	23	397.4096	274.025	0
98	24	318.4542	63.2384	0
98	25	542.1138	401.7377	0
98	26	435.6766	163.4036	0
98	27	464.3302	131.6453	0
98	28	457.7543	623.5339	0
98	29	251.4383	60.74277	0
98	30	259.5093	107.4209	0
98	31	561.682	465.3294	0
98	32	202.9464	-32.01349	0
98	33	306.7073	12.92557	0
98	34	386.8506	409.0919	0
98	35	617.015	566.6814	0
98	36	453.0946	413.8181	0
98	37	398.6807	323.4942	0
98	38	590.2117	434.5908	0
98	39	327.3137	111.0597	0
98	40	372.7029	16.88104	0
98	41	443.1836	367.0023	0
98	42	475.191	397.3015	0
98	43	431.8126	315.6804	0
99	1	401.4916	361.332	0
99	2	416.6735	98.45602	0
99	3	376.6282	363.8286	0
99	4	329.2541	271.1199	0
99	5	528.7977	509.3317	0
99	6	491.2752	266.3679	0
99	7	469.049	369.6666	0
99	8	537.7455	373.2598	0
99	9	410.3294	71.08856	0
99	10	494.1529	461.5221	0
99	11	270.9599	-28.13086	0
99	12	276.0254	60.11301	0
99	13	330.3934	320.01	0
99	14	395.8082	127.9175	0
99	15	342.6658	67.99713	0
99	16	423.1668	260.4881	0
99	17	368.9214	159.0137	0
99	18	346.9738	95.01233	0
99	19	522.8396	429.3235	0
99	20	500.5883	319.2734	0
99	21	523.4396	626.5923	0
99	22	549.2742	564.2808	0
99	23	397.4096	274.025	0
99	24	318.4542	63.2384	0
99	25	542.1138	401.7377	0
99	26	435.6766	163.4036	0
99	27	464.3302	131.6453	0
99	28	457.7543	623.5339	0
99	29	251.4383	60.74277	0
99	30	259.5093	107.4209	0
99	31	561.682	465.3294	0
99	32	202.9464	-32.01349	0
99	33	306.7073	12.92557	0
99	34	386.8506	409.0919	0
99	35	617.015	566.6814	0
99	36	453.0946	413.8181	0
99	37	398.6807	323.4942	0
99	38	590.2117	434.5908	0
99	39	327.3137	111.0597	0
99	40	372.7029	16.88104	0
99	41	443.1836	367.0023	0
99	42	475.191	397.3015	0
99	43	431.8126	315.6804	0
100	1	401.4916	361.332	0
100	2	416.6735	98.45602	0
100	3	376.6282	363.8286	0
100	4	329.2541	271.1199	0
100	5	528.7977	509.3317	0
100	6	491.2752	266.3679	0
100	7	469.049	369.6666	0
100	8	537.7455	373.2598	0
100	9	410.3294	71.08856	0
100	10	494.1529	461.5221	0
100	11	270.9599	-28.13086	0
100	12	276.0254	60.11301	0
100	13	330.3934	320.01	0
100	14	395.8082	127.9175	0
100	15	342.6658	67.99713	0
100	16	423.1668	260.4881	0
100	17	368.9214	159.0137	0
100	18	346.9738	95.01233	0
100	19	522.8396	429.3235	0
100	20	500.5883	319.2734	0
100	21	523.4396	626.5923	0
100	22	549.2742	564.2808	0
100	23	397.4096	274.025	0
100	24	318.4542	63.2384	0
100	25	542.1138	401.7377	0
100	26	435.6766	163.4036	0
100	27	464.3302	131.6453	0
100	28	457.7543	623.5339	0
100	29	251.4383	60.74277	0
100	30	259.5093	107.4209	0
100	31	561.682	465.3294	0
100	32	202.9464	-32.01349	0
100	33	306.7073	12.92557	0
100	34	386.8506	409.0919	0
100	35	617.015	566.6814	0
100	36	453.0946	413.8181	0
100	37	398.6807	323.4942	0
100	38	590.2117	434.5908	0
100	39	327.3137	111.0597	0
100	40	372.7029	16.88104	0
100	41	443.1836	367.0023	0
100	42	475.191	397.3015	0
100	43	431.8126	315.6804	0
