63	1	479.6754	117.2168	0
63	2	770.2914	126.6382	0
63	3	478.9521	117.6892	0
63	4	561.2081	107.4842	0
63	5	240.1796	155.4055	0
63	6	616.4418	145.8667	0
63	7	469.8979	129.2703	0
63	8	463.3075	163.7565	0
63	9	798.9603	119.4652	0
63	10	337.4615	146.157	0
63	11	787.6699	107.8406	0
63	12	724.1808	100.7931	0
63	13	516.6443	119.0642	0
63	14	725.7848	124.03	0
63	15	752.6743	112.9132	0
63	16	595.4658	128.1526	0
63	17	677.3015	122.1949	0
63	18	730.0688	114.2897	0
63	19	373.6198	143.8314	0
63	20	543.0023	148.0448	0
63	21	48.6152	159.5528	0
63	22	123.0985	174.2912	0
63	23	572.2408	118.044	0
63	24	742.5866	104.2724	0
63	25	415.3743	161.2785	0
63	26	710.3098	136.941	0
63	27	775.5802	132.2502	0
63	28	140.2486	126.8591	0
63	29	711.2741	100.3836	0
63	30	678.5558	103.274	0
63	31	286.9622	175.3623	0
63	32	755.5551	101.8133	0
63	33	774.3941	112.0856	0
63	34	429.7954	121.9203	0
63	35	-28.47654	223.4794	0
63	36	415.7101	142.7382	0
63	37	518.9862	126.5797	0
63	38	327.398	182.3618	0
63	39	704.6385	108.7448	0
63	40	819.5265	119.8195	0
63	41	475.2275	124.6735	0
63	42	432.1267	145.7452	0
63	43	534.8845	120.6406	0
64	1	479.6816	117.2172	0
64	2	770.2499	126.6282	0
64	3	478.9513	117.6902	0
64	4	561.2173	107.484	0
64	5	240.1753	155.4091	0
64	6	616.4301	145.8661	0
64	7	469.9109	129.2675	0
64	8	463.3293	163.754	0
64	9	798.9741	119.4651	0
64	10	337.4678	146.1581	0
64	11	787.6921	107.8463	0
64	12	724.1462	100.7889	0
64	13	516.6469	119.065	0
64	14	725.7908	124.0327	0
64	15	752.6823	112.913	0
64	16	595.4716	128.1506	0
64	17	677.319	122.2082	0
64	18	730.046	114.2865	0
64	19	373.5869	143.8177	0
64	20	543.012	148.0445	0
64	21	48.70002	159.5494	0
64	22	123.0895	174.2797	0
64	23	572.2192	118.0403	0
64	24	742.5901	104.2724	0
64	25	415.4372	161.2644	0
64	26	710.2963	136.9335	0
64	27	775.6062	132.2621	0
64	28	140.2652	126.8597	0
64	29	711.2444	100.3802	0
64	30	678.5609	103.2749	0
64	31	286.9147	175.3827	0
64	32	755.5612	101.8128	0
64	33	774.3603	112.0818	0
64	34	429.78	121.9289	0
64	35	-28.37878	223.4338	0
64	36	415.6921	142.7512	0
64	37	518.9738	126.5951	0
64	38	327.4133	182.3632	0
64	39	704.6433	108.7465	0
64	40	819.5223	119.8198	0
64	41	475.2143	124.6875	0
64	42	432.1613	145.7342	0
64	43	534.8881	120.6435	0
65	1	479.6906	117.218	0
65	2	770.206	126.6195	0
65	3	478.9522	117.6917	0
65	4	561.2278	107.4839	0
65	5	240.1686	155.4135	0
65	6	616.4531	145.8649	0
65	7	469.9241	129.2653	0
65	8	463.3884	163.7522	0
65	9	798.9858	119.4654	0
65	10	337.4737	146.158	0
65	11	787.7191	107.8516	0
65	12	724.1074	100.785	0
65	13	516.6516	119.0655	0
65	14	725.7995	124.0376	0
65	15	752.6912	112.9123	0
65	16	595.4779	128.1491	0
65	17	677.3297	122.2195	0
65	18	730.0329	114.2848	0
65	19	373.5555	143.8074	0
65	20	543.0228	148.0446	0
65	21	48.79627	159.5411	0
65	22	123.0778	174.2713	0
65	23	572.207	118.0386	0
65	24	742.5954	104.273	0
65	25	415.4953	161.2462	0
65	26	710.274	136.9247	0
65	27	775.6459	132.2769	0
65	28	140.2901	126.8574	0
65	29	711.2214	100.3773	0
65	30	678.5649	103.2764	0
65	31	286.8572	175.4098	0
65	32	755.5679	101.8125	0
65	33	774.3315	112.0783	0
65	34	429.7645	121.9389	0
65	35	-28.29186	223.3892	0
65	36	415.6746	142.7639	0
65	37	518.9553	126.606	0
65	38	327.4365	182.3631	0
65	39	704.6486	108.7479	0
65	40	819.5252	119.8208	0
65	41	475.2032	124.7021	0
65	42	432.1868	145.7234	0
65	43	534.8872	120.6483	0
66	1	479.6986	117.2194	0
66	2	770.1636	126.6125	0
66	3	478.9531	117.6935	0
66	4	561.2385	107.4839	0
66	5	240.1573	155.4185	0
66	6	616.4979	145.8637	0
66	7	469.9408	129.2629	0
66	8	463.4457	163.7468	0
66	9	798.9948	119.4659	0
66	10	337.4803	146.1576	0
66	11	787.7512	107.8581	0
66	12	724.0688	100.7809	0
66	13	516.6569	119.0662	0
66	14	725.8123	124.045	0
66	15	752.7006	112.9121	0
66	16	595.4862	128.1474	0
66	17	677.3331	122.2259	0
66	18	730.0292	114.2852	0
66	19	373.5296	143.7995	0
66	20	543.0357	148.0447	0
66	21	48.90353	159.5291	0
66	22	123.0679	174.2668	0
66	23	572.2041	118.0394	0
66	24	742.6	104.2745	0
66	25	415.5424	161.2257	0
66	26	710.2433	136.9141	0
66	27	775.6961	132.2924	0
66	28	140.3168	126.8547	0
66	29	711.2065	100.3755	0
66	30	678.5695	103.2783	0
66	31	286.7926	175.4417	0
66	32	755.5743	101.8124	0
66	33	774.3098	112.0755	0
66	34	429.7501	121.9494	0
66	35	-28.19924	223.3461	0
66	36	415.6556	142.7797	0
66	37	518.936	126.6111	0
66	38	327.4598	182.3636	0
66	39	704.6553	108.7493	0
66	40	819.5295	119.8223	0
66	41	475.1927	124.7193	0
66	42	432.2081	145.7129	0
66	43	534.8805	120.6567	0
67	1	479.7062	117.2199	0
67	2	770.1214	126.6055	0
67	3	478.9536	117.6956	0
67	4	561.2484	107.4845	0
67	5	240.1438	155.4234	0
67	6	616.5359	145.8596	0
67	7	469.9596	129.261	0
67	8	463.4975	163.7364	0
67	9	798.9952	119.4642	0
67	10	337.4888	146.1578	0
67	11	787.7848	107.8661	0
67	12	724.0355	100.7771	0
67	13	516.6618	119.0668	0
67	14	725.8334	124.0544	0
67	15	752.7103	112.912	0
67	16	595.4954	128.1461	0
67	17	677.3309	122.2282	0
67	18	730.0315	114.2862	0
67	19	373.5134	143.7956	0
67	20	543.0504	148.0445	0
67	21	49.01751	159.5137	0
67	22	123.0622	174.2671	0
67	23	572.2054	118.041	0
67	24	742.606	104.2765	0
67	25	415.5764	161.2072	0
67	26	710.2112	136.9033	0
67	27	775.7551	132.3108	0
67	28	140.343	126.8526	0
67	29	711.2001	100.3752	0
67	30	678.5747	103.2817	0
67	31	286.7248	175.4766	0
67	32	755.5815	101.8123	0
67	33	774.2959	112.0738	0
67	34	429.7333	121.9623	0
67	35	-28.11526	223.3043	0
67	36	415.6324	142.7979	0
67	37	518.9231	126.6128	0
67	38	327.4828	182.3648	0
67	39	704.6625	108.7504	0
67	40	819.5349	119.8239	0
67	41	475.1776	124.7397	0
67	42	432.2216	145.7023	0
67	43	534.8751	120.6682	0
68	1	479.713	117.2198	0
68	2	770.0752	126.5991	0
68	3	478.9527	117.6974	0
68	4	561.2558	107.4839	0
68	5	240.1343	155.4279	0
68	6	616.5637	145.8523	0
68	7	469.9751	129.2607	0
68	8	463.5443	163.7226	0
68	9	798.9946	119.4623	0
68	10	337.5021	146.1578	0
68	11	787.8171	107.875	0
68	12	724.0099	100.774	0
68	13	516.6663	119.0672	0
68	14	725.8613	124.0644	0
68	15	752.7206	112.9119	0
68	16	595.5037	128.1459	0
68	17	677.3243	122.228	0
68	18	730.0349	114.2876	0
68	19	373.5079	143.7964	0
68	20	543.0645	148.0445	0
68	21	49.12763	159.4957	0
68	22	123.0569	174.2699	0
68	23	572.2074	118.0429	0
68	24	742.6157	104.2798	0
68	25	415.607	161.1885	0
68	26	710.1812	136.8932	0
68	27	775.8156	132.3324	0
68	28	140.3732	126.8504	0
68	29	711.2008	100.376	0
68	30	678.5833	103.2867	0
68	31	286.6465	175.5182	0
68	32	755.5877	101.8124	0
68	33	774.2905	112.0736	0
68	34	429.7123	121.977	0
68	35	-28.03768	223.266	0
68	36	415.6048	142.8177	0
68	37	518.9137	126.6107	0
68	38	327.5087	182.3614	0
68	39	704.6714	108.7506	0
68	40	819.5418	119.8258	0
68	41	475.1571	124.7621	0
68	42	432.2218	145.6888	0
68	43	534.8737	120.6816	0
69	1	479.713	117.2198	0
69	2	770.0752	126.5991	0
69	3	478.9527	117.6974	0
69	4	561.2558	107.4839	0
69	5	240.1343	155.4279	0
69	6	616.5637	145.8523	0
69	7	469.9751	129.2607	0
69	8	463.5443	163.7226	0
69	9	798.9946	119.4623	0
69	10	337.5021	146.1578	0
69	11	787.8171	107.875	0
69	12	724.0099	100.774	0
69	13	516.6663	119.0672	0
69	14	725.8613	124.0644	0
69	15	752.7206	112.9119	0
69	16	595.5037	128.1459	0
69	17	677.3243	122.228	0
69	18	730.0349	114.2876	0
69	19	373.5079	143.7964	0
69	20	543.0645	148.0445	0
69	21	49.12763	159.4957	0
69	22	123.0569	174.2699	0
69	23	572.2074	118.0429	0
69	24	742.6157	104.2798	0
69	25	415.607	161.1885	0
69	26	710.1812	136.8932	0
69	27	775.8156	132.3324	0
69	28	140.3732	126.8504	0
69	29	711.2008	100.376	0
69	30	678.5833	103.2867	0
69	31	286.6465	175.5182	0
69	32	755.5877	101.8124	0
69	33	774.2905	112.0736	0
69	34	429.7123	121.977	0
69	35	-28.03768	223.266	0
69	36	415.6048	142.8177	0
69	37	518.9137	126.6107	0
69	38	327.5087	182.3614	0
69	39	704.6714	108.7506	0
69	40	819.5418	119.8258	0
69	41	475.1571	124.7621	0
69	42	432.2218	145.6888	0
69	43	534.8737	120.6816	0
