17	1	4.649356	0.05315495	20.17636	4.687177	1.470428	20.15837	2
18	1	4.651254	0.05315495	20.11425	4.690062	1.44875	20.07506	2
18	2	4.646467	0.05315495	20.27096	4.650249	1.364517	20.30259	2
19	1	4.654141	0.05315495	20.01973	4.681074	1.449313	19.97246	2
19	2	4.644762	0.05315495	20.32677	4.653247	1.366397	20.3608	2
19	3	-17.57227	0.05315495	22.27293	-17.54645	1.430232	22.30486	0
20	1	4.657494	0.05315495	19.90997	4.672077	1.449208	19.86215	2
20	2	4.6433	0.05315495	20.37465	4.648595	1.37264	20.40804	2
20	3	-17.53456	0.05315495	22.27074	-17.5084	1.430213	22.30305	0
20	4	2.866847	0.05315495	-19.99166	2.846797	1.725566	-19.96056	3
21	1	4.660876	0.05315495	19.79923	4.667606	1.438154	19.75642	2
21	2	4.642446	0.05315495	20.40262	4.626822	1.385525	20.4237	2
21	3	-17.49034	0.05315495	22.26818	-17.46234	1.412904	22.28071	0
21	4	2.82642	0.05315495	-19.923	2.828806	1.704792	-19.87353	3
21	5	2.779282	0.05315495	-19.85105	2.725011	1.271957	-19.8078	3
22	1	4.663961	0.05315495	19.69826	4.662359	1.427209	19.66757	2
22	2	4.642131	0.05315495	20.41293	4.629167	1.385548	20.43314	2
22	3	-17.44048	0.05315495	22.26529	-17.41175	1.408421	22.27231	0
22	4	2.779396	0.05315495	-19.84085	2.791308	1.706673	-19.77828	3
22	5	2.688722	0.05315495	-19.74772	2.639837	1.278332	-19.71179	3
22	6	3.323479	0.05315495	-20.67863	3.343822	1.520549	-20.72043	3
23	1	4.666762	0.05315495	19.60657	4.66262	1.428578	19.57863	2
23	2	4.642289	0.05315495	20.40777	4.653301	1.385666	20.38844	2
23	3	-17.38573	0.05315495	22.26212	-17.35576	1.402413	22.26098	0
23	4	2.736244	0.05315495	-19.74997	2.742229	1.72221	-19.68665	3
23	5	2.559433	0.05315495	-19.61581	2.499436	1.251524	-19.56581	3
23	6	3.403127	0.05315495	-20.77794	3.411025	1.506811	-20.83904	3
23	7	3.011771	0.05315495	-20.19805	3.054652	1.916061	-20.17709	3
24	1	4.669301	0.05315495	19.52347	4.660058	1.427559	19.49328	2
24	2	4.642867	0.05315495	20.38884	4.652891	1.385759	20.37011	2
24	3	-17.32675	0.05315495	22.2587	-17.29552	1.398238	22.24966	0
24	4	2.699343	0.05315495	-19.65148	2.661802	1.731222	-19.60897	3
24	5	2.408946	0.05315495	-19.45682	2.37339	1.306357	-19.4624	3
24	6	3.515106	0.05315495	-20.8648	3.546484	1.510994	-20.93494	3
24	7	3.030704	0.05315495	-20.20608	3.071395	1.916021	-20.18777	3
25	1	4.671603	0.05315495	19.44809	4.655899	1.426455	19.41473	2
25	2	4.643833	0.05315495	20.35722	4.653969	1.385802	20.33887	2
25	3	-17.2641	0.05315495	22.25507	-17.23199	1.3988	22.24206	0
25	4	2.666776	0.05315495	-19.55398	2.630316	1.738978	-19.51808	3
25	5	2.356766	0.05315495	-19.38681	2.338905	1.27519	-19.36491	3
25	6	3.603715	0.05315495	-20.92872	3.627642	1.533871	-20.98837	3
25	7	3.119719	0.05315495	-20.24235	3.160544	1.877302	-20.29233	3
26	1	4.673699	0.05315495	19.37947	4.660915	1.433243	19.34596	2
26	2	4.64515	0.05315495	20.31412	4.65957	1.38018	20.28551	2
26	3	-17.19826	0.05315495	22.25125	-17.16375	1.40229	22.23397	0
26	4	2.638541	0.05315495	-19.45746	2.59299	1.730988	-19.42955	3
26	5	2.283192	0.05315495	-19.28485	2.267611	1.262544	-19.24803	3
26	6	3.669273	0.05315495	-20.96852	3.703417	1.551369	-20.99477	3
26	7	3.194958	0.05315495	-20.26543	3.245293	1.891207	-20.27177	3
27	1	4.67562	0.05315495	19.3166	4.664625	1.441305	19.28188	2
27	2	4.646779	0.05315495	20.2608	4.662848	1.379729	20.23053	2
27	3	-17.12967	0.05315495	22.24728	-17.09255	1.407314	22.22747	0
27	4	2.614657	0.05315495	-19.36186	2.559595	1.716619	-19.33699	3
27	5	2.196184	0.05315495	-19.15831	2.184849	1.249677	-19.09523	3
27	6	3.716155	0.05315495	-20.9888	3.753979	1.561403	-20.99012	3
27	7	3.250327	0.05315495	-20.27121	3.294317	1.903516	-20.25601	3
28	1	4.677396	0.05315495	19.25847	4.667717	1.448672	19.22275	2
28	2	4.648747	0.05315495	20.19637	4.667772	1.377977	20.16515	2
28	3	-17.05868	0.05315495	22.24316	-17.02034	1.411119	22.22626	0
28	4	2.595133	0.05315495	-19.26712	2.53111	1.70406	-19.23454	3
28	5	2.105159	0.05315495	-19.01217	2.089206	1.251948	-18.93545	3
28	6	3.747953	0.05315495	-20.9932	3.771574	1.572005	-20.98533	3
28	7	3.289562	0.05315495	-20.26254	3.313161	1.915991	-20.24224	3
