17	1	2.469281	0.05315447	1.695517	2.427132	1.820581	1.721549	0
18	1	2.469281	0.05315447	1.695517	2.42723	1.820597	1.721975	0
18	2	2.992971	0.05315447	12.8119	2.951973	1.773364	12.83729	0
19	1	2.469281	0.05315447	1.695517	2.427299	1.820609	1.722472	0
19	2	2.992971	0.05315447	12.8119	2.952043	1.773374	12.83771	0
19	3	1.374259	0.05315447	1.635774	1.355693	1.772359	1.661282	0
20	1	2.469281	0.05315447	1.695517	2.427315	1.820603	1.722942	0
20	2	2.992971	0.05315447	12.8119	2.952125	1.773388	12.8382	0
20	3	1.374259	0.05315447	1.635774	1.358904	1.772444	1.660001	0
20	4	-0.6256351	0.05315447	5.521849	-0.6420282	1.653617	5.545306	0
21	1	2.469281	0.05315447	1.695517	2.427259	1.82057	1.723384	0
21	2	2.992971	0.05315447	12.8119	2.952132	1.773378	12.83865	0
21	3	1.374259	0.05315447	1.635774	1.361039	1.772606	1.658865	0
21	4	-0.6256351	0.05315447	5.521849	-0.6392338	1.653733	5.544107	0
21	5	7.732188	0.05315447	-4.514948	7.709589	1.446431	-4.48747	0
22	1	2.469281	0.05315447	1.695517	2.426807	1.820562	1.723778	0
22	2	2.992971	0.05315447	12.8119	2.952043	1.773347	12.83908	0
22	3	1.374259	0.05315447	1.635774	1.361898	1.772704	1.658206	0
22	4	-0.6256351	0.05315447	5.521849	-0.6375507	1.653877	5.543149	0
22	5	7.732188	0.05315447	-4.514948	7.707919	1.44654	-4.487869	0
22	6	6.223238	0.05315447	5.808455	6.209003	1.762017	5.834115	0
23	1	2.469281	0.05315447	1.695517	2.426276	1.820552	1.72417	0
23	2	2.992971	0.05315447	12.8119	2.951576	1.773339	12.83945	0
23	3	1.374259	0.05315447	1.635774	1.361558	1.772736	1.658128	0
23	4	-0.6256351	0.05315447	5.521849	-0.6371056	1.65395	5.542638	0
23	5	7.732188	0.05315447	-4.514948	7.706306	1.446635	-4.488178	0
23	6	6.223238	0.05315447	5.808455	6.21078	1.762165	5.833109	0
23	7	5.272186	0.05315447	1.285564	5.249936	1.574727	1.309664	0
24	1	2.469281	0.05315447	1.695517	2.425776	1.820529	1.724569	0
24	2	2.992971	0.05315447	12.8119	2.951064	1.77333	12.83984	0
24	3	1.374259	0.05315447	1.635774	1.361322	1.772669	1.659876	0
24	4	-0.6256351	0.05315447	5.521849	-0.6374037	1.65395	5.543081	0
24	5	7.732188	0.05315447	-4.514948	7.704694	1.446721	-4.488546	0
24	6	6.223238	0.05315447	5.808455	6.211232	1.762242	5.83253	0
24	7	5.272186	0.05315447	1.285564	5.253317	1.574624	1.308904	0
24	8	8.107084	0.05315447	1.201062	8.077263	1.862689	1.230217	0
25	1	2.469281	0.05315447	1.695517	2.425256	1.820507	1.725067	0
25	2	2.992971	0.05315447	12.8119	2.950583	1.773307	12.84023	0
25	3	1.374259	0.05315447	1.635774	1.360597	1.772587	1.661601	0
25	4	-0.6256351	0.05315447	5.521849	-0.6377499	1.653888	5.544707	0
25	5	7.732188	0.05315447	-4.514948	7.703125	1.446776	-4.489007	0
25	6	6.223238	0.05315447	5.808455	6.21088	1.762242	5.832954	0
25	7	5.272186	0.05315447	1.285564	5.256534	1.574578	1.307893	0
25	8	8.107084	0.05315447	1.201062	8.081201	1.862584	1.229507	0
25	9	2.819327	0.05315447	14.04373	2.777128	1.787044	14.06954	0
26	1	2.469281	0.05315447	1.695517	2.424625	1.820458	1.725634	0
26	2	2.992971	0.05315447	12.8119	2.950055	1.773283	12.84073	0
26	3	1.374259	0.05315447	1.635774	1.359352	1.772524	1.663157	0
26	4	-0.6256351	0.05315447	5.521849	-0.6385226	1.653817	5.546287	0
26	5	7.732188	0.05315447	-4.514948	7.701685	1.446793	-4.489532	0
26	6	6.223238	0.05315447	5.808455	6.2105	1.762172	5.834685	0
26	7	5.272186	0.05315447	1.285564	5.259205	1.574686	1.306753	0
26	8	8.107084	0.05315447	1.201062	8.085222	1.862467	1.228545	0
26	9	2.819327	0.05315447	14.04373	2.777338	1.787022	14.06985	0
27	1	2.469281	0.05315447	1.695517	2.424209	1.820394	1.726109	0
27	2	2.992971	0.05315447	12.8119	2.949455	1.773233	12.84128	0
27	3	1.374259	0.05315447	1.635774	1.357658	1.772453	1.664561	0
27	4	-0.6256351	0.05315447	5.521849	-0.6398163	1.65375	5.5477	0
27	5	7.732188	0.05315447	-4.514948	7.700378	1.446818	-4.490124	0
27	6	6.223238	0.05315447	5.808455	6.209661	1.762091	5.836372	0
27	7	5.272186	0.05315447	1.285564	5.260831	1.574823	1.305834	0
27	8	8.107084	0.05315447	1.201062	8.088947	1.862451	1.227284	0
27	9	2.819327	0.05315447	14.04373	2.777528	1.787023	14.07013	0
27	10	6.443038	0.05315447	-2.566106	6.422952	1.366478	-2.543617	0
28	1	2.469281	0.05315447	1.695517	2.423984	1.82032	1.726517	0
28	2	2.992971	0.05315447	12.8119	2.949073	1.773169	12.84174	0
28	3	1.374259	0.05315447	1.635774	1.355588	1.772395	1.665789	0
28	4	-0.6256351	0.05315447	5.521849	-0.6414746	1.653687	5.548969	0
28	5	7.732188	0.05315447	-4.514948	7.699148	1.44684	-4.49088	0
28	6	6.223238	0.05315447	5.808455	6.208284	1.762016	5.837896	0
28	7	5.272186	0.05315447	1.285564	5.261283	1.574894	1.305341	0
28	8	8.107084	0.05315447	1.201062	8.091892	1.862604	1.225948	0
28	9	2.819327	0.05315447	14.04373	2.777724	1.787037	14.0704	0
28	10	6.443038	0.05315447	-2.566106	6.425845	1.366397	-2.544207	0
28	11	-3.081949	0.05315447	18.17801	-3.11645	1.468598	18.20038	0
29	1	2.469281	0.05315447	1.695517	2.424137	1.820257	1.726671	0
29	2	2.992971	0.05315447	12.8119	2.948879	1.773096	12.84211	0
29	3	1.374259	0.05315447	1.635774	1.353359	1.77236	1.666713	0
29	4	-0.6256351	0.05315447	5.521849	-0.643483	1.653644	5.550052	0
29	5	7.732188	0.05315447	-4.514948	7.698003	1.44688	-4.491817	0
29	6	6.223238	0.05315447	5.808455	6.20653	1.761944	5.839276	0
29	7	5.272186	0.05315447	1.285564	5.260998	1.574896	1.305723	0
29	8	8.107084	0.05315447	1.201062	8.093529	1.862754	1.224969	0
29	9	2.819327	0.05315447	14.04373	2.777931	1.787087	14.07067	0
29	10	6.443038	0.05315447	-2.566106	6.428717	1.366332	-2.54499	0
29	11	-3.081949	0.05315447	18.17801	-3.11756	1.468643	18.19943	0
29	12	-2.960552	0.05315447	14.51918	-2.983198	1.513416	14.54422	0
30	1	2.469281	0.05315447	1.695517	2.424895	1.820232	1.726563	0
30	2	2.992971	0.05315447	12.8119	2.949092	1.773039	12.84223	0
30	3	1.374259	0.05315447	1.635774	1.351119	1.772272	1.667287	0
30	4	-0.6256351	0.05315447	5.521849	-0.6455417	1.653594	5.55081	0
30	5	7.732188	0.05315447	-4.514948	7.69701	1.446939	-4.492707	0
30	6	6.223238	0.05315447	5.808455	6.204426	1.761891	5.84045	0
30	7	5.272186	0.05315447	1.285564	5.260678	1.574837	1.30727	0
30	8	8.107084	0.05315447	1.201062	8.093728	1.862824	1.224458	0
30	9	2.819327	0.05315447	14.04373	2.778151	1.787142	14.07097	0
30	10	6.443038	0.05315447	-2.566106	6.431235	1.366376	-2.545953	0
30	11	-3.081949	0.05315447	18.17801	-3.118471	1.468696	18.19858	0
30	12	-2.960552	0.05315447	14.51918	-2.979991	1.513328	14.54358	0
30	13	-0.5952129	0.05315447	3.491199	-0.6357992	1.637728	3.518942	0
31	1	2.469281	0.05315447	1.695517	2.426331	1.820201	1.726156	0
31	2	2.992971	0.05315447	12.8119	2.949899	1.773017	12.8421	0
31	3	1.374259	0.05315447	1.635774	1.349001	1.77222	1.667793	0
31	4	-0.6256351	0.05315447	5.521849	-0.6476326	1.65352	5.551374	0
31	5	7.732188	0.05315447	-4.514948	7.696321	1.446992	-4.493494	0
31	6	6.223238	0.05315447	5.808455	6.202291	1.761824	5.841295	0
31	7	5.272186	0.05315447	1.285564	5.259952	1.574769	1.308773	0
31	8	8.107084	0.05315447	1.201062	8.093437	1.8628	1.225424	0
31	9	2.819327	0.05315447	14.04373	2.778346	1.787176	14.07134	0
31	10	6.443038	0.05315447	-2.566106	6.432993	1.366495	-2.546844	0
31	11	-3.081949	0.05315447	18.17801	-3.119064	1.468759	18.19786	0
31	12	-2.960552	0.05315447	14.51918	-2.976781	1.51325	14.54274	0
31	13	-0.5952129	0.05315447	3.491199	-0.6357728	1.637663	3.519145	0
31	14	2.190968	0.05315447	11.65372	2.154556	1.460499	11.67435	0
32	1	2.469281	0.05315447	1.695517	2.428366	1.820153	1.725646	0
32	2	2.992971	0.05315447	12.8119	2.951372	1.772984	12.84167	0
32	3	1.374259	0.05315447	1.635774	1.346912	1.77226	1.667764	0
32	4	-0.6256351	0.05315447	5.521849	-0.6495668	1.653483	5.55172	0
32	5	7.732188	0.05315447	-4.514948	7.69588	1.447046	-4.49409	0
32	6	6.223238	0.05315447	5.808455	6.20005	1.761746	5.841905	0
32	7	5.272186	0.05315447	1.285564	5.258732	1.574707	1.310119	0
32	8	8.107084	0.05315447	1.201062	8.092936	1.862725	1.22726	0
32	9	2.819327	0.05315447	14.04373	2.778363	1.787183	14.0718	0
32	10	6.443038	0.05315447	-2.566106	6.433797	1.366577	-2.54741	0
32	11	-3.081949	0.05315447	18.17801	-3.119423	1.468806	18.19736	0
32	12	-2.960552	0.05315447	14.51918	-2.973926	1.513285	14.54167	0
32	13	-0.5952129	0.05315447	3.491199	-0.63522	1.637634	3.519086	0
32	14	2.190968	0.05315447	11.65372	2.154863	1.460474	11.67436	0
32	15	-0.1165705	0.05315447	14.19818	-0.1407796	1.505552	14.22668	0
33	1	2.469281	0.05315447	1.695517	2.430986	1.820112	1.725189	0
33	2	2.992971	0.05315447	12.8119	2.953418	1.772937	12.84118	0
33	3	1.374259	0.05315447	1.635774	1.344833	1.77238	1.667337	0
33	4	-0.6256351	0.05315447	5.521849	-0.6515211	1.653547	5.55157	0
33	5	7.732188	0.05315447	-4.514948	7.695696	1.447072	-4.494436	0
33	6	6.223238	0.05315447	5.808455	6.197955	1.761707	5.8423	0
33	7	5.272186	0.05315447	1.285564	5.257162	1.574646	1.311329	0
33	8	8.107084	0.05315447	1.201062	8.09194	1.862651	1.229007	0
33	9	2.819327	0.05315447	14.04373	2.778419	1.787194	14.07229	0
33	10	6.443038	0.05315447	-2.566106	6.433525	1.366617	-2.547772	0
33	11	-3.081949	0.05315447	18.17801	-3.119529	1.468807	18.19713	0
33	12	-2.960552	0.05315447	14.51918	-2.971872	1.513416	14.54066	0
33	13	-0.5952129	0.05315447	3.491199	-0.6340761	1.637612	3.518784	0
33	14	2.190968	0.05315447	11.65372	2.155259	1.460459	11.67432	0
33	15	-0.1165705	0.05315447	14.19818	-0.1424846	1.505669	14.22627	0
33	16	3.326544	0.05315447	5.93226	3.315548	1.545339	5.951498	0
34	1	2.469281	0.05315447	1.695517	2.433993	1.82012	1.724816	0
34	2	2.992971	0.05315447	12.8119	2.956025	1.7729	12.84073	0
34	3	1.374259	0.05315447	1.635774	1.342854	1.772517	1.66687	0
34	4	-0.6256351	0.05315447	5.521849	-0.6534314	1.653671	5.55111	0
34	5	7.732188	0.05315447	-4.514948	7.695721	1.447051	-4.494534	0
34	6	6.223238	0.05315447	5.808455	6.195845	1.761772	5.842171	0
34	7	5.272186	0.05315447	1.285564	5.255259	1.574604	1.312363	0
34	8	8.107084	0.05315447	1.201062	8.09037	1.862573	1.230573	0
34	9	2.819327	0.05315447	14.04373	2.7784	1.787173	14.07275	0
34	10	6.443038	0.05315447	-2.566106	6.433396	1.366564	-2.546455	0
34	11	-3.081949	0.05315447	18.17801	-3.119438	1.468783	18.19711	0
34	12	-2.960552	0.05315447	14.51918	-2.970868	1.513514	14.54	0
34	13	-0.5952129	0.05315447	3.491199	-0.6323706	1.63757	3.518327	0
34	14	2.190968	0.05315447	11.65372	2.155738	1.460464	11.67429	0
34	15	-0.1165705	0.05315447	14.19818	-0.1441673	1.505758	14.22596	0
34	16	3.326544	0.05315447	5.93226	3.315401	1.545281	5.953014	0
34	17	1.017685	0.05315447	10.27932	0.9832797	1.420365	10.30501	0
35	1	2.469281	0.05315447	1.695517	2.437437	1.8201	1.724435	0
35	2	2.992971	0.05315447	12.8119	2.958989	1.772912	12.84038	0
35	3	1.374259	0.05315447	1.635774	1.340871	1.772623	1.666473	0
35	4	-0.6256351	0.05315447	5.521849	-0.6552669	1.653789	5.550729	0
35	5	7.732188	0.05315447	-4.514948	7.695897	1.447028	-4.494529	0
35	6	6.223238	0.05315447	5.808455	6.193779	1.761899	5.841705	0
35	7	5.272186	0.05315447	1.285564	5.253301	1.574558	1.313092	0
35	8	8.107084	0.05315447	1.201062	8.08841	1.862502	1.231972	0
35	9	2.819327	0.05315447	14.04373	2.778174	1.787149	14.07318	0
35	10	6.443038	0.05315447	-2.566106	6.432886	1.366497	-2.545131	0
35	11	-3.081949	0.05315447	18.17801	-3.119261	1.468756	18.19715	0
35	12	-2.960552	0.05315447	14.51918	-2.971065	1.513559	14.53959	0
35	13	-0.5952129	0.05315447	3.491199	-0.6301346	1.63753	3.517914	0
35	14	2.190968	0.05315447	11.65372	2.156152	1.460466	11.67432	0
35	15	-0.1165705	0.05315447	14.19818	-0.1458168	1.505844	14.22553	0
35	16	3.326544	0.05315447	5.93226	3.314818	1.545209	5.95452	0
35	17	1.017685	0.05315447	10.27932	0.9842274	1.420349	10.30477	0
35	18	0.1573906	0.05315447	12.96982	0.1435809	1.827819	12.9938	0
36	1	2.469281	0.05315447	1.695517	2.441176	1.82003	1.723886	0
36	2	2.992971	0.05315447	12.8119	2.962387	1.772884	12.84	0
36	3	1.374259	0.05315447	1.635774	1.338937	1.772716	1.66595	0
36	4	-0.6256351	0.05315447	5.521849	-0.6571175	1.653889	5.550324	0
36	5	7.732188	0.05315447	-4.514948	7.696108	1.446998	-4.494513	0
36	6	6.223238	0.05315447	5.808455	6.1918	1.762023	5.841308	0
36	7	5.272186	0.05315447	1.285564	5.251314	1.574487	1.313626	0
36	8	8.107084	0.05315447	1.201062	8.086088	1.862462	1.233136	0
36	9	2.819327	0.05315447	14.04373	2.777654	1.78714	14.07356	0
36	10	6.443038	0.05315447	-2.566106	6.432004	1.366447	-2.543913	0
36	11	-3.081949	0.05315447	18.17801	-3.119034	1.468725	18.19717	0
36	12	-2.960552	0.05315447	14.51918	-2.971246	1.513511	14.54087	0
36	13	-0.5952129	0.05315447	3.491199	-0.6275089	1.637529	3.517556	0
36	14	2.190968	0.05315447	11.65372	2.156478	1.460484	11.67444	0
36	15	-0.1165705	0.05315447	14.19818	-0.1474405	1.505882	14.22502	0
36	16	3.326544	0.05315447	5.93226	3.313798	1.545156	5.955886	0
36	17	1.017685	0.05315447	10.27932	0.9856772	1.420315	10.30439	0
36	18	0.1573906	0.05315447	12.96982	0.1446833	1.827931	12.99304	0
37	1	2.469281	0.05315447	1.695517	2.445041	1.819919	1.723149	0
37	2	2.992971	0.05315447	12.8119	2.966039	1.772813	12.83945	0
37	3	1.374259	0.05315447	1.635774	1.337054	1.772748	1.665313	0
37	4	-0.6256351	0.05315447	5.521849	-0.6589194	1.65396	5.549809	0
37	5	7.732188	0.05315447	-4.514948	7.696405	1.446973	-4.494504	0
37	6	6.223238	0.05315447	5.808455	6.189817	1.762128	5.840878	0
37	7	5.272186	0.05315447	1.285564	5.249473	1.574451	1.313964	0
37	8	8.107084	0.05315447	1.201062	8.08375	1.86239	1.233902	0
37	9	2.819327	0.05315447	14.04373	2.777138	1.787126	14.07397	0
37	10	6.443038	0.05315447	-2.566106	6.430761	1.36639	-2.542803	0
37	11	-3.081949	0.05315447	18.17801	-3.118694	1.468701	18.19718	0
37	12	-2.960552	0.05315447	14.51918	-2.971776	1.513438	14.54235	0
37	13	-0.5952129	0.05315447	3.491199	-0.6245129	1.637522	3.517231	0
37	14	2.190968	0.05315447	11.65372	2.15669	1.460489	11.67468	0
37	15	-0.1165705	0.05315447	14.19818	-0.1488701	1.505897	14.22446	0
37	16	3.326544	0.05315447	5.93226	3.312367	1.545094	5.957122	0
37	17	1.017685	0.05315447	10.27932	0.9875858	1.420278	10.30402	0
37	18	0.1573906	0.05315447	12.96982	0.1443402	1.827985	12.99261	0
37	19	7.535027	0.05315447	-1.24116	7.511611	1.63127	-1.209881	0
38	1	2.469281	0.05315447	1.695517	2.448945	1.819811	1.722162	0
38	2	2.992971	0.05315447	12.8119	2.969816	1.772701	12.8387	0
38	3	1.374259	0.05315447	1.635774	1.335396	1.772767	1.664636	0
38	4	-0.6256351	0.05315447	5.521849	-0.6606086	1.653982	5.549201	0
38	5	7.732188	0.05315447	-4.514948	7.696793	1.446957	-4.494537	0
38	6	6.223238	0.05315447	5.808455	6.18789	1.762205	5.84033	0
38	7	5.272186	0.05315447	1.285564	5.247616	1.574511	1.313831	0
38	8	8.107084	0.05315447	1.201062	8.081405	1.862313	1.234543	0
38	9	2.819327	0.05315447	14.04373	2.776663	1.787104	14.0744	0
38	10	6.443038	0.05315447	-2.566106	6.429248	1.366336	-2.541826	0
38	11	-3.081949	0.05315447	18.17801	-3.118271	1.468701	18.19715	0
38	12	-2.960552	0.05315447	14.51918	-2.972713	1.513382	14.54371	0
38	13	-0.5952129	0.05315447	3.491199	-0.6211956	1.637466	3.516775	0
38	14	2.190968	0.05315447	11.65372	2.15686	1.460472	11.67494	0
38	15	-0.1165705	0.05315447	14.19818	-0.150215	1.505925	14.22379	0
38	16	3.326544	0.05315447	5.93226	3.31061	1.545039	5.95821	0
38	17	1.017685	0.05315447	10.27932	0.9898083	1.420282	10.30367	0
38	18	0.1573906	0.05315447	12.96982	0.1441839	1.827917	12.99442	0
38	19	7.535027	0.05315447	-1.24116	7.50966	1.631334	-1.210015	0
38	20	6.516527	0.05315447	3.484537	6.481561	1.387767	3.504161	0
39	1	2.469281	0.05315447	1.695517	2.452487	1.81983	1.720891	0
39	2	2.992971	0.05315447	12.8119	2.973596	1.772603	12.83771	0
39	3	1.374259	0.05315447	1.635774	1.333816	1.772795	1.663814	0
39	4	-0.6256351	0.05315447	5.521849	-0.662126	1.654007	5.548552	0
39	5	7.732188	0.05315447	-4.514948	7.697265	1.446962	-4.49457	0
39	6	6.223238	0.05315447	5.808455	6.186085	1.762229	5.839694	0
39	7	5.272186	0.05315447	1.285564	5.245799	1.574627	1.313396	0
39	8	8.107084	0.05315447	1.201062	8.079222	1.862289	1.23482	0
39	9	2.819327	0.05315447	14.04373	2.776082	1.787074	14.07494	0
39	10	6.443038	0.05315447	-2.566106	6.427586	1.366306	-2.541052	0
39	11	-3.081949	0.05315447	18.17801	-3.117786	1.468701	18.19714	0
39	12	-2.960552	0.05315447	14.51918	-2.974065	1.513318	14.54496	0
39	13	-0.5952129	0.05315447	3.491199	-0.6177617	1.637375	3.516161	0
39	14	2.190968	0.05315447	11.65372	2.157015	1.460473	11.67516	0
39	15	-0.1165705	0.05315447	14.19818	-0.1514723	1.505955	14.22292	0
39	16	3.326544	0.05315447	5.93226	3.308676	1.545014	5.959054	0
39	17	1.017685	0.05315447	10.27932	0.9923328	1.420293	10.30338	0
39	18	0.1573906	0.05315447	12.96982	0.143508	1.82783	12.99621	0
39	19	7.535027	0.05315447	-1.24116	7.507757	1.631453	-1.210452	0
39	20	6.516527	0.05315447	3.484537	6.481606	1.387746	3.504089	0
39	21	7.596087	0.05315447	-9.577627	7.583089	1.582465	-9.553677	0
40	1	2.469281	0.05315447	1.695517	2.45514	1.81999	1.719616	0
40	2	2.992971	0.05315447	12.8119	2.976976	1.772644	12.83645	0
40	3	1.374259	0.05315447	1.635774	1.332336	1.772831	1.662716	0
40	4	-0.6256351	0.05315447	5.521849	-0.6635674	1.654028	5.547728	0
40	5	7.732188	0.05315447	-4.514948	7.697682	1.446965	-4.494545	0
40	6	6.223238	0.05315447	5.808455	6.184466	1.762258	5.838988	0
40	7	5.272186	0.05315447	1.285564	5.244055	1.57474	1.313031	0
40	8	8.107084	0.05315447	1.201062	8.077003	1.86238	1.23456	0
40	9	2.819327	0.05315447	14.04373	2.775553	1.787018	14.07547	0
40	10	6.443038	0.05315447	-2.566106	6.425903	1.366234	-2.54059	0
40	11	-3.081949	0.05315447	18.17801	-3.117406	1.4687	18.19721	0
40	12	-2.960552	0.05315447	14.51918	-2.975718	1.513256	14.54606	0
40	13	-0.5952129	0.05315447	3.491199	-0.6142434	1.63727	3.51533	0
40	14	2.190968	0.05315447	11.65372	2.157175	1.46048	11.67538	0
40	15	-0.1165705	0.05315447	14.19818	-0.1526107	1.506002	14.22194	0
40	16	3.326544	0.05315447	5.93226	3.306737	1.544937	5.959552	0
40	17	1.017685	0.05315447	10.27932	0.9951679	1.420257	10.30299	0
40	18	0.1573906	0.05315447	12.96982	0.1423142	1.827768	12.99784	0
40	19	7.535027	0.05315447	-1.24116	7.505929	1.631565	-1.210814	0
40	20	6.516527	0.05315447	3.484537	6.481779	1.387723	3.504097	0
40	21	7.596087	0.05315447	-9.577627	7.581684	1.582401	-9.552383	0
40	22	8.751005	0.05315447	-6.854015	8.730001	1.612156	-6.827904	0
41	1	2.469281	0.05315447	1.695517	2.456515	1.820121	1.718754	0
41	2	2.992971	0.05315447	12.8119	2.979415	1.772804	12.83524	0
41	3	1.374259	0.05315447	1.635774	1.331011	1.772891	1.661584	0
41	4	-0.6256351	0.05315447	5.521849	-0.6649184	1.654067	5.546664	0
41	5	7.732188	0.05315447	-4.514948	7.69801	1.44698	-4.494431	0
41	6	6.223238	0.05315447	5.808455	6.182939	1.762285	5.838102	0
41	7	5.272186	0.05315447	1.285564	5.242296	1.574835	1.312649	0
41	8	8.107084	0.05315447	1.201062	8.074862	1.862526	1.234015	0
41	9	2.819327	0.05315447	14.04373	2.775245	1.786956	14.07594	0
41	10	6.443038	0.05315447	-2.566106	6.424246	1.36619	-2.540148	0
41	11	-3.081949	0.05315447	18.17801	-3.117111	1.46873	18.19739	0
41	12	-2.960552	0.05315447	14.51918	-2.977566	1.513224	14.54695	0
41	13	-0.5952129	0.05315447	3.491199	-0.6109638	1.637248	3.514235	0
41	14	2.190968	0.05315447	11.65372	2.157342	1.460519	11.6756	0
41	15	-0.1165705	0.05315447	14.19818	-0.1535511	1.506059	14.22105	0
41	16	3.326544	0.05315447	5.93226	3.304882	1.544888	5.960032	0
41	17	1.017685	0.05315447	10.27932	0.9981201	1.420189	10.30247	0
41	18	0.1573906	0.05315447	12.96982	0.1406236	1.827695	12.99932	0
41	19	7.535027	0.05315447	-1.24116	7.504098	1.631662	-1.211216	0
41	20	6.516527	0.05315447	3.484537	6.481987	1.387695	3.504111	0
41	21	7.596087	0.05315447	-9.577627	7.579947	1.582341	-9.551233	0
41	22	8.751005	0.05315447	-6.854015	8.733441	1.612069	-6.82879	0
41	23	2.245716	0.05315447	5.418921	2.211179	1.506646	5.44364	0
42	1	2.469281	0.05315447	1.695517	2.456451	1.82018	1.718291	0
42	2	2.992971	0.05315447	12.8119	2.980614	1.772921	12.83446	0
42	3	1.374259	0.05315447	1.635774	1.329971	1.772956	1.660574	0
42	4	-0.6256351	0.05315447	5.521849	-0.6661109	1.654132	5.54564	0
42	5	7.732188	0.05315447	-4.514948	7.698225	1.446987	-4.494199	0
42	6	6.223238	0.05315447	5.808455	6.181511	1.76233	5.836968	0
42	7	5.272186	0.05315447	1.285564	5.240584	1.574903	1.312162	0
42	8	8.107084	0.05315447	1.201062	8.072784	1.862651	1.233611	0
42	9	2.819327	0.05315447	14.04373	2.775164	1.786882	14.07626	0
42	10	6.443038	0.05315447	-2.566106	6.422636	1.366206	-2.540082	0
42	11	-3.081949	0.05315447	18.17801	-3.116926	1.468731	18.19766	0
42	12	-2.960552	0.05315447	14.51918	-2.979426	1.513145	14.54749	0
42	13	-0.5952129	0.05315447	3.491199	-0.6083412	1.637377	3.513058	0
42	14	2.190968	0.05315447	11.65372	2.157521	1.460566	11.67584	0
42	15	-0.1165705	0.05315447	14.19818	-0.1541638	1.506123	14.22029	0
42	16	3.326544	0.05315447	5.93226	3.303074	1.544911	5.960063	0
42	17	1.017685	0.05315447	10.27932	1.001158	1.420104	10.30177	0
42	18	0.1573906	0.05315447	12.96982	0.1385458	1.827628	13.00062	0
42	19	7.535027	0.05315447	-1.24116	7.502318	1.631731	-1.211725	0
42	20	6.516527	0.05315447	3.484537	6.482283	1.387671	3.504118	0
42	21	7.596087	0.05315447	-9.577627	7.577966	1.582315	-9.550309	0
42	22	8.751005	0.05315447	-6.854015	8.73654	1.612091	-6.829911	0
42	23	2.245716	0.05315447	5.418921	2.210743	1.506637	5.443963	0
42	24	-1.132933	0.05315447	14.28592	-1.166762	1.462544	14.30841	0
43	1	2.469281	0.05315447	1.695517	2.456215	1.820137	1.719629	0
43	2	2.992971	0.05315447	12.8119	2.980399	1.772975	12.83402	0
43	3	1.374259	0.05315447	1.635774	1.329296	1.773031	1.659734	0
43	4	-0.6256351	0.05315447	5.521849	-0.6669756	1.654191	5.544726	0
43	5	7.732188	0.05315447	-4.514948	7.698395	1.446971	-4.493943	0
43	6	6.223238	0.05315447	5.808455	6.180254	1.7624	5.835859	0
43	7	5.272186	0.05315447	1.285564	5.238973	1.574925	1.311585	0
43	8	8.107084	0.05315447	1.201062	8.070709	1.862762	1.233125	0
43	9	2.819327	0.05315447	14.04373	2.77558	1.786839	14.07629	0
43	10	6.443038	0.05315447	-2.566106	6.421022	1.366287	-2.540351	0
43	11	-3.081949	0.05315447	18.17801	-3.116753	1.468715	18.1979	0
43	12	-2.960552	0.05315447	14.51918	-2.981284	1.513093	14.548	0
43	13	-0.5952129	0.05315447	3.491199	-0.6068514	1.637512	3.512176	0
43	14	2.190968	0.05315447	11.65372	2.157687	1.460595	11.67613	0
43	15	-0.1165705	0.05315447	14.19818	-0.1545304	1.506172	14.21976	0
43	16	3.326544	0.05315447	5.93226	3.301264	1.545008	5.959724	0
43	17	1.017685	0.05315447	10.27932	1.004022	1.420073	10.30084	0
43	18	0.1573906	0.05315447	12.96982	0.1362464	1.8276	13.00163	0
43	19	7.535027	0.05315447	-1.24116	7.500659	1.631753	-1.212315	0
43	20	6.516527	0.05315447	3.484537	6.482663	1.387659	3.504083	0
43	21	7.596087	0.05315447	-9.577627	7.575982	1.582241	-9.549754	0
43	22	8.751005	0.05315447	-6.854015	8.738823	1.612228	-6.831012	0
43	23	2.245716	0.05315447	5.418921	2.21031	1.506626	5.444304	0
43	24	-1.132933	0.05315447	14.28592	-1.167909	1.462584	14.30746	0
43	25	8.358554	0.05315447	0.02387849	8.317201	1.633704	0.0470045	0
44	1	2.469281	0.05315447	1.695517	2.455641	1.820057	1.721422	0
44	2	2.992971	0.05315447	12.8119	2.980213	1.77292	12.83558	0
44	3	1.374259	0.05315447	1.635774	1.328919	1.773082	1.659188	0
44	4	-0.6256351	0.05315447	5.521849	-0.6675425	1.654257	5.544008	0
44	5	7.732188	0.05315447	-4.514948	7.698549	1.446971	-4.493715	0
44	6	6.223238	0.05315447	5.808455	6.179346	1.762464	5.834869	0
44	7	5.272186	0.05315447	1.285564	5.237529	1.574948	1.310969	0
44	8	8.107084	0.05315447	1.201062	8.068681	1.862829	1.232517	0
44	9	2.819327	0.05315447	14.04373	2.776616	1.786822	14.07607	0
44	10	6.443038	0.05315447	-2.566106	6.419486	1.366392	-2.540716	0
44	11	-3.081949	0.05315447	18.17801	-3.116592	1.46872	18.19813	0
44	12	-2.960552	0.05315447	14.51918	-2.983072	1.513101	14.54811	0
44	13	-0.5952129	0.05315447	3.491199	-0.6066117	1.637576	3.511715	0
44	14	2.190968	0.05315447	11.65372	2.157706	1.460601	11.6765	0
44	15	-0.1165705	0.05315447	14.19818	-0.154636	1.506176	14.21949	0
44	16	3.326544	0.05315447	5.93226	3.299542	1.545131	5.959299	0
44	17	1.017685	0.05315447	10.27932	1.006347	1.420174	10.29983	0
44	18	0.1573906	0.05315447	12.96982	0.133941	1.827508	13.00223	0
44	19	7.535027	0.05315447	-1.24116	7.499167	1.631781	-1.21297	0
44	20	6.516527	0.05315447	3.484537	6.483118	1.387663	3.504055	0
44	21	7.596087	0.05315447	-9.577627	7.574043	1.582183	-9.549222	0
44	22	8.751005	0.05315447	-6.854015	8.739986	1.612339	-6.831758	0
44	23	2.245716	0.05315447	5.418921	2.209912	1.506608	5.444667	0
44	24	-1.132933	0.05315447	14.28592	-1.168885	1.462641	14.3066	0
44	25	8.358554	0.05315447	0.02387849	8.317397	1.633678	0.04700843	0
44	26	3.900323	0.05315447	10.13988	3.862178	1.524726	10.15982	0
45	1	2.469281	0.05315447	1.695517	2.454577	1.819991	1.72309	0
45	2	2.992971	0.05315447	12.8119	2.9796	1.772838	12.83732	0
45	3	1.374259	0.05315447	1.635774	1.328831	1.773072	1.658962	0
45	4	-0.6256351	0.05315447	5.521849	-0.6678144	1.654294	5.543574	0
45	5	7.732188	0.05315447	-4.514948	7.698707	1.446976	-4.493499	0
45	6	6.223238	0.05315447	5.808455	6.178759	1.762534	5.834094	0
45	7	5.272186	0.05315447	1.285564	5.236156	1.574969	1.310191	0
45	8	8.107084	0.05315447	1.201062	8.066819	1.862848	1.231822	0
45	9	2.819327	0.05315447	14.04373	2.778315	1.786783	14.0756	0
45	10	6.443038	0.05315447	-2.566106	6.417965	1.366472	-2.541006	0
45	11	-3.081949	0.05315447	18.17801	-3.116421	1.468747	18.19834	0
45	12	-2.960552	0.05315447	14.51918	-2.984871	1.513187	14.54784	0
45	13	-0.5952129	0.05315447	3.491199	-0.6068795	1.637559	3.512465	0
45	14	2.190968	0.05315447	11.65372	2.157756	1.46061	11.6769	0
45	15	-0.1165705	0.05315447	14.19818	-0.1545376	1.506153	14.21946	0
45	16	3.326544	0.05315447	5.93226	3.297825	1.545223	5.958965	0
45	17	1.017685	0.05315447	10.27932	1.007725	1.420291	10.29904	0
45	18	0.1573906	0.05315447	12.96982	0.1317272	1.827448	13.00281	0
45	19	7.535027	0.05315447	-1.24116	7.49776	1.631804	-1.213796	0
45	20	6.516527	0.05315447	3.484537	6.483505	1.387663	3.504087	0
45	21	7.596087	0.05315447	-9.577627	7.572194	1.582186	-9.549099	0
45	22	8.751005	0.05315447	-6.854015	8.739873	1.61239	-6.832205	0
45	23	2.245716	0.05315447	5.418921	2.209423	1.506582	5.445115	0
45	24	-1.132933	0.05315447	14.28592	-1.169543	1.4627	14.30584	0
45	25	8.358554	0.05315447	0.02387849	8.317634	1.633645	0.04702667	0
45	26	3.900323	0.05315447	10.13988	3.862574	1.524707	10.15979	0
45	27	4.98667	0.05315447	11.40572	4.944978	1.653791	11.42965	0
46	1	2.469281	0.05315447	1.695517	2.452975	1.819916	1.724592	0
46	2	2.992971	0.05315447	12.8119	2.978499	1.772777	12.83892	0
46	3	1.374259	0.05315447	1.635774	1.32897	1.773043	1.658962	0
46	4	-0.6256351	0.05315447	5.521849	-0.6678408	1.654272	5.543438	0
46	5	7.732188	0.05315447	-4.514948	7.698872	1.447014	-4.493286	0
46	6	6.223238	0.05315447	5.808455	6.178484	1.762574	5.833618	0
46	7	5.272186	0.05315447	1.285564	5.234866	1.575005	1.309182	0
46	8	8.107084	0.05315447	1.201062	8.065112	1.86288	1.231059	0
46	9	2.819327	0.05315447	14.04373	2.78059	1.786736	14.07511	0
46	10	6.443038	0.05315447	-2.566106	6.416478	1.366549	-2.541393	0
46	11	-3.081949	0.05315447	18.17801	-3.116238	1.468795	18.19856	0
46	12	-2.960552	0.05315447	14.51918	-2.986585	1.513304	14.54743	0
46	13	-0.5952129	0.05315447	3.491199	-0.6072949	1.637495	3.514074	0
46	14	2.190968	0.05315447	11.65372	2.157737	1.460597	11.67728	0
46	15	-0.1165705	0.05315447	14.19818	-0.154341	1.506126	14.21947	0
46	16	3.326544	0.05315447	5.93226	3.296143	1.545308	5.958524	0
46	17	1.017685	0.05315447	10.27932	1.008037	1.420351	10.29859	0
46	18	0.1573906	0.05315447	12.96982	0.1295782	1.827472	13.00287	0
46	19	7.535027	0.05315447	-1.24116	7.496446	1.631847	-1.214847	0
46	20	6.516527	0.05315447	3.484537	6.48381	1.387683	3.504208	0
46	21	7.596087	0.05315447	-9.577627	7.570326	1.582276	-9.549391	0
46	22	8.751005	0.05315447	-6.854015	8.73965	1.612347	-6.831001	0
46	23	2.245716	0.05315447	5.418921	2.208982	1.506535	5.445564	0
46	24	-1.132933	0.05315447	14.28592	-1.169959	1.462751	14.30529	0
46	25	8.358554	0.05315447	0.02387849	8.317967	1.633615	0.04703669	0
46	26	3.900323	0.05315447	10.13988	3.863065	1.524714	10.15976	0
46	27	4.98667	0.05315447	11.40572	4.944767	1.65382	11.42925	0
47	1	2.469281	0.05315447	1.695517	2.45099	1.819847	1.725928	0
47	2	2.992971	0.05315447	12.8119	2.976897	1.772705	12.84036	0
47	3	1.374259	0.05315447	1.635774	1.329187	1.773008	1.659006	0
47	4	-0.6256351	0.05315447	5.521849	-0.6676754	1.654245	5.543456	0
47	5	7.732188	0.05315447	-4.514948	7.699049	1.447061	-4.493049	0
47	6	6.223238	0.05315447	5.808455	6.178476	1.762553	5.833457	0
47	7	5.272186	0.05315447	1.285564	5.233728	1.575066	1.308206	0
47	8	8.107084	0.05315447	1.201062	8.063513	1.862904	1.230066	0
47	9	2.819327	0.05315447	14.04373	2.783358	1.786718	14.07466	0
47	10	6.443038	0.05315447	-2.566106	6.415017	1.36658	-2.541859	0
47	11	-3.081949	0.05315447	18.17801	-3.116048	1.468834	18.1988	0
47	12	-2.960552	0.05315447	14.51918	-2.988276	1.513395	14.54711	0
47	13	-0.5952129	0.05315447	3.491199	-0.6081314	1.637429	3.515614	0
47	14	2.190968	0.05315447	11.65372	2.157586	1.460575	11.67763	0
47	15	-0.1165705	0.05315447	14.19818	-0.1540966	1.506096	14.21948	0
47	16	3.326544	0.05315447	5.93226	3.294487	1.545341	5.957979	0
47	17	1.017685	0.05315447	10.27932	1.007764	1.420346	10.29901	0
47	18	0.1573906	0.05315447	12.96982	0.1274211	1.827586	13.00247	0
47	19	7.535027	0.05315447	-1.24116	7.495292	1.631913	-1.215868	0
47	20	6.516527	0.05315447	3.484537	6.484006	1.387686	3.504441	0
47	21	7.596087	0.05315447	-9.577627	7.568542	1.582403	-9.549845	0
47	22	8.751005	0.05315447	-6.854015	8.73912	1.612273	-6.829424	0
47	23	2.245716	0.05315447	5.418921	2.208724	1.506482	5.445955	0
47	24	-1.132933	0.05315447	14.28592	-1.170117	1.462765	14.305	0
47	25	8.358554	0.05315447	0.02387849	8.318404	1.633596	0.04700009	0
47	26	3.900323	0.05315447	10.13988	3.863509	1.524718	10.1598	0
47	27	4.98667	0.05315447	11.40572	4.944795	1.653796	11.42914	0
47	28	4.825983	0.05315447	-9.384064	4.787734	1.597563	-9.358478	0
48	1	2.469281	0.05315447	1.695517	2.448711	1.819816	1.727011	0
48	2	2.992971	0.05315447	12.8119	2.97492	1.772639	12.84164	0
48	3	1.374259	0.05315447	1.635774	1.32948	1.772971	1.659034	0
48	4	-0.6256351	0.05315447	5.521849	-0.6674658	1.654211	5.543496	0
48	5	7.732188	0.05315447	-4.514948	7.699218	1.447091	-4.492762	0
48	6	6.223238	0.05315447	5.808455	6.178674	1.762525	5.833454	0
48	7	5.272186	0.05315447	1.285564	5.232897	1.575123	1.307335	0
48	8	8.107084	0.05315447	1.201062	8.062031	1.862953	1.228846	0
48	9	2.819327	0.05315447	14.04373	2.786428	1.786746	14.07429	0
48	10	6.443038	0.05315447	-2.566106	6.413733	1.366593	-2.542368	0
48	11	-3.081949	0.05315447	18.17801	-3.11591	1.468857	18.19911	0
48	12	-2.960552	0.05315447	14.51918	-2.989935	1.513482	14.54669	0
48	13	-0.5952129	0.05315447	3.491199	-0.6094818	1.637361	3.516991	0
48	14	2.190968	0.05315447	11.65372	2.15717	1.460567	11.67794	0
48	15	-0.1165705	0.05315447	14.19818	-0.1537452	1.506072	14.21948	0
48	16	3.326544	0.05315447	5.93226	3.293036	1.545356	5.957399	0
48	17	1.017685	0.05315447	10.27932	1.007441	1.42029	10.3004	0
48	18	0.1573906	0.05315447	12.96982	0.1253688	1.827732	13.00196	0
48	19	7.535027	0.05315447	-1.24116	7.494467	1.631972	-1.216778	0
48	20	6.516527	0.05315447	3.484537	6.484169	1.38767	3.504682	0
48	21	7.596087	0.05315447	-9.577627	7.566784	1.582501	-9.55018	0
48	22	8.751005	0.05315447	-6.854015	8.738164	1.61221	-6.827949	0
48	23	2.245716	0.05315447	5.418921	2.208658	1.50642	5.446217	0
48	24	-1.132933	0.05315447	14.28592	-1.170075	1.462741	14.30495	0
48	25	8.358554	0.05315447	0.02387849	8.318936	1.633602	0.0469617	0
48	26	3.900323	0.05315447	10.13988	3.86386	1.524735	10.15992	0
48	27	4.98667	0.05315447	11.40572	4.944997	1.65377	11.42914	0
48	28	4.825983	0.05315447	-9.384064	4.787202	1.597534	-9.358006	0
48	29	-4.045705	0.05315447	14.44749	-4.08633	1.652097	14.47707	0
49	1	2.469281	0.05315447	1.695517	2.446428	1.819734	1.727673	0
49	2	2.992971	0.05315447	12.8119	2.972695	1.772611	12.84266	0
49	3	1.374259	0.05315447	1.635774	1.32991	1.772944	1.659036	0
49	4	-0.6256351	0.05315447	5.521849	-0.6671609	1.654179	5.543523	0
49	5	7.732188	0.05315447	-4.514948	7.699242	1.447097	-4.4924	0
49	6	6.223238	0.05315447	5.808455	6.178923	1.76249	5.833474	0
49	7	5.272186	0.05315447	1.285564	5.232353	1.575186	1.306647	0
49	8	8.107084	0.05315447	1.201062	8.060742	1.863028	1.227712	0
49	9	2.819327	0.05315447	14.04373	2.78995	1.786713	14.07384	0
49	10	6.443038	0.05315447	-2.566106	6.412521	1.366619	-2.542982	0
49	11	-3.081949	0.05315447	18.17801	-3.115888	1.468864	18.1995	0
49	12	-2.960552	0.05315447	14.51918	-2.991569	1.513521	14.54618	0
49	13	-0.5952129	0.05315447	3.491199	-0.6111763	1.637299	3.518224	0
49	14	2.190968	0.05315447	11.65372	2.15675	1.460558	11.67827	0
49	15	-0.1165705	0.05315447	14.19818	-0.1533122	1.506069	14.21944	0
49	16	3.326544	0.05315447	5.93226	3.291653	1.545381	5.956707	0
49	17	1.017685	0.05315447	10.27932	1.006752	1.420226	10.30174	0
49	18	0.1573906	0.05315447	12.96982	0.1233244	1.827842	13.00157	0
49	19	7.535027	0.05315447	-1.24116	7.493934	1.632036	-1.217485	0
49	20	6.516527	0.05315447	3.484537	6.484316	1.387671	3.504899	0
49	21	7.596087	0.05315447	-9.577627	7.565051	1.582593	-9.550614	0
49	22	8.751005	0.05315447	-6.854015	8.736748	1.612141	-6.826608	0
49	23	2.245716	0.05315447	5.418921	2.209012	1.506385	5.446239	0
49	24	-1.132933	0.05315447	14.28592	-1.16991	1.462716	14.30498	0
49	25	8.358554	0.05315447	0.02387849	8.319413	1.633605	0.04698686	0
49	26	3.900323	0.05315447	10.13988	3.864097	1.524747	10.16017	0
49	27	4.98667	0.05315447	11.40572	4.945238	1.653736	11.42916	0
49	28	4.825983	0.05315447	-9.384064	4.786725	1.597483	-9.357541	0
49	29	-4.045705	0.05315447	14.44749	-4.086495	1.652031	14.47743	0
49	30	-3.59507	0.05315447	12.46968	-3.633261	1.588418	12.49531	0
50	1	2.469281	0.05315447	1.695517	2.446428	1.819734	1.727673	0
50	2	2.992971	0.05315447	12.8119	2.972695	1.772611	12.84266	0
50	3	1.374259	0.05315447	1.635774	1.32991	1.772944	1.659036	0
50	4	-0.6256351	0.05315447	5.521849	-0.6671609	1.654179	5.543523	0
50	5	7.732188	0.05315447	-4.514948	7.699242	1.447097	-4.4924	0
50	6	6.223238	0.05315447	5.808455	6.178923	1.76249	5.833474	0
50	7	5.272186	0.05315447	1.285564	5.232353	1.575186	1.306647	0
50	8	8.107084	0.05315447	1.201062	8.060742	1.863028	1.227712	0
50	9	2.819327	0.05315447	14.04373	2.78995	1.786713	14.07384	0
50	10	6.443038	0.05315447	-2.566106	6.412521	1.366619	-2.542982	0
50	11	-3.081949	0.05315447	18.17801	-3.115888	1.468864	18.1995	0
50	12	-2.960552	0.05315447	14.51918	-2.991569	1.513521	14.54618	0
50	13	-0.5952129	0.05315447	3.491199	-0.6111763	1.637299	3.518224	0
50	14	2.190968	0.05315447	11.65372	2.15675	1.460558	11.67827	0
50	15	-0.1165705	0.05315447	14.19818	-0.1533122	1.506069	14.21944	0
50	16	3.326544	0.05315447	5.93226	3.291653	1.545381	5.956707	0
50	17	1.017685	0.05315447	10.27932	1.006752	1.420226	10.30174	0
50	18	0.1573906	0.05315447	12.96982	0.1233244	1.827842	13.00157	0
50	19	7.535027	0.05315447	-1.24116	7.493934	1.632036	-1.217485	0
50	20	6.516527	0.05315447	3.484537	6.484316	1.387671	3.504899	0
50	21	7.596087	0.05315447	-9.577627	7.565051	1.582593	-9.550614	0
50	22	8.751005	0.05315447	-6.854015	8.736748	1.612141	-6.826608	0
50	23	2.245716	0.05315447	5.418921	2.209012	1.506385	5.446239	0
50	24	-1.132933	0.05315447	14.28592	-1.16991	1.462716	14.30498	0
50	25	8.358554	0.05315447	0.02387849	8.319413	1.633605	0.04698686	0
50	26	3.900323	0.05315447	10.13988	3.864097	1.524747	10.16017	0
50	27	4.98667	0.05315447	11.40572	4.945238	1.653736	11.42916	0
50	28	4.825983	0.05315447	-9.384064	4.786725	1.597483	-9.357541	0
50	29	-4.045705	0.05315447	14.44749	-4.086495	1.652031	14.47743	0
50	30	-3.59507	0.05315447	12.46968	-3.633261	1.588418	12.49531	0
50	31	9.267346	0.05315447	-2.705065	9.267346	1.583	-2.745049	0
17	1	2.480737	0.05315447	1.678572	2.45617	1.675791	1.70628	0
18	1	2.480737	0.05315447	1.678572	2.459751	1.67569	1.705536	0
18	2	2.994704	0.05315447	12.81551	2.955808	1.85911	12.84579	0
19	1	2.480737	0.05315447	1.678572	2.463283	1.675614	1.704551	0
19	2	2.994704	0.05315447	12.81551	2.958917	1.859121	12.84542	0
19	3	1.356947	0.05315447	1.661426	1.328742	1.674447	1.692925	0
20	1	2.480737	0.05315447	1.678572	2.466351	1.675678	1.703356	0
20	2	2.994704	0.05315447	12.81551	2.962482	1.859093	12.84502	0
20	3	1.356947	0.05315447	1.661426	1.326867	1.67456	1.692563	0
20	4	-0.6533422	0.05315447	5.554807	-0.6879834	1.462053	5.576609	0
21	1	2.480737	0.05315447	1.678572	2.468446	1.675826	1.702275	0
21	2	2.994704	0.05315447	12.81551	2.966317	1.859019	12.84444	0
21	3	1.356947	0.05315447	1.661426	1.32499	1.674659	1.692139	0
21	4	-0.6533422	0.05315447	5.554807	-0.6890243	1.462111	5.575713	0
21	5	7.723952	0.05315447	-4.468045	7.675988	1.897461	-4.441841	0
22	1	2.480737	0.05315447	1.678572	2.468446	1.675826	1.702275	0
22	2	2.994704	0.05315447	12.81551	2.966317	1.859019	12.84444	0
22	3	1.356947	0.05315447	1.661426	1.32499	1.674659	1.692139	0
22	4	-0.6533422	0.05315447	5.554807	-0.6890243	1.462111	5.575713	0
22	5	7.723952	0.05315447	-4.468045	7.675988	1.897461	-4.441841	0
22	6	6.193233	0.05315447	5.798246	6.193233	1.55436	5.75881	0
17	1	2.436774	0.05315447	1.699738	2.393121	1.774724	1.731436	0
18	1	2.436774	0.05315447	1.699738	2.392891	1.774658	1.731876	0
18	2	3.000507	0.05315447	12.80974	2.964672	1.439045	12.83091	0
19	1	2.436774	0.05315447	1.699738	2.392974	1.774591	1.732091	0
19	2	3.000507	0.05315447	12.80974	2.964291	1.439094	12.83038	0
19	3	1.365057	0.05315447	1.705028	1.327559	1.522005	1.72805	0
20	1	2.436774	0.05315447	1.699738	2.393635	1.774564	1.732013	0
20	2	3.000507	0.05315447	12.80974	2.964163	1.439105	12.83009	0
20	3	1.365057	0.05315447	1.705028	1.326968	1.52207	1.727303	0
20	4	-0.6348858	0.05315447	5.543044	-0.6561528	1.500785	5.56766	0
21	1	2.436774	0.05315447	1.699738	2.394942	1.774541	1.731665	0
21	2	3.000507	0.05315447	12.80974	2.964234	1.439083	12.83004	0
21	3	1.365057	0.05315447	1.705028	1.326626	1.522117	1.726796	0
21	4	-0.6348858	0.05315447	5.543044	-0.6529419	1.500693	5.566956	0
21	5	7.788762	0.05315447	-4.491661	7.750965	1.632989	-4.4668	0
22	1	2.436774	0.05315447	1.699738	2.396863	1.774496	1.731175	0
22	2	3.000507	0.05315447	12.80974	2.964417	1.439058	12.83005	0
22	3	1.365057	0.05315447	1.705028	1.326542	1.522115	1.726558	0
22	4	-0.6348858	0.05315447	5.543044	-0.6498464	1.500642	5.566024	0
22	5	7.788762	0.05315447	-4.491661	7.750604	1.632979	-4.466442	0
22	6	6.232664	0.05315447	5.779531	6.21665	1.319119	5.800515	0
23	1	2.436774	0.05315447	1.699738	2.399359	1.774452	1.730715	0
23	2	3.000507	0.05315447	12.80974	2.96464	1.439029	12.83006	0
23	3	1.365057	0.05315447	1.705028	1.326659	1.522092	1.726531	0
23	4	-0.6348858	0.05315447	5.543044	-0.6472449	1.500728	5.564949	0
23	5	7.788762	0.05315447	-4.491661	7.750123	1.63297	-4.466095	0
23	6	6.232664	0.05315447	5.779531	6.219375	1.319069	5.799716	0
23	7	5.29294	0.05315447	1.410655	5.257582	1.914732	1.444038	0
24	1	2.436774	0.05315447	1.699738	2.399359	1.774452	1.730715	0
24	2	3.000507	0.05315447	12.80974	2.96464	1.439029	12.83006	0
24	3	1.365057	0.05315447	1.705028	1.326659	1.522092	1.726531	0
24	4	-0.6348858	0.05315447	5.543044	-0.6472449	1.500728	5.564949	0
24	5	7.788762	0.05315447	-4.491661	7.750123	1.63297	-4.466095	0
24	6	6.232664	0.05315447	5.779531	6.219375	1.319069	5.799716	0
24	7	5.29294	0.05315447	1.410655	5.257582	1.914732	1.444038	0
24	8	8.190232	0.05315447	1.222665	8.190232	1.47396	1.1775	0
17	1	2.457012	0.05315447	1.679184	2.410482	1.886079	1.710631	0
18	1	2.457012	0.05315447	1.679184	2.410137	1.88601	1.711123	0
18	2	2.998878	0.05315447	12.7709	2.96356	1.482086	12.79455	0
19	1	2.457012	0.05315447	1.679184	2.41003	1.885931	1.711442	0
19	2	2.998878	0.05315447	12.7709	2.963083	1.482062	12.79498	0
19	3	1.316674	0.05315447	1.665744	1.29308	1.687388	1.696122	0
20	1	2.457012	0.05315447	1.679184	2.410458	1.885884	1.711463	0
20	2	2.998878	0.05315447	12.7709	2.962623	1.482015	12.79543	0
20	3	1.316674	0.05315447	1.665744	1.291102	1.687402	1.69621	0
20	4	-0.5629239	0.05315447	5.534461	-0.5785199	1.53686	5.556362	0
21	1	2.457012	0.05315447	1.679184	2.411542	1.885862	1.711229	0
21	2	2.998878	0.05315447	12.7709	2.962343	1.481961	12.79581	0
21	3	1.316674	0.05315447	1.665744	1.28911	1.687502	1.695871	0
21	4	-0.5629239	0.05315447	5.534461	-0.5758318	1.536951	5.555251	0
21	5	7.754276	0.05315447	-4.505953	7.71511	1.680449	-4.481018	0
22	1	2.457012	0.05315447	1.679184	2.413318	1.88582	1.710721	0
22	2	2.998878	0.05315447	12.7709	2.96224	1.481899	12.79607	0
22	3	1.316674	0.05315447	1.665744	1.287215	1.687638	1.695394	0
22	4	-0.5629239	0.05315447	5.534461	-0.5741249	1.537089	5.554312	0
22	5	7.754276	0.05315447	-4.505953	7.715297	1.680486	-4.480773	0
22	6	6.247543	0.05315447	5.819201	6.23617	1.540702	5.841011	0
23	1	2.457012	0.05315447	1.679184	2.415701	1.88577	1.710217	0
23	2	2.998878	0.05315447	12.7709	2.962535	1.481861	12.7961	0
23	3	1.316674	0.05315447	1.665744	1.285334	1.68774	1.695033	0
23	4	-0.5629239	0.05315447	5.534461	-0.5735407	1.537165	5.553792	0
23	5	7.754276	0.05315447	-4.505953	7.7155	1.680542	-4.480504	0
23	6	6.247543	0.05315447	5.819201	6.237097	1.540796	5.840364	0
23	7	5.260006	0.05315447	1.320036	5.221218	1.766854	1.348892	0
24	1	2.457012	0.05315447	1.679184	2.418616	1.885749	1.709767	0
24	2	2.998878	0.05315447	12.7709	2.963337	1.481844	12.79594	0
24	3	1.316674	0.05315447	1.665744	1.283487	1.687838	1.694561	0
24	4	-0.5629239	0.05315447	5.534461	-0.5738308	1.537179	5.553957	0
24	5	7.754276	0.05315447	-4.505953	7.715708	1.680581	-4.480193	0
24	6	6.247543	0.05315447	5.819201	6.236803	1.540843	5.839952	0
24	7	5.260006	0.05315447	1.320036	5.21963	1.766883	1.348099	0
24	8	8.181583	0.05315447	1.150961	8.145478	1.702036	1.180999	0
25	1	2.457012	0.05315447	1.679184	2.421926	1.885756	1.709406	0
25	2	2.998878	0.05315447	12.7709	2.964686	1.481812	12.79555	0
25	3	1.316674	0.05315447	1.665744	1.281661	1.687878	1.693975	0
25	4	-0.5629239	0.05315447	5.534461	-0.5740924	1.537121	5.555466	0
25	5	7.754276	0.05315447	-4.505953	7.715793	1.680597	-4.479795	0
25	6	6.247543	0.05315447	5.819201	6.23665	1.540784	5.841414	0
25	7	5.260006	0.05315447	1.320036	5.218155	1.766917	1.347034	0
25	8	8.181583	0.05315447	1.150961	8.143933	1.702067	1.180297	0
25	9	2.790971	0.05315447	14.04567	2.748954	1.808071	14.07279	0
26	1	2.457012	0.05315447	1.679184	2.425671	1.885708	1.708942	0
26	2	2.998878	0.05315447	12.7709	2.966507	1.481773	12.79515	0
26	3	1.316674	0.05315447	1.665744	1.28005	1.687894	1.693344	0
26	4	-0.5629239	0.05315447	5.534461	-0.5747597	1.537053	5.556944	0
26	5	7.754276	0.05315447	-4.505953	7.715831	1.680608	-4.479335	0
26	6	6.247543	0.05315447	5.819201	6.236079	1.540708	5.842915	0
26	7	5.260006	0.05315447	1.320036	5.216821	1.766972	1.345892	0
26	8	8.181583	0.05315447	1.150961	8.142477	1.702093	1.179401	0
26	9	2.790971	0.05315447	14.04567	2.749171	1.808132	14.07308	0
27	1	2.457012	0.05315447	1.679184	2.425671	1.885708	1.708942	0
27	2	2.998878	0.05315447	12.7709	2.966507	1.481773	12.79515	0
27	3	1.316674	0.05315447	1.665744	1.28005	1.687894	1.693344	0
27	4	-0.5629239	0.05315447	5.534461	-0.5747597	1.537053	5.556944	0
27	5	7.754276	0.05315447	-4.505953	7.715831	1.680608	-4.479335	0
27	6	6.247543	0.05315447	5.819201	6.236079	1.540708	5.842915	0
27	7	5.260006	0.05315447	1.320036	5.216821	1.766972	1.345892	0
27	8	8.181583	0.05315447	1.150961	8.142477	1.702093	1.179401	0
27	9	2.790971	0.05315447	14.04567	2.749171	1.808132	14.07308	0
27	10	6.442986	0.05315447	-2.577297	6.442986	1.767506	-2.629565	0
