17	1	413.1733	356.6175	0
18	1	413.1733	356.6175	0
18	2	426.1597	97.95291	0
19	1	413.1733	356.6175	0
19	2	426.1597	97.95291	0
19	3	387.6176	357.3846	0
20	1	413.1733	356.6175	0
20	2	426.1597	97.95291	0
20	3	387.6176	357.3846	0
20	4	341.562	267.3849	0
21	1	413.1733	356.6175	0
21	2	426.1597	97.95291	0
21	3	387.6176	357.3846	0
21	4	341.562	267.3849	0
21	5	536.2954	500.1016	0
22	1	413.1733	356.6175	0
22	2	426.1597	97.95291	0
22	3	387.6176	357.3846	0
22	4	341.562	267.3849	0
22	5	536.2954	500.1016	0
22	6	501.9589	262.1473	0
23	1	413.1733	356.6175	0
23	2	426.1597	97.95291	0
23	3	387.6176	357.3846	0
23	4	341.562	267.3849	0
23	5	536.2954	500.1016	0
23	6	501.9589	262.1473	0
23	7	480.3035	364.1239	0
24	1	413.1733	356.6175	0
24	2	426.1597	97.95291	0
24	3	387.6176	357.3846	0
24	4	341.562	267.3849	0
24	5	536.2954	500.1016	0
24	6	501.9589	262.1473	0
24	7	480.3035	364.1239	0
24	8	545.6501	367.4058	0
25	1	413.1733	356.6175	0
25	2	426.1597	97.95291	0
25	3	387.6176	357.3846	0
25	4	341.562	267.3849	0
25	5	536.2954	500.1016	0
25	6	501.9589	262.1473	0
25	7	480.3035	364.1239	0
25	8	545.6501	367.4058	0
25	9	421.0808	69.53595	0
26	1	413.1733	356.6175	0
26	2	426.1597	97.95291	0
26	3	387.6176	357.3846	0
26	4	341.562	267.3849	0
26	5	536.2954	500.1016	0
26	6	501.9589	262.1473	0
26	7	480.3035	364.1239	0
26	8	545.6501	367.4058	0
26	9	421.0808	69.53595	0
27	1	413.1733	356.6175	0
27	2	426.1597	97.95291	0
27	3	387.6176	357.3846	0
27	4	341.562	267.3849	0
27	5	536.2954	500.1016	0
27	6	501.9589	262.1473	0
27	7	480.3035	364.1239	0
27	8	545.6501	367.4058	0
27	9	421.0808	69.53595	0
27	10	504.7134	456.0594	0
28	1	413.1733	356.6175	0
28	2	426.1597	97.95291	0
28	3	387.6176	357.3846	0
28	4	341.562	267.3849	0
28	5	536.2954	500.1016	0
28	6	501.9589	262.1473	0
28	7	480.3035	364.1239	0
28	8	545.6501	367.4058	0
28	9	421.0808	69.53595	0
28	10	504.7134	456.0594	0
28	11	284.3477	-26.52734	0
29	1	413.1733	356.6175	0
29	2	426.1597	97.95291	0
29	3	387.6176	357.3846	0
29	4	341.562	267.3849	0
29	5	536.2954	500.1016	0
29	6	501.9589	262.1473	0
29	7	480.3035	364.1239	0
29	8	545.6501	367.4058	0
29	9	421.0808	69.53595	0
29	10	504.7134	456.0594	0
29	11	284.3477	-26.52734	0
29	12	289.259	57.97729	0
30	1	413.1733	356.6175	0
30	2	426.1597	97.95291	0
30	3	387.6176	357.3846	0
30	4	341.562	267.3849	0
30	5	536.2954	500.1016	0
30	6	501.9589	262.1473	0
30	7	480.3035	364.1239	0
30	8	545.6501	367.4058	0
30	9	421.0808	69.53595	0
30	10	504.7134	456.0594	0
30	11	284.3477	-26.52734	0
30	12	289.259	57.97729	0
30	13	343.7921	315.8055	0
31	1	413.1733	356.6175	0
31	2	426.1597	97.95291	0
31	3	387.6176	357.3846	0
31	4	341.562	267.3849	0
31	5	536.2954	500.1016	0
31	6	501.9589	262.1473	0
31	7	480.3035	364.1239	0
31	8	545.6501	367.4058	0
31	9	421.0808	69.53595	0
31	10	504.7134	456.0594	0
31	11	284.3477	-26.52734	0
31	12	289.259	57.97729	0
31	13	343.7921	315.8055	0
31	14	407.8671	125.549	0
32	1	413.1733	356.6175	0
32	2	426.1597	97.95291	0
32	3	387.6176	357.3846	0
32	4	341.562	267.3849	0
32	5	536.2954	500.1016	0
32	6	501.9589	262.1473	0
32	7	480.3035	364.1239	0
32	8	545.6501	367.4058	0
32	9	421.0808	69.53595	0
32	10	504.7134	456.0594	0
32	11	284.3477	-26.52734	0
32	12	289.259	57.97729	0
32	13	343.7921	315.8055	0
32	14	407.8671	125.549	0
32	15	356.1394	65.52103	0
33	1	413.1733	356.6175	0
33	2	426.1597	97.95291	0
33	3	387.6176	357.3846	0
33	4	341.562	267.3849	0
33	5	536.2954	500.1016	0
33	6	501.9589	262.1473	0
33	7	480.3035	364.1239	0
33	8	545.6501	367.4058	0
33	9	421.0808	69.53595	0
33	10	504.7134	456.0594	0
33	11	284.3477	-26.52734	0
33	12	289.259	57.97729	0
33	13	343.7921	315.8055	0
33	14	407.8671	125.549	0
33	15	356.1394	65.52103	0
33	16	434.4579	256.7905	0
34	1	413.1733	356.6175	0
34	2	426.1597	97.95291	0
34	3	387.6176	357.3846	0
34	4	341.562	267.3849	0
34	5	536.2954	500.1016	0
34	6	501.9589	262.1473	0
34	7	480.3035	364.1239	0
34	8	545.6501	367.4058	0
34	9	421.0808	69.53595	0
34	10	504.7134	456.0594	0
34	11	284.3477	-26.52734	0
34	12	289.259	57.97729	0
34	13	343.7921	315.8055	0
34	14	407.8671	125.549	0
34	15	356.1394	65.52103	0
34	16	434.4579	256.7905	0
34	17	380.4249	158.4996	0
35	1	413.1733	356.6175	0
35	2	426.1597	97.95291	0
35	3	387.6176	357.3846	0
35	4	341.562	267.3849	0
35	5	536.2954	500.1016	0
35	6	501.9589	262.1473	0
35	7	480.3035	364.1239	0
35	8	545.6501	367.4058	0
35	9	421.0808	69.53595	0
35	10	504.7134	456.0594	0
35	11	284.3477	-26.52734	0
35	12	289.259	57.97729	0
35	13	343.7921	315.8055	0
35	14	407.8671	125.549	0
35	15	356.1394	65.52103	0
35	16	434.4579	256.7905	0
35	17	380.4249	158.4996	0
35	18	361.1811	93.12161	0
36	1	413.1733	356.6175	0
36	2	426.1597	97.95291	0
36	3	387.6176	357.3846	0
36	4	341.562	267.3849	0
36	5	536.2954	500.1016	0
36	6	501.9589	262.1473	0
36	7	480.3035	364.1239	0
36	8	545.6501	367.4058	0
36	9	421.0808	69.53595	0
36	10	504.7134	456.0594	0
36	11	284.3477	-26.52734	0
36	12	289.259	57.97729	0
36	13	343.7921	315.8055	0
36	14	407.8671	125.549	0
36	15	356.1394	65.52103	0
36	16	434.4579	256.7905	0
36	17	380.4249	158.4996	0
36	18	361.1811	93.12161	0
37	1	413.1733	356.6175	0
37	2	426.1597	97.95291	0
37	3	387.6176	357.3846	0
37	4	341.562	267.3849	0
37	5	536.2954	500.1016	0
37	6	501.9589	262.1473	0
37	7	480.3035	364.1239	0
37	8	545.6501	367.4058	0
37	9	421.0808	69.53595	0
37	10	504.7134	456.0594	0
37	11	284.3477	-26.52734	0
37	12	289.259	57.97729	0
37	13	343.7921	315.8055	0
37	14	407.8671	125.549	0
37	15	356.1394	65.52103	0
37	16	434.4579	256.7905	0
37	17	380.4249	158.4996	0
37	18	361.1811	93.12161	0
37	19	530.7681	423.0923	0
38	1	413.1733	356.6175	0
38	2	426.1597	97.95291	0
38	3	387.6176	357.3846	0
38	4	341.562	267.3849	0
38	5	536.2954	500.1016	0
38	6	501.9589	262.1473	0
38	7	480.3035	364.1239	0
38	8	545.6501	367.4058	0
38	9	421.0808	69.53595	0
38	10	504.7134	456.0594	0
38	11	284.3477	-26.52734	0
38	12	289.259	57.97729	0
38	13	343.7921	315.8055	0
38	14	407.8671	125.549	0
38	15	356.1394	65.52103	0
38	16	434.4579	256.7905	0
38	17	380.4249	158.4996	0
38	18	361.1811	93.12161	0
38	19	530.7681	423.0923	0
38	20	508.5431	315.6385	0
39	1	413.1733	356.6175	0
39	2	426.1597	97.95291	0
39	3	387.6176	357.3846	0
39	4	341.562	267.3849	0
39	5	536.2954	500.1016	0
39	6	501.9589	262.1473	0
39	7	480.3035	364.1239	0
39	8	545.6501	367.4058	0
39	9	421.0808	69.53595	0
39	10	504.7134	456.0594	0
39	11	284.3477	-26.52734	0
39	12	289.259	57.97729	0
39	13	343.7921	315.8055	0
39	14	407.8671	125.549	0
39	15	356.1394	65.52103	0
39	16	434.4579	256.7905	0
39	17	380.4249	158.4996	0
39	18	361.1811	93.12161	0
39	19	530.7681	423.0923	0
39	20	508.5431	315.6385	0
39	21	533.1426	617.0011	0
40	1	413.1733	356.6175	0
40	2	426.1597	97.95291	0
40	3	387.6176	357.3846	0
40	4	341.562	267.3849	0
40	5	536.2954	500.1016	0
40	6	501.9589	262.1473	0
40	7	480.3035	364.1239	0
40	8	545.6501	367.4058	0
40	9	421.0808	69.53595	0
40	10	504.7134	456.0594	0
40	11	284.3477	-26.52734	0
40	12	289.259	57.97729	0
40	13	343.7921	315.8055	0
40	14	407.8671	125.549	0
40	15	356.1394	65.52103	0
40	16	434.4579	256.7905	0
40	17	380.4249	158.4996	0
40	18	361.1811	93.12161	0
40	19	530.7681	423.0923	0
40	20	508.5431	315.6385	0
40	21	533.1426	617.0011	0
40	22	559.3718	553.8806	0
41	1	413.1733	356.6175	0
41	2	426.1597	97.95291	0
41	3	387.6176	357.3846	0
41	4	341.562	267.3849	0
41	5	536.2954	500.1016	0
41	6	501.9589	262.1473	0
41	7	480.3035	364.1239	0
41	8	545.6501	367.4058	0
41	9	421.0808	69.53595	0
41	10	504.7134	456.0594	0
41	11	284.3477	-26.52734	0
41	12	289.259	57.97729	0
41	13	343.7921	315.8055	0
41	14	407.8671	125.549	0
41	15	356.1394	65.52103	0
41	16	434.4579	256.7905	0
41	17	380.4249	158.4996	0
41	18	361.1811	93.12161	0
41	19	530.7681	423.0923	0
41	20	508.5431	315.6385	0
41	21	533.1426	617.0011	0
41	22	559.3718	553.8806	0
41	23	409.4318	272.0352	0
42	1	413.1733	356.6175	0
42	2	426.1597	97.95291	0
42	3	387.6176	357.3846	0
42	4	341.562	267.3849	0
42	5	536.2954	500.1016	0
42	6	501.9589	262.1473	0
42	7	480.3035	364.1239	0
42	8	545.6501	367.4058	0
42	9	421.0808	69.53595	0
42	10	504.7134	456.0594	0
42	11	284.3477	-26.52734	0
42	12	289.259	57.97729	0
42	13	343.7921	315.8055	0
42	14	407.8671	125.549	0
42	15	356.1394	65.52103	0
42	16	434.4579	256.7905	0
42	17	380.4249	158.4996	0
42	18	361.1811	93.12161	0
42	19	530.7681	423.0923	0
42	20	508.5431	315.6385	0
42	21	533.1426	617.0011	0
42	22	559.3718	553.8806	0
42	23	409.4318	272.0352	0
42	24	330.6015	63.1713	0
43	1	413.1733	356.6175	0
43	2	426.1597	97.95291	0
43	3	387.6176	357.3846	0
43	4	341.562	267.3849	0
43	5	536.2954	500.1016	0
43	6	501.9589	262.1473	0
43	7	480.3035	364.1239	0
43	8	545.6501	367.4058	0
43	9	421.0808	69.53595	0
43	10	504.7134	456.0594	0
43	11	284.3477	-26.52734	0
43	12	289.259	57.97729	0
43	13	343.7921	315.8055	0
43	14	407.8671	125.549	0
43	15	356.1394	65.52103	0
43	16	434.4579	256.7905	0
43	17	380.4249	158.4996	0
43	18	361.1811	93.12161	0
43	19	530.7681	423.0923	0
43	20	508.5431	315.6385	0
43	21	533.1426	617.0011	0
43	22	559.3718	553.8806	0
43	23	409.4318	272.0352	0
43	24	330.6015	63.1713	0
43	25	551.8877	394.8408	0
44	1	413.1733	356.6175	0
44	2	426.1597	97.95291	0
44	3	387.6176	357.3846	0
44	4	341.562	267.3849	0
44	5	536.2954	500.1016	0
44	6	501.9589	262.1473	0
44	7	480.3035	364.1239	0
44	8	545.6501	367.4058	0
44	9	421.0808	69.53595	0
44	10	504.7134	456.0594	0
44	11	284.3477	-26.52734	0
44	12	289.259	57.97729	0
44	13	343.7921	315.8055	0
44	14	407.8671	125.549	0
44	15	356.1394	65.52103	0
44	16	434.4579	256.7905	0
44	17	380.4249	158.4996	0
44	18	361.1811	93.12161	0
44	19	530.7681	423.0923	0
44	20	508.5431	315.6385	0
44	21	533.1426	617.0011	0
44	22	559.3718	553.8806	0
44	23	409.4318	272.0352	0
44	24	330.6015	63.1713	0
44	25	551.8877	394.8408	0
44	26	447.9187	160.5856	0
45	1	413.1733	356.6175	0
45	2	426.1597	97.95291	0
45	3	387.6176	357.3846	0
45	4	341.562	267.3849	0
45	5	536.2954	500.1016	0
45	6	501.9589	262.1473	0
45	7	480.3035	364.1239	0
45	8	545.6501	367.4058	0
45	9	421.0808	69.53595	0
45	10	504.7134	456.0594	0
45	11	284.3477	-26.52734	0
45	12	289.259	57.97729	0
45	13	343.7921	315.8055	0
45	14	407.8671	125.549	0
45	15	356.1394	65.52103	0
45	16	434.4579	256.7905	0
45	17	380.4249	158.4996	0
45	18	361.1811	93.12161	0
45	19	530.7681	423.0923	0
45	20	508.5431	315.6385	0
45	21	533.1426	617.0011	0
45	22	559.3718	553.8806	0
45	23	409.4318	272.0352	0
45	24	330.6015	63.1713	0
45	25	551.8877	394.8408	0
45	26	447.9187	160.5856	0
45	27	473.8404	128.5775	0
46	1	413.1733	356.6175	0
46	2	426.1597	97.95291	0
46	3	387.6176	357.3846	0
46	4	341.562	267.3849	0
46	5	536.2954	500.1016	0
46	6	501.9589	262.1473	0
46	7	480.3035	364.1239	0
46	8	545.6501	367.4058	0
46	9	421.0808	69.53595	0
46	10	504.7134	456.0594	0
46	11	284.3477	-26.52734	0
46	12	289.259	57.97729	0
46	13	343.7921	315.8055	0
46	14	407.8671	125.549	0
46	15	356.1394	65.52103	0
46	16	434.4579	256.7905	0
46	17	380.4249	158.4996	0
46	18	361.1811	93.12161	0
46	19	530.7681	423.0923	0
46	20	508.5431	315.6385	0
46	21	533.1426	617.0011	0
46	22	559.3718	553.8806	0
46	23	409.4318	272.0352	0
46	24	330.6015	63.1713	0
46	25	551.8877	394.8408	0
46	26	447.9187	160.5856	0
46	27	473.8404	128.5775	0
47	1	413.1733	356.6175	0
47	2	426.1597	97.95291	0
47	3	387.6176	357.3846	0
47	4	341.562	267.3849	0
47	5	536.2954	500.1016	0
47	6	501.9589	262.1473	0
47	7	480.3035	364.1239	0
47	8	545.6501	367.4058	0
47	9	421.0808	69.53595	0
47	10	504.7134	456.0594	0
47	11	284.3477	-26.52734	0
47	12	289.259	57.97729	0
47	13	343.7921	315.8055	0
47	14	407.8671	125.549	0
47	15	356.1394	65.52103	0
47	16	434.4579	256.7905	0
47	17	380.4249	158.4996	0
47	18	361.1811	93.12161	0
47	19	530.7681	423.0923	0
47	20	508.5431	315.6385	0
47	21	533.1426	617.0011	0
47	22	559.3718	553.8806	0
47	23	409.4318	272.0352	0
47	24	330.6015	63.1713	0
47	25	551.8877	394.8408	0
47	26	447.9187	160.5856	0
47	27	473.8404	128.5775	0
47	28	467.6014	612.111	0
48	1	413.1733	356.6175	0
48	2	426.1597	97.95291	0
48	3	387.6176	357.3846	0
48	4	341.562	267.3849	0
48	5	536.2954	500.1016	0
48	6	501.9589	262.1473	0
48	7	480.3035	364.1239	0
48	8	545.6501	367.4058	0
48	9	421.0808	69.53595	0
48	10	504.7134	456.0594	0
48	11	284.3477	-26.52734	0
48	12	289.259	57.97729	0
48	13	343.7921	315.8055	0
48	14	407.8671	125.549	0
48	15	356.1394	65.52103	0
48	16	434.4579	256.7905	0
48	17	380.4249	158.4996	0
48	18	361.1811	93.12161	0
48	19	530.7681	423.0923	0
48	20	508.5431	315.6385	0
48	21	533.1426	617.0011	0
48	22	559.3718	553.8806	0
48	23	409.4318	272.0352	0
48	24	330.6015	63.1713	0
48	25	551.8877	394.8408	0
48	26	447.9187	160.5856	0
48	27	473.8404	128.5775	0
48	28	467.6014	612.111	0
48	29	263.7507	58.21072	0
49	1	413.1733	356.6175	0
49	2	426.1597	97.95291	0
49	3	387.6176	357.3846	0
49	4	341.562	267.3849	0
49	5	536.2954	500.1016	0
49	6	501.9589	262.1473	0
49	7	480.3035	364.1239	0
49	8	545.6501	367.4058	0
49	9	421.0808	69.53595	0
49	10	504.7134	456.0594	0
49	11	284.3477	-26.52734	0
49	12	289.259	57.97729	0
49	13	343.7921	315.8055	0
49	14	407.8671	125.549	0
49	15	356.1394	65.52103	0
49	16	434.4579	256.7905	0
49	17	380.4249	158.4996	0
49	18	361.1811	93.12161	0
49	19	530.7681	423.0923	0
49	20	508.5431	315.6385	0
49	21	533.1426	617.0011	0
49	22	559.3718	553.8806	0
49	23	409.4318	272.0352	0
49	24	330.6015	63.1713	0
49	25	551.8877	394.8408	0
49	26	447.9187	160.5856	0
49	27	473.8404	128.5775	0
49	28	467.6014	612.111	0
49	29	263.7507	58.21072	0
49	30	273.7803	105.346	0
50	1	413.1733	356.6175	0
50	2	426.1597	97.95291	0
50	3	387.6176	357.3846	0
50	4	341.562	267.3849	0
50	5	536.2954	500.1016	0
50	6	501.9589	262.1473	0
50	7	480.3035	364.1239	0
50	8	545.6501	367.4058	0
50	9	421.0808	69.53595	0
50	10	504.7134	456.0594	0
50	11	284.3477	-26.52734	0
50	12	289.259	57.97729	0
50	13	343.7921	315.8055	0
50	14	407.8671	125.549	0
50	15	356.1394	65.52103	0
50	16	434.4579	256.7905	0
50	17	380.4249	158.4996	0
50	18	361.1811	93.12161	0
50	19	530.7681	423.0923	0
50	20	508.5431	315.6385	0
50	21	533.1426	617.0011	0
50	22	559.3718	553.8806	0
50	23	409.4318	272.0352	0
50	24	330.6015	63.1713	0
50	25	551.8877	394.8408	0
50	26	447.9187	160.5856	0
50	27	473.8404	128.5775	0
50	28	467.6014	612.111	0
50	29	263.7507	58.21072	0
50	30	273.7803	105.346	0
50	31	572.4929	458.1093	0
51	1	413.1733	356.6175	0
51	2	426.1597	97.95291	0
51	3	387.6176	357.3846	0
51	4	341.562	267.3849	0
51	5	536.2954	500.1016	0
51	6	501.9589	262.1473	0
51	7	480.3035	364.1239	0
51	8	545.6501	367.4058	0
51	9	421.0808	69.53595	0
51	10	504.7134	456.0594	0
51	11	284.3477	-26.52734	0
51	12	289.259	57.97729	0
51	13	343.7921	315.8055	0
51	14	407.8671	125.549	0
51	15	356.1394	65.52103	0
51	16	434.4579	256.7905	0
51	17	380.4249	158.4996	0
51	18	361.1811	93.12161	0
51	19	530.7681	423.0923	0
51	20	508.5431	315.6385	0
51	21	533.1426	617.0011	0
51	22	559.3718	553.8806	0
51	23	409.4318	272.0352	0
51	24	330.6015	63.1713	0
51	25	551.8877	394.8408	0
51	26	447.9187	160.5856	0
51	27	473.8404	128.5775	0
51	28	467.6014	612.111	0
51	29	263.7507	58.21072	0
51	30	273.7803	105.346	0
51	31	572.4929	458.1093	0
51	32	218.5468	-31.17944	0
52	1	413.1733	356.6175	0
52	2	426.1597	97.95291	0
52	3	387.6176	357.3846	0
52	4	341.562	267.3849	0
52	5	536.2954	500.1016	0
52	6	501.9589	262.1473	0
52	7	480.3035	364.1239	0
52	8	545.6501	367.4058	0
52	9	421.0808	69.53595	0
52	10	504.7134	456.0594	0
52	11	284.3477	-26.52734	0
52	12	289.259	57.97729	0
52	13	343.7921	315.8055	0
52	14	407.8671	125.549	0
52	15	356.1394	65.52103	0
52	16	434.4579	256.7905	0
52	17	380.4249	158.4996	0
52	18	361.1811	93.12161	0
52	19	530.7681	423.0923	0
52	20	508.5431	315.6385	0
52	21	533.1426	617.0011	0
52	22	559.3718	553.8806	0
52	23	409.4318	272.0352	0
52	24	330.6015	63.1713	0
52	25	551.8877	394.8408	0
52	26	447.9187	160.5856	0
52	27	473.8404	128.5775	0
52	28	467.6014	612.111	0
52	29	263.7507	58.21072	0
52	30	273.7803	105.346	0
52	31	572.4929	458.1093	0
52	32	218.5468	-31.17944	0
52	33	319.1277	14.53018	0
53	1	413.1733	356.6175	0
53	2	426.1597	97.95291	0
53	3	387.6176	357.3846	0
53	4	341.562	267.3849	0
53	5	536.2954	500.1016	0
53	6	501.9589	262.1473	0
53	7	480.3035	364.1239	0
53	8	545.6501	367.4058	0
53	9	421.0808	69.53595	0
53	10	504.7134	456.0594	0
53	11	284.3477	-26.52734	0
53	12	289.259	57.97729	0
53	13	343.7921	315.8055	0
53	14	407.8671	125.549	0
53	15	356.1394	65.52103	0
53	16	434.4579	256.7905	0
53	17	380.4249	158.4996	0
53	18	361.1811	93.12161	0
53	19	530.7681	423.0923	0
53	20	508.5431	315.6385	0
53	21	533.1426	617.0011	0
53	22	559.3718	553.8806	0
53	23	409.4318	272.0352	0
53	24	330.6015	63.1713	0
53	25	551.8877	394.8408	0
53	26	447.9187	160.5856	0
53	27	473.8404	128.5775	0
53	28	467.6014	612.111	0
53	29	263.7507	58.21072	0
53	30	273.7803	105.346	0
53	31	572.4929	458.1093	0
53	32	218.5468	-31.17944	0
53	33	319.1277	14.53018	0
53	34	397.3699	403.9719	0
54	1	413.1733	356.6175	0
54	2	426.1597	97.95291	0
54	3	387.6176	357.3846	0
54	4	341.562	267.3849	0
54	5	536.2954	500.1016	0
54	6	501.9589	262.1473	0
54	7	480.3035	364.1239	0
54	8	545.6501	367.4058	0
54	9	421.0808	69.53595	0
54	10	504.7134	456.0594	0
54	11	284.3477	-26.52734	0
54	12	289.259	57.97729	0
54	13	343.7921	315.8055	0
54	14	407.8671	125.549	0
54	15	356.1394	65.52103	0
54	16	434.4579	256.7905	0
54	17	380.4249	158.4996	0
54	18	361.1811	93.12161	0
54	19	530.7681	423.0923	0
54	20	508.5431	315.6385	0
54	21	533.1426	617.0011	0
54	22	559.3718	553.8806	0
54	23	409.4318	272.0352	0
54	24	330.6015	63.1713	0
54	25	551.8877	394.8408	0
54	26	447.9187	160.5856	0
54	27	473.8404	128.5775	0
54	28	467.6014	612.111	0
54	29	263.7507	58.21072	0
54	30	273.7803	105.346	0
54	31	572.4929	458.1093	0
54	32	218.5468	-31.17944	0
54	33	319.1277	14.53018	0
54	34	397.3699	403.9719	0
54	35	624.6882	557.9017	0
55	1	413.1733	356.6175	0
55	2	426.1597	97.95291	0
55	3	387.6176	357.3846	0
55	4	341.562	267.3849	0
55	5	536.2954	500.1016	0
55	6	501.9589	262.1473	0
55	7	480.3035	364.1239	0
55	8	545.6501	367.4058	0
55	9	421.0808	69.53595	0
55	10	504.7134	456.0594	0
55	11	284.3477	-26.52734	0
55	12	289.259	57.97729	0
55	13	343.7921	315.8055	0
55	14	407.8671	125.549	0
55	15	356.1394	65.52103	0
55	16	434.4579	256.7905	0
55	17	380.4249	158.4996	0
55	18	361.1811	93.12161	0
55	19	530.7681	423.0923	0
55	20	508.5431	315.6385	0
55	21	533.1426	617.0011	0
55	22	559.3718	553.8806	0
55	23	409.4318	272.0352	0
55	24	330.6015	63.1713	0
55	25	551.8877	394.8408	0
55	26	447.9187	160.5856	0
55	27	473.8404	128.5775	0
55	28	467.6014	612.111	0
55	29	263.7507	58.21072	0
55	30	273.7803	105.346	0
55	31	572.4929	458.1093	0
55	32	218.5468	-31.17944	0
55	33	319.1277	14.53018	0
55	34	397.3699	403.9719	0
55	35	624.6882	557.9017	0
55	36	464.176	407.9223	0
56	1	413.1733	356.6175	0
56	2	426.1597	97.95291	0
56	3	387.6176	357.3846	0
56	4	341.562	267.3849	0
56	5	536.2954	500.1016	0
56	6	501.9589	262.1473	0
56	7	480.3035	364.1239	0
56	8	545.6501	367.4058	0
56	9	421.0808	69.53595	0
56	10	504.7134	456.0594	0
56	11	284.3477	-26.52734	0
56	12	289.259	57.97729	0
56	13	343.7921	315.8055	0
56	14	407.8671	125.549	0
56	15	356.1394	65.52103	0
56	16	434.4579	256.7905	0
56	17	380.4249	158.4996	0
56	18	361.1811	93.12161	0
56	19	530.7681	423.0923	0
56	20	508.5431	315.6385	0
56	21	533.1426	617.0011	0
56	22	559.3718	553.8806	0
56	23	409.4318	272.0352	0
56	24	330.6015	63.1713	0
56	25	551.8877	394.8408	0
56	26	447.9187	160.5856	0
56	27	473.8404	128.5775	0
56	28	467.6014	612.111	0
56	29	263.7507	58.21072	0
56	30	273.7803	105.346	0
56	31	572.4929	458.1093	0
56	32	218.5468	-31.17944	0
56	33	319.1277	14.53018	0
56	34	397.3699	403.9719	0
56	35	624.6882	557.9017	0
56	36	464.176	407.9223	0
57	1	413.1733	356.6175	0
57	2	426.1597	97.95291	0
57	3	387.6176	357.3846	0
57	4	341.562	267.3849	0
57	5	536.2954	500.1016	0
57	6	501.9589	262.1473	0
57	7	480.3035	364.1239	0
57	8	545.6501	367.4058	0
57	9	421.0808	69.53595	0
57	10	504.7134	456.0594	0
57	11	284.3477	-26.52734	0
57	12	289.259	57.97729	0
57	13	343.7921	315.8055	0
57	14	407.8671	125.549	0
57	15	356.1394	65.52103	0
57	16	434.4579	256.7905	0
57	17	380.4249	158.4996	0
57	18	361.1811	93.12161	0
57	19	530.7681	423.0923	0
57	20	508.5431	315.6385	0
57	21	533.1426	617.0011	0
57	22	559.3718	553.8806	0
57	23	409.4318	272.0352	0
57	24	330.6015	63.1713	0
57	25	551.8877	394.8408	0
57	26	447.9187	160.5856	0
57	27	473.8404	128.5775	0
57	28	467.6014	612.111	0
57	29	263.7507	58.21072	0
57	30	273.7803	105.346	0
57	31	572.4929	458.1093	0
57	32	218.5468	-31.17944	0
57	33	319.1277	14.53018	0
57	34	397.3699	403.9719	0
57	35	624.6882	557.9017	0
57	36	464.176	407.9223	0
57	37	409.6527	318.6039	0
58	1	413.1733	356.6175	0
58	2	426.1597	97.95291	0
58	3	387.6176	357.3846	0
58	4	341.562	267.3849	0
58	5	536.2954	500.1016	0
58	6	501.9589	262.1473	0
58	7	480.3035	364.1239	0
58	8	545.6501	367.4058	0
58	9	421.0808	69.53595	0
58	10	504.7134	456.0594	0
58	11	284.3477	-26.52734	0
58	12	289.259	57.97729	0
58	13	343.7921	315.8055	0
58	14	407.8671	125.549	0
58	15	356.1394	65.52103	0
58	16	434.4579	256.7905	0
58	17	380.4249	158.4996	0
58	18	361.1811	93.12161	0
58	19	530.7681	423.0923	0
58	20	508.5431	315.6385	0
58	21	533.1426	617.0011	0
58	22	559.3718	553.8806	0
58	23	409.4318	272.0352	0
58	24	330.6015	63.1713	0
58	25	551.8877	394.8408	0
58	26	447.9187	160.5856	0
58	27	473.8404	128.5775	0
58	28	467.6014	612.111	0
58	29	263.7507	58.21072	0
58	30	273.7803	105.346	0
58	31	572.4929	458.1093	0
58	32	218.5468	-31.17944	0
58	33	319.1277	14.53018	0
58	34	397.3699	403.9719	0
58	35	624.6882	557.9017	0
58	36	464.176	407.9223	0
58	37	409.6527	318.6039	0
58	38	598.7264	426.2968	0
59	1	413.1733	356.6175	0
59	2	426.1597	97.95291	0
59	3	387.6176	357.3846	0
59	4	341.562	267.3849	0
59	5	536.2954	500.1016	0
59	6	501.9589	262.1473	0
59	7	480.3035	364.1239	0
59	8	545.6501	367.4058	0
59	9	421.0808	69.53595	0
59	10	504.7134	456.0594	0
59	11	284.3477	-26.52734	0
59	12	289.259	57.97729	0
59	13	343.7921	315.8055	0
59	14	407.8671	125.549	0
59	15	356.1394	65.52103	0
59	16	434.4579	256.7905	0
59	17	380.4249	158.4996	0
59	18	361.1811	93.12161	0
59	19	530.7681	423.0923	0
59	20	508.5431	315.6385	0
59	21	533.1426	617.0011	0
59	22	559.3718	553.8806	0
59	23	409.4318	272.0352	0
59	24	330.6015	63.1713	0
59	25	551.8877	394.8408	0
59	26	447.9187	160.5856	0
59	27	473.8404	128.5775	0
59	28	467.6014	612.111	0
59	29	263.7507	58.21072	0
59	30	273.7803	105.346	0
59	31	572.4929	458.1093	0
59	32	218.5468	-31.17944	0
59	33	319.1277	14.53018	0
59	34	397.3699	403.9719	0
59	35	624.6882	557.9017	0
59	36	464.176	407.9223	0
59	37	409.6527	318.6039	0
59	38	598.7264	426.2968	0
59	39	338.4557	110.3134	0
60	1	413.1733	356.6175	0
60	2	426.1597	97.95291	0
60	3	387.6176	357.3846	0
60	4	341.562	267.3849	0
60	5	536.2954	500.1016	0
60	6	501.9589	262.1473	0
60	7	480.3035	364.1239	0
60	8	545.6501	367.4058	0
60	9	421.0808	69.53595	0
60	10	504.7134	456.0594	0
60	11	284.3477	-26.52734	0
60	12	289.259	57.97729	0
60	13	343.7921	315.8055	0
60	14	407.8671	125.549	0
60	15	356.1394	65.52103	0
60	16	434.4579	256.7905	0
60	17	380.4249	158.4996	0
60	18	361.1811	93.12161	0
60	19	530.7681	423.0923	0
60	20	508.5431	315.6385	0
60	21	533.1426	617.0011	0
60	22	559.3718	553.8806	0
60	23	409.4318	272.0352	0
60	24	330.6015	63.1713	0
60	25	551.8877	394.8408	0
60	26	447.9187	160.5856	0
60	27	473.8404	128.5775	0
60	28	467.6014	612.111	0
60	29	263.7507	58.21072	0
60	30	273.7803	105.346	0
60	31	572.4929	458.1093	0
60	32	218.5468	-31.17944	0
60	33	319.1277	14.53018	0
60	34	397.3699	403.9719	0
60	35	624.6882	557.9017	0
60	36	464.176	407.9223	0
60	37	409.6527	318.6039	0
60	38	598.7264	426.2968	0
60	39	338.4557	110.3134	0
60	40	385.9014	17.1333	0
61	1	413.1733	356.6175	0
61	2	426.1597	97.95291	0
61	3	387.6176	357.3846	0
61	4	341.562	267.3849	0
61	5	536.2954	500.1016	0
61	6	501.9589	262.1473	0
61	7	480.3035	364.1239	0
61	8	545.6501	367.4058	0
61	9	421.0808	69.53595	0
61	10	504.7134	456.0594	0
61	11	284.3477	-26.52734	0
61	12	289.259	57.97729	0
61	13	343.7921	315.8055	0
61	14	407.8671	125.549	0
61	15	356.1394	65.52103	0
61	16	434.4579	256.7905	0
61	17	380.4249	158.4996	0
61	18	361.1811	93.12161	0
61	19	530.7681	423.0923	0
61	20	508.5431	315.6385	0
61	21	533.1426	617.0011	0
61	22	559.3718	553.8806	0
61	23	409.4318	272.0352	0
61	24	330.6015	63.1713	0
61	25	551.8877	394.8408	0
61	26	447.9187	160.5856	0
61	27	473.8404	128.5775	0
61	28	467.6014	612.111	0
61	29	263.7507	58.21072	0
61	30	273.7803	105.346	0
61	31	572.4929	458.1093	0
61	32	218.5468	-31.17944	0
61	33	319.1277	14.53018	0
61	34	397.3699	403.9719	0
61	35	624.6882	557.9017	0
61	36	464.176	407.9223	0
61	37	409.6527	318.6039	0
61	38	598.7264	426.2968	0
61	39	338.4557	110.3134	0
61	40	385.9014	17.1333	0
61	41	454.4995	361.9975	0
62	1	413.1733	356.6175	0
62	2	426.1597	97.95291	0
62	3	387.6176	357.3846	0
62	4	341.562	267.3849	0
62	5	536.2954	500.1016	0
62	6	501.9589	262.1473	0
62	7	480.3035	364.1239	0
62	8	545.6501	367.4058	0
62	9	421.0808	69.53595	0
62	10	504.7134	456.0594	0
62	11	284.3477	-26.52734	0
62	12	289.259	57.97729	0
62	13	343.7921	315.8055	0
62	14	407.8671	125.549	0
62	15	356.1394	65.52103	0
62	16	434.4579	256.7905	0
62	17	380.4249	158.4996	0
62	18	361.1811	93.12161	0
62	19	530.7681	423.0923	0
62	20	508.5431	315.6385	0
62	21	533.1426	617.0011	0
62	22	559.3718	553.8806	0
62	23	409.4318	272.0352	0
62	24	330.6015	63.1713	0
62	25	551.8877	394.8408	0
62	26	447.9187	160.5856	0
62	27	473.8404	128.5775	0
62	28	467.6014	612.111	0
62	29	263.7507	58.21072	0
62	30	273.7803	105.346	0
62	31	572.4929	458.1093	0
62	32	218.5468	-31.17944	0
62	33	319.1277	14.53018	0
62	34	397.3699	403.9719	0
62	35	624.6882	557.9017	0
62	36	464.176	407.9223	0
62	37	409.6527	318.6039	0
62	38	598.7264	426.2968	0
62	39	338.4557	110.3134	0
62	40	385.9014	17.1333	0
62	41	454.4995	361.9975	0
62	42	485.9404	392.3636	0
63	1	413.1733	356.6175	0
63	2	426.1597	97.95291	0
63	3	387.6176	357.3846	0
63	4	341.562	267.3849	0
63	5	536.2954	500.1016	0
63	6	501.9589	262.1473	0
63	7	480.3035	364.1239	0
63	8	545.6501	367.4058	0
63	9	421.0808	69.53595	0
63	10	504.7134	456.0594	0
63	11	284.3477	-26.52734	0
63	12	289.259	57.97729	0
63	13	343.7921	315.8055	0
63	14	407.8671	125.549	0
63	15	356.1394	65.52103	0
63	16	434.4579	256.7905	0
63	17	380.4249	158.4996	0
63	18	361.1811	93.12161	0
63	19	530.7681	423.0923	0
63	20	508.5431	315.6385	0
63	21	533.1426	617.0011	0
63	22	559.3718	553.8806	0
63	23	409.4318	272.0352	0
63	24	330.6015	63.1713	0
63	25	551.8877	394.8408	0
63	26	447.9187	160.5856	0
63	27	473.8404	128.5775	0
63	28	467.6014	612.111	0
63	29	263.7507	58.21072	0
63	30	273.7803	105.346	0
63	31	572.4929	458.1093	0
63	32	218.5468	-31.17944	0
63	33	319.1277	14.53018	0
63	34	397.3699	403.9719	0
63	35	624.6882	557.9017	0
63	36	464.176	407.9223	0
63	37	409.6527	318.6039	0
63	38	598.7264	426.2968	0
63	39	338.4557	110.3134	0
63	40	385.9014	17.1333	0
63	41	454.4995	361.9975	0
63	42	485.9404	392.3636	0
63	43	443.8598	310.9328	0
64	1	413.1733	356.6175	0
64	2	426.1597	97.95291	0
64	3	387.6176	357.3846	0
64	4	341.562	267.3849	0
64	5	536.2954	500.1016	0
64	6	501.9589	262.1473	0
64	7	480.3035	364.1239	0
64	8	545.6501	367.4058	0
64	9	421.0808	69.53595	0
64	10	504.7134	456.0594	0
64	11	284.3477	-26.52734	0
64	12	289.259	57.97729	0
64	13	343.7921	315.8055	0
64	14	407.8671	125.549	0
64	15	356.1394	65.52103	0
64	16	434.4579	256.7905	0
64	17	380.4249	158.4996	0
64	18	361.1811	93.12161	0
64	19	530.7681	423.0923	0
64	20	508.5431	315.6385	0
64	21	533.1426	617.0011	0
64	22	559.3718	553.8806	0
64	23	409.4318	272.0352	0
64	24	330.6015	63.1713	0
64	25	551.8877	394.8408	0
64	26	447.9187	160.5856	0
64	27	473.8404	128.5775	0
64	28	467.6014	612.111	0
64	29	263.7507	58.21072	0
64	30	273.7803	105.346	0
64	31	572.4929	458.1093	0
64	32	218.5468	-31.17944	0
64	33	319.1277	14.53018	0
64	34	397.3699	403.9719	0
64	35	624.6882	557.9017	0
64	36	464.176	407.9223	0
64	37	409.6527	318.6039	0
64	38	598.7264	426.2968	0
64	39	338.4557	110.3134	0
64	40	385.9014	17.1333	0
64	41	454.4995	361.9975	0
64	42	485.9404	392.3636	0
64	43	443.8598	310.9328	0
65	1	413.1733	356.6175	0
65	2	426.1597	97.95291	0
65	3	387.6176	357.3846	0
65	4	341.562	267.3849	0
65	5	536.2954	500.1016	0
65	6	501.9589	262.1473	0
65	7	480.3035	364.1239	0
65	8	545.6501	367.4058	0
65	9	421.0808	69.53595	0
65	10	504.7134	456.0594	0
65	11	284.3477	-26.52734	0
65	12	289.259	57.97729	0
65	13	343.7921	315.8055	0
65	14	407.8671	125.549	0
65	15	356.1394	65.52103	0
65	16	434.4579	256.7905	0
65	17	380.4249	158.4996	0
65	18	361.1811	93.12161	0
65	19	530.7681	423.0923	0
65	20	508.5431	315.6385	0
65	21	533.1426	617.0011	0
65	22	559.3718	553.8806	0
65	23	409.4318	272.0352	0
65	24	330.6015	63.1713	0
65	25	551.8877	394.8408	0
65	26	447.9187	160.5856	0
65	27	473.8404	128.5775	0
65	28	467.6014	612.111	0
65	29	263.7507	58.21072	0
65	30	273.7803	105.346	0
65	31	572.4929	458.1093	0
65	32	218.5468	-31.17944	0
65	33	319.1277	14.53018	0
65	34	397.3699	403.9719	0
65	35	624.6882	557.9017	0
65	36	464.176	407.9223	0
65	37	409.6527	318.6039	0
65	38	598.7264	426.2968	0
65	39	338.4557	110.3134	0
65	40	385.9014	17.1333	0
65	41	454.4995	361.9975	0
65	42	485.9404	392.3636	0
65	43	443.8598	310.9328	0
66	1	413.1733	356.6175	0
66	2	426.1597	97.95291	0
66	3	387.6176	357.3846	0
66	4	341.562	267.3849	0
66	5	536.2954	500.1016	0
66	6	501.9589	262.1473	0
66	7	480.3035	364.1239	0
66	8	545.6501	367.4058	0
66	9	421.0808	69.53595	0
66	10	504.7134	456.0594	0
66	11	284.3477	-26.52734	0
66	12	289.259	57.97729	0
66	13	343.7921	315.8055	0
66	14	407.8671	125.549	0
66	15	356.1394	65.52103	0
66	16	434.4579	256.7905	0
66	17	380.4249	158.4996	0
66	18	361.1811	93.12161	0
66	19	530.7681	423.0923	0
66	20	508.5431	315.6385	0
66	21	533.1426	617.0011	0
66	22	559.3718	553.8806	0
66	23	409.4318	272.0352	0
66	24	330.6015	63.1713	0
66	25	551.8877	394.8408	0
66	26	447.9187	160.5856	0
66	27	473.8404	128.5775	0
66	28	467.6014	612.111	0
66	29	263.7507	58.21072	0
66	30	273.7803	105.346	0
66	31	572.4929	458.1093	0
66	32	218.5468	-31.17944	0
66	33	319.1277	14.53018	0
66	34	397.3699	403.9719	0
66	35	624.6882	557.9017	0
66	36	464.176	407.9223	0
66	37	409.6527	318.6039	0
66	38	598.7264	426.2968	0
66	39	338.4557	110.3134	0
66	40	385.9014	17.1333	0
66	41	454.4995	361.9975	0
66	42	485.9404	392.3636	0
66	43	443.8598	310.9328	0
67	1	413.1733	356.6175	0
67	2	426.1597	97.95291	0
67	3	387.6176	357.3846	0
67	4	341.562	267.3849	0
67	5	536.2954	500.1016	0
67	6	501.9589	262.1473	0
67	7	480.3035	364.1239	0
67	8	545.6501	367.4058	0
67	9	421.0808	69.53595	0
67	10	504.7134	456.0594	0
67	11	284.3477	-26.52734	0
67	12	289.259	57.97729	0
67	13	343.7921	315.8055	0
67	14	407.8671	125.549	0
67	15	356.1394	65.52103	0
67	16	434.4579	256.7905	0
67	17	380.4249	158.4996	0
67	18	361.1811	93.12161	0
67	19	530.7681	423.0923	0
67	20	508.5431	315.6385	0
67	21	533.1426	617.0011	0
67	22	559.3718	553.8806	0
67	23	409.4318	272.0352	0
67	24	330.6015	63.1713	0
67	25	551.8877	394.8408	0
67	26	447.9187	160.5856	0
67	27	473.8404	128.5775	0
67	28	467.6014	612.111	0
67	29	263.7507	58.21072	0
67	30	273.7803	105.346	0
67	31	572.4929	458.1093	0
67	32	218.5468	-31.17944	0
67	33	319.1277	14.53018	0
67	34	397.3699	403.9719	0
67	35	624.6882	557.9017	0
67	36	464.176	407.9223	0
67	37	409.6527	318.6039	0
67	38	598.7264	426.2968	0
67	39	338.4557	110.3134	0
67	40	385.9014	17.1333	0
67	41	454.4995	361.9975	0
67	42	485.9404	392.3636	0
67	43	443.8598	310.9328	0
68	1	413.1733	356.6175	0
68	2	426.1597	97.95291	0
68	3	387.6176	357.3846	0
68	4	341.562	267.3849	0
68	5	536.2954	500.1016	0
68	6	501.9589	262.1473	0
68	7	480.3035	364.1239	0
68	8	545.6501	367.4058	0
68	9	421.0808	69.53595	0
68	10	504.7134	456.0594	0
68	11	284.3477	-26.52734	0
68	12	289.259	57.97729	0
68	13	343.7921	315.8055	0
68	14	407.8671	125.549	0
68	15	356.1394	65.52103	0
68	16	434.4579	256.7905	0
68	17	380.4249	158.4996	0
68	18	361.1811	93.12161	0
68	19	530.7681	423.0923	0
68	20	508.5431	315.6385	0
68	21	533.1426	617.0011	0
68	22	559.3718	553.8806	0
68	23	409.4318	272.0352	0
68	24	330.6015	63.1713	0
68	25	551.8877	394.8408	0
68	26	447.9187	160.5856	0
68	27	473.8404	128.5775	0
68	28	467.6014	612.111	0
68	29	263.7507	58.21072	0
68	30	273.7803	105.346	0
68	31	572.4929	458.1093	0
68	32	218.5468	-31.17944	0
68	33	319.1277	14.53018	0
68	34	397.3699	403.9719	0
68	35	624.6882	557.9017	0
68	36	464.176	407.9223	0
68	37	409.6527	318.6039	0
68	38	598.7264	426.2968	0
68	39	338.4557	110.3134	0
68	40	385.9014	17.1333	0
68	41	454.4995	361.9975	0
68	42	485.9404	392.3636	0
68	43	443.8598	310.9328	0
69	1	413.1733	356.6175	0
69	2	426.1597	97.95291	0
69	3	387.6176	357.3846	0
69	4	341.562	267.3849	0
69	5	536.2954	500.1016	0
69	6	501.9589	262.1473	0
69	7	480.3035	364.1239	0
69	8	545.6501	367.4058	0
69	9	421.0808	69.53595	0
69	10	504.7134	456.0594	0
69	11	284.3477	-26.52734	0
69	12	289.259	57.97729	0
69	13	343.7921	315.8055	0
69	14	407.8671	125.549	0
69	15	356.1394	65.52103	0
69	16	434.4579	256.7905	0
69	17	380.4249	158.4996	0
69	18	361.1811	93.12161	0
69	19	530.7681	423.0923	0
69	20	508.5431	315.6385	0
69	21	533.1426	617.0011	0
69	22	559.3718	553.8806	0
69	23	409.4318	272.0352	0
69	24	330.6015	63.1713	0
69	25	551.8877	394.8408	0
69	26	447.9187	160.5856	0
69	27	473.8404	128.5775	0
69	28	467.6014	612.111	0
69	29	263.7507	58.21072	0
69	30	273.7803	105.346	0
69	31	572.4929	458.1093	0
69	32	218.5468	-31.17944	0
69	33	319.1277	14.53018	0
69	34	397.3699	403.9719	0
69	35	624.6882	557.9017	0
69	36	464.176	407.9223	0
69	37	409.6527	318.6039	0
69	38	598.7264	426.2968	0
69	39	338.4557	110.3134	0
69	40	385.9014	17.1333	0
69	41	454.4995	361.9975	0
69	42	485.9404	392.3636	0
69	43	443.8598	310.9328	0
70	1	413.1733	356.6175	0
70	2	426.1597	97.95291	0
70	3	387.6176	357.3846	0
70	4	341.562	267.3849	0
70	5	536.2954	500.1016	0
70	6	501.9589	262.1473	0
70	7	480.3035	364.1239	0
70	8	545.6501	367.4058	0
70	9	421.0808	69.53595	0
70	10	504.7134	456.0594	0
70	11	284.3477	-26.52734	0
70	12	289.259	57.97729	0
70	13	343.7921	315.8055	0
70	14	407.8671	125.549	0
70	15	356.1394	65.52103	0
70	16	434.4579	256.7905	0
70	17	380.4249	158.4996	0
70	18	361.1811	93.12161	0
70	19	530.7681	423.0923	0
70	20	508.5431	315.6385	0
70	21	533.1426	617.0011	0
70	22	559.3718	553.8806	0
70	23	409.4318	272.0352	0
70	24	330.6015	63.1713	0
70	25	551.8877	394.8408	0
70	26	447.9187	160.5856	0
70	27	473.8404	128.5775	0
70	28	467.6014	612.111	0
70	29	263.7507	58.21072	0
70	30	273.7803	105.346	0
70	31	572.4929	458.1093	0
70	32	218.5468	-31.17944	0
70	33	319.1277	14.53018	0
70	34	397.3699	403.9719	0
70	35	624.6882	557.9017	0
70	36	464.176	407.9223	0
70	37	409.6527	318.6039	0
70	38	598.7264	426.2968	0
70	39	338.4557	110.3134	0
70	40	385.9014	17.1333	0
70	41	454.4995	361.9975	0
70	42	485.9404	392.3636	0
70	43	443.8598	310.9328	0
71	1	413.1733	356.6175	0
71	2	426.1597	97.95291	0
71	3	387.6176	357.3846	0
71	4	341.562	267.3849	0
71	5	536.2954	500.1016	0
71	6	501.9589	262.1473	0
71	7	480.3035	364.1239	0
71	8	545.6501	367.4058	0
71	9	421.0808	69.53595	0
71	10	504.7134	456.0594	0
71	11	284.3477	-26.52734	0
71	12	289.259	57.97729	0
71	13	343.7921	315.8055	0
71	14	407.8671	125.549	0
71	15	356.1394	65.52103	0
71	16	434.4579	256.7905	0
71	17	380.4249	158.4996	0
71	18	361.1811	93.12161	0
71	19	530.7681	423.0923	0
71	20	508.5431	315.6385	0
71	21	533.1426	617.0011	0
71	22	559.3718	553.8806	0
71	23	409.4318	272.0352	0
71	24	330.6015	63.1713	0
71	25	551.8877	394.8408	0
71	26	447.9187	160.5856	0
71	27	473.8404	128.5775	0
71	28	467.6014	612.111	0
71	29	263.7507	58.21072	0
71	30	273.7803	105.346	0
71	31	572.4929	458.1093	0
71	32	218.5468	-31.17944	0
71	33	319.1277	14.53018	0
71	34	397.3699	403.9719	0
71	35	624.6882	557.9017	0
71	36	464.176	407.9223	0
71	37	409.6527	318.6039	0
71	38	598.7264	426.2968	0
71	39	338.4557	110.3134	0
71	40	385.9014	17.1333	0
71	41	454.4995	361.9975	0
71	42	485.9404	392.3636	0
71	43	443.8598	310.9328	0
72	1	413.1733	356.6175	0
72	2	426.1597	97.95291	0
72	3	387.6176	357.3846	0
72	4	341.562	267.3849	0
72	5	536.2954	500.1016	0
72	6	501.9589	262.1473	0
72	7	480.3035	364.1239	0
72	8	545.6501	367.4058	0
72	9	421.0808	69.53595	0
72	10	504.7134	456.0594	0
72	11	284.3477	-26.52734	0
72	12	289.259	57.97729	0
72	13	343.7921	315.8055	0
72	14	407.8671	125.549	0
72	15	356.1394	65.52103	0
72	16	434.4579	256.7905	0
72	17	380.4249	158.4996	0
72	18	361.1811	93.12161	0
72	19	530.7681	423.0923	0
72	20	508.5431	315.6385	0
72	21	533.1426	617.0011	0
72	22	559.3718	553.8806	0
72	23	409.4318	272.0352	0
72	24	330.6015	63.1713	0
72	25	551.8877	394.8408	0
72	26	447.9187	160.5856	0
72	27	473.8404	128.5775	0
72	28	467.6014	612.111	0
72	29	263.7507	58.21072	0
72	30	273.7803	105.346	0
72	31	572.4929	458.1093	0
72	32	218.5468	-31.17944	0
72	33	319.1277	14.53018	0
72	34	397.3699	403.9719	0
72	35	624.6882	557.9017	0
72	36	464.176	407.9223	0
72	37	409.6527	318.6039	0
72	38	598.7264	426.2968	0
72	39	338.4557	110.3134	0
72	40	385.9014	17.1333	0
72	41	454.4995	361.9975	0
72	42	485.9404	392.3636	0
72	43	443.8598	310.9328	0
73	1	413.1733	356.6175	0
73	2	426.1597	97.95291	0
73	3	387.6176	357.3846	0
73	4	341.562	267.3849	0
73	5	536.2954	500.1016	0
73	6	501.9589	262.1473	0
73	7	480.3035	364.1239	0
73	8	545.6501	367.4058	0
73	9	421.0808	69.53595	0
73	10	504.7134	456.0594	0
73	11	284.3477	-26.52734	0
73	12	289.259	57.97729	0
73	13	343.7921	315.8055	0
73	14	407.8671	125.549	0
73	15	356.1394	65.52103	0
73	16	434.4579	256.7905	0
73	17	380.4249	158.4996	0
73	18	361.1811	93.12161	0
73	19	530.7681	423.0923	0
73	20	508.5431	315.6385	0
73	21	533.1426	617.0011	0
73	22	559.3718	553.8806	0
73	23	409.4318	272.0352	0
73	24	330.6015	63.1713	0
73	25	551.8877	394.8408	0
73	26	447.9187	160.5856	0
73	27	473.8404	128.5775	0
73	28	467.6014	612.111	0
73	29	263.7507	58.21072	0
73	30	273.7803	105.346	0
73	31	572.4929	458.1093	0
73	32	218.5468	-31.17944	0
73	33	319.1277	14.53018	0
73	34	397.3699	403.9719	0
73	35	624.6882	557.9017	0
73	36	464.176	407.9223	0
73	37	409.6527	318.6039	0
73	38	598.7264	426.2968	0
73	39	338.4557	110.3134	0
73	40	385.9014	17.1333	0
73	41	454.4995	361.9975	0
73	42	485.9404	392.3636	0
73	43	443.8598	310.9328	0
74	1	413.1733	356.6175	0
74	2	426.1597	97.95291	0
74	3	387.6176	357.3846	0
74	4	341.562	267.3849	0
74	5	536.2954	500.1016	0
74	6	501.9589	262.1473	0
74	7	480.3035	364.1239	0
74	8	545.6501	367.4058	0
74	9	421.0808	69.53595	0
74	10	504.7134	456.0594	0
74	11	284.3477	-26.52734	0
74	12	289.259	57.97729	0
74	13	343.7921	315.8055	0
74	14	407.8671	125.549	0
74	15	356.1394	65.52103	0
74	16	434.4579	256.7905	0
74	17	380.4249	158.4996	0
74	18	361.1811	93.12161	0
74	19	530.7681	423.0923	0
74	20	508.5431	315.6385	0
74	21	533.1426	617.0011	0
74	22	559.3718	553.8806	0
74	23	409.4318	272.0352	0
74	24	330.6015	63.1713	0
74	25	551.8877	394.8408	0
74	26	447.9187	160.5856	0
74	27	473.8404	128.5775	0
74	28	467.6014	612.111	0
74	29	263.7507	58.21072	0
74	30	273.7803	105.346	0
74	31	572.4929	458.1093	0
74	32	218.5468	-31.17944	0
74	33	319.1277	14.53018	0
74	34	397.3699	403.9719	0
74	35	624.6882	557.9017	0
74	36	464.176	407.9223	0
74	37	409.6527	318.6039	0
74	38	598.7264	426.2968	0
74	39	338.4557	110.3134	0
74	40	385.9014	17.1333	0
74	41	454.4995	361.9975	0
74	42	485.9404	392.3636	0
74	43	443.8598	310.9328	0
75	1	413.1733	356.6175	0
75	2	426.1597	97.95291	0
75	3	387.6176	357.3846	0
75	4	341.562	267.3849	0
75	5	536.2954	500.1016	0
75	6	501.9589	262.1473	0
75	7	480.3035	364.1239	0
75	8	545.6501	367.4058	0
75	9	421.0808	69.53595	0
75	10	504.7134	456.0594	0
75	11	284.3477	-26.52734	0
75	12	289.259	57.97729	0
75	13	343.7921	315.8055	0
75	14	407.8671	125.549	0
75	15	356.1394	65.52103	0
75	16	434.4579	256.7905	0
75	17	380.4249	158.4996	0
75	18	361.1811	93.12161	0
75	19	530.7681	423.0923	0
75	20	508.5431	315.6385	0
75	21	533.1426	617.0011	0
75	22	559.3718	553.8806	0
75	23	409.4318	272.0352	0
75	24	330.6015	63.1713	0
75	25	551.8877	394.8408	0
75	26	447.9187	160.5856	0
75	27	473.8404	128.5775	0
75	28	467.6014	612.111	0
75	29	263.7507	58.21072	0
75	30	273.7803	105.346	0
75	31	572.4929	458.1093	0
75	32	218.5468	-31.17944	0
75	33	319.1277	14.53018	0
75	34	397.3699	403.9719	0
75	35	624.6882	557.9017	0
75	36	464.176	407.9223	0
75	37	409.6527	318.6039	0
75	38	598.7264	426.2968	0
75	39	338.4557	110.3134	0
75	40	385.9014	17.1333	0
75	41	454.4995	361.9975	0
75	42	485.9404	392.3636	0
75	43	443.8598	310.9328	0
76	1	413.1733	356.6175	0
76	2	426.1597	97.95291	0
76	3	387.6176	357.3846	0
76	4	341.562	267.3849	0
76	5	536.2954	500.1016	0
76	6	501.9589	262.1473	0
76	7	480.3035	364.1239	0
76	8	545.6501	367.4058	0
76	9	421.0808	69.53595	0
76	10	504.7134	456.0594	0
76	11	284.3477	-26.52734	0
76	12	289.259	57.97729	0
76	13	343.7921	315.8055	0
76	14	407.8671	125.549	0
76	15	356.1394	65.52103	0
76	16	434.4579	256.7905	0
76	17	380.4249	158.4996	0
76	18	361.1811	93.12161	0
76	19	530.7681	423.0923	0
76	20	508.5431	315.6385	0
76	21	533.1426	617.0011	0
76	22	559.3718	553.8806	0
76	23	409.4318	272.0352	0
76	24	330.6015	63.1713	0
76	25	551.8877	394.8408	0
76	26	447.9187	160.5856	0
76	27	473.8404	128.5775	0
76	28	467.6014	612.111	0
76	29	263.7507	58.21072	0
76	30	273.7803	105.346	0
76	31	572.4929	458.1093	0
76	32	218.5468	-31.17944	0
76	33	319.1277	14.53018	0
76	34	397.3699	403.9719	0
76	35	624.6882	557.9017	0
76	36	464.176	407.9223	0
76	37	409.6527	318.6039	0
76	38	598.7264	426.2968	0
76	39	338.4557	110.3134	0
76	40	385.9014	17.1333	0
76	41	454.4995	361.9975	0
76	42	485.9404	392.3636	0
76	43	443.8598	310.9328	0
77	1	413.1733	356.6175	0
77	2	426.1597	97.95291	0
77	3	387.6176	357.3846	0
77	4	341.562	267.3849	0
77	5	536.2954	500.1016	0
77	6	501.9589	262.1473	0
77	7	480.3035	364.1239	0
77	8	545.6501	367.4058	0
77	9	421.0808	69.53595	0
77	10	504.7134	456.0594	0
77	11	284.3477	-26.52734	0
77	12	289.259	57.97729	0
77	13	343.7921	315.8055	0
77	14	407.8671	125.549	0
77	15	356.1394	65.52103	0
77	16	434.4579	256.7905	0
77	17	380.4249	158.4996	0
77	18	361.1811	93.12161	0
77	19	530.7681	423.0923	0
77	20	508.5431	315.6385	0
77	21	533.1426	617.0011	0
77	22	559.3718	553.8806	0
77	23	409.4318	272.0352	0
77	24	330.6015	63.1713	0
77	25	551.8877	394.8408	0
77	26	447.9187	160.5856	0
77	27	473.8404	128.5775	0
77	28	467.6014	612.111	0
77	29	263.7507	58.21072	0
77	30	273.7803	105.346	0
77	31	572.4929	458.1093	0
77	32	218.5468	-31.17944	0
77	33	319.1277	14.53018	0
77	34	397.3699	403.9719	0
77	35	624.6882	557.9017	0
77	36	464.176	407.9223	0
77	37	409.6527	318.6039	0
77	38	598.7264	426.2968	0
77	39	338.4557	110.3134	0
77	40	385.9014	17.1333	0
77	41	454.4995	361.9975	0
77	42	485.9404	392.3636	0
77	43	443.8598	310.9328	0
78	1	413.1733	356.6175	0
78	2	426.1597	97.95291	0
78	3	387.6176	357.3846	0
78	4	341.562	267.3849	0
78	5	536.2954	500.1016	0
78	6	501.9589	262.1473	0
78	7	480.3035	364.1239	0
78	8	545.6501	367.4058	0
78	9	421.0808	69.53595	0
78	10	504.7134	456.0594	0
78	11	284.3477	-26.52734	0
78	12	289.259	57.97729	0
78	13	343.7921	315.8055	0
78	14	407.8671	125.549	0
78	15	356.1394	65.52103	0
78	16	434.4579	256.7905	0
78	17	380.4249	158.4996	0
78	18	361.1811	93.12161	0
78	19	530.7681	423.0923	0
78	20	508.5431	315.6385	0
78	21	533.1426	617.0011	0
78	22	559.3718	553.8806	0
78	23	409.4318	272.0352	0
78	24	330.6015	63.1713	0
78	25	551.8877	394.8408	0
78	26	447.9187	160.5856	0
78	27	473.8404	128.5775	0
78	28	467.6014	612.111	0
78	29	263.7507	58.21072	0
78	30	273.7803	105.346	0
78	31	572.4929	458.1093	0
78	32	218.5468	-31.17944	0
78	33	319.1277	14.53018	0
78	34	397.3699	403.9719	0
78	35	624.6882	557.9017	0
78	36	464.176	407.9223	0
78	37	409.6527	318.6039	0
78	38	598.7264	426.2968	0
78	39	338.4557	110.3134	0
78	40	385.9014	17.1333	0
78	41	454.4995	361.9975	0
78	42	485.9404	392.3636	0
78	43	443.8598	310.9328	0
79	1	413.1733	356.6175	0
79	2	426.1597	97.95291	0
79	3	387.6176	357.3846	0
79	4	341.562	267.3849	0
79	5	536.2954	500.1016	0
79	6	501.9589	262.1473	0
79	7	480.3035	364.1239	0
79	8	545.6501	367.4058	0
79	9	421.0808	69.53595	0
79	10	504.7134	456.0594	0
79	11	284.3477	-26.52734	0
79	12	289.259	57.97729	0
79	13	343.7921	315.8055	0
79	14	407.8671	125.549	0
79	15	356.1394	65.52103	0
79	16	434.4579	256.7905	0
79	17	380.4249	158.4996	0
79	18	361.1811	93.12161	0
79	19	530.7681	423.0923	0
79	20	508.5431	315.6385	0
79	21	533.1426	617.0011	0
79	22	559.3718	553.8806	0
79	23	409.4318	272.0352	0
79	24	330.6015	63.1713	0
79	25	551.8877	394.8408	0
79	26	447.9187	160.5856	0
79	27	473.8404	128.5775	0
79	28	467.6014	612.111	0
79	29	263.7507	58.21072	0
79	30	273.7803	105.346	0
79	31	572.4929	458.1093	0
79	32	218.5468	-31.17944	0
79	33	319.1277	14.53018	0
79	34	397.3699	403.9719	0
79	35	624.6882	557.9017	0
79	36	464.176	407.9223	0
79	37	409.6527	318.6039	0
79	38	598.7264	426.2968	0
79	39	338.4557	110.3134	0
79	40	385.9014	17.1333	0
79	41	454.4995	361.9975	0
79	42	485.9404	392.3636	0
79	43	443.8598	310.9328	0
80	1	413.1733	356.6175	0
80	2	426.1597	97.95291	0
80	3	387.6176	357.3846	0
80	4	341.562	267.3849	0
80	5	536.2954	500.1016	0
80	6	501.9589	262.1473	0
80	7	480.3035	364.1239	0
80	8	545.6501	367.4058	0
80	9	421.0808	69.53595	0
80	10	504.7134	456.0594	0
80	11	284.3477	-26.52734	0
80	12	289.259	57.97729	0
80	13	343.7921	315.8055	0
80	14	407.8671	125.549	0
80	15	356.1394	65.52103	0
80	16	434.4579	256.7905	0
80	17	380.4249	158.4996	0
80	18	361.1811	93.12161	0
80	19	530.7681	423.0923	0
80	20	508.5431	315.6385	0
80	21	533.1426	617.0011	0
80	22	559.3718	553.8806	0
80	23	409.4318	272.0352	0
80	24	330.6015	63.1713	0
80	25	551.8877	394.8408	0
80	26	447.9187	160.5856	0
80	27	473.8404	128.5775	0
80	28	467.6014	612.111	0
80	29	263.7507	58.21072	0
80	30	273.7803	105.346	0
80	31	572.4929	458.1093	0
80	32	218.5468	-31.17944	0
80	33	319.1277	14.53018	0
80	34	397.3699	403.9719	0
80	35	624.6882	557.9017	0
80	36	464.176	407.9223	0
80	37	409.6527	318.6039	0
80	38	598.7264	426.2968	0
80	39	338.4557	110.3134	0
80	40	385.9014	17.1333	0
80	41	454.4995	361.9975	0
80	42	485.9404	392.3636	0
80	43	443.8598	310.9328	0
81	1	413.1733	356.6175	0
81	2	426.1597	97.95291	0
81	3	387.6176	357.3846	0
81	4	341.562	267.3849	0
81	5	536.2954	500.1016	0
81	6	501.9589	262.1473	0
81	7	480.3035	364.1239	0
81	8	545.6501	367.4058	0
81	9	421.0808	69.53595	0
81	10	504.7134	456.0594	0
81	11	284.3477	-26.52734	0
81	12	289.259	57.97729	0
81	13	343.7921	315.8055	0
81	14	407.8671	125.549	0
81	15	356.1394	65.52103	0
81	16	434.4579	256.7905	0
81	17	380.4249	158.4996	0
81	18	361.1811	93.12161	0
81	19	530.7681	423.0923	0
81	20	508.5431	315.6385	0
81	21	533.1426	617.0011	0
81	22	559.3718	553.8806	0
81	23	409.4318	272.0352	0
81	24	330.6015	63.1713	0
81	25	551.8877	394.8408	0
81	26	447.9187	160.5856	0
81	27	473.8404	128.5775	0
81	28	467.6014	612.111	0
81	29	263.7507	58.21072	0
81	30	273.7803	105.346	0
81	31	572.4929	458.1093	0
81	32	218.5468	-31.17944	0
81	33	319.1277	14.53018	0
81	34	397.3699	403.9719	0
81	35	624.6882	557.9017	0
81	36	464.176	407.9223	0
81	37	409.6527	318.6039	0
81	38	598.7264	426.2968	0
81	39	338.4557	110.3134	0
81	40	385.9014	17.1333	0
81	41	454.4995	361.9975	0
81	42	485.9404	392.3636	0
81	43	443.8598	310.9328	0
82	1	413.1733	356.6175	0
82	2	426.1597	97.95291	0
82	3	387.6176	357.3846	0
82	4	341.562	267.3849	0
82	5	536.2954	500.1016	0
82	6	501.9589	262.1473	0
82	7	480.3035	364.1239	0
82	8	545.6501	367.4058	0
82	9	421.0808	69.53595	0
82	10	504.7134	456.0594	0
82	11	284.3477	-26.52734	0
82	12	289.259	57.97729	0
82	13	343.7921	315.8055	0
82	14	407.8671	125.549	0
82	15	356.1394	65.52103	0
82	16	434.4579	256.7905	0
82	17	380.4249	158.4996	0
82	18	361.1811	93.12161	0
82	19	530.7681	423.0923	0
82	20	508.5431	315.6385	0
82	21	533.1426	617.0011	0
82	22	559.3718	553.8806	0
82	23	409.4318	272.0352	0
82	24	330.6015	63.1713	0
82	25	551.8877	394.8408	0
82	26	447.9187	160.5856	0
82	27	473.8404	128.5775	0
82	28	467.6014	612.111	0
82	29	263.7507	58.21072	0
82	30	273.7803	105.346	0
82	31	572.4929	458.1093	0
82	32	218.5468	-31.17944	0
82	33	319.1277	14.53018	0
82	34	397.3699	403.9719	0
82	35	624.6882	557.9017	0
82	36	464.176	407.9223	0
82	37	409.6527	318.6039	0
82	38	598.7264	426.2968	0
82	39	338.4557	110.3134	0
82	40	385.9014	17.1333	0
82	41	454.4995	361.9975	0
82	42	485.9404	392.3636	0
82	43	443.8598	310.9328	0
83	1	413.1733	356.6175	0
83	2	426.1597	97.95291	0
83	3	387.6176	357.3846	0
83	4	341.562	267.3849	0
83	5	536.2954	500.1016	0
83	6	501.9589	262.1473	0
83	7	480.3035	364.1239	0
83	8	545.6501	367.4058	0
83	9	421.0808	69.53595	0
83	10	504.7134	456.0594	0
83	11	284.3477	-26.52734	0
83	12	289.259	57.97729	0
83	13	343.7921	315.8055	0
83	14	407.8671	125.549	0
83	15	356.1394	65.52103	0
83	16	434.4579	256.7905	0
83	17	380.4249	158.4996	0
83	18	361.1811	93.12161	0
83	19	530.7681	423.0923	0
83	20	508.5431	315.6385	0
83	21	533.1426	617.0011	0
83	22	559.3718	553.8806	0
83	23	409.4318	272.0352	0
83	24	330.6015	63.1713	0
83	25	551.8877	394.8408	0
83	26	447.9187	160.5856	0
83	27	473.8404	128.5775	0
83	28	467.6014	612.111	0
83	29	263.7507	58.21072	0
83	30	273.7803	105.346	0
83	31	572.4929	458.1093	0
83	32	218.5468	-31.17944	0
83	33	319.1277	14.53018	0
83	34	397.3699	403.9719	0
83	35	624.6882	557.9017	0
83	36	464.176	407.9223	0
83	37	409.6527	318.6039	0
83	38	598.7264	426.2968	0
83	39	338.4557	110.3134	0
83	40	385.9014	17.1333	0
83	41	454.4995	361.9975	0
83	42	485.9404	392.3636	0
83	43	443.8598	310.9328	0
84	1	413.1733	356.6175	0
84	2	426.1597	97.95291	0
84	3	387.6176	357.3846	0
84	4	341.562	267.3849	0
84	5	536.2954	500.1016	0
84	6	501.9589	262.1473	0
84	7	480.3035	364.1239	0
84	8	545.6501	367.4058	0
84	9	421.0808	69.53595	0
84	10	504.7134	456.0594	0
84	11	284.3477	-26.52734	0
84	12	289.259	57.97729	0
84	13	343.7921	315.8055	0
84	14	407.8671	125.549	0
84	15	356.1394	65.52103	0
84	16	434.4579	256.7905	0
84	17	380.4249	158.4996	0
84	18	361.1811	93.12161	0
84	19	530.7681	423.0923	0
84	20	508.5431	315.6385	0
84	21	533.1426	617.0011	0
84	22	559.3718	553.8806	0
84	23	409.4318	272.0352	0
84	24	330.6015	63.1713	0
84	25	551.8877	394.8408	0
84	26	447.9187	160.5856	0
84	27	473.8404	128.5775	0
84	28	467.6014	612.111	0
84	29	263.7507	58.21072	0
84	30	273.7803	105.346	0
84	31	572.4929	458.1093	0
84	32	218.5468	-31.17944	0
84	33	319.1277	14.53018	0
84	34	397.3699	403.9719	0
84	35	624.6882	557.9017	0
84	36	464.176	407.9223	0
84	37	409.6527	318.6039	0
84	38	598.7264	426.2968	0
84	39	338.4557	110.3134	0
84	40	385.9014	17.1333	0
84	41	454.4995	361.9975	0
84	42	485.9404	392.3636	0
84	43	443.8598	310.9328	0
85	1	413.1733	356.6175	0
85	2	426.1597	97.95291	0
85	3	387.6176	357.3846	0
85	4	341.562	267.3849	0
85	5	536.2954	500.1016	0
85	6	501.9589	262.1473	0
85	7	480.3035	364.1239	0
85	8	545.6501	367.4058	0
85	9	421.0808	69.53595	0
85	10	504.7134	456.0594	0
85	11	284.3477	-26.52734	0
85	12	289.259	57.97729	0
85	13	343.7921	315.8055	0
85	14	407.8671	125.549	0
85	15	356.1394	65.52103	0
85	16	434.4579	256.7905	0
85	17	380.4249	158.4996	0
85	18	361.1811	93.12161	0
85	19	530.7681	423.0923	0
85	20	508.5431	315.6385	0
85	21	533.1426	617.0011	0
85	22	559.3718	553.8806	0
85	23	409.4318	272.0352	0
85	24	330.6015	63.1713	0
85	25	551.8877	394.8408	0
85	26	447.9187	160.5856	0
85	27	473.8404	128.5775	0
85	28	467.6014	612.111	0
85	29	263.7507	58.21072	0
85	30	273.7803	105.346	0
85	31	572.4929	458.1093	0
85	32	218.5468	-31.17944	0
85	33	319.1277	14.53018	0
85	34	397.3699	403.9719	0
85	35	624.6882	557.9017	0
85	36	464.176	407.9223	0
85	37	409.6527	318.6039	0
85	38	598.7264	426.2968	0
85	39	338.4557	110.3134	0
85	40	385.9014	17.1333	0
85	41	454.4995	361.9975	0
85	42	485.9404	392.3636	0
85	43	443.8598	310.9328	0
86	1	413.1733	356.6175	0
86	2	426.1597	97.95291	0
86	3	387.6176	357.3846	0
86	4	341.562	267.3849	0
86	5	536.2954	500.1016	0
86	6	501.9589	262.1473	0
86	7	480.3035	364.1239	0
86	8	545.6501	367.4058	0
86	9	421.0808	69.53595	0
86	10	504.7134	456.0594	0
86	11	284.3477	-26.52734	0
86	12	289.259	57.97729	0
86	13	343.7921	315.8055	0
86	14	407.8671	125.549	0
86	15	356.1394	65.52103	0
86	16	434.4579	256.7905	0
86	17	380.4249	158.4996	0
86	18	361.1811	93.12161	0
86	19	530.7681	423.0923	0
86	20	508.5431	315.6385	0
86	21	533.1426	617.0011	0
86	22	559.3718	553.8806	0
86	23	409.4318	272.0352	0
86	24	330.6015	63.1713	0
86	25	551.8877	394.8408	0
86	26	447.9187	160.5856	0
86	27	473.8404	128.5775	0
86	28	467.6014	612.111	0
86	29	263.7507	58.21072	0
86	30	273.7803	105.346	0
86	31	572.4929	458.1093	0
86	32	218.5468	-31.17944	0
86	33	319.1277	14.53018	0
86	34	397.3699	403.9719	0
86	35	624.6882	557.9017	0
86	36	464.176	407.9223	0
86	37	409.6527	318.6039	0
86	38	598.7264	426.2968	0
86	39	338.4557	110.3134	0
86	40	385.9014	17.1333	0
86	41	454.4995	361.9975	0
86	42	485.9404	392.3636	0
86	43	443.8598	310.9328	0
87	1	413.1733	356.6175	0
87	2	426.1597	97.95291	0
87	3	387.6176	357.3846	0
87	4	341.562	267.3849	0
87	5	536.2954	500.1016	0
87	6	501.9589	262.1473	0
87	7	480.3035	364.1239	0
87	8	545.6501	367.4058	0
87	9	421.0808	69.53595	0
87	10	504.7134	456.0594	0
87	11	284.3477	-26.52734	0
87	12	289.259	57.97729	0
87	13	343.7921	315.8055	0
87	14	407.8671	125.549	0
87	15	356.1394	65.52103	0
87	16	434.4579	256.7905	0
87	17	380.4249	158.4996	0
87	18	361.1811	93.12161	0
87	19	530.7681	423.0923	0
87	20	508.5431	315.6385	0
87	21	533.1426	617.0011	0
87	22	559.3718	553.8806	0
87	23	409.4318	272.0352	0
87	24	330.6015	63.1713	0
87	25	551.8877	394.8408	0
87	26	447.9187	160.5856	0
87	27	473.8404	128.5775	0
87	28	467.6014	612.111	0
87	29	263.7507	58.21072	0
87	30	273.7803	105.346	0
87	31	572.4929	458.1093	0
87	32	218.5468	-31.17944	0
87	33	319.1277	14.53018	0
87	34	397.3699	403.9719	0
87	35	624.6882	557.9017	0
87	36	464.176	407.9223	0
87	37	409.6527	318.6039	0
87	38	598.7264	426.2968	0
87	39	338.4557	110.3134	0
87	40	385.9014	17.1333	0
87	41	454.4995	361.9975	0
87	42	485.9404	392.3636	0
87	43	443.8598	310.9328	0
88	1	413.1733	356.6175	0
88	2	426.1597	97.95291	0
88	3	387.6176	357.3846	0
88	4	341.562	267.3849	0
88	5	536.2954	500.1016	0
88	6	501.9589	262.1473	0
88	7	480.3035	364.1239	0
88	8	545.6501	367.4058	0
88	9	421.0808	69.53595	0
88	10	504.7134	456.0594	0
88	11	284.3477	-26.52734	0
88	12	289.259	57.97729	0
88	13	343.7921	315.8055	0
88	14	407.8671	125.549	0
88	15	356.1394	65.52103	0
88	16	434.4579	256.7905	0
88	17	380.4249	158.4996	0
88	18	361.1811	93.12161	0
88	19	530.7681	423.0923	0
88	20	508.5431	315.6385	0
88	21	533.1426	617.0011	0
88	22	559.3718	553.8806	0
88	23	409.4318	272.0352	0
88	24	330.6015	63.1713	0
88	25	551.8877	394.8408	0
88	26	447.9187	160.5856	0
88	27	473.8404	128.5775	0
88	28	467.6014	612.111	0
88	29	263.7507	58.21072	0
88	30	273.7803	105.346	0
88	31	572.4929	458.1093	0
88	32	218.5468	-31.17944	0
88	33	319.1277	14.53018	0
88	34	397.3699	403.9719	0
88	35	624.6882	557.9017	0
88	36	464.176	407.9223	0
88	37	409.6527	318.6039	0
88	38	598.7264	426.2968	0
88	39	338.4557	110.3134	0
88	40	385.9014	17.1333	0
88	41	454.4995	361.9975	0
88	42	485.9404	392.3636	0
88	43	443.8598	310.9328	0
89	1	413.1733	356.6175	0
89	2	426.1597	97.95291	0
89	3	387.6176	357.3846	0
89	4	341.562	267.3849	0
89	5	536.2954	500.1016	0
89	6	501.9589	262.1473	0
89	7	480.3035	364.1239	0
89	8	545.6501	367.4058	0
89	9	421.0808	69.53595	0
89	10	504.7134	456.0594	0
89	11	284.3477	-26.52734	0
89	12	289.259	57.97729	0
89	13	343.7921	315.8055	0
89	14	407.8671	125.549	0
89	15	356.1394	65.52103	0
89	16	434.4579	256.7905	0
89	17	380.4249	158.4996	0
89	18	361.1811	93.12161	0
89	19	530.7681	423.0923	0
89	20	508.5431	315.6385	0
89	21	533.1426	617.0011	0
89	22	559.3718	553.8806	0
89	23	409.4318	272.0352	0
89	24	330.6015	63.1713	0
89	25	551.8877	394.8408	0
89	26	447.9187	160.5856	0
89	27	473.8404	128.5775	0
89	28	467.6014	612.111	0
89	29	263.7507	58.21072	0
89	30	273.7803	105.346	0
89	31	572.4929	458.1093	0
89	32	218.5468	-31.17944	0
89	33	319.1277	14.53018	0
89	34	397.3699	403.9719	0
89	35	624.6882	557.9017	0
89	36	464.176	407.9223	0
89	37	409.6527	318.6039	0
89	38	598.7264	426.2968	0
89	39	338.4557	110.3134	0
89	40	385.9014	17.1333	0
89	41	454.4995	361.9975	0
89	42	485.9404	392.3636	0
89	43	443.8598	310.9328	0
90	1	413.1733	356.6175	0
90	2	426.1597	97.95291	0
90	3	387.6176	357.3846	0
90	4	341.562	267.3849	0
90	5	536.2954	500.1016	0
90	6	501.9589	262.1473	0
90	7	480.3035	364.1239	0
90	8	545.6501	367.4058	0
90	9	421.0808	69.53595	0
90	10	504.7134	456.0594	0
90	11	284.3477	-26.52734	0
90	12	289.259	57.97729	0
90	13	343.7921	315.8055	0
90	14	407.8671	125.549	0
90	15	356.1394	65.52103	0
90	16	434.4579	256.7905	0
90	17	380.4249	158.4996	0
90	18	361.1811	93.12161	0
90	19	530.7681	423.0923	0
90	20	508.5431	315.6385	0
90	21	533.1426	617.0011	0
90	22	559.3718	553.8806	0
90	23	409.4318	272.0352	0
90	24	330.6015	63.1713	0
90	25	551.8877	394.8408	0
90	26	447.9187	160.5856	0
90	27	473.8404	128.5775	0
90	28	467.6014	612.111	0
90	29	263.7507	58.21072	0
90	30	273.7803	105.346	0
90	31	572.4929	458.1093	0
90	32	218.5468	-31.17944	0
90	33	319.1277	14.53018	0
90	34	397.3699	403.9719	0
90	35	624.6882	557.9017	0
90	36	464.176	407.9223	0
90	37	409.6527	318.6039	0
90	38	598.7264	426.2968	0
90	39	338.4557	110.3134	0
90	40	385.9014	17.1333	0
90	41	454.4995	361.9975	0
90	42	485.9404	392.3636	0
90	43	443.8598	310.9328	0
91	1	413.1733	356.6175	0
91	2	426.1597	97.95291	0
91	3	387.6176	357.3846	0
91	4	341.562	267.3849	0
91	5	536.2954	500.1016	0
91	6	501.9589	262.1473	0
91	7	480.3035	364.1239	0
91	8	545.6501	367.4058	0
91	9	421.0808	69.53595	0
91	10	504.7134	456.0594	0
91	11	284.3477	-26.52734	0
91	12	289.259	57.97729	0
91	13	343.7921	315.8055	0
91	14	407.8671	125.549	0
91	15	356.1394	65.52103	0
91	16	434.4579	256.7905	0
91	17	380.4249	158.4996	0
91	18	361.1811	93.12161	0
91	19	530.7681	423.0923	0
91	20	508.5431	315.6385	0
91	21	533.1426	617.0011	0
91	22	559.3718	553.8806	0
91	23	409.4318	272.0352	0
91	24	330.6015	63.1713	0
91	25	551.8877	394.8408	0
91	26	447.9187	160.5856	0
91	27	473.8404	128.5775	0
91	28	467.6014	612.111	0
91	29	263.7507	58.21072	0
91	30	273.7803	105.346	0
91	31	572.4929	458.1093	0
91	32	218.5468	-31.17944	0
91	33	319.1277	14.53018	0
91	34	397.3699	403.9719	0
91	35	624.6882	557.9017	0
91	36	464.176	407.9223	0
91	37	409.6527	318.6039	0
91	38	598.7264	426.2968	0
91	39	338.4557	110.3134	0
91	40	385.9014	17.1333	0
91	41	454.4995	361.9975	0
91	42	485.9404	392.3636	0
91	43	443.8598	310.9328	0
92	1	413.1733	356.6175	0
92	2	426.1597	97.95291	0
92	3	387.6176	357.3846	0
92	4	341.562	267.3849	0
92	5	536.2954	500.1016	0
92	6	501.9589	262.1473	0
92	7	480.3035	364.1239	0
92	8	545.6501	367.4058	0
92	9	421.0808	69.53595	0
92	10	504.7134	456.0594	0
92	11	284.3477	-26.52734	0
92	12	289.259	57.97729	0
92	13	343.7921	315.8055	0
92	14	407.8671	125.549	0
92	15	356.1394	65.52103	0
92	16	434.4579	256.7905	0
92	17	380.4249	158.4996	0
92	18	361.1811	93.12161	0
92	19	530.7681	423.0923	0
92	20	508.5431	315.6385	0
92	21	533.1426	617.0011	0
92	22	559.3718	553.8806	0
92	23	409.4318	272.0352	0
92	24	330.6015	63.1713	0
92	25	551.8877	394.8408	0
92	26	447.9187	160.5856	0
92	27	473.8404	128.5775	0
92	28	467.6014	612.111	0
92	29	263.7507	58.21072	0
92	30	273.7803	105.346	0
92	31	572.4929	458.1093	0
92	32	218.5468	-31.17944	0
92	33	319.1277	14.53018	0
92	34	397.3699	403.9719	0
92	35	624.6882	557.9017	0
92	36	464.176	407.9223	0
92	37	409.6527	318.6039	0
92	38	598.7264	426.2968	0
92	39	338.4557	110.3134	0
92	40	385.9014	17.1333	0
92	41	454.4995	361.9975	0
92	42	485.9404	392.3636	0
92	43	443.8598	310.9328	0
93	1	413.1733	356.6175	0
93	2	426.1597	97.95291	0
93	3	387.6176	357.3846	0
93	4	341.562	267.3849	0
93	5	536.2954	500.1016	0
93	6	501.9589	262.1473	0
93	7	480.3035	364.1239	0
93	8	545.6501	367.4058	0
93	9	421.0808	69.53595	0
93	10	504.7134	456.0594	0
93	11	284.3477	-26.52734	0
93	12	289.259	57.97729	0
93	13	343.7921	315.8055	0
93	14	407.8671	125.549	0
93	15	356.1394	65.52103	0
93	16	434.4579	256.7905	0
93	17	380.4249	158.4996	0
93	18	361.1811	93.12161	0
93	19	530.7681	423.0923	0
93	20	508.5431	315.6385	0
93	21	533.1426	617.0011	0
93	22	559.3718	553.8806	0
93	23	409.4318	272.0352	0
93	24	330.6015	63.1713	0
93	25	551.8877	394.8408	0
93	26	447.9187	160.5856	0
93	27	473.8404	128.5775	0
93	28	467.6014	612.111	0
93	29	263.7507	58.21072	0
93	30	273.7803	105.346	0
93	31	572.4929	458.1093	0
93	32	218.5468	-31.17944	0
93	33	319.1277	14.53018	0
93	34	397.3699	403.9719	0
93	35	624.6882	557.9017	0
93	36	464.176	407.9223	0
93	37	409.6527	318.6039	0
93	38	598.7264	426.2968	0
93	39	338.4557	110.3134	0
93	40	385.9014	17.1333	0
93	41	454.4995	361.9975	0
93	42	485.9404	392.3636	0
93	43	443.8598	310.9328	0
94	1	413.1733	356.6175	0
94	2	426.1597	97.95291	0
94	3	387.6176	357.3846	0
94	4	341.562	267.3849	0
94	5	536.2954	500.1016	0
94	6	501.9589	262.1473	0
94	7	480.3035	364.1239	0
94	8	545.6501	367.4058	0
94	9	421.0808	69.53595	0
94	10	504.7134	456.0594	0
94	11	284.3477	-26.52734	0
94	12	289.259	57.97729	0
94	13	343.7921	315.8055	0
94	14	407.8671	125.549	0
94	15	356.1394	65.52103	0
94	16	434.4579	256.7905	0
94	17	380.4249	158.4996	0
94	18	361.1811	93.12161	0
94	19	530.7681	423.0923	0
94	20	508.5431	315.6385	0
94	21	533.1426	617.0011	0
94	22	559.3718	553.8806	0
94	23	409.4318	272.0352	0
94	24	330.6015	63.1713	0
94	25	551.8877	394.8408	0
94	26	447.9187	160.5856	0
94	27	473.8404	128.5775	0
94	28	467.6014	612.111	0
94	29	263.7507	58.21072	0
94	30	273.7803	105.346	0
94	31	572.4929	458.1093	0
94	32	218.5468	-31.17944	0
94	33	319.1277	14.53018	0
94	34	397.3699	403.9719	0
94	35	624.6882	557.9017	0
94	36	464.176	407.9223	0
94	37	409.6527	318.6039	0
94	38	598.7264	426.2968	0
94	39	338.4557	110.3134	0
94	40	385.9014	17.1333	0
94	41	454.4995	361.9975	0
94	42	485.9404	392.3636	0
94	43	443.8598	310.9328	0
95	1	413.1733	356.6175	0
95	2	426.1597	97.95291	0
95	3	387.6176	357.3846	0
95	4	341.562	267.3849	0
95	5	536.2954	500.1016	0
95	6	501.9589	262.1473	0
95	7	480.3035	364.1239	0
95	8	545.6501	367.4058	0
95	9	421.0808	69.53595	0
95	10	504.7134	456.0594	0
95	11	284.3477	-26.52734	0
95	12	289.259	57.97729	0
95	13	343.7921	315.8055	0
95	14	407.8671	125.549	0
95	15	356.1394	65.52103	0
95	16	434.4579	256.7905	0
95	17	380.4249	158.4996	0
95	18	361.1811	93.12161	0
95	19	530.7681	423.0923	0
95	20	508.5431	315.6385	0
95	21	533.1426	617.0011	0
95	22	559.3718	553.8806	0
95	23	409.4318	272.0352	0
95	24	330.6015	63.1713	0
95	25	551.8877	394.8408	0
95	26	447.9187	160.5856	0
95	27	473.8404	128.5775	0
95	28	467.6014	612.111	0
95	29	263.7507	58.21072	0
95	30	273.7803	105.346	0
95	31	572.4929	458.1093	0
95	32	218.5468	-31.17944	0
95	33	319.1277	14.53018	0
95	34	397.3699	403.9719	0
95	35	624.6882	557.9017	0
95	36	464.176	407.9223	0
95	37	409.6527	318.6039	0
95	38	598.7264	426.2968	0
95	39	338.4557	110.3134	0
95	40	385.9014	17.1333	0
95	41	454.4995	361.9975	0
95	42	485.9404	392.3636	0
95	43	443.8598	310.9328	0
96	1	413.1733	356.6175	0
96	2	426.1597	97.95291	0
96	3	387.6176	357.3846	0
96	4	341.562	267.3849	0
96	5	536.2954	500.1016	0
96	6	501.9589	262.1473	0
96	7	480.3035	364.1239	0
96	8	545.6501	367.4058	0
96	9	421.0808	69.53595	0
96	10	504.7134	456.0594	0
96	11	284.3477	-26.52734	0
96	12	289.259	57.97729	0
96	13	343.7921	315.8055	0
96	14	407.8671	125.549	0
96	15	356.1394	65.52103	0
96	16	434.4579	256.7905	0
96	17	380.4249	158.4996	0
96	18	361.1811	93.12161	0
96	19	530.7681	423.0923	0
96	20	508.5431	315.6385	0
96	21	533.1426	617.0011	0
96	22	559.3718	553.8806	0
96	23	409.4318	272.0352	0
96	24	330.6015	63.1713	0
96	25	551.8877	394.8408	0
96	26	447.9187	160.5856	0
96	27	473.8404	128.5775	0
96	28	467.6014	612.111	0
96	29	263.7507	58.21072	0
96	30	273.7803	105.346	0
96	31	572.4929	458.1093	0
96	32	218.5468	-31.17944	0
96	33	319.1277	14.53018	0
96	34	397.3699	403.9719	0
96	35	624.6882	557.9017	0
96	36	464.176	407.9223	0
96	37	409.6527	318.6039	0
96	38	598.7264	426.2968	0
96	39	338.4557	110.3134	0
96	40	385.9014	17.1333	0
96	41	454.4995	361.9975	0
96	42	485.9404	392.3636	0
96	43	443.8598	310.9328	0
97	1	413.1733	356.6175	0
97	2	426.1597	97.95291	0
97	3	387.6176	357.3846	0
97	4	341.562	267.3849	0
97	5	536.2954	500.1016	0
97	6	501.9589	262.1473	0
97	7	480.3035	364.1239	0
97	8	545.6501	367.4058	0
97	9	421.0808	69.53595	0
97	10	504.7134	456.0594	0
97	11	284.3477	-26.52734	0
97	12	289.259	57.97729	0
97	13	343.7921	315.8055	0
97	14	407.8671	125.549	0
97	15	356.1394	65.52103	0
97	16	434.4579	256.7905	0
97	17	380.4249	158.4996	0
97	18	361.1811	93.12161	0
97	19	530.7681	423.0923	0
97	20	508.5431	315.6385	0
97	21	533.1426	617.0011	0
97	22	559.3718	553.8806	0
97	23	409.4318	272.0352	0
97	24	330.6015	63.1713	0
97	25	551.8877	394.8408	0
97	26	447.9187	160.5856	0
97	27	473.8404	128.5775	0
97	28	467.6014	612.111	0
97	29	263.7507	58.21072	0
97	30	273.7803	105.346	0
97	31	572.4929	458.1093	0
97	32	218.5468	-31.17944	0
97	33	319.1277	14.53018	0
97	34	397.3699	403.9719	0
97	35	624.6882	557.9017	0
97	36	464.176	407.9223	0
97	37	409.6527	318.6039	0
97	38	598.7264	426.2968	0
97	39	338.4557	110.3134	0
97	40	385.9014	17.1333	0
97	41	454.4995	361.9975	0
97	42	485.9404	392.3636	0
97	43	443.8598	310.9328	0
98	1	413.1733	356.6175	0
98	2	426.1597	97.95291	0
98	3	387.6176	357.3846	0
98	4	341.562	267.3849	0
98	5	536.2954	500.1016	0
98	6	501.9589	262.1473	0
98	7	480.3035	364.1239	0
98	8	545.6501	367.4058	0
98	9	421.0808	69.53595	0
98	10	504.7134	456.0594	0
98	11	284.3477	-26.52734	0
98	12	289.259	57.97729	0
98	13	343.7921	315.8055	0
98	14	407.8671	125.549	0
98	15	356.1394	65.52103	0
98	16	434.4579	256.7905	0
98	17	380.4249	158.4996	0
98	18	361.1811	93.12161	0
98	19	530.7681	423.0923	0
98	20	508.5431	315.6385	0
98	21	533.1426	617.0011	0
98	22	559.3718	553.8806	0
98	23	409.4318	272.0352	0
98	24	330.6015	63.1713	0
98	25	551.8877	394.8408	0
98	26	447.9187	160.5856	0
98	27	473.8404	128.5775	0
98	28	467.6014	612.111	0
98	29	263.7507	58.21072	0
98	30	273.7803	105.346	0
98	31	572.4929	458.1093	0
98	32	218.5468	-31.17944	0
98	33	319.1277	14.53018	0
98	34	397.3699	403.9719	0
98	35	624.6882	557.9017	0
98	36	464.176	407.9223	0
98	37	409.6527	318.6039	0
98	38	598.7264	426.2968	0
98	39	338.4557	110.3134	0
98	40	385.9014	17.1333	0
98	41	454.4995	361.9975	0
98	42	485.9404	392.3636	0
98	43	443.8598	310.9328	0
99	1	413.1733	356.6175	0
99	2	426.1597	97.95291	0
99	3	387.6176	357.3846	0
99	4	341.562	267.3849	0
99	5	536.2954	500.1016	0
99	6	501.9589	262.1473	0
99	7	480.3035	364.1239	0
99	8	545.6501	367.4058	0
99	9	421.0808	69.53595	0
99	10	504.7134	456.0594	0
99	11	284.3477	-26.52734	0
99	12	289.259	57.97729	0
99	13	343.7921	315.8055	0
99	14	407.8671	125.549	0
99	15	356.1394	65.52103	0
99	16	434.4579	256.7905	0
99	17	380.4249	158.4996	0
99	18	361.1811	93.12161	0
99	19	530.7681	423.0923	0
99	20	508.5431	315.6385	0
99	21	533.1426	617.0011	0
99	22	559.3718	553.8806	0
99	23	409.4318	272.0352	0
99	24	330.6015	63.1713	0
99	25	551.8877	394.8408	0
99	26	447.9187	160.5856	0
99	27	473.8404	128.5775	0
99	28	467.6014	612.111	0
99	29	263.7507	58.21072	0
99	30	273.7803	105.346	0
99	31	572.4929	458.1093	0
99	32	218.5468	-31.17944	0
99	33	319.1277	14.53018	0
99	34	397.3699	403.9719	0
99	35	624.6882	557.9017	0
99	36	464.176	407.9223	0
99	37	409.6527	318.6039	0
99	38	598.7264	426.2968	0
99	39	338.4557	110.3134	0
99	40	385.9014	17.1333	0
99	41	454.4995	361.9975	0
99	42	485.9404	392.3636	0
99	43	443.8598	310.9328	0
100	1	413.1733	356.6175	0
100	2	426.1597	97.95291	0
100	3	387.6176	357.3846	0
100	4	341.562	267.3849	0
100	5	536.2954	500.1016	0
100	6	501.9589	262.1473	0
100	7	480.3035	364.1239	0
100	8	545.6501	367.4058	0
100	9	421.0808	69.53595	0
100	10	504.7134	456.0594	0
100	11	284.3477	-26.52734	0
100	12	289.259	57.97729	0
100	13	343.7921	315.8055	0
100	14	407.8671	125.549	0
100	15	356.1394	65.52103	0
100	16	434.4579	256.7905	0
100	17	380.4249	158.4996	0
100	18	361.1811	93.12161	0
100	19	530.7681	423.0923	0
100	20	508.5431	315.6385	0
100	21	533.1426	617.0011	0
100	22	559.3718	553.8806	0
100	23	409.4318	272.0352	0
100	24	330.6015	63.1713	0
100	25	551.8877	394.8408	0
100	26	447.9187	160.5856	0
100	27	473.8404	128.5775	0
100	28	467.6014	612.111	0
100	29	263.7507	58.21072	0
100	30	273.7803	105.346	0
100	31	572.4929	458.1093	0
100	32	218.5468	-31.17944	0
100	33	319.1277	14.53018	0
100	34	397.3699	403.9719	0
100	35	624.6882	557.9017	0
100	36	464.176	407.9223	0
100	37	409.6527	318.6039	0
100	38	598.7264	426.2968	0
100	39	338.4557	110.3134	0
100	40	385.9014	17.1333	0
100	41	454.4995	361.9975	0
100	42	485.9404	392.3636	0
100	43	443.8598	310.9328	0
101	1	413.1733	356.6175	0
101	2	426.1597	97.95291	0
101	3	387.6176	357.3846	0
101	4	341.562	267.3849	0
101	5	536.2954	500.1016	0
101	6	501.9589	262.1473	0
101	7	480.3035	364.1239	0
101	8	545.6501	367.4058	0
101	9	421.0808	69.53595	0
101	10	504.7134	456.0594	0
101	11	284.3477	-26.52734	0
101	12	289.259	57.97729	0
101	13	343.7921	315.8055	0
101	14	407.8671	125.549	0
101	15	356.1394	65.52103	0
101	16	434.4579	256.7905	0
101	17	380.4249	158.4996	0
101	18	361.1811	93.12161	0
101	19	530.7681	423.0923	0
101	20	508.5431	315.6385	0
101	21	533.1426	617.0011	0
101	22	559.3718	553.8806	0
101	23	409.4318	272.0352	0
101	24	330.6015	63.1713	0
101	25	551.8877	394.8408	0
101	26	447.9187	160.5856	0
101	27	473.8404	128.5775	0
101	28	467.6014	612.111	0
101	29	263.7507	58.21072	0
101	30	273.7803	105.346	0
101	31	572.4929	458.1093	0
101	32	218.5468	-31.17944	0
101	33	319.1277	14.53018	0
101	34	397.3699	403.9719	0
101	35	624.6882	557.9017	0
101	36	464.176	407.9223	0
101	37	409.6527	318.6039	0
101	38	598.7264	426.2968	0
101	39	338.4557	110.3134	0
101	40	385.9014	17.1333	0
101	41	454.4995	361.9975	0
101	42	485.9404	392.3636	0
101	43	443.8598	310.9328	0
102	1	413.1733	356.6175	0
102	2	426.1597	97.95291	0
102	3	387.6176	357.3846	0
102	4	341.562	267.3849	0
102	5	536.2954	500.1016	0
102	6	501.9589	262.1473	0
102	7	480.3035	364.1239	0
102	8	545.6501	367.4058	0
102	9	421.0808	69.53595	0
102	10	504.7134	456.0594	0
102	11	284.3477	-26.52734	0
102	12	289.259	57.97729	0
102	13	343.7921	315.8055	0
102	14	407.8671	125.549	0
102	15	356.1394	65.52103	0
102	16	434.4579	256.7905	0
102	17	380.4249	158.4996	0
102	18	361.1811	93.12161	0
102	19	530.7681	423.0923	0
102	20	508.5431	315.6385	0
102	21	533.1426	617.0011	0
102	22	559.3718	553.8806	0
102	23	409.4318	272.0352	0
102	24	330.6015	63.1713	0
102	25	551.8877	394.8408	0
102	26	447.9187	160.5856	0
102	27	473.8404	128.5775	0
102	28	467.6014	612.111	0
102	29	263.7507	58.21072	0
102	30	273.7803	105.346	0
102	31	572.4929	458.1093	0
102	32	218.5468	-31.17944	0
102	33	319.1277	14.53018	0
102	34	397.3699	403.9719	0
102	35	624.6882	557.9017	0
102	36	464.176	407.9223	0
102	37	409.6527	318.6039	0
102	38	598.7264	426.2968	0
102	39	338.4557	110.3134	0
102	40	385.9014	17.1333	0
102	41	454.4995	361.9975	0
102	42	485.9404	392.3636	0
102	43	443.8598	310.9328	0
103	1	413.1733	356.6175	0
103	2	426.1597	97.95291	0
103	3	387.6176	357.3846	0
103	4	341.562	267.3849	0
103	5	536.2954	500.1016	0
103	6	501.9589	262.1473	0
103	7	480.3035	364.1239	0
103	8	545.6501	367.4058	0
103	9	421.0808	69.53595	0
103	10	504.7134	456.0594	0
103	11	284.3477	-26.52734	0
103	12	289.259	57.97729	0
103	13	343.7921	315.8055	0
103	14	407.8671	125.549	0
103	15	356.1394	65.52103	0
103	16	434.4579	256.7905	0
103	17	380.4249	158.4996	0
103	18	361.1811	93.12161	0
103	19	530.7681	423.0923	0
103	20	508.5431	315.6385	0
103	21	533.1426	617.0011	0
103	22	559.3718	553.8806	0
103	23	409.4318	272.0352	0
103	24	330.6015	63.1713	0
103	25	551.8877	394.8408	0
103	26	447.9187	160.5856	0
103	27	473.8404	128.5775	0
103	28	467.6014	612.111	0
103	29	263.7507	58.21072	0
103	30	273.7803	105.346	0
103	31	572.4929	458.1093	0
103	32	218.5468	-31.17944	0
103	33	319.1277	14.53018	0
103	34	397.3699	403.9719	0
103	35	624.6882	557.9017	0
103	36	464.176	407.9223	0
103	37	409.6527	318.6039	0
103	38	598.7264	426.2968	0
103	39	338.4557	110.3134	0
103	40	385.9014	17.1333	0
103	41	454.4995	361.9975	0
103	42	485.9404	392.3636	0
103	43	443.8598	310.9328	0
104	1	413.1733	356.6175	0
104	2	426.1597	97.95291	0
104	3	387.6176	357.3846	0
104	4	341.562	267.3849	0
104	5	536.2954	500.1016	0
104	6	501.9589	262.1473	0
104	7	480.3035	364.1239	0
104	8	545.6501	367.4058	0
104	9	421.0808	69.53595	0
104	10	504.7134	456.0594	0
104	11	284.3477	-26.52734	0
104	12	289.259	57.97729	0
104	13	343.7921	315.8055	0
104	14	407.8671	125.549	0
104	15	356.1394	65.52103	0
104	16	434.4579	256.7905	0
104	17	380.4249	158.4996	0
104	18	361.1811	93.12161	0
104	19	530.7681	423.0923	0
104	20	508.5431	315.6385	0
104	21	533.1426	617.0011	0
104	22	559.3718	553.8806	0
104	23	409.4318	272.0352	0
104	24	330.6015	63.1713	0
104	25	551.8877	394.8408	0
104	26	447.9187	160.5856	0
104	27	473.8404	128.5775	0
104	28	467.6014	612.111	0
104	29	263.7507	58.21072	0
104	30	273.7803	105.346	0
104	31	572.4929	458.1093	0
104	32	218.5468	-31.17944	0
104	33	319.1277	14.53018	0
104	34	397.3699	403.9719	0
104	35	624.6882	557.9017	0
104	36	464.176	407.9223	0
104	37	409.6527	318.6039	0
104	38	598.7264	426.2968	0
104	39	338.4557	110.3134	0
104	40	385.9014	17.1333	0
104	41	454.4995	361.9975	0
104	42	485.9404	392.3636	0
104	43	443.8598	310.9328	0
105	1	413.1733	356.6175	0
105	2	426.1597	97.95291	0
105	3	387.6176	357.3846	0
105	4	341.562	267.3849	0
105	5	536.2954	500.1016	0
105	6	501.9589	262.1473	0
105	7	480.3035	364.1239	0
105	8	545.6501	367.4058	0
105	9	421.0808	69.53595	0
105	10	504.7134	456.0594	0
105	11	284.3477	-26.52734	0
105	12	289.259	57.97729	0
105	13	343.7921	315.8055	0
105	14	407.8671	125.549	0
105	15	356.1394	65.52103	0
105	16	434.4579	256.7905	0
105	17	380.4249	158.4996	0
105	18	361.1811	93.12161	0
105	19	530.7681	423.0923	0
105	20	508.5431	315.6385	0
105	21	533.1426	617.0011	0
105	22	559.3718	553.8806	0
105	23	409.4318	272.0352	0
105	24	330.6015	63.1713	0
105	25	551.8877	394.8408	0
105	26	447.9187	160.5856	0
105	27	473.8404	128.5775	0
105	28	467.6014	612.111	0
105	29	263.7507	58.21072	0
105	30	273.7803	105.346	0
105	31	572.4929	458.1093	0
105	32	218.5468	-31.17944	0
105	33	319.1277	14.53018	0
105	34	397.3699	403.9719	0
105	35	624.6882	557.9017	0
105	36	464.176	407.9223	0
105	37	409.6527	318.6039	0
105	38	598.7264	426.2968	0
105	39	338.4557	110.3134	0
105	40	385.9014	17.1333	0
105	41	454.4995	361.9975	0
105	42	485.9404	392.3636	0
105	43	443.8598	310.9328	0
106	1	413.1733	356.6175	0
106	2	426.1597	97.95291	0
106	3	387.6176	357.3846	0
106	4	341.562	267.3849	0
106	5	536.2954	500.1016	0
106	6	501.9589	262.1473	0
106	7	480.3035	364.1239	0
106	8	545.6501	367.4058	0
106	9	421.0808	69.53595	0
106	10	504.7134	456.0594	0
106	11	284.3477	-26.52734	0
106	12	289.259	57.97729	0
106	13	343.7921	315.8055	0
106	14	407.8671	125.549	0
106	15	356.1394	65.52103	0
106	16	434.4579	256.7905	0
106	17	380.4249	158.4996	0
106	18	361.1811	93.12161	0
106	19	530.7681	423.0923	0
106	20	508.5431	315.6385	0
106	21	533.1426	617.0011	0
106	22	559.3718	553.8806	0
106	23	409.4318	272.0352	0
106	24	330.6015	63.1713	0
106	25	551.8877	394.8408	0
106	26	447.9187	160.5856	0
106	27	473.8404	128.5775	0
106	28	467.6014	612.111	0
106	29	263.7507	58.21072	0
106	30	273.7803	105.346	0
106	31	572.4929	458.1093	0
106	32	218.5468	-31.17944	0
106	33	319.1277	14.53018	0
106	34	397.3699	403.9719	0
106	35	624.6882	557.9017	0
106	36	464.176	407.9223	0
106	37	409.6527	318.6039	0
106	38	598.7264	426.2968	0
106	39	338.4557	110.3134	0
106	40	385.9014	17.1333	0
106	41	454.4995	361.9975	0
106	42	485.9404	392.3636	0
106	43	443.8598	310.9328	0
17	1	412.1197	355.6865	0
18	1	412.1197	355.6865	0
18	2	426.8165	97.87445	0
19	1	412.1197	355.6865	0
19	2	426.8165	97.87445	0
19	3	387.8951	356.9964	0
20	1	412.1197	355.6865	0
20	2	426.8165	97.87445	0
20	3	387.8951	356.9964	0
20	4	343.3526	266.0776	0
21	1	412.1197	355.6865	0
21	2	426.8165	97.87445	0
21	3	387.8951	356.9964	0
21	4	343.3526	266.0776	0
21	5	536.6569	499.6161	0
22	1	412.1197	355.6865	0
22	2	426.8165	97.87445	0
22	3	387.8951	356.9964	0
22	4	343.3526	266.0776	0
22	5	536.6569	499.6161	0
22	6	500.387	261.0667	0
23	1	412.1197	355.6865	0
23	2	426.8165	97.87445	0
23	3	387.8951	356.9964	0
23	4	343.3526	266.0776	0
23	5	536.6569	499.6161	0
23	6	500.387	261.0667	0
23	7	479.6665	365.1299	0
24	1	412.1197	355.6865	0
24	2	426.8165	97.87445	0
24	3	387.8951	356.9964	0
24	4	343.3526	266.0776	0
24	5	536.6569	499.6161	0
24	6	500.387	261.0667	0
24	7	479.6665	365.1299	0
24	8	545.3698	367.6497	0
25	1	412.1197	355.6865	0
25	2	426.8165	97.87445	0
25	3	387.8951	356.9964	0
25	4	343.3526	266.0776	0
25	5	536.6569	499.6161	0
25	6	500.387	261.0667	0
25	7	479.6665	365.1299	0
25	8	545.3698	367.6497	0
25	9	420.6038	71.34091	0
26	1	412.1197	355.6865	0
26	2	426.8165	97.87445	0
26	3	387.8951	356.9964	0
26	4	343.3526	266.0776	0
26	5	536.6569	499.6161	0
26	6	500.387	261.0667	0
26	7	479.6665	365.1299	0
26	8	545.3698	367.6497	0
26	9	420.6038	71.34091	0
27	1	412.1197	355.6865	0
27	2	426.8165	97.87445	0
27	3	387.8951	356.9964	0
27	4	343.3526	266.0776	0
27	5	536.6569	499.6161	0
27	6	500.387	261.0667	0
27	7	479.6665	365.1299	0
27	8	545.3698	367.6497	0
27	9	420.6038	71.34091	0
27	10	504.8302	454.9792	0
28	1	412.1197	355.6865	0
28	2	426.8165	97.87445	0
28	3	387.8951	356.9964	0
28	4	343.3526	266.0776	0
28	5	536.6569	499.6161	0
28	6	500.387	261.0667	0
28	7	479.6665	365.1299	0
28	8	545.3698	367.6497	0
28	9	420.6038	71.34091	0
28	10	504.8302	454.9792	0
28	11	285.5097	-27.17407	0
29	1	412.1197	355.6865	0
29	2	426.8165	97.87445	0
29	3	387.8951	356.9964	0
29	4	343.3526	266.0776	0
29	5	536.6569	499.6161	0
29	6	500.387	261.0667	0
29	7	479.6665	365.1299	0
29	8	545.3698	367.6497	0
29	9	420.6038	71.34091	0
29	10	504.8302	454.9792	0
29	11	285.5097	-27.17407	0
29	12	289.1456	58.72079	0
30	1	412.1197	355.6865	0
30	2	426.8165	97.87445	0
30	3	387.8951	356.9964	0
30	4	343.3526	266.0776	0
30	5	536.6569	499.6161	0
30	6	500.387	261.0667	0
30	7	479.6665	365.1299	0
30	8	545.3698	367.6497	0
30	9	420.6038	71.34091	0
30	10	504.8302	454.9792	0
30	11	285.5097	-27.17407	0
30	12	289.1456	58.72079	0
30	13	343.9829	316.0464	0
31	1	412.1197	355.6865	0
31	2	426.8165	97.87445	0
31	3	387.8951	356.9964	0
31	4	343.3526	266.0776	0
31	5	536.6569	499.6161	0
31	6	500.387	261.0667	0
31	7	479.6665	365.1299	0
31	8	545.3698	367.6497	0
31	9	420.6038	71.34091	0
31	10	504.8302	454.9792	0
31	11	285.5097	-27.17407	0
31	12	289.1456	58.72079	0
31	13	343.9829	316.0464	0
31	14	406.427	125.0794	0
32	1	412.1197	355.6865	0
32	2	426.8165	97.87445	0
32	3	387.8951	356.9964	0
32	4	343.3526	266.0776	0
32	5	536.6569	499.6161	0
32	6	500.387	261.0667	0
32	7	479.6665	365.1299	0
32	8	545.3698	367.6497	0
32	9	420.6038	71.34091	0
32	10	504.8302	454.9792	0
32	11	285.5097	-27.17407	0
32	12	289.1456	58.72079	0
32	13	343.9829	316.0464	0
32	14	406.427	125.0794	0
32	15	354.7711	66.22281	0
33	1	412.1197	355.6865	0
33	2	426.8165	97.87445	0
33	3	387.8951	356.9964	0
33	4	343.3526	266.0776	0
33	5	536.6569	499.6161	0
33	6	500.387	261.0667	0
33	7	479.6665	365.1299	0
33	8	545.3698	367.6497	0
33	9	420.6038	71.34091	0
33	10	504.8302	454.9792	0
33	11	285.5097	-27.17407	0
33	12	289.1456	58.72079	0
33	13	343.9829	316.0464	0
33	14	406.427	125.0794	0
33	15	354.7711	66.22281	0
33	16	434.3018	258.6415	0
34	1	412.1197	355.6865	0
34	2	426.8165	97.87445	0
34	3	387.8951	356.9964	0
34	4	343.3526	266.0776	0
34	5	536.6569	499.6161	0
34	6	500.387	261.0667	0
34	7	479.6665	365.1299	0
34	8	545.3698	367.6497	0
34	9	420.6038	71.34091	0
34	10	504.8302	454.9792	0
34	11	285.5097	-27.17407	0
34	12	289.1456	58.72079	0
34	13	343.9829	316.0464	0
34	14	406.427	125.0794	0
34	15	354.7711	66.22281	0
34	16	434.3018	258.6415	0
34	17	380.7621	157.0875	0
35	1	412.1197	355.6865	0
35	2	426.8165	97.87445	0
35	3	387.8951	356.9964	0
35	4	343.3526	266.0776	0
35	5	536.6569	499.6161	0
35	6	500.387	261.0667	0
35	7	479.6665	365.1299	0
35	8	545.3698	367.6497	0
35	9	420.6038	71.34091	0
35	10	504.8302	454.9792	0
35	11	285.5097	-27.17407	0
35	12	289.1456	58.72079	0
35	13	343.9829	316.0464	0
35	14	406.427	125.0794	0
35	15	354.7711	66.22281	0
35	16	434.3018	258.6415	0
35	17	380.7621	157.0875	0
35	18	361.4073	93.7341	0
36	1	412.1197	355.6865	0
36	2	426.8165	97.87445	0
36	3	387.8951	356.9964	0
36	4	343.3526	266.0776	0
36	5	536.6569	499.6161	0
36	6	500.387	261.0667	0
36	7	479.6665	365.1299	0
36	8	545.3698	367.6497	0
36	9	420.6038	71.34091	0
36	10	504.8302	454.9792	0
36	11	285.5097	-27.17407	0
36	12	289.1456	58.72079	0
36	13	343.9829	316.0464	0
36	14	406.427	125.0794	0
36	15	354.7711	66.22281	0
36	16	434.3018	258.6415	0
36	17	380.7621	157.0875	0
36	18	361.4073	93.7341	0
37	1	412.1197	355.6865	0
37	2	426.8165	97.87445	0
37	3	387.8951	356.9964	0
37	4	343.3526	266.0776	0
37	5	536.6569	499.6161	0
37	6	500.387	261.0667	0
37	7	479.6665	365.1299	0
37	8	545.3698	367.6497	0
37	9	420.6038	71.34091	0
37	10	504.8302	454.9792	0
37	11	285.5097	-27.17407	0
37	12	289.1456	58.72079	0
37	13	343.9829	316.0464	0
37	14	406.427	125.0794	0
37	15	354.7711	66.22281	0
37	16	434.3018	258.6415	0
37	17	380.7621	157.0875	0
37	18	361.4073	93.7341	0
37	19	531.7551	422.4433	0
38	1	412.1197	355.6865	0
38	2	426.8165	97.87445	0
38	3	387.8951	356.9964	0
38	4	343.3526	266.0776	0
38	5	536.6569	499.6161	0
38	6	500.387	261.0667	0
38	7	479.6665	365.1299	0
38	8	545.3698	367.6497	0
38	9	420.6038	71.34091	0
38	10	504.8302	454.9792	0
38	11	285.5097	-27.17407	0
38	12	289.1456	58.72079	0
38	13	343.9829	316.0464	0
38	14	406.427	125.0794	0
38	15	354.7711	66.22281	0
38	16	434.3018	258.6415	0
38	17	380.7621	157.0875	0
38	18	361.4073	93.7341	0
38	19	531.7551	422.4433	0
38	20	509.2274	315.7984	0
39	1	412.1197	355.6865	0
39	2	426.8165	97.87445	0
39	3	387.8951	356.9964	0
39	4	343.3526	266.0776	0
39	5	536.6569	499.6161	0
39	6	500.387	261.0667	0
39	7	479.6665	365.1299	0
39	8	545.3698	367.6497	0
39	9	420.6038	71.34091	0
39	10	504.8302	454.9792	0
39	11	285.5097	-27.17407	0
39	12	289.1456	58.72079	0
39	13	343.9829	316.0464	0
39	14	406.427	125.0794	0
39	15	354.7711	66.22281	0
39	16	434.3018	258.6415	0
39	17	380.7621	157.0875	0
39	18	361.4073	93.7341	0
39	19	531.7551	422.4433	0
39	20	509.2274	315.7984	0
39	21	533.85	616.6425	0
40	1	412.1197	355.6865	0
40	2	426.8165	97.87445	0
40	3	387.8951	356.9964	0
40	4	343.3526	266.0776	0
40	5	536.6569	499.6161	0
40	6	500.387	261.0667	0
40	7	479.6665	365.1299	0
40	8	545.3698	367.6497	0
40	9	420.6038	71.34091	0
40	10	504.8302	454.9792	0
40	11	285.5097	-27.17407	0
40	12	289.1456	58.72079	0
40	13	343.9829	316.0464	0
40	14	406.427	125.0794	0
40	15	354.7711	66.22281	0
40	16	434.3018	258.6415	0
40	17	380.7621	157.0875	0
40	18	361.4073	93.7341	0
40	19	531.7551	422.4433	0
40	20	509.2274	315.7984	0
40	21	533.85	616.6425	0
40	22	558.0744	555.3999	0
41	1	412.1197	355.6865	0
41	2	426.8165	97.87445	0
41	3	387.8951	356.9964	0
41	4	343.3526	266.0776	0
41	5	536.6569	499.6161	0
41	6	500.387	261.0667	0
41	7	479.6665	365.1299	0
41	8	545.3698	367.6497	0
41	9	420.6038	71.34091	0
41	10	504.8302	454.9792	0
41	11	285.5097	-27.17407	0
41	12	289.1456	58.72079	0
41	13	343.9829	316.0464	0
41	14	406.427	125.0794	0
41	15	354.7711	66.22281	0
41	16	434.3018	258.6415	0
41	17	380.7621	157.0875	0
41	18	361.4073	93.7341	0
41	19	531.7551	422.4433	0
41	20	509.2274	315.7984	0
41	21	533.85	616.6425	0
41	22	558.0744	555.3999	0
41	23	408.2336	271.598	0
42	1	412.1197	355.6865	0
42	2	426.8165	97.87445	0
42	3	387.8951	356.9964	0
42	4	343.3526	266.0776	0
42	5	536.6569	499.6161	0
42	6	500.387	261.0667	0
42	7	479.6665	365.1299	0
42	8	545.3698	367.6497	0
42	9	420.6038	71.34091	0
42	10	504.8302	454.9792	0
42	11	285.5097	-27.17407	0
42	12	289.1456	58.72079	0
42	13	343.9829	316.0464	0
42	14	406.427	125.0794	0
42	15	354.7711	66.22281	0
42	16	434.3018	258.6415	0
42	17	380.7621	157.0875	0
42	18	361.4073	93.7341	0
42	19	531.7551	422.4433	0
42	20	509.2274	315.7984	0
42	21	533.85	616.6425	0
42	22	558.0744	555.3999	0
42	23	408.2336	271.598	0
42	24	330.6811	62.52209	0
43	1	412.1197	355.6865	0
43	2	426.8165	97.87445	0
43	3	387.8951	356.9964	0
43	4	343.3526	266.0776	0
43	5	536.6569	499.6161	0
43	6	500.387	261.0667	0
43	7	479.6665	365.1299	0
43	8	545.3698	367.6497	0
43	9	420.6038	71.34091	0
43	10	504.8302	454.9792	0
43	11	285.5097	-27.17407	0
43	12	289.1456	58.72079	0
43	13	343.9829	316.0464	0
43	14	406.427	125.0794	0
43	15	354.7711	66.22281	0
43	16	434.3018	258.6415	0
43	17	380.7621	157.0875	0
43	18	361.4073	93.7341	0
43	19	531.7551	422.4433	0
43	20	509.2274	315.7984	0
43	21	533.85	616.6425	0
43	22	558.0744	555.3999	0
43	23	408.2336	271.598	0
43	24	330.6811	62.52209	0
43	25	551.8283	395.5895	0
44	1	412.1197	355.6865	0
44	2	426.8165	97.87445	0
44	3	387.8951	356.9964	0
44	4	343.3526	266.0776	0
44	5	536.6569	499.6161	0
44	6	500.387	261.0667	0
44	7	479.6665	365.1299	0
44	8	545.3698	367.6497	0
44	9	420.6038	71.34091	0
44	10	504.8302	454.9792	0
44	11	285.5097	-27.17407	0
44	12	289.1456	58.72079	0
44	13	343.9829	316.0464	0
44	14	406.427	125.0794	0
44	15	354.7711	66.22281	0
44	16	434.3018	258.6415	0
44	17	380.7621	157.0875	0
44	18	361.4073	93.7341	0
44	19	531.7551	422.4433	0
44	20	509.2274	315.7984	0
44	21	533.85	616.6425	0
44	22	558.0744	555.3999	0
44	23	408.2336	271.598	0
44	24	330.6811	62.52209	0
44	25	551.8283	395.5895	0
44	26	446.3745	160.4626	0
45	1	412.1197	355.6865	0
45	2	426.8165	97.87445	0
45	3	387.8951	356.9964	0
45	4	343.3526	266.0776	0
45	5	536.6569	499.6161	0
45	6	500.387	261.0667	0
45	7	479.6665	365.1299	0
45	8	545.3698	367.6497	0
45	9	420.6038	71.34091	0
45	10	504.8302	454.9792	0
45	11	285.5097	-27.17407	0
45	12	289.1456	58.72079	0
45	13	343.9829	316.0464	0
45	14	406.427	125.0794	0
45	15	354.7711	66.22281	0
45	16	434.3018	258.6415	0
45	17	380.7621	157.0875	0
45	18	361.4073	93.7341	0
45	19	531.7551	422.4433	0
45	20	509.2274	315.7984	0
45	21	533.85	616.6425	0
45	22	558.0744	555.3999	0
45	23	408.2336	271.598	0
45	24	330.6811	62.52209	0
45	25	551.8283	395.5895	0
45	26	446.3745	160.4626	0
45	27	474.2833	130.6908	0
46	1	412.1197	355.6865	0
46	2	426.8165	97.87445	0
46	3	387.8951	356.9964	0
46	4	343.3526	266.0776	0
46	5	536.6569	499.6161	0
46	6	500.387	261.0667	0
46	7	479.6665	365.1299	0
46	8	545.3698	367.6497	0
46	9	420.6038	71.34091	0
46	10	504.8302	454.9792	0
46	11	285.5097	-27.17407	0
46	12	289.1456	58.72079	0
46	13	343.9829	316.0464	0
46	14	406.427	125.0794	0
46	15	354.7711	66.22281	0
46	16	434.3018	258.6415	0
46	17	380.7621	157.0875	0
46	18	361.4073	93.7341	0
46	19	531.7551	422.4433	0
46	20	509.2274	315.7984	0
46	21	533.85	616.6425	0
46	22	558.0744	555.3999	0
46	23	408.2336	271.598	0
46	24	330.6811	62.52209	0
46	25	551.8283	395.5895	0
46	26	446.3745	160.4626	0
46	27	474.2833	130.6908	0
47	1	412.1197	355.6865	0
47	2	426.8165	97.87445	0
47	3	387.8951	356.9964	0
47	4	343.3526	266.0776	0
47	5	536.6569	499.6161	0
47	6	500.387	261.0667	0
47	7	479.6665	365.1299	0
47	8	545.3698	367.6497	0
47	9	420.6038	71.34091	0
47	10	504.8302	454.9792	0
47	11	285.5097	-27.17407	0
47	12	289.1456	58.72079	0
47	13	343.9829	316.0464	0
47	14	406.427	125.0794	0
47	15	354.7711	66.22281	0
47	16	434.3018	258.6415	0
47	17	380.7621	157.0875	0
47	18	361.4073	93.7341	0
47	19	531.7551	422.4433	0
47	20	509.2274	315.7984	0
47	21	533.85	616.6425	0
47	22	558.0744	555.3999	0
47	23	408.2336	271.598	0
47	24	330.6811	62.52209	0
47	25	551.8283	395.5895	0
47	26	446.3745	160.4626	0
47	27	474.2833	130.6908	0
47	28	467.2925	613.666	0
48	1	412.1197	355.6865	0
48	2	426.8165	97.87445	0
48	3	387.8951	356.9964	0
48	4	343.3526	266.0776	0
48	5	536.6569	499.6161	0
48	6	500.387	261.0667	0
48	7	479.6665	365.1299	0
48	8	545.3698	367.6497	0
48	9	420.6038	71.34091	0
48	10	504.8302	454.9792	0
48	11	285.5097	-27.17407	0
48	12	289.1456	58.72079	0
48	13	343.9829	316.0464	0
48	14	406.427	125.0794	0
48	15	354.7711	66.22281	0
48	16	434.3018	258.6415	0
48	17	380.7621	157.0875	0
48	18	361.4073	93.7341	0
48	19	531.7551	422.4433	0
48	20	509.2274	315.7984	0
48	21	533.85	616.6425	0
48	22	558.0744	555.3999	0
48	23	408.2336	271.598	0
48	24	330.6811	62.52209	0
48	25	551.8283	395.5895	0
48	26	446.3745	160.4626	0
48	27	474.2833	130.6908	0
48	28	467.2925	613.666	0
48	29	263.9783	59.38934	0
49	1	412.1197	355.6865	0
49	2	426.8165	97.87445	0
49	3	387.8951	356.9964	0
49	4	343.3526	266.0776	0
49	5	536.6569	499.6161	0
49	6	500.387	261.0667	0
49	7	479.6665	365.1299	0
49	8	545.3698	367.6497	0
49	9	420.6038	71.34091	0
49	10	504.8302	454.9792	0
49	11	285.5097	-27.17407	0
49	12	289.1456	58.72079	0
49	13	343.9829	316.0464	0
49	14	406.427	125.0794	0
49	15	354.7711	66.22281	0
49	16	434.3018	258.6415	0
49	17	380.7621	157.0875	0
49	18	361.4073	93.7341	0
49	19	531.7551	422.4433	0
49	20	509.2274	315.7984	0
49	21	533.85	616.6425	0
49	22	558.0744	555.3999	0
49	23	408.2336	271.598	0
49	24	330.6811	62.52209	0
49	25	551.8283	395.5895	0
49	26	446.3745	160.4626	0
49	27	474.2833	130.6908	0
49	28	467.2925	613.666	0
49	29	263.9783	59.38934	0
49	30	273.3033	105.6217	0
50	1	412.1197	355.6865	0
50	2	426.8165	97.87445	0
50	3	387.8951	356.9964	0
50	4	343.3526	266.0776	0
50	5	536.6569	499.6161	0
50	6	500.387	261.0667	0
50	7	479.6665	365.1299	0
50	8	545.3698	367.6497	0
50	9	420.6038	71.34091	0
50	10	504.8302	454.9792	0
50	11	285.5097	-27.17407	0
50	12	289.1456	58.72079	0
50	13	343.9829	316.0464	0
50	14	406.427	125.0794	0
50	15	354.7711	66.22281	0
50	16	434.3018	258.6415	0
50	17	380.7621	157.0875	0
50	18	361.4073	93.7341	0
50	19	531.7551	422.4433	0
50	20	509.2274	315.7984	0
50	21	533.85	616.6425	0
50	22	558.0744	555.3999	0
50	23	408.2336	271.598	0
50	24	330.6811	62.52209	0
50	25	551.8283	395.5895	0
50	26	446.3745	160.4626	0
50	27	474.2833	130.6908	0
50	28	467.2925	613.666	0
50	29	263.9783	59.38934	0
50	30	273.3033	105.6217	0
50	31	571.7885	457.968	0
51	1	412.1197	355.6865	0
51	2	426.8165	97.87445	0
51	3	387.8951	356.9964	0
51	4	343.3526	266.0776	0
51	5	536.6569	499.6161	0
51	6	500.387	261.0667	0
51	7	479.6665	365.1299	0
51	8	545.3698	367.6497	0
51	9	420.6038	71.34091	0
51	10	504.8302	454.9792	0
51	11	285.5097	-27.17407	0
51	12	289.1456	58.72079	0
51	13	343.9829	316.0464	0
51	14	406.427	125.0794	0
51	15	354.7711	66.22281	0
51	16	434.3018	258.6415	0
51	17	380.7621	157.0875	0
51	18	361.4073	93.7341	0
51	19	531.7551	422.4433	0
51	20	509.2274	315.7984	0
51	21	533.85	616.6425	0
51	22	558.0744	555.3999	0
51	23	408.2336	271.598	0
51	24	330.6811	62.52209	0
51	25	551.8283	395.5895	0
51	26	446.3745	160.4626	0
51	27	474.2833	130.6908	0
51	28	467.2925	613.666	0
51	29	263.9783	59.38934	0
51	30	273.3033	105.6217	0
51	31	571.7885	457.968	0
51	32	217.9551	-30.93701	0
52	1	412.1197	355.6865	0
52	2	426.8165	97.87445	0
52	3	387.8951	356.9964	0
52	4	343.3526	266.0776	0
52	5	536.6569	499.6161	0
52	6	500.387	261.0667	0
52	7	479.6665	365.1299	0
52	8	545.3698	367.6497	0
52	9	420.6038	71.34091	0
52	10	504.8302	454.9792	0
52	11	285.5097	-27.17407	0
52	12	289.1456	58.72079	0
52	13	343.9829	316.0464	0
52	14	406.427	125.0794	0
52	15	354.7711	66.22281	0
52	16	434.3018	258.6415	0
52	17	380.7621	157.0875	0
52	18	361.4073	93.7341	0
52	19	531.7551	422.4433	0
52	20	509.2274	315.7984	0
52	21	533.85	616.6425	0
52	22	558.0744	555.3999	0
52	23	408.2336	271.598	0
52	24	330.6811	62.52209	0
52	25	551.8283	395.5895	0
52	26	446.3745	160.4626	0
52	27	474.2833	130.6908	0
52	28	467.2925	613.666	0
52	29	263.9783	59.38934	0
52	30	273.3033	105.6217	0
52	31	571.7885	457.968	0
52	32	217.9551	-30.93701	0
52	33	318.9712	13.69012	0
53	1	412.1197	355.6865	0
53	2	426.8165	97.87445	0
53	3	387.8951	356.9964	0
53	4	343.3526	266.0776	0
53	5	536.6569	499.6161	0
53	6	500.387	261.0667	0
53	7	479.6665	365.1299	0
53	8	545.3698	367.6497	0
53	9	420.6038	71.34091	0
53	10	504.8302	454.9792	0
53	11	285.5097	-27.17407	0
53	12	289.1456	58.72079	0
53	13	343.9829	316.0464	0
53	14	406.427	125.0794	0
53	15	354.7711	66.22281	0
53	16	434.3018	258.6415	0
53	17	380.7621	157.0875	0
53	18	361.4073	93.7341	0
53	19	531.7551	422.4433	0
53	20	509.2274	315.7984	0
53	21	533.85	616.6425	0
53	22	558.0744	555.3999	0
53	23	408.2336	271.598	0
53	24	330.6811	62.52209	0
53	25	551.8283	395.5895	0
53	26	446.3745	160.4626	0
53	27	474.2833	130.6908	0
53	28	467.2925	613.666	0
53	29	263.9783	59.38934	0
53	30	273.3033	105.6217	0
53	31	571.7885	457.968	0
53	32	217.9551	-30.93701	0
53	33	318.9712	13.69012	0
53	34	397.7011	403.9185	0
54	1	412.1197	355.6865	0
54	2	426.8165	97.87445	0
54	3	387.8951	356.9964	0
54	4	343.3526	266.0776	0
54	5	536.6569	499.6161	0
54	6	500.387	261.0667	0
54	7	479.6665	365.1299	0
54	8	545.3698	367.6497	0
54	9	420.6038	71.34091	0
54	10	504.8302	454.9792	0
54	11	285.5097	-27.17407	0
54	12	289.1456	58.72079	0
54	13	343.9829	316.0464	0
54	14	406.427	125.0794	0
54	15	354.7711	66.22281	0
54	16	434.3018	258.6415	0
54	17	380.7621	157.0875	0
54	18	361.4073	93.7341	0
54	19	531.7551	422.4433	0
54	20	509.2274	315.7984	0
54	21	533.85	616.6425	0
54	22	558.0744	555.3999	0
54	23	408.2336	271.598	0
54	24	330.6811	62.52209	0
54	25	551.8283	395.5895	0
54	26	446.3745	160.4626	0
54	27	474.2833	130.6908	0
54	28	467.2925	613.666	0
54	29	263.9783	59.38934	0
54	30	273.3033	105.6217	0
54	31	571.7885	457.968	0
54	32	217.9551	-30.93701	0
54	33	318.9712	13.69012	0
54	34	397.7011	403.9185	0
54	35	626.4136	559.3125	0
55	1	412.1197	355.6865	0
55	2	426.8165	97.87445	0
55	3	387.8951	356.9964	0
55	4	343.3526	266.0776	0
55	5	536.6569	499.6161	0
55	6	500.387	261.0667	0
55	7	479.6665	365.1299	0
55	8	545.3698	367.6497	0
55	9	420.6038	71.34091	0
55	10	504.8302	454.9792	0
55	11	285.5097	-27.17407	0
55	12	289.1456	58.72079	0
55	13	343.9829	316.0464	0
55	14	406.427	125.0794	0
55	15	354.7711	66.22281	0
55	16	434.3018	258.6415	0
55	17	380.7621	157.0875	0
55	18	361.4073	93.7341	0
55	19	531.7551	422.4433	0
55	20	509.2274	315.7984	0
55	21	533.85	616.6425	0
55	22	558.0744	555.3999	0
55	23	408.2336	271.598	0
55	24	330.6811	62.52209	0
55	25	551.8283	395.5895	0
55	26	446.3745	160.4626	0
55	27	474.2833	130.6908	0
55	28	467.2925	613.666	0
55	29	263.9783	59.38934	0
55	30	273.3033	105.6217	0
55	31	571.7885	457.968	0
55	32	217.9551	-30.93701	0
55	33	318.9712	13.69012	0
55	34	397.7011	403.9185	0
55	35	626.4136	559.3125	0
55	36	464.4272	408.3275	0
56	1	412.1197	355.6865	0
56	2	426.8165	97.87445	0
56	3	387.8951	356.9964	0
56	4	343.3526	266.0776	0
56	5	536.6569	499.6161	0
56	6	500.387	261.0667	0
56	7	479.6665	365.1299	0
56	8	545.3698	367.6497	0
56	9	420.6038	71.34091	0
56	10	504.8302	454.9792	0
56	11	285.5097	-27.17407	0
56	12	289.1456	58.72079	0
56	13	343.9829	316.0464	0
56	14	406.427	125.0794	0
56	15	354.7711	66.22281	0
56	16	434.3018	258.6415	0
56	17	380.7621	157.0875	0
56	18	361.4073	93.7341	0
56	19	531.7551	422.4433	0
56	20	509.2274	315.7984	0
56	21	533.85	616.6425	0
56	22	558.0744	555.3999	0
56	23	408.2336	271.598	0
56	24	330.6811	62.52209	0
56	25	551.8283	395.5895	0
56	26	446.3745	160.4626	0
56	27	474.2833	130.6908	0
56	28	467.2925	613.666	0
56	29	263.9783	59.38934	0
56	30	273.3033	105.6217	0
56	31	571.7885	457.968	0
56	32	217.9551	-30.93701	0
56	33	318.9712	13.69012	0
56	34	397.7011	403.9185	0
56	35	626.4136	559.3125	0
56	36	464.4272	408.3275	0
